# x =
 5.65887533E+01
# y =
 3.25097170E+00
 VARIABLES = u,v
 1.11379256E+00  1.95010420E-01
 1.11210564E+00  1.86628906E-01
 1.15522074E+00  1.43141150E-01
 1.21941560E+00  7.98807308E-02
 1.25204038E+00  2.60681782E-02
 1.22303082E+00 -2.42119402E-04
 1.13489840E+00 -6.52813338E-04
 1.01350188E+00  1.16089173E-02
 9.12816180E-01  9.72141543E-03
 8.64222436E-01 -2.12415774E-02
 8.64544612E-01 -7.54341780E-02
 8.96390810E-01 -1.35339153E-01
 9.21106769E-01 -1.69991062E-01
 9.21404732E-01 -1.61425587E-01
 9.16509056E-01 -1.14103315E-01
 9.39876968E-01 -4.50188374E-02
 1.02332586E+00  1.39836057E-02
 1.11768571E+00  4.23286205E-02
 1.13614709E+00  4.03965159E-02
 1.11931813E+00  1.91069716E-02
 1.15038289E+00  3.16069730E-03
 1.18614737E+00  7.17053579E-03
 1.16541439E+00  2.74928790E-02
 1.12829184E+00  5.50513853E-02
 1.12021663E+00  7.13094271E-02
 1.12876639E+00  6.68189414E-02
 1.14289069E+00  4.81153844E-02
 1.16639690E+00  2.32892125E-02
 1.18768430E+00  5.86988672E-03
 1.19200074E+00  3.89350052E-03
 1.17710249E+00  1.30720948E-02
 1.15261545E+00  2.81482428E-02
 1.13643416E+00  4.05179944E-02
 1.13803337E+00  4.37867445E-02
 1.15646090E+00  3.94288765E-02
 1.18462421E+00  3.00492142E-02
 1.20638340E+00  2.04491174E-02
 1.21208454E+00  1.39998678E-02
 1.20179247E+00  9.50209765E-03
 1.17580945E+00  6.20055726E-03
 1.13957127E+00  2.76585405E-03
 1.09782810E+00 -1.04532371E-03
 1.05248551E+00 -2.83966681E-03
 1.01386544E+00 -2.13296172E-03
 9.95491077E-01  5.51650612E-04
 1.00688978E+00  4.74502908E-03
 1.05237299E+00  8.70604899E-03
 1.11944592E+00  1.18004412E-02
 1.18234984E+00  1.44975400E-02
 1.22268031E+00  1.63566175E-02
 1.23189220E+00  1.70274512E-02
 1.21650910E+00  1.64731076E-02
 1.19890491E+00  1.44309495E-02
 1.19042867E+00  1.13887762E-02
 1.18940053E+00  8.53636658E-03
 1.18864901E+00  7.04695101E-03
 1.17102340E+00  8.30301008E-03
 1.13123607E+00  1.36954962E-02
 1.08029650E+00  2.40820715E-02
 1.03158154E+00  3.95678189E-02
 1.00478059E+00  5.93213192E-02
 1.01232681E+00  8.15685988E-02
 1.05101728E+00  1.03332665E-01
 1.11046141E+00  1.20024464E-01
 1.17145455E+00  1.26115987E-01
 1.21709177E+00  1.16495230E-01
 1.23966350E+00  8.76270285E-02
 1.23609372E+00  3.95119331E-02
 1.21059592E+00 -2.36725822E-02
 1.16580300E+00 -9.48697248E-02
 1.10213022E+00 -1.62735601E-01
 1.02913424E+00 -2.09700579E-01
 9.60284981E-01 -2.16663709E-01
 9.10259066E-01 -1.71300190E-01
 8.93586700E-01 -7.50023425E-02
 9.10045959E-01  4.57812160E-02
 9.47253501E-01  1.46368518E-01
 9.95786536E-01  1.93230579E-01
 1.04624462E+00  1.72836150E-01
 1.09020590E+00  1.02926745E-01
 1.12490814E+00  3.08491010E-02
 1.14298138E+00 -1.33137237E-02
 1.13742389E+00 -2.21601422E-02
 1.11686536E+00 -3.17824522E-03
 1.09772700E+00  1.31601558E-02
 1.09354951E+00  1.44130009E-02
 1.11348823E+00  9.99560579E-03
 1.14923079E+00  2.27634275E-03
 1.17754722E+00 -5.41794049E-04
 1.18575344E+00  1.90520010E-03
 1.17087162E+00 -4.65350379E-03
 1.13630358E+00 -1.96902574E-02
 1.09722973E+00 -3.53285616E-02
 1.06112271E+00 -4.62226088E-02
 1.02725802E+00 -4.08412600E-02
 1.00232119E+00 -1.27377857E-02
 9.92189922E-01  3.50240166E-02
 1.00257361E+00  9.61251102E-02
 1.04039667E+00  1.50790764E-01
 1.09779611E+00  1.54998589E-01
 1.15653321E+00  7.84102297E-02
 1.20271989E+00 -1.91125004E-02
 1.22535608E+00 -4.36589909E-02
 1.22250010E+00 -1.62895556E-02
 1.20346834E+00 -9.21029949E-03
 1.17259009E+00 -1.70236817E-02
 1.13166419E+00 -2.11348684E-02
 1.08824661E+00 -1.28258901E-02
 1.04933851E+00  4.02620638E-02
 1.02503691E+00  1.14940192E-01
 1.02706692E+00  1.49613761E-01
 1.05433842E+00  1.53242819E-01
 1.09670298E+00  1.56296851E-01
 1.14495450E+00  1.39822536E-01
 1.18776711E+00  9.15784399E-02
 1.21515106E+00  3.70850557E-02
 1.22215268E+00  9.66435675E-04
 1.20196058E+00 -7.32343878E-03
 1.15200184E+00  1.14209709E-02
 1.08664476E+00  2.72607144E-02
 1.02945581E+00  8.90574904E-03
 9.99680837E-01  1.30910506E-02
 1.00813838E+00  1.11098804E-01
 1.04374192E+00  2.01831526E-01
 1.07666298E+00  1.44575570E-01
 1.08906259E+00  3.38161722E-02
 1.07623666E+00  2.47899072E-02
 1.04390917E+00  4.13901684E-02
 1.01354012E+00 -2.97980663E-02
 9.95043127E-01 -1.03341337E-01
 9.85311142E-01 -8.28812232E-02
 9.86447398E-01 -2.48081406E-02
 9.96313698E-01  2.73678550E-03
 1.01567305E+00  1.13120595E-02
 1.05113407E+00  9.99505497E-03
 1.09486820E+00 -1.07601281E-02
 1.13109842E+00 -3.55872636E-02
 1.14862667E+00 -5.12499721E-02
 1.13813430E+00 -6.01870344E-02
 1.10270241E+00 -5.89480718E-02
 1.05831428E+00 -4.47353734E-02
 1.01555689E+00 -1.39588364E-02
 9.82039796E-01  3.92649566E-02
 9.66619166E-01  1.04336133E-01
 9.72653000E-01  1.60263327E-01
 1.00475930E+00  1.92043147E-01
 1.06553112E+00  1.89411009E-01
 1.13983774E+00  1.56249642E-01
 1.20268120E+00  1.11414966E-01
 1.23396688E+00  6.63437417E-02
 1.22122304E+00  2.63202230E-02
 1.17320608E+00 -3.48379816E-03
 1.11793954E+00 -2.46804000E-02
 1.07356229E+00 -3.40756078E-02
 1.04829003E+00 -2.47613426E-02
 1.04409597E+00 -2.65174210E-03
 1.04990219E+00  2.07396601E-02
 1.06325785E+00  3.59207878E-02
 1.08920583E+00  3.48528585E-02
 1.11940870E+00  2.37928926E-02
 1.14298542E+00  2.04256360E-02
 1.15056264E+00  3.26672065E-02
 1.13425945E+00  5.91985456E-02
 1.10932500E+00  8.91549511E-02
 1.10440904E+00  1.00230749E-01
 1.12706530E+00  8.11323582E-02
 1.15900662E+00  3.47812381E-02
 1.14278480E+00 -2.90211442E-02
 1.01688366E+00 -8.97734161E-02
 8.36097158E-01 -1.33134658E-01
 7.18079855E-01 -1.56446159E-01
 6.76388755E-01 -1.60052308E-01
 6.80459313E-01 -1.51313673E-01
 7.31991114E-01 -1.34432870E-01
 8.02185240E-01 -1.07093191E-01
 8.65661436E-01 -7.12868845E-02
 9.33240447E-01 -2.95968463E-02
 1.00345964E+00  1.27830904E-02
 1.06901531E+00  4.61457284E-02
 1.11283888E+00  6.68618310E-02
 1.11256741E+00  7.56256884E-02
 1.10663953E+00  7.24751745E-02
 1.15238045E+00  6.01940153E-02
 1.21725597E+00  4.17608726E-02
 1.23707553E+00  1.90231652E-02
 1.21926029E+00 -3.03189694E-03
 1.18746526E+00 -1.89901661E-02
 1.13506344E+00 -2.75307875E-02
 1.06995972E+00 -2.94047849E-02
 1.00595198E+00 -2.56784259E-02
 9.42439977E-01 -1.86108599E-02
 8.87482280E-01 -9.97669035E-03
 8.54409112E-01 -7.37114434E-04
 8.51087931E-01  6.03150410E-03
 8.82499291E-01  7.00804116E-03
 9.38654552E-01  2.33960272E-03
 9.96757222E-01 -5.77671474E-03
 1.04023949E+00 -1.43671359E-02
 1.05977809E+00 -1.89520353E-02
 1.05815992E+00 -1.52464689E-02
 1.05234667E+00 -3.17278071E-04
 1.05216966E+00  2.78840850E-02
 1.06012539E+00  6.74022684E-02
 1.07909870E+00  1.07502189E-01
 1.10553770E+00  1.32504845E-01
 1.13932038E+00  1.31349697E-01
 1.18247351E+00  1.01396747E-01
 1.22118152E+00  5.52989860E-02
 1.23507220E+00  1.83950426E-02
 1.21160026E+00  7.73860073E-03
 1.14855137E+00  2.86431004E-02
 1.07094989E+00  7.38211466E-02
 1.02409955E+00  1.21197414E-01
 1.03394897E+00  1.56928451E-01
 1.10046644E+00  1.77595576E-01
 1.19000233E+00  1.79972421E-01
 1.23865524E+00  1.67959469E-01
 1.21234726E+00  1.41455989E-01
 1.12101038E+00  9.56086733E-02
 1.01713247E+00  3.90282645E-02
 9.74431914E-01 -1.35144984E-02
 9.68060701E-01 -4.93306525E-02
 9.21554198E-01 -5.69280132E-02
 8.80556449E-01 -4.03000276E-02
 9.15428070E-01 -1.67855872E-02
 9.71255392E-01  3.59979427E-03
 9.83517183E-01  1.62596988E-02
 9.88384905E-01  2.15171371E-02
 1.03057696E+00  2.86346145E-02
 1.08573662E+00  3.85956649E-02
 1.12432883E+00  4.45453649E-02
 1.15318382E+00  4.39719712E-02
 1.17428158E+00  3.32888790E-02
 1.18017155E+00  1.25035685E-02
 1.17505542E+00 -1.14433147E-02
 1.16286622E+00 -3.47498001E-02
 1.14313915E+00 -5.47223862E-02
 1.11953023E+00 -6.70334093E-02
 1.09541187E+00 -7.01512906E-02
 1.07070639E+00 -6.39721013E-02
 1.04516198E+00 -4.88970558E-02
 1.01981579E+00 -2.69410896E-02
 9.97686537E-01 -3.84966460E-04
 9.86428735E-01  2.92665415E-02
 9.95759672E-01  6.04690835E-02
 1.02832663E+00  8.97310131E-02
 1.07734006E+00  1.12129445E-01
 1.12465806E+00  1.22682771E-01
 1.14368759E+00  1.16603031E-01
 1.11735688E+00  9.17219455E-02
 1.04539654E+00  5.00750802E-02
 9.49568931E-01 -1.94458145E-03
 8.70714389E-01 -5.42489367E-02
 8.37466752E-01 -9.72123255E-02
 8.57786879E-01 -1.24210932E-01
 9.16962493E-01 -1.33922030E-01
 9.76395994E-01 -1.30295866E-01
 1.01309062E+00 -1.15742832E-01
 1.02568215E+00 -9.11294233E-02
 1.02203061E+00 -5.80494902E-02
 1.02674030E+00 -1.72086481E-02
 1.05038736E+00  2.65826128E-02
 1.08403069E+00  6.46974224E-02
 1.12355940E+00  9.10632147E-02
 1.15844295E+00  1.00882259E-01
 1.17806892E+00  9.12836513E-02
 1.17603138E+00  6.44247278E-02
 1.12491654E+00  2.61428102E-02
 1.01214388E+00 -1.48205380E-02
 9.14855730E-01 -4.84605187E-02
 9.24396066E-01 -6.67586631E-02
 9.78319370E-01 -6.70435227E-02
 9.59965259E-01 -5.16824479E-02
 9.16440714E-01 -2.29166786E-02
 9.38435230E-01  1.59292767E-02
 9.89352989E-01  5.77880143E-02
 1.02550576E+00  9.46588771E-02
 1.07164865E+00  1.17129950E-01
 1.13374202E+00  1.17257374E-01
 1.18613516E+00  9.77576014E-02
 1.21441405E+00  6.91494322E-02
 1.21655983E+00  4.00105061E-02
 1.19405223E+00  1.74896031E-02
 1.15642406E+00  4.47602560E-03
 1.12201065E+00 -2.31394417E-03
 1.10594751E+00 -2.02958866E-03
 1.11392778E+00  7.52892727E-03
 1.13822831E+00  2.07991414E-02
 1.15914432E+00  3.00451606E-02
 1.16409279E+00  2.81009439E-02
 1.15013557E+00  9.64758210E-03
 1.12068705E+00 -1.76770334E-02
 1.08898002E+00 -3.69366267E-02
 1.06116266E+00 -3.83013424E-02
 1.03533791E+00 -1.92392763E-02
 1.01507530E+00  1.29487042E-02
 1.00289913E+00  3.99591932E-02
 1.00275781E+00  5.18306256E-02
 1.02177806E+00  4.85500534E-02
 1.05607441E+00  3.36772473E-02
 1.09445498E+00  1.85844802E-02
 1.12871684E+00  9.68582064E-03
 1.15110759E+00  5.65722431E-03
 1.15928557E+00  7.77269931E-03
 1.15817294E+00  1.54670998E-02
 1.14921972E+00  2.93281058E-02
 1.13304702E+00  5.33161183E-02
 1.11569776E+00  8.48449325E-02
 1.10343853E+00  1.16711885E-01
 1.10231680E+00  1.40784300E-01
 1.11620452E+00  1.45254938E-01
 1.13629158E+00  1.18428081E-01
 1.14536634E+00  5.39998904E-02
 1.13223896E+00 -4.39429423E-02
 1.09300665E+00 -1.51397285E-01
 1.03615559E+00 -2.12293126E-01
 9.82687285E-01 -1.76612014E-01
 9.45749510E-01 -9.02750619E-02
 9.29406455E-01 -4.43206118E-02
 9.33692702E-01 -3.01817550E-02
 9.49735692E-01 -1.33906397E-03
 9.73360905E-01  2.12230249E-02
 1.00604974E+00  2.38644302E-02
 1.04179942E+00  3.44188006E-02
 1.07340684E+00  6.07135777E-02
 1.09352716E+00  7.58277126E-02
 1.09394345E+00  5.50409886E-02
 1.07890317E+00  2.19229184E-02
 1.06154326E+00  1.39313777E-02
 1.04980073E+00  6.64538864E-03
 1.04737872E+00 -2.79050665E-02
 1.04918417E+00 -2.17473700E-02
 1.04010968E+00  8.76631753E-02
 1.01196360E+00  1.87277716E-01
 9.63069740E-01  1.23058606E-01
 8.92034776E-01 -4.48924248E-02
 8.04278208E-01 -1.69006999E-01
 7.07184239E-01 -2.18856158E-01
 6.11973444E-01 -1.90602969E-01
 5.48219502E-01 -1.14842099E-01
 5.35056554E-01 -9.47315811E-02
 5.22093679E-01 -1.18893843E-01
 4.47398519E-01 -1.01140157E-01
 3.74219578E-01 -6.94115260E-02
 4.07593827E-01 -6.66421018E-02
 5.11373073E-01 -6.38851280E-02
 6.00557569E-01 -4.68624894E-02
 6.71378135E-01 -2.31871548E-02
 7.14098849E-01  1.46612693E-02
 6.83112156E-01  7.48341181E-02
 5.83495560E-01  1.47812718E-01
 5.03674100E-01  1.90251878E-01
 5.37019438E-01  1.67370172E-01
 6.41500264E-01  1.55145932E-01
 7.07660160E-01  2.54891698E-01
 7.40431403E-01  3.82199995E-01
 7.75880623E-01  3.91613949E-01
 7.82454806E-01  3.32918870E-01
 7.52292229E-01  3.07150887E-01
 7.12789804E-01  2.78119201E-01
 6.70017431E-01  2.11751614E-01
 6.05837288E-01  1.57416217E-01
 5.02964929E-01  1.45035539E-01
 3.87363145E-01  1.60170167E-01
 3.02613538E-01  1.89969346E-01
 2.45347854E-01  2.29425950E-01
 2.19106000E-01  2.59171163E-01
 3.21828980E-01  2.34674022E-01
 6.22139794E-01  1.41556563E-01
 9.35180940E-01  9.36476668E-02
 9.99873406E-01  2.09255359E-01
 8.67624090E-01  3.19393043E-01
 7.32807128E-01  1.77053070E-01
 6.22934070E-01 -5.84253948E-02
 5.49173652E-01 -1.04130664E-01
 5.19544608E-01 -6.34715233E-02
 4.60245153E-01 -1.06411753E-01
 4.42842882E-01 -1.07667528E-01
 5.86774691E-01  1.89448655E-02
 7.08471510E-01  5.01542419E-02
 5.84422384E-01 -2.08019007E-01
 4.19573845E-01 -5.16621943E-01
 5.18849370E-01 -5.24979916E-01
 7.40535423E-01 -3.28586913E-01
 8.26437898E-01 -1.73603586E-01
 8.46032656E-01 -2.99420110E-02
 8.93301614E-01  1.23770698E-01
 8.83175418E-01  1.73418505E-01
 7.93443973E-01  1.05595018E-01
 7.19696658E-01  2.05528709E-02
 7.28623416E-01  1.27892661E-02
 7.85560147E-01  7.73300176E-02
 8.33430250E-01  1.45574993E-01
 9.16786545E-01  1.90810598E-01
 1.06879185E+00  1.91835354E-01
 1.11927367E+00  1.42926194E-01
 8.96310262E-01  8.86991874E-02
 5.78114815E-01  3.70094300E-02
 4.52204986E-01 -2.88232675E-02
 4.48478824E-01 -9.08575068E-02
 3.84604467E-01 -1.40928057E-01
 3.21956584E-01 -1.95070460E-01
 3.20567572E-01 -2.57947947E-01
 3.10884694E-01 -3.03319412E-01
 2.76905005E-01 -3.01182512E-01
 2.56963904E-01 -2.74147619E-01
 2.66153652E-01 -2.61498480E-01
 2.94222260E-01 -2.40839282E-01
 3.21091040E-01 -1.75399695E-01
 3.36624555E-01 -8.39526868E-02
 3.42940807E-01 -1.63806261E-03
 3.75467260E-01  4.50543076E-02
 4.83830965E-01  3.34740715E-02
 6.43436930E-01  5.43273562E-03
 7.79597764E-01  3.14140163E-02
 8.44100210E-01  6.88463512E-02
 8.16398381E-01  3.63585952E-02
 7.67926130E-01 -1.95194325E-02
 8.14114904E-01 -2.41321527E-02
 8.83471333E-01 -6.43552913E-03
 8.34933967E-01 -4.90412659E-03
 7.58725412E-01  3.09768918E-04
 7.98438641E-01  2.07771927E-02
 8.92482537E-01  4.33173123E-02
 9.50399428E-01  6.47368006E-02
 1.00128898E+00  8.58120027E-02
 1.06399000E+00  1.01294761E-01
 1.10498775E+00  1.09649286E-01
 1.11475422E+00  1.13119730E-01
 1.10079148E+00  1.13278176E-01
 1.07009400E+00  1.11828788E-01
 1.06082649E+00  1.07964935E-01
 1.11107571E+00  9.84160019E-02
 1.17532784E+00  8.28880298E-02
 1.18021832E+00  6.27296018E-02
 1.16041940E+00  3.82935657E-02
 1.17948586E+00  1.12823056E-02
 1.18226853E+00 -1.57198950E-02
 1.10755395E+00 -3.88602538E-02
 1.03786424E+00 -4.88852107E-02
 1.06482146E+00 -3.44555514E-02
 1.10711381E+00  9.64950885E-03
 1.05541463E+00  7.97786164E-02
 9.95579940E-01  1.58062340E-01
 1.05075343E+00  2.15829177E-01
 1.15177803E+00  2.32968007E-01
 1.18525827E+00  2.03935274E-01
 1.15157028E+00  1.43403963E-01
 1.07416871E+00  8.48126757E-02
 1.00642125E+00  5.00603994E-02
 1.02990722E+00  4.37821642E-02
 1.04696912E+00  5.56973911E-02
 8.95215488E-01  5.87420045E-02
 7.07466264E-01  4.37929012E-02
 7.10850260E-01  2.63111742E-02
 8.47014373E-01  3.40255027E-02
 9.74334265E-01  9.05524535E-02
 1.07545190E+00  1.42385992E-01
 1.11198025E+00  1.10134194E-01
 1.06357150E+00  5.25950722E-02
 1.01155088E+00  7.61772223E-02
 1.02477502E+00  1.44303630E-01
 1.12306795E+00  1.76139116E-01
 1.23288147E+00  1.61842000E-01
 1.21996883E+00  9.73173281E-02
 1.11496921E+00  1.39284805E-02
 1.04336532E+00 -9.25002602E-03
 1.01602289E+00  1.88623588E-02
 1.01964020E+00  3.40926431E-02
 1.03883378E+00  3.36050730E-02
 1.00817956E+00  2.72966509E-02
 9.55694566E-01  2.97593549E-02
 9.64574147E-01  8.22890857E-02
 9.88681676E-01  1.65147478E-01
 9.62240257E-01  2.18215754E-01
 9.60774720E-01  2.40795464E-01
 1.05310478E+00  2.44070639E-01
 1.11696983E+00  1.99778992E-01
 1.01161288E+00  9.67736448E-02
 8.51710544E-01 -2.92115398E-02
 8.24195329E-01 -1.30771808E-01
 8.77420013E-01 -1.78843071E-01
 9.00873238E-01 -1.60526719E-01
 9.36222729E-01 -9.15355424E-02
 1.01177440E+00 -1.75498903E-02
 1.06908952E+00  3.28420480E-02
 1.08165978E+00  5.40402309E-02
 1.07396699E+00  5.45097829E-02
 1.07023566E+00  6.39844317E-02
 1.07176880E+00  9.25115108E-02
 1.07424110E+00  1.25063444E-01
 1.08323352E+00  1.48054550E-01
 1.09930201E+00  1.40629817E-01
 1.12301672E+00  9.78648982E-02
 1.15765914E+00  4.32596101E-02
 1.18554688E+00  7.79886669E-03
 1.17700811E+00  1.10807619E-02
 1.11474998E+00  1.44915117E-03
 9.95415432E-01 -9.43309752E-02
 8.44832582E-01 -2.07658684E-01
 7.14845250E-01 -2.17878172E-01
 6.40718785E-01 -1.57040484E-01
 6.35854296E-01 -1.07516711E-01
 6.90798731E-01 -7.12146037E-02
 7.68051005E-01 -4.69287517E-02
 8.45615826E-01 -1.68605060E-02
 9.21410709E-01  7.09802532E-02
 9.94247640E-01  1.68697243E-01
 1.07463947E+00  1.81014745E-01
 1.15896024E+00  1.39286745E-01
 1.22466237E+00  1.12442510E-01
 1.25989399E+00  7.91704868E-02
 1.25548049E+00  1.89333022E-02
 1.20905425E+00 -3.00429877E-02
 1.13578923E+00 -4.28783308E-02
 1.05277187E+00 -3.59175145E-02
 9.78688838E-01 -2.84820487E-02
 9.33845371E-01 -2.10851140E-02
 9.28104074E-01 -6.41543918E-03
 9.56406107E-01  3.36625861E-02
 1.00234874E+00  1.13027938E-01
 1.05039684E+00  1.73393197E-01
 1.08907964E+00  1.35798107E-01
 1.11221121E+00  4.74569331E-02
 1.12155830E+00  2.50456162E-03
 1.11326390E+00 -2.55282059E-02
 1.08185342E+00 -8.87678516E-02
 1.03690142E+00 -1.48777448E-01
 9.94010230E-01 -1.67945273E-01
 9.66553375E-01 -1.59166259E-01
 9.63152536E-01 -1.29589995E-01
 9.68595780E-01 -7.93404479E-02
 9.50617298E-01 -2.53877289E-02
 8.93484497E-01  1.08013045E-02
 8.00048884E-01  1.66913708E-02
 6.96475072E-01 -1.15692588E-03
 6.32242955E-01 -2.18811292E-02
 6.35938314E-01 -3.44664320E-02
 7.07459628E-01 -3.62237808E-02
 8.25300697E-01 -2.90417429E-02
 9.41496099E-01 -2.47822194E-02
 1.02370923E+00 -2.56645058E-02
 1.06586027E+00 -2.38484969E-02
 1.07271751E+00 -1.78921984E-02
 1.06830920E+00 -6.00946856E-03
 1.06478935E+00  1.08015725E-02
 1.05530464E+00  2.42612598E-02
 1.03945640E+00  3.07940723E-02
 1.01348611E+00  2.98588239E-02
 9.81047673E-01  1.95103548E-02
 9.58885197E-01  1.85619232E-03
 9.50538149E-01 -1.74640940E-02
 9.52629988E-01 -3.19593116E-02
 9.64095181E-01 -3.52576463E-02
 9.78843363E-01 -2.42801847E-02
 9.96657977E-01 -3.57756008E-03
 1.02356146E+00  1.66864602E-02
 1.05768061E+00  2.92472857E-02
 1.09365061E+00  3.04219232E-02
 1.12634779E+00  2.02556151E-02
 1.14554808E+00  4.07701573E-03
 1.13896879E+00 -1.57090991E-02
 1.09111747E+00 -3.91789597E-02
 9.75338035E-01 -6.24193596E-02
 7.90775694E-01 -8.12448468E-02
 6.38666122E-01 -9.11738286E-02
 6.38127597E-01 -8.76947553E-02
 7.18794889E-01 -7.44266943E-02
 7.35509900E-01 -6.05111103E-02
 7.37054230E-01 -5.17024056E-02
 8.20795025E-01 -5.06042428E-02
 9.27579995E-01 -5.34448571E-02
 9.90478673E-01 -4.98120407E-02
 1.02555779E+00 -3.46774487E-02
 1.03688133E+00 -8.75731345E-03
 1.01965047E+00  2.46968493E-02
 1.00047390E+00  5.71723978E-02
 1.00665821E+00  8.28629717E-02
 1.04857957E+00  9.97860169E-02
 1.11096018E+00  1.03073809E-01
 1.15689228E+00  8.92223793E-02
 1.16798182E+00  5.75502024E-02
 1.14414262E+00  1.09121556E-02
 1.09343706E+00 -3.55380412E-02
 1.04113199E+00 -6.03940725E-02
 1.00004375E+00 -5.34779359E-02
 9.66412321E-01 -2.18960794E-02
 9.43131734E-01 -1.71864255E-03
 9.29329780E-01 -2.80712660E-02
 9.26190093E-01 -4.68852228E-02
 9.42361607E-01  2.14837478E-02
 9.73459070E-01  1.11792454E-01
 1.00733764E+00  1.13309910E-01
 1.03501465E+00  6.70479822E-02
 1.04681198E+00  4.98472645E-02
 1.04204888E+00  2.92330004E-02
 1.02999060E+00 -2.62429616E-02
 1.01527545E+00 -7.62204019E-02
 1.00100219E+00 -8.69544658E-02
 9.92497148E-01 -5.38908628E-02
 9.91954530E-01  1.70728209E-02
 1.00331839E+00  7.14180960E-02
 1.02979374E+00  4.14500085E-02
 1.06191603E+00 -2.45769028E-02
 1.08344369E+00 -2.85789389E-02
 1.08314990E+00  6.68794614E-04
 1.05635093E+00 -4.22183956E-03
 1.01379968E+00 -1.58527823E-02
 9.80114893E-01 -4.97593961E-03
 9.71486180E-01  8.52869217E-03
 9.94596167E-01  2.10274929E-02
 1.04889119E+00  4.59227531E-02
 1.11922985E+00  8.34152095E-02
 1.18803772E+00  1.20110065E-01
 1.23150178E+00  1.31203978E-01
 1.20024052E+00  7.77190120E-02
 1.05981993E+00 -6.00533904E-02
 8.66266462E-01 -2.04454847E-01
 7.24676383E-01 -2.41894745E-01
 6.82723869E-01 -1.95753701E-01
 7.37194431E-01 -1.58792198E-01
 8.25457225E-01 -1.43314211E-01
 8.42030970E-01 -1.44621085E-01
 8.12070480E-01 -1.47319677E-01
 8.43455922E-01 -9.59856218E-02
 9.27619201E-01 -2.02680693E-02
 1.01866173E+00  4.45980995E-04
 1.09617535E+00 -9.65326247E-03
 1.11232692E+00  8.66458916E-04
 1.09178443E+00  1.60714371E-02
 1.11556208E+00  2.28868949E-02
 1.15958779E+00  3.25622955E-02
 1.16588019E+00  4.00455805E-02
 1.16285584E+00  3.83034228E-02
 1.18147418E+00  3.10708630E-02
 1.20046330E+00  2.14135407E-02
 1.20425604E+00  1.28506759E-02
 1.19381469E+00  6.59596940E-03
 1.16458779E+00 -2.03006364E-05
 1.12119296E+00 -6.57915521E-03
 1.08113992E+00 -1.16997398E-02
 1.05436135E+00 -1.51103494E-02
 1.04437871E+00 -1.50430595E-02
 1.05237952E+00 -1.03139798E-02
 1.07230235E+00 -1.16932454E-03
 1.10092076E+00  1.18661209E-02
 1.13790267E+00  2.63891587E-02
 1.17532540E+00  3.67823205E-02
 1.20314994E+00  3.62074853E-02
 1.21234998E+00  2.03900398E-02
 1.19509105E+00 -1.04408324E-02
 1.15520055E+00 -4.87004718E-02
 1.10609930E+00 -8.07226492E-02
 1.05829670E+00 -9.55579285E-02
 1.02037765E+00 -8.69884291E-02
 9.97226871E-01 -5.47931076E-02
 9.87178743E-01 -6.29519887E-03
 9.92804758E-01  5.25578001E-02
 1.01850350E+00  1.16603027E-01
 1.06076270E+00  1.75316834E-01
 1.11187241E+00  2.17518341E-01
 1.15844439E+00  2.31818124E-01
 1.17947337E+00  2.09121990E-01
 1.15381946E+00  1.54670899E-01
 1.06502527E+00  8.45085532E-02
 9.08935621E-01  1.23221208E-02
 7.07130499E-01 -5.03078640E-02
 5.21547121E-01 -9.83040205E-02
 4.18965403E-01 -1.35449875E-01
 3.82258967E-01 -1.60045431E-01
 3.58121865E-01 -1.68183310E-01
 3.93271695E-01 -1.64723399E-01
 5.47910878E-01 -1.56472137E-01
 7.44883053E-01 -1.51318509E-01
 8.74884698E-01 -1.56756443E-01
 9.28624267E-01 -1.65180870E-01
 9.30553587E-01 -1.58713833E-01
 9.05410856E-01 -1.27435534E-01
 9.03207151E-01 -6.86962806E-02
 9.09458136E-01  9.15203673E-03
 8.70572973E-01  8.46765165E-02
 8.52013739E-01  1.43650012E-01
 9.44713137E-01  1.78872264E-01
 1.08664972E+00  1.80921581E-01
 1.16965368E+00  1.46637004E-01
 1.17218502E+00  7.53112090E-02
 1.09220072E+00 -2.90913684E-02
 9.38645901E-01 -1.39638666E-01
 7.75241772E-01 -2.16752609E-01
 6.50295534E-01 -2.32039147E-01
 5.84249592E-01 -1.74946963E-01
 6.07662130E-01 -7.21975149E-02
 7.14681283E-01  1.91349139E-02
 8.31872345E-01  6.43218887E-02
 8.85097798E-01  5.99435297E-02
 9.11689828E-01  3.98289475E-02
 9.91589461E-01  5.80940925E-02
 1.06340648E+00  8.40673635E-02
 1.03553368E+00  4.83501383E-02
 9.83444067E-01 -3.56929770E-03
 9.96029354E-01  1.35201964E-03
 9.79854317E-01  2.76348765E-02
 8.43755378E-01  2.51730935E-02
 7.54572158E-01  1.37677523E-02
 8.95385464E-01  9.18433110E-03
 1.05756241E+00 -1.72713072E-02
 9.41392699E-01 -8.14886452E-02
 6.93224891E-01 -1.51339815E-01
 5.95235763E-01 -1.83577791E-01
 6.15452424E-01 -1.64002287E-01
 6.71617566E-01 -1.00581514E-01
 7.72938907E-01 -3.24686518E-02
 8.48748486E-01 -8.92553266E-03
 8.80034441E-01  1.36431822E-02
 9.37304933E-01  1.08996960E-01
 9.93065893E-01  1.96455154E-01
 9.91131280E-01  1.51398016E-01
 9.49770449E-01  1.48313416E-02
 8.85090954E-01 -1.16968876E-01
 8.01124537E-01 -2.17151547E-01
 7.27379435E-01 -2.53793920E-01
 6.96944962E-01 -2.15822814E-01
 7.26211406E-01 -1.54107667E-01
 7.99334364E-01 -9.23976016E-02
 8.75681530E-01 -3.31460647E-02
 9.31632630E-01  2.11190509E-03
 9.61999179E-01  1.68671003E-02
 9.79352779E-01  4.59024316E-02
 1.01886174E+00  1.10398976E-01
 1.09285325E+00  1.62808801E-01
 1.18564548E+00  1.35721984E-01
 1.27348503E+00  7.63999455E-02
 1.31693648E+00  6.89094396E-02
 1.29361008E+00  6.69480434E-02
 1.21117899E+00 -6.67083696E-05
 1.08916052E+00 -8.11638044E-02
 9.64089329E-01 -1.09507798E-01
 8.65776524E-01 -1.00985796E-01
 8.04179230E-01 -7.89903426E-02
 7.81514639E-01 -3.96426554E-02
 7.87058603E-01  2.60763376E-03
 8.14727622E-01  2.52339275E-02
 8.67407398E-01  2.46566828E-02
 9.37569122E-01  1.44946713E-02
 1.01489922E+00  1.81744696E-02
 1.08481459E+00  4.79100962E-02
 1.12769918E+00  9.97275119E-02
 1.14193095E+00  1.55047348E-01
 1.13911808E+00  1.80858481E-01
 1.12685179E+00  1.60307190E-01
 1.11389986E+00  1.00268299E-01
 1.10479558E+00  2.36296839E-02
 1.09568194E+00 -2.99999596E-02
 1.08972063E+00 -3.86167501E-02
 1.09100570E+00 -1.09659168E-02
 1.08950072E+00  1.89692777E-02
 1.06999388E+00  1.42013169E-02
 1.01920903E+00  2.28375555E-02
 9.27178342E-01  1.16883950E-01
 8.01928257E-01  2.04955612E-01
 6.68075221E-01  1.44168140E-01
 5.47345358E-01 -3.18490832E-02
 4.63148691E-01 -2.15548430E-01
 4.46379543E-01 -3.41755628E-01
 5.04742999E-01 -3.37274523E-01
 5.81971797E-01 -2.23097239E-01
 6.08867540E-01 -1.21310960E-01
 6.23969311E-01 -5.94253884E-02
 7.06343173E-01 -1.03463838E-02
 8.11235673E-01  2.70366299E-02
 8.70178217E-01  8.87900662E-02
 9.44339132E-01  1.77674959E-01
 1.08826673E+00  2.42145918E-01
 1.18612322E+00  2.64435088E-01
 1.11003997E+00  2.35767637E-01
 9.54966271E-01  1.47032798E-01
 8.78306056E-01  3.06237210E-02
 8.31641996E-01 -4.90538634E-02
 7.25287322E-01 -4.10205223E-02
 6.31773261E-01  6.08582534E-03
 6.27631055E-01 -4.79825133E-03
 6.88738292E-01 -4.90289021E-02
 7.87713580E-01 -5.46196158E-02
 8.99736369E-01 -4.66285210E-02
 9.65444853E-01 -5.35951130E-02
 9.41714893E-01 -4.53917274E-02
 8.41401000E-01 -7.94956741E-03
 7.62985884E-01  4.39353770E-02
 8.19942216E-01  9.97925571E-02
 9.29433551E-01  1.56464221E-01
 9.17653410E-01  2.01436526E-01
 8.25512854E-01  1.97259504E-01
 7.76754801E-01  1.22354088E-01
 7.88055848E-01  4.97397750E-02
 8.76282463E-01  8.18067003E-02
 1.01045491E+00  1.93936156E-01
 1.05894435E+00  2.84152338E-01
 9.41336954E-01  2.74072817E-01
 6.69616567E-01  1.11641908E-01
 3.98615429E-01 -9.17102799E-02
 3.55132053E-01 -1.21857713E-01
 4.85141854E-01  1.84171487E-03
 5.72055833E-01  1.25042881E-01
 6.21552457E-01  1.96412383E-01
 6.90514959E-01  1.71362837E-01
 7.49029710E-01  8.72007611E-02
 8.32148038E-01  9.10936663E-02
 9.54516158E-01  1.60697690E-01
 1.06020338E+00  1.79214431E-01
 1.12954222E+00  1.56955835E-01
 1.15921434E+00  1.17726470E-01
 1.16453159E+00  7.47369986E-02
 1.18729212E+00  8.59218306E-02
 1.20097461E+00  1.26622365E-01
 1.15100207E+00  1.19336288E-01
 1.07429106E+00  9.03507522E-02
 1.03135744E+00  9.12958775E-02
 1.01222550E+00  9.28543507E-02
 9.98284623E-01  6.62269872E-02
 1.00463725E+00  3.36709046E-02
 1.03471638E+00  1.42208099E-02
 1.07524280E+00  6.99253416E-03
 1.11922330E+00  1.31360896E-02
 1.16053831E+00  2.75517808E-02
 1.18951845E+00  3.32942181E-02
 1.19631185E+00  2.19539081E-02
 1.17436494E+00 -3.76716557E-03
 1.12778984E+00 -3.35390586E-02
 1.06964448E+00 -4.76109471E-02
 1.01448011E+00 -3.37384617E-02
 9.78205257E-01  7.95559228E-03
 9.73742846E-01  6.94207223E-02
 1.00589985E+00  1.31603611E-01
 1.07337855E+00  1.78149816E-01
 1.15893244E+00  1.98288820E-01
 1.21238011E+00  1.77746046E-01
 1.17171708E+00  1.08359311E-01
 1.01094498E+00 -6.86100947E-03
 7.66241878E-01 -1.46673736E-01
 5.78808544E-01 -2.48259426E-01
 6.08074974E-01 -2.45006014E-01
 7.73708805E-01 -1.59144180E-01
 8.73196314E-01 -6.88136873E-02
 9.32622549E-01 -1.14347202E-02
 1.04662295E+00 -2.07095199E-03
 1.15554963E+00 -1.98606052E-02
 1.21004332E+00 -8.52009267E-03
 1.19919805E+00 -1.03077131E-02
 1.08608159E+00 -1.01817566E-01
 9.29044617E-01 -1.97557237E-01
 8.40575642E-01 -1.78360192E-01
 8.01906182E-01 -1.01586323E-01
 7.49824594E-01 -6.77985760E-02
 7.35282657E-01 -5.69553580E-02
 8.14467733E-01 -3.53620601E-02
 9.42764993E-01 -2.18831580E-02
 1.06107833E+00 -1.32964304E-02
 1.14119704E+00  1.43604536E-04
 1.15592350E+00  4.66511591E-03
 1.11800119E+00 -1.10436951E-04
 1.08486221E+00 -4.64429425E-03
 1.08418105E+00 -3.70042301E-03
 1.11660415E+00  1.07343154E-02
 1.17079646E+00  3.57829695E-02
 1.20824787E+00  5.78458006E-02
 1.21375376E+00  7.11539845E-02
 1.20026884E+00  7.42138445E-02
 1.17038441E+00  6.86620595E-02
 1.13347753E+00  6.33313263E-02
 1.09488039E+00  6.15753227E-02
 1.04588818E+00  6.08331795E-02
 9.95807502E-01  6.02743596E-02
 9.62969877E-01  5.69699219E-02
 9.57852938E-01  4.99159890E-02
 9.89429258E-01  4.23377390E-02
 1.05008378E+00  3.51943760E-02
 1.11552153E+00  2.88491152E-02
 1.16935835E+00  2.39953984E-02
 1.20140692E+00  1.95051656E-02
 1.20694098E+00  1.52059790E-02
 1.19297253E+00  1.18670077E-02
 1.16187866E+00  9.42797997E-03
 1.11326899E+00  8.08438937E-03
 1.05876754E+00  8.02539751E-03
 1.01337993E+00  8.91402732E-03
 9.91898574E-01  1.06343600E-02
 1.00704182E+00  1.30563439E-02
 1.05138196E+00  1.56531233E-02
 1.10217253E+00  1.78251285E-02
 1.14401066E+00  1.90137767E-02
 1.16784505E+00  1.86786249E-02
 1.17479214E+00  1.64957706E-02
 1.17921460E+00  1.24270287E-02
 1.18451495E+00  6.60756854E-03
 1.18435375E+00 -4.79658844E-04
 1.17622147E+00 -7.73634380E-03
 1.15438716E+00 -1.36612251E-02
 1.11949598E+00 -1.67471617E-02
 1.08184904E+00 -1.57048335E-02
 1.04645216E+00 -9.94902985E-03
 1.01700722E+00  2.70644033E-04
 9.98865159E-01  1.43549191E-02
 9.93354976E-01  3.10298000E-02
 1.00216124E+00  4.78351683E-02
 1.02729052E+00  6.16429595E-02
 1.06649329E+00  6.92317434E-02
 1.11487832E+00  6.79015716E-02
 1.16494693E+00  5.68978569E-02
 1.20643560E+00  3.75597086E-02
 1.23008750E+00  1.21887840E-02
 1.23013337E+00 -1.51875884E-02
 1.20733908E+00 -3.79401699E-02
 1.16881487E+00 -4.84858084E-02
 1.12178624E+00 -4.03700321E-02
 1.07313778E+00 -1.05744023E-02
 1.02937727E+00  3.61173333E-02
 9.94672713E-01  8.84175073E-02
 9.75562376E-01  1.35861562E-01
 9.78554157E-01  1.69558456E-01
 1.00216508E+00  1.83528887E-01
 1.03983992E+00  1.76965231E-01
 1.08346592E+00  1.48389199E-01
 1.12295688E+00  9.84294925E-02
 1.15183209E+00  3.81264187E-02
 1.16801425E+00 -1.63029307E-02
 1.16780658E+00 -5.01842252E-02
 1.15029583E+00 -5.35583694E-02
 1.12383208E+00 -3.26076957E-02
 1.10108648E+00 -6.74747870E-03
 1.09348590E+00  1.14619412E-02
 1.10773115E+00  1.66618255E-02
 1.13538321E+00  1.10889083E-02
 1.15634836E+00  7.67904005E-03
 1.15869537E+00  1.03072028E-02
 1.13966797E+00  1.38839381E-02
 1.10649351E+00  1.69950019E-02
 1.07849628E+00  1.57448833E-02
 1.06558909E+00  1.03596100E-02
 1.06666775E+00  8.06899154E-03
 1.07960595E+00  1.00256390E-02
 1.09564161E+00  1.46248885E-02
 1.11060844E+00  2.16976515E-02
 1.12806287E+00  2.80877899E-02
 1.14634706E+00  3.15682572E-02
 1.16302076E+00  3.20007892E-02
 1.17490381E+00  2.76681776E-02
 1.17480230E+00  1.80464176E-02
 1.16034355E+00  6.57599947E-03
 1.13340622E+00 -1.78505570E-03
 1.09595852E+00 -3.28419885E-03
 1.05367313E+00  3.76163038E-03
 1.01530655E+00  1.63094144E-02
 9.90000135E-01  2.73401221E-02
 9.86555917E-01  3.24872545E-02
 1.00972540E+00  3.04065216E-02
 1.05448873E+00  2.19862411E-02
 1.10830516E+00  1.15836190E-02
 1.15993027E+00  1.45144258E-03
 1.20033005E+00 -8.67437747E-03
 1.22453620E+00 -1.76944062E-02
 1.23341072E+00 -2.50537932E-02
 1.22438697E+00 -2.92186339E-02
 1.19356441E+00 -2.70682397E-02
 1.14424349E+00 -1.82359868E-02
 1.08306147E+00 -4.06988273E-03
 1.02017923E+00  1.43445042E-02
 9.69664965E-01  3.50619587E-02
 9.40705260E-01  5.68199416E-02
 9.37670841E-01  7.90831592E-02
 9.64577166E-01  9.91246083E-02
 1.01942956E+00  1.12526999E-01
 1.08979451E+00  1.14013646E-01
 1.15732920E+00  9.81019025E-02
 1.20344113E+00  6.33939160E-02
 1.21420993E+00  1.51010469E-02
 1.19095639E+00 -3.31547845E-02
 1.14825813E+00 -6.28888984E-02
 1.09657963E+00 -6.39100381E-02
 1.04375971E+00 -4.11132035E-02
 9.98155609E-01 -2.19723076E-02
 9.63264059E-01 -3.28975629E-02
 9.48386285E-01 -3.04829116E-02
 9.65068014E-01  4.73976256E-02
 1.00927138E+00  1.43411183E-01
 1.06806733E+00  1.61449394E-01
 1.12830331E+00  1.29461857E-01
 1.17465351E+00  1.08151460E-01
 1.20005907E+00  7.68559373E-02
 1.20682085E+00  2.02623604E-02
 1.19246675E+00 -2.52787059E-02
 1.15618720E+00 -3.80863233E-02
 1.10894450E+00 -3.21418581E-02
 1.06548592E+00 -2.51754054E-02
 1.04066436E+00 -1.98751708E-02
 1.04549625E+00 -1.54713346E-02
 1.07068378E+00 -1.25504928E-02
 1.09213365E+00 -4.99981946E-03
 1.09565396E+00  7.32840414E-03
 1.07709466E+00  1.74320922E-02
 1.04507930E+00  2.64539460E-02
 1.02342356E+00  3.78357605E-02
 1.02327228E+00  5.27331394E-02
 1.04179042E+00  7.25691705E-02
 1.07451560E+00  8.94632696E-02
 1.10812736E+00  8.85618430E-02
 1.13501193E+00  6.21917915E-02
 1.15719261E+00  9.60865417E-03
 1.17016787E+00 -6.09338279E-02
 1.16944944E+00 -1.30618180E-01
 1.15215825E+00 -1.84612994E-01
 1.11416926E+00 -2.13564137E-01
 1.06283892E+00 -2.09593978E-01
 1.01385249E+00 -1.71679449E-01
 9.78537618E-01 -1.00018668E-01
 9.64434138E-01  1.94656654E-03
 9.69341408E-01  1.14538741E-01
 9.80411746E-01  2.09533687E-01
 9.90104024E-01  2.63702008E-01
 9.95694024E-01  2.63940550E-01
 9.95041971E-01  2.23892476E-01
 9.90858884E-01  1.79582416E-01
 9.81262033E-01  1.55819016E-01
 9.60014555E-01  1.63524799E-01
 9.27806064E-01  1.97639556E-01
 8.88042145E-01  2.30119840E-01
 8.45038781E-01  2.39993345E-01
 8.06167473E-01  2.09958931E-01
 7.74491063E-01  1.01367585E-01
 7.49419765E-01 -9.22177906E-02
 7.33590810E-01 -2.62745202E-01
 7.29797655E-01 -2.79781323E-01
 7.39165075E-01 -1.96968622E-01
 7.62569891E-01 -1.53609106E-01
 7.96382841E-01 -1.42452831E-01
 8.31817298E-01 -1.15217564E-01
 8.57709063E-01 -8.32863095E-02
 8.61610598E-01 -3.09426717E-02
 8.35239696E-01  2.75445716E-02
 7.80082052E-01  3.21017731E-02
 7.12371257E-01  1.81389284E-03
 6.57500317E-01 -8.94199061E-03
 6.29435275E-01 -3.25836920E-03
 6.21837352E-01  6.05199206E-03
 5.97822337E-01  8.24875193E-03
 5.18208802E-01 -1.65890688E-02
 4.31006392E-01 -2.42007627E-02
 4.17996135E-01  3.57020595E-02
 4.41972716E-01  4.21210340E-02
 4.33108852E-01 -1.44005715E-01
 4.46456989E-01 -3.47428363E-01
 5.51056035E-01 -3.07544411E-01
 6.98210519E-01 -1.32754591E-01
 8.19799998E-01 -4.33163012E-02
 9.15720173E-01  2.45323858E-02
 9.89582402E-01  1.56385604E-01
 1.02517930E+00  2.46517430E-01
 1.02662770E+00  2.35650593E-01
 1.00111864E+00  2.28250085E-01
 9.43653226E-01  3.00921016E-01
 8.53710755E-01  3.07328199E-01
 7.34545237E-01  7.80621944E-02
 6.00095033E-01 -2.06732054E-01
 4.78933197E-01 -2.71821141E-01
 4.02772036E-01 -2.28410003E-01
 4.01226717E-01 -2.80730907E-01
 4.85413262E-01 -3.09736141E-01
 6.29815984E-01 -1.82153753E-01
 7.59184822E-01 -3.47551889E-02
 8.00559641E-01  1.67179814E-03
 8.16452961E-01  1.68367723E-02
 9.18095166E-01  1.11097735E-01
 1.02038440E+00  1.92784012E-01
 9.86161523E-01  1.54565199E-01
 9.05394398E-01  7.74302751E-02
 9.12642514E-01  6.99129531E-02
 9.53103403E-01  9.08575757E-02
 9.49767850E-01  8.18966010E-02
 9.44842398E-01  8.03867520E-02
 9.74193088E-01  1.15869886E-01
 1.01239268E+00  1.56647401E-01
 1.04617459E+00  1.74351272E-01
 1.07440524E+00  1.58235130E-01
 1.08335666E+00  9.82783393E-02
 1.07344199E+00  1.43969403E-02
 1.06024522E+00 -4.63492292E-02
 1.05057705E+00 -5.80764402E-02
 1.04765734E+00 -1.80788898E-02
 1.05306137E+00  5.22824434E-02
 1.06107854E+00  1.03838715E-01
 1.07188870E+00  1.09779057E-01
 1.08960324E+00  7.36124559E-02
 1.10892338E+00  1.42993816E-02
 1.12186917E+00 -2.63798786E-02
 1.12206866E+00 -2.56532920E-02
 1.10352000E+00  7.97803971E-03
 1.07035419E+00  5.50795219E-02
 1.03540378E+00  7.95648496E-02
 1.00751532E+00  6.27569072E-02
 9.93433300E-01  1.78151244E-02
 9.98666782E-01 -2.81536133E-02
 1.02244432E+00 -3.42691578E-02
 1.06254175E+00  1.58759709E-02
 1.11145525E+00  9.40522970E-02
 1.14430273E+00  1.33516050E-01
 1.13081599E+00  6.91067623E-02
 1.05926335E+00 -3.20879781E-02
 9.48368875E-01 -4.01460296E-02
 8.70618304E-01  6.50778213E-03
 9.03054630E-01  7.06177541E-03
 9.85948220E-01 -1.01215464E-02
 1.00057940E+00 -4.56955522E-03
 9.88286026E-01  9.89830740E-03
 1.04247043E+00  3.95107674E-02
 1.12839630E+00  6.88727661E-02
 1.19522196E+00  5.37191199E-02
 1.23953216E+00  1.03483068E-02
 1.23826960E+00 -1.70699858E-02
 1.19383860E+00 -3.28160892E-02
 1.14671553E+00 -4.93432779E-02
 1.09717972E+00 -5.73280539E-02
 1.03287657E+00 -5.71731483E-02
 9.85075389E-01 -5.27421699E-02
 9.82051092E-01 -3.81605471E-02
 1.00794165E+00 -1.11741477E-02
 1.03581847E+00  2.68665962E-02
 1.05666912E+00  7.23308580E-02
 1.06636092E+00  1.16046373E-01
 1.06869259E+00  1.48524811E-01
 1.08201143E+00  1.61129026E-01
 1.11065955E+00  1.46596030E-01
 1.14352482E+00  1.04331835E-01
 1.16888615E+00  4.39381372E-02
 1.16921913E+00 -1.74753073E-02
 1.13759974E+00 -6.37187762E-02
 1.08609601E+00 -8.26278347E-02
 1.03562742E+00 -6.99064417E-02
 1.01384172E+00 -3.27882258E-02
 1.03429418E+00  1.61192168E-02
 1.08115780E+00  5.27817669E-02
 1.10387044E+00  2.83440596E-02
 1.04919386E+00 -8.37294384E-02
 9.57391336E-01 -1.93956880E-01
 9.18482934E-01 -1.78252387E-01
 9.28626645E-01 -8.40300924E-02
 9.44043488E-01 -3.48377265E-02
 9.58117834E-01 -2.15697878E-02
 9.55752658E-01 -2.32440881E-03
 9.53958486E-01  2.31702919E-02
 1.00181625E+00  8.45303780E-02
 1.06207790E+00  1.68167805E-01
 1.06687960E+00  2.10244854E-01
 1.05056570E+00  2.16178784E-01
 1.07133815E+00  2.16047947E-01
 1.11197398E+00  1.89575821E-01
 1.14103002E+00  1.23729789E-01
 1.14198034E+00  3.87811599E-02
 1.08107742E+00 -4.72146316E-02
 9.44800551E-01 -1.23100277E-01
 7.73731365E-01 -1.75781001E-01
 6.68993187E-01 -1.99446096E-01
 7.31322654E-01 -1.98234867E-01
 8.92563019E-01 -1.75183336E-01
 9.93972107E-01 -1.34496294E-01
 1.03854807E+00 -8.74724977E-02
 1.08765564E+00 -4.67350100E-02
 1.10627733E+00 -2.48532911E-02
 1.08349093E+00 -2.92981218E-02
 1.05354041E+00 -4.65954757E-02
 1.02142096E+00 -4.94333801E-02
 9.87855392E-01 -2.05108650E-02
 9.64790268E-01  4.39970329E-02
 9.73193155E-01  1.24922729E-01
 1.03001544E+00  1.81848777E-01
 1.10256932E+00  1.91805471E-01
 1.14095891E+00  1.53411966E-01
 1.15899953E+00  8.09559815E-02
 1.19089017E+00  9.83348077E-03
 1.21061653E+00 -3.87286041E-02
 1.18488052E+00 -6.41473514E-02
 1.13159734E+00 -6.91101170E-02
 1.07620086E+00 -6.82461738E-02
 1.02841803E+00 -6.80835337E-02
 1.00275764E+00 -6.08017412E-02
 1.00362200E+00 -4.59151460E-02
 1.01847760E+00 -2.31225982E-02
 1.04375765E+00  4.72435720E-03
 1.07961193E+00  2.61442369E-02
 1.11681182E+00  3.80205739E-02
 1.14690570E+00  4.28492904E-02
 1.15987542E+00  4.09525074E-02
 1.14620113E+00  3.59932029E-02
 1.11625273E+00  3.04157081E-02
 1.09301929E+00  2.36181162E-02
 1.09068174E+00  1.86402833E-02
 1.11465169E+00  1.88242908E-02
 1.15355330E+00  2.32439274E-02
 1.17915691E+00  2.94575810E-02
 1.17679957E+00  3.41893140E-02
 1.14704084E+00  3.26752350E-02
 1.09862345E+00  2.13070475E-02
 1.05395338E+00 -1.66833250E-03
 1.02545082E+00 -3.74646326E-02
 1.01098592E+00 -8.35750124E-02
 1.00833826E+00 -1.29203920E-01
 1.00881852E+00 -1.58820471E-01
 1.00810846E+00 -1.59997710E-01
 1.01125275E+00 -1.26616968E-01
 1.01824933E+00 -6.53731229E-02
 1.02864882E+00  5.44272199E-03
 1.04228100E+00  7.17951336E-02
 1.05597371E+00  1.24702990E-01
 1.07406216E+00  1.58423301E-01
 1.10518840E+00  1.74710665E-01
 1.15156993E+00  1.71618660E-01
 1.20891359E+00  1.45321653E-01
 1.25996167E+00  1.03654170E-01
 1.27745474E+00  5.94317978E-02
 1.24551737E+00  2.52152776E-02
 1.16481419E+00  1.24429253E-02
 1.05737332E+00  1.75754215E-02
 9.65001240E-01  2.50622385E-02
 9.17334095E-01  2.64957220E-02
 9.24259585E-01  1.90057530E-02
 9.76138554E-01  5.52238068E-03
 1.04034565E+00 -2.02500164E-03
 1.09548787E+00 -3.99249705E-04
 1.13570256E+00  5.19997946E-03
 1.15551559E+00  1.24736244E-02
 1.16008737E+00  1.66210575E-02
 1.14775036E+00  1.59587569E-02
 1.10950755E+00  1.51915404E-02
 1.05800875E+00  1.53621713E-02
 1.01568224E+00  1.63232731E-02
 1.00086392E+00  1.90533742E-02
 1.02862555E+00  2.18440359E-02
 1.08733780E+00  2.31746971E-02
 1.14318470E+00  2.24291249E-02
 1.17678212E+00  1.82354845E-02
 1.18155146E+00  1.02065873E-02
 1.16430197E+00 -3.87620629E-04
 1.15075002E+00 -1.15465996E-02
 1.15108397E+00 -2.15481095E-02
 1.15844784E+00 -2.91262829E-02
 1.16702420E+00 -3.35019760E-02
 1.16305799E+00 -3.46433232E-02
 1.14131514E+00 -3.22000295E-02
 1.11137215E+00 -2.57763380E-02
 1.07876766E+00 -1.63747347E-02
 1.05041285E+00 -5.73829643E-03
 1.03267088E+00  4.24623517E-03
 1.02418439E+00  1.15941973E-02
 1.02532917E+00  1.56009666E-02
 1.03684307E+00  1.67645655E-02
 1.05713422E+00  1.52066112E-02
 1.08555314E+00  1.11668628E-02
 1.11841532E+00  5.47149277E-03
 1.14909959E+00 -1.04010652E-03
 1.17146559E+00 -6.88784226E-03
 1.17976299E+00 -1.03207161E-02
 1.17166203E+00 -1.09189012E-02
 1.14914077E+00 -9.14437331E-03
 1.11533001E+00 -5.35501551E-03
 1.07609728E+00 -2.17300345E-04
 1.04172505E+00  5.58032912E-03
 1.02371179E+00  1.15881831E-02
 1.03168483E+00  1.66728247E-02
 1.06930962E+00  1.95181553E-02
 1.12622231E+00  1.98451617E-02
 1.18151457E+00  1.79628826E-02
 1.21859789E+00  1.43253428E-02
 1.22795125E+00  9.80249424E-03
 1.21172737E+00  5.20230566E-03
 1.18493160E+00  1.15033145E-03
 1.15610588E+00 -1.26184584E-03
 1.12792613E+00 -1.01496568E-03
 1.10625882E+00  1.90815471E-03
 1.09318377E+00  6.78687976E-03
 1.09366382E+00  1.24044602E-02
 1.11409944E+00  1.67731981E-02
 1.14436013E+00  1.73739078E-02
 1.16519969E+00  1.18805690E-02
 1.16301797E+00 -9.25210381E-04
 1.13015791E+00 -1.97040809E-02
 1.07678635E+00 -3.84008266E-02
 1.02933782E+00 -4.80480881E-02
 1.00348803E+00 -4.25846306E-02
 1.00390854E+00 -2.11122463E-02
 1.02749463E+00  8.86067311E-03
 1.05781361E+00  3.27410334E-02
 1.08613975E+00  4.05617419E-02
 1.11240194E+00  2.92594328E-02
 1.12954890E+00  3.16905796E-03
 1.13229106E+00 -2.48550200E-02
 1.11521744E+00 -4.65600628E-02
 1.07220383E+00 -5.96764350E-02
 1.01491966E+00 -6.23171437E-02
 9.66576656E-01 -5.68825530E-02
 9.43963532E-01 -4.34398693E-02
 9.57517486E-01 -1.93917639E-02
 1.00145771E+00  9.99458931E-03
 1.05328549E+00  3.59541451E-02
 1.09931532E+00  5.10266188E-02
 1.13401097E+00  4.87573197E-02
 1.15350322E+00  3.23709336E-02
 1.16259599E+00  1.32988207E-02
 1.15985750E+00 -1.50227984E-03
 1.13822091E+00 -8.63680761E-03
 1.10331817E+00 -8.34219476E-03
 1.06577432E+00 -6.97398673E-03
 1.03608820E+00 -6.25991250E-03
 1.02641523E+00 -3.78508657E-03
 1.03643270E+00 -6.82146960E-04
 1.05505911E+00  2.44348631E-03
 1.07661839E+00  3.96032956E-03
 1.09691255E+00  3.25264084E-04
 1.11130483E+00 -5.89328530E-03
 1.11984521E+00 -8.45048306E-03
 1.11885506E+00 -3.99246744E-03
 1.10379058E+00  9.09221297E-03
 1.08217399E+00  2.77952741E-02
 1.06715138E+00  4.41263647E-02
 1.06827373E+00  5.34996725E-02
 1.09095378E+00  5.46435808E-02
 1.12680067E+00  4.75206865E-02
 1.15572227E+00  3.54955471E-02
 1.16647950E+00  2.04615150E-02
 1.15719539E+00  2.44738131E-03
 1.13415404E+00 -1.56116305E-02
 1.11447810E+00 -3.01682461E-02
 1.10643764E+00 -3.76238620E-02
 1.10681113E+00 -3.40904421E-02
 1.10974263E+00 -2.01063224E-02
 1.10311453E+00  3.45689212E-04
 1.08208663E+00  2.44523234E-02
 1.05426408E+00  4.98950760E-02
 1.03093407E+00  7.59396448E-02
 1.02798794E+00  1.03968201E-01
 1.05395201E+00  1.32326828E-01
 1.10237369E+00  1.56642883E-01
 1.15476282E+00  1.72333645E-01
 1.18407800E+00  1.75063453E-01
 1.17678016E+00  1.66826285E-01
 1.14402219E+00  1.59593345E-01
 1.12599417E+00  1.76385437E-01
 1.15859359E+00  2.23416543E-01
 1.17386105E+00  2.25091699E-01
 1.06360086E+00  9.34382791E-02
 8.65986640E-01 -9.27010418E-02
 6.89052968E-01 -1.88421403E-01
 5.65712814E-01 -2.17492301E-01
 5.15527975E-01 -2.54388933E-01
 5.28212342E-01 -2.61040550E-01
 5.39251276E-01 -2.09789319E-01
 5.69688069E-01 -1.41199165E-01
 6.83511109E-01 -8.04379307E-02
 8.35821368E-01 -3.48072397E-02
 9.56056410E-01 -2.15068665E-02
 1.03736829E+00 -5.65359618E-02
 1.07480771E+00 -1.31223988E-01
 1.06194336E+00 -1.82320052E-01
 1.02465613E+00 -1.41491990E-01
 9.89908122E-01 -5.37532113E-02
 9.72059422E-01 -1.36885308E-02
 9.74517871E-01 -2.26532849E-03
 9.86397878E-01  3.64778110E-02
 1.00878412E+00  8.47062740E-02
 1.04931360E+00  1.22990498E-01
 1.09666806E+00  1.38702095E-01
 1.13448150E+00  9.92554086E-02
 1.14632345E+00  2.85920430E-02
 1.11623527E+00 -1.45247751E-02
 1.05608269E+00 -3.55735307E-02
 9.98338916E-01 -5.78598880E-02
 9.61923043E-01 -5.48330359E-02
 9.55284500E-01 -1.12025119E-02
 9.73122431E-01  2.64114123E-02
 9.91195945E-01  1.37310797E-02
 9.99586595E-01 -1.11970975E-02
 1.00244052E+00  8.82618609E-03
 1.00004100E+00  3.38733647E-02
 9.99453347E-01  4.05442176E-03
 1.00325239E+00 -3.42024925E-02
 1.00625727E+00 -1.85953066E-02
 1.01700073E+00  1.75731463E-02
 1.04772707E+00  2.64278616E-02
 1.09901797E+00  2.14583463E-02
 1.15905609E+00  1.90094059E-02
 1.18612979E+00  1.05597449E-02
 1.13968181E+00 -7.65645937E-04
 1.06950156E+00 -7.29977442E-03
 1.04988179E+00 -1.15910982E-02
 1.01175283E+00 -1.26275123E-02
 8.67303228E-01 -7.06909109E-03
 7.58306666E-01  5.10367308E-03
 8.60253033E-01  2.19500572E-02
 1.04129435E+00  3.28749221E-02
 1.08053476E+00  2.15261923E-02
 1.01458720E+00 -2.10797164E-02
 9.43735173E-01 -9.36487323E-02
 8.43700992E-01 -1.78374091E-01
 7.31108827E-01 -2.43240557E-01
 6.80206258E-01 -2.65447598E-01
 7.11024372E-01 -2.36682162E-01
 7.94800254E-01 -1.65786515E-01
 8.87367802E-01 -8.10427345E-02
 9.70139848E-01 -3.59389293E-03
 1.04371806E+00  5.47544991E-02
 1.09356929E+00  8.07851045E-02
 1.11185714E+00  7.13610244E-02
 1.09064138E+00  2.67594842E-02
 1.01788541E+00 -4.34843407E-02
 9.21707387E-01 -9.05474973E-02
 8.53917064E-01 -6.78303395E-02
 8.45951445E-01 -1.98086902E-02
 9.05960312E-01 -1.91083559E-02
 9.88738172E-01 -1.89177397E-02
 1.02458154E+00  5.53932347E-02
 1.04544020E+00  1.34899887E-01
 1.12379572E+00  1.26369742E-01
 1.20487090E+00  7.36491567E-02
 1.20877782E+00  4.72015203E-02
 1.18379743E+00  3.29266552E-02
 1.19356400E+00  1.32991715E-02
 1.20188063E+00  3.15794101E-03
 1.16667248E+00 -1.33445671E-03
 1.11747310E+00 -5.38013642E-03
 1.08731678E+00  1.77205195E-03
 1.07079307E+00  2.05326343E-02
 1.06577893E+00  4.49570029E-02
 1.08119632E+00  6.96327819E-02
 1.11348047E+00  8.45258361E-02
 1.15149069E+00  8.59644858E-02
 1.18457310E+00  7.69046167E-02
 1.20072924E+00  5.71387799E-02
 1.19255716E+00  2.86612191E-02
 1.16766082E+00 -1.01586630E-03
 1.14380497E+00 -2.38318999E-02
 1.13223003E+00 -3.18041017E-02
 1.13647132E+00 -2.02634156E-02
 1.15041260E+00  3.06262228E-03
 1.15703077E+00  2.20787647E-02
 1.14875700E+00  2.65065422E-02
 1.12848840E+00  1.32418180E-02
 1.10021421E+00 -1.02240532E-02
 1.07425259E+00 -2.56382933E-02
 1.05646960E+00 -2.35244730E-02
 1.04524472E+00 -4.98651193E-03
 1.04356919E+00  2.36227347E-02
 1.05406762E+00  4.72563961E-02
 1.07744646E+00  5.74911630E-02
 1.11456185E+00  5.58888750E-02
 1.15686961E+00  4.43754482E-02
 1.18948935E+00  2.94276456E-02
 1.20253354E+00  1.51305518E-02
 1.19197511E+00 -9.48019702E-05
 1.16570443E+00 -1.38279447E-02
 1.14255870E+00 -2.29940129E-02
 1.13407313E+00 -2.52096131E-02
 1.14215642E+00 -1.71742121E-02
 1.15906333E+00 -2.43013147E-03
 1.16598297E+00  1.05293560E-02
 1.15332011E+00  1.63117333E-02
 1.12382134E+00  1.23388080E-02
 1.08570624E+00  2.51488043E-03
 1.05614318E+00 -2.85375967E-03
 1.04540990E+00  1.46299953E-03
 1.05264763E+00  1.49377797E-02
 1.07590726E+00  3.27960038E-02
 1.10752925E+00  4.45356678E-02
 1.14094537E+00  4.45361770E-02
 1.17366399E+00  3.40357124E-02
 1.19629505E+00  1.65857650E-02
 1.19785530E+00  9.92015490E-05
 1.17158741E+00 -1.04320363E-02
 1.11611548E+00 -1.55321797E-02
 1.04771822E+00 -1.62374455E-02
 9.95550847E-01 -1.59050669E-02
 9.80185171E-01 -1.63982001E-02
 1.00965897E+00 -1.61304708E-02
 1.07089898E+00 -1.48308553E-02
 1.13029544E+00 -1.22171547E-02
 1.16578886E+00 -8.68993592E-03
 1.16993698E+00 -6.63250168E-03
 1.14479575E+00 -6.69431473E-03
 1.10858422E+00 -8.36097331E-03
 1.07028367E+00 -1.14154570E-02
 1.02861900E+00 -1.47299129E-02
 9.93088906E-01 -1.74781390E-02
 9.72799658E-01 -1.94548510E-02
 9.77160417E-01 -1.96684360E-02
 1.01620287E+00 -1.71326409E-02
 1.07585381E+00 -1.16829842E-02
 1.12605646E+00 -3.47792112E-03
 1.14683007E+00  6.92985850E-03
 1.12799333E+00  1.84185407E-02
 1.08073519E+00  2.97098822E-02
 1.03815489E+00  3.94604057E-02
 1.01896133E+00  4.61635157E-02
 1.02680350E+00  4.87739082E-02
 1.05884339E+00  4.75969780E-02
 1.09711580E+00  4.38501558E-02
 1.13249678E+00  3.84210749E-02
 1.16635681E+00  3.16372993E-02
 1.18824881E+00  2.26478211E-02
 1.18725204E+00  9.82337926E-03
 1.15445676E+00 -6.43105957E-03
 1.08211511E+00 -2.31606406E-02
 9.86721409E-01 -3.48684330E-02
 9.01786942E-01 -3.48275802E-02
 8.50679209E-01 -2.12692067E-02
 8.46148053E-01 -4.23873906E-04
 8.79874085E-01  1.11100396E-02
 9.20910135E-01 -8.37339941E-03
 9.50725527E-01 -6.61619376E-02
 9.63438816E-01 -1.45528860E-01
 9.55606144E-01 -1.95763431E-01
 9.36621068E-01 -1.62092957E-01
 9.10267179E-01 -7.62434001E-02
 8.75932433E-01 -1.90735877E-02
 8.55170062E-01  3.06170393E-04
 8.74627177E-01  8.87911050E-03
 9.42976859E-01  3.49340736E-02
 1.04287457E+00  1.08047259E-01
 1.09771424E+00  1.27701008E-01
 1.02028566E+00 -3.46260633E-02
 8.55479066E-01 -2.05907708E-01
 7.31367519E-01 -1.33116704E-01
 7.10527008E-01  2.99641448E-02
 8.01715872E-01  1.32832225E-02
 9.01846939E-01 -8.13075861E-02
 8.45550073E-01 -8.02050613E-02
 7.29312281E-01 -5.26163386E-02
 7.73143769E-01 -5.50825442E-02
 9.11762757E-01 -2.52705555E-02
 9.98860754E-01  4.98888151E-02
 1.06779973E+00  1.21555627E-01
 1.13980249E+00  1.51886553E-01
 1.17398190E+00  1.28965284E-01
 1.17498682E+00  5.57530175E-02
 1.13003399E+00 -4.73370467E-02
 9.98087521E-01 -1.39622607E-01
 7.89756795E-01 -1.95258431E-01
 5.50188014E-01 -2.17469553E-01
 3.38422619E-01 -2.36651204E-01
 2.36246618E-01 -2.84352132E-01
 3.00494427E-01 -2.97077150E-01
 5.21021931E-01 -1.81765741E-01
 7.84534782E-01 -1.19603228E-02
 9.35122900E-01  7.98431277E-02
 9.74392918E-01  1.17040532E-01
 9.92580912E-01  1.54171873E-01
 9.44382022E-01  1.33433192E-01
 7.88175077E-01  2.27683377E-02
 6.54018021E-01 -7.80515368E-02
 6.61816274E-01 -7.21527023E-02
 7.36442212E-01 -2.48861825E-02
 7.45737664E-01 -4.99499602E-02
 6.99496224E-01 -1.12051007E-01
 6.49821907E-01 -1.41631015E-01
 5.91063511E-01 -1.85056274E-01
 5.47622445E-01 -2.72195141E-01
 5.47455106E-01 -3.12273001E-01
 5.83163424E-01 -2.18648251E-01
 6.81963382E-01 -3.67439366E-02
 8.57786228E-01  1.24745102E-01
 1.00717685E+00  1.84500618E-01
 1.01207497E+00  9.23224355E-02
 9.33271561E-01 -5.47257267E-02
 8.94528433E-01 -7.54935781E-02
 8.41811719E-01 -2.95942411E-02
 6.98292752E-01 -7.61298938E-02
 5.90833844E-01 -1.23848452E-01
 6.57319419E-01 -4.55643476E-02
 8.23532937E-01  7.73059626E-02
 9.51510304E-01  1.44394858E-01
 9.98592036E-01  1.43558533E-01
 9.48175676E-01  6.12746721E-02
 8.43432936E-01 -7.55262573E-02
 8.00517663E-01 -1.74989442E-01
 8.03560962E-01 -1.95404615E-01
 7.60027313E-01 -1.49769926E-01
 7.10483224E-01 -7.54704840E-02
 7.15421854E-01 -3.91390247E-02
 7.50907633E-01 -3.13401895E-02
 7.94663403E-01  1.22365850E-02
 8.13825017E-01  6.91492710E-02
 7.71782472E-01  9.19557454E-02
 7.65009621E-01  8.05414862E-02
 9.19011902E-01  3.31102019E-02
 1.10397885E+00 -2.35720213E-02
 1.11439242E+00 -3.56627663E-02
 1.05243681E+00 -2.25992816E-02
 1.09487626E+00 -3.83694232E-02
 1.12898005E+00 -6.79004558E-02
 1.01277033E+00 -7.78175592E-02
 8.53657971E-01 -6.68621536E-02
 7.85959629E-01 -2.51992880E-02
 7.99451314E-01  5.50777310E-02
 8.72385319E-01  1.53037360E-01
 1.00143802E+00  2.30957665E-01
 1.12940191E+00  2.45500793E-01
 1.20287593E+00  1.74380632E-01
 1.21129373E+00  3.82471780E-02
 1.17368015E+00 -8.27538853E-02
 1.13843443E+00 -9.58074654E-02
 1.12901202E+00 -3.68257333E-02
 1.13649491E+00 -1.33634545E-02
 1.14849099E+00 -1.71210755E-02
 1.13631160E+00 -2.93152834E-03
 1.09100547E+00  1.21565547E-02
 1.03498796E+00  2.74796218E-02
 9.86406480E-01  4.14731696E-02
 9.67793173E-01  3.11196145E-02
 9.92463918E-01  3.87554943E-02
 1.04738044E+00  1.21694866E-01
 1.11036525E+00  2.22146238E-01
 1.15090916E+00  2.41492756E-01
 1.14439394E+00  1.73003221E-01
 1.08773385E+00  4.64970310E-02
 9.99078837E-01 -1.15647927E-01
 9.14921888E-01 -2.53679074E-01
 8.62127002E-01 -3.15793806E-01
 8.49685973E-01 -2.93884850E-01
 8.73549226E-01 -2.08598319E-01
 9.12482204E-01 -1.10014957E-01
 9.56277217E-01 -3.16084580E-02
 1.00827518E+00  2.14063634E-02
 1.06437886E+00  4.96387073E-02
 1.12271603E+00  7.13241050E-02
 1.17531731E+00  9.10627245E-02
 1.20501827E+00  9.46796823E-02
 1.20987862E+00  8.84050793E-02
