# x =
 5.17930963E+01
# y =
 3.25097170E+00
 VARIABLES = u,v
 1.19136029E+00 -2.08591973E-02
 1.18980016E+00 -3.77471174E-02
 1.17821954E+00 -6.00377488E-02
 1.15548520E+00 -9.07413798E-02
 1.11798414E+00 -1.20831435E-01
 1.06943571E+00 -1.37024360E-01
 1.02259777E+00 -1.31287991E-01
 9.87933704E-01 -1.06411148E-01
 9.75630927E-01 -7.32338814E-02
 9.92914646E-01 -3.85685498E-02
 1.03724038E+00 -7.05005019E-03
 1.09731059E+00  1.68072550E-02
 1.15523832E+00  3.27693052E-02
 1.19434600E+00  3.77012567E-02
 1.20518183E+00  2.75819265E-02
 1.19042069E+00  8.76563388E-03
 1.16400746E+00 -7.43163300E-03
 1.13558084E+00 -1.21453098E-02
 1.11012551E+00  4.92139812E-04
 1.09293398E+00  2.42736973E-02
 1.08454508E+00  4.28379859E-02
 1.08924428E+00  4.72304089E-02
 1.11275947E+00  3.59469542E-02
 1.14584552E+00  1.40964050E-02
 1.17176822E+00 -4.05283465E-03
 1.17816266E+00 -1.14887749E-02
 1.15790560E+00 -1.00206556E-02
 1.12224332E+00 -1.85445922E-03
 1.09773189E+00  6.09042917E-03
 1.09895766E+00  1.02456449E-02
 1.12764285E+00  1.32391250E-02
 1.17320355E+00  1.44161040E-02
 1.20945666E+00  1.31723052E-02
 1.22176385E+00  9.25773357E-03
 1.21040288E+00  5.50576451E-04
 1.17907805E+00 -1.01521203E-02
 1.14163873E+00 -1.67640921E-02
 1.10658632E+00 -1.57505400E-02
 1.07307405E+00 -5.49306827E-03
 1.04680665E+00  1.04014657E-02
 1.03329762E+00  2.32817942E-02
 1.03769352E+00  2.80141322E-02
 1.06679852E+00  2.35416927E-02
 1.11402798E+00  1.26058062E-02
 1.16328006E+00  2.81127809E-03
 1.20244661E+00 -1.67120606E-03
 1.22228588E+00 -1.23337377E-03
 1.22328465E+00  2.53782296E-03
 1.21659776E+00  5.09110256E-03
 1.20648406E+00  4.39308758E-03
 1.19156761E+00  2.39710348E-03
 1.17047508E+00  4.45263461E-04
 1.13788345E+00  8.17032799E-04
 1.09575664E+00  4.72535516E-03
 1.05495399E+00  1.06730705E-02
 1.02523888E+00  1.79797394E-02
 1.01739148E+00  2.59224180E-02
 1.03823299E+00  3.33371239E-02
 1.08448970E+00  3.97605593E-02
 1.14504266E+00  4.35705585E-02
 1.20222882E+00  4.23976180E-02
 1.24015331E+00  3.48299526E-02
 1.25055269E+00  2.03419729E-02
 1.23574982E+00  5.07274273E-04
 1.20808320E+00 -2.09916444E-02
 1.17531522E+00 -4.07055916E-02
 1.13934454E+00 -5.55328033E-02
 1.10078071E+00 -6.28776329E-02
 1.05619848E+00 -6.09487632E-02
 1.01029322E+00 -4.63076212E-02
 9.76946340E-01 -1.38384568E-02
 9.67978880E-01  4.19744690E-02
 9.93813020E-01  1.13940428E-01
 1.05446965E+00  1.52685829E-01
 1.13066492E+00  1.05745820E-01
 1.18421901E+00  1.58178775E-02
 1.18137813E+00 -3.30162680E-02
 1.15168670E+00 -4.86167379E-02
 1.15122817E+00 -6.89629557E-02
 1.15054037E+00 -7.45511978E-02
 1.09815162E+00 -5.48278185E-02
 1.04587297E+00 -2.99582084E-02
 1.06056559E+00 -6.39829042E-03
 1.10951004E+00  1.76906624E-02
 1.14007997E+00  3.85417947E-02
 1.15826486E+00  4.62281732E-02
 1.17263633E+00  3.18611799E-02
 1.17118123E+00  4.46902456E-03
 1.15722765E+00 -1.71672859E-02
 1.13493058E+00 -2.27173641E-02
 1.09919175E+00 -9.57251408E-03
 1.05812922E+00  7.78284886E-03
 1.02701918E+00  1.19848659E-02
 1.01809292E+00  3.96782224E-02
 1.04148303E+00  1.30634348E-01
 1.09082918E+00  1.99886873E-01
 1.14530872E+00  1.37353897E-01
 1.19109614E+00  1.73602710E-02
 1.21932851E+00 -2.49847690E-02
 1.22516509E+00 -1.65298017E-02
 1.21348576E+00 -2.38475022E-02
 1.18433131E+00 -2.45330815E-02
 1.13538603E+00 -1.16489842E-02
 1.07741060E+00 -6.88821875E-03
 1.02607479E+00  3.14474488E-03
 9.96451949E-01  4.22729119E-02
 1.00215973E+00  1.14653182E-01
 1.03975036E+00  1.76450981E-01
 1.09140673E+00  1.64566339E-01
 1.14466468E+00  9.41071106E-02
 1.18964380E+00  2.46656775E-02
 1.21828453E+00 -2.23686813E-02
 1.23020570E+00 -3.26904957E-02
 1.22007148E+00 -8.65526927E-03
 1.18173656E+00  9.02997672E-03
 1.12555398E+00  5.71763887E-03
 1.06979537E+00 -1.03944217E-03
 1.03072725E+00  2.45210293E-02
 1.02161843E+00  1.16009715E-01
 1.03776468E+00  1.91289922E-01
 1.05884075E+00  1.28410621E-01
 1.07362585E+00  9.25472505E-04
 1.07778873E+00 -4.49394362E-02
 1.07038739E+00 -3.89177794E-02
 1.06001597E+00 -5.23248328E-02
 1.04784255E+00 -6.00610579E-02
 1.02888234E+00 -5.09377144E-02
 1.00946487E+00 -3.12112244E-02
 9.98767691E-01  1.89316384E-02
 1.00457739E+00  6.47147119E-02
 1.03450697E+00  4.55816301E-02
 1.08105654E+00 -1.05996486E-02
 1.12495909E+00 -4.35268519E-02
 1.15389221E+00 -5.49823571E-02
 1.16072120E+00 -5.81332119E-02
 1.14525055E+00 -4.53138308E-02
 1.11814169E+00 -2.57215466E-02
 1.08519834E+00 -6.95476587E-03
 1.04892604E+00  2.00146887E-02
 1.01979500E+00  5.83141184E-02
 1.00840375E+00  1.07578820E-01
 1.02397754E+00  1.60428958E-01
 1.07233585E+00  1.94483823E-01
 1.13975724E+00  1.81324204E-01
 1.19887509E+00  1.06631374E-01
 1.22976777E+00  1.46048508E-02
 1.22159244E+00 -2.47901391E-02
 1.18061305E+00 -2.04791523E-02
 1.13141035E+00 -2.02270030E-02
 1.08901339E+00 -2.00314140E-02
 1.05906481E+00 -9.83158143E-03
 1.04735716E+00  8.82186520E-03
 1.05091229E+00  4.83248675E-02
 1.07097448E+00  8.42488774E-02
 1.11146642E+00  7.21155065E-02
 1.15607047E+00  3.12593615E-02
 1.18062783E+00  6.07562307E-03
 1.17207845E+00 -2.37528325E-03
 1.13251575E+00 -1.22542857E-03
 1.10216202E+00  1.11418012E-02
 1.13040133E+00  2.00272516E-02
 1.18266624E+00  1.50434396E-02
 1.18459386E+00 -4.30617132E-04
 1.14278764E+00 -2.49547376E-02
 1.09431805E+00 -5.36772001E-02
 1.04414589E+00 -8.27834470E-02
 1.00658159E+00 -1.11840098E-01
 9.77192713E-01 -1.29366902E-01
 9.28569701E-01 -1.20229512E-01
 8.95432337E-01 -7.96342648E-02
 9.31714410E-01 -1.55149145E-02
 1.00730026E+00  3.76494916E-02
 1.06651950E+00  4.09050691E-02
 1.10924041E+00  1.86003311E-02
 1.14380612E+00  2.13122585E-02
 1.16183515E+00  2.48200154E-02
 1.17172010E+00 -1.03027234E-02
 1.18258752E+00 -3.80756058E-02
 1.18999083E+00 -6.73341788E-03
 1.19112236E+00  4.44913030E-02
 1.18246043E+00  5.65069501E-02
 1.16444110E+00  3.10912798E-02
 1.14363860E+00 -1.16751467E-02
 1.11936885E+00 -5.15843749E-02
 1.08796770E+00 -5.51082717E-02
 1.04925762E+00 -4.16669376E-02
 1.00396214E+00 -6.21689389E-02
 9.60954686E-01 -8.66314641E-02
 9.35746045E-01 -6.24518725E-02
 9.36845472E-01 -2.14224493E-02
 9.65309863E-01 -7.84892254E-03
 1.01345128E+00 -3.29938037E-03
 1.06379927E+00  1.32623896E-02
 1.10376548E+00  2.42804659E-02
 1.12837376E+00  1.69052008E-02
 1.13782346E+00  3.96528238E-03
 1.14037484E+00 -1.56564655E-03
 1.14063067E+00  3.87188558E-03
 1.13831882E+00  2.26726326E-02
 1.13668483E+00  4.90475434E-02
 1.13784992E+00  6.74709179E-02
 1.14522561E+00  6.91264467E-02
 1.16325850E+00  5.34002789E-02
 1.18535132E+00  2.60119545E-02
 1.19836691E+00  1.10080623E-03
 1.19381004E+00 -1.30298214E-02
 1.16800813E+00 -1.62671773E-02
 1.12945191E+00 -1.02516896E-02
 1.09773083E+00 -1.90737544E-03
 1.08416999E+00  4.80636762E-03
 1.09089137E+00  1.10721214E-02
 1.11277611E+00  1.43961835E-02
 1.13420354E+00  1.23122551E-02
 1.14569164E+00  2.75764540E-03
 1.14578564E+00 -1.69565162E-02
 1.13163406E+00 -4.17580546E-02
 1.10494482E+00 -6.12603594E-02
 1.06707334E+00 -6.82633847E-02
 1.01849898E+00 -5.86210659E-02
 9.72416626E-01 -3.55178823E-02
 9.48257882E-01 -9.75306236E-03
 9.59407592E-01  1.19213063E-02
 1.01093391E+00  2.66945117E-02
 1.08674505E+00  3.29766104E-02
 1.15335607E+00  3.35633145E-02
 1.18827058E+00  2.86711746E-02
 1.18347396E+00  1.62141145E-02
 1.14891883E+00  3.81750315E-05
 1.11467741E+00 -1.39977970E-02
 1.09772057E+00 -2.08498846E-02
 1.09878866E+00 -1.62148823E-02
 1.11401669E+00 -4.08024538E-03
 1.12726297E+00  5.27937876E-03
 1.13189001E+00  6.23442080E-03
 1.13422253E+00 -2.28982679E-03
 1.13240938E+00 -1.52454743E-02
 1.12525921E+00 -2.07700047E-02
 1.11138967E+00 -1.30500405E-02
 1.08554775E+00  6.38941826E-03
 1.05701469E+00  3.24434111E-02
 1.04399798E+00  5.41949974E-02
 1.05628036E+00  6.47451940E-02
 1.09632414E+00  6.38349337E-02
 1.15038486E+00  5.22892334E-02
 1.18965683E+00  3.46356827E-02
 1.19704815E+00  1.41688182E-02
 1.17019001E+00 -8.94695614E-03
 1.12110799E+00 -3.13813277E-02
 1.07850267E+00 -4.91518959E-02
 1.05931445E+00 -5.85271040E-02
 1.06344659E+00 -5.56166973E-02
 1.08201599E+00 -4.26789638E-02
 1.09304972E+00 -2.65219750E-02
 1.08560131E+00 -1.18445208E-02
 1.06579701E+00 -1.45170370E-03
 1.04330617E+00  6.47882703E-03
 1.03586308E+00  1.85368224E-02
 1.05285421E+00  3.68785765E-02
 1.08816873E+00  5.91115415E-02
 1.13289159E+00  8.06431686E-02
 1.17189547E+00  9.25424775E-02
 1.19336211E+00  8.75488438E-02
 1.19533764E+00  6.07571528E-02
 1.17676507E+00  4.35112595E-03
 1.14075698E+00 -7.60102886E-02
 1.09137729E+00 -1.32857610E-01
 1.03149618E+00 -1.15220569E-01
 9.72538453E-01 -5.67663560E-02
 9.30284422E-01 -2.65901526E-02
 9.17892128E-01 -8.34212730E-03
 9.44059538E-01  3.84484473E-02
 1.00166640E+00  8.76373234E-02
 1.07005566E+00  1.11842868E-01
 1.13288827E+00  1.18452711E-01
 1.17854933E+00  1.07652162E-01
 1.20238458E+00  7.68375721E-02
 1.21045316E+00  3.73797510E-02
 1.20318805E+00  3.22628250E-03
 1.17818387E+00 -1.56128070E-02
 1.14402562E+00 -1.93906416E-02
 1.11218631E+00 -1.73399329E-02
 1.09505181E+00 -1.25730189E-02
 1.10434002E+00 -5.11942970E-03
 1.13351762E+00  2.21912511E-03
 1.16254056E+00  9.26472858E-03
 1.17841250E+00  1.23430786E-02
 1.17333443E+00  5.29339335E-03
 1.14772249E+00 -7.96891686E-03
 1.11407678E+00 -1.82741222E-02
 1.07758161E+00 -1.96327152E-02
 1.03860178E+00 -7.78516544E-03
 1.00674828E+00  1.38333081E-02
 9.91779195E-01  3.40882281E-02
 1.00265824E+00  4.73367078E-02
 1.04632371E+00  5.23520624E-02
 1.10962241E+00  4.86489023E-02
 1.16556767E+00  4.02348336E-02
 1.19552722E+00  2.88344096E-02
 1.18975010E+00  1.37165865E-02
 1.15482191E+00 -6.99246144E-05
 1.11517364E+00 -5.85742989E-03
 1.08503357E+00  9.24229218E-04
 1.06824231E+00  2.26139055E-02
 1.06766820E+00  5.18171240E-02
 1.07708815E+00  7.36164575E-02
 1.09582528E+00  7.77853532E-02
 1.12882286E+00  5.97156631E-02
 1.16619467E+00  2.30927772E-02
 1.19225107E+00 -1.88490981E-02
 1.19429670E+00 -5.72308294E-02
 1.16201912E+00 -8.78454568E-02
 1.10440383E+00 -1.05667104E-01
 1.04642856E+00 -1.09612606E-01
 1.00411582E+00 -9.69153107E-02
 9.85772861E-01 -6.40416743E-02
 9.90943795E-01 -1.87805998E-02
 1.00578610E+00  2.48925535E-02
 1.02509702E+00  5.53381780E-02
 1.05154498E+00  6.37444620E-02
 1.08119945E+00  5.35327768E-02
 1.11148082E+00  3.90191642E-02
 1.13634428E+00  2.77014395E-02
 1.14477838E+00  2.08540148E-02
 1.13743725E+00  1.53747591E-02
 1.12226477E+00  1.43913931E-03
 1.10426142E+00 -2.08205520E-02
 1.08926307E+00 -3.92373700E-02
 1.07887633E+00 -3.79449007E-02
 1.06837520E+00  3.13619927E-04
 1.05694900E+00  7.24927949E-02
 1.04416778E+00  1.41546609E-01
 1.02256249E+00  1.31307209E-01
 9.83466962E-01 -1.69135547E-02
 9.20329132E-01 -1.98784564E-01
 8.30877985E-01 -2.44713465E-01
 7.27515381E-01 -2.01875118E-01
 6.33563235E-01 -2.05584525E-01
 5.66256251E-01 -2.23368251E-01
 5.35470328E-01 -2.03015363E-01
 5.40562466E-01 -1.78705524E-01
 5.68367735E-01 -1.51931404E-01
 6.12165457E-01 -1.02410082E-01
 6.71791654E-01 -3.94293811E-02
 7.44735866E-01  2.68319003E-02
 8.29517302E-01  9.54375337E-02
 9.12241872E-01  1.87021326E-01
 9.62278841E-01  3.24474770E-01
 9.41982935E-01  4.66267631E-01
 8.37009055E-01  5.41319579E-01
 7.30930004E-01  5.34980342E-01
 7.44414422E-01  4.66202003E-01
 8.55937198E-01  3.70594873E-01
 9.59609606E-01  3.00917315E-01
 1.00120859E+00  2.33705823E-01
 9.34680658E-01  1.06169187E-01
 7.71205926E-01 -2.82022667E-02
 6.07312618E-01 -8.54808029E-02
 4.79607381E-01 -1.04589836E-01
 3.80210998E-01 -1.45029056E-01
 3.15006720E-01 -1.76580060E-01
 2.68081991E-01 -1.66109498E-01
 2.77570047E-01 -1.39089061E-01
 4.14246308E-01 -1.12691361E-01
 6.30676673E-01 -5.83671324E-02
 8.27012239E-01  3.73193672E-02
 9.71223737E-01  1.07760100E-01
 1.04370101E+00  7.97273525E-02
 1.02750978E+00  1.06677810E-02
 9.50558508E-01  2.38743284E-03
 8.36462298E-01  2.67990174E-02
 6.97885890E-01  1.84543355E-02
 5.69471937E-01 -3.31214501E-03
 4.86938764E-01 -2.33013881E-02
 4.86871669E-01 -6.72307486E-02
 5.95570494E-01 -1.29078222E-01
 7.72806667E-01 -1.53458734E-01
 9.35245320E-01 -9.71735909E-02
 1.02859237E+00 -1.92170065E-02
 1.03501786E+00 -9.10613746E-03
 1.00598104E+00 -1.30583507E-02
 1.03324661E+00  6.42501581E-02
 1.08236416E+00  1.65373072E-01
 1.05871152E+00  2.03381216E-01
 1.00910047E+00  2.11282658E-01
 1.00441605E+00  2.31787384E-01
 9.88941557E-01  2.41730172E-01
 9.11866576E-01  2.32384231E-01
 8.37881160E-01  2.35580844E-01
 8.43346141E-01  2.64741421E-01
 9.15181542E-01  2.77267712E-01
 1.00701106E+00  2.29576731E-01
 1.07710555E+00  1.72347088E-01
 1.05779497E+00  1.72349547E-01
 9.04066215E-01  1.47873597E-01
 6.44979078E-01 -2.45861907E-03
 4.01606002E-01 -1.60541931E-01
 3.13408389E-01 -1.60719705E-01
 3.21875832E-01 -7.92108212E-02
 2.65121361E-01 -6.28111305E-02
 1.83183163E-01 -9.78471383E-02
 1.78350627E-01 -1.38192713E-01
 2.18279940E-01 -1.48504359E-01
 2.75140628E-01 -5.84590376E-02
 3.42875613E-01  6.46151040E-02
 3.79722753E-01  7.32530486E-02
 4.15940591E-01  2.19240604E-02
 5.22540425E-01  3.52965529E-02
 6.64506096E-01  7.40772985E-02
 7.72299386E-01  8.47065611E-02
 8.58372094E-01  1.10395698E-01
 9.34982791E-01  1.60731282E-01
 9.42964708E-01  1.58563282E-01
 8.49276368E-01  5.23262816E-02
 7.48670418E-01 -5.93465801E-02
 7.55488618E-01 -4.30849848E-02
 8.10799040E-01  3.09257304E-02
 8.02541321E-01  3.04166309E-02
 8.01249124E-01  2.99441186E-02
 9.08526404E-01  1.26991936E-01
 1.04935787E+00  2.07233420E-01
 1.12231023E+00  1.48076668E-01
 1.13286077E+00  3.93582581E-02
 1.10660639E+00  1.15526403E-02
 1.08598800E+00  3.98556769E-02
 1.13748242E+00  6.28644372E-02
 1.20160654E+00  6.83009848E-02
 1.16217161E+00  2.98618658E-02
 1.09549312E+00 -1.76926238E-02
 1.13178342E+00  1.15484113E-02
 1.19794085E+00  7.08782111E-02
 1.18567191E+00  6.15737729E-02
 1.14750998E+00  2.09094221E-02
 1.14745149E+00  1.28368236E-02
 1.14829166E+00  9.98986172E-03
 1.11960819E+00 -1.07296859E-02
 1.08467340E+00 -2.40408717E-02
 1.05857356E+00 -1.55372408E-02
 1.04044594E+00  1.39743189E-02
 1.03851135E+00  6.77326868E-02
 1.05852405E+00  1.36401636E-01
 1.09495627E+00  1.96134774E-01
 1.13898534E+00  2.27167939E-01
 1.17235136E+00  2.14079918E-01
 1.15655870E+00  1.47181946E-01
 1.07053362E+00  4.31137452E-02
 9.86437442E-01 -3.39766364E-02
 9.98940522E-01 -1.99677844E-02
 1.04707134E+00  3.90467788E-02
 1.01605221E+00  4.71224532E-02
 9.62481382E-01  2.54787789E-02
 9.83016694E-01  3.48435067E-02
 1.03109766E+00  5.06103085E-02
 1.04654479E+00  4.93805174E-02
 1.05051594E+00  4.99706790E-02
 1.05632840E+00  5.45563505E-02
 1.05453263E+00  5.73533631E-02
 1.05713072E+00  6.49313956E-02
 1.07762381E+00  8.47634405E-02
 1.11450022E+00  1.18761685E-01
 1.15733100E+00  1.52415528E-01
 1.18818926E+00  1.61279913E-01
 1.19669025E+00  1.35906271E-01
 1.18270072E+00  8.44389827E-02
 1.15044887E+00  3.89842951E-02
 1.11204959E+00  3.74145183E-02
 1.07589782E+00  5.17191328E-02
 1.04335159E+00  2.83855900E-02
 1.01736728E+00  7.60882037E-03
 9.99446610E-01  5.31794265E-02
 9.95061978E-01  1.26133573E-01
 1.01651708E+00  1.65149249E-01
 1.07478026E+00  1.79140497E-01
 1.16141471E+00  1.79118828E-01
 1.20736356E+00  1.36177567E-01
 1.13717979E+00  4.05180869E-02
 1.01341276E+00 -6.73663057E-02
 9.58575361E-01 -1.34566391E-01
 9.59658110E-01 -1.34962915E-01
 9.58162231E-01 -7.08878001E-02
 9.76413470E-01  6.70399356E-03
 1.02217173E+00  2.37685074E-02
 1.06134225E+00  4.74499946E-04
 1.08459053E+00  8.99210681E-03
 1.10239760E+00  3.34115460E-02
 1.12303181E+00  3.56212768E-02
 1.14144637E+00  2.86636886E-02
 1.14632430E+00  1.66814978E-02
 1.14110552E+00  3.33051777E-03
 1.13413194E+00  1.02852098E-02
 1.13130476E+00  2.46876382E-02
 1.14150857E+00  1.76388242E-02
 1.16334984E+00  2.89497379E-03
 1.18375435E+00  3.04843633E-03
 1.19053269E+00  1.91019642E-03
 1.16573762E+00 -2.38927546E-02
 1.07964031E+00 -7.85303870E-02
 9.30860350E-01 -1.52806656E-01
 8.16796824E-01 -1.94354036E-01
 8.49959683E-01 -1.41378970E-01
 9.52378260E-01 -4.22745652E-02
 9.71228026E-01  5.22629326E-03
 9.55462887E-01  1.68132255E-02
 1.01050289E+00  4.43476498E-02
 1.08749539E+00  6.36515678E-02
 1.13277939E+00  5.67632182E-02
 1.17425939E+00  4.60149969E-02
 1.21677129E+00  3.71921669E-02
 1.23561807E+00  2.13547453E-02
 1.22418494E+00 -3.52886886E-03
 1.18911925E+00 -2.96795352E-02
 1.13923738E+00 -4.57719910E-02
 1.08413164E+00 -4.80372531E-02
 1.03616822E+00 -3.61353455E-02
 1.00909922E+00 -1.02118777E-02
 1.01054950E+00  2.30596718E-02
 1.03662764E+00  5.28783727E-02
 1.07486902E+00  6.78488372E-02
 1.11348315E+00  5.78113451E-02
 1.14254383E+00  2.01526296E-02
 1.15559683E+00 -3.19280111E-02
 1.15263099E+00 -7.44784266E-02
 1.13188548E+00 -9.05207685E-02
 1.09446624E+00 -7.42361682E-02
 1.05797542E+00 -3.65231174E-02
 1.04575882E+00 -4.25863674E-03
 1.06940412E+00  7.26214698E-03
 1.12033392E+00 -2.74209529E-03
 1.14792573E+00 -2.68100114E-02
 1.09111013E+00 -4.46726171E-02
 9.75454870E-01 -4.65805553E-02
 8.78255690E-01 -3.73640774E-02
 8.22410475E-01 -2.16753123E-02
 8.08710849E-01 -9.99872541E-03
 8.27591766E-01 -7.43157329E-03
 8.41356424E-01 -8.21267589E-03
 8.75324182E-01 -9.73546898E-03
 9.81731237E-01 -8.81388508E-03
 1.09719998E+00 -3.13327452E-03
 1.13163128E+00  3.73089901E-03
 1.11990903E+00  1.03039667E-02
 1.12776044E+00  1.62041107E-02
 1.13693256E+00  1.98811723E-02
 1.12376492E+00  2.14778320E-02
 1.10920412E+00  1.97976687E-02
 1.10233216E+00  1.24332053E-02
 1.10068329E+00 -1.06663722E-03
 1.10741581E+00 -1.94865583E-02
 1.09999259E+00 -3.82493142E-02
 1.05310250E+00 -5.00119168E-02
 1.00670952E+00 -4.99096460E-02
 1.01762541E+00 -3.70233097E-02
 1.05103707E+00 -1.63075488E-02
 1.04664544E+00  1.97577140E-03
 1.04088503E+00  1.07719197E-02
 1.08559075E+00  7.96611590E-03
 1.14171312E+00 -3.45435140E-03
 1.15673458E+00 -1.47081243E-02
 1.13498548E+00 -2.09335839E-02
 1.08742650E+00 -2.24550857E-02
 1.01739828E+00 -2.09981312E-02
 9.49339134E-01 -2.17375888E-02
 9.06995445E-01 -2.65338465E-02
 8.97647083E-01 -3.24762950E-02
 9.17347547E-01 -3.79092108E-02
 9.50039529E-01 -4.03811302E-02
 9.86086601E-01 -3.85930569E-02
 1.02401631E+00 -3.44390178E-02
 1.05823675E+00 -2.86278716E-02
 1.08620749E+00 -2.15876209E-02
 1.10219624E+00 -1.43897909E-02
 1.09734333E+00 -7.13821221E-03
 1.07902439E+00 -5.88438043E-04
 1.06395080E+00  3.86143921E-03
 1.06383624E+00  5.48343486E-03
 1.08637808E+00  3.82952925E-03
 1.12379048E+00 -6.74378809E-04
 1.15372617E+00 -6.57668324E-03
 1.16402947E+00 -1.25999128E-02
 1.15192511E+00 -1.77489507E-02
 1.11995891E+00 -2.15810197E-02
 1.08160660E+00 -2.41778221E-02
 1.04389865E+00 -2.44952296E-02
 1.00670491E+00 -2.01354695E-02
 9.77179278E-01 -7.54305656E-03
 9.61938506E-01  1.61191601E-02
 9.66487897E-01  4.71231861E-02
 9.95822271E-01  7.16684778E-02
 1.03899009E+00  6.23179339E-02
 1.07437790E+00 -6.84867137E-04
 1.08746217E+00 -7.69932539E-02
 1.07157259E+00 -1.00395356E-01
 1.03604439E+00 -7.60360082E-02
 1.00602486E+00 -4.52665584E-02
 9.96552558E-01 -1.81216309E-02
 1.01103047E+00 -3.90881780E-03
 1.04548409E+00  6.31414801E-03
 1.08330627E+00  4.48041766E-02
 1.11535852E+00  8.15664169E-02
 1.14145373E+00  6.19453297E-02
 1.15513133E+00  1.16288636E-02
 1.15213893E+00 -2.00976803E-02
 1.12873106E+00 -3.51963567E-02
 1.08128981E+00 -4.00628308E-02
 1.02484919E+00 -2.75631221E-02
 9.85973443E-01 -7.53038261E-03
 9.82882206E-01  1.06347129E-02
 1.02403445E+00  2.83767860E-02
 1.09626480E+00  4.34622956E-02
 1.16594580E+00  5.38806522E-02
 1.21113612E+00  5.50897481E-02
 1.22347803E+00  3.88912376E-02
 1.20483148E+00  6.77772057E-03
 1.17351251E+00 -3.34426292E-02
 1.13782696E+00 -7.52469053E-02
 1.09490828E+00 -1.10140382E-01
 1.04979690E+00 -1.32017001E-01
 1.00597132E+00 -1.39335980E-01
 9.71471428E-01 -1.28460122E-01
 9.61295908E-01 -9.76925629E-02
 9.76010455E-01 -5.43419714E-02
 1.00689469E+00 -1.00874929E-02
 1.04776908E+00  2.40073903E-02
 1.08963054E+00  3.93672745E-02
 1.12716949E+00  3.79108894E-02
 1.16123763E+00  3.05096004E-02
 1.18686142E+00  2.31217401E-02
 1.19802036E+00  1.77272757E-02
 1.19662232E+00  1.44496338E-02
 1.18700310E+00  8.39778424E-03
 1.17433942E+00  4.16065599E-05
 1.16452659E+00 -5.24702062E-03
 1.15555820E+00 -7.25432147E-03
 1.13988382E+00 -6.72590900E-03
 1.11610408E+00 -5.05870259E-03
 1.08739540E+00 -6.37547535E-03
 1.06060952E+00 -1.03327541E-02
 1.04761907E+00 -1.33083565E-02
 1.05411110E+00 -1.43753803E-02
 1.07775233E+00 -1.28622934E-02
 1.11248873E+00 -8.18904718E-03
 1.14670106E+00 -1.68126804E-03
 1.17107618E+00  6.45378558E-03
 1.18236214E+00  1.62710586E-02
 1.18059877E+00  2.45556357E-02
 1.17058555E+00  2.70144313E-02
 1.15552519E+00  2.10558085E-02
 1.13553918E+00  6.15234372E-03
 1.11263027E+00 -1.32740795E-02
 1.08855460E+00 -2.87011758E-02
 1.06734584E+00 -3.40229772E-02
 1.05557178E+00 -2.63313290E-02
 1.05519957E+00 -6.48343414E-03
 1.06513601E+00  1.99701591E-02
 1.08410777E+00  4.93725239E-02
 1.10855541E+00  8.02180570E-02
 1.13484002E+00  1.09835387E-01
 1.15956672E+00  1.36189925E-01
 1.17565467E+00  1.54470505E-01
 1.17390527E+00  1.56585294E-01
 1.14561329E+00  1.36158564E-01
 1.08363082E+00  8.90080556E-02
 9.87616109E-01  1.62423140E-02
 8.68636391E-01 -7.12476109E-02
 7.52936325E-01 -1.51104513E-01
 6.76537274E-01 -1.95539438E-01
 6.66648860E-01 -1.88172604E-01
 7.31686857E-01 -1.34873403E-01
 8.48828800E-01 -7.68482877E-02
 9.68625833E-01 -6.57978924E-02
 1.05423527E+00 -8.53283698E-02
 1.08873628E+00 -8.06062055E-02
 1.07739652E+00 -5.34854994E-02
 1.05257900E+00 -2.53097983E-02
 1.03098392E+00 -9.05634774E-04
 1.01237592E+00  5.52353698E-03
 1.00368425E+00  1.63374871E-02
 1.00438327E+00  7.68255385E-02
 1.02150113E+00  1.57650047E-01
 1.07020707E+00  1.95583701E-01
 1.13661217E+00  1.77737921E-01
 1.19099783E+00  1.11568386E-01
 1.21195581E+00  2.72029758E-02
 1.18296790E+00 -2.11905169E-02
 1.11345500E+00 -5.38500380E-02
 1.03806386E+00 -1.25203840E-01
 9.76255476E-01 -1.83287880E-01
 9.35910005E-01 -1.53845837E-01
 9.21842570E-01 -7.63295268E-02
 9.24698922E-01 -1.61284662E-02
 9.44157798E-01  2.60292642E-02
 9.87826873E-01  5.33113438E-02
 1.04454842E+00  5.54195623E-02
 1.09677714E+00  4.59904640E-02
 1.12903351E+00  3.55320085E-02
 1.12632169E+00  1.97694119E-02
 1.09608354E+00  4.73808534E-04
 1.06379921E+00 -2.11333273E-02
 1.04388501E+00 -3.94625686E-02
 1.04223194E+00 -4.30139227E-02
 1.05464879E+00 -3.48414050E-02
 1.06213039E+00 -2.64519999E-02
 1.05779424E+00 -2.43433145E-02
 1.04682724E+00 -3.38068020E-02
 1.03125453E+00 -5.08969156E-02
 1.01821827E+00 -6.16721215E-02
 1.01045486E+00 -6.04190121E-02
 1.00282339E+00 -4.77268248E-02
 9.98960250E-01 -2.48262286E-02
 1.00535158E+00  1.06781775E-03
 1.02409019E+00  2.50838295E-02
 1.05577892E+00  4.53115776E-02
 1.09013486E+00  5.23809419E-02
 1.10829630E+00  3.56522602E-02
 1.09949026E+00 -9.79931713E-03
 1.06240348E+00 -8.16573482E-02
 1.00881706E+00 -1.59364014E-01
 9.63555879E-01 -2.09632521E-01
 9.42751135E-01 -2.10691747E-01
 9.49710166E-01 -1.58300266E-01
 9.76312778E-01 -7.51270298E-02
 1.00121473E+00 -6.90815293E-03
 1.01327964E+00  2.01013318E-02
 1.01609133E+00  8.40498197E-03
 1.01992744E+00 -9.00823430E-03
 1.04449010E+00  1.65660091E-02
 1.09756538E+00  6.37374532E-02
 1.16836741E+00  7.02011189E-02
 1.23755062E+00  4.47204239E-02
 1.27571463E+00  1.98285234E-02
 1.26365368E+00 -2.41371925E-03
 1.20232783E+00 -1.06577806E-02
 1.10751741E+00 -9.31885461E-03
 1.01080605E+00 -2.49932881E-02
 9.36982528E-01 -4.16950773E-02
 8.95876468E-01 -2.79331809E-02
 8.88514071E-01 -6.85612261E-05
 9.02756270E-01  1.58676807E-02
 9.32718617E-01  2.54590569E-02
 9.80883458E-01  3.54764596E-02
 1.04078968E+00  3.97022726E-02
 1.10481267E+00  3.83212577E-02
 1.16113656E+00  3.60642864E-02
 1.19288984E+00  3.35502012E-02
 1.19908874E+00  3.05650071E-02
 1.18988009E+00  2.65100353E-02
 1.17178258E+00  1.97065133E-02
 1.15244629E+00  5.51372772E-03
 1.13531304E+00 -2.91211106E-02
 1.11652696E+00 -8.79559060E-02
 1.09925146E+00 -1.27150894E-01
 1.08896852E+00 -9.41858096E-02
 1.08175876E+00 -2.32460967E-02
 1.07096495E+00  1.75243975E-02
 1.04939033E+00  4.54043098E-02
 1.00901266E+00  9.42973675E-02
 9.51685205E-01  1.19091542E-01
 8.87336905E-01  7.11143427E-02
 8.21821058E-01 -3.96566994E-02
 7.60337135E-01 -1.77574418E-01
 7.10110035E-01 -2.68472336E-01
 6.76007044E-01 -2.29978238E-01
 6.65319903E-01 -1.15838608E-01
 6.85473773E-01 -4.96207146E-02
 7.33437160E-01 -1.04332758E-02
 8.00305580E-01  6.95967126E-02
 8.80101793E-01  1.46722226E-01
 9.69687587E-01  1.82119064E-01
 1.07474505E+00  2.08719736E-01
 1.18986030E+00  2.39004365E-01
 1.24353629E+00  2.30164823E-01
 1.15928626E+00  1.48706571E-01
 1.00617693E+00  4.54167126E-02
 9.14171501E-01 -4.58945657E-03
 8.78174671E-01 -1.81389314E-02
 8.48322755E-01 -3.95539614E-02
 8.50531572E-01 -4.12636150E-02
 8.90894788E-01  3.76379249E-03
 9.31703665E-01  6.17645148E-02
 9.57220989E-01  9.48724353E-02
 9.70309513E-01  8.77903663E-02
 9.72566848E-01  4.06585320E-02
 9.52034410E-01  1.18546324E-02
 8.96340041E-01  7.54122738E-02
 8.24736341E-01  1.72719167E-01
 7.70399905E-01  1.89737402E-01
 7.53070763E-01  1.60075814E-01
 7.78279978E-01  1.57149625E-01
 8.11851908E-01  1.30579716E-01
 8.09534592E-01  3.77700138E-02
 8.24853011E-01 -4.04902077E-02
 9.38809303E-01 -2.78882947E-02
 1.07958631E+00  1.73697311E-02
 1.12989887E+00  7.37285521E-03
 1.12206685E+00 -2.38236233E-02
 1.12219079E+00 -1.27840469E-02
 1.09709893E+00  1.92145040E-02
 1.02123117E+00  4.94321239E-02
 9.36604238E-01  9.39364870E-02
 8.76219388E-01  1.43537225E-01
 8.38737689E-01  1.54583528E-01
 8.24457536E-01  1.02164005E-01
 8.47308364E-01  4.27364527E-02
 9.13038170E-01  5.89786817E-02
 1.00525230E+00  1.26326939E-01
 1.09870077E+00  1.67813437E-01
 1.16942765E+00  1.63676490E-01
 1.19759931E+00  1.09406071E-01
 1.18649160E+00  3.26820363E-02
 1.15954678E+00  4.82040783E-03
 1.12931844E+00  1.59401062E-02
 1.10060848E+00  8.13412759E-03
 1.07622624E+00 -2.26829632E-03
 1.04933846E+00  8.86956364E-03
 1.02474560E+00  1.73266846E-02
 1.01748640E+00  1.12852376E-02
 1.02992050E+00  4.35336394E-03
 1.06018727E+00  5.52672247E-03
 1.10383711E+00  1.26657173E-02
 1.14789259E+00  2.10916734E-02
 1.18387280E+00  2.72192984E-02
 1.20761257E+00  2.48793276E-02
 1.21094555E+00  1.13139479E-02
 1.18965615E+00 -8.67223525E-03
 1.14916651E+00 -2.66577112E-02
 1.09995802E+00 -3.14682837E-02
 1.05436889E+00 -1.56710268E-02
 1.02484910E+00  1.94222693E-02
 1.01738459E+00  6.26319071E-02
 1.03099514E+00  9.47949270E-02
 1.06562174E+00  1.02214801E-01
 1.11705194E+00  8.12789066E-02
 1.16819940E+00  3.95912529E-02
 1.19689929E+00 -3.68182837E-03
 1.18545906E+00 -3.56468430E-02
 1.12739779E+00 -5.23454226E-02
 1.04491896E+00 -5.29571363E-02
 9.81519582E-01 -4.44181774E-02
 9.66090989E-01 -2.99008331E-02
 1.00754705E+00 -8.32877589E-03
 1.08767172E+00  1.16013817E-02
 1.15990402E+00  1.87131794E-02
 1.19635816E+00  5.20085177E-03
 1.19239186E+00 -3.20912406E-02
 1.15272618E+00 -7.60589809E-02
 1.10219124E+00 -9.63754151E-02
 1.05361163E+00 -7.77344545E-02
 1.00379944E+00 -2.48303185E-02
 9.63494566E-01  2.72174834E-02
 9.43286343E-01  3.37639694E-02
 9.53402247E-01  2.34453548E-02
 1.00630892E+00  5.46775638E-02
 1.08627820E+00  8.75620078E-02
 1.15836915E+00  5.88258317E-02
 1.19897288E+00  8.94856186E-03
 1.19455034E+00 -5.31341765E-03
 1.15533850E+00 -7.29538477E-03
 1.11648384E+00 -2.58185267E-02
 1.09690864E+00 -3.82475265E-02
 1.09924163E+00 -2.59707445E-02
 1.11997572E+00 -2.90161978E-03
 1.13984918E+00  1.76161249E-02
 1.15100606E+00  3.21440860E-02
 1.15924636E+00  3.49076711E-02
 1.15935182E+00  2.66069315E-02
 1.14673909E+00  1.74491141E-02
 1.11782852E+00  1.18927232E-02
 1.06709971E+00  9.67717882E-03
 1.01000566E+00  1.06052051E-02
 9.75439658E-01  1.07157553E-02
 9.80820303E-01  9.44747668E-03
 1.03206567E+00  1.01886277E-02
 1.11226175E+00  1.18465275E-02
 1.18239374E+00  1.22496874E-02
 1.21793065E+00  9.99353684E-03
 1.21226228E+00  2.87763300E-03
 1.17339154E+00 -6.65522557E-03
 1.12968796E+00 -1.25870816E-02
 1.09719518E+00 -1.19159532E-02
 1.07573510E+00 -3.91343780E-03
 1.06647378E+00  9.07784514E-03
 1.06236822E+00  2.08297031E-02
 1.06304530E+00  2.76978799E-02
 1.07816205E+00  2.91393455E-02
 1.10356035E+00  2.56694316E-02
 1.12952665E+00  2.03532954E-02
 1.14832978E+00  1.47701586E-02
 1.15050474E+00  8.20508341E-03
 1.14078461E+00  1.01607954E-03
 1.13547894E+00 -6.70518560E-03
 1.14165565E+00 -1.40735145E-02
 1.15946557E+00 -1.86441571E-02
 1.18094148E+00 -1.95276231E-02
 1.18755476E+00 -1.68153154E-02
 1.17073774E+00 -1.05794638E-02
 1.13387469E+00 -1.92677992E-03
 1.08522060E+00  7.93409547E-03
 1.04177848E+00  1.79822682E-02
 1.01521983E+00  2.64865965E-02
 1.00718582E+00  3.18092953E-02
 1.01717945E+00  3.33111119E-02
 1.03895622E+00  3.09742159E-02
 1.06806686E+00  2.50726012E-02
 1.10473546E+00  1.64133681E-02
 1.14486015E+00  6.20696274E-03
 1.18317956E+00 -4.11091220E-03
 1.21282189E+00 -1.25601510E-02
 1.22416963E+00 -1.71662684E-02
 1.21379411E+00 -1.71212382E-02
 1.18368358E+00 -1.25435014E-02
 1.13695778E+00 -3.76354992E-03
 1.08129965E+00  8.32143525E-03
 1.02825623E+00  2.22976711E-02
 9.90056289E-01  3.65439106E-02
 9.78717416E-01  4.87752115E-02
 1.00086313E+00  5.66568485E-02
 1.04912266E+00  5.92185602E-02
 1.10567883E+00  5.65353364E-02
 1.15526254E+00  4.88818633E-02
 1.18682873E+00  3.71517807E-02
 1.19744564E+00  2.27573821E-02
 1.19421367E+00  7.29243229E-03
 1.17880357E+00 -6.86518220E-03
 1.14997671E+00 -1.72402085E-02
 1.11480861E+00 -2.28492720E-02
 1.08175346E+00 -2.38022694E-02
 1.06128944E+00 -2.03761522E-02
 1.06450139E+00 -1.34589294E-02
 1.08697816E+00 -4.35778034E-03
 1.11335452E+00  5.55038645E-03
 1.13351048E+00  1.40845796E-02
 1.14040233E+00  1.90161041E-02
 1.13359655E+00  1.97794917E-02
 1.12214089E+00  1.70246685E-02
 1.10839173E+00  1.16917999E-02
 1.09050473E+00  5.47963295E-03
 1.07367210E+00  5.76418662E-04
 1.06323041E+00 -1.02813247E-03
 1.06529260E+00  2.54838144E-03
 1.08669435E+00  1.17315272E-02
 1.12175372E+00  2.30051470E-02
 1.15608765E+00  3.04032212E-02
 1.17984008E+00  2.96797724E-02
 1.18604834E+00  1.94438373E-02
 1.17397302E+00  3.51342005E-03
 1.15146227E+00 -9.72509341E-03
 1.12192064E+00 -1.51880277E-02
 1.08613659E+00 -1.19878134E-02
 1.05053525E+00 -2.72018638E-03
 1.02169252E+00  5.55679654E-03
 1.00751257E+00  9.09326356E-03
 1.01658833E+00  8.58546748E-03
 1.04686158E+00  5.45019292E-03
 1.08842505E+00  3.59136978E-03
 1.13306163E+00  4.67931759E-03
 1.17215707E+00  6.63687145E-03
 1.19905643E+00  8.14086843E-03
 1.21177631E+00  7.31646909E-03
 1.20539048E+00  3.33405635E-03
 1.17555938E+00 -1.83998888E-03
 1.12775594E+00 -6.38116458E-03
 1.07279196E+00 -8.23712800E-03
 1.02267431E+00 -5.47867294E-03
 9.90287493E-01  2.19713464E-03
 9.81492286E-01  1.43747626E-02
 9.94823641E-01  2.96986673E-02
 1.03047619E+00  4.59053228E-02
 1.08581589E+00  6.00142378E-02
 1.14916014E+00  6.72320673E-02
 1.20529412E+00  6.22788269E-02
 1.23811792E+00  4.21210829E-02
 1.23465858E+00  7.83318682E-03
 1.19812862E+00 -3.18257993E-02
 1.14471186E+00 -6.24652721E-02
 1.08674940E+00 -7.31305366E-02
 1.03427433E+00 -5.90003301E-02
 9.94795533E-01 -2.49974667E-02
 9.68828437E-01  1.43595128E-02
 9.62941722E-01  4.86540666E-02
 9.85934874E-01  7.26669051E-02
 1.03283988E+00  8.33824925E-02
 1.09184262E+00  8.36571366E-02
 1.14958623E+00  7.31163581E-02
 1.19006774E+00  4.89387709E-02
 1.20678702E+00  1.72024895E-02
 1.20271459E+00 -1.24729321E-02
 1.17725284E+00 -3.11069560E-02
 1.13262166E+00 -3.06364506E-02
 1.08137713E+00 -1.49254604E-02
 1.03899022E+00  2.58860336E-03
 1.02134355E+00  1.39284827E-02
 1.03967688E+00  1.54091070E-02
 1.08403554E+00  8.27666429E-03
 1.12897981E+00  1.45418788E-03
 1.15725133E+00 -1.95235411E-03
 1.16009281E+00 -4.00389898E-03
 1.14083953E+00 -2.78306684E-03
 1.11810330E+00  2.36216896E-03
 1.10000877E+00  1.26858344E-02
 1.08525379E+00  3.07746461E-02
 1.07815423E+00  5.02508247E-02
 1.07932432E+00  5.94306036E-02
 1.09227619E+00  5.09535429E-02
 1.12416165E+00  2.13630326E-02
 1.16542521E+00 -2.38527871E-02
 1.19694965E+00 -6.99032575E-02
 1.20532435E+00 -1.05845326E-01
 1.18110589E+00 -1.24487577E-01
 1.12919631E+00 -1.19473886E-01
 1.06958172E+00 -8.98620413E-02
 1.01565045E+00 -3.42968599E-02
 9.76337974E-01  4.70690175E-02
 9.62433994E-01  1.41274102E-01
 9.76630963E-01  2.27120355E-01
 1.01723106E+00  2.81897160E-01
 1.07189245E+00  2.81801114E-01
 1.09482659E+00  2.10958227E-01
 1.04417200E+00  8.77232123E-02
 9.63927532E-01  5.73559438E-03
 9.33816016E-01  6.16399788E-02
 9.43438747E-01  1.74751329E-01
 9.45203151E-01  1.85741736E-01
 9.41408942E-01  1.19258583E-01
 9.36019723E-01  6.60840537E-02
 9.41801093E-01  3.51473605E-03
 9.91847517E-01 -7.61485710E-02
 1.04946383E+00 -1.24235470E-01
 1.04021997E+00 -1.28894384E-01
 9.60662945E-01 -1.07486579E-01
 8.51562796E-01 -7.57827235E-02
 7.84680527E-01 -3.65606103E-02
 8.43826689E-01  1.36477657E-02
 9.68013588E-01  6.17784834E-02
 1.01864786E+00  9.16669951E-02
 1.02786582E+00  9.49520018E-02
 1.08195117E+00  6.92102720E-02
 1.12375983E+00  4.07198029E-02
 1.09019275E+00  5.23388988E-02
 1.00522037E+00  1.15241109E-01
 8.94833764E-01  1.96158857E-01
 7.96274255E-01  1.94483918E-01
 7.61239186E-01  2.11973525E-02
 7.46946989E-01 -1.69762595E-01
 6.75384940E-01 -1.40793586E-01
 6.19373080E-01 -9.42826043E-03
 6.91465371E-01 -1.90142445E-02
 8.26117746E-01 -8.85247067E-02
 9.08696588E-01 -7.19303892E-02
 9.44237931E-01 -1.71208438E-02
 9.58740066E-01  4.59008743E-02
 9.60626405E-01  1.38134274E-01
 9.89835295E-01  2.18638445E-01
 1.03301019E+00  2.51795505E-01
 1.03764856E+00  2.43386175E-01
 1.04697233E+00  2.23699773E-01
 1.11905479E+00  2.29840627E-01
 1.17960218E+00  2.16697329E-01
 1.13548629E+00  1.04236735E-01
 1.03620249E+00 -6.83142484E-02
 9.70016349E-01 -2.05521825E-01
 9.26491750E-01 -2.59460402E-01
 8.80092988E-01 -2.01193772E-01
 8.45780308E-01 -8.79407268E-02
 8.22021813E-01 -4.21919623E-02
 8.18118999E-01 -4.31370127E-02
 8.62508691E-01  2.62835302E-03
 9.29878225E-01  6.95530004E-02
 9.80189555E-01  1.18544248E-01
 1.05093860E+00  1.71976856E-01
 1.17492193E+00  2.13890707E-01
 1.23847959E+00  1.73097724E-01
 1.11650437E+00  1.53929203E-02
 9.25588097E-01 -1.43201184E-01
 8.64285116E-01 -1.45299960E-01
 9.08130771E-01 -5.80084483E-02
 9.56556517E-01 -4.15905123E-02
 1.00675292E+00 -6.92780562E-02
 1.03473568E+00 -7.16006530E-02
 1.02886053E+00 -6.59075212E-02
 1.04213304E+00 -4.31389431E-02
 1.05630614E+00 -8.87281634E-03
 1.02406287E+00 -1.00182584E-02
 9.96315774E-01 -6.21169690E-03
 1.03105841E+00  6.66361154E-02
 1.09046659E+00  1.37641399E-01
 1.11976659E+00  1.11404990E-01
 1.13130913E+00  4.46228050E-02
 1.14822832E+00  2.83062795E-02
 1.15876126E+00  2.29063857E-02
 1.15828895E+00 -2.46269199E-02
 1.15160286E+00 -5.76075988E-02
 1.13231869E+00 -2.51690195E-02
 1.10155651E+00  1.60349213E-02
 1.06957329E+00  2.86436480E-03
 1.04364285E+00 -2.28701967E-02
 1.03209427E+00 -5.82420435E-04
 1.04107267E+00  3.44903450E-02
 1.07045529E+00  3.39060220E-02
 1.11832730E+00  2.86207025E-02
 1.17643350E+00  4.47326525E-02
 1.22294658E+00  2.45011936E-02
 1.23148595E+00 -7.67764626E-02
 1.18768195E+00 -1.62805616E-01
 1.09904369E+00 -1.15461268E-01
 1.01237730E+00 -1.45514455E-02
 9.84908718E-01 -4.03141807E-04
 9.96034516E-01 -2.19262553E-02
 9.90588210E-01  1.36463145E-02
 1.00259817E+00  5.78743994E-02
 1.08000695E+00  6.09304246E-02
 1.16503760E+00  5.11020713E-02
 1.18842316E+00  4.15790536E-02
 1.17784154E+00  2.01684074E-02
 1.17939400E+00 -8.16439922E-03
 1.17571115E+00 -2.89707400E-02
 1.14640148E+00 -3.40844182E-02
 1.10842651E+00 -2.59229034E-02
 1.07415421E+00 -1.28283891E-02
 1.04996058E+00  1.53424684E-03
 1.05032268E+00  1.54521759E-02
 1.07340609E+00  2.74891317E-02
 1.10262962E+00  3.98749610E-02
 1.12876358E+00  5.07053179E-02
 1.14555616E+00  5.47200984E-02
 1.15166833E+00  5.19937368E-02
 1.15499587E+00  4.44293772E-02
 1.15553024E+00  3.38788375E-02
 1.14764810E+00  2.39553284E-02
 1.13242320E+00  1.51096809E-02
 1.11131554E+00  5.10284132E-03
 1.08827155E+00 -5.44905573E-03
 1.07188689E+00 -1.49069982E-02
 1.06481321E+00 -2.19826896E-02
 1.06556105E+00 -2.43369160E-02
 1.07459691E+00 -2.14776389E-02
 1.09002847E+00 -1.51023803E-02
 1.10722328E+00 -6.67554919E-03
 1.12156377E+00  1.75478927E-03
 1.12730349E+00  8.01418380E-03
 1.12021004E+00  1.11869492E-02
 1.10351076E+00  1.13494440E-02
 1.08538541E+00  9.68186267E-03
 1.07160529E+00  8.03523955E-03
 1.06553793E+00  8.79051619E-03
 1.06659868E+00  1.53939952E-02
 1.06948750E+00  3.10295570E-02
 1.07306379E+00  5.66176519E-02
 1.07997046E+00  8.87138962E-02
 1.09176446E+00  1.15667788E-01
 1.11096961E+00  1.20853234E-01
 1.13637583E+00  9.33749075E-02
 1.16103140E+00  3.22505425E-02
 1.17671462E+00 -4.75548739E-02
 1.17438251E+00 -1.17614773E-01
 1.14889439E+00 -1.57563025E-01
 1.10411613E+00 -1.59516565E-01
 1.05502994E+00 -1.29547754E-01
 1.02423298E+00 -8.97645393E-02
 1.02749012E+00 -5.39453481E-02
 1.06717961E+00 -2.53324350E-02
 1.12641861E+00 -7.17026210E-03
 1.17190530E+00  4.61733891E-03
 1.18157590E+00  9.25655525E-03
 1.15052845E+00  7.66765618E-04
 1.09097536E+00 -1.19957001E-02
 1.03457004E+00 -1.39662209E-02
 1.00100419E+00  5.61685592E-03
 9.93742293E-01  5.33205190E-02
 1.01293845E+00  1.14886990E-01
 1.04698235E+00  1.59453457E-01
 1.09039444E+00  1.68358401E-01
 1.14606426E+00  1.36053755E-01
 1.20204229E+00  7.29328944E-02
 1.24167687E+00  8.44183846E-03
 1.25078818E+00 -3.96337158E-02
 1.21679351E+00 -6.75604690E-02
 1.14999587E+00 -7.37811084E-02
 1.07901231E+00 -6.72898860E-02
 1.02391207E+00 -5.11388075E-02
 9.97784193E-01 -2.02111885E-02
 1.00239534E+00  1.83087867E-02
 1.02321025E+00  5.33656855E-02
 1.05456073E+00  7.46309754E-02
 1.09689477E+00  7.06286340E-02
 1.14008044E+00  4.61086549E-02
 1.17427835E+00  1.86505820E-02
 1.18816848E+00 -9.52208757E-04
 1.17047842E+00 -6.27736445E-03
 1.13321050E+00  1.81814571E-03
 1.10347749E+00  1.17876037E-02
 1.09837927E+00  1.97949209E-02
 1.12521591E+00  2.81588403E-02
 1.17143533E+00  3.41582388E-02
 1.20450597E+00  3.67822119E-02
 1.20762918E+00  3.29668721E-02
 1.18123954E+00  1.67493903E-02
 1.13473459E+00 -7.35359836E-03
 1.09311654E+00 -2.86583983E-02
 1.06969084E+00 -4.04825258E-02
 1.06111520E+00 -3.82859352E-02
 1.06479829E+00 -2.49020625E-02
 1.07121846E+00 -1.10250504E-02
 1.07536284E+00 -1.60383925E-03
 1.08242281E+00  3.58260661E-03
 1.09095606E+00  6.28800884E-03
 1.09825501E+00  1.28049788E-02
 1.10280374E+00  2.51375293E-02
 1.10073657E+00  3.95327009E-02
 1.09766093E+00  5.32138034E-02
 1.10560733E+00  6.18677256E-02
 1.13008776E+00  6.25695542E-02
 1.17026460E+00  5.63054037E-02
 1.21292478E+00  4.32866409E-02
 1.23398511E+00  2.44030669E-02
 1.21947307E+00  2.12733743E-03
 1.16916916E+00 -2.06864305E-02
 1.09802714E+00 -3.78698027E-02
 1.03670693E+00 -4.15696705E-02
 1.00589755E+00 -2.72463023E-02
 1.01087230E+00  4.58935788E-03
 1.04573207E+00  4.41924773E-02
 1.08925807E+00  7.46270631E-02
 1.12773779E+00  8.36487113E-02
 1.15838126E+00  6.69524323E-02
 1.17551597E+00  3.18713193E-02
 1.17855478E+00 -2.97314021E-03
 1.16414251E+00 -2.53501916E-02
 1.12562283E+00 -3.16749922E-02
 1.07395354E+00 -2.39466794E-02
 1.02988153E+00 -1.30180553E-02
 1.00962561E+00 -3.61871337E-03
 1.02517006E+00  6.84547520E-03
 1.06949232E+00  1.70175923E-02
 1.11814437E+00  2.68590998E-02
 1.15668888E+00  3.40192610E-02
 1.17937408E+00  3.20336854E-02
 1.18596653E+00  2.24084167E-02
 1.18781431E+00  1.13108749E-02
 1.18736404E+00  2.42135265E-03
 1.17841408E+00 -6.08444892E-04
 1.16332709E+00  1.07278921E-03
 1.14482522E+00  1.07944749E-03
 1.12708118E+00 -2.61285155E-03
 1.11811402E+00 -8.91337865E-03
 1.11407977E+00 -1.63218051E-02
 1.10372298E+00 -2.05825247E-02
 1.08285238E+00 -2.00718706E-02
 1.05217661E+00 -1.66769557E-02
 1.02224740E+00 -1.13014604E-02
 1.01321124E+00 -5.58020893E-03
 1.03487592E+00 -8.35057370E-04
 1.08438491E+00  3.58751376E-03
 1.14797166E+00  7.77489609E-03
 1.19958108E+00  1.16823508E-02
 1.22156422E+00  1.54880444E-02
 1.21051396E+00  1.86217205E-02
 1.17358212E+00  2.07388638E-02
 1.13111510E+00  2.17825047E-02
 1.09699517E+00  2.16764701E-02
 1.07427512E+00  2.06261110E-02
 1.06426556E+00  1.86031489E-02
 1.06140436E+00  1.53721946E-02
 1.06510795E+00  1.09610278E-02
 1.08141311E+00  5.57661148E-03
 1.10721346E+00 -1.37091188E-04
 1.13599263E+00 -5.11307475E-03
 1.16048158E+00 -8.52605082E-03
 1.17050166E+00 -9.82623829E-03
 1.16558309E+00 -8.73591272E-03
 1.15341639E+00 -5.44507150E-03
 1.13819742E+00 -2.09038336E-04
 1.12454594E+00  6.58596115E-03
 1.11796424E+00  1.40028126E-02
 1.12048289E+00  2.07574299E-02
 1.13558247E+00  2.52791037E-02
 1.16449656E+00  2.57585104E-02
 1.19553906E+00  2.06582425E-02
 1.21038767E+00  9.24913768E-03
 1.19633935E+00 -7.61358758E-03
 1.14905071E+00 -2.63946630E-02
 1.08205765E+00 -3.95900040E-02
 1.02432310E+00 -3.79491239E-02
 9.95052882E-01 -1.64574106E-02
 1.00128442E+00  2.22279527E-02
 1.03879259E+00  6.30705646E-02
 1.08764528E+00  8.29536718E-02
 1.13482018E+00  6.91721817E-02
 1.17507915E+00  2.61289347E-02
 1.19626115E+00 -1.76480342E-02
 1.19021752E+00 -2.76840427E-02
 1.15245136E+00 -2.77441408E-02
 1.08562958E+00 -6.42299727E-02
 1.02486982E+00 -1.01354259E-01
 1.00895196E+00 -8.25694943E-02
 1.01134754E+00 -3.89262765E-02
 9.85522264E-01 -1.75998943E-02
 9.70307970E-01 -9.38887562E-04
 1.02261180E+00  3.11580008E-02
 1.09855779E+00  5.60559291E-02
 1.13429465E+00  5.56428068E-02
 1.15054244E+00  3.97922096E-02
 1.17939347E+00  1.95249865E-02
 1.19753491E+00 -2.41402397E-03
 1.18472694E+00 -2.07391956E-02
 1.15457875E+00 -3.20684563E-02
 1.11895602E+00 -3.92187629E-02
 1.08353626E+00 -4.10319628E-02
 1.05987970E+00 -3.44480103E-02
 1.05154945E+00 -2.26801946E-02
 1.05235741E+00 -1.07053519E-02
 1.06119149E+00 -3.34538695E-03
 1.07778185E+00 -5.09815392E-03
 1.09728666E+00 -1.22209359E-02
 1.11563275E+00 -1.50029265E-02
 1.12637343E+00 -8.70276492E-03
 1.12282466E+00  7.00093692E-03
 1.10975841E+00  2.70669586E-02
 1.09891513E+00  4.01037410E-02
 1.09761249E+00  4.03256436E-02
 1.10948290E+00  2.87321750E-02
 1.13019905E+00  8.96588046E-03
 1.14695862E+00 -1.03209822E-02
 1.15387512E+00 -2.36064942E-02
 1.15176643E+00 -3.09693567E-02
 1.14272862E+00 -3.28519313E-02
 1.13377831E+00 -3.21512339E-02
 1.12771396E+00 -3.01526031E-02
 1.12111374E+00 -2.45876677E-02
 1.11247646E+00 -1.47857842E-02
 1.09969842E+00 -3.22725325E-04
 1.08287192E+00  1.81939922E-02
 1.06767041E+00  3.76251658E-02
 1.06080352E+00  5.60505016E-02
 1.06931483E+00  7.22309172E-02
 1.09703711E+00  8.42802168E-02
 1.14009723E+00  9.10733533E-02
 1.18564163E+00  9.12600801E-02
 1.21504752E+00  8.35317733E-02
 1.21621281E+00  6.88941007E-02
 1.18939485E+00  5.08880754E-02
 1.15206643E+00  3.61871500E-02
 1.13232102E+00  3.16477890E-02
 1.13688363E+00  3.56070725E-02
 1.13930497E+00  3.23996321E-02
 1.07110115E+00 -1.44742332E-02
 8.75895726E-01 -1.29460524E-01
 6.65433765E-01 -2.43765948E-01
 6.19119286E-01 -2.54770869E-01
 6.94117296E-01 -1.88168990E-01
 7.54753962E-01 -1.27608931E-01
 8.20518094E-01 -7.11478256E-02
 9.20219088E-01 -1.05245658E-02
 1.00311716E+00  2.07319184E-02
 1.05909051E+00  1.85657185E-02
 1.10914467E+00  2.68661711E-03
 1.15049811E+00 -1.31102764E-02
 1.15640978E+00 -2.05358092E-02
 1.10333484E+00 -1.91126478E-02
 1.03464858E+00 -1.39198650E-02
 1.01776589E+00 -1.03490235E-02
 1.03575873E+00  5.23406916E-03
 1.04271143E+00  5.05471175E-02
 1.05488185E+00  9.51831368E-02
 1.09212054E+00  9.49352209E-02
 1.13559781E+00  6.69954230E-02
 1.17131378E+00  4.85667965E-02
 1.19086162E+00  3.15473144E-02
 1.17904436E+00  2.33293949E-03
 1.14015385E+00 -2.79451177E-02
 1.09500822E+00 -5.37846120E-02
 1.05598173E+00 -7.37665102E-02
 1.03090187E+00 -7.94235311E-02
 1.02043706E+00 -7.16699470E-02
 1.01363587E+00 -5.94143638E-02
 1.00906955E+00 -4.76510833E-02
 1.01241618E+00 -4.00920673E-02
 1.02181448E+00 -3.54925084E-02
 1.03598730E+00 -2.63874118E-02
 1.05181223E+00 -1.10285490E-02
 1.06254083E+00  7.53682583E-03
 1.07229577E+00  2.59431214E-02
 1.09136003E+00  3.76846019E-02
 1.12291225E+00  3.96687206E-02
 1.16473436E+00  3.40543918E-02
 1.20415432E+00  2.29296410E-02
 1.21900895E+00  1.00726685E-02
 1.19764615E+00 -1.16401150E-03
 1.14209854E+00 -1.04048129E-02
 1.06802251E+00 -1.76907487E-02
 1.00515384E+00 -2.40594383E-02
 9.73801494E-01 -3.05867145E-02
 9.78327615E-01 -3.73951586E-02
 1.00944151E+00 -4.56633643E-02
 1.04203141E+00 -5.66300860E-02
 1.06011800E+00 -7.05583770E-02
 1.06195581E+00 -8.60470306E-02
 1.05055873E+00 -9.66396994E-02
 1.03926194E+00 -9.28726715E-02
 1.03417709E+00 -6.90246552E-02
 1.03141081E+00 -2.51242591E-02
 1.03477234E+00  2.92145483E-02
 1.04797761E+00  7.61671329E-02
 1.07422187E+00  1.02719970E-01
 1.11793009E+00  1.03129954E-01
 1.16715596E+00  7.97142716E-02
 1.19926984E+00  4.46038842E-02
 1.19998890E+00  6.19970116E-03
 1.16330617E+00 -3.15569839E-02
 1.10018015E+00 -6.21968703E-02
 1.03863460E+00 -8.18316457E-02
 9.97000816E-01 -8.49152841E-02
 9.82541424E-01 -6.53380829E-02
 9.95775295E-01 -2.98315531E-02
 1.02433601E+00  7.02901977E-03
 1.06210336E+00  3.33240172E-02
 1.10976967E+00  3.98318125E-02
 1.15823885E+00  2.87344364E-02
 1.19730493E+00  1.33477476E-02
 1.21604453E+00  3.15764947E-04
 1.20279974E+00 -8.76057045E-03
 1.16429891E+00 -1.25593277E-02
 1.12058153E+00 -1.49270351E-02
 1.08604654E+00 -1.46915154E-02
 1.07130034E+00 -6.08315437E-03
 1.07704841E+00  8.53670612E-03
 1.09136694E+00  2.38289147E-02
 1.11053210E+00  3.52228768E-02
 1.13630835E+00  3.69061797E-02
 1.16429527E+00  2.99771272E-02
 1.19150257E+00  2.14997799E-02
 1.21130975E+00  1.43727959E-02
 1.21338525E+00  9.53191627E-03
 1.19979567E+00  7.27359208E-03
 1.18019472E+00  4.63580179E-03
 1.16066102E+00  1.53499088E-03
 1.14685924E+00  4.25231422E-04
 1.13915041E+00  4.64029862E-04
 1.13101258E+00  2.21818029E-04
 1.12172133E+00 -1.43189810E-03
 1.11394539E+00 -6.32058598E-03
 1.10674706E+00 -1.29342971E-02
 1.10029506E+00 -1.72397487E-02
 1.09356149E+00 -1.71552173E-02
 1.08396505E+00 -1.18224763E-02
 1.07584850E+00 -1.99367808E-03
 1.07720442E+00  9.09112261E-03
 1.09171578E+00  1.93743672E-02
 1.11928615E+00  2.78508132E-02
 1.15237356E+00  3.24627644E-02
 1.17669514E+00  3.17595932E-02
 1.18389390E+00  2.47374226E-02
 1.17334848E+00  1.12135502E-02
 1.15205193E+00 -4.85325774E-03
 1.13524956E+00 -1.69593324E-02
 1.13212371E+00 -2.05061909E-02
 1.14240749E+00 -1.37104757E-02
 1.15908338E+00 -3.94630920E-04
 1.16712581E+00  1.07224387E-02
 1.15822284E+00  1.43264202E-02
 1.13454211E+00  9.58449999E-03
 1.10332763E+00  8.95086043E-05
 1.07905622E+00 -5.50066100E-03
 1.07092836E+00 -2.75002163E-03
 1.07907222E+00  7.13148046E-03
 1.10182743E+00  2.05905460E-02
 1.13223453E+00  3.00958133E-02
 1.16427390E+00  3.12275198E-02
 1.19492023E+00  2.46618878E-02
 1.21487425E+00  1.15550241E-02
 1.21356382E+00 -4.42051109E-03
 1.18448617E+00 -2.01480755E-02
 1.12695672E+00 -3.45100904E-02
 1.05779494E+00 -4.35314970E-02
 1.00635603E+00 -4.27802379E-02
 9.93290246E-01 -2.99512162E-02
 1.02623167E+00 -5.43180857E-03
 1.09112214E+00  2.21155103E-02
 1.15313485E+00  3.83550588E-02
 1.18935034E+00  3.38078305E-02
 1.19227895E+00  6.33726977E-03
 1.16532122E+00 -3.39681895E-02
 1.12907040E+00 -6.61598410E-02
 1.09410929E+00 -7.66353741E-02
 1.05949742E+00 -6.21919032E-02
 1.03337137E+00 -2.98729579E-02
 1.02183835E+00  1.30990754E-03
 1.03234799E+00  2.02056298E-02
 1.07440118E+00  2.62280929E-02
 1.13429258E+00  2.13402871E-02
 1.18369334E+00  1.47496666E-02
 1.20341572E+00  1.03850850E-02
 1.18282865E+00  4.42972693E-03
 1.13299104E+00 -1.72637464E-03
 1.08642717E+00 -6.54355816E-03
 1.06155718E+00 -7.89511975E-03
 1.06229725E+00 -6.24924328E-04
 1.08481514E+00  1.25591492E-02
 1.10992588E+00  2.36591639E-02
 1.12896732E+00  2.81495187E-02
 1.14591591E+00  2.31617027E-02
 1.15705575E+00  1.13129596E-02
 1.16051779E+00  1.32754216E-03
 1.15195420E+00 -2.66331690E-03
 1.12110668E+00 -8.21293536E-04
 1.07155152E+00  5.03354894E-03
 1.01701457E+00  8.98457374E-03
 9.71427602E-01  7.84111425E-03
 9.54876548E-01  2.12435465E-03
 9.89015556E-01 -9.23495462E-03
 1.07318188E+00 -2.59403709E-02
 1.14904676E+00 -4.65368335E-02
 1.14667957E+00 -6.87242455E-02
 1.10464696E+00 -8.34806412E-02
 1.10554337E+00 -7.91610396E-02
 1.11337150E+00 -5.17817405E-02
 1.06477713E+00 -8.64897619E-03
 1.00493331E+00  2.35914068E-02
 9.91505895E-01  1.68687824E-02
 1.02070220E+00 -5.49582058E-03
 1.08356305E+00 -6.60614681E-04
 1.16033075E+00  5.58397945E-03
 1.19973723E+00 -2.93965533E-02
 1.17057578E+00 -7.05970419E-02
 1.08271040E+00 -7.09830385E-02
 9.96660763E-01 -5.24192301E-02
 9.86423222E-01 -4.71385738E-02
 1.00073624E+00 -4.48652336E-02
 9.38391893E-01 -3.46369819E-02
 8.73653622E-01 -2.31710919E-02
 9.25048773E-01 -9.61018539E-03
 1.02677486E+00  8.36260987E-03
 1.07979471E+00  2.47809453E-02
 1.11843715E+00  3.57383272E-02
 1.18003829E+00  3.91374039E-02
 1.21429162E+00  3.27656565E-02
 1.18114011E+00  1.71674816E-02
 1.09869374E+00 -7.03372409E-03
 9.91405623E-01 -3.90951469E-02
 8.75378332E-01 -7.62126390E-02
 7.85569170E-01 -1.14922167E-01
 7.74508586E-01 -1.51198373E-01
 8.64249238E-01 -1.78702460E-01
 9.77948307E-01 -1.86742749E-01
 1.00585499E+00 -1.58759054E-01
 9.75905509E-01 -7.04645238E-02
 9.81197339E-01  7.96319561E-02
 1.01044583E+00  2.04069808E-01
 1.02753528E+00  1.94509020E-01
 1.02235589E+00  9.71355737E-02
 9.61575437E-01  3.14063372E-02
 8.71911190E-01 -2.75069927E-03
 8.31240800E-01 -3.88073188E-02
 8.41258945E-01 -6.59148319E-02
 8.62928133E-01 -1.00884109E-01
 8.64897338E-01 -1.39262570E-01
 8.07655580E-01 -1.39181254E-01
 7.28963320E-01 -1.13429589E-01
 7.18020389E-01 -9.68704028E-02
 7.56738077E-01 -8.66305275E-02
 7.86494227E-01 -7.26662128E-02
 8.35104526E-01 -3.26798967E-02
 9.30011911E-01  6.09669720E-02
 1.03759371E+00  1.60352960E-01
 1.11683774E+00  1.80876184E-01
 1.11353384E+00  1.23217556E-01
 9.82076882E-01  3.27012890E-02
 8.04120753E-01 -6.23534115E-02
 7.21909872E-01 -1.19058372E-01
 7.32792029E-01 -1.25731392E-01
 7.69246132E-01 -1.14788119E-01
 8.52538570E-01 -8.37059520E-02
 9.84078492E-01 -2.61687305E-02
 1.08320094E+00  1.39284155E-02
 1.09346159E+00  3.88138831E-03
 1.04295673E+00 -1.78959477E-02
 9.89240101E-01 -1.96825126E-03
 9.40332618E-01  1.09900242E-02
 8.89732573E-01 -3.86469710E-02
 8.59758030E-01 -9.25136621E-02
 8.60365385E-01 -6.99702111E-02
 8.93732251E-01 -1.44671547E-02
 9.60741247E-01  2.13837856E-03
 1.01346578E+00 -8.63223662E-03
 1.00187108E+00 -2.46521281E-02
 9.86567826E-01 -5.04346103E-02
 1.05760482E+00 -6.94233917E-02
 1.15300126E+00 -6.57442460E-02
 1.16618848E+00 -4.62394467E-02
 1.14299837E+00 -2.04663620E-02
 1.15580195E+00 -9.49604232E-04
 1.15303599E+00  7.55771038E-03
 1.08417949E+00  1.72458624E-02
 1.00126219E+00  4.96580023E-02
 9.64529762E-01  1.20005814E-01
 9.74746194E-01  1.90739629E-01
 1.02238621E+00  2.02367082E-01
 1.10081015E+00  1.74876434E-01
 1.17838613E+00  1.56651345E-01
 1.22535908E+00  1.17854232E-01
 1.23320237E+00  2.72105034E-02
 1.21101670E+00 -5.26589305E-02
 1.18472538E+00 -5.46864810E-02
 1.16708461E+00 -1.59126176E-02
 1.15444906E+00 -2.48025015E-03
 1.14195119E+00 -6.32383651E-03
 1.11640953E+00 -3.70881377E-03
 1.07626030E+00 -2.56213410E-03
 1.03695111E+00  6.43057288E-03
 1.01017346E+00  4.33275613E-02
 1.00883906E+00  1.04616416E-01
 1.04071611E+00  1.59938538E-01
 1.09854461E+00  1.74312788E-01
 1.16902590E+00  1.62929319E-01
 1.23206769E+00  1.59942740E-01
 1.26467433E+00  1.29693298E-01
 1.24755102E+00  2.63107683E-02
 1.16350321E+00 -1.04504734E-01
 1.02206584E+00 -1.91530207E-01
 9.03091894E-01 -2.22797919E-01
 8.94996381E-01 -2.02857127E-01
 9.47583753E-01 -1.36148985E-01
 9.52584957E-01 -5.70599282E-02
 9.48213001E-01  3.98614605E-03
 1.01253328E+00  3.84468438E-02
 1.10178816E+00  4.86647310E-02
 1.16303751E+00  5.18884518E-02
 1.20358653E+00  5.35562024E-02
 1.21895169E+00  4.53780997E-02
 1.20159502E+00  2.95144504E-02
 1.17112003E+00  8.04945582E-03
 1.14664438E+00 -1.23504228E-02
 1.13850122E+00 -1.68324015E-02
 1.14679346E+00 -7.13278056E-03
