# x =
 2.87739420E+00
# y =
 3.25097170E+00
 VARIABLES = u,v
 1.17368826E+00  5.89014366E-03
 1.17367297E+00  5.91212973E-03
 1.17366392E+00  5.88857463E-03
 1.17366049E+00  5.81937932E-03
 1.17366229E+00  5.70419924E-03
 1.17366792E+00  5.54531666E-03
 1.17367501E+00  5.34744921E-03
 1.17368164E+00  5.11616045E-03
 1.17368575E+00  4.85868758E-03
 1.17368511E+00  4.58275370E-03
 1.17367740E+00  4.29630585E-03
 1.17365878E+00  4.00955440E-03
 1.17362456E+00  3.73360617E-03
 1.17357133E+00  3.47816861E-03
 1.17349709E+00  3.25111999E-03
 1.17340191E+00  3.05650801E-03
 1.17328813E+00  2.89463768E-03
 1.17315794E+00  2.76574123E-03
 1.17301323E+00  2.67018044E-03
 1.17285625E+00  2.60854005E-03
 1.17268888E+00  2.58233425E-03
 1.17251394E+00  2.59056478E-03
 1.17233507E+00  2.63002969E-03
 1.17215476E+00  2.69804744E-03
 1.17197509E+00  2.79114661E-03
 1.17179835E+00  2.90556196E-03
 1.17162699E+00  3.03736019E-03
 1.17146519E+00  3.17929647E-03
 1.17131846E+00  3.32226092E-03
 1.17119089E+00  3.45913803E-03
 1.17108530E+00  3.58493539E-03
 1.17100303E+00  3.69840342E-03
 1.17094344E+00  3.80228205E-03
 1.17090622E+00  3.89847442E-03
 1.17089140E+00  3.98787337E-03
 1.17089794E+00  4.07142306E-03
 1.17092463E+00  4.14869025E-03
 1.17096952E+00  4.22064458E-03
 1.17102986E+00  4.28932809E-03
 1.17110396E+00  4.35409463E-03
 1.17119062E+00  4.41316673E-03
 1.17128802E+00  4.46485468E-03
 1.17139392E+00  4.50754438E-03
 1.17150479E+00  4.54311838E-03
 1.17161599E+00  4.57610041E-03
 1.17172390E+00  4.60872840E-03
 1.17182597E+00  4.64134362E-03
 1.17192045E+00  4.67230761E-03
 1.17200690E+00  4.69713171E-03
 1.17208472E+00  4.71281234E-03
 1.17215303E+00  4.71782278E-03
 1.17221178E+00  4.70940935E-03
 1.17226118E+00  4.68543157E-03
 1.17230201E+00  4.64397599E-03
 1.17233565E+00  4.58338279E-03
 1.17236293E+00  4.50577381E-03
 1.17238439E+00  4.41599018E-03
 1.17240108E+00  4.31849164E-03
 1.17241434E+00  4.21744945E-03
 1.17242637E+00  4.11494498E-03
 1.17244002E+00  4.01066150E-03
 1.17245725E+00  3.90596592E-03
 1.17247901E+00  3.80328453E-03
 1.17250528E+00  3.70427118E-03
 1.17253478E+00  3.61107441E-03
 1.17256621E+00  3.52460701E-03
 1.17259844E+00  3.44462851E-03
 1.17263000E+00  3.37298909E-03
 1.17265942E+00  3.31228963E-03
 1.17268469E+00  3.26367736E-03
 1.17270328E+00  3.22722991E-03
 1.17271322E+00  3.20034115E-03
 1.17271273E+00  3.17774638E-03
 1.17269988E+00  3.15495854E-03
 1.17267259E+00  3.12807927E-03
 1.17262793E+00  3.09307473E-03
 1.17256233E+00  3.04698460E-03
 1.17247322E+00  2.98652068E-03
 1.17235906E+00  2.90845761E-03
 1.17221950E+00  2.81223805E-03
 1.17205571E+00  2.69901460E-03
 1.17186887E+00  2.57037319E-03
 1.17166013E+00  2.42836930E-03
 1.17143126E+00  2.27358976E-03
 1.17118415E+00  2.10538895E-03
 1.17092141E+00  1.92497680E-03
 1.17064640E+00  1.73493770E-03
 1.17036202E+00  1.53853505E-03
 1.17007107E+00  1.34047045E-03
 1.16977678E+00  1.14491185E-03
 1.16948264E+00  9.55559087E-04
 1.16919317E+00  7.77771616E-04
 1.16891370E+00  6.17295989E-04
 1.16864873E+00  4.79042039E-04
 1.16840192E+00  3.67014305E-04
 1.16817598E+00  2.82399713E-04
 1.16797233E+00  2.23793266E-04
 1.16779246E+00  1.89917169E-04
 1.16763792E+00  1.79496929E-04
 1.16750965E+00  1.91334901E-04
 1.16740842E+00  2.24879941E-04
 1.16733424E+00  2.77880498E-04
 1.16728633E+00  3.46625057E-04
 1.16726417E+00  4.27825334E-04
 1.16726714E+00  5.17735870E-04
 1.16729405E+00  6.12450963E-04
 1.16734326E+00  7.08086980E-04
 1.16741203E+00  7.98853357E-04
 1.16749674E+00  8.77916961E-04
 1.16759422E+00  9.39736353E-04
 1.16770180E+00  9.80093565E-04
 1.16781747E+00  9.97025226E-04
 1.16793998E+00  9.91077758E-04
 1.16806763E+00  9.62659185E-04
 1.16819806E+00  9.12051564E-04
 1.16832870E+00  8.40186882E-04
 1.16845634E+00  7.47923100E-04
 1.16857771E+00  6.37622766E-04
 1.16868945E+00  5.13119967E-04
 1.16878699E+00  3.77770980E-04
 1.16886511E+00  2.35161212E-04
 1.16891855E+00  8.94146229E-05
 1.16894224E+00 -5.50953109E-05
 1.16893241E+00 -1.92311489E-04
 1.16888653E+00 -3.15153756E-04
 1.16880184E+00 -4.17926843E-04
 1.16867561E+00 -4.96494195E-04
 1.16850555E+00 -5.48912530E-04
 1.16828956E+00 -5.75742119E-04
 1.16802706E+00 -5.77575386E-04
 1.16771905E+00 -5.54891270E-04
 1.16736712E+00 -5.08764446E-04
 1.16697426E+00 -4.40203090E-04
 1.16654548E+00 -3.51714809E-04
 1.16608797E+00 -2.47260803E-04
 1.16561229E+00 -1.30342627E-04
 1.16513190E+00 -4.70311576E-06
 1.16466095E+00  1.25414807E-04
 1.16421382E+00  2.55494934E-04
 1.16380415E+00  3.79195474E-04
 1.16344401E+00  4.89088876E-04
 1.16314527E+00  5.79236287E-04
 1.16291858E+00  6.45392648E-04
 1.16277104E+00  6.85739157E-04
 1.16270695E+00  7.01177291E-04
 1.16272822E+00  6.92564747E-04
 1.16283468E+00  6.60548682E-04
 1.16302650E+00  6.06316932E-04
 1.16330326E+00  5.30826851E-04
 1.16365981E+00  4.36502231E-04
 1.16408649E+00  3.27130319E-04
 1.16456911E+00  2.05679810E-04
 1.16508855E+00  7.51266868E-05
 1.16562493E+00 -6.10952222E-05
 1.16615814E+00 -1.99266113E-04
 1.16666606E+00 -3.33544226E-04
 1.16712717E+00 -4.56705013E-04
 1.16752150E+00 -5.63098190E-04
 1.16783205E+00 -6.48747955E-04
 1.16804970E+00 -7.11933917E-04
 1.16817212E+00 -7.53598338E-04
 1.16819884E+00 -7.74378724E-04
 1.16813075E+00 -7.74487677E-04
 1.16796736E+00 -7.54835736E-04
 1.16770676E+00 -7.16090643E-04
 1.16735362E+00 -6.60076808E-04
 1.16691844E+00 -5.89705964E-04
 1.16641411E+00 -5.06616399E-04
 1.16585804E+00 -4.12018698E-04
 1.16526803E+00 -3.07634435E-04
 1.16466202E+00 -1.95538112E-04
 1.16406389E+00 -7.99146267E-05
 1.16349958E+00  3.34589985E-05
 1.16299139E+00  1.40278948E-04
 1.16255690E+00  2.37687821E-04
 1.16220322E+00  3.24398992E-04
 1.16192745E+00  4.01228575E-04
 1.16172670E+00  4.68412035E-04
 1.16159856E+00  5.25491537E-04
 1.16154135E+00  5.72740627E-04
 1.16155621E+00  6.10169517E-04
 1.16163798E+00  6.38267565E-04
 1.16177618E+00  6.57991485E-04
 1.16196251E+00  6.68575194E-04
 1.16218727E+00  6.68256292E-04
 1.16244039E+00  6.55705598E-04
 1.16271171E+00  6.29946022E-04
 1.16298252E+00  5.91762137E-04
 1.16322931E+00  5.43545659E-04
 1.16343411E+00  4.86538980E-04
 1.16358470E+00  4.21029349E-04
 1.16367842E+00  3.46841111E-04
 1.16372311E+00  2.62732161E-04
 1.16372485E+00  1.68350252E-04
 1.16368783E+00  6.43238723E-05
 1.16361782E+00 -4.93581781E-05
 1.16351843E+00 -1.72391643E-04
 1.16339759E+00 -3.03892972E-04
 1.16326694E+00 -4.42438363E-04
 1.16313239E+00 -5.84365423E-04
 1.16299769E+00 -7.24245581E-04
 1.16286760E+00 -8.56825249E-04
 1.16274734E+00 -9.77069409E-04
 1.16265011E+00 -1.08093207E-03
 1.16259486E+00 -1.16572441E-03
 1.16259437E+00 -1.22809626E-03
 1.16265565E+00 -1.26445289E-03
 1.16277935E+00 -1.27227052E-03
 1.16295761E+00 -1.24942358E-03
 1.16318433E+00 -1.19482690E-03
 1.16345531E+00 -1.10843200E-03
 1.16376218E+00 -9.89430777E-04
 1.16409636E+00 -8.37020242E-04
 1.16444666E+00 -6.52120526E-04
 1.16479914E+00 -4.37215948E-04
 1.16514534E+00 -1.97090708E-04
 1.16547997E+00  6.11333080E-05
 1.16579561E+00  3.30309946E-04
 1.16608367E+00  6.03348085E-04
 1.16633028E+00  8.72719353E-04
 1.16651697E+00  1.13145731E-03
 1.16663053E+00  1.37257094E-03
 1.16666288E+00  1.58954461E-03
 1.16660984E+00  1.77844400E-03
 1.16647337E+00  1.93726041E-03
 1.16625518E+00  2.06453286E-03
 1.16595640E+00  2.15924062E-03
 1.16558292E+00  2.21925987E-03
 1.16514280E+00  2.24156168E-03
 1.16464685E+00  2.22524720E-03
 1.16410913E+00  2.17119641E-03
 1.16354165E+00  2.08122918E-03
 1.16295540E+00  1.95888749E-03
 1.16236419E+00  1.80761917E-03
 1.16178354E+00  1.63081971E-03
 1.16123229E+00  1.43402137E-03
 1.16073205E+00  1.22355783E-03
 1.16030056E+00  1.00502390E-03
 1.15995099E+00  7.83092764E-04
 1.15969225E+00  5.59479398E-04
 1.15952750E+00  3.33251306E-04
 1.15945891E+00  1.04154516E-04
 1.15948826E+00 -1.27290553E-04
 1.15961444E+00 -3.59530087E-04
 1.15983481E+00 -5.89220578E-04
 1.16014261E+00 -8.14067202E-04
 1.16052673E+00 -1.03238740E-03
 1.16097560E+00 -1.24064277E-03
 1.16147608E+00 -1.43475406E-03
 1.16201276E+00 -1.61024110E-03
 1.16256877E+00 -1.76243436E-03
 1.16312326E+00 -1.88956888E-03
 1.16365317E+00 -1.99196442E-03
 1.16413893E+00 -2.06866550E-03
 1.16456561E+00 -2.11793886E-03
 1.16492508E+00 -2.13688425E-03
 1.16521650E+00 -2.12099669E-03
 1.16543972E+00 -2.06766156E-03
 1.16559448E+00 -1.97607420E-03
 1.16568106E+00 -1.84536614E-03
 1.16569890E+00 -1.67614850E-03
 1.16565223E+00 -1.47029326E-03
 1.16554967E+00 -1.23111386E-03
 1.16539894E+00 -9.66173311E-04
 1.16520914E+00 -6.86280102E-04
 1.16499037E+00 -4.02604784E-04
 1.16475344E+00 -1.26433807E-04
 1.16451546E+00  1.32615209E-04
 1.16429704E+00  3.67233889E-04
 1.16411440E+00  5.69285875E-04
 1.16397879E+00  7.30884727E-04
 1.16389338E+00  8.46746182E-04
 1.16385276E+00  9.13026832E-04
 1.16385244E+00  9.28049756E-04
 1.16388946E+00  8.92034232E-04
 1.16396020E+00  8.03723715E-04
 1.16406319E+00  6.61736655E-04
 1.16419328E+00  4.68344129E-04
 1.16434224E+00  2.29106401E-04
 1.16450639E+00 -4.62674300E-05
 1.16468353E+00 -3.43651604E-04
 1.16487086E+00 -6.48975158E-04
 1.16506518E+00 -9.48380262E-04
 1.16525600E+00 -1.22665126E-03
 1.16542764E+00 -1.46950875E-03
 1.16556952E+00 -1.66354112E-03
 1.16567579E+00 -1.79730796E-03
 1.16574625E+00 -1.86579731E-03
 1.16578803E+00 -1.86925593E-03
 1.16580602E+00 -1.80928209E-03
 1.16580280E+00 -1.68856081E-03
 1.16578365E+00 -1.50820168E-03
 1.16575296E+00 -1.26776421E-03
 1.16571652E+00 -9.71881783E-04
 1.16568141E+00 -6.29507450E-04
 1.16564831E+00 -2.51272006E-04
 1.16561398E+00  1.48752584E-04
 1.16557641E+00  5.56579864E-04
 1.16553444E+00  9.58504513E-04
 1.16549224E+00  1.33630031E-03
 1.16545902E+00  1.67033238E-03
 1.16543967E+00  1.94391841E-03
 1.16543554E+00  2.14401514E-03
 1.16544654E+00  2.26579189E-03
 1.16546873E+00  2.31230154E-03
 1.16550011E+00  2.28678629E-03
 1.16554061E+00  2.19254057E-03
 1.16558617E+00  2.03280638E-03
 1.16563164E+00  1.80920479E-03
 1.16567233E+00  1.52862688E-03
 1.16570348E+00  1.20256459E-03
 1.16572518E+00  8.41476542E-04
 1.16574144E+00  4.57374318E-04
 1.16575449E+00  6.28868095E-05
 1.16576536E+00 -3.29194737E-04
 1.16577313E+00 -6.99907232E-04
 1.16577397E+00 -1.02698951E-03
 1.16576651E+00 -1.29252636E-03
 1.16575153E+00 -1.48329127E-03
 1.16572873E+00 -1.59394871E-03
 1.16569866E+00 -1.62774231E-03
 1.16566130E+00 -1.58743260E-03
 1.16561584E+00 -1.47514316E-03
 1.16556458E+00 -1.29462601E-03
 1.16551172E+00 -1.04877368E-03
 1.16546056E+00 -7.45220069E-04
 1.16541422E+00 -3.96009904E-04
 1.16537400E+00 -1.07242193E-05
 1.16533914E+00  4.00890857E-04
 1.16531032E+00  8.27672022E-04
 1.16528917E+00  1.25772273E-03
 1.16527706E+00  1.67281739E-03
 1.16527605E+00  2.05065873E-03
 1.16528719E+00  2.37373021E-03
 1.16531027E+00  2.62957204E-03
 1.16534587E+00  2.81261148E-03
 1.16539444E+00  2.92540945E-03
 1.16545582E+00  2.96984849E-03
 1.16552960E+00  2.94680310E-03
 1.16561376E+00  2.85942543E-03
 1.16570486E+00  2.71044288E-03
 1.16579934E+00  2.50654135E-03
 1.16589315E+00  2.25823543E-03
 1.16598177E+00  1.97296667E-03
 1.16606056E+00  1.65752846E-03
 1.16612413E+00  1.32037254E-03
 1.16616657E+00  9.70951966E-04
 1.16618244E+00  6.24756126E-04
 1.16616670E+00  3.01523435E-04
 1.16611492E+00  1.63284680E-05
 1.16602378E+00 -2.20635604E-04
 1.16589117E+00 -4.05040092E-04
 1.16571614E+00 -5.39837601E-04
 1.16549900E+00 -6.27035659E-04
 1.16524103E+00 -6.67267990E-04
 1.16494412E+00 -6.63413431E-04
 1.16461106E+00 -6.17858424E-04
 1.16424646E+00 -5.35879201E-04
 1.16385679E+00 -4.25548811E-04
 1.16345030E+00 -2.91111516E-04
 1.16303696E+00 -1.35227799E-04
 1.16262746E+00  3.80052164E-05
 1.16223283E+00  2.23534068E-04
 1.16186480E+00  4.10731595E-04
 1.16153490E+00  5.84691182E-04
 1.16125380E+00  7.34827044E-04
 1.16103054E+00  8.54842125E-04
 1.16087092E+00  9.42812691E-04
 1.16077769E+00  1.00275133E-03
 1.16075243E+00  1.03734028E-03
 1.16079584E+00  1.04758003E-03
 1.16090858E+00  1.03685579E-03
 1.16109131E+00  1.00819909E-03
 1.16134144E+00  9.66134306E-04
 1.16165337E+00  9.16682894E-04
 1.16201981E+00  8.61367370E-04
 1.16243101E+00  7.99074049E-04
 1.16287655E+00  7.29931625E-04
 1.16334562E+00  6.54949024E-04
 1.16382482E+00  5.79601732E-04
 1.16429991E+00  5.13315519E-04
 1.16475816E+00  4.61884430E-04
 1.16518903E+00  4.27776048E-04
 1.16558690E+00  4.11273222E-04
 1.16595077E+00  4.08768545E-04
 1.16627985E+00  4.18065344E-04
 1.16657328E+00  4.38600849E-04
 1.16682955E+00  4.67119929E-04
 1.16704575E+00  5.00076056E-04
 1.16722225E+00  5.33815532E-04
 1.16736219E+00  5.64352179E-04
 1.16746819E+00  5.91905066E-04
 1.16754407E+00  6.19782891E-04
 1.16759379E+00  6.50091876E-04
 1.16762143E+00  6.84070318E-04
 1.16763531E+00  7.20350450E-04
 1.16764599E+00  7.54625477E-04
 1.16766148E+00  7.85106380E-04
 1.16768702E+00  8.12174017E-04
 1.16772276E+00  8.36275193E-04
 1.16776356E+00  8.59501054E-04
 1.16780532E+00  8.83002145E-04
 1.16784521E+00  9.06817828E-04
 1.16788040E+00  9.33578390E-04
 1.16790995E+00  9.66916506E-04
 1.16793101E+00  1.00976067E-03
 1.16793929E+00  1.06473966E-03
 1.16793404E+00  1.13174438E-03
 1.16791594E+00  1.20818025E-03
 1.16788573E+00  1.29254215E-03
 1.16784417E+00  1.38410247E-03
 1.16778763E+00  1.48279430E-03
 1.16770919E+00  1.58998773E-03
 1.16760516E+00  1.70573029E-03
 1.16747464E+00  1.82886969E-03
 1.16731970E+00  1.95915644E-03
 1.16714659E+00  2.09616251E-03
 1.16696001E+00  2.23955736E-03
 1.16676318E+00  2.38929176E-03
 1.16656135E+00  2.54340336E-03
 1.16635952E+00  2.69861704E-03
 1.16616302E+00  2.85220729E-03
 1.16597761E+00  3.00160364E-03
 1.16580486E+00  3.14495814E-03
 1.16564342E+00  3.28144542E-03
 1.16549282E+00  3.40937446E-03
 1.16535309E+00  3.52643783E-03
 1.16522695E+00  3.63073508E-03
 1.16512001E+00  3.72018378E-03
 1.16503543E+00  3.79314057E-03
 1.16497454E+00  3.84860198E-03
 1.16493860E+00  3.88509709E-03
 1.16492733E+00  3.90110781E-03
 1.16494130E+00  3.89568842E-03
 1.16498189E+00  3.86826448E-03
 1.16504749E+00  3.81915017E-03
 1.16513501E+00  3.74965209E-03
 1.16524171E+00  3.66137033E-03
 1.16536464E+00  3.55640483E-03
 1.16550286E+00  3.43763802E-03
 1.16565725E+00  3.30841988E-03
 1.16582720E+00  3.17265029E-03
 1.16601100E+00  3.03461174E-03
 1.16620652E+00  2.89829473E-03
 1.16641033E+00  2.76735492E-03
 1.16661984E+00  2.64525672E-03
 1.16683325E+00  2.53485294E-03
 1.16704765E+00  2.43810985E-03
 1.16725992E+00  2.35620211E-03
 1.16746692E+00  2.28955327E-03
 1.16766528E+00  2.23803340E-03
 1.16785295E+00  2.20151094E-03
 1.16802892E+00  2.17960404E-03
 1.16819184E+00  2.17069897E-03
 1.16834032E+00  2.17200018E-03
 1.16847291E+00  2.17959948E-03
 1.16858773E+00  2.18838547E-03
 1.16868366E+00  2.19306483E-03
 1.16876022E+00  2.18829057E-03
 1.16881669E+00  2.16818105E-03
 1.16885249E+00  2.12706543E-03
 1.16886698E+00  2.05998667E-03
 1.16885925E+00  1.96316819E-03
 1.16882861E+00  1.83535864E-03
 1.16877461E+00  1.67759021E-03
 1.16869681E+00  1.49162090E-03
 1.16859513E+00  1.27978515E-03
 1.16846997E+00  1.04435325E-03
 1.16832220E+00  7.87458955E-04
 1.16815320E+00  5.13404894E-04
 1.16796496E+00  2.28453428E-04
 1.16776020E+00 -6.03081169E-05
 1.16754226E+00 -3.44383712E-04
 1.16731488E+00 -6.15072751E-04
 1.16708196E+00 -8.63691465E-04
 1.16684710E+00 -1.07998013E-03
 1.16661358E+00 -1.25335044E-03
 1.16638492E+00 -1.37473698E-03
 1.16616475E+00 -1.43707769E-03
 1.16595659E+00 -1.43718517E-03
 1.16576392E+00 -1.37567564E-03
 1.16558965E+00 -1.25393200E-03
 1.16543619E+00 -1.07399822E-03
 1.16530593E+00 -8.38446160E-04
 1.16520088E+00 -5.49898209E-04
 1.16512208E+00 -2.14182817E-04
 1.16506952E+00  1.59863142E-04
 1.16504153E+00  5.62607132E-04
 1.16503502E+00  9.82665719E-04
 1.16504654E+00  1.40793346E-03
 1.16507254E+00  1.82601128E-03
 1.16510945E+00  2.22191076E-03
 1.16515426E+00  2.57967076E-03
 1.16520382E+00  2.88550292E-03
 1.16525539E+00  3.12842153E-03
 1.16530781E+00  3.30250921E-03
 1.16536101E+00  3.40700999E-03
 1.16541539E+00  3.44195755E-03
 1.16547152E+00  3.40797038E-03
 1.16552884E+00  3.30642283E-03
 1.16558594E+00  3.13866696E-03
 1.16564259E+00  2.91021400E-03
 1.16569948E+00  2.63052744E-03
 1.16575780E+00  2.30979756E-03
 1.16581968E+00  1.96030694E-03
 1.16588682E+00  1.59537845E-03
 1.16596061E+00  1.22882548E-03
 1.16604371E+00  8.78184111E-04
 1.16613910E+00  5.62605046E-04
 1.16624896E+00  2.98297283E-04
 1.16637454E+00  9.77452778E-05
 1.16651461E+00 -3.31463996E-05
 1.16666578E+00 -9.52099481E-05
 1.16682485E+00 -8.98531801E-05
 1.16698888E+00 -1.86845398E-05
 1.16715528E+00  1.16099630E-04
 1.16732241E+00  3.12973239E-04
 1.16748762E+00  5.65646984E-04
 1.16764758E+00  8.63439118E-04
 1.16780008E+00  1.19593129E-03
 1.16794323E+00  1.55097137E-03
 1.16807534E+00  1.91544873E-03
 1.16819493E+00  2.27580190E-03
 1.16829873E+00  2.61327480E-03
 1.16838234E+00  2.90648523E-03
 1.16844267E+00  3.13800978E-03
 1.16847776E+00  3.29504138E-03
 1.16848717E+00  3.37247477E-03
 1.16847245E+00  3.37335408E-03
 1.16843476E+00  3.30070009E-03
 1.16837512E+00  3.15712670E-03
 1.16829568E+00  2.94624892E-03
 1.16819894E+00  2.67061549E-03
 1.16808821E+00  2.33752880E-03
 1.16796769E+00  1.95859628E-03
 1.16784073E+00  1.54343345E-03
 1.16771029E+00  1.10221391E-03
 1.16758000E+00  6.46193869E-04
 1.16745379E+00  1.87215867E-04
 1.16733659E+00 -2.56517183E-04
 1.16723409E+00 -6.62936477E-04
 1.16715097E+00 -1.01465852E-03
 1.16709076E+00 -1.29930751E-03
 1.16705608E+00 -1.51182452E-03
 1.16704812E+00 -1.65550561E-03
 1.16706775E+00 -1.73289508E-03
 1.16711559E+00 -1.74549008E-03
 1.16719103E+00 -1.69674593E-03
 1.16729262E+00 -1.58932649E-03
 1.16741765E+00 -1.42988278E-03
 1.16756197E+00 -1.22878628E-03
 1.16772081E+00 -9.92999558E-04
 1.16788867E+00 -7.28673863E-04
 1.16805920E+00 -4.43410806E-04
 1.16822562E+00 -1.45684131E-04
 1.16838055E+00  1.49704241E-04
 1.16851651E+00  4.23487375E-04
 1.16862690E+00  6.61169873E-04
 1.16870657E+00  8.53106334E-04
 1.16875252E+00  9.95454003E-04
 1.16876391E+00  1.09168758E-03
 1.16874072E+00  1.14415676E-03
 1.16868348E+00  1.15377198E-03
 1.16859291E+00  1.12400151E-03
 1.16846986E+00  1.05797983E-03
 1.16831737E+00  9.61628276E-04
 1.16814051E+00  8.43620219E-04
 1.16794538E+00  7.08617070E-04
 1.16773962E+00  5.59478522E-04
 1.16753128E+00  4.00620846E-04
 1.16732865E+00  2.37443203E-04
 1.16714165E+00  8.06986180E-05
 1.16698065E+00 -5.46451753E-05
 1.16685461E+00 -1.57981074E-04
 1.16677048E+00 -2.23030266E-04
 1.16673138E+00 -2.47665112E-04
 1.16673669E+00 -2.35564587E-04
 1.16678528E+00 -1.89299114E-04
 1.16687574E+00 -1.09977937E-04
 1.16700673E+00 -1.38946680E-06
 1.16717748E+00  1.32628123E-04
 1.16738445E+00  2.86580900E-04
 1.16762164E+00  4.53222310E-04
 1.16788304E+00  6.29267852E-04
 1.16816138E+00  8.13702745E-04
 1.16844905E+00  1.00405811E-03
 1.16873816E+00  1.19686725E-03
 1.16901772E+00  1.38447411E-03
 1.16927510E+00  1.55555966E-03
 1.16949972E+00  1.70235151E-03
 1.16968330E+00  1.82050004E-03
 1.16982183E+00  1.90813062E-03
 1.16991570E+00  1.96743584E-03
 1.16996499E+00  1.99956717E-03
 1.16996934E+00  2.00433745E-03
 1.16992872E+00  1.98410590E-03
 1.16984222E+00  1.94159528E-03
 1.16971134E+00  1.88018389E-03
 1.16953966E+00  1.80410513E-03
 1.16932928E+00  1.71408138E-03
 1.16908230E+00  1.60847061E-03
 1.16880146E+00  1.48695807E-03
 1.16848990E+00  1.35023045E-03
 1.16815467E+00  1.20193438E-03
 1.16780545E+00  1.04870865E-03
 1.16744978E+00  8.94756426E-04
 1.16709308E+00  7.42048651E-04
 1.16673780E+00  5.91824411E-04
 1.16638279E+00  4.43210037E-04
 1.16602824E+00  2.96402296E-04
 1.16567588E+00  1.52915430E-04
 1.16532692E+00  1.22911931E-05
 1.16498386E+00 -1.26272790E-04
 1.16464857E+00 -2.63123202E-04
 1.16432247E+00 -3.98400167E-04
 1.16401050E+00 -5.29159228E-04
 1.16371957E+00 -6.49989543E-04
 1.16345631E+00 -7.56371764E-04
 1.16322700E+00 -8.44528899E-04
 1.16303446E+00 -9.12271624E-04
 1.16287845E+00 -9.59507984E-04
 1.16276056E+00 -9.84742139E-04
 1.16268363E+00 -9.85383451E-04
 1.16265080E+00 -9.59631452E-04
 1.16266656E+00 -9.05394674E-04
 1.16273310E+00 -8.21633412E-04
 1.16285024E+00 -7.08545009E-04
 1.16301859E+00 -5.64996377E-04
 1.16323758E+00 -3.89622783E-04
 1.16350447E+00 -1.82625548E-04
 1.16381439E+00  5.44622737E-05
 1.16415707E+00  3.17326991E-04
 1.16451784E+00  5.98979841E-04
 1.16488186E+00  8.92713215E-04
 1.16523437E+00  1.19212069E-03
 1.16556209E+00  1.49089815E-03
 1.16585434E+00  1.78378417E-03
 1.16609955E+00  2.06491795E-03
 1.16628645E+00  2.32826446E-03
 1.16640751E+00  2.56985629E-03
 1.16645749E+00  2.78693559E-03
 1.16643360E+00  2.97738425E-03
 1.16633527E+00  3.13973760E-03
 1.16616015E+00  3.27117409E-03
 1.16590554E+00  3.36803772E-03
 1.16557353E+00  3.42869084E-03
 1.16517055E+00  3.45318928E-03
 1.16470797E+00  3.44318876E-03
 1.16420267E+00  3.40247919E-03
 1.16367156E+00  3.33461686E-03
 1.16313136E+00  3.24293963E-03
 1.16260092E+00  3.13221220E-03
 1.16209826E+00  3.00734343E-03
 1.16164034E+00  2.87290672E-03
 1.16124177E+00  2.73287179E-03
 1.16090927E+00  2.58834739E-03
 1.16064305E+00  2.43813187E-03
 1.16044205E+00  2.28129689E-03
 1.16030421E+00  2.11726967E-03
 1.16022960E+00  1.94678251E-03
 1.16022059E+00  1.77223569E-03
 1.16027357E+00  1.59465214E-03
 1.16037990E+00  1.41413079E-03
 1.16052947E+00  1.23165247E-03
 1.16070835E+00  1.04796550E-03
 1.16090284E+00  8.64369478E-04
 1.16109962E+00  6.82569279E-04
 1.16127957E+00  5.01878520E-04
 1.16142145E+00  3.20290225E-04
 1.16150764E+00  1.37069602E-04
 1.16152472E+00 -4.74911415E-05
 1.16146885E+00 -2.30961419E-04
 1.16134539E+00 -4.08621111E-04
 1.16115935E+00 -5.76836154E-04
 1.16091515E+00 -7.32979709E-04
 1.16061689E+00 -8.74371405E-04
 1.16026615E+00 -9.99474691E-04
 1.15986991E+00 -1.10665041E-03
 1.15943968E+00 -1.19439784E-03
 1.15898438E+00 -1.26394800E-03
 1.15851361E+00 -1.31826016E-03
 1.15803736E+00 -1.36047304E-03
 1.15756574E+00 -1.39386066E-03
 1.15711643E+00 -1.41984896E-03
 1.15671162E+00 -1.43808766E-03
 1.15636854E+00 -1.44949572E-03
 1.15609947E+00 -1.45566988E-03
 1.15590890E+00 -1.45797734E-03
 1.15579246E+00 -1.45840897E-03
 1.15574731E+00 -1.45787953E-03
 1.15577224E+00 -1.45643900E-03
 1.15586392E+00 -1.45571319E-03
 1.15602026E+00 -1.45778887E-03
 1.15623552E+00 -1.46378997E-03
 1.15650061E+00 -1.47413245E-03
 1.15681115E+00 -1.48710614E-03
 1.15716447E+00 -1.49899483E-03
 1.15755643E+00 -1.50669519E-03
 1.15798189E+00 -1.50753448E-03
 1.15842885E+00 -1.49884532E-03
 1.15887999E+00 -1.47888573E-03
 1.15932256E+00 -1.44571072E-03
 1.15974806E+00 -1.39753804E-03
 1.16015226E+00 -1.33476949E-03
 1.16053700E+00 -1.25920667E-03
 1.16090205E+00 -1.17302017E-03
 1.16124483E+00 -1.07871800E-03
 1.16156541E+00 -9.77554679E-04
 1.16186334E+00 -8.69694951E-04
 1.16213922E+00 -7.56672206E-04
 1.16239484E+00 -6.40952920E-04
 1.16262649E+00 -5.25305688E-04
 1.16282707E+00 -4.13443893E-04
 1.16299090E+00 -3.08543107E-04
 1.16311344E+00 -2.13354211E-04
 1.16319491E+00 -1.32039129E-04
 1.16324023E+00 -6.91590242E-05
 1.16325089E+00 -2.85092048E-05
 1.16322560E+00 -1.31255735E-05
 1.16316220E+00 -2.38592740E-05
 1.16305580E+00 -5.94805130E-05
 1.16290394E+00 -1.18905059E-04
 1.16270692E+00 -2.01037308E-04
 1.16246290E+00 -3.04572835E-04
 1.16217059E+00 -4.28539193E-04
 1.16183057E+00 -5.70666551E-04
 1.16144500E+00 -7.27540714E-04
 1.16102231E+00 -8.96162072E-04
 1.16057598E+00 -1.07327784E-03
 1.16011899E+00 -1.25535068E-03
 1.15966374E+00 -1.43874243E-03
 1.15922038E+00 -1.61835666E-03
 1.15879569E+00 -1.78819819E-03
 1.15839845E+00 -1.94320973E-03
 1.15803844E+00 -2.07928341E-03
 1.15772267E+00 -2.19377751E-03
 1.15745722E+00 -2.28579075E-03
 1.15724589E+00 -2.35432498E-03
 1.15709015E+00 -2.39830073E-03
 1.15699402E+00 -2.41726397E-03
 1.15696211E+00 -2.41087540E-03
 1.15699486E+00 -2.37992078E-03
 1.15708907E+00 -2.32635398E-03
 1.15723608E+00 -2.25195487E-03
 1.15742156E+00 -2.15879097E-03
 1.15763152E+00 -2.04948457E-03
 1.15785243E+00 -1.92697032E-03
 1.15806959E+00 -1.79537899E-03
 1.15826970E+00 -1.65959770E-03
 1.15843952E+00 -1.52364346E-03
 1.15856696E+00 -1.39048719E-03
 1.15864646E+00 -1.26159062E-03
 1.15867730E+00 -1.13673883E-03
 1.15865986E+00 -1.01579469E-03
 1.15859541E+00 -8.98884390E-04
 1.15848231E+00 -7.86070148E-04
 1.15831633E+00 -6.77794130E-04
 1.15809816E+00 -5.73619083E-04
 1.15783246E+00 -4.72316236E-04
 1.15752549E+00 -3.73249522E-04
 1.15718716E+00 -2.75806491E-04
 1.15682666E+00 -1.79268076E-04
 1.15645259E+00 -8.28692007E-05
 1.15607846E+00  1.55635496E-05
 1.15571941E+00  1.19047887E-04
 1.15538821E+00  2.29472150E-04
 1.15509484E+00  3.47541483E-04
 1.15484173E+00  4.72266263E-04
 1.15462429E+00  6.00758500E-04
 1.15443892E+00  7.30420007E-04
 1.15428308E+00  8.59045109E-04
 1.15415543E+00  9.84137537E-04
 1.15405777E+00  1.10362565E-03
 1.15398838E+00  1.21483312E-03
 1.15394300E+00  1.31461060E-03
 1.15392064E+00  1.40110034E-03
 1.15392076E+00  1.47309480E-03
 1.15394309E+00  1.52931451E-03
 1.15398761E+00  1.56846927E-03
 1.15404793E+00  1.58787128E-03
 1.15411345E+00  1.58378966E-03
 1.15417709E+00  1.55376128E-03
 1.15423473E+00  1.49647939E-03
 1.15428663E+00  1.41175302E-03
 1.15433857E+00  1.30099670E-03
 1.15439372E+00  1.16542300E-03
 1.15445291E+00  1.00608808E-03
 1.15451839E+00  8.25228987E-04
 1.15459083E+00  6.25523088E-04
 1.15467135E+00  4.10248108E-04
 1.15476136E+00  1.83376300E-04
 1.15485627E+00 -5.18793186E-05
 1.15494766E+00 -2.92735257E-04
 1.15502772E+00 -5.35748568E-04
 1.15508908E+00 -7.77081048E-04
 1.15512869E+00 -1.01207480E-03
 1.15514791E+00 -1.23530022E-03
 1.15514534E+00 -1.44219730E-03
 1.15511783E+00 -1.62915426E-03
 1.15506289E+00 -1.79320533E-03
 1.15497672E+00 -1.93248303E-03
 1.15485818E+00 -2.04533356E-03
 1.15470866E+00 -2.13024832E-03
 1.15452685E+00 -2.18672021E-03
 1.15431122E+00 -2.21494329E-03
 1.15406285E+00 -2.21601215E-03
 1.15378493E+00 -2.19209656E-03
 1.15348624E+00 -2.14571900E-03
 1.15318062E+00 -2.07986514E-03
 1.15288105E+00 -1.99827262E-03
 1.15259978E+00 -1.90515407E-03
 1.15234839E+00 -1.80531345E-03
 1.15213589E+00 -1.70387982E-03
 1.15197204E+00 -1.60538108E-03
 1.15186630E+00 -1.51338953E-03
 1.15182332E+00 -1.43011759E-03
 1.15184464E+00 -1.35636490E-03
 1.15192991E+00 -1.29259829E-03
 1.15207691E+00 -1.23920501E-03
 1.15228556E+00 -1.19663183E-03
 1.15255691E+00 -1.16550440E-03
 1.15288733E+00 -1.14528138E-03
 1.15326914E+00 -1.13433905E-03
 1.15369105E+00 -1.13084801E-03
 1.15413706E+00 -1.13234696E-03
 1.15459153E+00 -1.13622216E-03
 1.15503927E+00 -1.13976725E-03
 1.15546240E+00 -1.13899399E-03
 1.15584321E+00 -1.12938000E-03
 1.15616547E+00 -1.10737975E-03
 1.15641530E+00 -1.07066686E-03
 1.15658618E+00 -1.01915878E-03
 1.15667800E+00 -9.54984532E-04
 1.15669159E+00 -8.80196682E-04
 1.15662867E+00 -7.96605080E-04
 1.15648988E+00 -7.05864254E-04
 1.15627432E+00 -6.08912283E-04
 1.15598669E+00 -5.07774358E-04
 1.15563660E+00 -4.05314160E-04
 1.15523488E+00 -3.03425986E-04
 1.15479569E+00 -2.03847171E-04
 1.15433354E+00 -1.08279131E-04
 1.15386290E+00 -1.83916864E-05
 1.15340351E+00  6.22280293E-05
 1.15297718E+00  1.28784842E-04
 1.15260247E+00  1.77844861E-04
 1.15229406E+00  2.07256922E-04
 1.15205827E+00  2.16679508E-04
 1.15189321E+00  2.07940866E-04
 1.15179713E+00  1.82409048E-04
 1.15176866E+00  1.41022562E-04
 1.15180647E+00  8.54988118E-05
 1.15191112E+00  1.73980759E-05
 1.15207798E+00 -6.10157151E-05
 1.15229793E+00 -1.46823248E-04
 1.15256346E+00 -2.38518871E-04
 1.15286596E+00 -3.35328666E-04
 1.15319608E+00 -4.36031737E-04
 1.15354417E+00 -5.39121217E-04
 1.15389382E+00 -6.41548550E-04
 1.15422465E+00 -7.38924760E-04
 1.15452066E+00 -8.27996841E-04
 1.15477042E+00 -9.06518158E-04
 1.15496998E+00 -9.72915828E-04
 1.15512366E+00 -1.02688276E-03
 1.15523442E+00 -1.06771577E-03
 1.15530362E+00 -1.09430734E-03
 1.15533373E+00 -1.10660548E-03
 1.15532544E+00 -1.10488859E-03
 1.15528289E+00 -1.08972056E-03
 1.15521318E+00 -1.06209917E-03
 1.15511899E+00 -1.02209894E-03
 1.15500145E+00 -9.69179694E-04
 1.15486258E+00 -9.03434053E-04
 1.15470495E+00 -8.25395833E-04
 1.15453783E+00 -7.36420484E-04
 1.15437545E+00 -6.38762879E-04
 1.15422745E+00 -5.34037164E-04
 1.15409927E+00 -4.23219115E-04
 1.15399164E+00 -3.07142796E-04
 1.15389895E+00 -1.86106963E-04
 1.15381778E+00 -6.07163102E-05
 1.15374702E+00  6.79642868E-05
 1.15368321E+00  1.99225601E-04
 1.15362377E+00  3.32306664E-04
 1.15356517E+00  4.66279869E-04
 1.15350297E+00  6.00111209E-04
 1.15343866E+00  7.31878142E-04
 1.15337751E+00  8.58973448E-04
 1.15332373E+00  9.78942186E-04
 1.15328081E+00  1.08949564E-03
 1.15324753E+00  1.18890428E-03
 1.15321817E+00  1.27607702E-03
 1.15319079E+00  1.34950552E-03
 1.15316654E+00  1.40736501E-03
 1.15314765E+00  1.44794741E-03
 1.15313946E+00  1.46941213E-03
 1.15314538E+00  1.47042228E-03
 1.15316678E+00  1.45023191E-03
 1.15320833E+00  1.40799387E-03
 1.15327534E+00  1.34318330E-03
 1.15337211E+00  1.25601679E-03
 1.15350232E+00  1.14747566E-03
 1.15366461E+00  1.01995270E-03
 1.15385341E+00  8.77092107E-04
 1.15406433E+00  7.22726176E-04
 1.15429373E+00  5.60758194E-04
 1.15453942E+00  3.94891452E-04
 1.15480172E+00  2.28304837E-04
 1.15507854E+00  6.44549610E-05
 1.15536585E+00 -9.32399921E-05
 1.15566093E+00 -2.42319471E-04
 1.15596054E+00 -3.80894737E-04
 1.15626183E+00 -5.07545982E-04
 1.15656241E+00 -6.21223583E-04
 1.15685634E+00 -7.20167542E-04
 1.15713536E+00 -8.02254448E-04
 1.15739213E+00 -8.66448490E-04
 1.15761955E+00 -9.12652259E-04
 1.15781194E+00 -9.41753403E-04
 1.15796555E+00 -9.55862124E-04
 1.15807519E+00 -9.56976437E-04
 1.15813481E+00 -9.47005165E-04
 1.15813952E+00 -9.28619495E-04
 1.15808452E+00 -9.04514599E-04
 1.15796600E+00 -8.77143694E-04
 1.15778158E+00 -8.48504638E-04
 1.15752826E+00 -8.18815701E-04
 1.15720325E+00 -7.86862334E-04
 1.15680560E+00 -7.51543530E-04
 1.15633590E+00 -7.11966640E-04
 1.15579729E+00 -6.68068821E-04
 1.15519586E+00 -6.20836579E-04
 1.15453939E+00 -5.70450371E-04
 1.15383791E+00 -5.16590149E-04
 1.15310468E+00 -4.59560450E-04
 1.15235531E+00 -3.99601193E-04
 1.15160719E+00 -3.37348713E-04
 1.15087875E+00 -2.73718886E-04
 1.15018747E+00 -2.08137225E-04
 1.14954951E+00 -1.39210462E-04
 1.14898071E+00 -6.64093892E-05
 1.14849523E+00  1.00911147E-05
 1.14810410E+00  8.87472494E-05
 1.14781565E+00  1.66517773E-04
 1.14763556E+00  2.40975050E-04
 1.14756736E+00  3.10225174E-04
 1.14761467E+00  3.72145229E-04
 1.14778018E+00  4.25147356E-04
 1.14806180E+00  4.67476003E-04
 1.14845279E+00  4.97331820E-04
 1.14894160E+00  5.14494960E-04
 1.14951154E+00  5.19741484E-04
 1.15014474E+00  5.13857289E-04
 1.15082250E+00  4.97676811E-04
 1.15152357E+00  4.70985198E-04
 1.15222665E+00  4.32567921E-04
 1.15291161E+00  3.82078028E-04
 1.15356090E+00  3.19743716E-04
 1.15416446E+00  2.45844430E-04
 1.15471855E+00  1.61253629E-04
 1.15522026E+00  6.64520055E-05
 1.15566686E+00 -3.83496130E-05
 1.15605298E+00 -1.51767588E-04
 1.15637027E+00 -2.71846383E-04
 1.15661558E+00 -3.96769408E-04
 1.15678990E+00 -5.24662395E-04
 1.15689441E+00 -6.54396302E-04
 1.15693308E+00 -7.85561585E-04
 1.15690951E+00 -9.17175613E-04
 1.15682717E+00 -1.04790412E-03
 1.15669651E+00 -1.17640811E-03
 1.15653140E+00 -1.30096939E-03
 1.15634251E+00 -1.42013434E-03
 1.15613708E+00 -1.53270292E-03
 1.15591446E+00 -1.63692212E-03
 1.15566627E+00 -1.73086007E-03
 1.15538678E+00 -1.81276093E-03
 1.15507322E+00 -1.88098826E-03
 1.15472453E+00 -1.93461199E-03
 1.15434441E+00 -1.97342003E-03
 1.15393493E+00 -1.99725837E-03
 1.15349762E+00 -2.00624799E-03
 1.15304157E+00 -2.00099931E-03
 1.15257974E+00 -1.98236776E-03
 1.15212615E+00 -1.95168928E-03
 1.15169536E+00 -1.91063806E-03
 1.15129422E+00 -1.86058692E-03
 1.15092335E+00 -1.80272955E-03
 1.15058770E+00 -1.73837746E-03
 1.15029482E+00 -1.66872117E-03
 1.15005407E+00 -1.59484174E-03
 1.14987868E+00 -1.51779791E-03
 1.14977706E+00 -1.43837833E-03
 1.14975317E+00 -1.35728758E-03
 1.14981363E+00 -1.27561188E-03
 1.14996324E+00 -1.19460655E-03
 1.15020308E+00 -1.11527256E-03
 1.15053055E+00 -1.03841298E-03
 1.15093215E+00 -9.64491786E-04
 1.15138546E+00 -8.93581003E-04
 1.15186825E+00 -8.25874048E-04
 1.15235862E+00 -7.61594813E-04
 1.15283742E+00 -7.00639641E-04
 1.15329080E+00 -6.42867030E-04
 1.15370274E+00 -5.88232480E-04
 1.15405752E+00 -5.36868289E-04
 1.15434691E+00 -4.89589072E-04
 1.15456684E+00 -4.47727151E-04
 1.15471705E+00 -4.12408628E-04
 1.15480047E+00 -3.84488655E-04
 1.15481471E+00 -3.64329729E-04
 1.15475457E+00 -3.51625450E-04
 1.15462251E+00 -3.46065436E-04
 1.15442713E+00 -3.47150821E-04
 1.15418375E+00 -3.53603417E-04
 1.15391593E+00 -3.63719133E-04
 1.15364574E+00 -3.75475799E-04
 1.15339392E+00 -3.86691124E-04
 1.15318592E+00 -3.95914161E-04
 1.15304652E+00 -4.02280896E-04
 1.15299806E+00 -4.04631229E-04
 1.15305892E+00 -4.01760943E-04
 1.15323416E+00 -3.92516031E-04
 1.15351759E+00 -3.75613260E-04
 1.15390196E+00 -3.50387743E-04
 1.15437908E+00 -3.16679823E-04
 1.15494354E+00 -2.74081048E-04
 1.15559389E+00 -2.22393654E-04
 1.15631992E+00 -1.62068696E-04
 1.15710429E+00 -9.42016246E-05
 1.15792960E+00 -2.11467941E-05
 1.15877432E+00  5.36292385E-05
 1.15961736E+00  1.26648074E-04
 1.16043832E+00  1.94465814E-04
 1.16120745E+00  2.53746700E-04
 1.16189087E+00  3.01697200E-04
 1.16246078E+00  3.35554874E-04
 1.16289592E+00  3.52933123E-04
 1.16318830E+00  3.52850010E-04
 1.16334357E+00  3.35353340E-04
 1.16336670E+00  3.01021734E-04
 1.16326212E+00  2.50858554E-04
 1.16303605E+00  1.85339018E-04
 1.16269288E+00  1.04603105E-04
 1.16224512E+00  1.00377759E-05
 1.16171259E+00 -9.59247091E-05
 1.16111199E+00 -2.10116014E-04
 1.16046108E+00 -3.28293239E-04
 1.15977957E+00 -4.46291176E-04
 1.15908791E+00 -5.60028121E-04
 1.15841646E+00 -6.64444365E-04
 1.15780156E+00 -7.54301288E-04
 1.15727225E+00 -8.24918455E-04
 1.15684984E+00 -8.72381783E-04
 1.15654432E+00 -8.94820901E-04
 1.15635259E+00 -8.92225949E-04
 1.15627222E+00 -8.64689928E-04
 1.15630180E+00 -8.12388548E-04
 1.15643621E+00 -7.35328114E-04
 1.15667062E+00 -6.33053241E-04
 1.15699291E+00 -5.06473216E-04
 1.15738388E+00 -3.57668734E-04
 1.15782772E+00 -1.88630650E-04
 1.15830832E+00 -1.91064987E-06
 1.15880678E+00  1.99787313E-04
 1.15930276E+00  4.13674297E-04
 1.15976679E+00  6.35332368E-04
 1.16016364E+00  8.59453144E-04
 1.16046568E+00  1.08159065E-03
 1.16065375E+00  1.29821761E-03
 1.16071984E+00  1.50759647E-03
 1.16066902E+00  1.70988232E-03
 1.16050616E+00  1.90486453E-03
 1.16023517E+00  2.09192891E-03
 1.15986348E+00  2.27052173E-03
 1.15939820E+00  2.43952381E-03
 1.15885355E+00  2.59865888E-03
 1.15825058E+00  2.74836838E-03
 1.15760675E+00  2.88810369E-03
 1.15693960E+00  3.01704580E-03
 1.15626930E+00  3.13452311E-03
 1.15561747E+00  3.23995747E-03
 1.15501523E+00  3.33441784E-03
 1.15449976E+00  3.42016249E-03
 1.15410031E+00  3.49844092E-03
 1.15383735E+00  3.56960688E-03
 1.15371986E+00  3.63290637E-03
 1.15374330E+00  3.68615293E-03
 1.15390353E+00  3.72784332E-03
 1.15419760E+00  3.75721352E-03
 1.15461881E+00  3.77321813E-03
 1.15516091E+00  3.77534468E-03
 1.15581073E+00  3.76309148E-03
 1.15654848E+00  3.73603519E-03
 1.15735883E+00  3.69553756E-03
 1.15822697E+00  3.64415613E-03
 1.15913531E+00  3.58442061E-03
 1.16006445E+00  3.51882512E-03
 1.16098479E+00  3.44867646E-03
 1.16185973E+00  3.37409915E-03
 1.16266041E+00  3.29612166E-03
 1.16336624E+00  3.21636810E-03
 1.16396696E+00  3.13641142E-03
 1.16446491E+00  3.05831978E-03
 1.16486110E+00  2.98343448E-03
 1.16515452E+00  2.91240263E-03
 1.16534798E+00  2.84670390E-03
 1.16544362E+00  2.78788262E-03
 1.16544912E+00  2.73673048E-03
 1.16537750E+00  2.69338804E-03
 1.16523597E+00  2.65625946E-03
 1.16502978E+00  2.62218989E-03
 1.16476691E+00  2.58826911E-03
 1.16445722E+00  2.55181388E-03
 1.16412041E+00  2.51040550E-03
 1.16378362E+00  2.46245978E-03
 1.16346685E+00  2.40614502E-03
 1.16318285E+00  2.33972214E-03
 1.16293656E+00  2.26295315E-03
 1.16272254E+00  2.17651782E-03
 1.16253786E+00  2.08162258E-03
 1.16238273E+00  1.97994108E-03
 1.16225402E+00  1.87224531E-03
 1.16214991E+00  1.75872065E-03
 1.16206593E+00  1.64083713E-03
 1.16199507E+00  1.52107857E-03
 1.16193829E+00  1.40279339E-03
 1.16190107E+00  1.29054301E-03
 1.16188706E+00  1.18855438E-03
 1.16189858E+00  1.10072835E-03
 1.16192968E+00  1.03178655E-03
 1.16196727E+00  9.86361222E-04
 1.16200460E+00  9.68470415E-04
 1.16204061E+00  9.81308472E-04
 1.16207824E+00  1.02572893E-03
 1.16212729E+00  1.10050978E-03
 1.16219436E+00  1.20411316E-03
 1.16228238E+00  1.33465516E-03
 1.16239822E+00  1.49032099E-03
 1.16254807E+00  1.66959911E-03
 1.16273735E+00  1.86925816E-03
 1.16297087E+00  2.08455306E-03
 1.16324421E+00  2.31043212E-03
 1.16354610E+00  2.54092760E-03
 1.16386654E+00  2.76989792E-03
 1.16419660E+00  2.99120441E-03
 1.16453230E+00  3.19724785E-03
 1.16487542E+00  3.37987343E-03
 1.16522313E+00  3.53202133E-03
 1.16556917E+00  3.64794440E-03
 1.16590845E+00  3.72444215E-03
 1.16623390E+00  3.76092392E-03
 1.16654103E+00  3.75710568E-03
 1.16682792E+00  3.71300304E-03
 1.16708735E+00  3.62915266E-03
 1.16731013E+00  3.50616711E-03
 1.16749005E+00  3.34676535E-03
 1.16762308E+00  3.15570253E-03
 1.16771170E+00  2.93812393E-03
 1.16776470E+00  2.70024463E-03
 1.16778899E+00  2.44893098E-03
 1.16779007E+00  2.19138366E-03
 1.16777333E+00  1.93664404E-03
 1.16774153E+00  1.69462244E-03
 1.16769911E+00  1.47392066E-03
 1.16765151E+00  1.28146185E-03
 1.16759922E+00  1.12117460E-03
 1.16754034E+00  9.93902749E-04
 1.16747257E+00  9.00285296E-04
 1.16739319E+00  8.40951926E-04
 1.16730405E+00  8.16358097E-04
 1.16721079E+00  8.27352569E-04
 1.16711624E+00  8.72580375E-04
 1.16702167E+00  9.48641261E-04
 1.16692765E+00  1.05224964E-03
 1.16683244E+00  1.17926905E-03
 1.16673633E+00  1.32508900E-03
 1.16664112E+00  1.48482161E-03
 1.16654530E+00  1.65099864E-03
 1.16644644E+00  1.81476586E-03
 1.16634314E+00  1.96895844E-03
 1.16623466E+00  2.10836695E-03
 1.16612437E+00  2.23117575E-03
 1.16601928E+00  2.33911817E-03
 1.16592486E+00  2.43352965E-03
 1.16584550E+00  2.51511673E-03
 1.16578471E+00  2.58456587E-03
 1.16574362E+00  2.64148686E-03
 1.16572435E+00  2.68709963E-03
 1.16572935E+00  2.72393949E-03
 1.16575789E+00  2.75277494E-03
 1.16580773E+00  2.77392593E-03
 1.16587591E+00  2.78783261E-03
 1.16595885E+00  2.79501739E-03
 1.16605572E+00  2.79911170E-03
 1.16616784E+00  2.80586334E-03
 1.16629476E+00  2.81892468E-03
 1.16643505E+00  2.84001118E-03
 1.16658669E+00  2.86830627E-03
 1.16674601E+00  2.89985785E-03
 1.16691060E+00  2.93175422E-03
 1.16707878E+00  2.96217488E-03
 1.16724666E+00  2.98842721E-03
 1.16740958E+00  3.00850555E-03
 1.16756312E+00  3.01991420E-03
 1.16770279E+00  3.01978887E-03
 1.16782607E+00  3.00824879E-03
 1.16793223E+00  2.98727970E-03
 1.16801959E+00  2.95857386E-03
 1.16808613E+00  2.92365238E-03
 1.16812991E+00  2.88172694E-03
 1.16814835E+00  2.82987601E-03
 1.16813980E+00  2.76712632E-03
 1.16810340E+00  2.69405458E-03
 1.16803744E+00  2.61188010E-03
 1.16794020E+00  2.52350934E-03
 1.16781071E+00  2.43101975E-03
 1.16764877E+00  2.33571551E-03
 1.16745636E+00  2.24086518E-03
 1.16723769E+00  2.15037784E-03
 1.16699774E+00  2.06794544E-03
 1.16674282E+00  1.99729685E-03
 1.16648108E+00  1.94006679E-03
 1.16622184E+00  1.89610819E-03
 1.16597569E+00  1.86606918E-03
 1.16575391E+00  1.85104519E-03
 1.16556653E+00  1.85265267E-03
 1.16542236E+00  1.87350912E-03
 1.16532995E+00  1.91500353E-03
 1.16529664E+00  1.97738007E-03
 1.16532800E+00  2.06118012E-03
 1.16542809E+00  2.16636157E-03
 1.16559874E+00  2.29257198E-03
 1.16583996E+00  2.43921350E-03
 1.16615154E+00  2.60372668E-03
 1.16653205E+00  2.78197405E-03
 1.16697675E+00  2.96941745E-03
 1.16747746E+00  3.16071839E-03
 1.16802203E+00  3.35011435E-03
 1.16859435E+00  3.53175328E-03
 1.16917748E+00  3.69875044E-03
 1.16975407E+00  3.84365317E-03
 1.17030579E+00  3.95950758E-03
 1.17081516E+00  4.03970828E-03
 1.17126571E+00  4.07831539E-03
 1.17164328E+00  4.07061279E-03
 1.17193975E+00  4.01299587E-03
 1.17215209E+00  3.90313879E-03
 1.17227912E+00  3.74017929E-03
 1.17232096E+00  3.52445369E-03
 1.17227653E+00  3.25717736E-03
 1.17214375E+00  2.94083775E-03
 1.17192589E+00  2.58017913E-03
 1.17163095E+00  2.18234302E-03
 1.17126934E+00  1.75697898E-03
 1.17085549E+00  1.31613950E-03
 1.17040420E+00  8.72802032E-04
 1.16993042E+00  4.40462979E-04
 1.16945384E+00  3.31880209E-05
 1.16899567E+00 -3.35453235E-04
 1.16857444E+00 -6.52743439E-04
 1.16820508E+00 -9.07813788E-04
 1.16789409E+00 -1.09382126E-03
 1.16764003E+00 -1.20747924E-03
 1.16744153E+00 -1.24701437E-03
 1.16729768E+00 -1.21178627E-03
 1.16720855E+00 -1.10072899E-03
 1.16717683E+00 -9.12573842E-04
 1.16720020E+00 -6.50012421E-04
 1.16727220E+00 -3.19373633E-04
 1.16738819E+00  7.08286716E-05
 1.16754239E+00  5.08913072E-04
 1.16772883E+00  9.82605524E-04
 1.16794146E+00  1.47926381E-03
 1.16816702E+00  1.98301818E-03
 1.16838806E+00  2.47701806E-03
 1.16859136E+00  2.94621984E-03
 1.16876786E+00  3.37821243E-03
 1.16891575E+00  3.76677854E-03
 1.16904120E+00  4.11143926E-03
 1.16914826E+00  4.41183861E-03
 1.16923876E+00  4.66738390E-03
 1.16931515E+00  4.87645954E-03
 1.16937740E+00  5.03546099E-03
 1.16942783E+00  5.14461745E-03
 1.16947066E+00  5.20733055E-03
 1.16950409E+00  5.22597807E-03
 1.16952347E+00  5.20410129E-03
 1.16952458E+00  5.14531996E-03
 1.16950351E+00  5.05331969E-03
 1.16946316E+00  4.93724169E-03
 1.16941190E+00  4.80930530E-03
 1.16935379E+00  4.67866530E-03
 1.16928946E+00  4.55137939E-03
 1.16921679E+00  4.42779442E-03
 1.16912891E+00  4.30217386E-03
 1.16902208E+00  4.17050290E-03
 1.16889566E+00  4.03065128E-03
 1.16874630E+00  3.88047311E-03
 1.16857153E+00  3.72023757E-03
 1.16837003E+00  3.54854609E-03
 1.16814152E+00  3.36288182E-03
 1.16789321E+00  3.16568566E-03
 1.16763799E+00  2.96187606E-03
 1.16738789E+00  2.75643218E-03
 1.16715421E+00  2.55436838E-03
 1.16694477E+00  2.35541867E-03
 1.16676287E+00  2.15509951E-03
 1.16661456E+00  1.95247689E-03
 1.16650733E+00  1.74933230E-03
 1.16644592E+00  1.54969364E-03
 1.16643477E+00  1.36138767E-03
 1.16647568E+00  1.18977977E-03
 1.16656789E+00  1.03789371E-03
 1.16671425E+00  9.11130674E-04
 1.16691884E+00  8.14357739E-04
 1.16718177E+00  7.51481297E-04
 1.16749994E+00  7.25545116E-04
 1.16786467E+00  7.33596748E-04
 1.16826141E+00  7.68033188E-04
 1.16867664E+00  8.21944218E-04
 1.16909776E+00  8.88893450E-04
 1.16951108E+00  9.64839094E-04
 1.16990466E+00  1.04906084E-03
 1.17026642E+00  1.13851229E-03
 1.17058507E+00  1.22880093E-03
 1.17085590E+00  1.31764839E-03
 1.17107883E+00  1.40284624E-03
 1.17125491E+00  1.48367300E-03
 1.17138625E+00  1.56073380E-03
 1.17147220E+00  1.63099185E-03
 1.17150975E+00  1.68947463E-03
 1.17150074E+00  1.73349900E-03
 1.17145097E+00  1.76190347E-03
 1.17136799E+00  1.77656864E-03
 1.17126300E+00  1.78286952E-03
 1.17114652E+00  1.78472855E-03
 1.17102839E+00  1.78504158E-03
 1.17092284E+00  1.78791584E-03
 1.17084534E+00  1.79666321E-03
 1.17080906E+00  1.81467981E-03
 1.17082445E+00  1.84515501E-03
 1.17089457E+00  1.88726063E-03
 1.17101555E+00  1.93736758E-03
 1.17118389E+00  1.99204209E-03
 1.17139641E+00  2.04790860E-03
 1.17165050E+00  2.10365884E-03
 1.17194568E+00  2.16030568E-03
 1.17227716E+00  2.21695413E-03
 1.17263657E+00  2.27155142E-03
 1.17301711E+00  2.32282458E-03
 1.17341107E+00  2.36888086E-03
 1.17381056E+00  2.40877907E-03
 1.17420779E+00  2.44232373E-03
 1.17458939E+00  2.46655010E-03
 1.17493882E+00  2.47713667E-03
 1.17524315E+00  2.47110428E-03
 1.17549303E+00  2.44643256E-03
 1.17568514E+00  2.40364210E-03
 1.17582290E+00  2.34595057E-03
 1.17590866E+00  2.27557463E-03
 1.17594370E+00  2.19405968E-03
 1.17593064E+00  2.10352247E-03
 1.17587106E+00  2.00541636E-03
 1.17576954E+00  1.90199598E-03
 1.17563342E+00  1.79618029E-03
 1.17546685E+00  1.68890008E-03
 1.17527302E+00  1.58006897E-03
 1.17505617E+00  1.46990547E-03
 1.17482106E+00  1.35871457E-03
 1.17457756E+00  1.24857476E-03
 1.17433926E+00  1.14315769E-03
 1.17411618E+00  1.04491818E-03
 1.17391498E+00  9.55446717E-04
 1.17373844E+00  8.75996815E-04
 1.17358430E+00  8.06735268E-04
 1.17345152E+00  7.48414575E-04
 1.17334052E+00  7.02264353E-04
 1.17324971E+00  6.68116921E-04
 1.17317780E+00  6.45230186E-04
 1.17312204E+00  6.32772906E-04
 1.17307817E+00  6.29558054E-04
 1.17304552E+00  6.35332213E-04
 1.17302539E+00  6.50598798E-04
 1.17301794E+00  6.75092958E-04
 1.17302260E+00  7.08083342E-04
 1.17303508E+00  7.48458210E-04
 1.17304782E+00  7.94430024E-04
 1.17305622E+00  8.44729836E-04
 1.17305845E+00  8.98629811E-04
 1.17305460E+00  9.55184616E-04
 1.17304808E+00  1.01364737E-03
 1.17304110E+00  1.07323529E-03
 1.17303449E+00  1.13295301E-03
 1.17303103E+00  1.19227138E-03
 1.17303353E+00  1.25093916E-03
 1.17304498E+00  1.30863034E-03
 1.17306868E+00  1.36507869E-03
 1.17310450E+00  1.41977953E-03
 1.17314980E+00  1.47197768E-03
 1.17320281E+00  1.52116365E-03
 1.17326235E+00  1.56703005E-03
 1.17332952E+00  1.60943011E-03
 1.17340784E+00  1.64843101E-03
 1.17349863E+00  1.68384386E-03
 1.17360127E+00  1.71514495E-03
 1.17371477E+00  1.74163683E-03
 1.17383650E+00  1.76237207E-03
 1.17396465E+00  1.77649809E-03
 1.17409839E+00  1.78339608E-03
 1.17423489E+00  1.78254122E-03
 1.17437066E+00  1.77366099E-03
 1.17450279E+00  1.75666175E-03
 1.17462864E+00  1.73169184E-03
 1.17474814E+00  1.69952421E-03
 1.17486344E+00  1.66140645E-03
 1.17497586E+00  1.61873490E-03
 1.17508608E+00  1.57295645E-03
 1.17519394E+00  1.52515815E-03
 1.17529778E+00  1.47607712E-03
 1.17539711E+00  1.42674088E-03
 1.17549239E+00  1.37834060E-03
 1.17558320E+00  1.33201391E-03
 1.17566926E+00  1.28901404E-03
 1.17574993E+00  1.25031519E-03
 1.17582417E+00  1.21666226E-03
 1.17589269E+00  1.18914128E-03
 1.17595729E+00  1.16888719E-03
 1.17601906E+00  1.15667539E-03
 1.17607876E+00  1.15294588E-03
 1.17613619E+00  1.15743285E-03
 1.17618992E+00  1.16919630E-03
 1.17623934E+00  1.18734543E-03
 1.17628446E+00  1.21101859E-03
 1.17632497E+00  1.23929018E-03
 1.17636092E+00  1.27143139E-03
 1.17639218E+00  1.30658532E-03
 1.17641834E+00  1.34389759E-03
 1.17644006E+00  1.38312263E-03
 1.17645862E+00  1.42436605E-03
 1.17647514E+00  1.46772107E-03
 1.17649070E+00  1.51320240E-03
 1.17650568E+00  1.56018820E-03
 1.17651971E+00  1.60745983E-03
 1.17653283E+00  1.65403039E-03
 1.17654528E+00  1.69897615E-03
 1.17655706E+00  1.74118742E-03
 1.17656833E+00  1.77964522E-03
 1.17657892E+00  1.81303970E-03
 1.17658839E+00  1.83991141E-03
 1.17659692E+00  1.85944628E-03
 1.17660503E+00  1.87119679E-03
 1.17661312E+00  1.87458735E-03
 1.17662170E+00  1.86904892E-03
 1.17663105E+00  1.85371611E-03
 1.17664118E+00  1.82744563E-03
 1.17665250E+00  1.78963464E-03
 1.17666562E+00  1.74016422E-03
 1.17668103E+00  1.67913862E-03
 1.17669933E+00  1.60722970E-03
 1.17672121E+00  1.52553028E-03
 1.17674738E+00  1.43565319E-03
 1.17677896E+00  1.34036661E-03
 1.17681738E+00  1.24330902E-03
 1.17686397E+00  1.14833617E-03
 1.17692002E+00  1.05939473E-03
 1.17698666E+00  9.79985270E-04
 1.17706471E+00  9.12972068E-04
 1.17715495E+00  8.61270004E-04
 1.17725792E+00  8.27475286E-04
 1.17737362E+00  8.13207497E-04
 1.17750165E+00  8.19395854E-04
 1.17764129E+00  8.46208941E-04
 1.17779153E+00  8.93174452E-04
 1.17795138E+00  9.60099261E-04
 1.17811978E+00  1.04670548E-03
 1.17829514E+00  1.15141244E-03
 1.17847541E+00  1.27143539E-03
 1.17865816E+00  1.40266595E-03
 1.17884048E+00  1.53957614E-03
 1.17901942E+00  1.67658189E-03
 1.17919199E+00  1.80814997E-03
 1.17935491E+00  1.92827692E-03
 1.17950492E+00  2.03128471E-03
 1.17963898E+00  2.11202133E-03
 1.17975439E+00  2.16629229E-03
 1.17984927E+00  2.19236029E-03
 1.17992255E+00  2.19061818E-03
 1.17997338E+00  2.16215877E-03
 1.18000121E+00  2.10867730E-03
 1.18000563E+00  2.03166543E-03
 1.17998639E+00  1.93241508E-03
 1.17994411E+00  1.81437783E-03
 1.17988027E+00  1.68294984E-03
 1.17979687E+00  1.54449358E-03
 1.17969663E+00  1.40689904E-03
 1.17958256E+00  1.27821616E-03
 1.17945785E+00  1.16644222E-03
 1.17932631E+00  1.08106093E-03
 1.17919195E+00  1.03180279E-03
 1.17905850E+00  1.02704355E-03
 1.17892923E+00  1.07334009E-03
 1.17880625E+00  1.17350634E-03
 1.17869067E+00  1.32674976E-03
 1.17858349E+00  1.53156088E-03
 1.17848577E+00  1.78580975E-03
 1.17839882E+00  2.08702725E-03
 1.17832434E+00  2.43281738E-03
 1.17826320E+00  2.81769834E-03
 1.17821556E+00  3.23331488E-03
 1.17818158E+00  3.67051276E-03
 1.17816102E+00  4.11839675E-03
 1.17815357E+00  4.56544787E-03
 1.17815891E+00  4.99990510E-03
 1.17817557E+00  5.40747587E-03
 1.17820151E+00  5.77292006E-03
 1.17823521E+00  6.08301435E-03
 1.17827571E+00  6.32712788E-03
 1.17832329E+00  6.49946161E-03
 1.17837942E+00  6.59909476E-03
 1.17844512E+00  6.62573047E-03
 1.17852085E+00  6.57950104E-03
 1.17860669E+00  6.46108551E-03
 1.17870184E+00  6.27093312E-03
 1.17880567E+00  6.01329296E-03
 1.17891753E+00  5.69597896E-03
 1.17903540E+00  5.32723000E-03
 1.17915653E+00  4.91709712E-03
 1.17927791E+00  4.47658117E-03
 1.17939636E+00  4.01721349E-03
 1.17950995E+00  3.55433226E-03
 1.17961776E+00  3.10516214E-03
 1.17971812E+00  2.68438827E-03
 1.17980888E+00  2.30358242E-03
 1.17988757E+00  1.96871643E-03
 1.17995107E+00  1.67997556E-03
 1.17999709E+00  1.43761469E-03
 1.18002406E+00  1.24228609E-03
 1.18002995E+00  1.09442323E-03
 1.18001300E+00  9.95591592E-04
 1.17997217E+00  9.43833946E-04
 1.17990710E+00  9.34042689E-04
 1.17981935E+00  9.62426262E-04
 1.17971211E+00  1.02455260E-03
 1.17958860E+00  1.11533477E-03
 1.17945207E+00  1.22928071E-03
 1.17930544E+00  1.35594869E-03
 1.17915087E+00  1.48189858E-03
 1.17899100E+00  1.59688856E-03
 1.17882859E+00  1.69404624E-03
 1.17866521E+00  1.77179926E-03
 1.17850190E+00  1.83446444E-03
 1.17833931E+00  1.88516769E-03
 1.17817786E+00  1.92555914E-03
 1.17801926E+00  1.95781881E-03
 1.17786611E+00  1.98246256E-03
 1.17772011E+00  2.00202345E-03
 1.17758232E+00  2.02066290E-03
 1.17745326E+00  2.03858671E-03
 1.17733244E+00  2.05423291E-03
 1.17721988E+00  2.06638039E-03
 1.17711594E+00  2.07404530E-03
 1.17701995E+00  2.08120799E-03
 1.17693105E+00  2.09565198E-03
 1.17684868E+00  2.12167645E-03
 1.17677261E+00  2.16056689E-03
 1.17670421E+00  2.21061352E-03
 1.17664619E+00  2.26577523E-03
 1.17660079E+00  2.32190265E-03
 1.17656979E+00  2.37678439E-03
 1.17655432E+00  2.42619300E-03
 1.17655435E+00  2.46650485E-03
 1.17657017E+00  2.49409039E-03
 1.17660212E+00  2.50531439E-03
 1.17664923E+00  2.50163329E-03
 1.17670995E+00  2.48809789E-03
 1.17678228E+00  2.46901819E-03
 1.17686385E+00  2.44817179E-03
 1.17695357E+00  2.42624942E-03
 1.17705127E+00  2.40055207E-03
 1.17715598E+00  2.37097598E-03
 1.17726628E+00  2.33928258E-03
 1.17738028E+00  2.30674514E-03
 1.17749529E+00  2.27592984E-03
 1.17760928E+00  2.24790916E-03
 1.17772069E+00  2.22231724E-03
 1.17782725E+00  2.20182318E-03
 1.17792666E+00  2.19024062E-03
 1.17801690E+00  2.18996889E-03
 1.17809624E+00  2.20251338E-03
 1.17816431E+00  2.22594456E-03
 1.17822192E+00  2.25505935E-03
 1.17826967E+00  2.28591034E-03
 1.17830808E+00  2.31546372E-03
 1.17833747E+00  2.34093355E-03
 1.17835761E+00  2.36114944E-03
 1.17836874E+00  2.37411161E-03
 1.17837132E+00  2.37736641E-03
 1.17836507E+00  2.37113963E-03
 1.17834953E+00  2.35703488E-03
 1.17832420E+00  2.33708362E-03
 1.17828874E+00  2.31386853E-03
 1.17824400E+00  2.28792553E-03
 1.17819193E+00  2.25819028E-03
 1.17813430E+00  2.22537074E-03
 1.17807304E+00  2.19135122E-03
 1.17801039E+00  2.15884591E-03
 1.17794851E+00  2.13214934E-03
 1.17789019E+00  2.11466481E-03
 1.17783857E+00  2.10904960E-03
 1.17779597E+00  2.11940564E-03
 1.17776431E+00  2.14995310E-03
 1.17774553E+00  2.20427091E-03
 1.17774141E+00  2.28531263E-03
 1.17775392E+00  2.39332931E-03
 1.17778519E+00  2.52619802E-03
 1.17783649E+00  2.68187255E-03
 1.17790839E+00  2.85814296E-03
 1.17800111E+00  3.05286000E-03
 1.17811405E+00  3.26440174E-03
 1.17824578E+00  3.48942355E-03
 1.17839386E+00  3.72308436E-03
 1.17855412E+00  3.96064176E-03
 1.17872098E+00  4.19669210E-03
 1.17888842E+00  4.42568138E-03
 1.17905026E+00  4.64215010E-03
 1.17920063E+00  4.83912470E-03
 1.17933444E+00  5.00894340E-03
 1.17944661E+00  5.14509055E-03
 1.17953268E+00  5.24228698E-03
 1.17958993E+00  5.29750142E-03
