# x =
 1.34278397E+01
# y =
 3.25097170E+00
 VARIABLES = u,v
 1.17240280E+00  2.78403831E-03
 1.17241396E+00  2.80853616E-03
 1.17241816E+00  2.88345991E-03
 1.17241427E+00  3.00473300E-03
 1.17240057E+00  3.16886047E-03
 1.17237649E+00  3.36895409E-03
 1.17234226E+00  3.59496030E-03
 1.17230004E+00  3.83974482E-03
 1.17225396E+00  4.09691971E-03
 1.17220751E+00  4.35890970E-03
 1.17216381E+00  4.61744210E-03
 1.17212640E+00  4.85889079E-03
 1.17209821E+00  5.06593878E-03
 1.17208223E+00  5.22562961E-03
 1.17208118E+00  5.32951980E-03
 1.17209545E+00  5.37458550E-03
 1.17212382E+00  5.36454089E-03
 1.17216490E+00  5.30245099E-03
 1.17221707E+00  5.19046206E-03
 1.17227982E+00  5.03325865E-03
 1.17235367E+00  4.83557354E-03
 1.17243781E+00  4.60505207E-03
 1.17253048E+00  4.35222802E-03
 1.17262990E+00  4.08459447E-03
 1.17273357E+00  3.80848995E-03
 1.17283935E+00  3.53178893E-03
 1.17294539E+00  3.26327098E-03
 1.17304817E+00  3.01635052E-03
 1.17314343E+00  2.80788710E-03
 1.17322765E+00  2.65062974E-03
 1.17329798E+00  2.55302295E-03
 1.17335340E+00  2.51897249E-03
 1.17339473E+00  2.54641514E-03
 1.17342229E+00  2.63355956E-03
 1.17343605E+00  2.77919820E-03
 1.17343608E+00  2.97930974E-03
 1.17342187E+00  3.22920019E-03
 1.17339368E+00  3.52131672E-03
 1.17335241E+00  3.84511134E-03
 1.17329795E+00  4.19210764E-03
 1.17322984E+00  4.55441828E-03
 1.17314782E+00  4.92238592E-03
 1.17305167E+00  5.28527993E-03
 1.17294271E+00  5.62843439E-03
 1.17282342E+00  5.93433895E-03
 1.17269548E+00  6.18914484E-03
 1.17255999E+00  6.38311219E-03
 1.17241746E+00  6.51105827E-03
 1.17226741E+00  6.57351055E-03
 1.17211004E+00  6.57114234E-03
 1.17194622E+00  6.50433489E-03
 1.17177641E+00  6.37569123E-03
 1.17160136E+00  6.18831889E-03
 1.17142193E+00  5.94851296E-03
 1.17123910E+00  5.66580605E-03
 1.17105523E+00  5.34843444E-03
 1.17087366E+00  5.00478524E-03
 1.17069762E+00  4.64482826E-03
 1.17053018E+00  4.27952500E-03
 1.17037370E+00  3.92389646E-03
 1.17022962E+00  3.59560330E-03
 1.17009994E+00  3.30880951E-03
 1.16998699E+00  3.07362262E-03
 1.16989275E+00  2.89493193E-03
 1.16981927E+00  2.77155504E-03
 1.16976798E+00  2.70226458E-03
 1.16973965E+00  2.68625924E-03
 1.16973550E+00  2.72120705E-03
 1.16975664E+00  2.80496784E-03
 1.16980332E+00  2.93206474E-03
 1.16987500E+00  3.09383187E-03
 1.16996970E+00  3.28327479E-03
 1.17008404E+00  3.49332250E-03
 1.17021455E+00  3.71571314E-03
 1.17035769E+00  3.94144725E-03
 1.17050977E+00  4.15689549E-03
 1.17066738E+00  4.34547879E-03
 1.17082679E+00  4.49436339E-03
 1.17098410E+00  4.59485442E-03
 1.17113643E+00  4.64378704E-03
 1.17128141E+00  4.64441563E-03
 1.17141675E+00  4.59963117E-03
 1.17154022E+00  4.51158657E-03
 1.17164856E+00  4.38403696E-03
 1.17173778E+00  4.22027362E-03
 1.17180454E+00  4.02666106E-03
 1.17184606E+00  3.81243902E-03
 1.17185980E+00  3.58428782E-03
 1.17184390E+00  3.34826246E-03
 1.17179630E+00  3.11151835E-03
 1.17171488E+00  2.88187133E-03
 1.17159866E+00  2.67195507E-03
 1.17144729E+00  2.49771259E-03
 1.17126044E+00  2.37115780E-03
 1.17103793E+00  2.30020815E-03
 1.17077888E+00  2.28783444E-03
 1.17048197E+00  2.33089337E-03
 1.17014695E+00  2.42681655E-03
 1.16977471E+00  2.57387653E-03
 1.16936731E+00  2.76812787E-03
 1.16892854E+00  3.00564797E-03
 1.16846305E+00  3.27987397E-03
 1.16797663E+00  3.58164596E-03
 1.16747745E+00  3.90458656E-03
 1.16697534E+00  4.24334811E-03
 1.16648095E+00  4.59117219E-03
 1.16600535E+00  4.94040334E-03
 1.16555838E+00  5.27898339E-03
 1.16514852E+00  5.59152610E-03
 1.16478445E+00  5.86621878E-03
 1.16447422E+00  6.09493620E-03
 1.16422431E+00  6.27341418E-03
 1.16404008E+00  6.40253768E-03
 1.16392487E+00  6.48259232E-03
 1.16388028E+00  6.51297950E-03
 1.16390795E+00  6.49536677E-03
 1.16400857E+00  6.43165694E-03
 1.16417966E+00  6.32583529E-03
 1.16441559E+00  6.18405675E-03
 1.16470674E+00  6.00995759E-03
 1.16503958E+00  5.80610039E-03
 1.16539982E+00  5.57651141E-03
 1.16577276E+00  5.32621963E-03
 1.16614288E+00  5.06405001E-03
 1.16649549E+00  4.80187171E-03
 1.16681638E+00  4.54860091E-03
 1.16709300E+00  4.31009306E-03
 1.16731798E+00  4.08927824E-03
 1.16748808E+00  3.88502762E-03
 1.16760148E+00  3.69700946E-03
 1.16765730E+00  3.52604833E-03
 1.16765296E+00  3.37139958E-03
 1.16758447E+00  3.23253861E-03
 1.16745229E+00  3.10778588E-03
 1.16726068E+00  2.99427864E-03
 1.16701581E+00  2.89202704E-03
 1.16672728E+00  2.80263263E-03
 1.16640462E+00  2.72679761E-03
 1.16605729E+00  2.66455125E-03
 1.16569895E+00  2.61268404E-03
 1.16534465E+00  2.56522969E-03
 1.16500720E+00  2.51875989E-03
 1.16469661E+00  2.47225846E-03
 1.16441572E+00  2.42658683E-03
 1.16416078E+00  2.38554552E-03
 1.16392862E+00  2.35179904E-03
 1.16371689E+00  2.32661663E-03
 1.16352460E+00  2.31263843E-03
 1.16335362E+00  2.31212276E-03
 1.16320234E+00  2.32726549E-03
 1.16306647E+00  2.36021087E-03
 1.16294445E+00  2.40954717E-03
 1.16283476E+00  2.47131756E-03
 1.16273628E+00  2.54203233E-03
 1.16264820E+00  2.61858865E-03
 1.16256367E+00  2.70014063E-03
 1.16247212E+00  2.78821788E-03
 1.16236671E+00  2.88232302E-03
 1.16224397E+00  2.98036533E-03
 1.16210575E+00  3.08017870E-03
 1.16196009E+00  3.17831249E-03
 1.16181298E+00  3.27238630E-03
 1.16166844E+00  3.36112104E-03
 1.16153184E+00  3.44121867E-03
 1.16140696E+00  3.50882445E-03
 1.16129881E+00  3.56107132E-03
 1.16121339E+00  3.59581782E-03
 1.16115117E+00  3.61381705E-03
 1.16110941E+00  3.61843631E-03
 1.16108579E+00  3.61231890E-03
 1.16107817E+00  3.59756300E-03
 1.16108888E+00  3.57575390E-03
 1.16112425E+00  3.54708784E-03
 1.16118691E+00  3.51269273E-03
 1.16127662E+00  3.47427209E-03
 1.16139165E+00  3.43182801E-03
 1.16152691E+00  3.38473978E-03
 1.16167880E+00  3.33203488E-03
 1.16184509E+00  3.27239037E-03
 1.16201979E+00  3.20647156E-03
 1.16219570E+00  3.13639615E-03
 1.16236569E+00  3.06315226E-03
 1.16252221E+00  2.98708059E-03
 1.16266137E+00  2.90780085E-03
 1.16278229E+00  2.82368829E-03
 1.16288243E+00  2.73403609E-03
 1.16295834E+00  2.63882552E-03
 1.16300537E+00  2.53701803E-03
 1.16301694E+00  2.42758513E-03
 1.16298866E+00  2.30980058E-03
 1.16291822E+00  2.18317975E-03
 1.16280292E+00  2.04915597E-03
 1.16264125E+00  1.91069836E-03
 1.16243214E+00  1.77044679E-03
 1.16217487E+00  1.63088567E-03
 1.16187205E+00  1.49400727E-03
 1.16152892E+00  1.36090982E-03
 1.16115152E+00  1.23344514E-03
 1.16074738E+00  1.11393673E-03
 1.16032469E+00  1.00393227E-03
 1.15989185E+00  9.04858356E-04
 1.15945920E+00  8.17856447E-04
 1.15903834E+00  7.43767676E-04
 1.15864050E+00  6.84569879E-04
 1.15827690E+00  6.42919600E-04
 1.15795782E+00  6.20701580E-04
 1.15769181E+00  6.19240968E-04
 1.15748589E+00  6.38980278E-04
 1.15734530E+00  6.79208344E-04
 1.15727360E+00  7.39419217E-04
 1.15727317E+00  8.19124833E-04
 1.15734567E+00  9.16966700E-04
 1.15749164E+00  1.03121654E-03
 1.15770882E+00  1.15953043E-03
 1.15799212E+00  1.29885074E-03
 1.15833376E+00  1.44635026E-03
 1.15872318E+00  1.59922252E-03
 1.15914869E+00  1.75411417E-03
 1.15959781E+00  1.90740590E-03
 1.16005645E+00  2.05506249E-03
 1.16051032E+00  2.19268137E-03
 1.16094609E+00  2.31634279E-03
 1.16135245E+00  2.42271609E-03
 1.16172270E+00  2.50899246E-03
 1.16205419E+00  2.57312376E-03
 1.16234490E+00  2.61338719E-03
 1.16259284E+00  2.62832110E-03
 1.16279453E+00  2.61702632E-03
 1.16294476E+00  2.57912005E-03
 1.16304146E+00  2.51514141E-03
 1.16308511E+00  2.42667886E-03
 1.16307605E+00  2.31607023E-03
 1.16301619E+00  2.18646411E-03
 1.16290733E+00  2.04158082E-03
 1.16275138E+00  1.88551076E-03
 1.16255488E+00  1.72284031E-03
 1.16232689E+00  1.55830392E-03
 1.16207443E+00  1.39634163E-03
 1.16180239E+00  1.24075893E-03
 1.16151095E+00  1.09405350E-03
 1.16119556E+00  9.57546899E-04
 1.16085372E+00  8.32378921E-04
 1.16048515E+00  7.19742379E-04
 1.16009076E+00  6.21365954E-04
 1.15967476E+00  5.39564562E-04
 1.15924087E+00  4.75727363E-04
 1.15879305E+00  4.30489002E-04
 1.15834085E+00  4.04505717E-04
 1.15789686E+00  3.97940193E-04
 1.15747432E+00  4.11011950E-04
 1.15708650E+00  4.43894598E-04
 1.15674124E+00  4.95273492E-04
 1.15644154E+00  5.63021694E-04
 1.15619251E+00  6.45599214E-04
 1.15599991E+00  7.42068353E-04
 1.15586885E+00  8.52940209E-04
 1.15580552E+00  9.80082256E-04
 1.15581264E+00  1.12444279E-03
 1.15589015E+00  1.28589060E-03
 1.15604112E+00  1.46340692E-03
 1.15626904E+00  1.65432020E-03
 1.15657513E+00  1.85550935E-03
 1.15695908E+00  2.06302784E-03
 1.15741553E+00  2.27021894E-03
 1.15793396E+00  2.46877036E-03
 1.15850338E+00  2.65006213E-03
 1.15911080E+00  2.80575441E-03
 1.15973909E+00  2.93021550E-03
 1.16036832E+00  3.02063551E-03
 1.16097359E+00  3.07440021E-03
 1.16152468E+00  3.09013924E-03
 1.16198875E+00  3.06899845E-03
 1.16233152E+00  3.01342366E-03
 1.16252068E+00  2.92767276E-03
 1.16253031E+00  2.81670957E-03
 1.16234470E+00  2.68240321E-03
 1.16196178E+00  2.52422000E-03
 1.16139413E+00  2.34203453E-03
 1.16067400E+00  2.13489212E-03
 1.15986020E+00  1.90079209E-03
 1.15903178E+00  1.63807923E-03
 1.15827264E+00  1.34452047E-03
 1.15766100E+00  1.01934477E-03
 1.15725071E+00  6.68075040E-04
 1.15706532E+00  3.01824713E-04
 1.15711485E+00 -6.55021319E-05
 1.15738238E+00 -4.15482054E-04
 1.15780320E+00 -7.24844151E-04
 1.15828188E+00 -9.67967694E-04
 1.15871071E+00 -1.11793586E-03
 1.15899036E+00 -1.15074996E-03
 1.15908145E+00 -1.05346740E-03
 1.15900822E+00 -8.24832015E-04
 1.15881595E+00 -4.71209690E-04
 1.15859889E+00 -1.10469627E-05
 1.15853225E+00  5.21260348E-04
 1.15881525E+00  1.08085100E-03
 1.15960191E+00  1.61845983E-03
 1.16092326E+00  2.08910904E-03
 1.16253679E+00  2.46955206E-03
 1.16395697E+00  2.76014558E-03
 1.16467588E+00  2.97202497E-03
 1.16416456E+00  3.13685846E-03
 1.16188702E+00  3.31794059E-03
 1.15755870E+00  3.59072526E-03
 1.15136860E+00  4.01772337E-03
 1.14435407E+00  4.62060057E-03
 1.13905032E+00  5.32706030E-03
 1.13875480E+00  5.95907410E-03
 1.14548498E+00  6.26547037E-03
 1.15898094E+00  5.88777313E-03
 1.17522631E+00  4.31903281E-03
 1.18717540E+00  1.12838449E-03
 1.18949763E+00 -3.61335264E-03
 1.17972674E+00 -8.99245030E-03
 1.15910262E+00 -1.27516401E-02
 1.13375232E+00 -1.19443895E-02
 1.11055627E+00 -5.01300175E-03
 1.09803478E+00  7.22680221E-03
 1.11029944E+00  2.03202420E-02
 1.15134491E+00  2.71747389E-02
 1.18669497E+00  2.33072642E-02
 1.17510500E+00  8.55227693E-03
 1.14514187E+00 -1.14571210E-02
 1.15141694E+00 -2.60125554E-02
 1.17199240E+00 -2.82320620E-02
 1.16449298E+00 -1.71444634E-02
 1.14813390E+00  2.33258657E-03
 1.14640027E+00  1.89677654E-02
 1.14885869E+00  2.58892576E-02
 1.15100149E+00  2.26006780E-02
 1.15798319E+00  1.18011135E-02
 1.16608901E+00  1.27484701E-03
 1.16989359E+00 -4.74468867E-03
 1.16815328E+00 -7.34782800E-03
 1.16289235E+00 -6.87689815E-03
 1.15873706E+00 -5.53083487E-03
 1.15768081E+00 -3.99606777E-03
 1.15925287E+00  1.01052086E-04
 1.16274082E+00  5.72657776E-03
 1.16563802E+00  1.04150024E-02
 1.16685707E+00  1.24279686E-02
 1.16752967E+00  9.52701706E-03
 1.16784353E+00  2.93867378E-03
 1.16814694E+00 -3.11907238E-03
 1.16854426E+00 -6.41785648E-03
 1.16791561E+00 -6.06630650E-03
 1.16593186E+00 -2.85326687E-03
 1.16279491E+00 -9.02766647E-05
 1.15857911E+00  7.43392897E-04
 1.15398624E+00  5.02772049E-05
 1.14982396E+00 -2.01646455E-03
 1.14676197E+00 -4.21506377E-03
 1.14564887E+00 -5.86996925E-03
 1.14707363E+00 -7.27688539E-03
 1.15103331E+00 -7.01601588E-03
 1.15701231E+00 -3.43996003E-03
 1.16406338E+00  3.24662139E-03
 1.17062863E+00  1.05738770E-02
 1.17434479E+00  1.10353400E-02
 1.17273343E+00 -2.05617057E-03
 1.16447167E+00 -1.89317989E-02
 1.15051619E+00 -2.26588855E-02
 1.13589151E+00 -1.42797139E-02
 1.12826553E+00 -3.16538241E-03
 1.13265862E+00  9.15511416E-03
 1.14950945E+00  1.83917041E-02
 1.17214635E+00  1.72913034E-02
 1.18801852E+00  5.97135784E-03
 1.18918146E+00 -7.34306015E-03
 1.17464711E+00 -1.19958657E-02
 1.15108956E+00 -7.07546230E-03
 1.13295338E+00  1.51563414E-04
 1.12879683E+00  3.88932631E-03
 1.13867898E+00 -5.20645907E-04
 1.15721306E+00 -6.38545329E-03
 1.17182471E+00 -2.24519606E-04
 1.17551925E+00  9.71095122E-03
 1.16980239E+00  7.01353830E-03
 1.15836976E+00 -1.30634044E-03
 1.14967124E+00 -3.09926517E-03
 1.14825802E+00 -2.03398419E-03
 1.15169792E+00 -2.03473820E-03
 1.15775664E+00 -7.03242341E-04
 1.16216255E+00  1.15063018E-03
 1.16250429E+00  1.48864514E-03
 1.16104777E+00  8.31692617E-04
 1.15901638E+00 -1.22205878E-04
 1.15785093E+00 -7.13815757E-04
 1.15859753E+00 -6.21818060E-04
 1.15980014E+00 -3.15457067E-04
 1.16082977E+00  1.70321959E-05
 1.16153117E+00  2.07525679E-04
 1.16152384E+00  1.04133743E-04
 1.16144630E+00 -1.78078381E-05
 1.16159283E+00 -6.11327996E-05
 1.16179977E+00 -6.72916588E-05
 1.16217672E+00  1.45796296E-05
 1.16255617E+00  9.96295879E-05
 1.16281429E+00  1.43850166E-04
 1.16306636E+00  1.98568372E-04
 1.16329265E+00  2.55518050E-04
 1.16349991E+00  3.24770349E-04
 1.16373509E+00  4.27933484E-04
 1.16396835E+00  5.51146599E-04
 1.16420116E+00  6.96456055E-04
 1.16444793E+00  8.69993299E-04
 1.16469483E+00  1.06361384E-03
 1.16493824E+00  1.27311593E-03
 1.16517620E+00  1.49381139E-03
 1.16540108E+00  1.71809860E-03
 1.16561082E+00  1.94288686E-03
 1.16580465E+00  2.16705128E-03
 1.16597851E+00  2.38690406E-03
 1.16612869E+00  2.59840181E-03
 1.16625587E+00  2.79902256E-03
 1.16636296E+00  2.98627340E-03
 1.16645312E+00  3.15892350E-03
 1.16652973E+00  3.31669260E-03
 1.16659238E+00  3.45639082E-03
 1.16663729E+00  3.57327872E-03
 1.16666327E+00  3.66451197E-03
 1.16667059E+00  3.72855407E-03
 1.16665983E+00  3.76630633E-03
 1.16663346E+00  3.78151980E-03
 1.16659231E+00  3.77687686E-03
 1.16653588E+00  3.75430731E-03
 1.16646640E+00  3.71681460E-03
 1.16638706E+00  3.66691917E-03
 1.16630053E+00  3.60741480E-03
 1.16620960E+00  3.54120266E-03
 1.16611462E+00  3.46831821E-03
 1.16601371E+00  3.38689856E-03
 1.16590627E+00  3.29547364E-03
 1.16579227E+00  3.19284800E-03
 1.16567184E+00  3.07969809E-03
 1.16554623E+00  2.95876284E-03
 1.16541573E+00  2.83159768E-03
 1.16527991E+00  2.69915913E-03
 1.16513967E+00  2.56324979E-03
 1.16499633E+00  2.42541234E-03
 1.16485122E+00  2.28808955E-03
 1.16470595E+00  2.15439501E-03
 1.16456090E+00  2.02534511E-03
 1.16441543E+00  1.90085768E-03
 1.16426975E+00  1.78173113E-03
 1.16412450E+00  1.66922590E-03
 1.16398075E+00  1.56612121E-03
 1.16384041E+00  1.47681353E-03
 1.16370493E+00  1.40457408E-03
 1.16357546E+00  1.35180170E-03
 1.16345383E+00  1.32103532E-03
 1.16334209E+00  1.31392756E-03
 1.16324246E+00  1.33199592E-03
 1.16315748E+00  1.37647253E-03
 1.16308917E+00  1.44630698E-03
 1.16303919E+00  1.53888397E-03
 1.16300944E+00  1.65140399E-03
 1.16300181E+00  1.78082951E-03
 1.16301824E+00  1.92510773E-03
 1.16306068E+00  2.08330081E-03
 1.16313046E+00  2.25354182E-03
 1.16322818E+00  2.43353664E-03
 1.16335393E+00  2.62152404E-03
 1.16350702E+00  2.81556172E-03
 1.16368627E+00  3.01422129E-03
 1.16389006E+00  3.21637632E-03
 1.16411606E+00  3.41933173E-03
 1.16436130E+00  3.61948390E-03
 1.16462194E+00  3.81378565E-03
 1.16489322E+00  3.99943205E-03
 1.16516962E+00  4.17442726E-03
 1.16544493E+00  4.33779483E-03
 1.16571249E+00  4.48791342E-03
 1.16596543E+00  4.62282699E-03
 1.16619678E+00  4.74127554E-03
 1.16639979E+00  4.84200227E-03
 1.16656822E+00  4.92387181E-03
 1.16669675E+00  4.98587948E-03
 1.16678163E+00  5.02592822E-03
 1.16682063E+00  5.04126251E-03
 1.16681247E+00  5.02978505E-03
 1.16675670E+00  4.99002925E-03
 1.16665339E+00  4.92166144E-03
 1.16650322E+00  4.82581034E-03
 1.16630897E+00  4.70390112E-03
 1.16607545E+00  4.55801749E-03
 1.16580922E+00  4.39188064E-03
 1.16551872E+00  4.21021294E-03
 1.16521307E+00  4.01851315E-03
 1.16490180E+00  3.82275160E-03
 1.16459539E+00  3.62785044E-03
 1.16430432E+00  3.43780152E-03
 1.16403830E+00  3.25696061E-03
 1.16380565E+00  3.08946085E-03
 1.16361147E+00  2.93882106E-03
 1.16345800E+00  2.80827964E-03
 1.16334661E+00  2.69990432E-03
 1.16327811E+00  2.61486120E-03
 1.16325365E+00  2.55481435E-03
 1.16327474E+00  2.52117258E-03
 1.16334001E+00  2.51380442E-03
 1.16344542E+00  2.53109720E-03
 1.16358575E+00  2.56922842E-03
 1.16375369E+00  2.62222853E-03
 1.16394156E+00  2.68402056E-03
 1.16414152E+00  2.74848570E-03
 1.16434312E+00  2.80909009E-03
 1.16453505E+00  2.85988087E-03
 1.16470757E+00  2.89517563E-03
 1.16485306E+00  2.91019041E-03
 1.16496855E+00  2.90311950E-03
 1.16505548E+00  2.87448487E-03
 1.16511523E+00  2.82544275E-03
 1.16514887E+00  2.75754756E-03
 1.16515680E+00  2.67120956E-03
 1.16513785E+00  2.56577820E-03
 1.16509354E+00  2.44277760E-03
 1.16502752E+00  2.30546274E-03
 1.16494222E+00  2.15761957E-03
 1.16484055E+00  2.00445817E-03
 1.16472539E+00  1.85088097E-03
 1.16459962E+00  1.70153911E-03
 1.16447013E+00  1.56337720E-03
 1.16434619E+00  1.44413833E-03
 1.16423462E+00  1.35018473E-03
 1.16413979E+00  1.28629683E-03
 1.16406201E+00  1.25356460E-03
 1.16399705E+00  1.24953431E-03
 1.16394190E+00  1.27200656E-03
 1.16389482E+00  1.31904771E-03
 1.16385356E+00  1.38881373E-03
 1.16381728E+00  1.48046718E-03
 1.16378384E+00  1.59124178E-03
 1.16375021E+00  1.71679722E-03
 1.16371688E+00  1.85404668E-03
 1.16368618E+00  1.99988747E-03
 1.16366021E+00  2.15108679E-03
 1.16364090E+00  2.30439992E-03
 1.16362648E+00  2.45371985E-03
 1.16361212E+00  2.59113892E-03
 1.16359553E+00  2.71065954E-03
 1.16357640E+00  2.80809483E-03
 1.16355590E+00  2.88192131E-03
 1.16353788E+00  2.93380445E-03
 1.16352462E+00  2.96481396E-03
 1.16351695E+00  2.97546573E-03
 1.16351765E+00  2.96736606E-03
 1.16352953E+00  2.94194846E-03
 1.16355499E+00  2.90194952E-03
 1.16359624E+00  2.85138328E-03
 1.16365179E+00  2.79263872E-03
 1.16371732E+00  2.72744170E-03
 1.16378924E+00  2.65819856E-03
 1.16386445E+00  2.58768107E-03
 1.16394137E+00  2.52081957E-03
 1.16402055E+00  2.46423579E-03
 1.16410082E+00  2.42277454E-03
 1.16417986E+00  2.39953061E-03
 1.16425622E+00  2.39590755E-03
 1.16432811E+00  2.41091464E-03
 1.16439441E+00  2.44387461E-03
 1.16445472E+00  2.49453473E-03
 1.16450633E+00  2.56139182E-03
 1.16454527E+00  2.64268267E-03
 1.16456855E+00  2.73568763E-03
 1.16457370E+00  2.83662718E-03
 1.16455986E+00  2.94284233E-03
 1.16452809E+00  3.05219049E-03
 1.16447852E+00  3.16179566E-03
 1.16441080E+00  3.26834469E-03
 1.16432519E+00  3.36699404E-03
 1.16422170E+00  3.45168635E-03
 1.16410102E+00  3.51785250E-03
 1.16396452E+00  3.56253780E-03
 1.16381250E+00  3.58433878E-03
 1.16364483E+00  3.58392803E-03
 1.16346214E+00  3.56192946E-03
 1.16326564E+00  3.51871838E-03
 1.16305818E+00  3.45556349E-03
 1.16284440E+00  3.37389612E-03
 1.16262909E+00  3.27608208E-03
 1.16241759E+00  3.16545102E-03
 1.16221648E+00  3.04451885E-03
 1.16203282E+00  2.91553928E-03
 1.16187450E+00  2.78136419E-03
 1.16174982E+00  2.64528175E-03
 1.16166578E+00  2.51216811E-03
 1.16162826E+00  2.38810320E-03
 1.16164285E+00  2.27797077E-03
 1.16171414E+00  2.18536132E-03
 1.16184552E+00  2.11246506E-03
 1.16203932E+00  2.05951540E-03
 1.16229586E+00  2.02658520E-03
 1.16261374E+00  2.01351084E-03
 1.16299081E+00  2.01858184E-03
 1.16342339E+00  2.03904300E-03
 1.16390508E+00  2.07033936E-03
 1.16442663E+00  2.10581091E-03
 1.16497518E+00  2.13797009E-03
 1.16553462E+00  2.15860264E-03
 1.16608792E+00  2.15930796E-03
 1.16661767E+00  2.13264209E-03
 1.16710628E+00  2.07263369E-03
 1.16753735E+00  1.97584715E-03
 1.16789531E+00  1.84264406E-03
 1.16816672E+00  1.67859425E-03
 1.16834322E+00  1.49652280E-03
 1.16842075E+00  1.31477720E-03
 1.16839763E+00  1.15180309E-03
 1.16827417E+00  1.02305549E-03
 1.16805032E+00  9.36122200E-04
 1.16772630E+00  8.88712305E-04
 1.16730783E+00  8.73897608E-04
 1.16680582E+00  8.76333868E-04
 1.16623511E+00  8.65574556E-04
 1.16561542E+00  8.02439576E-04
 1.16496734E+00  6.47013062E-04
 1.16431180E+00  3.66351943E-04
 1.16367308E+00 -4.78370013E-05
 1.16307578E+00 -5.77168063E-04
 1.16254209E+00 -1.19128260E-03
 1.16209034E+00 -1.83836071E-03
 1.16172979E+00 -2.43378053E-03
 1.16146147E+00 -2.87493341E-03
 1.16128490E+00 -3.05480252E-03
 1.16119866E+00 -2.88153552E-03
 1.16120225E+00 -2.32131692E-03
 1.16129687E+00 -1.40260711E-03
 1.16147664E+00 -1.86364276E-04
 1.16172952E+00  1.21060289E-03
 1.16204213E+00  2.59090095E-03
 1.16239713E+00  3.71327164E-03
 1.16277659E+00  4.33298764E-03
 1.16316237E+00  4.25408511E-03
 1.16352936E+00  3.43539373E-03
 1.16384956E+00  2.00614635E-03
 1.16409954E+00  1.94646968E-04
 1.16426147E+00 -1.60950455E-03
 1.16432864E+00 -2.78454193E-03
 1.16430549E+00 -2.66260219E-03
 1.16419619E+00 -8.30384756E-04
 1.16400424E+00  2.59514323E-03
 1.16373314E+00  6.50604518E-03
 1.16338379E+00  9.11570330E-03
 1.16296364E+00  9.18154918E-03
 1.16248582E+00  6.40214897E-03
 1.16196055E+00  1.94292414E-03
 1.16139896E+00 -1.73985583E-03
 1.16081298E+00 -3.08311986E-03
 1.16021493E+00 -1.79751141E-03
 1.15962630E+00  1.21853366E-03
 1.15907412E+00  3.68966398E-03
 1.15857927E+00  4.36869853E-03
 1.15815632E+00  3.41171159E-03
 1.15781007E+00  1.41992440E-03
 1.15753424E+00 -8.00571571E-05
 1.15732447E+00 -3.39888427E-04
 1.15717849E+00  1.57696063E-04
 1.15709196E+00  1.06164072E-03
 1.15706250E+00  1.67992113E-03
 1.15708335E+00  1.64986903E-03
 1.15714388E+00  1.43075781E-03
 1.15723966E+00  1.20522816E-03
 1.15736872E+00  1.12541379E-03
 1.15752748E+00  1.33309483E-03
 1.15771131E+00  1.56771129E-03
 1.15790668E+00  1.72695396E-03
 1.15809310E+00  1.83469753E-03
 1.15825599E+00  1.83368533E-03
 1.15838603E+00  1.79956910E-03
 1.15847922E+00  1.77480981E-03
 1.15853948E+00  1.71902751E-03
 1.15856824E+00  1.64577693E-03
 1.15856457E+00  1.54880350E-03
 1.15853215E+00  1.41427583E-03
 1.15847531E+00  1.26136865E-03
 1.15840072E+00  1.09519880E-03
 1.15831793E+00  9.18019827E-04
 1.15823124E+00  7.38707247E-04
 1.15814163E+00  5.57806253E-04
 1.15805199E+00  3.77641625E-04
 1.15796554E+00  2.04102660E-04
 1.15788863E+00  4.37017751E-05
 1.15783008E+00 -9.41495969E-05
 1.15779205E+00 -2.02443518E-04
 1.15776949E+00 -2.78044519E-04
 1.15775101E+00 -3.20975378E-04
 1.15771805E+00 -3.35274740E-04
 1.15765367E+00 -3.24105913E-04
 1.15754526E+00 -2.88950796E-04
 1.15738333E+00 -2.31620070E-04
 1.15716548E+00 -1.52249609E-04
 1.15689383E+00 -5.07818188E-05
 1.15657751E+00  7.35642475E-05
 1.15624187E+00  2.26890744E-04
 1.15592355E+00  4.18262784E-04
 1.15566093E+00  6.55100169E-04
 1.15548966E+00  9.41725109E-04
 1.15542963E+00  1.27413691E-03
 1.15548374E+00  1.63922694E-03
 1.15565381E+00  2.02137232E-03
 1.15593448E+00  2.39994693E-03
 1.15630404E+00  2.74538472E-03
 1.15673315E+00  3.02430356E-03
 1.15718505E+00  3.20276301E-03
 1.15762395E+00  3.25184126E-03
 1.15804140E+00  3.16122119E-03
 1.15845315E+00  2.94037866E-03
 1.15887887E+00  2.61043818E-03
 1.15935157E+00  2.21141462E-03
 1.15992185E+00  1.80887060E-03
 1.16063887E+00  1.48459524E-03
 1.16153776E+00  1.32731214E-03
 1.16261181E+00  1.41898649E-03
 1.16375881E+00  1.80651557E-03
 1.16477268E+00  2.49036348E-03
 1.16536723E+00  3.42744868E-03
 1.16514358E+00  4.50240586E-03
 1.16355873E+00  5.49301461E-03
 1.16016170E+00  6.11975902E-03
 1.15505014E+00  6.15190387E-03
 1.14923600E+00  5.48197513E-03
 1.14516876E+00  4.24771872E-03
 1.14602011E+00  2.78131819E-03
 1.15343497E+00  1.31301694E-03
 1.16644482E+00 -8.67409346E-05
 1.18007367E+00 -1.56275084E-03
 1.18647272E+00 -3.40869124E-03
 1.18071235E+00 -5.51514172E-03
 1.16270595E+00 -7.22010446E-03
 1.13892486E+00 -7.28972085E-03
 1.12150816E+00 -4.24887430E-03
 1.11821649E+00  2.23864587E-03
 1.13001780E+00  1.06692415E-02
 1.15092635E+00  1.71005664E-02
 1.16772007E+00  1.63757002E-02
 1.17246465E+00  6.61942561E-03
 1.16501979E+00 -8.58080231E-03
 1.14984007E+00 -1.78785753E-02
 1.13773755E+00 -1.01253914E-02
 1.13460510E+00  2.58362356E-03
 1.13884863E+00 -4.44322023E-04
 1.14761700E+00 -7.03855585E-03
 1.15431407E+00  4.03148979E-03
 1.15554722E+00  1.77617077E-02
 1.15380393E+00  1.33085712E-02
 1.15068327E+00  1.73911873E-03
 1.14890892E+00 -1.57360687E-03
 1.15002758E+00 -6.11756811E-04
 1.15194747E+00  3.01679637E-04
 1.15380432E+00  3.46800003E-03
 1.15505370E+00  6.74518945E-03
 1.15507588E+00  7.31225249E-03
 1.15493387E+00  6.15065406E-03
 1.15504506E+00  4.30389554E-03
 1.15522645E+00  3.01111762E-03
 1.15567774E+00  2.91120714E-03
 1.15608122E+00  3.14373836E-03
 1.15624762E+00  3.35979006E-03
 1.15636082E+00  3.26551649E-03
 1.15637922E+00  2.59198112E-03
 1.15633231E+00  1.84701968E-03
 1.15630184E+00  1.22887618E-03
 1.15623831E+00  6.88683725E-04
 1.15615000E+00  3.37583377E-04
 1.15606018E+00  3.24593805E-05
 1.15594617E+00 -3.04891468E-04
 1.15580520E+00 -5.90055852E-04
 1.15563464E+00 -8.44105489E-04
 1.15542299E+00 -1.05106395E-03
 1.15516840E+00 -1.17705960E-03
 1.15487097E+00 -1.25087741E-03
 1.15452779E+00 -1.27475412E-03
 1.15413972E+00 -1.24560368E-03
 1.15371890E+00 -1.17665885E-03
 1.15328500E+00 -1.06822309E-03
 1.15285841E+00 -9.22987056E-04
 1.15245889E+00 -7.50080077E-04
 1.15209704E+00 -5.59557669E-04
 1.15177473E+00 -3.65997876E-04
 1.15149958E+00 -1.81764261E-04
 1.15128253E+00 -1.41358039E-05
 1.15113345E+00  1.35673410E-04
 1.15106493E+00  2.73230020E-04
 1.15108352E+00  4.02705414E-04
 1.15119016E+00  5.26207343E-04
 1.15139115E+00  6.45981170E-04
 1.15169262E+00  7.61834454E-04
 1.15209441E+00  8.75808712E-04
 1.15259082E+00  9.91619819E-04
 1.15316298E+00  1.10787107E-03
 1.15378006E+00  1.22081236E-03
 1.15441248E+00  1.32681809E-03
 1.15503176E+00  1.42232210E-03
 1.15561067E+00  1.50973125E-03
 1.15612759E+00  1.59611373E-03
 1.15655919E+00  1.68457013E-03
 1.15688305E+00  1.77504592E-03
 1.15708829E+00  1.86456599E-03
 1.15717136E+00  1.94556590E-03
 1.15713264E+00  2.01303554E-03
 1.15697597E+00  2.06442191E-03
 1.15669888E+00  2.09461629E-03
 1.15629477E+00  2.09911198E-03
 1.15576727E+00  2.07392331E-03
 1.15512826E+00  2.01548899E-03
 1.15439640E+00  1.92646796E-03
 1.15360001E+00  1.81415052E-03
 1.15276588E+00  1.68497469E-03
 1.15191947E+00  1.54482555E-03
 1.15109392E+00  1.39660952E-03
 1.15032335E+00  1.23953893E-03
 1.14963836E+00  1.07561992E-03
 1.14906467E+00  9.08718448E-04
 1.14861192E+00  7.41287714E-04
 1.14827578E+00  5.76507795E-04
 1.14805193E+00  4.15983562E-04
 1.14793611E+00  2.59833068E-04
 1.14792718E+00  1.11901543E-04
 1.14802938E+00 -2.22114012E-05
 1.14823724E+00 -1.38885802E-04
 1.14853746E+00 -2.35760009E-04
 1.14891873E+00 -3.13961032E-04
 1.14936638E+00 -3.78292668E-04
 1.14986604E+00 -4.32085944E-04
 1.15040387E+00 -4.77656849E-04
 1.15095366E+00 -5.17941045E-04
 1.15148266E+00 -5.54691047E-04
 1.15196512E+00 -5.90321725E-04
 1.15238226E+00 -6.27611813E-04
 1.15272885E+00 -6.65994255E-04
 1.15301409E+00 -7.02933763E-04
 1.15324414E+00 -7.36036074E-04
 1.15342224E+00 -7.62899574E-04
 1.15355292E+00 -7.83582849E-04
 1.15363687E+00 -8.00536763E-04
 1.15368066E+00 -8.14641051E-04
 1.15369581E+00 -8.25950438E-04
 1.15368569E+00 -8.34916502E-04
 1.15365074E+00 -8.41186646E-04
 1.15359248E+00 -8.45542762E-04
 1.15351294E+00 -8.49593402E-04
 1.15342550E+00 -8.52622501E-04
 1.15335194E+00 -8.52883120E-04
 1.15330620E+00 -8.49418067E-04
 1.15329526E+00 -8.41638615E-04
 1.15331850E+00 -8.30919727E-04
 1.15336477E+00 -8.20543819E-04
 1.15342656E+00 -8.12605628E-04
 1.15350012E+00 -8.08342263E-04
 1.15357710E+00 -8.08926172E-04
 1.15365007E+00 -8.14418428E-04
 1.15370998E+00 -8.25018292E-04
 1.15374596E+00 -8.40846712E-04
 1.15375669E+00 -8.59762561E-04
 1.15374701E+00 -8.78260080E-04
 1.15371971E+00 -8.92697667E-04
 1.15367635E+00 -8.99283330E-04
 1.15361138E+00 -8.95687085E-04
 1.15351226E+00 -8.81069443E-04
 1.15337280E+00 -8.53838938E-04
 1.15319218E+00 -8.12249165E-04
 1.15297148E+00 -7.55250502E-04
 1.15271716E+00 -6.81795904E-04
 1.15243334E+00 -5.91885698E-04
 1.15212164E+00 -4.86349486E-04
 1.15178964E+00 -3.64893700E-04
 1.15144686E+00 -2.26915515E-04
 1.15110231E+00 -7.29208010E-05
 1.15076525E+00  9.57375114E-05
 1.15043853E+00  2.76033554E-04
 1.15011970E+00  4.63237725E-04
 1.14980893E+00  6.52981931E-04
 1.14950819E+00  8.41115116E-04
 1.14922194E+00  1.02304315E-03
 1.14895852E+00  1.19461285E-03
 1.14872267E+00  1.35171730E-03
 1.14851583E+00  1.49061267E-03
 1.14834044E+00  1.60965378E-03
 1.14819735E+00  1.70875785E-03
 1.14808764E+00  1.78810186E-03
 1.14801303E+00  1.84812140E-03
 1.14797041E+00  1.88849056E-03
 1.14795359E+00  1.90811339E-03
 1.14795668E+00  1.90731664E-03
 1.14797313E+00  1.88753047E-03
 1.14799791E+00  1.85042299E-03
 1.14802786E+00  1.79854431E-03
 1.14805745E+00  1.73429104E-03
 1.14807957E+00  1.65993833E-03
 1.14808732E+00  1.57931981E-03
 1.14807307E+00  1.49694062E-03
 1.14803082E+00  1.41661505E-03
 1.14795685E+00  1.34143737E-03
 1.14784775E+00  1.27258024E-03
 1.14770141E+00  1.20934399E-03
 1.14751725E+00  1.15140499E-03
 1.14729557E+00  1.09877726E-03
 1.14703878E+00  1.05158662E-03
 1.14675140E+00  1.01064410E-03
 1.14643971E+00  9.75855361E-04
 1.14611217E+00  9.46393281E-04
 1.14577914E+00  9.22335540E-04
 1.14545259E+00  9.03928678E-04
 1.14514587E+00  8.91374713E-04
 1.14487317E+00  8.84888506E-04
 1.14464903E+00  8.83110033E-04
 1.14448756E+00  8.83605075E-04
 1.14440142E+00  8.84918767E-04
 1.14440061E+00  8.86447619E-04
 1.14449094E+00  8.88751215E-04
 1.14467425E+00  8.93847175E-04
 1.14495041E+00  9.03175350E-04
 1.14531786E+00  9.17588021E-04
 1.14577486E+00  9.38300468E-04
 1.14631923E+00  9.66136628E-04
 1.14694458E+00  1.00210329E-03
 1.14764045E+00  1.04734357E-03
 1.14839404E+00  1.10154030E-03
 1.14918928E+00  1.16344814E-03
 1.15000919E+00  1.23190762E-03
 1.15083621E+00  1.30577744E-03
 1.15164951E+00  1.38494370E-03
 1.15242729E+00  1.47024429E-03
 1.15315009E+00  1.56156895E-03
 1.15380186E+00  1.65805671E-03
 1.15437366E+00  1.75852698E-03
 1.15486327E+00  1.86100145E-03
 1.15526914E+00  1.96388738E-03
 1.15558987E+00  2.06596555E-03
 1.15582345E+00  2.16513321E-03
 1.15596621E+00  2.25903595E-03
 1.15601926E+00  2.34548251E-03
 1.15598781E+00  2.42234637E-03
 1.15587650E+00  2.48857748E-03
 1.15569191E+00  2.54402676E-03
 1.15544151E+00  2.58816582E-03
 1.15513374E+00  2.62019275E-03
 1.15478417E+00  2.63891609E-03
 1.15441292E+00  2.64248289E-03
 1.15403758E+00  2.62945856E-03
 1.15367328E+00  2.59870511E-03
 1.15332987E+00  2.54858166E-03
 1.15301088E+00  2.47752806E-03
 1.15272119E+00  2.38426853E-03
 1.15246628E+00  2.26803085E-03
 1.15224878E+00  2.12978546E-03
 1.15207037E+00  1.97221956E-03
 1.15192740E+00  1.79888016E-03
 1.15181022E+00  1.61468427E-03
 1.15170818E+00  1.42620820E-03
 1.15160862E+00  1.24095377E-03
 1.15149767E+00  1.06690707E-03
 1.15136289E+00  9.11522383E-04
 1.15119225E+00  7.79663397E-04
 1.15097669E+00  6.73296953E-04
 1.15071483E+00  5.92439156E-04
 1.15041548E+00  5.33866425E-04
 1.15010227E+00  4.89829755E-04
 1.14981103E+00  4.49575214E-04
 1.14957809E+00  4.01377383E-04
 1.14943496E+00  3.34868173E-04
 1.14940072E+00  2.45705748E-04
 1.14947839E+00  1.36160055E-04
 1.14966674E+00  1.13094180E-05
 1.14995434E+00 -1.18310552E-04
 1.15030701E+00 -2.33417606E-04
 1.15067748E+00 -3.09768643E-04
 1.15101370E+00 -3.21623829E-04
 1.15126853E+00 -2.46756856E-04
 1.15142733E+00 -7.77854612E-05
 1.15150750E+00  1.77218167E-04
 1.15153283E+00  5.03605934E-04
 1.15154498E+00  8.74516402E-04
 1.15161446E+00  1.24498935E-03
 1.15181723E+00  1.56023202E-03
 1.15221768E+00  1.76197072E-03
 1.15283754E+00  1.79973787E-03
 1.15359119E+00  1.65572884E-03
 1.15427677E+00  1.34640069E-03
 1.15460994E+00  9.05229690E-04
 1.15418612E+00  3.95566592E-04
 1.15244342E+00 -7.66535330E-05
 1.14891080E+00 -3.85262655E-04
 1.14367747E+00 -4.08957690E-04
 1.13777456E+00 -6.36823116E-05
 1.13372917E+00  6.33976983E-04
 1.13482629E+00  1.55548621E-03
 1.14278272E+00  2.49948875E-03
 1.15663459E+00  3.15287616E-03
 1.17130553E+00  3.04620725E-03
 1.17875692E+00  1.72561298E-03
 1.17392774E+00 -9.38249328E-04
 1.15668822E+00 -4.49044668E-03
 1.13356016E+00 -7.49142463E-03
 1.11683468E+00 -7.93300209E-03
 1.11434910E+00 -4.64795090E-03
 1.12704388E+00  2.09000279E-03
 1.14885685E+00  9.79060682E-03
 1.16641210E+00  1.42762246E-02
 1.17169134E+00  1.29121582E-02
 1.16457501E+00  5.53897122E-03
 1.14955047E+00 -4.87186468E-03
 1.13750942E+00 -1.24994783E-02
 1.13439192E+00 -1.37093295E-02
 1.13857921E+00 -8.18139685E-03
 1.14720957E+00  1.41601929E-03
 1.15366764E+00  9.11693329E-03
 1.15455808E+00  1.14087910E-02
 1.15241570E+00  8.42959786E-03
 1.14888178E+00  2.12141737E-03
 1.14672271E+00 -2.86606678E-03
 1.14752206E+00 -4.00361912E-03
 1.14919364E+00 -2.12097006E-03
 1.15087010E+00  1.55501091E-03
 1.15199547E+00  4.29591335E-03
 1.15193603E+00  4.67304882E-03
 1.15175215E+00  3.79868924E-03
 1.15186132E+00  2.36511247E-03
 1.15208396E+00  1.47039201E-03
 1.15261745E+00  1.76804177E-03
 1.15313315E+00  2.38509628E-03
 1.15343588E+00  2.95596465E-03
 1.15370468E+00  3.27519126E-03
 1.15389436E+00  3.08650336E-03
 1.15403314E+00  2.82362792E-03
 1.15418840E+00  2.66238458E-03
 1.15428836E+00  2.52399767E-03
 1.15432771E+00  2.49004702E-03
 1.15432375E+00  2.43421431E-03
 1.15426152E+00  2.28293705E-03
 1.15416091E+00  2.11906280E-03
 1.15403680E+00  1.93357915E-03
 1.15388990E+00  1.74462894E-03
 1.15373125E+00  1.58827411E-03
 1.15356732E+00  1.44348459E-03
 1.15340302E+00  1.31487625E-03
 1.15324674E+00  1.21520916E-03
 1.15310205E+00  1.13927430E-03
 1.15297003E+00  1.09193426E-03
 1.15285148E+00  1.07555141E-03
 1.15274596E+00  1.08619686E-03
 1.15265603E+00  1.12522792E-03
 1.15258657E+00  1.19372459E-03
 1.15253951E+00  1.28933342E-03
 1.15251474E+00  1.40905792E-03
 1.15251041E+00  1.54827973E-03
 1.15252184E+00  1.70031778E-03
 1.15254547E+00  1.85888325E-03
 1.15257852E+00  2.01770258E-03
 1.15261549E+00  2.16863942E-03
 1.15265044E+00  2.30320856E-03
 1.15267847E+00  2.41400854E-03
 1.15269585E+00  2.49510193E-03
 1.15270367E+00  2.54424780E-03
 1.15270711E+00  2.56261284E-03
 1.15271063E+00  2.55153480E-03
 1.15271810E+00  2.51245467E-03
 1.15273204E+00  2.44653320E-03
 1.15275264E+00  2.35409508E-03
 1.15278202E+00  2.23792071E-03
 1.15282359E+00  2.10291497E-03
 1.15287857E+00  1.95378189E-03
 1.15294780E+00  1.79617243E-03
 1.15303145E+00  1.63590839E-03
 1.15312913E+00  1.47880530E-03
 1.15324404E+00  1.33342092E-03
 1.15338161E+00  1.20966117E-03
 1.15354500E+00  1.11555209E-03
 1.15373562E+00  1.05705753E-03
 1.15395212E+00  1.03639306E-03
 1.15418977E+00  1.05183441E-03
 1.15444503E+00  1.10187926E-03
 1.15471535E+00  1.18532382E-03
 1.15499671E+00  1.30047968E-03
 1.15528538E+00  1.44626739E-03
 1.15557693E+00  1.61942766E-03
 1.15586625E+00  1.81473800E-03
 1.15615106E+00  2.02815142E-03
 1.15643086E+00  2.25553294E-03
 1.15670449E+00  2.49225172E-03
 1.15697053E+00  2.73343909E-03
 1.15722562E+00  2.97122945E-03
 1.15746445E+00  3.19585952E-03
 1.15768357E+00  3.39975398E-03
 1.15788104E+00  3.57759524E-03
 1.15805533E+00  3.72723824E-03
 1.15820649E+00  3.85026940E-03
 1.15833427E+00  3.94785771E-03
 1.15843821E+00  4.02065071E-03
 1.15852024E+00  4.07034506E-03
 1.15858370E+00  4.09838718E-03
 1.15863246E+00  4.10794280E-03
 1.15867136E+00  4.10382798E-03
 1.15870472E+00  4.08927530E-03
 1.15873637E+00  4.06705059E-03
 1.15877139E+00  4.04060596E-03
 1.15881561E+00  4.01375672E-03
 1.15887499E+00  3.99295454E-03
 1.15895585E+00  3.98651298E-03
 1.15906352E+00  4.00050663E-03
 1.15920186E+00  4.03869624E-03
 1.15937388E+00  4.10217891E-03
 1.15958125E+00  4.18867995E-03
 1.15982460E+00  4.29617586E-03
 1.16010387E+00  4.42304953E-03
 1.16041782E+00  4.56632791E-03
 1.16076401E+00  4.72289924E-03
 1.16113825E+00  4.88812004E-03
 1.16153436E+00  5.05579313E-03
 1.16194453E+00  5.22106991E-03
 1.16235935E+00  5.37956519E-03
 1.16276852E+00  5.52610886E-03
 1.16316123E+00  5.65511548E-03
 1.16352618E+00  5.75883465E-03
 1.16385236E+00  5.82799585E-03
 1.16412984E+00  5.85551152E-03
 1.16435066E+00  5.83667197E-03
 1.16451040E+00  5.76940776E-03
 1.16460790E+00  5.65496172E-03
 1.16464340E+00  5.49474087E-03
 1.16461810E+00  5.29012708E-03
 1.16453317E+00  5.04399593E-03
 1.16438977E+00  4.75971893E-03
 1.16419248E+00  4.44256397E-03
 1.16394900E+00  4.09974626E-03
 1.16366875E+00  3.73788251E-03
 1.16336365E+00  3.36377109E-03
 1.16304614E+00  2.98527577E-03
 1.16272887E+00  2.61095155E-03
 1.16242712E+00  2.25163084E-03
 1.16215678E+00  1.91968054E-03
 1.16193173E+00  1.62563680E-03
 1.16176301E+00  1.37787564E-03
 1.16165577E+00  1.18202991E-03
 1.16160954E+00  1.04032018E-03
 1.16162310E+00  9.54407442E-04
 1.16169475E+00  9.25392648E-04
 1.16182280E+00  9.52397136E-04
 1.16200637E+00  1.03319467E-03
 1.16224026E+00  1.16230860E-03
 1.16251538E+00  1.33068058E-03
 1.16282238E+00  1.52770931E-03
 1.16314994E+00  1.74105362E-03
 1.16348615E+00  1.95765814E-03
 1.16381881E+00  2.16513845E-03
 1.16413127E+00  2.35158580E-03
 1.16440477E+00  2.50731092E-03
 1.16462378E+00  2.62721838E-03
 1.16477650E+00  2.71261702E-03
 1.16485801E+00  2.77435970E-03
 1.16487046E+00  2.83089031E-03
 1.16481599E+00  2.90067618E-03
 1.16469655E+00  2.99869003E-03
 1.16451480E+00  3.13094058E-03
 1.16427245E+00  3.29200842E-03
 1.16397555E+00  3.47248605E-03
 1.16363416E+00  3.65471161E-03
 1.16325690E+00  3.80424801E-03
 1.16285328E+00  3.87745660E-03
 1.16243373E+00  3.82984831E-03
 1.16200913E+00  3.62445402E-03
 1.16159588E+00  3.25266348E-03
 1.16121358E+00  2.73569597E-03
 1.16087781E+00  2.10675659E-03
 1.16059986E+00  1.42131026E-03
 1.16038437E+00  7.68559776E-04
 1.16022860E+00  2.55423725E-04
 1.16013036E+00 -5.43979066E-06
 1.16008830E+00  8.34247033E-05
 1.16009959E+00  5.57497490E-04
 1.16016227E+00  1.38666167E-03
 1.16027063E+00  2.50616306E-03
 1.16041553E+00  3.79177478E-03
 1.16059057E+00  5.03532699E-03
 1.16078979E+00  5.98328909E-03
 1.16100607E+00  6.37887416E-03
 1.16123167E+00  6.01797616E-03
 1.16145328E+00  4.86121641E-03
 1.16165382E+00  3.05077926E-03
 1.16182054E+00  8.36446829E-04
 1.16194516E+00 -1.35813828E-03
 1.16202509E+00 -2.86015972E-03
 1.16206462E+00 -2.94687996E-03
 1.16206724E+00 -1.17037955E-03
 1.16203535E+00  2.34633897E-03
 1.16197353E+00  6.41649894E-03
 1.16188601E+00  9.12399709E-03
 1.16177993E+00  9.13588228E-03
 1.16166523E+00  6.12920437E-03
 1.16154850E+00  1.35453634E-03
 1.16143501E+00 -2.55301991E-03
 1.16133132E+00 -3.91812626E-03
 1.16124465E+00 -2.43418119E-03
 1.16118701E+00  9.28731943E-04
 1.16117390E+00  3.72163130E-03
 1.16121647E+00  4.60002906E-03
 1.16132135E+00  3.72757235E-03
 1.16149041E+00  1.74877696E-03
 1.16171921E+00  3.04168494E-04
 1.16200368E+00  1.98137726E-04
 1.16234031E+00  9.12108081E-04
 1.16272260E+00  2.06691149E-03
 1.16314337E+00  2.91508978E-03
 1.16359256E+00  3.06453107E-03
 1.16405708E+00  3.00724935E-03
 1.16452622E+00  2.93793497E-03
 1.16499007E+00  3.01940466E-03
 1.16543699E+00  3.40244833E-03
 1.16585439E+00  3.80491953E-03
 1.16622587E+00  4.11694524E-03
 1.16653226E+00  4.36517521E-03
 1.16675844E+00  4.48821230E-03
 1.16689373E+00  4.56681093E-03
 1.16693231E+00  4.64367173E-03
 1.16687449E+00  4.67027465E-03
 1.16672122E+00  4.65722144E-03
 1.16647372E+00  4.59487410E-03
 1.16613626E+00  4.46606136E-03
 1.16571446E+00  4.29076906E-03
 1.16521794E+00  4.07382121E-03
 1.16466048E+00  3.81731070E-03
 1.16405559E+00  3.53332416E-03
 1.16341781E+00  3.22677238E-03
 1.16276382E+00  2.90514700E-03
 1.16211166E+00  2.58031909E-03
 1.16148324E+00  2.26306213E-03
 1.16090279E+00  1.96573409E-03
 1.16039092E+00  1.69960177E-03
 1.15996365E+00  1.47259551E-03
 1.15963075E+00  1.28940239E-03
 1.15939500E+00  1.15109041E-03
 1.15925819E+00  1.05794795E-03
 1.15922176E+00  1.01025029E-03
 1.15928546E+00  1.00803391E-03
 1.15944869E+00  1.05166791E-03
 1.15970574E+00  1.13892672E-03
 1.16004585E+00  1.26520877E-03
 1.16045803E+00  1.42612865E-03
 1.16092918E+00  1.61628512E-03
 1.16144438E+00  1.82943642E-03
 1.16198752E+00  2.05848922E-03
 1.16253693E+00  2.29239200E-03
 1.16306797E+00  2.51749874E-03
 1.16355988E+00  2.72162933E-03
 1.16399681E+00  2.89420811E-03
 1.16437085E+00  3.02770230E-03
 1.16468250E+00  3.11845333E-03
 1.16493206E+00  3.16282823E-03
 1.16511893E+00  3.15785054E-03
 1.16524276E+00  3.10357901E-03
 1.16530135E+00  3.00239111E-03
 1.16529716E+00  2.86150274E-03
 1.16523671E+00  2.69384343E-03
 1.16512385E+00  2.51585091E-03
 1.16496268E+00  2.34701048E-03
 1.16475815E+00  2.20703880E-03
 1.16451583E+00  2.11276956E-03
 1.16424887E+00  2.07621244E-03
 1.16397528E+00  2.10172497E-03
 1.16370835E+00  2.18472120E-03
 1.16345662E+00  2.30789413E-03
 1.16322149E+00  2.43510369E-03
 1.16299628E+00  2.51663440E-03
 1.16277665E+00  2.50266828E-03
 1.16256107E+00  2.35159517E-03
 1.16234716E+00  2.04460863E-03
 1.16213530E+00  1.59044381E-03
 1.16192407E+00  1.01067996E-03
 1.16171088E+00  3.49981097E-04
 1.16150032E+00 -3.07101057E-04
 1.16130098E+00 -8.52568999E-04
 1.16112113E+00 -1.17384298E-03
 1.16096859E+00 -1.17383209E-03
 1.16084399E+00 -8.17371915E-04
 1.16074180E+00 -1.35686849E-04
 1.16066113E+00  8.11494745E-04
 1.16060462E+00  1.91151715E-03
 1.16057698E+00  2.97073176E-03
 1.16058731E+00  3.75398516E-03
 1.16064098E+00  4.02184542E-03
 1.16073965E+00  3.58365413E-03
 1.16088813E+00  2.41097096E-03
 1.16109035E+00  6.50566548E-04
 1.16134788E+00 -1.45188215E-03
 1.16166019E+00 -3.48847496E-03
 1.16201771E+00 -4.82126400E-03
 1.16240363E+00 -4.77193801E-03
 1.16280196E+00 -2.92224149E-03
 1.16319744E+00  6.04164153E-04
 1.16357791E+00  4.67124258E-03
 1.16393609E+00  7.45128736E-03
 1.16426199E+00  7.66871039E-03
 1.16454456E+00  5.00679250E-03
 1.16477729E+00  6.50155766E-04
 1.16495537E+00 -2.89758630E-03
 1.16507690E+00 -4.04589550E-03
 1.16514273E+00 -2.50609893E-03
 1.16514916E+00  7.90849627E-04
 1.16509050E+00  3.50349450E-03
 1.16496629E+00  4.34556173E-03
 1.16478034E+00  3.46950329E-03
 1.16454239E+00  1.48954674E-03
 1.16426897E+00 -2.67850841E-05
 1.16397532E+00 -3.08606354E-04
 1.16367564E+00  1.55176646E-04
 1.16338670E+00  1.01123467E-03
 1.16312414E+00  1.55608778E-03
 1.16290306E+00  1.42576390E-03
 1.16273700E+00  1.09893116E-03
 1.16263092E+00  7.67427552E-04
 1.16258317E+00  5.90241165E-04
 1.16259150E+00  7.16042651E-04
 1.16265309E+00  8.82059509E-04
 1.16276831E+00  9.92287304E-04
 1.16294099E+00  1.08320678E-03
 1.16316941E+00  1.10386353E-03
 1.16344750E+00  1.13502737E-03
 1.16376883E+00  1.21900005E-03
 1.16412384E+00  1.30744831E-03
 1.16450382E+00  1.40819357E-03
 1.16490079E+00  1.50994184E-03
 1.16530045E+00  1.59087111E-03
 1.16568577E+00  1.66295331E-03
 1.16604291E+00  1.72263184E-03
 1.16636123E+00  1.76247078E-03
 1.16663811E+00  1.78670574E-03
 1.16687876E+00  1.79433487E-03
 1.16708687E+00  1.78531420E-03
 1.16726472E+00  1.76281791E-03
 1.16741435E+00  1.72723927E-03
 1.16753500E+00  1.67890217E-03
 1.16762949E+00  1.62010954E-03
 1.16770344E+00  1.55343405E-03
 1.16775838E+00  1.48094119E-03
 1.16779478E+00  1.40486969E-03
 1.16781329E+00  1.32737363E-03
 1.16781453E+00  1.25067689E-03
 1.16780563E+00  1.17882972E-03
 1.16779830E+00  1.11698445E-03
 1.16780019E+00  1.06910566E-03
 1.16781556E+00  1.03803080E-03
 1.16784430E+00  1.02492489E-03
 1.16788060E+00  1.02895042E-03
 1.16792094E+00  1.04962731E-03
 1.16796405E+00  1.08681164E-03
 1.16800653E+00  1.13968828E-03
 1.16804591E+00  1.20754095E-03
 1.16807898E+00  1.28878402E-03
 1.16810174E+00  1.38096418E-03
 1.16811576E+00  1.48254640E-03
 1.16812617E+00  1.59231275E-03
 1.16813712E+00  1.70859094E-03
 1.16815220E+00  1.82945387E-03
 1.16817090E+00  1.95158736E-03
 1.16818862E+00  2.07060409E-03
 1.16820398E+00  2.18317050E-03
 1.16821802E+00  2.28700094E-03
 1.16823215E+00  2.38088436E-03
 1.16825006E+00  2.46508707E-03
 1.16827357E+00  2.53961074E-03
 1.16830264E+00  2.60410405E-03
 1.16834019E+00  2.65883062E-03
 1.16838982E+00  2.70404778E-03
 1.16845390E+00  2.74053679E-03
 1.16853397E+00  2.76963740E-03
 1.16862722E+00  2.79184593E-03
 1.16872701E+00  2.80724755E-03
 1.16882788E+00  2.81629953E-03
 1.16892521E+00  2.81970113E-03
 1.16901550E+00  2.81922911E-03
 1.16909754E+00  2.81753872E-03
 1.16916860E+00  2.81639545E-03
 1.16922502E+00  2.81666838E-03
 1.16926538E+00  2.81841367E-03
 1.16928896E+00  2.82053707E-03
 1.16929592E+00  2.82220650E-03
 1.16928741E+00  2.82295895E-03
 1.16926216E+00  2.82187299E-03
 1.16921748E+00  2.81811476E-03
 1.16915272E+00  2.81061764E-03
 1.16906870E+00  2.79808064E-03
 1.16896831E+00  2.78015893E-03
 1.16885701E+00  2.75711254E-03
 1.16873943E+00  2.72902827E-03
 1.16861949E+00  2.69589435E-03
 1.16850232E+00  2.65690323E-03
 1.16839270E+00  2.61056602E-03
 1.16829539E+00  2.55625119E-03
 1.16821499E+00  2.49414479E-03
 1.16815314E+00  2.42503645E-03
 1.16810938E+00  2.35067118E-03
 1.16808334E+00  2.27268208E-03
 1.16807466E+00  2.19255339E-03
 1.16808421E+00  2.11250023E-03
 1.16811434E+00  2.03499605E-03
 1.16816567E+00  1.96276434E-03
 1.16823767E+00  1.89883381E-03
 1.16832995E+00  1.84562433E-03
 1.16844135E+00  1.80511794E-03
 1.16857110E+00  1.77958395E-03
 1.16871873E+00  1.77141212E-03
 1.16888167E+00  1.78334392E-03
 1.16905630E+00  1.81843270E-03
 1.16923981E+00  1.87894632E-03
 1.16943010E+00  1.96628622E-03
 1.16962702E+00  2.08118311E-03
 1.16983241E+00  2.22337747E-03
 1.17004728E+00  2.39217592E-03
 1.17027186E+00  2.58647457E-03
 1.17050622E+00  2.80415622E-03
 1.17074934E+00  3.04227100E-03
 1.17100074E+00  3.29690659E-03
 1.17126018E+00  3.56305023E-03
 1.17152565E+00  3.83504778E-03
 1.17179425E+00  4.10661628E-03
 1.17206293E+00  4.37082120E-03
 1.17232850E+00  4.62040026E-03
 1.17258945E+00  4.84789201E-03
 1.17284563E+00  5.04593950E-03
 1.17309583E+00  5.20786757E-03
 1.17333819E+00  5.32812817E-03
 1.17357040E+00  5.40285862E-03
 1.17378924E+00  5.42991944E-03
 1.17399239E+00  5.40818250E-03
 1.17417836E+00  5.33737629E-03
 1.17434492E+00  5.21778537E-03
 1.17449004E+00  5.05038255E-03
 1.17461227E+00  4.83835253E-03
 1.17471064E+00  4.58712087E-03
 1.17478622E+00  4.30386035E-03
 1.17484173E+00  3.99770740E-03
 1.17487976E+00  3.67853619E-03
 1.17490289E+00  3.35661613E-03
 1.17491329E+00  3.04329825E-03
 1.17491230E+00  2.74994573E-03
 1.17490194E+00  2.48695074E-03
 1.17488458E+00  2.26300009E-03
 1.17486165E+00  2.08314694E-03
 1.17483433E+00  1.94911061E-03
 1.17480347E+00  1.86168809E-03
 1.17476975E+00  1.82105598E-03
 1.17473512E+00  1.82772539E-03
 1.17470246E+00  1.88263851E-03
 1.17467392E+00  1.98356746E-03
 1.17465118E+00  2.12540457E-03
 1.17463537E+00  2.30191511E-03
 1.17462670E+00  2.50474351E-03
 1.17462586E+00  2.72514909E-03
 1.17463384E+00  2.95420698E-03
 1.17465079E+00  3.18011148E-03
 1.17467668E+00  3.39001752E-03
 1.17471149E+00  3.57296327E-03
 1.17475520E+00  3.72044644E-03
 1.17480887E+00  3.82913838E-03
 1.17487437E+00  3.90069189E-03
 1.17495292E+00  3.93680333E-03
 1.17504514E+00  3.93894239E-03
 1.17515074E+00  3.90818962E-03
 1.17526817E+00  3.84422676E-03
 1.17539571E+00  3.74984008E-03
 1.17553124E+00  3.63042774E-03
 1.17567114E+00  3.49026956E-03
 1.17581099E+00  3.33429839E-03
 1.17594577E+00  3.16762031E-03
 1.17607016E+00  2.99539582E-03
 1.17617998E+00  2.82709640E-03
 1.17627205E+00  2.67464507E-03
 1.17634291E+00  2.54712652E-03
 1.17638931E+00  2.45071475E-03
 1.17640854E+00  2.38675187E-03
 1.17639818E+00  2.35126924E-03
 1.17635704E+00  2.34121444E-03
 1.17628497E+00  2.35455114E-03
 1.17618162E+00  2.38845301E-03
 1.17604714E+00  2.44122367E-03
 1.17588329E+00  2.50908594E-03
 1.17569338E+00  2.58648689E-03
 1.17548312E+00  2.67093017E-03
 1.17526043E+00  2.76113270E-03
 1.17503347E+00  2.85528905E-03
 1.17481046E+00  2.95130412E-03
 1.17459977E+00  3.04293526E-03
 1.17440896E+00  3.12082523E-03
 1.17424532E+00  3.17863900E-03
 1.17411515E+00  3.21278040E-03
 1.17402173E+00  3.22251504E-03
 1.17396595E+00  3.21112503E-03
 1.17394762E+00  3.18073224E-03
 1.17396575E+00  3.13226934E-03
 1.17402017E+00  3.06869114E-03
 1.17411129E+00  2.99293499E-03
 1.17423675E+00  2.90881844E-03
 1.17439182E+00  2.82112835E-03
 1.17457026E+00  2.73146087E-03
 1.17476360E+00  2.63941610E-03
 1.17496339E+00  2.54561619E-03
 1.17516133E+00  2.45132793E-03
 1.17534702E+00  2.36048928E-03
 1.17550972E+00  2.27960406E-03
 1.17564015E+00  2.21283227E-03
 1.17573100E+00  2.16221942E-03
 1.17577970E+00  2.12883552E-03
 1.17578802E+00  2.11152057E-03
 1.17575820E+00  2.10981226E-03
 1.17569279E+00  2.12407732E-03
 1.17559412E+00  2.15255512E-03
 1.17546367E+00  2.19276694E-03
 1.17530621E+00  2.24203551E-03
 1.17512937E+00  2.29719051E-03
 1.17494083E+00  2.35708975E-03
 1.17474968E+00  2.42214113E-03
 1.17456523E+00  2.49167864E-03
 1.17439680E+00  2.56430050E-03
 1.17425700E+00  2.63733522E-03
 1.17415988E+00  2.70658360E-03
 1.17411692E+00  2.76926490E-03
 1.17413664E+00  2.82401292E-03
 1.17422220E+00  2.86970188E-03
 1.17437122E+00  2.90630003E-03
 1.17458110E+00  2.93355091E-03
 1.17484906E+00  2.95074344E-03
 1.17517134E+00  2.95848070E-03
 1.17554451E+00  2.95795176E-03
 1.17596140E+00  2.95036216E-03
 1.17641141E+00  2.93714510E-03
 1.17688444E+00  2.91867426E-03
 1.17736932E+00  2.89444696E-03
 1.17785391E+00  2.86463985E-03
 1.17832565E+00  2.82995932E-03
 1.17876807E+00  2.79183667E-03
 1.17916257E+00  2.75258807E-03
 1.17949370E+00  2.71373806E-03
 1.17974960E+00  2.67596190E-03
 1.17992397E+00  2.63975527E-03
 1.18001670E+00  2.60498262E-03
 1.18002790E+00  2.57170692E-03
 1.17995776E+00  2.54037996E-03
 1.17980786E+00  2.51089632E-03
 1.17957973E+00  2.48304321E-03
 1.17927898E+00  2.45675835E-03
 1.17891506E+00  2.43207025E-03
 1.17849688E+00  2.40995208E-03
 1.17803447E+00  2.39213117E-03
 1.17753929E+00  2.38008145E-03
 1.17702359E+00  2.37501228E-03
 1.17650428E+00  2.37751148E-03
 1.17600095E+00  2.38743906E-03
 1.17552991E+00  2.40513108E-03
 1.17510367E+00  2.43131564E-03
 1.17472887E+00  2.46658427E-03
 1.17440569E+00  2.51171649E-03
 1.17413459E+00  2.56705817E-03
 1.17391669E+00  2.63245218E-03
 1.17375224E+00  2.70808057E-03
 1.17364242E+00  2.79403721E-03
 1.17358483E+00  2.88982876E-03
 1.17357379E+00  2.99440592E-03
 1.17360557E+00  3.10552262E-03
 1.17367628E+00  3.21986292E-03
 1.17378105E+00  3.33414780E-03
 1.17391434E+00  3.44519866E-03
 1.17406517E+00  3.55008115E-03
 1.17421908E+00  3.64643374E-03
 1.17436518E+00  3.73169403E-03
 1.17449641E+00  3.80333918E-03
 1.17461105E+00  3.85976164E-03
 1.17471358E+00  3.89991617E-03
 1.17480712E+00  3.92324652E-03
 1.17489305E+00  3.92965749E-03
 1.17497357E+00  3.91858897E-03
 1.17504924E+00  3.88932090E-03
 1.17512250E+00  3.84220172E-03
 1.17519728E+00  3.77852957E-03
 1.17527298E+00  3.70063249E-03
 1.17534672E+00  3.61202961E-03
 1.17541605E+00  3.51621939E-03
 1.17547887E+00  3.41663624E-03
 1.17553829E+00  3.31724718E-03
 1.17560155E+00  3.22190455E-03
 1.17567214E+00  3.13423483E-03
 1.17575025E+00  3.05739245E-03
 1.17583320E+00  2.99285187E-03
 1.17591387E+00  2.94070326E-03
 1.17598718E+00  2.90083258E-03
 1.17605021E+00  2.87297983E-03
 1.17609773E+00  2.85736974E-03
 1.17612506E+00  2.85476998E-03
 1.17612779E+00  2.86473662E-03
 1.17610173E+00  2.88581870E-03
 1.17604836E+00  2.91635895E-03
 1.17597324E+00  2.95397423E-03
 1.17588117E+00  2.99634204E-03
 1.17577637E+00  3.04121777E-03
 1.17565999E+00  3.08507186E-03
 1.17552964E+00  3.12384920E-03
 1.17538566E+00  3.15421330E-03
 1.17523041E+00  3.17363719E-03
 1.17506541E+00  3.18145109E-03
 1.17489334E+00  3.17879419E-03
 1.17471541E+00  3.16659063E-03
 1.17453139E+00  3.14552030E-03
 1.17434454E+00  3.11614657E-03
 1.17415964E+00  3.07841810E-03
 1.17397986E+00  3.03319547E-03
 1.17380743E+00  2.98207130E-03
 1.17364110E+00  2.92586259E-03
 1.17347618E+00  2.86529621E-03
 1.17330948E+00  2.80112745E-03
 1.17313884E+00  2.73410755E-03
 1.17296209E+00  2.66653206E-03
 1.17277861E+00  2.60171137E-03
 1.17258703E+00  2.54198642E-03
 1.17238558E+00  2.48882414E-03
 1.17217552E+00  2.44243635E-03
 1.17195976E+00  2.40150533E-03
 1.17174144E+00  2.36520701E-03
 1.17152409E+00  2.33320351E-03
 1.17130901E+00  2.30473237E-03
 1.17109556E+00  2.27933324E-03
 1.17088484E+00  2.25620325E-03
 1.17067894E+00  2.23424102E-03
 1.17048033E+00  2.21362762E-03
 1.17029272E+00  2.19528577E-03
 1.17011884E+00  2.17993201E-03
 1.16996059E+00  2.16815445E-03
 1.16982171E+00  2.15939314E-03
 1.16970639E+00  2.15204908E-03
 1.16961816E+00  2.14537057E-03
 1.16956001E+00  2.13928117E-03
 1.16953257E+00  2.13402602E-03
