# x =
 4.69974392E+01
# y =
 3.25097170E+00
 VARIABLES = u,v
 1.06762429E+00 -5.56277844E-02
 1.07109590E+00 -5.19795289E-02
 1.05003180E+00 -3.53042446E-02
 1.01756717E+00 -8.70728431E-03
 1.00442680E+00  2.12505356E-02
 1.02643984E+00  4.78640457E-02
 1.08000985E+00  6.33910963E-02
 1.14777624E+00  6.54060160E-02
 1.19622270E+00  5.67870793E-02
 1.20832689E+00  3.86198174E-02
 1.19242744E+00  1.30366440E-02
 1.17243368E+00 -1.37664097E-02
 1.17681102E+00 -3.50885318E-02
 1.17828752E+00 -4.36395907E-02
 1.12597269E+00 -3.40117575E-02
 1.06065719E+00 -1.08573730E-02
 1.05178613E+00  1.41023443E-02
 1.07759349E+00  3.23627975E-02
 1.09628824E+00  3.88206319E-02
 1.12144422E+00  3.44825660E-02
 1.15989260E+00  2.75922186E-02
 1.18355010E+00  2.13108071E-02
 1.17640416E+00  1.45021653E-02
 1.15340882E+00  8.33259072E-03
 1.13678581E+00  2.15199251E-03
 1.13395389E+00 -2.40597371E-03
 1.14508183E+00 -9.34255928E-04
 1.16540265E+00  4.47324481E-03
 1.17904220E+00  8.38376752E-03
 1.17832110E+00  7.55392950E-03
 1.16642096E+00 -5.36931260E-04
 1.14483004E+00 -1.33822350E-02
 1.11915135E+00 -2.35224980E-02
 1.09331963E+00 -2.72363502E-02
 1.06644511E+00 -2.39070590E-02
 1.04495572E+00 -1.43476689E-02
 1.03809488E+00 -2.85986485E-03
 1.05155701E+00  8.29387108E-03
 1.08841908E+00  1.93456537E-02
 1.14032242E+00  2.85391521E-02
 1.18933686E+00  3.43839903E-02
 1.22260195E+00  3.53532251E-02
 1.23323911E+00  2.93426017E-02
 1.22324588E+00  1.80096359E-02
 1.20507202E+00  5.62828340E-03
 1.18539346E+00 -4.55503144E-03
 1.16465425E+00 -9.86903667E-03
 1.14336158E+00 -1.00143414E-02
 1.11799893E+00 -7.48714667E-03
 1.09061662E+00 -3.22237549E-03
 1.06999892E+00  2.81573874E-03
 1.06061571E+00  9.76681289E-03
 1.06569792E+00  1.72761730E-02
 1.08627279E+00  2.38013692E-02
 1.11707190E+00  2.66799254E-02
 1.15167359E+00  2.53760967E-02
 1.18291907E+00  2.05747217E-02
 1.20298336E+00  1.28773954E-02
 1.20792918E+00  3.74890440E-03
 1.20027453E+00 -5.40208798E-03
 1.18691321E+00 -1.36431013E-02
 1.17249333E+00 -1.93377929E-02
 1.15761041E+00 -2.11758236E-02
 1.13725950E+00 -1.98355133E-02
 1.10290046E+00 -1.63224143E-02
 1.05678543E+00 -9.04201084E-03
 1.01550458E+00  7.51370623E-03
 1.00976624E+00  4.54593570E-02
 1.06626269E+00  1.07531394E-01
 1.15258183E+00  1.49266832E-01
 1.20369844E+00  1.14563567E-01
 1.20978255E+00  2.75446453E-02
 1.19079476E+00 -4.59724147E-02
 1.15862930E+00 -8.68985873E-02
 1.13651544E+00 -9.15384090E-02
 1.11190452E+00 -6.63037555E-02
 1.04962363E+00 -4.70461145E-02
 9.95046477E-01 -3.02242749E-02
 1.01570694E+00  1.33234422E-02
 1.08080090E+00  6.13009078E-02
 1.13078884E+00  8.07300863E-02
 1.16745059E+00  7.08507256E-02
 1.19798822E+00  3.60586160E-02
 1.20810201E+00 -5.26059342E-03
 1.20095698E+00 -2.06710797E-02
 1.18079496E+00 -1.55256219E-02
 1.14199655E+00 -1.85279008E-02
 1.09385391E+00 -2.86551825E-02
 1.05357425E+00 -3.21446685E-02
 1.03595761E+00 -9.31384060E-03
 1.05373097E+00  5.95422131E-02
 1.09967248E+00  1.21385590E-01
 1.14975967E+00  9.70572346E-02
 1.18859928E+00  2.66702670E-02
 1.20709396E+00 -3.50092844E-03
 1.20236469E+00 -9.07559815E-03
 1.18372258E+00 -2.66572932E-02
 1.15321326E+00 -3.48251998E-02
 1.10804162E+00 -2.60788443E-02
 1.05797918E+00 -1.90110957E-02
 1.01594411E+00 -1.30220462E-02
 9.95050429E-01  1.35515948E-02
 1.00849107E+00  7.47084024E-02
 1.05143404E+00  1.33135285E-01
 1.10488950E+00  1.33323771E-01
 1.15562955E+00  8.62889192E-02
 1.19311470E+00  3.51754281E-02
 1.21103441E+00 -6.12732467E-03
 1.21252374E+00 -2.53756936E-02
 1.19523745E+00 -2.41037353E-02
 1.15539113E+00 -3.23755481E-02
 1.10363457E+00 -5.44846906E-02
 1.05627567E+00 -6.79497092E-02
 1.02841413E+00 -3.95239453E-02
 1.03256485E+00  5.76099412E-02
 1.06255907E+00  1.51714116E-01
 1.09686418E+00  1.32469915E-01
 1.12187452E+00  4.39668075E-02
 1.12997366E+00 -5.20744119E-03
 1.11871915E+00 -2.66140041E-02
 1.09679270E+00 -5.37061749E-02
 1.06713354E+00 -6.51362722E-02
 1.02982585E+00 -6.21057536E-02
 9.99891079E-01 -4.47241486E-02
 9.95583652E-01  5.17500226E-03
 1.02740757E+00  5.07388309E-02
 1.09381219E+00  3.88174139E-02
 1.15877902E+00 -4.77658853E-03
 1.17703066E+00 -2.74481811E-02
 1.16951384E+00 -3.40489643E-02
 1.18220513E+00 -4.10443731E-02
 1.18113052E+00 -4.02771224E-02
 1.11853106E+00 -3.44255614E-02
 1.03943503E+00 -2.60604157E-02
 1.00507146E+00 -1.54871811E-03
 1.00375416E+00  4.82478397E-02
 1.01349633E+00  1.19535747E-01
 1.05467491E+00  1.77760087E-01
 1.13278166E+00  1.75299875E-01
 1.19972397E+00  1.19405200E-01
 1.21164314E+00  5.32214238E-02
 1.19912534E+00  1.31379222E-03
 1.21200922E+00 -1.75620252E-02
 1.21424552E+00 -1.48398955E-02
 1.15433299E+00 -3.09148789E-02
 1.08378924E+00 -4.93012435E-02
 1.07082938E+00 -2.87884713E-02
 1.08859491E+00  9.67242668E-03
 1.09219049E+00  3.27029755E-02
 1.09670635E+00  4.08668703E-02
 1.11717033E+00  3.33010763E-02
 1.13597481E+00  9.98884514E-03
 1.14347609E+00 -1.18241759E-02
 1.13891824E+00 -1.92293063E-02
 1.12090857E+00 -9.80350874E-03
 1.11177094E+00  9.84035574E-03
 1.13791408E+00  2.27377230E-02
 1.17117118E+00  2.13310819E-02
 1.16584895E+00  8.60595054E-03
 1.14542508E+00 -1.15656512E-02
 1.15005152E+00 -2.91783801E-02
 1.14568804E+00 -3.86774703E-02
 1.09080103E+00 -4.25421549E-02
 1.01993497E+00 -4.01356236E-02
 9.82688913E-01 -3.18468103E-02
 9.81030846E-01 -1.86909578E-02
 1.00755267E+00  4.70591024E-04
 1.05928450E+00  2.07437427E-02
 1.11353691E+00  3.36338849E-02
 1.15049337E+00  3.39805317E-02
 1.16668308E+00  1.98377348E-02
 1.16608958E+00 -2.11571659E-03
 1.16235132E+00 -1.79003720E-02
 1.16215683E+00 -1.92626420E-02
 1.16229266E+00 -5.52225191E-03
 1.16308198E+00  1.45082231E-02
 1.16229194E+00  2.30743299E-02
 1.16022590E+00  1.17612070E-02
 1.16181305E+00 -1.45868337E-02
 1.16094093E+00 -3.94020608E-02
 1.14609324E+00 -4.31714545E-02
 1.11161122E+00 -4.40675296E-02
 1.05681278E+00 -7.24164419E-02
 9.95902466E-01 -9.13681212E-02
 9.55463288E-01 -5.16079206E-02
 9.51640397E-01  9.02237339E-04
 9.87739869E-01  4.65730498E-04
 1.05206261E+00 -1.71246499E-02
 1.11639907E+00  4.32816789E-03
 1.16208679E+00  3.30727109E-02
 1.18411238E+00  2.72046333E-02
 1.18480428E+00  9.25030228E-03
 1.17902129E+00  4.04646163E-03
 1.17409206E+00  3.50525444E-03
 1.16702062E+00  4.02599390E-03
 1.15982238E+00  9.66170742E-03
 1.15234246E+00  1.47004296E-02
 1.14722270E+00  1.35837981E-02
 1.15187835E+00  6.40953372E-03
 1.16094180E+00 -5.12929488E-03
 1.16197228E+00 -1.67317809E-02
 1.14785380E+00 -2.55627086E-02
 1.11509215E+00 -3.03603498E-02
 1.07332737E+00 -2.63826408E-02
 1.04413818E+00 -9.32741612E-03
 1.03955431E+00  2.04288181E-02
 1.06155960E+00  5.58546512E-02
 1.10336726E+00  7.55756641E-02
 1.14599239E+00  5.88872832E-02
 1.17702868E+00  2.49241737E-02
 1.19288617E+00  8.45709958E-03
 1.18965311E+00 -4.39988203E-03
 1.16944745E+00 -3.91848942E-02
 1.13355258E+00 -6.56847536E-02
 1.08198498E+00 -5.05050430E-02
 1.02822382E+00 -2.45431535E-02
 9.92190366E-01 -2.58559661E-02
 9.88949870E-01 -2.54086699E-02
 1.02652569E+00  1.49182930E-02
 1.09137073E+00  6.09024236E-02
 1.15205579E+00  6.55817238E-02
 1.18707702E+00  4.60899743E-02
 1.18690166E+00  3.14394418E-02
 1.15675164E+00  1.30854751E-02
 1.12039716E+00 -1.28953439E-02
 1.09128959E+00 -2.61881074E-02
 1.07224314E+00 -1.51558570E-02
 1.07070085E+00  8.39137457E-03
 1.08720061E+00  2.64590227E-02
 1.12187753E+00  3.20763890E-02
 1.17222460E+00  2.42065451E-02
 1.20599130E+00  7.01421494E-03
 1.18918946E+00 -5.97533494E-03
 1.14675564E+00 -8.34100710E-03
 1.12366184E+00 -2.84401610E-03
 1.10016000E+00  7.85660279E-03
 1.04565720E+00  1.69736311E-02
 1.00897662E+00  2.08089067E-02
 1.04475781E+00  2.18737169E-02
 1.11576082E+00  1.96272896E-02
 1.15943198E+00  1.35781088E-02
 1.17086846E+00  3.97279727E-03
 1.15890255E+00 -1.04511001E-02
 1.12464993E+00 -2.61251358E-02
 1.09256007E+00 -3.62641594E-02
 1.07989998E+00 -3.68893604E-02
 1.08200500E+00 -2.65803366E-02
 1.09282383E+00 -9.98084017E-03
 1.09952195E+00  2.86330164E-03
 1.09655925E+00  6.35207534E-03
 1.09218209E+00  7.11657753E-04
 1.09063551E+00 -7.21768528E-03
 1.09698497E+00 -4.16721197E-03
 1.11417753E+00  1.65435202E-02
 1.13661881E+00  5.20043393E-02
 1.16112215E+00  9.10489391E-02
 1.18522235E+00  1.14113677E-01
 1.20429398E+00  1.08954302E-01
 1.21556468E+00  7.53301288E-02
 1.21402593E+00  2.25264872E-02
 1.19338066E+00 -2.93204751E-02
 1.15169924E+00 -6.58122233E-02
 1.09217858E+00 -8.25589249E-02
 1.02701046E+00 -7.93994547E-02
 9.75576511E-01 -6.42323333E-02
 9.53067923E-01 -4.13186258E-02
 9.66826576E-01 -9.70847530E-03
 1.01150008E+00  2.46847838E-02
 1.06900134E+00  5.45662954E-02
 1.12506700E+00  7.18848578E-02
 1.17041976E+00  6.75198901E-02
 1.19736791E+00  4.47297974E-02
 1.20513755E+00  1.59791354E-02
 1.19038538E+00 -9.82678544E-03
 1.15004478E+00 -2.55316720E-02
 1.09770293E+00 -2.95134536E-02
 1.05521933E+00 -2.79499838E-02
 1.04070645E+00 -2.18502297E-02
 1.06570395E+00 -9.51802068E-03
 1.11843041E+00  4.74361555E-03
 1.16761397E+00  1.62580724E-02
 1.19337876E+00  1.95126622E-02
 1.18763700E+00  8.74570614E-03
 1.15390554E+00 -1.08680562E-02
 1.11284174E+00 -2.68195536E-02
 1.07437187E+00 -3.14631146E-02
 1.03793459E+00 -2.11569376E-02
 1.01151940E+00  5.41948767E-04
 1.00058653E+00  2.16674966E-02
 1.01213809E+00  3.60006745E-02
 1.05535679E+00  4.28848276E-02
 1.11792928E+00  4.14348824E-02
 1.17396949E+00  3.48291350E-02
 1.20520987E+00  2.41221440E-02
 1.19980245E+00  7.58644723E-03
 1.16380174E+00 -9.84037086E-03
 1.12200207E+00 -2.07007847E-02
 1.08847202E+00 -1.97399705E-02
 1.06776456E+00 -3.65221301E-03
 1.06303196E+00  2.13682463E-02
 1.06773880E+00  4.14410989E-02
 1.08185276E+00  4.76048299E-02
 1.11145033E+00  3.63190193E-02
 1.14816094E+00  1.11762300E-02
 1.17823490E+00 -1.56231516E-02
 1.18987752E+00 -3.67057680E-02
 1.17197700E+00 -5.00913937E-02
 1.13052538E+00 -5.35470627E-02
 1.08582037E+00 -4.87880860E-02
 1.05049131E+00 -3.55037905E-02
 1.03195045E+00 -1.12128845E-02
 1.03245899E+00  1.84346546E-02
 1.04395276E+00  4.39476054E-02
 1.06455991E+00  5.75187730E-02
 1.09659823E+00  5.28189401E-02
 1.13200040E+00  3.30315592E-02
 1.16055736E+00  9.71730844E-03
 1.17293587E+00 -9.82743957E-03
 1.16116981E+00 -2.17034152E-02
 1.13431558E+00 -2.47840787E-02
 1.11276305E+00 -2.38511354E-02
 1.10570050E+00 -2.04889532E-02
 1.10977212E+00 -1.42639862E-02
 1.10265730E+00 -1.16831317E-02
 1.06109124E+00 -1.14833403E-02
 1.02874113E+00  1.82034948E-02
 1.06653916E+00  9.61729851E-02
 1.11734718E+00  1.35703246E-01
 1.08566856E+00  3.19983378E-02
 9.97625461E-01 -1.30636973E-01
 9.19891021E-01 -1.97980879E-01
 8.63356889E-01 -2.00910527E-01
 8.41695270E-01 -2.23983079E-01
 8.53469517E-01 -2.37549746E-01
 8.54319873E-01 -2.18811737E-01
 8.32076431E-01 -1.83194097E-01
 8.05417706E-01 -1.14367853E-01
 7.94716755E-01 -1.17743285E-02
 8.30839056E-01  9.47033538E-02
 9.01390029E-01  1.82415710E-01
 9.55944124E-01  2.31159776E-01
 9.78421666E-01  2.39801427E-01
 9.70326965E-01  2.33749132E-01
 9.43493900E-01  2.35830354E-01
 9.32523803E-01  2.59620071E-01
 9.36839236E-01  2.89224145E-01
 9.34422424E-01  2.79975582E-01
 9.50599376E-01  2.08987170E-01
 1.00147840E+00  8.35932728E-02
 1.01034510E+00 -4.59806156E-02
 8.96458293E-01 -1.09646942E-01
 7.24379786E-01 -1.37500386E-01
 6.10308286E-01 -2.02125098E-01
 5.37955869E-01 -2.43892275E-01
 4.62025592E-01 -1.80856754E-01
 4.47568382E-01 -8.71599459E-02
 5.47410048E-01 -6.05234866E-02
 7.02165787E-01 -5.96598790E-02
 8.37827645E-01 -2.05578315E-02
 9.50443633E-01  2.19265547E-02
 1.04762189E+00  2.50565423E-02
 1.09773106E+00 -3.88620604E-03
 1.07869777E+00 -6.42516903E-02
 9.94543254E-01 -1.54111887E-01
 8.57572622E-01 -2.36249878E-01
 7.16486614E-01 -2.50339416E-01
 6.34260262E-01 -1.64681518E-01
 6.06990438E-01 -7.75734633E-02
 5.96335102E-01 -1.22912107E-01
 6.15278958E-01 -2.07835629E-01
 6.84555292E-01 -1.56165590E-01
 7.84865400E-01 -3.32128284E-02
 8.96202973E-01  2.72179172E-02
 9.97931780E-01  4.60611799E-02
 1.06008352E+00  5.12763521E-02
 1.08228474E+00  4.34881657E-02
 1.08717393E+00  7.01180046E-02
 1.08438725E+00  1.23682137E-01
 1.07879710E+00  1.46870411E-01
 1.06801212E+00  1.50811920E-01
 1.03719547E+00  1.63168488E-01
 9.92907342E-01  1.64741557E-01
 9.62067119E-01  1.52020997E-01
 9.72913990E-01  1.70346153E-01
 1.04101198E+00  2.40699757E-01
 1.10900192E+00  2.60378856E-01
 1.09329800E+00  1.15106855E-01
 1.03667299E+00 -7.36209346E-02
 1.02790472E+00 -1.06540508E-01
 1.02024058E+00 -5.17286747E-02
 9.34849266E-01 -6.51268313E-02
 7.94233833E-01 -1.23013125E-01
 6.40537916E-01 -1.80009381E-01
 5.12144940E-01 -2.24911066E-01
 4.60708535E-01 -1.98529496E-01
 4.37986959E-01 -1.25247340E-01
 3.58976933E-01 -9.25315349E-02
 3.31386530E-01 -5.81861733E-02
 5.00125872E-01  4.34031547E-02
 7.22541403E-01  1.20788490E-01
 7.85736655E-01  7.80947150E-02
 7.68491694E-01  1.26378319E-02
 8.25515919E-01  5.81027135E-02
 9.21889300E-01  1.56677409E-01
 1.00617128E+00  1.92386921E-01
 1.07896642E+00  1.58974701E-01
 1.08862198E+00  7.51096113E-02
 1.01360844E+00 -1.24372231E-03
 9.00630040E-01  3.13862158E-02
 7.99724425E-01  1.01820156E-01
 7.58696180E-01  5.45455237E-02
 7.59882365E-01 -5.15565696E-02
 7.43559589E-01 -8.38973302E-02
 7.60648304E-01 -4.37527590E-02
 8.88641390E-01  4.49561404E-02
 1.05674331E+00  1.29107433E-01
 1.15566853E+00  1.02355362E-01
 1.17555399E+00  9.11158165E-03
 1.13963466E+00 -1.52720401E-02
 1.09245729E+00  1.50297685E-02
 1.11108091E+00  3.89138710E-02
 1.16784701E+00  6.17382275E-02
 1.16874270E+00  6.52711315E-02
 1.13922050E+00  4.24181275E-02
 1.14135540E+00  3.12129562E-02
 1.15725654E+00  3.03881913E-02
 1.17152393E+00  1.99653579E-02
 1.18322827E+00  1.11772527E-02
 1.16941009E+00  8.75562734E-03
 1.13891196E+00 -1.62550071E-03
 1.12327485E+00 -2.48346402E-02
 1.11178333E+00 -4.11015762E-02
 1.08417042E+00 -2.54258532E-02
 1.05890823E+00  1.65062666E-02
 1.05730748E+00  6.48402872E-02
 1.07406265E+00  1.18740659E-01
 1.10130824E+00  1.74787122E-01
 1.13894005E+00  2.10217147E-01
 1.17798800E+00  2.04104204E-01
 1.19669264E+00  1.47919882E-01
 1.17377406E+00  5.17809975E-02
 1.10176000E+00 -2.93141500E-02
 9.97518104E-01 -3.32348437E-02
 9.22358136E-01  4.38973282E-03
 9.40083048E-01  5.03498681E-03
 1.00316490E+00 -5.00728350E-03
 1.01598352E+00  2.99173389E-02
 1.01160669E+00  7.85237822E-02
 1.06174638E+00  1.03551418E-01
 1.12467264E+00  1.11623821E-01
 1.14793157E+00  1.01934639E-01
 1.14804598E+00  7.33066553E-02
 1.13993692E+00  4.45620826E-02
 1.13099465E+00  3.18549538E-02
 1.14402175E+00  4.10222600E-02
 1.17179226E+00  6.38769989E-02
 1.18430595E+00  7.87961893E-02
 1.18555897E+00  7.59725306E-02
 1.19007796E+00  5.75708934E-02
 1.18809784E+00  2.94865863E-02
 1.17134248E+00  7.08522751E-03
 1.14005387E+00 -1.97177424E-03
 1.09274641E+00 -1.46070727E-03
 1.04148112E+00  6.70739475E-03
 1.00977021E+00  1.71334408E-02
 1.01158727E+00  2.58785513E-02
 1.05012966E+00  3.47353004E-02
 1.11238961E+00  4.06830311E-02
 1.16889752E+00  3.90840583E-02
 1.19986765E+00  2.74174441E-02
 1.19881488E+00  3.55434990E-03
 1.16954070E+00 -2.70982183E-02
 1.13078173E+00 -5.30381653E-02
 1.09381002E+00 -6.62454460E-02
 1.06031254E+00 -6.24636638E-02
 1.03670809E+00 -4.43614580E-02
 1.02582574E+00 -2.22474062E-02
 1.03284832E+00 -2.50826739E-03
 1.06548092E+00  1.26181724E-02
 1.11329211E+00  2.17825777E-02
 1.15532622E+00  2.76312169E-02
 1.17660385E+00  2.99350816E-02
 1.16791017E+00  2.56359475E-02
 1.13893116E+00  1.71725047E-02
 1.11652789E+00  8.75845867E-03
 1.11494844E+00  3.84044810E-03
 1.13541423E+00  5.55542410E-03
 1.16905553E+00  9.61884606E-03
 1.19231586E+00  6.40595794E-03
 1.19339397E+00 -8.55044211E-03
 1.17544762E+00 -3.44582119E-02
 1.14267380E+00 -6.33856708E-02
 1.10734730E+00 -8.02589042E-02
 1.07703898E+00 -7.65743722E-02
 1.04996260E+00 -5.27188179E-02
 1.03048955E+00 -1.61524153E-02
 1.02333432E+00  1.72743582E-02
 1.03198220E+00  3.69668078E-02
 1.06146667E+00  4.10910941E-02
 1.10611035E+00  3.24433964E-02
 1.15210612E+00  2.08026202E-02
 1.18872560E+00  1.17639996E-02
 1.20709264E+00  4.20339951E-03
 1.20520118E+00 -2.24775372E-03
 1.18969292E+00 -1.02611945E-02
 1.16385846E+00 -1.93682256E-02
 1.12972767E+00 -2.39946455E-02
 1.09403760E+00 -2.21206274E-02
 1.06331493E+00 -1.33041130E-02
 1.04612817E+00  1.73097687E-03
 1.05138023E+00  1.80455339E-02
 1.07692834E+00  3.04099668E-02
 1.11254003E+00  3.41870834E-02
 1.14859593E+00  2.53500527E-02
 1.17391907E+00  4.26750028E-03
 1.17833171E+00 -2.16540748E-02
 1.15773541E+00 -4.06232473E-02
 1.11199950E+00 -4.38174155E-02
 1.05291983E+00 -2.83406806E-02
 1.01918759E+00 -9.21098992E-04
 1.04882050E+00  2.31366987E-02
 1.11842925E+00  3.37975412E-02
 1.16903202E+00  2.79402794E-02
 1.17885271E+00  7.42206558E-03
 1.14496946E+00 -1.82498991E-02
 1.07402688E+00 -4.36154830E-02
 1.00399829E+00 -6.78768617E-02
 9.60905423E-01 -8.58024247E-02
 9.47057043E-01 -9.28882222E-02
 9.56491489E-01 -8.47677634E-02
 9.72476888E-01 -5.74005080E-02
 1.01045618E+00 -1.87518966E-02
 1.09621117E+00  1.53179584E-02
 1.17863946E+00  3.35275749E-02
 1.18986008E+00  2.96008923E-02
 1.16006350E+00  8.70693661E-03
 1.15034201E+00 -1.26209465E-02
 1.15147755E+00 -2.50613376E-02
 1.14247854E+00 -2.68897371E-02
 1.13498040E+00 -2.01743685E-02
 1.12805702E+00 -1.46344525E-02
 1.11707930E+00 -1.38086063E-02
 1.11202435E+00 -1.38220029E-02
 1.11182886E+00 -1.42699453E-02
 1.10770255E+00 -1.34824734E-02
 1.09531358E+00 -1.15485740E-02
 1.07092134E+00 -1.28256571E-02
 1.04235839E+00 -1.62691016E-02
 1.02768303E+00 -1.79575461E-02
 1.03573189E+00 -1.62787626E-02
 1.06677673E+00 -9.65471076E-03
 1.11214274E+00 -2.48847517E-04
 1.15180879E+00  5.74483535E-03
 1.17291177E+00  4.87500947E-03
 1.17241663E+00 -4.28391595E-03
 1.15138125E+00 -2.22199700E-02
 1.11950193E+00 -4.58511787E-02
 1.08373760E+00 -7.05900873E-02
 1.04651104E+00 -8.91148648E-02
 1.01652269E+00 -8.62585222E-02
 1.00267953E+00 -5.32311600E-02
 1.01219117E+00 -1.63876532E-02
 1.04930852E+00 -1.12594364E-02
 1.10094825E+00 -1.83338866E-02
 1.14222660E+00  2.19271162E-04
 1.15584862E+00  2.06289588E-02
 1.13460323E+00  6.76827424E-03
 1.09062952E+00 -2.07546931E-02
 1.05434359E+00 -3.28780820E-02
 1.04362924E+00 -3.26307864E-02
 1.06132756E+00 -2.35006521E-02
 1.09954175E+00 -4.53932834E-03
 1.13459646E+00  1.30136512E-02
 1.15399887E+00  1.98850629E-02
 1.15969576E+00  1.55524035E-02
 1.15182414E+00  3.53283210E-03
 1.13700852E+00 -7.48213752E-03
 1.11797633E+00 -1.35244300E-02
 1.09001117E+00 -1.69038598E-02
 1.06005033E+00 -1.93173461E-02
 1.03966752E+00 -2.46841390E-02
 1.03645095E+00 -3.44216204E-02
 1.05592606E+00 -4.49187676E-02
 1.08803551E+00 -5.38881731E-02
 1.11025768E+00 -5.88468067E-02
 1.10958035E+00 -5.76008374E-02
 1.08333440E+00 -5.07461212E-02
 1.04299614E+00 -3.86416439E-02
 1.01521910E+00 -2.18911479E-02
 1.01530339E+00 -2.36672731E-03
 1.04385364E+00  1.77355963E-02
 1.09254843E+00  3.43917429E-02
 1.13961924E+00  4.25012284E-02
 1.17155773E+00  3.86927196E-02
 1.18721649E+00  2.24253553E-02
 1.18493846E+00 -1.45193370E-03
 1.16937545E+00 -2.36911704E-02
 1.14286849E+00 -3.70504768E-02
 1.10309652E+00 -3.78048241E-02
 1.05971522E+00 -2.75727112E-02
 1.02779090E+00 -1.36645781E-02
 1.01917486E+00 -6.40450571E-04
 1.04277849E+00  9.97981747E-03
 1.09075145E+00  1.66884721E-02
 1.14097645E+00  2.04321391E-02
 1.17832076E+00  1.99345178E-02
 1.19424828E+00  1.18928028E-02
 1.18846459E+00 -1.97497324E-03
 1.17271537E+00 -1.75705225E-02
 1.15120436E+00 -3.09756335E-02
 1.12160439E+00 -3.75587154E-02
 1.08779567E+00 -3.66588734E-02
 1.05288936E+00 -3.13486175E-02
 1.02391764E+00 -2.26592731E-02
 1.01296952E+00 -1.12815635E-02
 1.02197712E+00  7.82544259E-04
 1.04613174E+00  1.22715879E-02
 1.08186046E+00  2.06100119E-02
 1.12216313E+00  2.27363204E-02
 1.15956414E+00  1.97525132E-02
 1.18899539E+00  1.51483304E-02
 1.20273935E+00  1.12951221E-02
 1.19511623E+00  9.96181164E-03
 1.17120050E+00  1.04404790E-02
 1.14233684E+00  9.40929651E-03
 1.11827276E+00  6.00131909E-03
 1.10634116E+00  1.35505074E-03
 1.10570441E+00 -3.36343398E-03
 1.10749806E+00 -5.71946095E-03
 1.10860943E+00 -4.76282282E-03
 1.11014709E+00 -1.72440347E-03
 1.11172517E+00  2.55989522E-03
 1.11570173E+00  6.81764377E-03
 1.12104988E+00  9.86987993E-03
 1.12329399E+00  1.17630277E-02
 1.12488382E+00  1.26472225E-02
 1.13104474E+00  1.28650444E-02
 1.14404123E+00  1.27129159E-02
 1.16448119E+00  1.18458745E-02
 1.18551076E+00  9.69527468E-03
 1.19419925E+00  5.64625507E-03
 1.18383949E+00 -1.89227246E-04
 1.15469971E+00 -6.56712873E-03
 1.11466059E+00 -1.13616446E-02
 1.08003793E+00 -1.19261398E-02
 1.06207366E+00 -6.78103901E-03
 1.06422702E+00  3.40617843E-03
 1.08474318E+00  1.52592545E-02
 1.11334656E+00  2.37192758E-02
 1.14057474E+00  2.65654756E-02
 1.15813810E+00  2.64238682E-02
 1.14994770E+00  3.25337932E-02
 1.11327481E+00  5.72286398E-02
 1.09343886E+00  1.02095819E-01
 1.13816087E+00  1.51829686E-01
 1.19489882E+00  1.68362254E-01
 1.17283395E+00  1.11439557E-01
 1.09168950E+00  9.04755574E-04
 1.01270869E+00 -1.04143217E-01
 9.33996983E-01 -1.79521943E-01
 8.62977986E-01 -2.12651197E-01
 8.41775918E-01 -1.85846522E-01
 8.84812301E-01 -1.14825430E-01
 9.66948495E-01 -4.28089468E-02
 1.04945953E+00 -9.14088438E-03
 1.10963470E+00 -9.72580944E-03
 1.13888117E+00 -9.93374197E-03
 1.13713246E+00 -7.14804189E-03
 1.12137109E+00 -1.00625367E-02
 1.09982059E+00 -1.13097160E-02
 1.06967343E+00 -1.12294898E-02
 1.04059903E+00  2.29482466E-03
 1.02348695E+00  4.90788951E-02
 1.03002262E+00  1.03911697E-01
 1.07312010E+00  1.22606393E-01
 1.14016609E+00  9.87989730E-02
 1.20073762E+00  4.71420124E-02
 1.23397892E+00 -5.86198889E-03
 1.22683432E+00 -2.42585940E-02
 1.18418688E+00 -2.87351863E-02
 1.13164317E+00 -6.81813506E-02
 1.08275690E+00 -1.07857985E-01
 1.04123613E+00 -8.94621886E-02
 1.01462576E+00 -3.99961562E-02
 1.00322606E+00 -3.96403264E-03
 1.01209766E+00  2.32330780E-02
 1.05023605E+00  4.50242187E-02
 1.10546502E+00  5.09009203E-02
 1.15450608E+00  4.56658588E-02
 1.17974353E+00  3.45427877E-02
 1.16825165E+00  1.52853116E-02
 1.12791235E+00 -8.72138932E-03
 1.08588338E+00 -3.22810802E-02
 1.05748880E+00 -4.88555366E-02
 1.04770327E+00 -5.05797500E-02
 1.05557046E+00 -3.98771983E-02
 1.06723389E+00 -2.62890374E-02
 1.07842249E+00 -1.54600955E-02
 1.09469258E+00 -1.09309906E-02
 1.11245864E+00 -1.12136987E-02
 1.12806526E+00 -8.46496278E-03
 1.13670787E+00 -7.65177089E-04
 1.12983807E+00  8.72239171E-03
 1.11259726E+00  1.76844219E-02
 1.09914067E+00  2.13181301E-02
 1.09711998E+00  1.77416651E-02
 1.11023352E+00  9.86329549E-03
 1.13278453E+00 -9.79710473E-04
 1.14860592E+00 -1.30501635E-02
 1.14981299E+00 -2.40526997E-02
 1.13696469E+00 -3.35690303E-02
 1.11411606E+00 -4.04772876E-02
 1.09270764E+00 -4.32743128E-02
 1.07883576E+00 -4.14191927E-02
 1.07066806E+00 -3.46651237E-02
 1.06702494E+00 -2.42489654E-02
 1.06399874E+00 -1.27977304E-02
 1.06045251E+00 -2.57112971E-03
 1.06124864E+00  4.93569471E-03
 1.07003695E+00  1.02352010E-02
 1.09023968E+00  1.55598016E-02
 1.12256341E+00  2.15973318E-02
 1.16116763E+00  2.71393674E-02
 1.19619875E+00  2.89626248E-02
 1.21514073E+00  2.21374635E-02
 1.20830021E+00  4.90377051E-03
 1.17331212E+00 -2.00431013E-02
 1.11722841E+00 -4.58396455E-02
 1.05557487E+00 -6.19870377E-02
 1.00178174E+00 -6.14006998E-02
 9.64865952E-01 -4.32140450E-02
 9.50173135E-01 -1.34826181E-02
 9.56541313E-01  1.51624873E-02
 9.84652131E-01  3.36499659E-02
 1.03529117E+00  3.91039345E-02
 1.09873553E+00  3.39923662E-02
 1.16035268E+00  2.72081038E-02
 1.20553879E+00  2.31895150E-02
 1.22163882E+00  2.04350546E-02
 1.21083733E+00  1.69953055E-02
 1.18771370E+00  8.04150247E-03
 1.16189706E+00 -7.22173187E-03
 1.13989319E+00 -2.36209714E-02
 1.12548081E+00 -3.71825918E-02
 1.11532966E+00 -4.33604556E-02
 1.11210917E+00 -3.92395904E-02
 1.12168868E+00 -2.68428698E-02
 1.13869075E+00 -9.78095878E-03
 1.15344269E+00  6.68045599E-03
 1.15663338E+00  1.72783269E-02
 1.13878275E+00  1.94397944E-02
 1.10246958E+00  1.31519148E-02
 1.06015822E+00  1.19412294E-03
 1.01797002E+00 -1.33149323E-02
 9.78286293E-01 -2.68056881E-02
 9.41378321E-01 -3.26131967E-02
 9.02384358E-01 -2.34489113E-02
 8.64412910E-01  6.17243352E-03
 8.39123922E-01  5.74145431E-02
 8.38063489E-01  1.20184237E-01
 8.74014162E-01  1.76099510E-01
 9.51872434E-01  2.10630637E-01
 1.06141079E+00  2.15331162E-01
 1.17802696E+00  1.92286130E-01
 1.26624766E+00  1.54330373E-01
 1.29803735E+00  1.07702321E-01
 1.26310237E+00  5.14266891E-02
 1.17636215E+00 -1.74489331E-02
 1.07600846E+00 -9.85263443E-02
 9.91512664E-01 -1.57059921E-01
 9.38614757E-01 -1.48579226E-01
 9.23204978E-01 -9.39929917E-02
 9.33267140E-01 -4.22032555E-02
 9.63569873E-01  1.16929288E-02
 1.01255015E+00  7.95003781E-02
 1.05382416E+00  1.25398193E-01
 1.05602217E+00  1.16854474E-01
 1.00349063E+00  5.99228010E-02
 9.07259607E-01 -1.40202224E-02
 8.48093387E-01 -2.91455511E-02
 9.10908948E-01  7.84482515E-02
 1.00530806E+00  1.92557072E-01
 9.76182424E-01  1.35977418E-01
 8.89394442E-01 -2.72978227E-03
 8.87076022E-01 -3.38452970E-02
 9.37336441E-01  4.75110802E-04
 9.81269550E-01  7.67011859E-03
 1.02904598E+00  1.24057881E-02
 1.06110242E+00  1.28500095E-02
 1.07704702E+00 -1.56440409E-03
 1.11718026E+00  8.28612884E-03
 1.15857355E+00  3.42417257E-02
 1.15207422E+00  3.83162840E-02
 1.10744945E+00  2.99449197E-02
 1.04828261E+00  2.50525161E-02
 9.83659534E-01  2.02060743E-02
 9.38984321E-01  2.16651779E-02
 9.41484667E-01  3.95348922E-02
 9.96924742E-01  7.19734406E-02
 1.08556129E+00  1.04778973E-01
 1.16871095E+00  1.17345407E-01
 1.21911372E+00  9.91423132E-02
 1.22687949E+00  5.49687546E-02
 1.19887765E+00  8.82937532E-03
 1.16267329E+00 -7.73976225E-03
 1.13245609E+00 -4.37066632E-03
 1.10628459E+00 -1.18496564E-02
 1.08513186E+00 -1.45166643E-02
 1.06299550E+00  1.08303145E-02
 1.04249878E+00  3.59922938E-02
 1.03850974E+00  3.03733661E-02
 1.05256726E+00  1.17607082E-02
 1.08022265E+00  6.88454440E-03
 1.11698404E+00  1.02703319E-02
 1.15135975E+00  1.13070826E-02
 1.17717235E+00  1.25107512E-02
 1.19409772E+00  1.06699928E-02
 1.19694065E+00  2.16601870E-03
 1.18216760E+00 -7.74213552E-03
 1.15261564E+00 -1.46336477E-02
 1.11333708E+00 -1.49457351E-02
 1.07262279E+00 -5.85156636E-03
 1.04134086E+00  1.08488082E-02
 1.02695887E+00  3.08917539E-02
 1.03332414E+00  4.82592223E-02
 1.06317872E+00  5.73235306E-02
 1.11284170E+00  5.54031781E-02
 1.16593370E+00  4.30824226E-02
 1.19944988E+00  2.43629930E-02
 1.19568104E+00  3.18127655E-03
 1.14897684E+00 -1.64565195E-02
 1.07874992E+00 -2.75763928E-02
 1.02400784E+00 -2.38018089E-02
 1.01027840E+00 -2.89924169E-03
 1.04425276E+00  2.95269377E-02
 1.11010031E+00  5.09132176E-02
 1.16768807E+00  3.69264020E-02
 1.19345840E+00  9.17686934E-04
 1.18505789E+00 -2.36709298E-02
 1.14754420E+00 -3.28965440E-02
 1.10285389E+00 -3.36325037E-02
 1.06273664E+00 -2.29069007E-02
 1.02451777E+00 -5.66218777E-03
 9.97174889E-01  1.94490995E-02
 9.89250657E-01  5.91349771E-02
 1.00804490E+00  8.93816349E-02
 1.06195428E+00  7.97881726E-02
 1.13430398E+00  4.57891742E-02
 1.19169205E+00  1.96713188E-02
 1.21206829E+00  1.69731742E-03
 1.18503418E+00 -1.48292314E-02
 1.12544673E+00 -2.34825162E-02
 1.07299994E+00 -2.55828680E-02
 1.05101524E+00 -2.33147680E-02
 1.06419919E+00 -1.19637458E-02
 1.10472139E+00  5.55133421E-03
 1.14460618E+00  2.17681035E-02
 1.16925774E+00  3.08492626E-02
 1.18087609E+00  2.71106783E-02
 1.17638669E+00  1.35368794E-02
 1.15905401E+00  6.53145570E-04
 1.12912554E+00 -5.83199945E-03
 1.08066168E+00 -3.81094027E-03
 1.02751531E+00  5.23344922E-03
 9.93670611E-01  1.38627524E-02
 9.95053604E-01  1.89279046E-02
 1.04043835E+00  2.14796150E-02
 1.11403017E+00  2.02395476E-02
 1.17846088E+00  1.53841093E-02
 1.21020828E+00  6.56656917E-03
 1.20114540E+00 -7.79616989E-03
 1.15939280E+00 -2.31454231E-02
 1.11428094E+00 -3.15999504E-02
 1.08199607E+00 -2.83394958E-02
 1.06313649E+00 -1.15347429E-02
 1.05914354E+00  1.32013049E-02
 1.06229460E+00  3.36082125E-02
 1.07169290E+00  4.20342071E-02
 1.09601348E+00  3.64950819E-02
 1.12925957E+00  2.07793249E-02
 1.15972265E+00  5.67600067E-03
 1.17803707E+00 -2.63993298E-03
 1.17392604E+00 -4.10975428E-03
 1.15304424E+00 -3.28299404E-04
 1.13417323E+00  2.85550161E-03
 1.12689707E+00  2.94646994E-03
 1.13387507E+00  2.41692345E-03
 1.14965170E+00  1.66224130E-03
 1.15735010E+00  1.65942396E-03
 1.14946601E+00  2.53550499E-03
 1.12878287E+00  1.82031325E-03
 1.09877649E+00  2.97046533E-04
 1.06921410E+00  5.63681850E-04
 1.04628214E+00  3.77365952E-03
 1.02955377E+00  1.09256983E-02
 1.02337359E+00  2.04245837E-02
 1.03198527E+00  2.80027073E-02
 1.05743742E+00  3.12176688E-02
 1.10100122E+00  2.91309496E-02
 1.15359821E+00  2.18753876E-02
 1.19864457E+00  1.17738609E-02
 1.22364648E+00  4.95424436E-04
 1.22097573E+00 -1.09297653E-02
 1.19338656E+00 -1.98177862E-02
 1.15467414E+00 -2.34059521E-02
 1.11442526E+00 -1.95043427E-02
 1.07818877E+00 -7.00379636E-03
 1.05145820E+00  1.08458099E-02
 1.03499540E+00  2.76298423E-02
 1.03302780E+00  3.83950736E-02
 1.05175886E+00  4.01972122E-02
 1.08641267E+00  3.39253223E-02
 1.12640898E+00  2.45621085E-02
 1.16132001E+00  1.49865742E-02
 1.18015635E+00  6.05947900E-03
 1.18073676E+00 -1.17785621E-03
 1.16940928E+00 -7.29688938E-03
 1.14850314E+00 -1.11836983E-02
 1.11992451E+00 -1.01240388E-02
 1.08976547E+00 -4.66591845E-03
 1.06338090E+00  3.09509478E-03
 1.04880537E+00  1.10386872E-02
 1.05438939E+00  1.61480949E-02
 1.07697713E+00  1.73534630E-02
 1.10586530E+00  1.55819859E-02
 1.13271866E+00  1.07000642E-02
 1.15004328E+00  2.92785099E-03
 1.15482204E+00 -5.70515471E-03
 1.15056586E+00 -1.28529897E-02
 1.13700406E+00 -1.59552580E-02
 1.11326963E+00 -1.30203960E-02
 1.08686450E+00 -5.61682519E-03
 1.06781780E+00  2.18192889E-03
 1.06529258E+00  7.72730437E-03
 1.08590986E+00  9.72881625E-03
 1.12249799E+00  8.87058938E-03
 1.15735168E+00  8.23935014E-03
 1.17873999E+00  8.86330547E-03
 1.18072366E+00  9.71978947E-03
 1.16479056E+00  9.95562998E-03
 1.14246562E+00  7.80999812E-03
 1.11897880E+00  2.98304130E-03
 1.09374596E+00 -2.51495532E-03
 1.07018896E+00 -6.72455600E-03
 1.05006031E+00 -7.36278209E-03
 1.03798942E+00 -2.99911316E-03
 1.04240858E+00  5.38370331E-03
 1.06314401E+00  1.47908484E-02
 1.09452226E+00  2.07705259E-02
 1.13146137E+00  2.00729316E-02
 1.16621150E+00  1.22241726E-02
 1.19213792E+00  3.28401664E-04
 1.20568487E+00 -9.45778098E-03
 1.20135495E+00 -1.30599439E-02
 1.17565536E+00 -9.65665215E-03
 1.13357014E+00 -1.39627006E-03
 1.08510140E+00  6.23526093E-03
 1.04085753E+00  1.03348272E-02
 1.01130846E+00  1.15717308E-02
 1.00149200E+00  1.18052961E-02
 1.01037017E+00  1.50063403E-02
 1.03838673E+00  2.24937693E-02
 1.08399096E+00  3.14171540E-02
 1.13729931E+00  3.76704540E-02
 1.18492657E+00  3.55792888E-02
 1.21297379E+00  2.21802919E-02
 1.21013197E+00 -1.73647223E-04
 1.17899163E+00 -2.48290151E-02
 1.13356242E+00 -4.14502404E-02
 1.08456588E+00 -4.25399174E-02
 1.04102979E+00 -2.65205602E-02
 1.01066535E+00  1.77947706E-03
 9.95409932E-01  3.11923378E-02
 1.00138076E+00  5.33606599E-02
 1.03499990E+00  6.45986823E-02
 1.08820473E+00  6.36909436E-02
 1.14521150E+00  5.41315939E-02
 1.19079205E+00  3.73911503E-02
 1.21055834E+00  1.30056956E-02
 1.20267869E+00 -1.37895148E-02
 1.17749680E+00 -3.58713643E-02
 1.14028638E+00 -4.64071238E-02
 1.09556769E+00 -3.93768831E-02
 1.05383790E+00 -1.82339732E-02
 1.02419582E+00  6.13832656E-03
 1.01793338E+00  2.61279036E-02
 1.04443946E+00  3.66663555E-02
 1.09316929E+00  3.67977582E-02
 1.14073678E+00  3.17540690E-02
 1.16985080E+00  2.29800386E-02
 1.16965820E+00  9.52541070E-03
 1.14439367E+00 -4.53711905E-03
 1.11441743E+00 -1.46770794E-02
 1.08998782E+00 -1.61607753E-02
 1.07282799E+00 -4.56143443E-03
 1.06657333E+00  1.49302109E-02
 1.06849718E+00  3.05347827E-02
 1.08085654E+00  3.47253470E-02
 1.11073934E+00  2.39415634E-02
 1.15030715E+00  1.71467689E-03
 1.18440356E+00 -2.04123639E-02
 1.20076518E+00 -3.59473599E-02
 1.18796597E+00 -4.34228449E-02
 1.14751086E+00 -4.14904907E-02
 1.09419236E+00 -3.18149482E-02
 1.03894105E+00 -1.08349971E-02
 9.93131639E-01  3.21191290E-02
 9.74462600E-01  1.07769188E-01
 9.95362933E-01  2.10485248E-01
 1.05775606E+00  2.77314704E-01
 1.14228967E+00  2.33261385E-01
 1.18261276E+00  1.15796205E-01
 1.11523791E+00  2.09063065E-02
 9.99997159E-01 -3.18299436E-02
 9.55523242E-01 -4.58418090E-02
 9.83525486E-01 -8.25830838E-03
 1.02920995E+00  5.07068080E-02
 1.06637489E+00  8.24485030E-02
 1.04932845E+00  6.18708609E-02
 9.84011537E-01  8.08790939E-03
 9.42566890E-01 -2.81421148E-02
 9.42604160E-01 -3.71022872E-02
 9.67651051E-01 -3.67660957E-02
 9.91274844E-01 -3.26345234E-02
 9.61707515E-01 -3.98882606E-02
 9.01415445E-01 -5.22722107E-02
 8.86661861E-01 -3.98472022E-02
 9.25702947E-01 -1.20024844E-02
 9.99654362E-01  6.17117622E-03
 1.09337309E+00  1.63907853E-02
 1.16145989E+00  2.11935029E-02
 1.18525824E+00  1.99518686E-02
 1.18135243E+00  2.28002953E-02
 1.15071633E+00  3.42933340E-02
 1.10139519E+00  4.74775904E-02
 1.05434069E+00  4.64790647E-02
 1.01631902E+00  1.02721021E-02
 9.80209599E-01 -6.34479695E-02
 9.39126267E-01 -1.47788794E-01
 9.15783366E-01 -1.81006832E-01
 9.40053577E-01 -1.07851331E-01
 9.84595852E-01  2.63348810E-03
 1.00450282E+00  3.13063168E-02
 1.01476940E+00  2.58917158E-02
 1.04456663E+00  8.85976292E-02
 1.07663236E+00  1.59899601E-01
 1.09116923E+00  1.56481772E-01
 1.09802684E+00  1.13140365E-01
 1.10570097E+00  7.07945791E-02
 1.11468220E+00  2.82189576E-02
 1.12926673E+00 -1.41819424E-03
 1.14519123E+00 -1.78042473E-02
 1.14899106E+00 -4.71598762E-02
 1.13487479E+00 -8.74500330E-02
 1.10337592E+00 -1.16064553E-01
 1.05972986E+00 -1.16024710E-01
 1.01697062E+00 -7.27362631E-02
 9.84108155E-01 -1.27876640E-02
 9.65051572E-01  1.18802127E-02
 9.65444868E-01  7.57595600E-03
 9.87799136E-01  1.15631783E-02
 1.03317776E+00  3.50091322E-02
 1.10107038E+00  8.35385510E-02
 1.17976356E+00  1.32011378E-01
 1.24965939E+00  1.26836289E-01
 1.29149550E+00  7.50408264E-02
 1.28692061E+00  1.82667242E-02
 1.22527228E+00 -4.23213028E-02
 1.12022534E+00 -1.03292570E-01
 1.03058917E+00 -1.34688265E-01
 1.01889575E+00 -1.22999894E-01
 1.04826790E+00 -8.35587455E-02
 1.03685588E+00 -4.08214830E-02
 1.00814256E+00 -7.43668606E-03
 1.01774121E+00  1.30286316E-02
 1.03908850E+00  2.28947030E-02
 1.04405653E+00  3.54308259E-02
 1.04674939E+00  5.46584665E-02
 1.05401894E+00  7.25939939E-02
 1.07788207E+00  8.35782792E-02
 1.13526855E+00  7.92701467E-02
 1.18827646E+00  5.73696626E-02
 1.18222112E+00  2.65836211E-02
 1.15014859E+00 -5.80204171E-03
 1.15262619E+00 -3.16581108E-02
 1.15721382E+00 -4.34454366E-02
 1.11383268E+00 -4.07560561E-02
 1.05563505E+00 -2.73168018E-02
 1.02633730E+00 -1.01855474E-02
 1.02001460E+00  3.78412412E-03
 1.03001173E+00  1.13921859E-02
 1.06118370E+00  1.30694159E-02
 1.10250512E+00  1.28420739E-02
 1.13974088E+00  1.21113884E-02
 1.16687430E+00  9.55806456E-03
 1.18085475E+00  5.81584602E-03
 1.18274878E+00  1.24045510E-03
 1.17129035E+00 -2.20318199E-03
 1.14430473E+00 -6.97254183E-04
 1.10916660E+00  5.00682627E-03
 1.07761544E+00  1.13949241E-02
 1.06061483E+00  1.63965776E-02
 1.06723936E+00  1.79443535E-02
 1.09338114E+00  1.59458934E-02
 1.12399768E+00  1.29299436E-02
 1.14949543E+00  9.39041231E-03
 1.16443646E+00  4.82044268E-03
 1.16722451E+00  3.08532856E-04
 1.16385433E+00 -3.27502819E-03
 1.15497492E+00 -4.68752278E-03
 1.13747918E+00 -2.23560918E-03
 1.11638569E+00  3.17308624E-03
 1.09860584E+00  8.96395174E-03
 1.09087864E+00  1.35774848E-02
 1.10004706E+00  1.59857507E-02
 1.12136960E+00  1.64507460E-02
 1.14154930E+00  1.68581405E-02
 1.15287238E+00  1.77841542E-02
 1.15200953E+00  1.86520156E-02
 1.14199368E+00  1.90230056E-02
 1.13398206E+00  1.78090010E-02
 1.13250877E+00  1.46544181E-02
 1.13525365E+00  1.03024164E-02
 1.13962333E+00  5.00089046E-03
 1.13913926E+00 -8.89845999E-04
 1.13133494E+00 -6.66894880E-03
 1.12021741E+00 -1.16875820E-02
 1.10860064E+00 -1.43824410E-02
 1.10043781E+00 -1.27926855E-02
 1.09889571E+00 -6.19390130E-03
 1.10324547E+00  4.49306749E-03
 1.11300620E+00  1.56692964E-02
 1.12701374E+00  2.18047601E-02
 1.14284141E+00  1.93181993E-02
 1.15810106E+00  7.93755105E-03
 1.16802115E+00 -7.81505990E-03
 1.16676787E+00 -1.92659825E-02
 1.15107670E+00 -2.04958131E-02
 1.12175033E+00 -9.92210181E-03
 1.08767453E+00  9.39170144E-03
 1.06372654E+00  2.91534607E-02
 1.06055580E+00  4.37762140E-02
 1.08169034E+00  5.13117303E-02
 1.11959552E+00  5.02614355E-02
 1.15622653E+00  4.19977259E-02
 1.17905553E+00  2.67485849E-02
 1.18305584E+00  3.62132746E-03
 1.16848541E+00 -2.27454778E-02
 1.14441634E+00 -4.51321598E-02
 1.11608563E+00 -5.73478065E-02
 1.08497009E+00 -5.44728515E-02
 1.06026493E+00 -3.88263630E-02
 1.05190451E+00 -1.90509060E-02
 1.06771625E+00 -1.14355009E-03
 1.11158961E+00  1.09084179E-02
 1.16791618E+00  1.48739588E-02
 1.20774858E+00  1.28046751E-02
 1.21159820E+00  4.98895408E-03
 1.17223365E+00 -8.49627394E-03
 1.10366185E+00 -2.04076809E-02
 1.04073801E+00 -2.10214821E-02
 1.00560040E+00 -3.46150145E-03
 1.00489751E+00  3.43047083E-02
 1.03588880E+00  8.03719234E-02
 1.07927818E+00  1.12457841E-01
 1.12464202E+00  1.16080615E-01
 1.17201647E+00  8.70835748E-02
 1.21086582E+00  3.53714639E-02
 1.23125551E+00 -1.45209329E-02
 1.22311112E+00 -4.70145092E-02
 1.17585778E+00 -5.81439085E-02
 1.10315770E+00 -4.95655519E-02
 1.03524038E+00 -3.36509764E-02
 9.94008349E-01 -1.63168941E-02
 9.93784526E-01  4.93223538E-03
 1.03006398E+00  2.63085390E-02
 1.07766189E+00  4.44742635E-02
 1.12284218E+00  5.44011206E-02
 1.16146479E+00  4.75838275E-02
 1.18751439E+00  2.72816865E-02
 1.20319629E+00  4.61572042E-03
 1.20444102E+00 -1.28082912E-02
 1.18190035E+00 -1.83947727E-02
 1.14544020E+00 -1.21375000E-02
 1.11389753E+00 -2.09060298E-03
 1.10131353E+00  8.83129680E-03
 1.11807993E+00  2.06044629E-02
 1.15390003E+00  2.99141441E-02
 1.18078649E+00  3.50708873E-02
 1.18386804E+00  3.28526390E-02
 1.16069325E+00  1.90941875E-02
 1.11990013E+00 -1.31267654E-03
 1.08587907E+00 -1.82506655E-02
 1.07080952E+00 -2.50630959E-02
 1.07202012E+00 -1.80622985E-02
 1.08605330E+00 -1.34816569E-03
 1.10131142E+00  1.33469163E-02
 1.11178956E+00  1.99381966E-02
 1.12182445E+00  1.81331289E-02
 1.13016797E+00  1.07534902E-02
 1.13569869E+00  6.20804611E-03
 1.13790410E+00  8.25856960E-03
 1.13333024E+00  1.44211961E-02
 1.12736501E+00  2.24299661E-02
 1.13090677E+00  2.75247226E-02
 1.14918771E+00  2.69970853E-02
 1.18211156E+00  2.25805000E-02
 1.21759641E+00  1.46626794E-02
 1.23334041E+00  4.20161282E-03
 1.21638015E+00 -7.00669415E-03
 1.16632075E+00 -1.77888275E-02
 1.09752936E+00 -2.35377147E-02
 1.03940434E+00 -1.79700056E-02
 1.01162000E+00  1.86330319E-03
 1.01920845E+00  3.45602179E-02
 1.05629944E+00  7.03249390E-02
 1.10212199E+00  9.29607345E-02
 1.14307003E+00  9.15327806E-02
 1.17582551E+00  6.34967173E-02
 1.19412341E+00  1.83156883E-02
 1.19663117E+00 -2.32722998E-02
 1.17975875E+00 -4.71666557E-02
 1.13742112E+00 -4.89933608E-02
 1.08142752E+00 -3.25702622E-02
 1.03368094E+00 -1.24507747E-02
 1.01126815E+00  3.46726080E-03
 1.02625865E+00  1.57793473E-02
 1.07098209E+00  2.36795182E-02
 1.11970487E+00  3.01813421E-02
 1.15705493E+00  3.45106860E-02
 1.17710572E+00  3.04201788E-02
 1.18025099E+00  1.95952959E-02
 1.17925965E+00  7.26437809E-03
 1.17738350E+00 -2.61276332E-03
 1.16838731E+00 -4.91491960E-03
 1.15424137E+00 -1.24350580E-03
 1.13676703E+00  8.95156965E-04
 1.12006725E+00 -1.26268219E-03
 1.11332001E+00 -7.43801764E-03
 1.11442313E+00 -1.49759133E-02
 1.11423747E+00 -1.69841170E-02
 1.10920279E+00 -1.08801369E-02
 1.09804061E+00  8.32014095E-04
 1.08633938E+00  1.48276413E-02
 1.08714919E+00  2.51240960E-02
 1.10531884E+00  2.77602660E-02
 1.13707379E+00  2.32351796E-02
 1.17319630E+00  1.35215051E-02
 1.19709354E+00  2.91033394E-03
 1.19814563E+00 -5.12749466E-03
 1.17595816E+00 -9.76788731E-03
 1.13690089E+00 -1.06980042E-02
 1.09583009E+00 -8.95903484E-03
 1.06417103E+00 -4.98426970E-03
 1.04621258E+00  1.82438961E-03
 1.04393368E+00  9.83175439E-03
 1.05383284E+00  1.64502388E-02
 1.07453847E+00  1.92839186E-02
 1.10730481E+00  1.61401223E-02
 1.14570085E+00  8.28708214E-03
 1.18017914E+00 -2.05090207E-04
 1.20138812E+00 -6.58876392E-03
 1.20056070E+00 -9.08074343E-03
 1.18040098E+00 -7.30002475E-03
 1.15304937E+00 -3.13885788E-03
 1.12708426E+00  2.81299105E-03
 1.10916587E+00  1.07408565E-02
 1.10320553E+00  1.87707925E-02
 1.10679365E+00  2.46491949E-02
 1.12067243E+00  2.60159711E-02
 1.14576744E+00  2.05499772E-02
 1.17211619E+00  9.29661937E-03
 1.18568073E+00 -4.03872231E-03
 1.17562763E+00 -1.64271538E-02
 1.13673449E+00 -2.48755302E-02
 1.08211012E+00 -2.67230573E-02
 1.03902042E+00 -2.10074455E-02
 1.02511039E+00 -6.91531357E-03
 1.04651603E+00  1.46786655E-02
 1.09500120E+00  3.73847329E-02
 1.14556456E+00  5.18779514E-02
 1.18298890E+00  5.10038837E-02
 1.20352408E+00  3.16500181E-02
 1.20394643E+00 -4.70324552E-04
 1.18944786E+00 -3.20771368E-02
 1.16074956E+00 -5.37035743E-02
 1.11316437E+00 -6.07472012E-02
 1.05627610E+00 -5.34303403E-02
 1.00595665E+00 -3.88373486E-02
 9.76263686E-01 -2.03746340E-02
 9.80552759E-01  2.08964151E-03
 1.01591626E+00  2.47448332E-02
 1.06499516E+00  4.40141401E-02
 1.11628398E+00  5.48453511E-02
 1.16105295E+00  5.06239209E-02
 1.19204614E+00  3.28365488E-02
 1.20937354E+00  8.61021775E-03
 1.20788882E+00 -1.64035524E-02
 1.18063474E+00 -3.61926538E-02
 1.13509485E+00 -4.71950862E-02
 1.08562859E+00 -5.00613179E-02
 1.04602539E+00 -4.31389268E-02
 1.02970722E+00 -2.51836927E-02
 1.03685829E+00 -1.63022588E-03
 1.05564103E+00  1.94527602E-02
 1.08043887E+00  3.06644151E-02
 1.10810778E+00  2.66273948E-02
 1.13321701E+00  1.14397510E-02
 1.15413114E+00 -3.37629157E-03
 1.16483093E+00 -1.10859865E-02
 1.15743521E+00 -9.62135508E-03
 1.13768685E+00 -1.78420595E-03
 1.11847448E+00  3.07960190E-03
 1.10911533E+00  1.26718071E-03
 1.11622409E+00 -4.72718569E-03
 1.13488598E+00 -1.27673906E-02
 1.14946039E+00 -1.78204745E-02
 1.15292281E+00 -1.76151745E-02
 1.14590182E+00 -1.48206595E-02
 1.13251117E+00 -1.01126167E-02
 1.12411213E+00 -4.29373771E-03
 1.12502189E+00  1.65402879E-03
 1.13031255E+00  8.86490061E-03
 1.13522861E+00  1.68815349E-02
 1.13203931E+00  2.41359809E-02
 1.11719744E+00  2.99560963E-02
 1.09627081E+00  3.35162550E-02
 1.07827028E+00  3.51322603E-02
 1.07539476E+00  3.63733748E-02
 1.09534535E+00  3.77878545E-02
 1.13539744E+00  3.88899219E-02
 1.18243482E+00  3.78067243E-02
 1.21515542E+00  3.15812219E-02
 1.21937814E+00  1.95878479E-02
 1.19402374E+00  4.60366773E-03
 1.15247004E+00 -6.59442396E-03
 1.12093788E+00 -5.67646018E-03
 1.11407885E+00  7.71956004E-03
 1.12854253E+00  2.12309073E-02
 1.14504761E+00  5.20358643E-03
 1.12992664E+00 -6.57060055E-02
 1.06931357E+00 -1.54263338E-01
 9.79976065E-01 -1.90023523E-01
 9.06265651E-01 -1.59359113E-01
 9.02312503E-01 -8.47942040E-02
 9.52750488E-01  1.04990164E-03
 1.00021648E+00  4.31570709E-02
 1.05540119E+00  3.54085325E-02
 1.13813838E+00  1.91123891E-02
 1.19112909E+00  2.40865481E-03
 1.16659324E+00 -1.21105796E-02
 1.11634194E+00 -1.23769636E-02
 1.10960997E+00 -9.25487111E-03
 1.11301898E+00 -1.19105313E-02
 1.06952887E+00 -1.66724173E-02
 1.02447768E+00 -1.04983792E-02
 1.03684323E+00  2.26675641E-02
 1.07747224E+00  5.82818955E-02
 1.10768040E+00  5.52599250E-02
 1.14000884E+00  2.89374786E-02
 1.18078507E+00  1.42245010E-02
 1.20100380E+00  3.25366633E-03
 1.18060223E+00 -1.64768955E-02
 1.13701571E+00 -3.44919608E-02
 1.09911101E+00 -4.61427937E-02
 1.07884591E+00 -5.16140846E-02
 1.08038612E+00 -4.54253257E-02
 1.09799748E+00 -3.00403044E-02
 1.10983347E+00 -1.47971778E-02
 1.10631101E+00 -5.44561673E-03
 1.09218823E+00 -5.46330874E-03
 1.07249982E+00 -1.20954871E-02
 1.05962477E+00 -1.58491140E-02
 1.05978072E+00 -1.24817473E-02
 1.06817145E+00 -2.80070650E-03
 1.08408646E+00  1.02877789E-02
 1.10562150E+00  1.93128228E-02
 1.12993908E+00  2.05918183E-02
 1.15734003E+00  1.56680660E-02
 1.18098619E+00  5.57162026E-03
 1.18990791E+00 -6.63614692E-03
 1.17785096E+00 -1.86232452E-02
 1.14299530E+00 -3.05666766E-02
 1.09456029E+00 -4.01148921E-02
 1.05158474E+00 -4.42159446E-02
 1.02759142E+00 -4.11120022E-02
 1.02859369E+00 -2.98288416E-02
 1.05098982E+00 -1.40652906E-02
 1.07993997E+00 -1.04724962E-03
 1.10622315E+00  4.48760094E-03
 1.12726335E+00  1.02046508E-03
 1.14049641E+00 -7.43962992E-03
 1.14842006E+00 -1.17039069E-02
 1.15005677E+00 -6.55048132E-03
 1.14104957E+00  8.00022886E-03
 1.12731415E+00  2.73057202E-02
 1.11910029E+00  4.12326574E-02
 1.12388378E+00  4.37489022E-02
 1.14647528E+00  3.46015200E-02
 1.17784171E+00  1.56701690E-02
 1.19789403E+00 -6.82720212E-03
 1.19488850E+00 -2.85502120E-02
 1.16587299E+00 -4.84064645E-02
 1.11820793E+00 -6.27087375E-02
 1.07182087E+00 -6.81179156E-02
 1.03904246E+00 -6.19151815E-02
 1.02303462E+00 -4.19093621E-02
 1.02596874E+00 -1.32466433E-02
 1.04304336E+00  1.38450051E-02
 1.07212111E+00  3.15328189E-02
 1.11468151E+00  3.48386705E-02
 1.16159191E+00  2.57281470E-02
 1.19945728E+00  1.32560416E-02
 1.21707918E+00  2.71767427E-03
 1.20564977E+00 -4.15270647E-03
 1.17174165E+00 -6.43391009E-03
 1.13461960E+00 -6.86946727E-03
 1.10733715E+00 -5.14648936E-03
 1.09716264E+00  1.91449869E-03
 1.10364070E+00  1.24694129E-02
 1.11539874E+00  2.29672773E-02
 1.12824491E+00  3.00004737E-02
 1.14419433E+00  2.93598979E-02
 1.16009052E+00  2.20360346E-02
 1.17421618E+00  1.32696612E-02
 1.18218199E+00  5.67845693E-03
 1.17625685E+00  6.93910795E-04
 1.15969477E+00 -1.16371481E-03
 1.14240593E+00 -2.03682591E-03
 1.13083186E+00 -2.12820879E-03
 1.13035252E+00 -3.49805205E-04
 1.14004301E+00  1.27375013E-03
 1.15149055E+00  9.34180840E-05
 1.16102299E+00 -5.58841071E-03
 1.16772285E+00 -1.64527886E-02
 1.16787036E+00 -2.80368381E-02
 1.15981072E+00 -3.22870542E-02
 1.14164278E+00 -2.45560414E-02
 1.11221260E+00 -4.32365241E-03
 1.08084742E+00  2.30491093E-02
 1.06268332E+00  4.63984457E-02
 1.06746059E+00  5.83666989E-02
 1.09800255E+00  5.69108323E-02
 1.14316314E+00  4.40869171E-02
 1.17970022E+00  2.75936639E-02
 1.19324629E+00  1.22284496E-02
 1.18117127E+00 -1.25826350E-03
 1.15282854E+00 -1.12526674E-02
 1.13102896E+00 -1.80515149E-02
 1.12835912E+00 -2.05102076E-02
 1.14322114E+00 -1.55704989E-02
 1.16719662E+00 -5.42354440E-03
 1.18135970E+00  5.03254043E-03
 1.17592452E+00  1.19925350E-02
 1.15537286E+00  1.21678311E-02
 1.12706909E+00  7.60625456E-03
 1.10532498E+00  4.96869408E-03
 1.09907443E+00  7.31243764E-03
 1.10624597E+00  1.45097694E-02
 1.12440126E+00  2.36333694E-02
 1.14710438E+00  2.77947712E-02
 1.16864354E+00  2.36951472E-02
 1.18762552E+00  1.24542372E-02
 1.19765253E+00 -3.87596127E-03
 1.19122201E+00 -2.03247591E-02
 1.16429654E+00 -3.27528051E-02
 1.11678967E+00 -3.91211342E-02
 1.06250333E+00 -3.54337440E-02
 1.02513840E+00 -1.89071351E-02
 1.02109421E+00  8.79510793E-03
 1.05605613E+00  3.97810933E-02
 1.11727386E+00  5.31316706E-02
 1.17456664E+00  3.13310404E-02
 1.20739265E+00  4.30326138E-04
 1.20790485E+00  6.62251265E-05
 1.17819464E+00  5.98103447E-03
 1.13565106E+00 -2.44192065E-02
 1.09029391E+00 -6.03086773E-02
 1.04422051E+00 -5.54657156E-02
 1.00910299E+00 -2.56691033E-02
 9.95613798E-01  3.84583752E-03
 1.01348522E+00  3.90499561E-02
 1.06989516E+00  7.46393613E-02
 1.14530082E+00  7.72683372E-02
 1.20348870E+00  2.84604030E-02
 1.22223002E+00 -3.05946963E-02
 1.19691795E+00 -4.22378253E-02
 1.15643121E+00 -2.34542871E-02
 1.14494292E+00 -2.15348128E-02
 1.13915062E+00 -2.51821893E-02
 1.08949504E+00 -1.33309689E-02
 1.03753345E+00  7.69699950E-03
 1.04530943E+00  3.83800828E-02
 1.08402419E+00  6.54768685E-02
 1.10890828E+00  6.06346709E-02
 1.13430539E+00  3.42439141E-02
 1.17173902E+00  1.59203848E-02
 1.19154306E+00  6.00234639E-03
 1.17248578E+00 -1.37108101E-03
 1.13168467E+00 -2.43482072E-03
 1.09565619E+00 -2.27523029E-03
 1.07511791E+00 -4.95118030E-03
 1.07577794E+00 -6.68249947E-03
 1.09614450E+00 -7.34147757E-03
 1.12037956E+00 -7.66312431E-03
 1.14146624E+00 -8.74939540E-03
 1.16120934E+00 -1.40039305E-02
 1.17493359E+00 -2.15259669E-02
 1.18003346E+00 -2.59059840E-02
 1.17279564E+00 -2.46041238E-02
 1.14722978E+00 -1.64929532E-02
 1.11224430E+00 -4.16622566E-03
 1.08568707E+00  5.53175432E-03
 1.07892948E+00  8.84381632E-03
 1.09751089E+00  5.13731730E-03
 1.13224575E+00 -4.75993953E-03
 1.15980128E+00 -1.68259033E-02
 1.16657034E+00 -2.84204302E-02
 1.14966596E+00 -3.88854003E-02
 1.11400644E+00 -4.59146506E-02
 1.07672335E+00 -4.75258826E-02
 1.04772023E+00 -4.18172176E-02
 1.02780856E+00 -2.68802446E-02
 1.02103583E+00 -5.07995602E-03
 1.02767406E+00  1.80430470E-02
 1.04927037E+00  3.73577863E-02
 1.08973767E+00  4.77645539E-02
 1.13955446E+00  4.60176611E-02
 1.18153743E+00  3.23986898E-02
 1.20251384E+00  8.82721431E-03
 1.19303195E+00 -1.84048055E-02
 1.15783933E+00 -3.37644370E-02
 1.11539764E+00 -2.68910994E-02
 1.07806184E+00 -2.18656348E-02
 1.05327789E+00 -5.05656650E-02
 1.04671303E+00 -8.62056932E-02
 1.05520159E+00 -8.19295670E-02
 1.07580450E+00 -5.47882924E-02
 1.10165566E+00 -3.65760444E-02
 1.10380353E+00 -5.22170448E-03
 1.06488801E+00  6.23954478E-02
 1.04481298E+00  1.45488446E-01
 1.11233493E+00  2.06877106E-01
 1.18693137E+00  1.91561743E-01
 1.13798357E+00  5.78508083E-02
 1.00474095E+00 -1.03233533E-01
 8.95133216E-01 -1.45600682E-01
 8.41641530E-01 -1.00097178E-01
 8.63244228E-01 -7.99891643E-02
 9.06784430E-01 -8.76135875E-02
 8.60079335E-01 -1.07225276E-01
 7.94105577E-01 -1.25917597E-01
 8.53884604E-01 -8.65340391E-02
 9.58710714E-01 -2.05547894E-02
 9.77976640E-01 -9.01594231E-03
 9.76749909E-01  3.94380715E-04
 1.03981983E+00  8.62063431E-02
 1.12394521E+00  1.85435919E-01
 1.17617461E+00  2.06340050E-01
 1.16863523E+00  1.46958992E-01
 1.06268170E+00  3.28959164E-02
 9.01233406E-01 -8.37152074E-02
 7.96354703E-01 -1.17159901E-01
 7.93725675E-01 -8.13868075E-02
 8.83860517E-01 -5.85056833E-02
 1.00693088E+00 -4.26760942E-02
 1.05957036E+00 -8.61491552E-03
 1.06686827E+00  1.29916869E-02
 1.12644776E+00  1.01291502E-02
 1.18460026E+00 -4.00858652E-03
 1.15753780E+00 -2.78997154E-02
 1.09616196E+00 -6.52566603E-02
 1.05927967E+00 -1.10800948E-01
 1.02993798E+00 -1.30410594E-01
 9.97391186E-01 -9.23754844E-02
 9.83616405E-01 -4.09099039E-02
 9.93801784E-01 -4.16008267E-02
 1.00402093E+00 -5.68385459E-02
 1.00095448E+00 -2.05268194E-02
 1.02543478E+00  2.30653650E-02
 1.11946650E+00  1.17044155E-02
 1.21348395E+00 -1.65624958E-02
 1.20930502E+00 -1.31766367E-02
 1.15941546E+00 -1.00456251E-03
 1.16110869E+00 -4.33985821E-03
 1.17403676E+00 -1.67824170E-03
 1.13593645E+00  2.44762008E-02
 1.08790681E+00  6.16754136E-02
 1.07259703E+00  9.61244074E-02
 1.07761695E+00  1.22336983E-01
 1.09704449E+00  1.30000013E-01
 1.13528060E+00  1.07655211E-01
 1.17899976E+00  5.83083880E-02
 1.21076726E+00  1.25689898E-02
 1.22146353E+00  4.22250570E-03
 1.21340010E+00  1.16751876E-02
 1.19807686E+00 -9.41650507E-03
 1.17950505E+00 -4.02638174E-02
 1.15624322E+00 -4.34349775E-02
 1.12912224E+00 -3.26071290E-02
 1.09612446E+00 -2.52854671E-02
 1.06115989E+00 -1.22143777E-02
 1.03531096E+00  9.67854668E-03
 1.02458636E+00  3.67411691E-02
 1.03276073E+00  7.14163234E-02
 1.06207706E+00  1.11361760E-01
 1.10777956E+00  1.43186576E-01
 1.16070215E+00  1.39952536E-01
 1.20888983E+00  8.16884933E-02
 1.23929212E+00  7.91536259E-03
 1.24243785E+00 -2.15322613E-02
 1.21696740E+00 -3.28755853E-02
 1.16933792E+00 -7.89315681E-02
 1.10761003E+00 -1.17389012E-01
 1.04336479E+00 -9.09598843E-02
 9.95659317E-01 -3.25485277E-02
 9.83715384E-01  9.39705161E-03
 1.01934144E+00  3.58585403E-02
 1.09747309E+00  4.90535785E-02
 1.17660009E+00  4.24305014E-02
 1.20526591E+00  2.82236540E-02
 1.19471392E+00  1.66573115E-02
 1.18999353E+00  6.72325024E-03
 1.18802410E+00 -1.34876766E-03
 1.17392865E+00 -1.00338199E-02
 1.15615981E+00 -1.70484078E-02
 1.13464913E+00 -1.46465780E-02
 1.11936351E+00 -4.56366457E-03
 1.13119354E+00  7.05906495E-03
 1.15115661E+00  1.58721721E-02
 1.14677897E+00  1.63366461E-02
 1.13233929E+00  9.49626907E-03
