# x =
 1.05504455E+01
# y =
 3.25097170E+00
 VARIABLES = u,v
 1.17256167E+00  3.31144178E-03
 1.17251915E+00  3.27891266E-03
 1.17244091E+00  3.27140376E-03
 1.17232944E+00  3.29098490E-03
 1.17218609E+00  3.33808976E-03
 1.17201577E+00  3.41310559E-03
 1.17182643E+00  3.51601375E-03
 1.17162532E+00  3.64404407E-03
 1.17142066E+00  3.79271684E-03
 1.17122101E+00  3.95697659E-03
 1.17103493E+00  4.13130069E-03
 1.17087517E+00  4.31177465E-03
 1.17075657E+00  4.49601680E-03
 1.17069081E+00  4.68058799E-03
 1.17068608E+00  4.86172613E-03
 1.17074480E+00  5.03619288E-03
 1.17086318E+00  5.20049979E-03
 1.17103760E+00  5.35226297E-03
 1.17126476E+00  5.48987170E-03
 1.17154017E+00  5.61014305E-03
 1.17185990E+00  5.70934613E-03
 1.17221657E+00  5.78489191E-03
 1.17259961E+00  5.83505296E-03
 1.17300019E+00  5.86003276E-03
 1.17340931E+00  5.86202440E-03
 1.17381704E+00  5.84274484E-03
 1.17421297E+00  5.80369155E-03
 1.17458221E+00  5.74702729E-03
 1.17490708E+00  5.67455727E-03
 1.17517347E+00  5.58824013E-03
 1.17537103E+00  5.48987763E-03
 1.17549461E+00  5.37908123E-03
 1.17554515E+00  5.25400803E-03
 1.17552341E+00  5.11308828E-03
 1.17542983E+00  4.95511928E-03
 1.17526691E+00  4.78057069E-03
 1.17503736E+00  4.59174731E-03
 1.17474728E+00  4.39028242E-03
 1.17440618E+00  4.17767110E-03
 1.17402204E+00  3.95652185E-03
 1.17360302E+00  3.72961937E-03
 1.17315885E+00  3.50065050E-03
 1.17270024E+00  3.27387869E-03
 1.17224219E+00  3.05167407E-03
 1.17180259E+00  2.83530778E-03
 1.17139602E+00  2.62692404E-03
 1.17103329E+00  2.42911320E-03
 1.17072039E+00  2.24558458E-03
 1.17045757E+00  2.08133700E-03
 1.17024530E+00  1.94019318E-03
 1.17008468E+00  1.82503084E-03
 1.16997523E+00  1.73899051E-03
 1.16991673E+00  1.68441586E-03
 1.16990584E+00  1.66308168E-03
 1.16993624E+00  1.67605471E-03
 1.17000338E+00  1.72180311E-03
 1.17010269E+00  1.79680651E-03
 1.17022840E+00  1.89730726E-03
 1.17037388E+00  2.01930148E-03
 1.17052801E+00  2.15948599E-03
 1.17067669E+00  2.31561621E-03
 1.17080912E+00  2.48458709E-03
 1.17091816E+00  2.66300735E-03
 1.17100145E+00  2.84857837E-03
 1.17106219E+00  3.03927273E-03
 1.17110280E+00  3.23350827E-03
 1.17112449E+00  3.42987868E-03
 1.17112945E+00  3.62505254E-03
 1.17111882E+00  3.81436764E-03
 1.17109587E+00  3.99395108E-03
 1.17106567E+00  4.16030275E-03
 1.17102996E+00  4.31048708E-03
 1.17098907E+00  4.44260642E-03
 1.17094396E+00  4.55399910E-03
 1.17089605E+00  4.64163848E-03
 1.17085141E+00  4.70385048E-03
 1.17081956E+00  4.73941442E-03
 1.17080662E+00  4.74709627E-03
 1.17081545E+00  4.72577033E-03
 1.17084551E+00  4.67302134E-03
 1.17089168E+00  4.58555357E-03
 1.17095028E+00  4.46128278E-03
 1.17101929E+00  4.29929638E-03
 1.17109486E+00  4.10006156E-03
 1.17117373E+00  3.86609267E-03
 1.17125204E+00  3.60068297E-03
 1.17132544E+00  3.30835344E-03
 1.17139401E+00  2.99645698E-03
 1.17146079E+00  2.67425794E-03
 1.17152806E+00  2.35201592E-03
 1.17159754E+00  2.04052886E-03
 1.17166749E+00  1.74905466E-03
 1.17173285E+00  1.48522759E-03
 1.17179134E+00  1.25707086E-03
 1.17184294E+00  1.07202936E-03
 1.17188825E+00  9.35893493E-04
 1.17193009E+00  8.53408513E-04
 1.17196992E+00  8.27252666E-04
 1.17200783E+00  8.58402488E-04
 1.17204666E+00  9.48463299E-04
 1.17209006E+00  1.09850258E-03
 1.17214101E+00  1.30650671E-03
 1.17220216E+00  1.56750471E-03
 1.17227273E+00  1.87264415E-03
 1.17234897E+00  2.20918126E-03
 1.17242827E+00  2.56399758E-03
 1.17250874E+00  2.92380719E-03
 1.17258943E+00  3.27433231E-03
 1.17267117E+00  3.60213236E-03
 1.17275317E+00  3.89438312E-03
 1.17283333E+00  4.14000053E-03
 1.17291066E+00  4.33335489E-03
 1.17298397E+00  4.47322287E-03
 1.17305222E+00  4.55961687E-03
 1.17311468E+00  4.59340092E-03
 1.17316815E+00  4.57373259E-03
 1.17320769E+00  4.49819995E-03
 1.17322896E+00  4.36869605E-03
 1.17322766E+00  4.19071817E-03
 1.17320020E+00  3.97116277E-03
 1.17314413E+00  3.71991618E-03
 1.17305594E+00  3.44668676E-03
 1.17293154E+00  3.16099157E-03
 1.17276775E+00  2.87661648E-03
 1.17256162E+00  2.60885683E-03
 1.17231093E+00  2.37060288E-03
 1.17201458E+00  2.17182777E-03
 1.17167136E+00  2.01557517E-03
 1.17128046E+00  1.89831172E-03
 1.17084243E+00  1.81697663E-03
 1.17035895E+00  1.76913543E-03
 1.16983317E+00  1.75299943E-03
 1.16927004E+00  1.76901930E-03
 1.16867589E+00  1.81400357E-03
 1.16805862E+00  1.88183529E-03
 1.16742841E+00  1.96872808E-03
 1.16679711E+00  2.07074724E-03
 1.16617755E+00  2.18391153E-03
 1.16558313E+00  2.30429792E-03
 1.16502673E+00  2.42230349E-03
 1.16452024E+00  2.52480839E-03
 1.16407499E+00  2.60228107E-03
 1.16370073E+00  2.64855448E-03
 1.16340435E+00  2.66268983E-03
 1.16319020E+00  2.64983691E-03
 1.16306055E+00  2.61355319E-03
 1.16301593E+00  2.55582230E-03
 1.16305662E+00  2.48006038E-03
 1.16318204E+00  2.38850958E-03
 1.16338769E+00  2.28524996E-03
 1.16366530E+00  2.17596835E-03
 1.16400306E+00  2.06200366E-03
 1.16438532E+00  1.94246325E-03
 1.16479552E+00  1.81724044E-03
 1.16521657E+00  1.68668810E-03
 1.16562959E+00  1.55574207E-03
 1.16601591E+00  1.43319012E-03
 1.16635827E+00  1.32445467E-03
 1.16664210E+00  1.23210578E-03
 1.16685931E+00  1.15661317E-03
 1.16700750E+00  1.09475623E-03
 1.16708583E+00  1.04488936E-03
 1.16709454E+00  1.00696884E-03
 1.16703298E+00  9.78344328E-04
 1.16689953E+00  9.56106129E-04
 1.16669805E+00  9.37223517E-04
 1.16643733E+00  9.18286279E-04
 1.16612808E+00  8.99827112E-04
 1.16578471E+00  8.85258528E-04
 1.16542208E+00  8.76782983E-04
 1.16505516E+00  8.75788319E-04
 1.16470380E+00  8.81342228E-04
 1.16438948E+00  8.89781239E-04
 1.16413038E+00  8.99623098E-04
 1.16394034E+00  9.11197294E-04
 1.16382415E+00  9.24564930E-04
 1.16377783E+00  9.40993408E-04
 1.16379714E+00  9.60832955E-04
 1.16387803E+00  9.83352658E-04
 1.16401689E+00  1.01011402E-03
 1.16421225E+00  1.04358745E-03
 1.16445701E+00  1.08542272E-03
 1.16473924E+00  1.13686078E-03
 1.16504851E+00  1.19671699E-03
 1.16537298E+00  1.26153959E-03
 1.16570039E+00  1.32885119E-03
 1.16601841E+00  1.39689265E-03
 1.16630753E+00  1.46436215E-03
 1.16654430E+00  1.53121096E-03
 1.16671037E+00  1.59641630E-03
 1.16679272E+00  1.65812018E-03
 1.16678730E+00  1.71561781E-03
 1.16669978E+00  1.76844246E-03
 1.16653487E+00  1.81639390E-03
 1.16629616E+00  1.85973466E-03
 1.16598894E+00  1.89733843E-03
 1.16561709E+00  1.92719496E-03
 1.16518915E+00  1.94825966E-03
 1.16471790E+00  1.96014004E-03
 1.16421210E+00  1.96346282E-03
 1.16367963E+00  1.96014657E-03
 1.16312975E+00  1.95157196E-03
 1.16257245E+00  1.93866182E-03
 1.16202515E+00  1.92276376E-03
 1.16151044E+00  1.90495385E-03
 1.16104557E+00  1.88644093E-03
 1.16064250E+00  1.86855101E-03
 1.16030676E+00  1.85140055E-03
 1.16003565E+00  1.83429854E-03
 1.15982791E+00  1.81661051E-03
 1.15968389E+00  1.79764104E-03
 1.15960080E+00  1.77732307E-03
 1.15957604E+00  1.75622726E-03
 1.15960385E+00  1.73417735E-03
 1.15967530E+00  1.71043699E-03
 1.15978592E+00  1.68415672E-03
 1.15993320E+00  1.65399837E-03
 1.16011262E+00  1.61886965E-03
 1.16031830E+00  1.57793909E-03
 1.16053839E+00  1.52971223E-03
 1.16075612E+00  1.47251736E-03
 1.16095922E+00  1.40503814E-03
 1.16113983E+00  1.32628779E-03
 1.16129404E+00  1.23631789E-03
 1.16142379E+00  1.13615239E-03
 1.16152947E+00  1.02672512E-03
 1.16160952E+00  9.08935693E-04
 1.16166501E+00  7.83664782E-04
 1.16169680E+00  6.51535934E-04
 1.16170702E+00  5.13764792E-04
 1.16169928E+00  3.72077979E-04
 1.16167251E+00  2.27995675E-04
 1.16162282E+00  8.31659722E-05
 1.16154788E+00 -6.06954522E-05
 1.16144648E+00 -2.01865909E-04
 1.16132212E+00 -3.37896052E-04
 1.16118258E+00 -4.65893329E-04
 1.16103232E+00 -5.83371830E-04
 1.16087278E+00 -6.88227830E-04
 1.16070379E+00 -7.79016173E-04
 1.16052197E+00 -8.55061421E-04
 1.16032603E+00 -9.15549849E-04
 1.16011723E+00 -9.59551199E-04
 1.15989505E+00 -9.86358419E-04
 1.15965973E+00 -9.95218407E-04
 1.15941275E+00 -9.85784363E-04
 1.15915669E+00 -9.58121527E-04
 1.15890008E+00 -9.12046467E-04
 1.15865591E+00 -8.47360803E-04
 1.15843664E+00 -7.64050172E-04
 1.15825395E+00 -6.62191374E-04
 1.15811641E+00 -5.42392351E-04
 1.15802869E+00 -4.05633838E-04
 1.15799740E+00 -2.52498511E-04
 1.15803005E+00 -8.31472136E-05
 1.15813181E+00  1.02787047E-04
 1.15830722E+00  3.06121398E-04
 1.15855773E+00  5.27001749E-04
 1.15888159E+00  7.64551790E-04
 1.15927867E+00  1.01674672E-03
 1.15974812E+00  1.27989614E-03
 1.16028421E+00  1.54903870E-03
 1.16087660E+00  1.81750186E-03
 1.16150768E+00  2.07571818E-03
 1.16215300E+00  2.31225184E-03
 1.16278844E+00  2.51573320E-03
 1.16339097E+00  2.67607633E-03
 1.16393870E+00  2.78703376E-03
 1.16441388E+00  2.84693444E-03
 1.16480021E+00  2.85655800E-03
 1.16508497E+00  2.82085228E-03
 1.16526581E+00  2.75140264E-03
 1.16534787E+00  2.66402057E-03
 1.16533908E+00  2.57598020E-03
 1.16524847E+00  2.50297032E-03
 1.16507884E+00  2.45214994E-03
 1.16482706E+00  2.42145100E-03
 1.16449461E+00  2.40518478E-03
 1.16408497E+00  2.39028080E-03
 1.16359946E+00  2.35190227E-03
 1.16304184E+00  2.25873390E-03
 1.16241559E+00  2.07742294E-03
 1.16172743E+00  1.77954528E-03
 1.16100038E+00  1.35737238E-03
 1.16027074E+00  8.24682829E-04
 1.15957853E+00  2.04799532E-04
 1.15897069E+00 -4.61521660E-04
 1.15849961E+00 -1.10804927E-03
 1.15821739E+00 -1.65468748E-03
 1.15817792E+00 -2.01696348E-03
 1.15842793E+00 -2.12209853E-03
 1.15898916E+00 -1.94378507E-03
 1.15985494E+00 -1.50484031E-03
 1.16098883E+00 -8.53217638E-04
 1.16231092E+00 -8.03423429E-05
 1.16368683E+00  6.60313824E-04
 1.16495137E+00  1.18491681E-03
 1.16595906E+00  1.31558001E-03
 1.16662428E+00  9.26219002E-04
 1.16698240E+00  3.24051425E-05
 1.16716145E+00 -1.19247495E-03
 1.16723104E+00 -2.47338729E-03
 1.16716833E+00 -3.37840219E-03
 1.16682187E+00 -3.25493460E-03
 1.16597092E+00 -1.46710409E-03
 1.16466319E+00  2.17992592E-03
 1.16332662E+00  7.08197717E-03
 1.16282851E+00  1.12812066E-02
 1.16421671E+00  1.20315183E-02
 1.16774083E+00  7.72523326E-03
 1.17235264E+00 -1.29517172E-03
 1.17522441E+00 -1.16870362E-02
 1.17256807E+00 -1.78128663E-02
 1.16274982E+00 -1.61161464E-02
 1.14772956E+00 -6.36891463E-03
 1.13457035E+00  7.47324821E-03
 1.13328281E+00  1.76299478E-02
 1.14778411E+00  1.92569810E-02
 1.17213043E+00  1.19524641E-02
 1.18687016E+00 -7.28124709E-04
 1.17231282E+00 -1.08384377E-02
 1.14887826E+00 -1.37042074E-02
 1.15238664E+00 -9.52604010E-03
 1.16289195E+00 -8.75519148E-04
 1.14529173E+00  6.08831997E-03
 1.12541993E+00  8.00832990E-03
 1.13800924E+00  5.98424462E-03
 1.16313635E+00  1.61146534E-03
 1.17308867E+00 -1.54897657E-03
 1.17332889E+00 -1.64774196E-03
 1.17088079E+00 -1.96911220E-04
 1.16265405E+00  1.86627521E-03
 1.15408346E+00  3.09399617E-03
 1.15124071E+00  2.62732770E-03
 1.15283684E+00  1.63818165E-03
 1.15668527E+00  6.53817628E-04
 1.15933902E+00  1.56885634E-06
 1.15915589E+00  8.27297077E-05
 1.15803351E+00  3.81693773E-04
 1.15709921E+00  6.86535551E-04
 1.15784001E+00  1.08431603E-03
 1.16104123E+00  1.43532225E-03
 1.16511902E+00  1.84374830E-03
 1.16897011E+00  2.29823399E-03
 1.17161140E+00  2.55976616E-03
 1.17196397E+00  2.51421101E-03
 1.17008719E+00  2.04963055E-03
 1.16616583E+00  1.13908226E-03
 1.16054200E+00 -5.10731711E-05
 1.15407491E+00 -1.31727083E-03
 1.14780087E+00 -2.35539993E-03
 1.14350998E+00 -2.68213554E-03
 1.14333006E+00 -1.83784250E-03
 1.14848808E+00  3.43769315E-04
 1.15864382E+00  3.49134789E-03
 1.17046939E+00  6.28917768E-03
 1.17849894E+00  6.86479793E-03
 1.17894362E+00  4.09872690E-03
 1.17087330E+00 -1.84131248E-03
 1.15779871E+00 -8.79750578E-03
 1.14716910E+00 -1.30692051E-02
 1.14371693E+00 -1.23184392E-02
 1.14829954E+00 -6.36615274E-03
 1.15815887E+00  2.30263777E-03
 1.16634306E+00  8.72974662E-03
 1.16902805E+00  9.84933351E-03
 1.16665651E+00  5.43775559E-03
 1.16102577E+00 -2.30084346E-03
 1.15675893E+00 -8.41151329E-03
 1.15613597E+00 -1.00022293E-02
 1.15773156E+00 -7.26146801E-03
 1.16058037E+00 -1.77799806E-03
 1.16270297E+00  2.66836307E-03
 1.16304569E+00  4.02076147E-03
 1.16292515E+00  3.00200831E-03
 1.16261606E+00  5.98636496E-04
 1.16218918E+00 -1.02785682E-03
 1.16191149E+00 -7.42628764E-04
 1.16119821E+00  5.20391950E-04
 1.16047714E+00  2.18468855E-03
 1.16089660E+00  3.37618860E-03
 1.16279485E+00  3.55787469E-03
 1.16600453E+00  3.41871647E-03
 1.16903601E+00  3.24639359E-03
 1.16933924E+00  3.19182408E-03
 1.16585009E+00  3.45682861E-03
 1.15957203E+00  3.69785694E-03
 1.15423970E+00  3.77215645E-03
 1.15525425E+00  3.74277421E-03
 1.16410806E+00  3.54883083E-03
 1.17613441E+00  3.29729978E-03
 1.17860865E+00  3.05883307E-03
 1.16088121E+00  2.78435634E-03
 1.14304668E+00  2.49782211E-03
 1.15460033E+00  2.20233871E-03
 1.17557787E+00  1.88954105E-03
 1.17000707E+00  1.59635625E-03
 1.15450120E+00  1.33781116E-03
 1.15716978E+00  1.11945034E-03
 1.16510048E+00  9.53019674E-04
 1.16310245E+00  8.35274193E-04
 1.16003558E+00  7.63963332E-04
 1.16146943E+00  7.41215981E-04
 1.16260527E+00  7.66447397E-04
 1.16231838E+00  8.41341938E-04
 1.16250430E+00  9.64436477E-04
 1.16308509E+00  1.12973692E-03
 1.16353977E+00  1.33181221E-03
 1.16398570E+00  1.56367441E-03
 1.16449048E+00  1.81785297E-03
 1.16499875E+00  2.08692129E-03
 1.16548880E+00  2.35865559E-03
 1.16594755E+00  2.61835769E-03
 1.16635699E+00  2.85426388E-03
 1.16670275E+00  3.05780528E-03
 1.16697973E+00  3.22656687E-03
 1.16719082E+00  3.36446798E-03
 1.16733837E+00  3.47445488E-03
 1.16742438E+00  3.55828743E-03
 1.16745008E+00  3.61769132E-03
 1.16741422E+00  3.65235256E-03
 1.16732073E+00  3.66468253E-03
 1.16717795E+00  3.65926468E-03
 1.16699252E+00  3.63725390E-03
 1.16677238E+00  3.59878041E-03
 1.16652578E+00  3.54418818E-03
 1.16626094E+00  3.47396206E-03
 1.16599268E+00  3.39407841E-03
 1.16573964E+00  3.31442250E-03
 1.16551643E+00  3.24141062E-03
 1.16533368E+00  3.17844149E-03
 1.16519506E+00  3.12519148E-03
 1.16509656E+00  3.07643912E-03
 1.16503565E+00  3.02901640E-03
 1.16501137E+00  2.98180505E-03
 1.16502166E+00  2.93201020E-03
 1.16506614E+00  2.87787642E-03
 1.16514123E+00  2.81724257E-03
 1.16524053E+00  2.74763759E-03
 1.16536174E+00  2.67183333E-03
 1.16550401E+00  2.59604205E-03
 1.16566554E+00  2.52579091E-03
 1.16584408E+00  2.46610573E-03
 1.16603125E+00  2.41825793E-03
 1.16621414E+00  2.37970521E-03
 1.16638391E+00  2.35064276E-03
 1.16653540E+00  2.33318728E-03
 1.16666750E+00  2.32929208E-03
 1.16678468E+00  2.34252680E-03
 1.16688932E+00  2.37446866E-03
 1.16698161E+00  2.42474353E-03
 1.16706379E+00  2.49567419E-03
 1.16713718E+00  2.59009063E-03
 1.16720381E+00  2.70908135E-03
 1.16726643E+00  2.85241870E-03
 1.16732237E+00  3.01538472E-03
 1.16736548E+00  3.18922815E-03
 1.16739061E+00  3.36614992E-03
 1.16739337E+00  3.53907569E-03
 1.16737376E+00  3.70162946E-03
 1.16733606E+00  3.84955727E-03
 1.16728151E+00  3.97751594E-03
 1.16720900E+00  4.07974183E-03
 1.16711708E+00  4.15359384E-03
 1.16700217E+00  4.19803246E-03
 1.16686296E+00  4.21306329E-03
 1.16670061E+00  4.19978752E-03
 1.16651383E+00  4.15702833E-03
 1.16630142E+00  4.08218762E-03
 1.16606407E+00  3.97543189E-03
 1.16580408E+00  3.83907426E-03
 1.16552933E+00  3.67760774E-03
 1.16525238E+00  3.49845636E-03
 1.16498504E+00  3.30835459E-03
 1.16473836E+00  3.11344003E-03
 1.16452173E+00  2.92166712E-03
 1.16434155E+00  2.74093788E-03
 1.16420554E+00  2.57856243E-03
 1.16412180E+00  2.44094332E-03
 1.16409487E+00  2.33033740E-03
 1.16412753E+00  2.24557759E-03
 1.16422047E+00  2.18547276E-03
 1.16437231E+00  2.14873021E-03
 1.16458392E+00  2.13511451E-03
 1.16485695E+00  2.14586977E-03
 1.16518892E+00  2.17964023E-03
 1.16557379E+00  2.23297170E-03
 1.16600113E+00  2.30257736E-03
 1.16645565E+00  2.38400820E-03
 1.16692235E+00  2.47302876E-03
 1.16738677E+00  2.56570560E-03
 1.16783269E+00  2.65518699E-03
 1.16824476E+00  2.73327287E-03
 1.16860826E+00  2.79349360E-03
 1.16891003E+00  2.83113706E-03
 1.16914335E+00  2.84522075E-03
 1.16930673E+00  2.83858508E-03
 1.16939972E+00  2.81356385E-03
 1.16942290E+00  2.77201907E-03
 1.16937508E+00  2.71608657E-03
 1.16925337E+00  2.64701368E-03
 1.16905998E+00  2.56797010E-03
 1.16880145E+00  2.48379520E-03
 1.16848604E+00  2.39781427E-03
 1.16812557E+00  2.31313664E-03
 1.16773188E+00  2.23314118E-03
 1.16731672E+00  2.16122980E-03
 1.16689653E+00  2.10359547E-03
 1.16648953E+00  2.06822873E-03
 1.16611154E+00  2.06094520E-03
 1.16577548E+00  2.08544392E-03
 1.16548693E+00  2.14260158E-03
 1.16524451E+00  2.22985619E-03
 1.16504748E+00  2.34503018E-03
 1.16489581E+00  2.48635167E-03
 1.16479044E+00  2.65072776E-03
 1.16473485E+00  2.83501219E-03
 1.16472853E+00  3.03449889E-03
 1.16476770E+00  3.24291733E-03
 1.16485085E+00  3.45538594E-03
 1.16497597E+00  3.66748207E-03
 1.16514096E+00  3.87399209E-03
 1.16534367E+00  4.06930021E-03
 1.16557555E+00  4.24562655E-03
 1.16582409E+00  4.39361678E-03
 1.16608019E+00  4.50593394E-03
 1.16633795E+00  4.57737552E-03
 1.16659678E+00  4.60504574E-03
 1.16686215E+00  4.58905459E-03
 1.16713710E+00  4.52959656E-03
 1.16742219E+00  4.42681908E-03
 1.16771838E+00  4.28239326E-03
 1.16802417E+00  4.09857440E-03
 1.16833895E+00  3.87938850E-03
 1.16866259E+00  3.63074646E-03
 1.16898881E+00  3.35812382E-03
 1.16930771E+00  3.06722495E-03
 1.16960948E+00  2.76482080E-03
 1.16988441E+00  2.45832572E-03
 1.17012816E+00  2.15706807E-03
 1.17034116E+00  1.87163112E-03
 1.17052048E+00  1.61088140E-03
 1.17066100E+00  1.38159135E-03
 1.17075698E+00  1.18786823E-03
 1.17080019E+00  1.03071921E-03
 1.17078561E+00  9.10879903E-04
 1.17071125E+00  8.29093838E-04
 1.17057271E+00  7.85295172E-04
 1.17036621E+00  7.79317197E-04
 1.17009066E+00  8.08924776E-04
 1.16974740E+00  8.69843933E-04
 1.16934505E+00  9.58019315E-04
 1.16889842E+00  1.06878144E-03
 1.16842192E+00  1.19669125E-03
 1.16792957E+00  1.33581931E-03
 1.16743395E+00  1.47782437E-03
 1.16694433E+00  1.61298561E-03
 1.16647175E+00  1.73341823E-03
 1.16602755E+00  1.83344723E-03
 1.16561846E+00  1.91076418E-03
 1.16524880E+00  1.96669410E-03
 1.16492090E+00  2.00244892E-03
 1.16463528E+00  2.01882936E-03
 1.16439627E+00  2.01692536E-03
 1.16421037E+00  1.99713070E-03
 1.16407955E+00  1.96173260E-03
 1.16400216E+00  1.91468191E-03
 1.16397265E+00  1.85861167E-03
 1.16398042E+00  1.79605717E-03
 1.16401591E+00  1.72989994E-03
 1.16407039E+00  1.66324521E-03
 1.16413190E+00  1.60225717E-03
 1.16418853E+00  1.55505952E-03
 1.16422932E+00  1.52755540E-03
 1.16424502E+00  1.52338034E-03
 1.16423361E+00  1.54303191E-03
 1.16419899E+00  1.58333900E-03
 1.16414477E+00  1.64181234E-03
 1.16407417E+00  1.71678283E-03
 1.16398786E+00  1.80574529E-03
 1.16388303E+00  1.90681876E-03
 1.16376070E+00  2.01692274E-03
 1.16362460E+00  2.13194047E-03
 1.16347685E+00  2.25020180E-03
 1.16332057E+00  2.37123934E-03
 1.16315795E+00  2.49412309E-03
 1.16299047E+00  2.61760983E-03
 1.16282532E+00  2.73758582E-03
 1.16267281E+00  2.84762510E-03
 1.16254021E+00  2.94344011E-03
 1.16243221E+00  3.02264883E-03
 1.16234809E+00  3.08451276E-03
 1.16228132E+00  3.13086078E-03
 1.16222745E+00  3.16264062E-03
 1.16218388E+00  3.17989132E-03
 1.16214744E+00  3.18424442E-03
 1.16211699E+00  3.17745789E-03
 1.16209006E+00  3.16161665E-03
 1.16206327E+00  3.13924557E-03
 1.16203824E+00  3.11047416E-03
 1.16201936E+00  3.07378779E-03
 1.16201078E+00  3.02846155E-03
 1.16201656E+00  2.97431443E-03
 1.16203615E+00  2.91287914E-03
 1.16206498E+00  2.84752438E-03
 1.16210141E+00  2.78014405E-03
 1.16214584E+00  2.71136408E-03
 1.16219950E+00  2.64166699E-03
 1.16226614E+00  2.57046324E-03
 1.16234729E+00  2.49776517E-03
 1.16244245E+00  2.42428500E-03
 1.16255384E+00  2.34927448E-03
 1.16268391E+00  2.27146901E-03
 1.16283394E+00  2.18990267E-03
 1.16300445E+00  2.10366450E-03
 1.16319126E+00  2.01341231E-03
 1.16338635E+00  1.92116946E-03
 1.16358271E+00  1.82830672E-03
 1.16377404E+00  1.73573817E-03
 1.16395532E+00  1.64386369E-03
 1.16412396E+00  1.55218444E-03
 1.16427599E+00  1.46102050E-03
 1.16440671E+00  1.37145324E-03
 1.16451403E+00  1.28421207E-03
 1.16459682E+00  1.20027028E-03
 1.16465509E+00  1.12043842E-03
 1.16469000E+00  1.04521212E-03
 1.16470027E+00  9.75991890E-04
 1.16468323E+00  9.14666613E-04
 1.16463854E+00  8.62730799E-04
 1.16456762E+00  8.21455399E-04
 1.16447409E+00  7.91355126E-04
 1.16436438E+00  7.72129205E-04
 1.16424404E+00  7.63810707E-04
 1.16411798E+00  7.66682389E-04
 1.16399248E+00  7.80990383E-04
 1.16387352E+00  8.07243021E-04
 1.16376675E+00  8.45538731E-04
 1.16367730E+00  8.95541525E-04
 1.16360664E+00  9.57171798E-04
 1.16355345E+00  1.03029826E-03
 1.16351625E+00  1.11463653E-03
 1.16349338E+00  1.20982710E-03
 1.16348409E+00  1.31486034E-03
 1.16348892E+00  1.42818672E-03
 1.16350602E+00  1.54830771E-03
 1.16353163E+00  1.67365983E-03
 1.16356182E+00  1.80267204E-03
 1.16359142E+00  1.93389912E-03
 1.16361545E+00  2.06555294E-03
 1.16362927E+00  2.19557686E-03
 1.16362592E+00  2.32201716E-03
 1.16359754E+00  2.44287816E-03
 1.16353768E+00  2.55622602E-03
 1.16344142E+00  2.66029830E-03
 1.16330724E+00  2.75326039E-03
 1.16313703E+00  2.83330549E-03
 1.16293249E+00  2.89885947E-03
 1.16269524E+00  2.94852535E-03
 1.16242713E+00  2.98115416E-03
 1.16212947E+00  2.99592929E-03
 1.16180565E+00  2.99230103E-03
 1.16146095E+00  2.97005481E-03
 1.16110001E+00  2.92942747E-03
 1.16072788E+00  2.87103711E-03
 1.16035001E+00  2.79577508E-03
 1.15997199E+00  2.70475655E-03
 1.15960191E+00  2.59918050E-03
 1.15924930E+00  2.48025241E-03
 1.15892192E+00  2.34923999E-03
 1.15862569E+00  2.20731780E-03
 1.15836363E+00  2.05534162E-03
 1.15813546E+00  1.89400318E-03
 1.15794120E+00  1.72414287E-03
 1.15778119E+00  1.54694691E-03
 1.15765510E+00  1.36437271E-03
 1.15756291E+00  1.17918914E-03
 1.15750292E+00  9.94428553E-04
 1.15747181E+00  8.13594952E-04
 1.15746736E+00  6.41011574E-04
 1.15748740E+00  4.81321475E-04
 1.15752896E+00  3.39071002E-04
 1.15758849E+00  2.18123671E-04
 1.15765954E+00  1.20332109E-04
 1.15773350E+00  4.53836604E-05
 1.15780307E+00 -8.37317077E-06
 1.15786218E+00 -4.46500736E-05
 1.15790637E+00 -6.99341797E-05
 1.15793367E+00 -9.22308950E-05
 1.15794197E+00 -1.19473851E-04
 1.15792947E+00 -1.57673764E-04
 1.15789691E+00 -2.07411692E-04
 1.15784689E+00 -2.63024084E-04
 1.15778497E+00 -3.14624901E-04
 1.15772029E+00 -3.45758762E-04
 1.15766412E+00 -3.30574802E-04
 1.15762915E+00 -2.37843236E-04
 1.15762777E+00 -3.70333969E-05
 1.15766952E+00  2.95821461E-04
 1.15775898E+00  7.67072371E-04
 1.15789376E+00  1.36277553E-03
 1.15806370E+00  2.05622020E-03
 1.15824783E+00  2.80060301E-03
 1.15840999E+00  3.51954458E-03
 1.15850377E+00  4.11862814E-03
 1.15848430E+00  4.50106612E-03
 1.15831619E+00  4.58379836E-03
 1.15798679E+00  4.33009766E-03
 1.15750942E+00  3.75539843E-03
 1.15690853E+00  2.90332994E-03
 1.15622704E+00  1.86551774E-03
 1.15553842E+00  8.06146751E-04
 1.15493852E+00 -6.72632434E-05
 1.15454575E+00 -5.37306327E-04
 1.15449261E+00 -4.16612381E-04
 1.15489693E+00  3.67176317E-04
 1.15582860E+00  1.76111745E-03
 1.15725697E+00  3.65081561E-03
 1.15898270E+00  5.81289024E-03
 1.16055648E+00  7.86000660E-03
 1.16138924E+00  9.31708072E-03
 1.16107116E+00  9.70444338E-03
 1.15954417E+00  8.64327946E-03
 1.15734031E+00  6.07434605E-03
 1.15542733E+00  2.28796874E-03
 1.15437628E+00 -2.22733559E-03
 1.15412364E+00 -6.65916398E-03
 1.15376582E+00 -9.72886193E-03
 1.15182374E+00 -1.00703664E-02
 1.14795682E+00 -6.83441133E-03
 1.14352222E+00 -2.48124815E-04
 1.14185292E+00  7.44721858E-03
 1.14719413E+00  1.26315294E-02
 1.16022429E+00  1.27838569E-02
 1.17593802E+00  7.28797561E-03
 1.18180219E+00 -1.49602636E-03
 1.16696991E+00 -8.59076759E-03
 1.14763635E+00 -1.08354586E-02
 1.14940515E+00 -7.65749218E-03
 1.15792984E+00 -9.01342617E-04
 1.14683808E+00  4.78925086E-03
 1.13353408E+00  6.85882238E-03
 1.14291643E+00  5.60232375E-03
 1.16095100E+00  2.22254782E-03
 1.16838370E+00 -1.94304802E-04
 1.16887659E+00 -1.42703536E-04
 1.16649573E+00  1.38294998E-03
 1.15941899E+00  3.65602181E-03
 1.15246899E+00  5.25751276E-03
 1.15045622E+00  5.44253283E-03
 1.15293908E+00  5.14091948E-03
 1.15795872E+00  4.72366870E-03
 1.16175237E+00  4.50444034E-03
 1.16248659E+00  4.77884496E-03
 1.16134234E+00  5.02790594E-03
 1.15920002E+00  5.05980528E-03
 1.15781529E+00  4.94255053E-03
 1.15809692E+00  4.57920049E-03
 1.15886633E+00  4.14149404E-03
 1.15965029E+00  3.72870798E-03
 1.16005293E+00  3.26697163E-03
 1.15970398E+00  2.79330781E-03
 1.15925259E+00  2.30607942E-03
 1.15893836E+00  1.79010504E-03
 1.15867585E+00  1.29924585E-03
 1.15859194E+00  8.52601300E-04
 1.15848348E+00  4.56571374E-04
 1.15824098E+00  1.27390170E-04
 1.15797605E+00 -1.41376953E-04
 1.15766249E+00 -3.53998732E-04
 1.15732303E+00 -5.07910119E-04
 1.15700321E+00 -6.04477377E-04
 1.15666454E+00 -6.41204763E-04
 1.15630917E+00 -6.19568448E-04
 1.15595135E+00 -5.47061903E-04
 1.15558373E+00 -4.29686629E-04
 1.15521845E+00 -2.75113052E-04
 1.15486505E+00 -9.13705873E-05
 1.15452486E+00  1.13793904E-04
 1.15420462E+00  3.25773377E-04
 1.15390849E+00  5.26262061E-04
 1.15363958E+00  7.01037682E-04
 1.15340332E+00  8.40059313E-04
 1.15320476E+00  9.41277944E-04
 1.15304913E+00  1.01104599E-03
 1.15294088E+00  1.05402608E-03
 1.15288292E+00  1.07307231E-03
 1.15287788E+00  1.07141946E-03
 1.15292732E+00  1.04971923E-03
 1.15303125E+00  1.01185276E-03
 1.15318809E+00  9.64267041E-04
 1.15339300E+00  9.08253097E-04
 1.15363842E+00  8.43103369E-04
 1.15391611E+00  7.68472182E-04
 1.15421740E+00  6.84177746E-04
 1.15453412E+00  5.96961791E-04
 1.15485921E+00  5.18715383E-04
 1.15518501E+00  4.56635686E-04
 1.15550402E+00  4.13914350E-04
 1.15581088E+00  3.89425530E-04
 1.15610143E+00  3.75943297E-04
 1.15637252E+00  3.68705953E-04
 1.15662158E+00  3.65367150E-04
 1.15684421E+00  3.60698970E-04
 1.15703485E+00  3.50081242E-04
 1.15719010E+00  3.28355546E-04
 1.15730832E+00  2.89763688E-04
 1.15738955E+00  2.34809330E-04
 1.15743622E+00  1.68256264E-04
 1.15745029E+00  9.36791467E-05
 1.15743347E+00  1.39223421E-05
 1.15738953E+00 -7.22402225E-05
 1.15732261E+00 -1.70312369E-04
 1.15723627E+00 -2.82157444E-04
 1.15713321E+00 -4.06761588E-04
 1.15701246E+00 -5.42903410E-04
 1.15687012E+00 -6.86897981E-04
 1.15670307E+00 -8.36592288E-04
 1.15650911E+00 -9.91388722E-04
 1.15628800E+00 -1.14675074E-03
 1.15604216E+00 -1.29658266E-03
 1.15577302E+00 -1.43569016E-03
 1.15548180E+00 -1.55914014E-03
 1.15517225E+00 -1.66579843E-03
 1.15484905E+00 -1.75799037E-03
 1.15451795E+00 -1.83633074E-03
 1.15418539E+00 -1.90030279E-03
 1.15385441E+00 -1.94866973E-03
 1.15352582E+00 -1.97825888E-03
 1.15320213E+00 -1.98762358E-03
 1.15288680E+00 -1.97686889E-03
 1.15258481E+00 -1.94455764E-03
 1.15230316E+00 -1.88926685E-03
 1.15204676E+00 -1.80963683E-03
 1.15181879E+00 -1.70412605E-03
 1.15162314E+00 -1.57400381E-03
 1.15146260E+00 -1.42270019E-03
 1.15133868E+00 -1.25309201E-03
 1.15125149E+00 -1.06815411E-03
 1.15119647E+00 -8.70565533E-04
 1.15116543E+00 -6.62136085E-04
 1.15115009E+00 -4.46123751E-04
 1.15114217E+00 -2.26826438E-04
 1.15113492E+00 -7.81189088E-06
 1.15112397E+00  2.07288434E-04
 1.15110402E+00  4.15118876E-04
 1.15106989E+00  6.13033582E-04
 1.15101943E+00  7.97830706E-04
 1.15095207E+00  9.66130335E-04
 1.15086894E+00  1.11537603E-03
 1.15077252E+00  1.24344320E-03
 1.15066278E+00  1.34875872E-03
 1.15053842E+00  1.43063788E-03
 1.15040117E+00  1.48885062E-03
 1.15025513E+00  1.52380389E-03
 1.15010713E+00  1.53705689E-03
 1.14996740E+00  1.53102229E-03
 1.14984528E+00  1.50861968E-03
 1.14974945E+00  1.47322193E-03
 1.14969048E+00  1.42823745E-03
 1.14967836E+00  1.37685999E-03
 1.14972132E+00  1.32219915E-03
 1.14982491E+00  1.26680572E-03
 1.14998755E+00  1.21200134E-03
 1.15020296E+00  1.15816182E-03
 1.15046814E+00  1.10534972E-03
 1.15078570E+00  1.05360679E-03
 1.15116835E+00  1.00377079E-03
 1.15163205E+00  9.57398950E-04
 1.15216986E+00  9.15279667E-04
 1.15274094E+00  8.77693837E-04
 1.15325922E+00  8.45000795E-04
 1.15361772E+00  8.17158001E-04
 1.15377623E+00  7.94412109E-04
 1.15380366E+00  7.77108653E-04
 1.15392314E+00  7.64218298E-04
 1.15444302E+00  7.54036290E-04
 1.15548565E+00  7.45498856E-04
 1.15686749E+00  7.38168618E-04
 1.15797533E+00  7.33092834E-04
 1.15792885E+00  7.32759595E-04
 1.15631277E+00  7.38996238E-04
 1.15346875E+00  7.52953061E-04
 1.15076239E+00  7.75468248E-04
 1.15022949E+00  8.06371845E-04
 1.15279994E+00  8.45529427E-04
 1.15761914E+00  8.92591473E-04
 1.16150360E+00  9.45320662E-04
 1.15995066E+00  1.00032911E-03
 1.15171712E+00  1.05394464E-03
 1.14074320E+00  1.10235595E-03
 1.13779434E+00  1.14320374E-03
 1.15187689E+00  1.17545117E-03
 1.16608257E+00  1.19724867E-03
 1.15558312E+00  1.20639730E-03
 1.13722637E+00  1.20087791E-03
 1.14134569E+00  1.17831095E-03
 1.15395408E+00  1.13734664E-03
 1.15137235E+00  1.07750153E-03
 1.14448985E+00  9.97432987E-04
 1.14611230E+00  8.95829745E-04
 1.14876821E+00  7.72422541E-04
 1.14775436E+00  6.27873504E-04
 1.14711031E+00  4.64945208E-04
 1.14778022E+00  2.88334826E-04
 1.14815619E+00  1.02594908E-04
 1.14828869E+00 -8.78108629E-05
 1.14859448E+00 -2.78378129E-04
 1.14894533E+00 -4.65306507E-04
 1.14925904E+00 -6.44514523E-04
 1.14956182E+00 -8.12061572E-04
 1.14985314E+00 -9.65872692E-04
 1.15013070E+00 -1.10506145E-03
 1.15039750E+00 -1.22909749E-03
 1.15065440E+00 -1.33769822E-03
 1.15090181E+00 -1.42930899E-03
 1.15113803E+00 -1.50133357E-03
 1.15136402E+00 -1.55248015E-03
 1.15158292E+00 -1.58238916E-03
 1.15179389E+00 -1.59112698E-03
 1.15199464E+00 -1.57980823E-03
 1.15218307E+00 -1.54914950E-03
 1.15235721E+00 -1.49964093E-03
 1.15252118E+00 -1.43336436E-03
 1.15268346E+00 -1.35302547E-03
 1.15284841E+00 -1.26086510E-03
 1.15301672E+00 -1.15867978E-03
 1.15318462E+00 -1.04642262E-03
 1.15334264E+00 -9.22382471E-04
 1.15348373E+00 -7.85488294E-04
 1.15360339E+00 -6.35227134E-04
 1.15369552E+00 -4.71549254E-04
 1.15375562E+00 -2.95469649E-04
 1.15377915E+00 -1.07444160E-04
 1.15376172E+00  9.23929196E-05
 1.15370579E+00  3.02570153E-04
 1.15361843E+00  5.20983817E-04
 1.15350645E+00  7.45012708E-04
 1.15337647E+00  9.71404184E-04
 1.15323083E+00  1.19779942E-03
 1.15306753E+00  1.42220189E-03
 1.15288827E+00  1.64098400E-03
 1.15269737E+00  1.84899484E-03
 1.15249914E+00  2.03921347E-03
 1.15230008E+00  2.20297660E-03
 1.15210452E+00  2.33300023E-03
 1.15191477E+00  2.42419180E-03
 1.15173696E+00  2.47383268E-03
 1.15157832E+00  2.48310465E-03
 1.15144396E+00  2.45644493E-03
 1.15133738E+00  2.40278652E-03
 1.15125654E+00  2.33878277E-03
 1.15119453E+00  2.28626160E-03
 1.15114644E+00  2.26691723E-03
 1.15110933E+00  2.29926641E-03
 1.15108236E+00  2.39233813E-03
 1.15106891E+00  2.54368367E-03
 1.15107270E+00  2.74501525E-03
 1.15109898E+00  2.97781392E-03
 1.15115988E+00  3.20666444E-03
 1.15127086E+00  3.38595720E-03
 1.15144642E+00  3.46798686E-03
 1.15169775E+00  3.41131794E-03
 1.15202487E+00  3.19954789E-03
 1.15241562E+00  2.84358738E-03
 1.15285281E+00  2.36668390E-03
 1.15331009E+00  1.81482441E-03
 1.15374690E+00  1.26912246E-03
 1.15411519E+00  8.30518718E-04
 1.15436519E+00  6.05380708E-04
 1.15445366E+00  6.85171387E-04
 1.15436221E+00  1.10163188E-03
 1.15409949E+00  1.82299013E-03
 1.15368931E+00  2.78693101E-03
 1.15318107E+00  3.87685419E-03
 1.15266082E+00  4.89648537E-03
 1.15223653E+00  5.60784238E-03
 1.15202176E+00  5.77032288E-03
 1.15211468E+00  5.19395185E-03
 1.15255493E+00  3.84913983E-03
 1.15331811E+00  1.88133685E-03
 1.15434690E+00 -4.62348182E-04
 1.15552639E+00 -2.77009953E-03
 1.15665570E+00 -4.39555172E-03
 1.15748398E+00 -4.64814508E-03
 1.15774875E+00 -3.09924816E-03
 1.15722586E+00  1.34990907E-04
 1.15583575E+00  3.92243982E-03
 1.15365481E+00  6.43529061E-03
 1.15083702E+00  6.40037398E-03
 1.14767220E+00  3.50701956E-03
 1.14465133E+00 -1.05179822E-03
 1.14237247E+00 -4.76138122E-03
 1.14143898E+00 -6.02448701E-03
 1.14232798E+00 -4.55177098E-03
 1.14511984E+00 -1.27681069E-03
 1.14946022E+00  1.45196553E-03
 1.15474393E+00  2.34266803E-03
 1.15995845E+00  1.54562062E-03
 1.16350721E+00 -3.26474060E-04
 1.16368274E+00 -1.70608077E-03
 1.15942696E+00 -1.82519605E-03
 1.15103190E+00 -1.18038108E-03
 1.14130976E+00 -1.34612310E-04
 1.13479876E+00  5.96836841E-04
 1.13466051E+00  6.40679082E-04
 1.14166960E+00  4.71014721E-04
 1.15287295E+00  2.78074092E-04
 1.16203969E+00  2.22858211E-04
 1.16521290E+00  4.55692628E-04
 1.16167706E+00  7.13500130E-04
 1.15374487E+00  9.00024406E-04
 1.14723383E+00  1.05060997E-03
 1.14534157E+00  1.11516002E-03
 1.14768946E+00  1.17776957E-03
 1.15275253E+00  1.28297503E-03
 1.15663892E+00  1.38481128E-03
 1.15743666E+00  1.49365059E-03
 1.15636695E+00  1.60050423E-03
 1.15431962E+00  1.68895913E-03
 1.15305730E+00  1.77829474E-03
 1.15349572E+00  1.87019910E-03
 1.15445171E+00  1.96052805E-03
 1.15544676E+00  2.05346593E-03
 1.15607635E+00  2.14421937E-03
 1.15596355E+00  2.22972203E-03
 1.15575689E+00  2.31092410E-03
 1.15569217E+00  2.38547359E-03
 1.15568006E+00  2.45182629E-03
 1.15584538E+00  2.50903609E-03
 1.15598295E+00  2.55524500E-03
 1.15598804E+00  2.59031352E-03
 1.15598262E+00  2.61521149E-03
 1.15594996E+00  2.63054459E-03
 1.15592178E+00  2.63689962E-03
 1.15594903E+00  2.63393640E-03
 1.15599384E+00  2.62035581E-03
 1.15606070E+00  2.59582231E-03
 1.15616629E+00  2.56080253E-03
 1.15630192E+00  2.51606942E-03
 1.15647698E+00  2.46318920E-03
 1.15669530E+00  2.40339914E-03
 1.15695010E+00  2.33759037E-03
 1.15724383E+00  2.26754300E-03
 1.15757801E+00  2.19531432E-03
 1.15794898E+00  2.12281151E-03
 1.15835219E+00  2.05188305E-03
 1.15877788E+00  1.98332229E-03
 1.15921130E+00  1.91702918E-03
 1.15963878E+00  1.85326574E-03
 1.16004699E+00  1.79254830E-03
 1.16042136E+00  1.73575633E-03
 1.16074867E+00  1.68437576E-03
 1.16101624E+00  1.63938911E-03
 1.16121300E+00  1.60136574E-03
 1.16133423E+00  1.57121537E-03
 1.16138025E+00  1.54974202E-03
 1.16135265E+00  1.53777342E-03
 1.16125421E+00  1.53615657E-03
 1.16108604E+00  1.54480989E-03
 1.16084769E+00  1.56295584E-03
 1.16054366E+00  1.58986662E-03
 1.16018262E+00  1.62466040E-03
 1.15977504E+00  1.66648866E-03
 1.15933484E+00  1.71468615E-03
 1.15887588E+00  1.76806391E-03
 1.15841176E+00  1.82507916E-03
 1.15796048E+00  1.88438836E-03
 1.15754149E+00  1.94460950E-03
 1.15717170E+00  2.00442203E-03
 1.15686497E+00  2.06271129E-03
 1.15662768E+00  2.11820213E-03
 1.15645912E+00  2.16957747E-03
 1.15635858E+00  2.21580184E-03
 1.15632544E+00  2.25599478E-03
 1.15635931E+00  2.28942663E-03
 1.15646148E+00  2.31565811E-03
 1.15662844E+00  2.33448976E-03
 1.15685249E+00  2.34603379E-03
 1.15712696E+00  2.35090804E-03
 1.15744368E+00  2.35013846E-03
 1.15779391E+00  2.34492638E-03
 1.15816863E+00  2.33661013E-03
 1.15855296E+00  2.32653864E-03
 1.15892870E+00  2.31593361E-03
 1.15928131E+00  2.30596628E-03
 1.15960004E+00  2.29755986E-03
 1.15988081E+00  2.29103779E-03
 1.16012679E+00  2.28627101E-03
 1.16034000E+00  2.28299822E-03
 1.16052122E+00  2.28095826E-03
 1.16067191E+00  2.28029842E-03
 1.16079194E+00  2.28154467E-03
 1.16088442E+00  2.28488402E-03
 1.16095533E+00  2.29029631E-03
 1.16100714E+00  2.29783317E-03
 1.16104140E+00  2.30739089E-03
 1.16106032E+00  2.31905518E-03
 1.16106650E+00  2.33301275E-03
 1.16106834E+00  2.34884907E-03
 1.16107834E+00  2.36588018E-03
 1.16110491E+00  2.38376056E-03
 1.16115256E+00  2.40246763E-03
 1.16122109E+00  2.42270592E-03
 1.16130428E+00  2.44589762E-03
 1.16139762E+00  2.47323135E-03
 1.16149845E+00  2.50567877E-03
 1.16160229E+00  2.54419175E-03
 1.16170563E+00  2.58938897E-03
 1.16180364E+00  2.64201614E-03
 1.16189030E+00  2.70284856E-03
 1.16196460E+00  2.77194622E-03
 1.16202847E+00  2.84894699E-03
 1.16208303E+00  2.93339494E-03
 1.16212888E+00  3.02473901E-03
 1.16216213E+00  3.12294241E-03
 1.16217496E+00  3.22838371E-03
 1.16216319E+00  3.34093789E-03
 1.16212572E+00  3.46009989E-03
 1.16206330E+00  3.58511492E-03
 1.16198029E+00  3.71473561E-03
 1.16187951E+00  3.84780913E-03
 1.16176218E+00  3.98319968E-03
 1.16163263E+00  4.11911232E-03
 1.16149577E+00  4.25339285E-03
 1.16135636E+00  4.38373409E-03
 1.16121935E+00  4.50758794E-03
 1.16108549E+00  4.62262386E-03
 1.16095231E+00  4.72671337E-03
 1.16081875E+00  4.81743267E-03
 1.16068476E+00  4.89224398E-03
 1.16055248E+00  4.94865856E-03
 1.16042688E+00  4.98416839E-03
 1.16031086E+00  4.99663894E-03
 1.16020565E+00  4.98440610E-03
 1.16011333E+00  4.94609096E-03
 1.16003524E+00  4.88078288E-03
 1.15997356E+00  4.78807010E-03
 1.15993151E+00  4.66801590E-03
 1.15990960E+00  4.52135859E-03
 1.15990701E+00  4.34957954E-03
 1.15992390E+00  4.15498242E-03
 1.15996082E+00  3.94082599E-03
 1.16002046E+00  3.71136204E-03
 1.16010758E+00  3.47171561E-03
 1.16022563E+00  3.22754926E-03
 1.16037694E+00  2.98482276E-03
 1.16056358E+00  2.74950692E-03
 1.16078624E+00  2.52731065E-03
 1.16104602E+00  2.32369449E-03
 1.16134425E+00  2.14345335E-03
 1.16168025E+00  1.99005669E-03
 1.16205216E+00  1.86579328E-03
 1.16245748E+00  1.77220167E-03
 1.16289276E+00  1.71023713E-03
 1.16335513E+00  1.68092981E-03
 1.16384198E+00  1.68516018E-03
 1.16434884E+00  1.72217390E-03
 1.16486965E+00  1.78964581E-03
 1.16539680E+00  1.88395484E-03
 1.16592079E+00  1.99993387E-03
 1.16643220E+00  2.13208895E-03
 1.16692187E+00  2.27473366E-03
 1.16738009E+00  2.42114785E-03
 1.16779760E+00  2.56448433E-03
 1.16816548E+00  2.69851084E-03
 1.16847550E+00  2.81806683E-03
 1.16872190E+00  2.92065770E-03
 1.16890103E+00  3.00614956E-03
 1.16901023E+00  3.07468581E-03
 1.16904795E+00  3.12648172E-03
 1.16901286E+00  3.16111866E-03
 1.16890412E+00  3.17732030E-03
 1.16872384E+00  3.17563141E-03
 1.16847701E+00  3.15810679E-03
 1.16817102E+00  3.12676993E-03
 1.16781602E+00  3.08449972E-03
 1.16742305E+00  3.03412107E-03
 1.16700359E+00  2.97840803E-03
 1.16657063E+00  2.92240178E-03
 1.16613736E+00  2.87222808E-03
 1.16571634E+00  2.83267011E-03
 1.16531880E+00  2.80705259E-03
 1.16495217E+00  2.79574931E-03
 1.16462057E+00  2.79615647E-03
 1.16432757E+00  2.80619562E-03
 1.16407649E+00  2.82439400E-03
 1.16387180E+00  2.84937885E-03
 1.16371915E+00  2.88085574E-03
 1.16362112E+00  2.91735384E-03
 1.16357758E+00  2.95652563E-03
 1.16358762E+00  2.99783988E-03
 1.16364821E+00  3.04141560E-03
 1.16375621E+00  3.08736162E-03
 1.16390825E+00  3.13577813E-03
 1.16409737E+00  3.18416773E-03
 1.16431486E+00  3.22814082E-03
 1.16455349E+00  3.26494562E-03
 1.16480771E+00  3.29318215E-03
 1.16507640E+00  3.31300974E-03
 1.16536256E+00  3.32675647E-03
 1.16566776E+00  3.33572585E-03
 1.16599179E+00  3.34025003E-03
 1.16633269E+00  3.34161867E-03
 1.16668528E+00  3.34076760E-03
 1.16704528E+00  3.33868636E-03
 1.16740856E+00  3.33641514E-03
 1.16776684E+00  3.33249460E-03
 1.16810989E+00  3.32375140E-03
 1.16842656E+00  3.30743540E-03
 1.16870531E+00  3.28111853E-03
 1.16893939E+00  3.24400432E-03
 1.16912583E+00  3.19710362E-03
 1.16925951E+00  3.14032482E-03
 1.16933419E+00  3.07288687E-03
 1.16934275E+00  2.99452035E-03
 1.16927617E+00  2.90460295E-03
 1.16912900E+00  2.80350271E-03
 1.16889919E+00  2.69255686E-03
 1.16858417E+00  2.57187595E-03
 1.16818365E+00  2.44129187E-03
 1.16770063E+00  2.30171059E-03
 1.16714162E+00  2.15486927E-03
 1.16652116E+00  2.00456065E-03
 1.16586043E+00  1.85651576E-03
 1.16518134E+00  1.71600204E-03
 1.16450603E+00  1.58788221E-03
 1.16385477E+00  1.47685820E-03
 1.16324415E+00  1.38665158E-03
 1.16269189E+00  1.32115522E-03
 1.16221485E+00  1.28407033E-03
 1.16182380E+00  1.27706691E-03
 1.16152573E+00  1.30043489E-03
 1.16132420E+00  1.35370058E-03
 1.16121996E+00  1.43557354E-03
 1.16121715E+00  1.54540205E-03
 1.16132129E+00  1.68282658E-03
 1.16153110E+00  1.84550250E-03
 1.16183942E+00  2.02935202E-03
 1.16223297E+00  2.22878805E-03
 1.16269109E+00  2.43633132E-03
 1.16319351E+00  2.64451382E-03
 1.16372029E+00  2.84602279E-03
 1.16424722E+00  3.03253923E-03
 1.16475022E+00  3.19587308E-03
 1.16520708E+00  3.32850127E-03
 1.16559889E+00  3.42397360E-03
 1.16591797E+00  3.47891017E-03
 1.16616602E+00  3.49264710E-03
 1.16634530E+00  3.46515363E-03
 1.16645824E+00  3.39700481E-03
 1.16650397E+00  3.28859403E-03
 1.16647734E+00  3.14002575E-03
 1.16638018E+00  2.95407030E-03
 1.16621982E+00  2.73594028E-03
 1.16600282E+00  2.49192103E-03
 1.16573877E+00  2.23014588E-03
 1.16543655E+00  1.95911631E-03
 1.16510454E+00  1.68743806E-03
 1.16476021E+00  1.42578603E-03
 1.16442563E+00  1.18548044E-03
 1.16411806E+00  9.76465025E-04
 1.16384998E+00  8.06838907E-04
 1.16362362E+00  6.80680465E-04
 1.16343068E+00  5.98209857E-04
 1.16326557E+00  5.59336516E-04
 1.16312535E+00  5.63830333E-04
 1.16300719E+00  6.11613317E-04
 1.16291220E+00  7.03354872E-04
 1.16283789E+00  8.36850169E-04
 1.16277910E+00  1.00732648E-03
 1.16273803E+00  1.21002601E-03
 1.16271998E+00  1.43894110E-03
 1.16273011E+00  1.68766718E-03
 1.16277353E+00  1.94960082E-03
 1.16284625E+00  2.21487289E-03
 1.16293726E+00  2.47194472E-03
 1.16304109E+00  2.71129395E-03
 1.16315644E+00  2.92568738E-03
 1.16328608E+00  3.11216154E-03
 1.16343917E+00  3.27217267E-03
 1.16362077E+00  3.40668064E-03
 1.16383197E+00  3.51595992E-03
 1.16407727E+00  3.60033451E-03
 1.16435986E+00  3.65888700E-03
 1.16468180E+00  3.69284767E-03
 1.16504414E+00  3.70525105E-03
 1.16543844E+00  3.69717029E-03
 1.16584917E+00  3.66934596E-03
 1.16626195E+00  3.62281518E-03
 1.16666321E+00  3.55882570E-03
 1.16704397E+00  3.48250405E-03
 1.16740104E+00  3.40164088E-03
 1.16772762E+00  3.32165093E-03
 1.16801491E+00  3.24575869E-03
 1.16825733E+00  3.17421976E-03
 1.16844933E+00  3.10362296E-03
 1.16858866E+00  3.03195256E-03
 1.16867624E+00  2.95867305E-03
 1.16870833E+00  2.88246136E-03
 1.16867963E+00  2.80306270E-03
 1.16858952E+00  2.71973940E-03
 1.16844108E+00  2.63143070E-03
 1.16824432E+00  2.54079362E-03
 1.16801638E+00  2.45276992E-03
 1.16777301E+00  2.37197552E-03
 1.16752881E+00  2.30274140E-03
 1.16729953E+00  2.24631194E-03
 1.16709873E+00  2.20102408E-03
 1.16694031E+00  2.16726047E-03
 1.16683733E+00  2.14683388E-03
 1.16679511E+00  2.14180314E-03
 1.16681346E+00  2.15567725E-03
 1.16689094E+00  2.19021342E-03
 1.16702483E+00  2.24544076E-03
 1.16721579E+00  2.32301330E-03
 1.16746750E+00  2.42442643E-03
 1.16777783E+00  2.54970987E-03
 1.16814004E+00  2.69761709E-03
 1.16854531E+00  2.86285939E-03
 1.16898044E+00  3.03669144E-03
 1.16943307E+00  3.21081706E-03
 1.16989169E+00  3.37735214E-03
 1.17033950E+00  3.52938348E-03
 1.17075813E+00  3.66202673E-03
 1.17113177E+00  3.76949791E-03
 1.17144756E+00  3.84586198E-03
 1.17170118E+00  3.88791426E-03
 1.17189615E+00  3.89389698E-03
 1.17203535E+00  3.86340133E-03
 1.17212108E+00  3.79730523E-03
 1.17215468E+00  3.69465370E-03
 1.17213477E+00  3.55361454E-03
 1.17206469E+00  3.37522314E-03
 1.17195158E+00  3.16289712E-03
 1.17180041E+00  2.92273955E-03
 1.17161684E+00  2.66407695E-03
 1.17140667E+00  2.39582507E-03
 1.17117560E+00  2.12649440E-03
 1.17093596E+00  1.86615406E-03
 1.17070412E+00  1.62456143E-03
 1.17049251E+00  1.41086374E-03
 1.17030986E+00  1.23304938E-03
 1.17015871E+00  1.09454759E-03
 1.17003452E+00  9.95047466E-04
 1.16993462E+00  9.33820564E-04
 1.16985823E+00  9.09763834E-04
 1.16980335E+00  9.22970055E-04
 1.16976966E+00  9.74976778E-04
 1.16975456E+00  1.06415386E-03
 1.16975341E+00  1.18625572E-03
 1.16976644E+00  1.33665072E-03
 1.16979615E+00  1.50892160E-03
 1.16984428E+00  1.69679029E-03
 1.16991215E+00  1.89419551E-03
 1.16999555E+00  2.09173478E-03
 1.17008574E+00  2.27858669E-03
 1.17017784E+00  2.44579707E-03
 1.17027015E+00  2.58646171E-03
 1.17036364E+00  2.69832095E-03
 1.17046366E+00  2.78371019E-03
 1.17057344E+00  2.84444882E-03
 1.17069398E+00  2.88181419E-03
 1.17082876E+00  2.89701805E-03
 1.17098088E+00  2.88994065E-03
 1.17115329E+00  2.86289518E-03
 1.17134894E+00  2.82023892E-03
 1.17156547E+00  2.76460241E-03
 1.17179662E+00  2.69855594E-03
 1.17203706E+00  2.62489454E-03
 1.17228206E+00  2.54646171E-03
 1.17252975E+00  2.46984771E-03
 1.17278155E+00  2.40405192E-03
 1.17303610E+00  2.35560233E-03
 1.17328985E+00  2.32869011E-03
 1.17353965E+00  2.32411901E-03
 1.17378094E+00  2.33865031E-03
 1.17401042E+00  2.37002723E-03
 1.17422616E+00  2.41700835E-03
 1.17442312E+00  2.47729280E-03
 1.17459504E+00  2.54923056E-03
 1.17473700E+00  2.62989540E-03
 1.17484485E+00  2.71519546E-03
 1.17491783E+00  2.80377990E-03
 1.17495844E+00  2.89568202E-03
 1.17496806E+00  2.99035117E-03
 1.17494741E+00  3.08690148E-03
 1.17489721E+00  3.18146213E-03
 1.17481696E+00  3.26769291E-03
 1.17470758E+00  3.34154728E-03
 1.17457117E+00  3.40100941E-03
 1.17440819E+00  3.44569146E-03
 1.17421876E+00  3.47785318E-03
 1.17400340E+00  3.49884525E-03
 1.17376298E+00  3.50904896E-03
 1.17350122E+00  3.51053761E-03
 1.17322432E+00  3.50555107E-03
 1.17293814E+00  3.49663865E-03
 1.17264884E+00  3.48680278E-03
 1.17236308E+00  3.47657528E-03
 1.17208718E+00  3.46476441E-03
 1.17182887E+00  3.45097876E-03
 1.17159670E+00  3.43535311E-03
 1.17139767E+00  3.41970534E-03
 1.17123799E+00  3.40765839E-03
 1.17112359E+00  3.40122568E-03
 1.17105949E+00  3.40099124E-03
 1.17105068E+00  3.40724743E-03
 1.17110186E+00  3.41903952E-03
 1.17121571E+00  3.43589677E-03
 1.17139321E+00  3.45794502E-03
 1.17163409E+00  3.48371242E-03
 1.17193603E+00  3.51108507E-03
 1.17229441E+00  3.53807496E-03
 1.17270208E+00  3.56257020E-03
 1.17314803E+00  3.58390334E-03
 1.17361808E+00  3.60264371E-03
 1.17409682E+00  3.61860728E-03
 1.17456823E+00  3.63108424E-03
 1.17501668E+00  3.63876558E-03
 1.17542799E+00  3.63941535E-03
 1.17578834E+00  3.63167894E-03
 1.17608569E+00  3.61508045E-03
 1.17631227E+00  3.58900321E-03
 1.17646382E+00  3.55329575E-03
 1.17653841E+00  3.50775318E-03
 1.17653591E+00  3.45196217E-03
 1.17645532E+00  3.38650707E-03
 1.17629551E+00  3.31256717E-03
 1.17606028E+00  3.23123835E-03
 1.17575789E+00  3.14371806E-03
 1.17540038E+00  3.05070231E-03
 1.17500442E+00  2.95237360E-03
 1.17458713E+00  2.84943163E-03
 1.17416583E+00  2.74297900E-03
 1.17376089E+00  2.63434229E-03
 1.17339289E+00  2.52526114E-03
 1.17308034E+00  2.41709771E-03
 1.17283843E+00  2.31074672E-03
 1.17267399E+00  2.20712358E-03
 1.17258642E+00  2.10690877E-03
 1.17257407E+00  2.01076710E-03
 1.17263474E+00  1.91948782E-03
 1.17276763E+00  1.83353950E-03
 1.17297406E+00  1.75322433E-03
 1.17324946E+00  1.67887163E-03
 1.17358428E+00  1.61078599E-03
 1.17396865E+00  1.54955366E-03
 1.17438978E+00  1.49599714E-03
 1.17483478E+00  1.45074881E-03
 1.17529077E+00  1.41424352E-03
 1.17573830E+00  1.38661585E-03
 1.17615487E+00  1.36767235E-03
 1.17652211E+00  1.35741058E-03
 1.17682632E+00  1.35603457E-03
 1.17706302E+00  1.36378154E-03
 1.17723717E+00  1.38102970E-03
 1.17735286E+00  1.40794506E-03
 1.17741311E+00  1.44440798E-03
 1.17742126E+00  1.49029222E-03
 1.17737826E+00  1.54527382E-03
 1.17728993E+00  1.60876279E-03
 1.17716618E+00  1.67987754E-03
 1.17701325E+00  1.75708020E-03
 1.17683707E+00  1.83830577E-03
 1.17664417E+00  1.92143261E-03
 1.17644135E+00  2.00436585E-03
 1.17624309E+00  2.08531469E-03
 1.17606881E+00  2.16289135E-03
 1.17593274E+00  2.23559092E-03
 1.17584409E+00  2.30194927E-03
 1.17580509E+00  2.36091641E-03
 1.17580959E+00  2.41169206E-03
 1.17585324E+00  2.45392219E-03
 1.17593363E+00  2.48768303E-03
 1.17604582E+00  2.51295108E-03
 1.17618583E+00  2.52986564E-03
 1.17634687E+00  2.53932538E-03
 1.17651951E+00  2.54297217E-03
 1.17669966E+00  2.54342773E-03
 1.17688587E+00  2.54426630E-03
 1.17707529E+00  2.54913892E-03
 1.17726423E+00  2.56166384E-03
 1.17744293E+00  2.58550349E-03
 1.17759666E+00  2.62393798E-03
 1.17771553E+00  2.68004280E-03
 1.17779411E+00  2.75638636E-03
 1.17783076E+00  2.85411643E-03
 1.17782966E+00  2.97320964E-03
 1.17779348E+00  3.11306090E-03
 1.17772315E+00  3.27255815E-03
 1.17762323E+00  3.45077849E-03
 1.17749878E+00  3.64684473E-03
 1.17735616E+00  3.85844573E-03
 1.17720326E+00  4.08195832E-03
 1.17704352E+00  4.31280357E-03
 1.17687742E+00  4.54516571E-03
 1.17670730E+00  4.77309882E-03
 1.17653671E+00  4.99065147E-03
 1.17637291E+00  5.19100967E-03
 1.17622687E+00  5.36731232E-03
 1.17610602E+00  5.51336802E-03
 1.17601436E+00  5.62399838E-03
 1.17595428E+00  5.69641341E-03
 1.17592465E+00  5.73001243E-03
 1.17592513E+00  5.72462742E-03
 1.17595642E+00  5.68043583E-03
 1.17601620E+00  5.59750963E-03
 1.17610102E+00  5.47563400E-03
 1.17620688E+00  5.31651290E-03
 1.17632877E+00  5.12358047E-03
 1.17646442E+00  4.90075441E-03
 1.17661357E+00  4.65310683E-03
 1.17677434E+00  4.38601846E-03
 1.17694371E+00  4.10504814E-03
 1.17711651E+00  3.81762149E-03
 1.17728522E+00  3.53200355E-03
 1.17744461E+00  3.25543019E-03
 1.17759180E+00  2.99385483E-03
 1.17772489E+00  2.75051845E-03
 1.17784417E+00  2.52597361E-03
 1.17794960E+00  2.32092852E-03
 1.17804044E+00  2.13636240E-03
 1.17811777E+00  1.97340334E-03
 1.17818334E+00  1.83395706E-03
 1.17823924E+00  1.71832969E-03
 1.17828816E+00  1.62545295E-03
 1.17833104E+00  1.55501485E-03
 1.17836755E+00  1.50645973E-03
 1.17839832E+00  1.47903325E-03
 1.17842469E+00  1.47184059E-03
 1.17844956E+00  1.48152614E-03
 1.17847738E+00  1.50318772E-03
 1.17851101E+00  1.53330674E-03
 1.17855162E+00  1.56972305E-03
 1.17859949E+00  1.61249710E-03
 1.17865322E+00  1.66418257E-03
 1.17871173E+00  1.72645806E-03
 1.17877451E+00  1.80002175E-03
 1.17884001E+00  1.88562977E-03
 1.17890649E+00  1.98298102E-03
 1.17897206E+00  2.09223487E-03
 1.17903459E+00  2.21380899E-03
 1.17909357E+00  2.34572080E-03
 1.17914961E+00  2.48463612E-03
 1.17920284E+00  2.62717258E-03
 1.17925293E+00  2.76993487E-03
 1.17929825E+00  2.91173666E-03
 1.17933583E+00  3.05326366E-03
 1.17936388E+00  3.19368614E-03
 1.17938170E+00  3.33107370E-03
 1.17938900E+00  3.46283584E-03
 1.17938653E+00  3.58500551E-03
 1.17937454E+00  3.69481012E-03
 1.17935273E+00  3.79063452E-03
 1.17932167E+00  3.86985528E-03
 1.17928213E+00  3.93014135E-03
 1.17923459E+00  3.96997997E-03
 1.17917939E+00  3.98863227E-03
 1.17911529E+00  3.98829652E-03
 1.17903982E+00  3.97357353E-03
 1.17895091E+00  3.94886740E-03
 1.17884687E+00  3.91841572E-03
 1.17872684E+00  3.88558429E-03
 1.17859109E+00  3.85227278E-03
 1.17843924E+00  3.82126504E-03
 1.17827049E+00  3.79568685E-03
 1.17808464E+00  3.77713900E-03
 1.17788147E+00  3.76666124E-03
 1.17766136E+00  3.76451222E-03
 1.17742532E+00  3.77029235E-03
 1.17717362E+00  3.78532291E-03
 1.17690635E+00  3.81190688E-03
 1.17662444E+00  3.85084779E-03
 1.17632958E+00  3.90184311E-03
 1.17602477E+00  3.96309918E-03
 1.17571441E+00  4.03095600E-03
 1.17540267E+00  4.10236453E-03
 1.17509354E+00  4.17471484E-03
 1.17479109E+00  4.24436862E-03
 1.17449889E+00  4.30784260E-03
 1.17422069E+00  4.36189689E-03
 1.17396017E+00  4.40373267E-03
 1.17371974E+00  4.43310475E-03
 1.17350095E+00  4.45174832E-03
 1.17330497E+00  4.46123822E-03
 1.17313264E+00  4.46300843E-03
 1.17298531E+00  4.45745629E-03
 1.17286474E+00  4.44364094E-03
 1.17277146E+00  4.42182902E-03
 1.17270501E+00  4.39307164E-03
 1.17266415E+00  4.35772458E-03
 1.17264649E+00  4.31637721E-03
 1.17264969E+00  4.26919761E-03
 1.17267145E+00  4.21605278E-03
 1.17270859E+00  4.15879519E-03
 1.17275773E+00  4.10041198E-03
 1.17281579E+00  4.04296189E-03
 1.17288005E+00  3.98782065E-03
 1.17294941E+00  3.93483633E-03
 1.17302408E+00  3.88215040E-03
 1.17310420E+00  3.82874893E-03
 1.17318977E+00  3.77431085E-03
 1.17328025E+00  3.71822647E-03
 1.17337439E+00  3.66050688E-03
 1.17347185E+00  3.60094346E-03
 1.17357299E+00  3.53920880E-03
 1.17367787E+00  3.47676017E-03
 1.17378684E+00  3.41613708E-03
 1.17390006E+00  3.35976753E-03
 1.17401754E+00  3.31002445E-03
 1.17414053E+00  3.26796664E-03
 1.17427091E+00  3.23334836E-03
 1.17440975E+00  3.20671955E-03
 1.17455735E+00  3.18905849E-03
 1.17471251E+00  3.18111753E-03
 1.17487247E+00  3.18400534E-03
 1.17503484E+00  3.19803924E-03
 1.17519760E+00  3.22282219E-03
 1.17535870E+00  3.25881248E-03
 1.17551668E+00  3.30660059E-03
 1.17566957E+00  3.36606092E-03
 1.17581512E+00  3.43651791E-03
 1.17595218E+00  3.51578762E-03
 1.17608021E+00  3.60029046E-03
 1.17619865E+00  3.68672754E-03
 1.17630702E+00  3.77199499E-03
 1.17640362E+00  3.85303551E-03
 1.17648579E+00  3.92739957E-03
 1.17655179E+00  3.99241005E-03
 1.17660056E+00  4.04541776E-03
 1.17663172E+00  4.08507435E-03
