# x =
 6.23435418E+01
# y =
 3.25097170E+00
 VARIABLES = u,v
 1.09794642E+00 -6.07213786E-02
 1.09406205E+00 -6.44722790E-02
 1.05349594E+00 -3.72695930E-02
 9.99680129E-01  1.39390459E-02
 9.84488057E-01  7.71044406E-02
 1.03166761E+00  1.38276767E-01
 1.12633234E+00  1.78389027E-01
 1.22899770E+00  1.85423078E-01
 1.27290354E+00  1.57078810E-01
 1.22085758E+00  9.30753953E-02
 1.08527846E+00  4.93080902E-03
 9.15352450E-01 -7.23587448E-02
 7.93667270E-01 -9.68878672E-02
 7.61350995E-01 -4.97889885E-02
 7.86644813E-01  4.51447401E-02
 7.66385302E-01  8.74157365E-02
 5.94705738E-01 -2.71774045E-02
 4.01901570E-01 -2.02709446E-01
 4.29241298E-01 -2.47052469E-01
 6.22060089E-01 -1.70520810E-01
 8.00437363E-01 -7.34980636E-02
 9.52745566E-01  1.46518983E-02
 1.06427545E+00  3.51550769E-02
 1.09457132E+00 -2.92124772E-02
 1.09383644E+00 -9.58578350E-02
 1.09484509E+00 -1.06351752E-01
 1.08823185E+00 -3.73138424E-02
 1.06290268E+00  6.15265372E-02
 9.97456679E-01  8.42870737E-02
 9.45209224E-01  7.39230498E-02
 9.92847853E-01  1.29803688E-01
 1.09714427E+00  1.57915536E-01
 1.16290360E+00  5.08343482E-02
 1.18298548E+00 -5.54524065E-02
 1.17000223E+00  2.87572574E-04
 1.12557475E+00  1.04550196E-01
 1.08937642E+00  8.37511885E-02
 1.08893968E+00  1.66257827E-02
 1.11824668E+00  2.94632636E-02
 1.16622329E+00  6.39312266E-02
 1.20792379E+00  5.65645096E-02
 1.23042533E+00  4.68650351E-02
 1.24069053E+00  5.44291936E-02
 1.23575765E+00  5.73842589E-02
 1.21421324E+00  5.18516871E-02
 1.17633079E+00  4.64128730E-02
 1.11717131E+00  4.28691902E-02
 1.04935588E+00  3.94402486E-02
 9.97159479E-01  3.52497358E-02
 9.76857638E-01  3.08751086E-02
 9.98332081E-01  2.64706864E-02
 1.05314569E+00  2.16190592E-02
 1.11444015E+00  1.64576223E-02
 1.16475094E+00  1.07185789E-02
 1.19647649E+00  3.94854123E-03
 1.20923721E+00 -2.91297959E-03
 1.21539501E+00 -8.17805274E-03
 1.21775866E+00 -1.06201469E-02
 1.20900531E+00 -9.16519325E-03
 1.18776485E+00 -3.16285030E-03
 1.15171493E+00  7.28352627E-03
 1.10459985E+00  2.22588876E-02
 1.06013217E+00  4.17307506E-02
 1.02697562E+00  6.45836385E-02
 1.01116197E+00  8.90615085E-02
 1.01872884E+00  1.12964012E-01
 1.04842787E+00  1.33595174E-01
 1.09307135E+00  1.48568853E-01
 1.14167515E+00  1.55646046E-01
 1.18101078E+00  1.51718295E-01
 1.19973032E+00  1.33014958E-01
 1.19277201E+00  9.52360668E-02
 1.16111725E+00  3.50185714E-02
 1.10539518E+00 -4.58656674E-02
 1.02857894E+00 -1.37914152E-01
 9.41667238E-01 -2.21070001E-01
 8.59354135E-01 -2.68853165E-01
 7.97727964E-01 -2.63006169E-01
 7.70630033E-01 -2.00719260E-01
 7.77312041E-01 -1.03172031E-01
 8.05274686E-01 -1.14601430E-02
 8.45251197E-01  4.42413720E-02
 8.89473424E-01  5.22154684E-02
 9.32062503E-01  2.33764512E-02
 9.73049251E-01 -7.00563852E-03
 1.00667457E+00 -1.81304561E-02
 1.02519170E+00 -7.41667257E-03
 1.03359497E+00  2.35995088E-02
 1.04226891E+00  5.91194420E-02
 1.05955777E+00  9.27516808E-02
 1.09130895E+00  1.29130162E-01
 1.12814709E+00  1.54474726E-01
 1.14820586E+00  1.50378512E-01
 1.13844162E+00  1.04236994E-01
 1.09337855E+00  8.79509343E-03
 1.01345226E+00 -1.10372409E-01
 9.12504562E-01 -2.03395350E-01
 8.07363328E-01 -2.37796329E-01
 7.22439769E-01 -2.00928774E-01
 7.08485126E-01 -1.10419242E-01
 7.94952855E-01 -1.64557291E-02
 8.97296081E-01  4.98548397E-02
 9.04380556E-01  8.04845045E-02
 8.90104497E-01  7.69185347E-02
 9.89631514E-01  6.20614604E-02
 1.12770240E+00  4.49789100E-02
 1.17661073E+00  1.75762566E-02
 1.18017125E+00 -1.28381016E-02
 1.19908769E+00 -3.79492150E-02
 1.19851099E+00 -4.65841938E-02
 1.16157359E+00 -2.05746171E-02
 1.11460018E+00  3.40703241E-02
 1.06889328E+00  9.44763293E-02
 1.02884143E+00  1.46163071E-01
 1.00665416E+00  1.77215720E-01
 1.00721748E+00  1.87024727E-01
 1.02690930E+00  1.89996362E-01
 1.06138231E+00  1.88846129E-01
 1.10351531E+00  1.78253497E-01
 1.14408043E+00  1.58298226E-01
 1.17456833E+00  1.26396337E-01
 1.18461312E+00  8.69063903E-02
 1.16749646E+00  5.38831243E-02
 1.13156700E+00  3.59245530E-02
 1.09484017E+00  3.87965504E-02
 1.07142450E+00  6.61705656E-02
 1.06963501E+00  1.11477963E-01
 1.08442440E+00  1.58273890E-01
 1.09752765E+00  1.85011051E-01
 1.09943502E+00  1.74527412E-01
 1.08840166E+00  1.22641897E-01
 1.06255462E+00  4.81520222E-02
 1.02681545E+00 -1.27479596E-02
 9.82742680E-01 -3.61168307E-02
 9.29156079E-01 -1.65251237E-02
 8.79391407E-01  2.91500840E-02
 8.52952370E-01  6.14360712E-02
 8.63521757E-01  5.83829368E-02
 9.18002486E-01  2.13211600E-02
 1.00207476E+00 -3.61479918E-02
 1.08335885E+00 -8.16921304E-02
 1.13898363E+00 -9.78297261E-02
 1.15694097E+00 -8.94266904E-02
 1.13752196E+00 -6.32980491E-02
 1.09838288E+00 -3.62958259E-02
 1.04951467E+00 -1.72074873E-02
 9.93946655E-01  1.51688099E-03
 9.44254265E-01  2.37835026E-02
 9.11872483E-01  5.49510079E-02
 9.10027863E-01  9.62118286E-02
 9.51906785E-01  1.36831816E-01
 1.02581144E+00  1.66625832E-01
 1.10315847E+00  1.75593881E-01
 1.16202387E+00  1.56856212E-01
 1.18607625E+00  1.14236676E-01
 1.17561642E+00  5.99707472E-02
 1.14986241E+00  1.22114037E-02
 1.11686943E+00 -1.45045772E-02
 1.07711888E+00 -1.55785341E-02
 1.03748969E+00  1.14921230E-03
 1.00095262E+00  1.71659383E-02
 9.76785001E-01  2.17585996E-02
 9.79847178E-01  1.60343107E-02
 1.00686211E+00  1.07384071E-02
 1.04400061E+00  2.66688062E-02
 1.08078911E+00  7.18413277E-02
 1.10569232E+00  1.36173007E-01
 1.11528808E+00  1.98551677E-01
 1.11560903E+00  2.25928551E-01
 1.10346713E+00  1.97670846E-01
 1.07053884E+00  1.15291186E-01
 1.01247368E+00 -2.43302453E-03
 9.24504338E-01 -1.18246686E-01
 8.10578085E-01 -2.03485491E-01
 6.87099036E-01 -2.47199382E-01
 5.75241286E-01 -2.49680011E-01
 5.00141287E-01 -2.27512941E-01
 4.82321414E-01 -1.90116909E-01
 5.27500738E-01 -1.37065210E-01
 6.20362452E-01 -7.73846233E-02
 7.28615228E-01 -1.96068555E-02
 8.25815536E-01  2.51263771E-02
 8.98270220E-01  4.36265270E-02
 9.49874038E-01  4.71578175E-02
 1.00277260E+00  6.04965066E-02
 1.06521871E+00  9.24243556E-02
 1.13001773E+00  1.33190659E-01
 1.18783774E+00  1.36815181E-01
 1.21997279E+00  5.81885880E-02
 1.21950177E+00 -2.63163800E-02
 1.19519716E+00 -2.63463405E-03
 1.14995908E+00  5.75455636E-02
 1.08891390E+00  2.50533873E-02
 1.01879963E+00 -3.77837274E-02
 9.41781807E-01 -2.98366321E-02
 8.69425665E-01  1.82115562E-03
 8.18479568E-01  2.47254030E-03
 7.98355859E-01  3.14494686E-03
 8.12163530E-01  2.18840176E-02
 8.49245927E-01  3.66121950E-02
 8.85984797E-01  3.70741112E-02
 9.04425685E-01  2.72406390E-02
 8.95217322E-01  7.89748661E-03
 8.60474086E-01 -1.72460512E-02
 8.16541084E-01 -3.77657057E-02
 7.74988141E-01 -4.50781339E-02
 7.42757944E-01 -3.51965317E-02
 7.31922792E-01 -9.71842888E-03
 7.51105838E-01  2.36549467E-02
 8.08551026E-01  5.88645991E-02
 9.07828583E-01  9.16997868E-02
 1.02550499E+00  1.16508579E-01
 1.12176139E+00  1.29763447E-01
 1.16794993E+00  1.28305703E-01
 1.15150983E+00  1.11704969E-01
 1.09379996E+00  9.23160357E-02
 1.04619062E+00  8.93901121E-02
 1.03890981E+00  1.14924425E-01
 1.07624626E+00  1.69683792E-01
 1.13981237E+00  2.32557553E-01
 1.18207599E+00  2.65101964E-01
 1.17679509E+00  2.43603033E-01
 1.12552698E+00  1.65171321E-01
 1.03362098E+00  5.14694436E-02
 9.24250367E-01 -5.08831613E-02
 8.13198117E-01 -1.12015803E-01
 7.03157223E-01 -1.26243594E-01
 6.17909527E-01 -1.03592809E-01
 5.85733427E-01 -7.61582032E-02
 6.24258209E-01 -6.10323147E-02
 7.39067198E-01 -5.34849725E-02
 8.89037053E-01 -4.82961650E-02
 1.00178685E+00 -3.06285038E-02
 1.03727641E+00  3.47916088E-03
 1.00056360E+00  3.98730733E-02
 9.68043363E-01  7.07492794E-02
 1.03332480E+00  8.80292744E-02
 1.10516082E+00  8.65084204E-02
 1.02591658E+00  7.25743781E-02
 9.07986453E-01  5.01895912E-02
 9.37919183E-01  2.24280674E-02
 1.02524729E+00 -5.04224358E-03
 1.02837254E+00 -3.04428085E-02
 1.01189341E+00 -5.32214560E-02
 1.04665046E+00 -7.26009757E-02
 1.07305904E+00 -8.77718355E-02
 1.04761846E+00 -9.59899385E-02
 1.00526361E+00 -9.30802562E-02
 9.77328754E-01 -7.49137078E-02
 9.65121867E-01 -4.14753259E-02
 9.70863225E-01  1.60492017E-03
 9.87784230E-01  4.35916357E-02
 9.90043237E-01  6.99932599E-02
 9.64927877E-01  7.02808958E-02
 9.15309395E-01  4.20634674E-02
 8.47030911E-01 -6.39185735E-03
 7.76288801E-01 -5.71694214E-02
 7.14879579E-01 -9.58417574E-02
 6.65737229E-01 -1.14786824E-01
 6.37421683E-01 -1.13497572E-01
 6.37199009E-01 -1.00526019E-01
 6.70129409E-01 -7.96329961E-02
 7.40012293E-01 -4.98431574E-02
 8.34210664E-01 -1.49003673E-02
 9.28512483E-01  2.19284468E-02
 1.00340272E+00  5.44005945E-02
 1.04526350E+00  7.33630901E-02
 1.05614915E+00  8.02183613E-02
 1.05393013E+00  8.29269490E-02
 1.04805234E+00  8.61625662E-02
 1.04007906E+00  9.34994857E-02
 1.02928026E+00  1.02516466E-01
 1.00725858E+00  1.04129649E-01
 9.75341214E-01  9.56209815E-02
 9.45229864E-01  7.92772338E-02
 9.22920734E-01  5.73271117E-02
 9.14380854E-01  3.56421979E-02
 9.22682272E-01  1.79134006E-02
 9.42768889E-01  4.50288299E-03
 9.71272055E-01 -4.61520896E-04
 1.00522025E+00  7.36994866E-03
 1.03890906E+00  2.93178448E-02
 1.06917977E+00  6.40376552E-02
 1.09585335E+00  1.01828977E-01
 1.12005756E+00  1.27145071E-01
 1.14290785E+00  1.29691202E-01
 1.16454753E+00  1.06970086E-01
 1.18349831E+00  6.90677419E-02
 1.19684230E+00  3.72956836E-02
 1.20379982E+00  2.55791586E-02
 1.20496042E+00  3.68728862E-02
 1.19881308E+00  6.26295279E-02
 1.18359156E+00  8.16223976E-02
 1.15810768E+00  8.17896375E-02
 1.12164993E+00  6.34816322E-02
 1.07743896E+00  3.20654795E-02
 1.03177857E+00  2.07747986E-03
 9.89645378E-01 -1.92890732E-02
 9.55155881E-01 -3.57996232E-02
 9.31331226E-01 -4.96804145E-02
 9.18775829E-01 -6.61889831E-02
 9.18485449E-01 -8.69129117E-02
 9.31045201E-01 -1.05388246E-01
 9.53364628E-01 -1.17703040E-01
 9.80372392E-01 -1.20189258E-01
 1.00638210E+00 -1.09449880E-01
 1.02548965E+00 -8.64340089E-02
 1.03505876E+00 -5.15961919E-02
 1.03598705E+00 -5.53342633E-03
 1.02979816E+00  4.87679500E-02
 1.02061454E+00  1.07425725E-01
 1.01732292E+00  1.63551121E-01
 1.02946979E+00  2.07602239E-01
 1.06178284E+00  2.30745222E-01
 1.10890091E+00  2.25645327E-01
 1.14560822E+00  1.88829912E-01
 1.13530828E+00  1.22228263E-01
 1.05884408E+00  3.13958336E-02
 9.25105008E-01 -7.22629763E-02
 7.85307527E-01 -1.68142684E-01
 6.99306047E-01 -2.31688703E-01
 6.23266487E-01 -2.43809684E-01
 4.93271358E-01 -1.98178265E-01
 4.49855345E-01 -1.13881258E-01
 6.49939145E-01 -2.97220456E-02
 8.87850436E-01  2.51236717E-02
 8.79083112E-01  3.75743485E-02
 7.89202151E-01  1.83008982E-02
 9.01387469E-01  2.07882791E-03
 1.07815728E+00  6.42872276E-03
 1.10766338E+00  2.84537213E-02
 1.08316265E+00  5.73612995E-02
 1.10456619E+00  6.86094904E-02
 1.11437487E+00  5.97870501E-02
 1.08968129E+00  5.91701887E-02
 1.05855247E+00  1.05312768E-01
 1.01371547E+00  2.15803460E-01
 9.41393890E-01  2.86662522E-01
 8.46350626E-01  1.81739082E-01
 7.42266094E-01 -8.28734105E-05
 6.48534880E-01 -6.88324804E-02
 5.75356285E-01 -7.22023408E-02
 5.22131560E-01 -1.22429247E-01
 4.83073181E-01 -1.71856511E-01
 4.43925828E-01 -1.82559856E-01
 3.94730913E-01 -2.02347444E-01
 3.35468395E-01 -2.45780323E-01
 2.71738061E-01 -2.82874733E-01
 2.16643348E-01 -2.90151698E-01
 1.79689682E-01 -2.67140946E-01
 1.63762640E-01 -2.23063629E-01
 1.71890822E-01 -1.64795486E-01
 2.03062099E-01 -1.06034982E-01
 2.56147007E-01 -5.67319112E-02
 3.29177038E-01 -1.37893560E-02
 4.06642737E-01  2.89794120E-02
 4.66232822E-01  8.07516650E-02
 4.92491627E-01  1.45688444E-01
 4.80235871E-01  2.15282853E-01
 4.47918423E-01  2.70305128E-01
 4.32383803E-01  2.84260736E-01
 4.55237370E-01  2.41919609E-01
 5.16942871E-01  1.47804112E-01
 5.91177006E-01  2.81696637E-02
 6.26404047E-01 -7.19198536E-02
 5.94358524E-01 -1.20095111E-01
 4.99976088E-01 -1.06496953E-01
 3.76352976E-01 -4.41088067E-02
 2.86385982E-01  2.92080713E-02
 2.66351872E-01  8.81492717E-02
 3.10640420E-01  1.26273905E-01
 3.84156808E-01  1.42834305E-01
 4.21769141E-01  1.51540392E-01
 3.94771565E-01  1.54619484E-01
 3.34351024E-01  1.40179689E-01
 3.20376311E-01  1.10344563E-01
 4.25730900E-01  7.09754668E-02
 5.20138764E-01  3.24386613E-02
 4.10612810E-01  1.50348026E-02
 2.63537861E-01  2.63413171E-02
 3.61629102E-01  6.26816360E-02
 6.01566189E-01  1.20528664E-01
 7.51303771E-01  1.85354444E-01
 7.58199679E-01  2.28505284E-01
 5.93693091E-01  2.18362713E-01
 3.62392196E-01  1.31566592E-01
 3.11658327E-01 -3.28602759E-02
 4.02419584E-01 -2.29621153E-01
 4.34957986E-01 -3.81527497E-01
 4.44217789E-01 -4.35837802E-01
 4.84301582E-01 -3.78419814E-01
 4.66601393E-01 -2.51900765E-01
 3.67035335E-01 -1.48716067E-01
 2.74485464E-01 -1.15382838E-01
 2.76884480E-01 -1.34437356E-01
 3.81913549E-01 -1.30362706E-01
 5.50548388E-01 -8.37360800E-03
 7.50908838E-01  1.45624334E-01
 9.23355720E-01  1.64721145E-01
 9.99709838E-01  1.37012611E-01
 9.68926869E-01  2.21638512E-01
 9.13303882E-01  3.25676346E-01
 9.32526185E-01  3.23887150E-01
 9.39484809E-01  2.87563840E-01
 7.82254642E-01  2.97730611E-01
 5.76980821E-01  3.15121527E-01
 5.12247142E-01  3.03912421E-01
 5.11839425E-01  2.81084690E-01
 4.47608404E-01  2.47286542E-01
 3.63147084E-01  1.87803808E-01
 3.04642890E-01  1.06335882E-01
 2.49086716E-01  1.79393159E-02
 2.07140064E-01 -6.04801971E-02
 1.97232228E-01 -1.15751575E-01
 2.06105468E-01 -1.42279237E-01
 2.23622855E-01 -1.44408320E-01
 2.42787245E-01 -1.35950797E-01
 2.58960582E-01 -1.25647309E-01
 2.78668744E-01 -1.15191439E-01
 3.07617371E-01 -1.04098029E-01
 3.51093514E-01 -8.63370036E-02
 4.14347836E-01 -6.04366894E-02
 4.94447196E-01 -3.05886899E-02
 5.80036443E-01  3.99544869E-03
 6.54887143E-01  4.40219194E-02
 7.07197163E-01  8.83124492E-02
 7.34096390E-01  1.34116705E-01
 7.43715123E-01  1.66069371E-01
 7.54059768E-01  1.63412237E-01
 7.76438917E-01  1.21486377E-01
 8.12521239E-01  5.78746243E-02
 8.57828522E-01  2.48985292E-02
 8.99443907E-01  7.23730855E-02
 9.31510207E-01  1.39457685E-01
 9.58292896E-01  1.26087824E-01
 9.85551271E-01  9.01626097E-02
 1.02321486E+00  1.34246474E-01
 1.07443643E+00  1.87019132E-01
 1.13080197E+00  1.48132681E-01
 1.18008526E+00  7.08068135E-02
 1.20574044E+00  2.93757486E-02
 1.19686212E+00  7.22714886E-03
 1.15525079E+00 -1.22080328E-02
 1.09368372E+00 -1.51519832E-02
 1.03497665E+00 -9.44452261E-03
 9.97218413E-01 -4.49530268E-03
 9.87772777E-01  9.09270721E-03
 1.00394978E+00  4.19107667E-02
 1.03100435E+00  1.02499411E-01
 1.05809856E+00  1.83063674E-01
 1.07933858E+00  2.48623772E-01
 1.08329672E+00  2.38666843E-01
 1.06073349E+00  1.18397262E-01
 1.00335405E+00  4.07200317E-03
 9.07169444E-01  5.33773638E-02
 7.93133327E-01  1.63543380E-01
 6.98311493E-01  1.39270478E-01
 6.50744293E-01  6.49732305E-02
 6.65809560E-01  9.16682601E-02
 7.31286636E-01  1.50037837E-01
 8.08488474E-01  1.58023460E-01
 8.73322539E-01  1.56751466E-01
 9.17382570E-01  1.67103596E-01
 9.40248747E-01  1.66813840E-01
 9.55985739E-01  1.59623624E-01
 9.57405926E-01  1.59122156E-01
 9.11176252E-01  1.65351377E-01
 7.79684423E-01  1.69676343E-01
 5.55907680E-01  1.59588800E-01
 3.70350414E-01  1.30150180E-01
 4.00561739E-01  8.45979203E-02
 5.97885507E-01  3.15867702E-02
 7.87575184E-01 -1.27049576E-02
 9.05672899E-01 -3.65934397E-02
 9.21110959E-01 -3.65802961E-02
 8.66663667E-01 -1.30327316E-02
 8.70705075E-01  2.67221846E-02
 9.05311427E-01  7.55496446E-02
 8.63078629E-01  1.27783975E-01
 8.28377606E-01  1.71396940E-01
 8.96289360E-01  1.93142610E-01
 9.54691475E-01  1.82307109E-01
 8.86780671E-01  1.33672153E-01
 7.96462397E-01  6.07458445E-02
 8.27016439E-01 -9.14299203E-03
 9.06745848E-01 -5.49308654E-02
 9.17955802E-01 -6.47122610E-02
 9.10731872E-01 -4.36401874E-02
 9.48354723E-01 -1.44423595E-02
 9.91665952E-01  1.09773694E-02
 1.01327333E+00  3.19468652E-02
 1.02870333E+00  5.01615194E-02
 1.03748143E+00  7.63855888E-02
 1.03159731E+00  1.11738190E-01
 1.01713106E+00  1.46031801E-01
 1.00595994E+00  1.76844642E-01
 1.01024200E+00  2.01861123E-01
 1.03763677E+00  2.18328743E-01
 1.08489263E+00  2.27154128E-01
 1.13052345E+00  2.19026026E-01
 1.14052349E+00  1.79083663E-01
 1.09287410E+00  1.02553407E-01
 9.85577008E-01 -5.56724590E-03
 8.44653996E-01 -1.24006504E-01
 7.21152601E-01 -2.17161412E-01
 6.49515261E-01 -2.60003087E-01
 6.39443912E-01 -2.43820588E-01
 6.78238144E-01 -1.79753729E-01
 7.26721134E-01 -9.99921070E-02
 7.63905450E-01 -2.75610118E-02
 7.94061003E-01  2.85682538E-02
 8.27893405E-01  6.70075250E-02
 8.90176531E-01  9.96017157E-02
 9.85487048E-01  1.26104587E-01
 1.08780659E+00  1.31970689E-01
 1.16425308E+00  1.08468191E-01
 1.17449582E+00  4.82906308E-02
 1.10367620E+00 -3.92801435E-02
 9.85124503E-01 -1.17994326E-01
 8.97197772E-01 -1.36216184E-01
 9.17590222E-01 -6.34950318E-02
 9.87739617E-01  2.04747526E-02
 9.80208056E-01  1.19389938E-03
 9.25408319E-01 -4.94341381E-02
 9.15734294E-01  5.23201381E-03
 9.42084824E-01  9.35021639E-02
 9.88643911E-01  9.49803137E-02
 1.04042125E+00  5.67928577E-02
 1.04234026E+00  4.02889040E-02
 1.00984879E+00  1.49218635E-02
 9.93077372E-01 -3.29057027E-02
 9.30265048E-01 -7.75779841E-02
 7.62782721E-01 -1.09805737E-01
 6.29303097E-01 -1.28482118E-01
 6.91300157E-01 -1.27161546E-01
 8.30718190E-01 -1.08895166E-01
 8.42838108E-01 -8.54241493E-02
 7.80986108E-01 -6.62362861E-02
 7.60808209E-01 -5.72356990E-02
 7.24443650E-01 -5.50132801E-02
 6.27834536E-01 -4.73040212E-02
 5.30602281E-01 -2.85267679E-02
 4.79030819E-01  1.34607090E-03
 5.10513558E-01  4.22500509E-02
 6.59434824E-01  8.69037119E-02
 8.55193868E-01  1.23383845E-01
 9.72893008E-01  1.31316606E-01
 1.00588865E+00  6.54577684E-02
 1.01537639E+00 -8.76031120E-02
 1.02739683E+00 -1.89187383E-01
 1.06886668E+00 -7.79741449E-02
 1.09502709E+00  1.13860434E-01
 1.01017493E+00  1.42194785E-01
 8.85101417E-01  6.87934615E-02
 8.55645232E-01  4.84182769E-02
 8.78504088E-01  2.94882049E-02
 8.68604419E-01 -2.90460292E-02
 8.61251954E-01 -5.48031849E-02
 8.90622335E-01 -2.23815560E-02
 9.34019183E-01  2.85971926E-02
 9.86604425E-01  6.23834389E-02
 1.04984656E+00  7.27129933E-02
 1.10510913E+00  6.57776056E-02
 1.14006632E+00  4.44667807E-02
 1.14791911E+00  2.22030207E-02
 1.11518833E+00  6.61094343E-03
 1.02684430E+00 -9.71485723E-03
 8.61183297E-01 -2.79748894E-02
 6.28796409E-01 -4.81517643E-02
 4.65549916E-01 -6.94206347E-02
 5.09726701E-01 -8.37568726E-02
 6.04599961E-01 -8.82974764E-02
 5.10477370E-01 -8.45228478E-02
 4.05675729E-01 -7.29983826E-02
 5.75264240E-01 -5.80587450E-02
 8.35467067E-01 -4.50090065E-02
 9.05497796E-01 -3.75690897E-02
 8.92338760E-01 -3.90118444E-02
 9.49321662E-01 -4.82399824E-02
 9.95796790E-01 -5.53431253E-02
 9.78135742E-01 -4.57411581E-02
 9.73257546E-01 -1.01975991E-02
 1.02177625E+00  5.12939748E-02
 1.08650836E+00  1.23623829E-01
 1.12934084E+00  1.79379902E-01
 1.14627629E+00  2.00495804E-01
 1.13863073E+00  1.82667307E-01
 1.10396210E+00  1.36514908E-01
 1.05446389E+00  8.85406826E-02
 9.95624808E-01  5.46462987E-02
 9.24038435E-01  3.56768130E-02
 8.56698778E-01  2.49912387E-02
 8.18168347E-01  5.67602461E-03
 8.23998690E-01 -2.41347316E-02
 8.81822321E-01 -4.40856783E-02
 9.70459701E-01 -2.25941984E-02
 1.04518168E+00  5.87550200E-02
 1.07705910E+00  1.27220046E-01
 1.05619531E+00  8.35937458E-02
 9.97341339E-01 -5.46050256E-03
 9.42836863E-01 -1.15199635E-02
 9.17215136E-01  2.47905654E-02
 9.22382358E-01  2.00911845E-02
 9.51048851E-01  9.28292964E-03
 9.77332268E-01  2.39522875E-02
 9.89602584E-01  3.15472779E-02
 9.95708062E-01  1.99334158E-02
 9.96120899E-01  8.07319892E-03
 9.95124656E-01  8.03263469E-03
 9.92971516E-01  1.75207394E-02
 9.79711449E-01  3.06458698E-02
 9.59897990E-01  4.29466980E-02
 9.45867382E-01  4.66963993E-02
 9.44535887E-01  3.81737639E-02
 9.62405863E-01  2.42273363E-02
 9.94303200E-01  1.96463721E-02
 1.02323287E+00  4.17726166E-02
 1.03975262E+00  9.26407459E-02
 1.04011347E+00  1.47456460E-01
 1.02407480E+00  1.45400272E-01
 9.98983411E-01  3.13813973E-02
 9.65989393E-01 -1.30784144E-01
 9.19087079E-01 -2.18465332E-01
 8.53985382E-01 -2.31773652E-01
 7.65802454E-01 -2.33638405E-01
 6.57484762E-01 -2.55773884E-01
 5.45157085E-01 -3.34300067E-01
 4.53810209E-01 -4.12482555E-01
 4.14214205E-01 -3.69665416E-01
 4.47839828E-01 -2.56412119E-01
 5.56044706E-01 -1.93327849E-01
 7.13037585E-01 -1.44883817E-01
 8.70731866E-01 -5.42544282E-02
 9.91721528E-01  3.02890140E-02
 1.05925919E+00  7.29394070E-02
 1.08256060E+00  9.65186083E-02
 1.09787133E+00  1.16498529E-01
 1.12417490E+00  1.30759792E-01
 1.15874004E+00  1.42118606E-01
 1.19252272E+00  1.48983631E-01
 1.20120534E+00  1.39880394E-01
 1.17813325E+00  1.12296832E-01
 1.13963715E+00  7.33350131E-02
 1.09586741E+00  3.24016039E-02
 1.06093481E+00  3.86839814E-03
 1.04435407E+00 -4.29620410E-03
 1.04101664E+00  5.09537740E-03
 1.05133238E+00  2.45993911E-02
 1.07652867E+00  4.09360100E-02
 1.11249266E+00  4.41478466E-02
 1.15673970E+00  3.36025512E-02
 1.20104210E+00  1.64147991E-02
 1.23122856E+00  6.49483474E-03
 1.23465412E+00  1.04723369E-02
 1.19940379E+00  2.28019079E-02
 1.11772905E+00  2.75135641E-02
 9.92770715E-01  1.64656895E-03
 8.43006228E-01 -5.94403243E-02
 7.11154285E-01 -1.32001355E-01
 6.76256920E-01 -1.61889786E-01
 7.92796628E-01 -9.84791881E-02
 9.55838878E-01  2.53739804E-03
 1.00086299E+00  4.23026012E-02
 9.74447767E-01  6.89175104E-02
 1.01275909E+00  1.70826422E-01
 1.09031404E+00  2.71228945E-01
 1.14746473E+00  2.68566909E-01
 1.16515278E+00  2.10343034E-01
 1.08727224E+00  1.67468486E-01
 9.31056516E-01  1.24392110E-01
 7.83794995E-01  6.54434629E-02
 6.41024558E-01  6.15916493E-03
 4.73310763E-01 -5.75929884E-02
 3.29465372E-01 -1.29635063E-01
 2.51209617E-01 -1.95183588E-01
 2.23915101E-01 -2.43379988E-01
 2.28733602E-01 -2.65876946E-01
 2.61595180E-01 -2.59667434E-01
 3.14630267E-01 -2.33816023E-01
 3.84113039E-01 -2.00283115E-01
 4.76462772E-01 -1.72917865E-01
 5.83302329E-01 -1.63013919E-01
 6.83541160E-01 -1.69673199E-01
 7.59691103E-01 -1.75291773E-01
 7.95129362E-01 -1.51987349E-01
 7.89121995E-01 -8.41087713E-02
 7.68236363E-01  2.24307844E-02
 7.82607970E-01  1.31683867E-01
 8.66101688E-01  1.85889729E-01
 9.38374900E-01  1.56328319E-01
 8.79205789E-01  5.82888444E-02
 7.44215474E-01 -4.22127318E-02
 6.73199817E-01 -6.24598907E-02
 6.92508903E-01 -4.10137254E-02
 7.90642543E-01 -7.39581894E-02
 9.24759736E-01 -1.05307912E-01
 9.85262120E-01 -4.66529080E-02
 9.64784869E-01  2.58290512E-02
 9.35714620E-01  1.96447891E-02
 8.93081610E-01 -1.43050015E-02
 8.33896363E-01 -5.75421445E-03
 8.06296042E-01  2.14230333E-02
 8.22884767E-01  3.49633520E-02
 8.40954532E-01  4.23744254E-02
 8.07333790E-01  3.66307884E-02
 7.14005123E-01  6.45988431E-03
 6.00040844E-01 -3.70302932E-02
 5.45729641E-01 -8.04883488E-02
 6.22526632E-01 -1.11068453E-01
 7.13445188E-01 -1.17548824E-01
 6.34514137E-01 -9.97062711E-02
 5.05894111E-01 -6.70739049E-02
 5.47280089E-01 -3.61636679E-02
 6.58712611E-01 -1.88636238E-02
 6.73544873E-01 -1.63907519E-02
 6.69628339E-01 -1.83237571E-02
 7.34326498E-01 -4.45000299E-03
 8.10449485E-01  3.42525339E-02
 8.57877333E-01  9.07175051E-02
 8.94039763E-01  1.45390360E-01
 9.14085054E-01  1.66508709E-01
 9.01028248E-01  1.36537023E-01
 8.60370978E-01  6.08672068E-02
 8.18284522E-01 -3.64894071E-02
 8.08520860E-01 -1.13019552E-01
 8.51804485E-01 -1.40118708E-01
 9.46935244E-01 -1.14632592E-01
 1.05870500E+00 -5.49745595E-02
 1.12510777E+00 -2.19220956E-03
 1.10857754E+00  1.89830532E-02
 1.00976947E+00  1.04299191E-02
 8.74559297E-01 -1.00633769E-02
 7.90031136E-01 -5.29313461E-03
 8.07100537E-01  4.14820798E-02
 9.21931353E-01  1.15641814E-01
 1.08165222E+00  1.88822058E-01
 1.18386544E+00  2.15356837E-01
 1.17313701E+00  1.69530535E-01
 1.06713579E+00  6.14942229E-02
 9.38467161E-01 -7.65134345E-02
 8.87329884E-01 -1.88701622E-01
 8.68129466E-01 -2.35829052E-01
 7.60097715E-01 -2.12780060E-01
 6.44135165E-01 -1.39620504E-01
 6.51493283E-01 -6.42814097E-02
 7.13679959E-01 -1.76171068E-02
 7.37222273E-01 -1.09490029E-03
 7.67901337E-01 -4.58980042E-03
 8.49648237E-01  1.54666480E-03
 9.33228016E-01  2.96730374E-02
 9.77260745E-01  6.64697322E-02
 1.00609111E+00  1.02895123E-01
 1.04929709E+00  1.24132868E-01
 1.10764731E+00  1.24923647E-01
 1.17780646E+00  1.19849953E-01
 1.24298438E+00  1.17726353E-01
 1.26535175E+00  1.26158587E-01
 1.22720373E+00  1.50842254E-01
 1.13581538E+00  1.83746131E-01
 1.01285139E+00  2.11259542E-01
 8.98947590E-01  2.16708900E-01
 8.20532477E-01  1.85543104E-01
 7.77897916E-01  1.14065069E-01
 7.54127804E-01  1.22078092E-02
 7.13296143E-01 -9.86905373E-02
 6.35998973E-01 -2.01027415E-01
 5.32103784E-01 -2.83747112E-01
 4.31927905E-01 -3.39402547E-01
 3.86075367E-01 -3.68254098E-01
 4.21335474E-01 -3.66902327E-01
 5.25747623E-01 -3.30007321E-01
 6.58445110E-01 -2.65818784E-01
 7.52746873E-01 -1.88931127E-01
 7.76098107E-01 -1.13656996E-01
 7.54179080E-01 -5.31148218E-02
 7.68095416E-01 -3.64052817E-03
 9.01924081E-01  5.11242691E-02
 1.05802896E+00  1.16264181E-01
 1.05296584E+00  1.86011335E-01
 9.32506843E-01  2.41896041E-01
 8.35059114E-01  2.53458138E-01
 7.55087830E-01  2.10558718E-01
 6.83069471E-01  1.30185309E-01
 6.42996200E-01  5.24296435E-02
 6.10677023E-01  3.26852757E-02
 6.13218651E-01  8.75942869E-02
 6.88571948E-01  1.68808715E-01
 6.98907358E-01  1.48281165E-01
 5.06697960E-01 -7.87506946E-02
 3.30097105E-01 -3.07344824E-01
 4.74656220E-01 -2.23941200E-01
 7.83964345E-01  2.50520724E-02
 9.36283577E-01  1.14608173E-01
 9.56706917E-01  1.06671788E-01
 9.44032008E-01  1.41289611E-01
 8.83870273E-01  1.67947682E-01
 8.42502100E-01  1.87611127E-01
 8.32970218E-01  2.09931244E-01
 7.65430362E-01  1.63870408E-01
 6.63533522E-01  7.05435388E-02
 5.89988136E-01  4.60959274E-03
 5.22449366E-01 -4.41390570E-02
 4.47107460E-01 -1.07943701E-01
 3.82127698E-01 -2.14610670E-01
 3.28422602E-01 -3.88010176E-01
 2.82516182E-01 -5.18794781E-01
 2.60956281E-01 -4.48087225E-01
 3.15530396E-01 -2.44012289E-01
 4.79913617E-01 -8.06194896E-02
 6.46732891E-01  2.36879313E-02
 6.74762774E-01  8.98164191E-02
 6.55991281E-01  1.15529869E-01
 7.61750068E-01  1.56582782E-01
 9.18502347E-01  2.06357356E-01
 9.93049765E-01  1.97629079E-01
 1.03740796E+00  1.56969442E-01
 1.10983473E+00  1.36872306E-01
 1.16416110E+00  1.33363471E-01
 1.17606445E+00  1.47028112E-01
 1.16546583E+00  1.80799706E-01
 1.13721674E+00  2.10620171E-01
 1.08600697E+00  2.14311625E-01
 1.01831180E+00  1.83168284E-01
 9.54863829E-01  1.27779406E-01
 9.20568919E-01  7.70568867E-02
 9.31227239E-01  4.36485699E-02
 9.89948267E-01  2.56057399E-02
 1.07734891E+00  2.03449484E-02
 1.15463537E+00  1.49915743E-02
 1.19362286E+00  4.91954022E-03
 1.18321693E+00 -2.16404987E-03
 1.13324229E+00 -6.37746977E-03
 1.07674532E+00 -8.09162846E-03
 1.03433279E+00 -6.80779242E-03
 1.01099843E+00 -6.21010956E-03
 1.00945813E+00 -1.23497657E-03
 1.01947068E+00  1.87092673E-02
 1.03666791E+00  5.75275285E-02
 1.06182910E+00  1.13505815E-01
 1.07074157E+00  1.73379543E-01
 1.03032591E+00  2.11918700E-01
 9.20283617E-01  2.07567987E-01
 7.37861142E-01  1.43276279E-01
 5.29446773E-01  5.22553240E-03
 3.78698755E-01 -1.75521793E-01
 3.41757109E-01 -2.56460289E-01
 4.37626545E-01 -1.11808909E-01
 6.33899877E-01  6.98293815E-02
 8.41817328E-01  6.00239632E-04
 9.94251685E-01 -1.66157486E-01
 1.05084096E+00 -1.28965489E-01
 9.72141012E-01 -4.76359335E-04
 7.83040175E-01  1.83465449E-02
 6.13320751E-01 -2.86997211E-02
 5.90400160E-01 -1.05746151E-01
 6.31891202E-01 -2.05753305E-01
 5.67974128E-01 -2.39537197E-01
 4.82617632E-01 -2.05769047E-01
 5.38254658E-01 -1.78638111E-01
 6.68954762E-01 -1.41046257E-01
 7.75698083E-01 -6.64637314E-02
 8.74699497E-01 -1.31999708E-03
 9.60448914E-01  2.07043452E-02
 1.01001927E+00  1.73265156E-02
 1.04623603E+00  1.13992993E-02
 1.08415258E+00  2.21167248E-03
 1.12038482E+00 -1.24345097E-02
 1.15202338E+00 -2.17768209E-02
 1.16714656E+00 -1.84858497E-02
 1.16676007E+00  5.74518874E-03
 1.16360510E+00  6.08198325E-02
 1.15358463E+00  1.34120777E-01
 1.12829436E+00  1.98310014E-01
 1.08496818E+00  2.35390600E-01
 1.02105330E+00  2.35766131E-01
 9.50032675E-01  2.08083033E-01
 8.98551424E-01  1.79968013E-01
 8.81690033E-01  1.65504250E-01
 9.04292905E-01  1.64599418E-01
 9.60667527E-01  1.71152266E-01
 1.03013594E+00  1.66549289E-01
 1.09730370E+00  1.43281682E-01
 1.15378420E+00  1.08805492E-01
 1.18888849E+00  6.87101303E-02
 1.19741133E+00  3.34984890E-02
 1.17403462E+00  9.95674656E-03
 1.11490305E+00 -4.60510428E-03
 1.03565196E+00 -8.40898048E-03
 9.63654966E-01  5.08559864E-04
 9.22178072E-01  2.14375404E-02
 9.27771624E-01  5.43868082E-02
 9.74627256E-01  9.14759422E-02
 1.03623879E+00  1.18993495E-01
 1.09598940E+00  1.27260701E-01
 1.14588136E+00  1.11023439E-01
 1.18176844E+00  7.47091253E-02
 1.21079665E+00  3.25326406E-02
 1.22963780E+00 -5.10781817E-03
 1.22616669E+00 -3.23671759E-02
 1.20232995E+00 -4.68188989E-02
 1.16446525E+00 -5.25704310E-02
 1.12036206E+00 -4.97644328E-02
 1.08266749E+00 -3.53404167E-02
 1.05152465E+00 -1.27522450E-02
 1.01789250E+00  1.29144798E-02
 9.81927976E-01  3.57700562E-02
 9.48460265E-01  4.91065561E-02
 9.26667947E-01  5.59637226E-02
 9.32316913E-01  6.58903374E-02
 9.70688836E-01  8.24466658E-02
 1.03434795E+00  1.03883436E-01
 1.10891860E+00  1.20191368E-01
 1.17138734E+00  1.13755096E-01
 1.20416481E+00  7.74508118E-02
 1.20247577E+00  1.77056532E-02
 1.17353135E+00 -4.70916388E-02
 1.13670177E+00 -8.67662298E-02
 1.10576465E+00 -8.12558317E-02
 1.08392742E+00 -2.82986105E-02
 1.06725797E+00  5.71300791E-02
 1.04279736E+00  1.42233068E-01
 1.00752320E+00  2.03156223E-01
 9.71170088E-01  2.31788808E-01
 9.44987795E-01  2.30339250E-01
 9.44787620E-01  2.15929452E-01
 9.77347071E-01  1.96680267E-01
 1.03385362E+00  1.69020108E-01
 1.09878972E+00  1.35363284E-01
 1.14950704E+00  9.59880106E-02
 1.16896011E+00  5.64271556E-02
 1.15518732E+00  2.98816905E-02
 1.12095813E+00  1.61545241E-02
 1.09197528E+00  7.39177826E-03
 1.08562161E+00 -8.04635053E-04
 1.10378718E+00 -1.39967511E-02
 1.13402735E+00 -3.04402128E-02
 1.14912647E+00 -4.03728396E-02
 1.13472851E+00 -4.14713644E-02
 1.09460280E+00 -3.58470378E-02
 1.04088459E+00 -2.47458691E-02
 9.98304816E-01 -1.29186072E-02
 9.80976565E-01 -1.84634750E-03
 9.85888574E-01  1.13795408E-02
 1.00713839E+00  2.64601823E-02
 1.03080037E+00  4.25677875E-02
 1.04854212E+00  5.92470260E-02
 1.06439564E+00  7.37962522E-02
 1.08183966E+00  8.41400088E-02
 1.10681090E+00  8.91239482E-02
 1.14060743E+00  8.72496275E-02
 1.17406599E+00  7.83333457E-02
 1.19646378E+00  6.41187408E-02
 1.19548824E+00  4.74199762E-02
 1.16383447E+00  3.10697904E-02
 1.10575124E+00  1.74646799E-02
 1.03482522E+00  7.97842812E-03
 9.72521878E-01  2.74679102E-03
 9.36695379E-01  2.15130996E-03
 9.35546967E-01  6.33838058E-03
 9.66705143E-01  1.37007948E-02
 1.01631593E+00  2.17609356E-02
 1.07363582E+00  2.76440609E-02
 1.13231445E+00  2.84977578E-02
 1.18308099E+00  2.37462427E-02
 1.21916164E+00  1.48511751E-02
 1.23057611E+00  3.08955292E-03
 1.20607819E+00 -9.68564780E-03
 1.14986002E+00 -2.05437908E-02
 1.07641599E+00 -2.64771448E-02
 1.00014200E+00 -2.37396244E-02
 9.37175453E-01 -8.89894805E-03
 8.96869977E-01  1.81271246E-02
 8.79812962E-01  5.45227486E-02
 8.91208923E-01  9.62258900E-02
 9.34772555E-01  1.36827998E-01
 1.00166422E+00  1.67445652E-01
 1.07743391E+00  1.78929154E-01
 1.14480045E+00  1.64008743E-01
 1.18583330E+00  1.20923295E-01
 1.19626034E+00  5.96365344E-02
 1.18341623E+00 -1.26299266E-03
 1.15060765E+00 -4.65174050E-02
 1.10214656E+00 -6.70750213E-02
 1.04787513E+00 -6.48345409E-02
 9.96984066E-01 -5.28744945E-02
 9.63434939E-01 -3.79093529E-02
 9.61428735E-01 -2.00879023E-02
 9.88055653E-01  9.48223541E-04
 1.02912071E+00  3.02756146E-02
 1.07332910E+00  6.62423449E-02
 1.10997283E+00  9.95465036E-02
 1.13426167E+00  1.25834955E-01
 1.15002489E+00  1.41765871E-01
 1.15408369E+00  1.45710795E-01
 1.14098323E+00  1.42035705E-01
 1.11645896E+00  1.34635590E-01
 1.08968692E+00  1.26796943E-01
 1.07030930E+00  1.22591518E-01
 1.06783014E+00  1.22124866E-01
 1.07733375E+00  1.19151783E-01
 1.08327628E+00  1.04527891E-01
 1.07830376E+00  7.37960912E-02
 1.06137579E+00  3.07398660E-02
 1.03819818E+00 -8.12660194E-03
 1.02387869E+00 -1.75783018E-02
 1.02478676E+00  1.56421452E-02
 1.03762120E+00  8.68229809E-02
 1.05849868E+00  1.69506971E-01
 1.07739962E+00  2.18400841E-01
 1.08499425E+00  2.03332508E-01
 1.07493435E+00  1.19059502E-01
 1.03320262E+00 -1.31772058E-02
 9.47503914E-01 -1.44449961E-01
 8.22005070E-01 -2.40271088E-01
 6.84563979E-01 -2.88776987E-01
 6.05774131E-01 -2.90065971E-01
 6.48712438E-01 -2.64833603E-01
 7.40441135E-01 -2.21217443E-01
 7.60001436E-01 -1.51453373E-01
 7.73761347E-01 -6.07189214E-02
 8.98389841E-01  4.48971673E-02
 1.03346634E+00  1.51842395E-01
 1.04197779E+00  2.34553999E-01
 9.86391535E-01  2.84608053E-01
 9.62955594E-01  3.05991349E-01
 9.50414409E-01  3.01593234E-01
 9.26279408E-01  2.83960837E-01
 9.08144038E-01  2.71512695E-01
 8.84651344E-01  2.79756114E-01
 8.44673220E-01  3.20835922E-01
 8.00710185E-01  3.89751678E-01
 7.56431908E-01  4.42345104E-01
 7.12094530E-01  4.14426095E-01
 6.66202934E-01  2.73648961E-01
 6.09649882E-01  3.86565407E-02
 5.43769937E-01 -1.90899672E-01
 4.77075388E-01 -2.87947989E-01
 4.12565389E-01 -2.88388177E-01
 3.53667471E-01 -3.11095911E-01
 3.01792373E-01 -3.09401297E-01
 2.53747250E-01 -2.14433295E-01
 2.11651445E-01 -1.41479384E-01
 1.81784303E-01 -1.92971033E-01
 1.69833422E-01 -2.45001657E-01
 1.82892553E-01 -1.48599675E-01
 2.24619950E-01 -2.27845298E-02
 2.91900467E-01 -4.33063205E-02
 3.76001972E-01 -9.33744461E-02
 4.60941012E-01 -9.52297872E-05
 5.25524285E-01  1.47643885E-01
 5.43638275E-01  2.20969673E-01
 4.81407265E-01  2.53624299E-01
 3.45289432E-01  2.70726144E-01
 2.78334398E-01  2.11474608E-01
 4.38670418E-01  6.36974508E-02
 6.99496567E-01 -7.37777896E-02
 8.16566207E-01 -9.63947572E-02
 8.37148796E-01 -3.65813701E-02
 8.99438740E-01  2.07283933E-02
 9.42302816E-01  1.10550949E-01
 9.16532973E-01  2.74686750E-01
 8.79796014E-01  4.14180843E-01
 8.49906919E-01  4.33306449E-01
 8.07605283E-01  3.96517572E-01
 7.53040283E-01  3.82226425E-01
 7.06349317E-01  2.68795992E-01
 6.89483410E-01 -5.82925233E-02
 6.99672465E-01 -3.45821483E-01
 7.21800069E-01 -2.78639647E-01
 7.47088096E-01 -4.36139529E-02
 7.63932182E-01  6.84867702E-03
 7.67726034E-01 -6.56533542E-02
 7.66113877E-01 -9.43354250E-02
 7.60069107E-01 -9.46529581E-02
 7.51272654E-01 -3.24270739E-02
 7.57217810E-01  9.32944024E-02
 7.97890490E-01  1.61164399E-01
 8.83426987E-01  1.61867606E-01
 1.00688936E+00  1.57990293E-01
 1.12087779E+00  1.56578147E-01
 1.15414209E+00  1.77909144E-01
 1.07242812E+00  2.06953486E-01
 8.96396322E-01  1.85128457E-01
 7.26012990E-01  1.52990413E-01
 6.93728490E-01  1.89637641E-01
 7.80950787E-01  2.71592502E-01
 8.71719104E-01  3.34521989E-01
 9.49692804E-01  3.16945300E-01
 1.01820315E+00  1.65252035E-01
 1.04594126E+00 -2.01137112E-02
 1.04500102E+00 -5.51902569E-02
 1.01231133E+00  4.22857747E-02
 9.32147538E-01  1.43949398E-01
 8.76183283E-01  1.96678938E-01
 9.24827937E-01  1.46818890E-01
 1.02436196E+00  2.13183907E-02
 1.07264549E+00 -4.17017895E-02
 1.07276073E+00 -9.44534837E-03
 1.06081151E+00  7.25111358E-02
 1.02975282E+00  1.62715491E-01
 9.94501051E-01  1.78128210E-01
 9.74721380E-01  1.16708420E-01
 9.60674773E-01  6.06073625E-02
 9.52773416E-01  2.01140620E-02
 9.57072778E-01 -5.86575309E-03
 9.75624724E-01  2.57603051E-02
 1.01476462E+00  1.07561659E-01
 1.06474820E+00  1.42211056E-01
 1.10311014E+00  4.13068408E-02
 1.11567484E+00 -1.04344417E-01
 1.09461925E+00 -1.26721243E-01
 1.04748566E+00 -4.72123889E-02
 9.98751516E-01  3.04987489E-02
 9.64727608E-01  8.16452984E-02
 9.53526458E-01  7.64993749E-02
 9.69897758E-01  4.96659579E-02
 1.00786347E+00  1.05131705E-01
 1.06479414E+00  1.84723371E-01
 1.13950469E+00  1.62273145E-01
 1.21369900E+00  8.81395929E-02
 1.26245433E+00  5.03642645E-02
 1.26581416E+00  2.20478846E-02
 1.21227257E+00 -1.98435791E-02
 1.11977637E+00 -4.67871346E-02
 1.02949310E+00 -5.14923378E-02
 9.69128035E-01 -4.19816957E-02
 9.50390242E-01 -1.77180323E-02
 9.63739308E-01  1.05179453E-02
 9.75364510E-01  2.36902770E-02
 9.70048599E-01  1.40346588E-02
 9.53886935E-01 -7.84062955E-03
 9.37807355E-01  4.57613636E-03
 9.46338807E-01  9.74441772E-02
 9.88479193E-01  2.13725093E-01
 1.05027918E+00  2.54403250E-01
 1.11792686E+00  2.45076597E-01
 1.16854311E+00  2.44117488E-01
 1.17837029E+00  1.79595799E-01
 1.13040946E+00 -1.42256081E-02
 9.96223375E-01 -2.27436133E-01
 7.80106136E-01 -3.06028536E-01
 6.05082550E-01 -2.20663843E-01
 6.04534437E-01 -1.90066696E-02
 6.73922596E-01  1.69814467E-01
 6.16201972E-01  1.62461792E-01
 4.89511776E-01 -8.16341930E-03
 4.43595157E-01 -1.48794922E-01
 4.78842078E-01 -1.94997759E-01
 5.82157236E-01 -1.41285080E-01
 7.14433474E-01 -5.32977730E-02
 7.67349794E-01 -8.93443639E-02
 7.81084743E-01 -1.75096405E-01
 8.72780203E-01 -1.11397140E-01
 9.74156719E-01  3.49835909E-02
 9.79617768E-01  1.29249408E-01
 9.49043882E-01  2.00279300E-01
 9.60149454E-01  2.64753819E-01
 9.92925865E-01  2.92455808E-01
 1.02348141E+00  2.96047939E-01
 1.04567064E+00  2.64276477E-01
 1.02395777E+00  1.60565971E-01
 9.30152752E-01  9.35091767E-03
 7.72830398E-01 -1.31426191E-01
 5.95902735E-01 -2.11231595E-01
 4.70633357E-01 -1.93744805E-01
 4.43465875E-01 -1.35792255E-01
 5.22112786E-01 -1.36967516E-01
 6.77937483E-01 -1.44778086E-01
 8.41987733E-01 -5.77474111E-02
 9.66152085E-01  3.90595002E-02
 1.03604026E+00  2.67562979E-02
 1.05119914E+00 -3.42503138E-02
 1.03933591E+00 -5.00684081E-02
 1.01350504E+00 -3.06838333E-02
 9.67402046E-01  8.78632144E-03
 9.19458964E-01  7.55578111E-02
 8.92054690E-01  1.41394047E-01
 9.07029775E-01  1.83384384E-01
 9.86096350E-01  2.03202674E-01
 1.10176727E+00  1.96654917E-01
 1.19225308E+00  1.63898339E-01
 1.21771721E+00  1.03693661E-01
 1.15954885E+00  1.08113792E-02
 1.04033936E+00 -9.53453910E-02
 9.26418942E-01 -1.81496438E-01
 8.54294078E-01 -2.24146916E-01
 8.29104304E-01 -2.09109194E-01
 8.45439823E-01 -1.49730443E-01
 8.70319807E-01 -8.50231797E-02
 8.91116957E-01 -3.92976451E-02
 9.21850682E-01 -2.08941893E-02
 9.60579498E-01 -2.44811487E-02
 1.00698867E+00 -2.43126920E-02
 1.05608145E+00 -1.00588387E-02
 1.08876686E+00  1.09681895E-02
 1.10711083E+00  3.51196484E-02
 1.12584594E+00  5.19624644E-02
 1.14954064E+00  5.89374762E-02
 1.18003581E+00  6.65245609E-02
 1.20369711E+00  7.43616469E-02
 1.19199366E+00  7.84304587E-02
 1.13423060E+00  7.71853160E-02
 1.03890153E+00  6.51092346E-02
 9.32187245E-01  4.43075487E-02
 8.56501624E-01  2.21600913E-02
 8.29244949E-01 -4.64449262E-03
 8.27955440E-01 -4.93683654E-02
 7.87208033E-01 -1.38446592E-01
 6.39020374E-01 -2.79633608E-01
 4.48938455E-01 -3.77068795E-01
 3.59296228E-01 -3.14901705E-01
 3.93011099E-01 -1.73898671E-01
 5.07371588E-01 -1.10845641E-01
 6.53739890E-01 -8.42880176E-02
 7.42045871E-01  1.16040750E-04
 7.77177273E-01  9.18909866E-02
 8.50760732E-01  1.41538484E-01
 9.67805185E-01  1.76129437E-01
 1.09436870E+00  1.99096517E-01
 1.18739751E+00  1.84358476E-01
 1.16826199E+00  1.23428967E-01
 1.06046738E+00  3.21873426E-02
 9.61994963E-01 -5.69328114E-02
 8.80898207E-01 -9.68932238E-02
 8.09529407E-01 -5.49836235E-02
 8.04809835E-01  9.24021498E-03
 8.84957038E-01  3.69424752E-03
 9.66092817E-01 -1.85436753E-02
 9.65343648E-01  4.27242919E-02
 9.57217915E-01  1.19624750E-01
 1.05887480E+00  1.10203251E-01
 1.17567953E+00  6.07151696E-02
 1.16033332E+00  3.82958970E-02
 1.08961859E+00  2.66138296E-02
 1.08308403E+00  1.39414861E-02
 1.08890351E+00  1.45704111E-02
 1.04643061E+00  2.06619533E-02
 1.00788556E+00  2.42810815E-02
 1.01636044E+00  3.16468542E-02
 1.04932042E+00  4.33805893E-02
 1.08738936E+00  5.83810332E-02
 1.13046775E+00  7.30489696E-02
 1.16861181E+00  7.87325337E-02
 1.19160793E+00  7.46183144E-02
 1.19953628E+00  6.49932355E-02
 1.18679086E+00  5.11844829E-02
 1.14773334E+00  3.59531641E-02
 1.09398094E+00  2.18758810E-02
 1.04500906E+00  8.99121806E-03
 1.01629415E+00 -5.84477431E-05
 1.01771423E+00 -2.27187248E-03
 1.03960928E+00  3.68054094E-04
 1.05600759E+00  3.84039368E-03
 1.05324686E+00  5.07285486E-03
 1.03035212E+00  1.73470124E-03
 9.96994317E-01 -4.44654320E-03
 9.77500159E-01 -8.19619240E-03
 9.83976717E-01 -7.33132986E-03
 1.01313594E+00 -2.31321092E-03
 1.05973122E+00  5.23328511E-03
 1.10951004E+00  1.11770004E-02
 1.15267243E+00  1.36478818E-02
 1.18846202E+00  1.37550421E-02
 1.20954390E+00  1.22701515E-02
 1.20883308E+00  1.09747150E-02
 1.18231667E+00  1.09808169E-02
 1.12766719E+00  1.14403066E-02
 1.05881342E+00  1.19569894E-02
 1.00126423E+00  1.20486111E-02
 9.74136032E-01  1.13573876E-02
 9.88461819E-01  1.05767433E-02
 1.03800335E+00  1.02104167E-02
 1.09868937E+00  1.06572049E-02
 1.15367536E+00  1.23236037E-02
 1.19335608E+00  1.51573487E-02
 1.20951972E+00  1.92502942E-02
 1.20349308E+00  2.47443838E-02
 1.17328400E+00  3.14384382E-02
 1.11700264E+00  3.88835603E-02
 1.05521649E+00  4.59719718E-02
 1.01845542E+00  5.10555898E-02
 1.02820355E+00  5.27396718E-02
 1.09178580E+00  5.00451693E-02
 1.17839195E+00  4.27639140E-02
 1.22789023E+00  3.17465841E-02
 1.20369499E+00  1.83674117E-02
 1.09991656E+00  4.86594900E-03
 9.49198797E-01 -4.93842431E-03
 8.23947884E-01 -6.88321072E-03
 7.68340685E-01  1.46256732E-03
 7.88249362E-01  1.91820601E-02
 8.66656938E-01  3.91598081E-02
 9.52017961E-01  5.00474790E-02
 1.01460033E+00  4.41421740E-02
 1.05680070E+00  1.99685820E-02
 1.07784269E+00 -1.43906214E-02
 1.09031492E+00 -4.24616725E-02
 1.09592063E+00 -5.34456161E-02
 1.07696636E+00 -4.48148910E-02
 1.03776302E+00 -2.19911189E-02
 9.91998408E-01  3.65213893E-04
 9.52112421E-01  1.38127114E-02
 9.37673599E-01  1.83273148E-02
 9.49575578E-01  1.59190177E-02
 9.72080499E-01  1.41147152E-02
 9.99414515E-01  1.58511908E-02
 1.02807796E+00  1.72041466E-02
 1.05568996E+00  1.71619771E-02
 1.08768998E+00  1.42813959E-02
 1.12034270E+00  8.82509564E-03
 1.14300823E+00  5.62543770E-03
 1.15328291E+00  6.76801892E-03
 1.15053374E+00  1.27492163E-02
 1.13545599E+00  2.47598786E-02
 1.11420797E+00  4.18416520E-02
 1.09046544E+00  6.26439898E-02
 1.06571178E+00  8.55302091E-02
 1.04416704E+00  1.05902861E-01
 1.02790835E+00  1.16656243E-01
 1.01330710E+00  1.08040325E-01
 9.94660506E-01  7.18637220E-02
 9.68281249E-01  1.27326034E-02
 9.34587665E-01 -4.40303597E-02
 9.03212110E-01 -4.22305283E-02
 8.90469957E-01  6.01815933E-02
 9.05762737E-01  1.80765957E-01
 9.49680382E-01  1.86742577E-01
 1.01332964E+00  1.00966618E-01
 1.07755966E+00  2.33523922E-02
 1.12890925E+00 -2.11457842E-02
 1.16245754E+00 -1.75511698E-02
 1.17755266E+00  8.02298352E-03
 1.18124267E+00 -2.59055255E-02
 1.17664263E+00 -7.54144339E-02
 1.16127197E+00 -3.88300028E-02
 1.13682886E+00  3.64622279E-02
 1.10506717E+00  6.70215223E-02
 1.07059040E+00  6.78125958E-02
 1.04224095E+00  5.87562266E-02
 1.02253998E+00  3.57039806E-02
 1.00999263E+00  2.42204587E-02
 1.00457759E+00  4.76815447E-02
 1.00483762E+00  1.02146556E-01
 1.01093093E+00  1.65963202E-01
 1.02504352E+00  2.04205633E-01
 1.04434033E+00  2.03970941E-01
 1.06223805E+00  1.85729732E-01
 1.07124700E+00  1.98745467E-01
 1.06202457E+00  2.82411105E-01
 1.02808579E+00  3.40694963E-01
 9.68610411E-01  2.35849848E-01
 8.88249720E-01  6.28075064E-02
 7.97009533E-01 -1.84196255E-03
 7.04510374E-01 -1.67633340E-02
 6.17265650E-01 -9.17238380E-02
 5.37544174E-01 -1.58047707E-01
 4.66800084E-01 -1.45070055E-01
 4.21387382E-01 -8.91150422E-02
 4.38353705E-01 -1.81249180E-02
 5.78811926E-01  6.65193052E-02
 8.55579490E-01  1.37195975E-01
 1.06321754E+00  1.58488646E-01
 9.59510232E-01  1.16437268E-01
 7.32335491E-01  3.06829804E-02
 7.35957769E-01 -5.55810429E-02
 8.76696774E-01 -1.12399058E-01
 9.17170646E-01 -1.25753783E-01
 8.96964371E-01 -9.92235518E-02
 8.62441613E-01 -6.03312246E-02
 8.25134452E-01 -2.15807955E-02
 8.86635873E-01  1.90813343E-02
 9.97817082E-01  5.24181601E-02
 1.01007002E+00  7.31542287E-02
 9.77349081E-01  7.30031469E-02
 1.00642024E+00  4.04285012E-02
 1.04487005E+00 -4.89476081E-03
 1.03639481E+00 -2.67576059E-02
 1.02193464E+00 -8.61051593E-03
 1.02943477E+00  4.38336754E-02
 1.03584099E+00  7.98252556E-02
 1.02544695E+00  3.95880413E-02
 1.00465541E+00 -1.72599381E-02
 9.78066025E-01  1.16269125E-02
 9.48302905E-01  6.27543836E-02
 9.25492918E-01  2.88219243E-02
 9.17205734E-01 -2.39801782E-02
 9.25276949E-01 -6.28143918E-04
 9.52430078E-01  5.40480621E-02
 9.96967348E-01  8.04404393E-02
 1.04816467E+00  9.59276679E-02
 1.08392994E+00  9.94545100E-02
 1.06121501E+00  2.90634844E-02
 9.56038013E-01 -1.37969705E-01
 8.54199583E-01 -2.75781390E-01
 8.69276703E-01 -2.29150378E-01
 9.32643865E-01 -6.08964213E-02
 9.11563612E-01  6.20923995E-02
 8.69114554E-01  1.12252584E-01
 9.09020022E-01  1.11016738E-01
 9.61201499E-01  1.07250218E-01
 9.36068921E-01  1.96743129E-01
 8.45047749E-01  2.65340300E-01
 7.03802883E-01  1.08282228E-01
 5.23995966E-01 -1.43865717E-01
 3.60673511E-01 -2.50125049E-01
 2.63625852E-01 -2.57939412E-01
 2.52924771E-01 -2.69125024E-01
 3.22293620E-01 -2.30948798E-01
 4.35531836E-01 -1.31030966E-01
 5.68548070E-01 -4.02543405E-02
 7.09305662E-01  6.44925268E-03
 8.31029218E-01  1.54126161E-02
 9.12270076E-01 -3.02534093E-03
 9.32214868E-01 -5.36248771E-02
 8.77132742E-01 -1.29905601E-01
 7.89189187E-01 -1.70653259E-01
 7.42691214E-01 -1.18869115E-01
 7.80505643E-01 -2.32879770E-02
 9.01945079E-01  2.63991072E-02
 1.02234074E+00  3.62610939E-02
 1.02673628E+00  5.33909111E-02
 9.78303309E-01  9.16043219E-02
 1.02763153E+00  1.63710160E-01
 1.14492334E+00  2.18252033E-01
 1.23534107E+00  1.61883565E-01
 1.27765685E+00  3.83000392E-02
 1.24086590E+00 -3.95704732E-02
 1.16286213E+00 -5.64674128E-02
 1.15141095E+00 -3.05488832E-02
 1.17259190E+00  3.40077682E-03
 1.13211097E+00 -2.33160031E-02
 1.07317964E+00 -5.87266630E-02
 1.05728677E+00  1.00906018E-02
 1.05244054E+00  1.21412116E-01
 1.03422400E+00  1.60718543E-01
 1.02668899E+00  1.62707822E-01
 1.04351648E+00  1.79960762E-01
 1.07580841E+00  1.75580137E-01
 1.11588411E+00  1.27591537E-01
 1.15727833E+00  6.54241217E-02
 1.18728475E+00  1.19535125E-02
 1.19630669E+00 -2.25578818E-02
 1.18381689E+00 -2.64881314E-02
 1.15786348E+00 -5.91245717E-03
 1.13371826E+00  1.52107894E-02
 1.12290655E+00  2.30615118E-02
 1.12834623E+00  1.44118162E-02
 1.14191967E+00 -5.18508126E-03
 1.14556146E+00 -1.74165459E-02
 1.12991492E+00 -1.54418334E-02
 1.09736980E+00 -5.18167179E-03
 1.05834864E+00  9.44857438E-03
 1.03313219E+00  1.97043309E-02
 1.03286000E+00  2.19087009E-02
 1.05516544E+00  2.21722909E-02
 1.09244639E+00  2.21862945E-02
 1.12852117E+00  2.30272638E-02
 1.15258439E+00  2.62546735E-02
 1.16451160E+00  2.87924395E-02
 1.16611509E+00  2.90661714E-02
 1.16432367E+00  2.70270618E-02
 1.16276307E+00  2.15524797E-02
 1.15807979E+00  1.31605663E-02
 1.14908040E+00  3.19672249E-03
 1.13409472E+00 -7.13055921E-03
 1.11357746E+00 -1.63492002E-02
 1.09264808E+00 -2.33999301E-02
 1.07324920E+00 -2.76449257E-02
 1.05587142E+00 -2.87548987E-02
 1.04243137E+00 -2.64245362E-02
 1.03408341E+00 -2.05411695E-02
 1.03469173E+00 -1.20784894E-02
 1.04984220E+00 -2.73971319E-03
 1.08034623E+00  5.66173926E-03
 1.12172927E+00  1.13423277E-02
 1.16258189E+00  1.35305625E-02
 1.18603244E+00  1.24937531E-02
 1.18088857E+00  8.32996608E-03
 1.14587800E+00  1.38127172E-03
 1.09325349E+00 -7.24388321E-03
 1.04710169E+00 -1.62111169E-02
 1.02426681E+00 -2.37209420E-02
 1.02943663E+00 -2.79209858E-02
 1.05382294E+00 -2.84193393E-02
 1.07415074E+00 -2.59503994E-02
 1.07620567E+00 -2.11978894E-02
 1.05795972E+00 -1.51961205E-02
 1.02139683E+00 -9.26324863E-03
 9.78273924E-01 -4.66463679E-03
 9.34751579E-01 -3.55057876E-03
 8.89789213E-01 -8.47262775E-03
 8.52128965E-01 -2.09477381E-02
 8.32248892E-01 -4.14314375E-02
 8.38591119E-01 -6.88633988E-02
 8.78032153E-01 -9.95322774E-02
 9.38890820E-01 -1.26516839E-01
 9.95871653E-01 -1.41084103E-01
 1.03168973E+00 -1.36163320E-01
 1.03737831E+00 -1.08911739E-01
 1.01890817E+00 -6.42789816E-02
 9.98876567E-01 -1.34027513E-02
 9.90194170E-01  3.58539696E-02
 9.95782945E-01  8.08742216E-02
 1.01736357E+00  1.25908645E-01
 1.04766365E+00  1.79597841E-01
 1.08378828E+00  2.36645059E-01
 1.12700600E+00  2.72390708E-01
 1.16326464E+00  2.41455021E-01
 1.17314029E+00  1.17535028E-01
 1.14365592E+00 -1.23566016E-03
 1.07007437E+00  1.77685017E-02
 9.74843955E-01  9.64990255E-02
 9.00368307E-01  8.22824956E-02
 8.71426559E-01  4.51801250E-02
 8.89759047E-01  1.06890078E-01
 9.25176871E-01  2.13846903E-01
 9.18763449E-01  2.79471460E-01
 8.40514666E-01  2.42618188E-01
 7.01665018E-01  4.59079520E-02
 5.52709300E-01 -1.66487718E-01
 4.79471739E-01 -1.62650174E-01
 5.22671039E-01 -4.96052947E-02
 6.52150969E-01 -6.93394427E-02
 7.69169363E-01 -1.52125121E-01
 7.60920038E-01 -1.57873921E-01
 7.14661662E-01 -1.23802917E-01
 8.02864191E-01 -7.44374395E-02
 9.11480820E-01 -3.29127314E-02
 8.49396437E-01 -8.40225844E-02
 7.29584176E-01 -1.94659447E-01
 7.16206852E-01 -2.47635272E-01
 7.40265883E-01 -2.11367424E-01
 7.16434061E-01 -9.86444903E-02
 6.96833885E-01  2.05456219E-02
 7.07258548E-01  2.92947663E-02
 6.69635157E-01 -1.48516765E-02
 5.46409998E-01  2.71597185E-02
 4.78336847E-01  7.14895498E-02
 6.28948523E-01 -2.98005678E-03
 8.94350903E-01 -6.46029374E-02
 1.05351308E+00  3.41404012E-02
 1.06976023E+00  1.68573428E-01
 9.70365683E-01  1.59594080E-01
 7.84552610E-01  4.44082199E-02
 6.27970301E-01 -7.77171876E-02
 5.30508590E-01 -1.69426702E-01
 4.32856947E-01 -1.78278450E-01
 3.66232479E-01 -1.52304949E-01
 3.67622217E-01 -2.20882886E-01
 4.13943133E-01 -3.17609336E-01
 4.98407264E-01 -2.97094933E-01
 6.15907003E-01 -2.05628930E-01
 7.36605480E-01 -1.25621004E-01
 8.19812624E-01 -2.81041619E-02
 8.29641931E-01  8.69247294E-02
 7.73106531E-01  1.35124379E-01
 6.89571435E-01  6.82253398E-02
 6.02737288E-01 -2.48665108E-02
 5.30358764E-01 -2.84109757E-02
 4.85210301E-01 -1.08923548E-02
 4.59020027E-01 -9.44708715E-02
 4.51323121E-01 -1.94246608E-01
 4.57591198E-01 -1.87045600E-01
 4.25615521E-01 -1.41179284E-01
 3.13826622E-01 -1.52254204E-01
 1.95912463E-01 -1.96750537E-01
 1.88403039E-01 -2.34733875E-01
 2.89394436E-01 -2.27261323E-01
 4.37116546E-01 -1.24169014E-01
 6.04795423E-01 -1.37805274E-02
 7.51144812E-01 -3.85556052E-02
 8.64506882E-01 -9.89759871E-02
 9.69975924E-01 -1.66138347E-02
 9.93734756E-01  1.28283808E-01
 8.61834854E-01  1.85144221E-01
 7.25947680E-01  1.63797915E-01
 7.81820201E-01  9.69110062E-02
 9.29598102E-01  3.09827712E-02
 9.67424053E-01  6.91490569E-02
 9.28667007E-01  1.79704697E-01
 8.97376111E-01  2.30534841E-01
 8.41697000E-01  1.94322185E-01
 7.76456095E-01  9.64735646E-02
 7.68167541E-01  8.68581591E-03
 8.19043790E-01  4.49385286E-02
 8.37649027E-01  1.14638702E-01
 7.33006565E-01  3.69375355E-02
 6.16032872E-01 -7.62415953E-02
 6.70728428E-01 -3.13872733E-02
 8.20243266E-01  8.93698146E-02
 8.88306608E-01  1.51832404E-01
 8.66111691E-01  1.78675793E-01
 7.79029653E-01  1.75938412E-01
 6.68527399E-01  8.27383926E-02
 6.39816161E-01 -9.17615572E-02
 6.41997631E-01 -2.19749920E-01
 5.42002160E-01 -1.86568170E-01
 4.34011109E-01 -1.13343645E-01
 4.66923152E-01 -1.93895268E-01
 5.69628540E-01 -2.97570180E-01
 6.33079940E-01 -2.06009595E-01
 6.80457953E-01 -4.98145478E-02
 7.36946075E-01 -1.64618345E-02
 7.86227912E-01  8.53531859E-03
 8.45303806E-01  1.47998619E-01
 9.29764080E-01  2.54005548E-01
 1.02399064E+00  1.75254366E-01
 1.10757088E+00  2.92009174E-02
 1.15592796E+00 -1.74680576E-02
 1.15948191E+00 -5.86137072E-03
 1.13572188E+00 -1.47210103E-02
 1.11849799E+00 -8.21930664E-03
 1.12655195E+00  2.65807694E-02
 1.07475126E+00  4.28707195E-02
 8.61989953E-01  2.71522397E-02
 6.18830563E-01  8.55518851E-03
 5.64265171E-01  2.00627086E-02
 6.76194330E-01  6.45627174E-02
 8.35255751E-01  1.23648135E-01
 1.01382787E+00  1.75154573E-01
 1.14019692E+00  1.85848314E-01
 1.11122813E+00  1.41786461E-01
 9.39590975E-01  6.73144586E-02
 8.06904644E-01  1.78651782E-02
 9.04816414E-01  3.92085111E-02
 1.06416285E+00  4.95438144E-02
 9.70749012E-01 -7.66717358E-02
 7.63530566E-01 -2.56196634E-01
 7.32373562E-01 -3.16354354E-01
 8.15475990E-01 -2.42818167E-01
 8.97446686E-01 -9.22772767E-02
 9.71571604E-01  2.31069411E-02
