# x =
 5.75478840E+00
# y =
 3.25097170E+00
 VARIABLES = u,v
 1.17331161E+00  2.32083751E-03
 1.17329814E+00  2.33333516E-03
 1.17325659E+00  2.39956843E-03
 1.17318812E+00  2.51883449E-03
 1.17309233E+00  2.69041051E-03
 1.17297193E+00  2.91053448E-03
 1.17283212E+00  3.17256180E-03
 1.17267828E+00  3.46888443E-03
 1.17251739E+00  3.79004740E-03
 1.17235611E+00  4.12589025E-03
 1.17220080E+00  4.46590052E-03
 1.17206131E+00  4.79700829E-03
 1.17194897E+00  5.10515965E-03
 1.17187293E+00  5.37817624E-03
 1.17183990E+00  5.60636975E-03
 1.17185159E+00  5.78482535E-03
 1.17190461E+00  5.91335903E-03
 1.17199599E+00  5.99218155E-03
 1.17212311E+00  6.02161629E-03
 1.17228297E+00  6.00203365E-03
 1.17247357E+00  5.93304381E-03
 1.17269015E+00  5.81764745E-03
 1.17292559E+00  5.66189855E-03
 1.17317441E+00  5.47164797E-03
 1.17343117E+00  5.25405084E-03
 1.17368991E+00  5.01680951E-03
 1.17394451E+00  4.76791622E-03
 1.17418501E+00  4.51930295E-03
 1.17439899E+00  4.28495217E-03
 1.17457679E+00  4.07620573E-03
 1.17471147E+00  3.90139792E-03
 1.17479988E+00  3.76358856E-03
 1.17484345E+00  3.66029756E-03
 1.17484305E+00  3.58950565E-03
 1.17479895E+00  3.54990365E-03
 1.17471304E+00  3.53984694E-03
 1.17458713E+00  3.55895378E-03
 1.17442520E+00  3.60406432E-03
 1.17423335E+00  3.66962556E-03
 1.17401591E+00  3.75232478E-03
 1.17377671E+00  3.84916287E-03
 1.17352070E+00  3.95667813E-03
 1.17325350E+00  4.07114382E-03
 1.17298395E+00  4.18424272E-03
 1.17272328E+00  4.28460831E-03
 1.17248028E+00  4.36404011E-03
 1.17226121E+00  4.41742083E-03
 1.17206949E+00  4.44379500E-03
 1.17190491E+00  4.44724107E-03
 1.17176773E+00  4.43064986E-03
 1.17165895E+00  4.39560148E-03
 1.17157825E+00  4.34503841E-03
 1.17152539E+00  4.28110142E-03
 1.17149863E+00  4.20739882E-03
 1.17149470E+00  4.12885279E-03
 1.17151215E+00  4.04675888E-03
 1.17155022E+00  3.96048844E-03
 1.17160725E+00  3.87013516E-03
 1.17168097E+00  3.77625741E-03
 1.17176623E+00  3.68324101E-03
 1.17185566E+00  3.59869328E-03
 1.17194399E+00  3.52730177E-03
 1.17202810E+00  3.47119678E-03
 1.17210703E+00  3.43059846E-03
 1.17218278E+00  3.40247590E-03
 1.17225649E+00  3.38504949E-03
 1.17232825E+00  3.37785566E-03
 1.17239893E+00  3.37821030E-03
 1.17246884E+00  3.38320409E-03
 1.17253877E+00  3.38974522E-03
 1.17260996E+00  3.39436650E-03
 1.17268095E+00  3.39696402E-03
 1.17274864E+00  3.39986385E-03
 1.17281025E+00  3.40436131E-03
 1.17286332E+00  3.41104424E-03
 1.17290779E+00  3.41840816E-03
 1.17294576E+00  3.42256681E-03
 1.17297741E+00  3.42159003E-03
 1.17300129E+00  3.41520527E-03
 1.17301496E+00  3.40308699E-03
 1.17301413E+00  3.38613366E-03
 1.17299557E+00  3.36448784E-03
 1.17295719E+00  3.33740610E-03
 1.17289560E+00  3.30620475E-03
 1.17280747E+00  3.27303294E-03
 1.17269005E+00  3.23949274E-03
 1.17254103E+00  3.20699236E-03
 1.17236113E+00  3.17489489E-03
 1.17215348E+00  3.14070113E-03
 1.17192090E+00  3.10285355E-03
 1.17166601E+00  3.06049594E-03
 1.17139043E+00  3.01333366E-03
 1.17109427E+00  2.96227425E-03
 1.17077919E+00  2.90736445E-03
 1.17044794E+00  2.84789224E-03
 1.17010276E+00  2.78404769E-03
 1.16974638E+00  2.71612395E-03
 1.16938127E+00  2.64471053E-03
 1.16900962E+00  2.57088148E-03
 1.16863592E+00  2.49457992E-03
 1.16826604E+00  2.41509264E-03
 1.16790543E+00  2.33251100E-03
 1.16755945E+00  2.24747068E-03
 1.16723254E+00  2.16159895E-03
 1.16692793E+00  2.07767375E-03
 1.16664984E+00  1.99800716E-03
 1.16640301E+00  1.92448950E-03
 1.16619156E+00  1.85917240E-03
 1.16601967E+00  1.80369861E-03
 1.16589095E+00  1.75984187E-03
 1.16580825E+00  1.72945600E-03
 1.16577501E+00  1.71332962E-03
 1.16579468E+00  1.71154019E-03
 1.16586957E+00  1.72396632E-03
 1.16600104E+00  1.75016220E-03
 1.16618867E+00  1.79003774E-03
 1.16643008E+00  1.84374707E-03
 1.16672178E+00  1.91048408E-03
 1.16705878E+00  1.98859968E-03
 1.16743385E+00  2.07577846E-03
 1.16783809E+00  2.16881131E-03
 1.16826135E+00  2.26450629E-03
 1.16869263E+00  2.35978398E-03
 1.16912159E+00  2.45109620E-03
 1.16953869E+00  2.53493726E-03
 1.16993430E+00  2.60803729E-03
 1.17029959E+00  2.66750494E-03
 1.17062741E+00  2.71173913E-03
 1.17091192E+00  2.74025885E-03
 1.17114877E+00  2.75280314E-03
 1.17133467E+00  2.74932840E-03
 1.17146576E+00  2.72962196E-03
 1.17153836E+00  2.69326914E-03
 1.17155137E+00  2.64096873E-03
 1.17150618E+00  2.57443669E-03
 1.17140683E+00  2.49584620E-03
 1.17126034E+00  2.40816968E-03
 1.17107405E+00  2.31449332E-03
 1.17085564E+00  2.21791643E-03
 1.17061432E+00  2.12242150E-03
 1.17035928E+00  2.03226546E-03
 1.17009907E+00  1.95117033E-03
 1.16984074E+00  1.88214714E-03
 1.16958691E+00  1.82655287E-03
 1.16933657E+00  1.78418402E-03
 1.16908847E+00  1.75478684E-03
 1.16884156E+00  1.73813013E-03
 1.16859667E+00  1.73416000E-03
 1.16835679E+00  1.74326365E-03
 1.16812240E+00  1.76474782E-03
 1.16789213E+00  1.79698834E-03
 1.16766540E+00  1.83852871E-03
 1.16744071E+00  1.88752168E-03
 1.16721727E+00  1.94203208E-03
 1.16699472E+00  2.00007469E-03
 1.16676879E+00  2.05825827E-03
 1.16653325E+00  2.11241148E-03
 1.16628409E+00  2.15914306E-03
 1.16601941E+00  2.19587913E-03
 1.16574169E+00  2.22158385E-03
 1.16545787E+00  2.23684512E-03
 1.16517349E+00  2.24186416E-03
 1.16489274E+00  2.23640345E-03
 1.16461975E+00  2.22021305E-03
 1.16435676E+00  2.19243886E-03
 1.16410695E+00  2.15278778E-03
 1.16387404E+00  2.10138932E-03
 1.16365764E+00  2.03724434E-03
 1.16345517E+00  1.95890036E-03
 1.16326386E+00  1.86500448E-03
 1.16308078E+00  1.75433894E-03
 1.16290673E+00  1.62728864E-03
 1.16274565E+00  1.48553766E-03
 1.16259895E+00  1.33005714E-03
 1.16246634E+00  1.16133770E-03
 1.16234651E+00  9.79451355E-04
 1.16223587E+00  7.83700486E-04
 1.16213254E+00  5.74381759E-04
 1.16203605E+00  3.52789982E-04
 1.16194348E+00  1.20058461E-04
 1.16185144E+00 -1.22027090E-04
 1.16175730E+00 -3.70987479E-04
 1.16165883E+00 -6.23613271E-04
 1.16155745E+00 -8.74508638E-04
 1.16145767E+00 -1.11659678E-03
 1.16136296E+00 -1.34276982E-03
 1.16127615E+00 -1.54603108E-03
 1.16119907E+00 -1.72037011E-03
 1.16113157E+00 -1.86115277E-03
 1.16107473E+00 -1.96346036E-03
 1.16103033E+00 -2.02264774E-03
 1.16099817E+00 -2.03565222E-03
 1.16097745E+00 -2.00041343E-03
 1.16096682E+00 -1.91631165E-03
 1.16096440E+00 -1.78410564E-03
 1.16097072E+00 -1.60421784E-03
 1.16098804E+00 -1.37749649E-03
 1.16101739E+00 -1.10721922E-03
 1.16105921E+00 -7.98969887E-04
 1.16111310E+00 -4.61190306E-04
 1.16117726E+00 -1.05216075E-04
 1.16125093E+00  2.57316457E-04
 1.16133410E+00  6.14727448E-04
 1.16142539E+00  9.54768741E-04
 1.16152322E+00  1.26594797E-03
 1.16162608E+00  1.53728068E-03
 1.16173237E+00  1.75911197E-03
 1.16184214E+00  1.92581721E-03
 1.16195676E+00  2.03511208E-03
 1.16207686E+00  2.08604097E-03
 1.16220263E+00  2.07879197E-03
 1.16233365E+00  2.01286708E-03
 1.16246834E+00  1.88735911E-03
 1.16260548E+00  1.70523143E-03
 1.16274395E+00  1.47295666E-03
 1.16288140E+00  1.19924826E-03
 1.16301493E+00  8.96005020E-04
 1.16314134E+00  5.75480364E-04
 1.16325716E+00  2.50008641E-04
 1.16336008E+00 -6.52977682E-05
 1.16344877E+00 -3.54757799E-04
 1.16352146E+00 -6.04439357E-04
 1.16357643E+00 -8.02950427E-04
 1.16361206E+00 -9.45037455E-04
 1.16362661E+00 -1.03108768E-03
 1.16361915E+00 -1.06200645E-03
 1.16358943E+00 -1.03894824E-03
 1.16353668E+00 -9.62351240E-04
 1.16346026E+00 -8.31192558E-04
 1.16336020E+00 -6.48720252E-04
 1.16323712E+00 -4.21873772E-04
 1.16309295E+00 -1.57567889E-04
 1.16293083E+00  1.35375504E-04
 1.16275390E+00  4.47882371E-04
 1.16256534E+00  7.70841891E-04
 1.16236861E+00  1.09030313E-03
 1.16216694E+00  1.38999110E-03
 1.16196375E+00  1.65674042E-03
 1.16176246E+00  1.88086076E-03
 1.16156537E+00  2.05930009E-03
 1.16137409E+00  2.19582454E-03
 1.16119019E+00  2.29356994E-03
 1.16101521E+00  2.35484728E-03
 1.16085148E+00  2.38224879E-03
 1.16070201E+00  2.37669457E-03
 1.16056915E+00  2.34255472E-03
 1.16045480E+00  2.28713361E-03
 1.16036082E+00  2.21500648E-03
 1.16028861E+00  2.13039392E-03
 1.16023975E+00  2.03794700E-03
 1.16021583E+00  1.94246599E-03
 1.16021728E+00  1.85419555E-03
 1.16024386E+00  1.78690613E-03
 1.16029542E+00  1.75041815E-03
 1.16037186E+00  1.75071209E-03
 1.16047368E+00  1.78853312E-03
 1.16060194E+00  1.85831549E-03
 1.16075676E+00  1.95563331E-03
 1.16093737E+00  2.07727673E-03
 1.16114223E+00  2.21800846E-03
 1.16136859E+00  2.37310613E-03
 1.16161306E+00  2.53555160E-03
 1.16187146E+00  2.69614706E-03
 1.16213765E+00  2.84936118E-03
 1.16240416E+00  2.99140693E-03
 1.16266301E+00  3.11742186E-03
 1.16290602E+00  3.22200191E-03
 1.16312611E+00  3.29548275E-03
 1.16331744E+00  3.32486523E-03
 1.16347403E+00  3.30099379E-03
 1.16359033E+00  3.21843967E-03
 1.16366218E+00  3.07523842E-03
 1.16368632E+00  2.87441155E-03
 1.16366121E+00  2.61851829E-03
 1.16358683E+00  2.30953026E-03
 1.16346324E+00  1.95255581E-03
 1.16329141E+00  1.55375606E-03
 1.16307492E+00  1.12137649E-03
 1.16282006E+00  6.66020300E-04
 1.16253647E+00  1.96238053E-04
 1.16223706E+00 -2.80383007E-04
 1.16193530E+00 -7.54465645E-04
 1.16164479E+00 -1.21558855E-03
 1.16137941E+00 -1.65051898E-03
 1.16115195E+00 -2.04374955E-03
 1.16097446E+00 -2.38282214E-03
 1.16085723E+00 -2.65871185E-03
 1.16080572E+00 -2.86558375E-03
 1.16082139E+00 -3.00195494E-03
 1.16090380E+00 -3.06688296E-03
 1.16105096E+00 -3.05960230E-03
 1.16126162E+00 -2.98180148E-03
 1.16153487E+00 -2.83642913E-03
 1.16186500E+00 -2.62931944E-03
 1.16224197E+00 -2.36943330E-03
 1.16265273E+00 -2.06571580E-03
 1.16308022E+00 -1.72794737E-03
 1.16350694E+00 -1.36773192E-03
 1.16391531E+00 -9.97859340E-04
 1.16428454E+00 -6.34019293E-04
 1.16459336E+00 -2.93688740E-04
 1.16482278E+00  8.14781450E-06
 1.16495716E+00  2.59771297E-04
 1.16498879E+00  4.53936455E-04
 1.16491742E+00  5.88484118E-04
 1.16474452E+00  6.62113337E-04
 1.16447321E+00  6.74034505E-04
 1.16410740E+00  6.25015306E-04
 1.16365130E+00  5.16568606E-04
 1.16311670E+00  3.54576510E-04
 1.16252271E+00  1.49399459E-04
 1.16189196E+00 -8.73276862E-05
 1.16125191E+00 -3.41817166E-04
 1.16063032E+00 -5.99494761E-04
 1.16005333E+00 -8.46216444E-04
 1.15954886E+00 -1.06619512E-03
 1.15914205E+00 -1.24451287E-03
 1.15885021E+00 -1.37156440E-03
 1.15867997E+00 -1.44482644E-03
 1.15861978E+00 -1.47280023E-03
 1.15864296E+00 -1.47343963E-03
 1.15872237E+00 -1.46445012E-03
 1.15883503E+00 -1.46015942E-03
 1.15897001E+00 -1.46738482E-03
 1.15913248E+00 -1.48245718E-03
 1.15932934E+00 -1.49974450E-03
 1.15957537E+00 -1.50777870E-03
 1.15990785E+00 -1.47946093E-03
 1.16037483E+00 -1.37954889E-03
 1.16102477E+00 -1.17218638E-03
 1.16189560E+00 -8.27910158E-04
 1.16298300E+00 -3.43731326E-04
 1.16424023E+00  2.56458420E-04
 1.16560634E+00  9.40478539E-04
 1.16699255E+00  1.65907191E-03
 1.16826887E+00  2.33670915E-03
 1.16928627E+00  2.88557881E-03
 1.16988804E+00  3.21213048E-03
 1.16993834E+00  3.23462627E-03
 1.16938681E+00  2.92414701E-03
 1.16827249E+00  2.30628223E-03
 1.16668555E+00  1.43599608E-03
 1.16480111E+00  4.18373289E-04
 1.16290911E+00 -5.73680932E-04
 1.16136307E+00 -1.33082130E-03
 1.16052220E+00 -1.64047365E-03
 1.16067445E+00 -1.33376057E-03
 1.16188680E+00 -3.77652237E-04
 1.16398045E+00  1.11094338E-03
 1.16662716E+00  2.92379882E-03
 1.16925822E+00  4.70628346E-03
 1.17095930E+00  5.89530512E-03
 1.17074278E+00  5.88518857E-03
 1.16799790E+00  4.30131168E-03
 1.16289623E+00  1.24790863E-03
 1.15706481E+00 -2.28172657E-03
 1.15313039E+00 -4.68404271E-03
 1.15292009E+00 -4.84263317E-03
 1.15687808E+00 -2.48564091E-03
 1.16329954E+00  1.34429582E-03
 1.16858697E+00  4.44790414E-03
 1.17045540E+00  5.42866634E-03
 1.16849153E+00  4.03513776E-03
 1.16402271E+00  1.08373278E-03
 1.16039490E+00 -1.37271211E-03
 1.15944583E+00 -2.20512660E-03
 1.16095235E+00 -1.54636407E-03
 1.16403594E+00  6.67557908E-05
 1.16645891E+00  1.26306914E-03
 1.16712367E+00  1.37030017E-03
 1.16673831E+00  8.22398175E-04
 1.16581971E+00 -6.25670635E-05
 1.16538511E+00 -6.58098034E-04
 1.16596323E+00 -6.36884604E-04
 1.16687061E+00 -4.13091696E-04
 1.16782189E+00 -1.53930773E-04
 1.16856899E+00 -2.03565115E-06
 1.16887934E+00 -8.99642027E-05
 1.16911231E+00 -1.87869368E-04
 1.16939578E+00 -2.10824019E-04
 1.16967602E+00 -1.87867576E-04
 1.17001810E+00 -7.41516948E-05
 1.17029326E+00  5.68191471E-05
 1.17042980E+00  1.65986307E-04
 1.17048357E+00  2.92721766E-04
 1.17043489E+00  4.27353265E-04
 1.17029665E+00  5.77522640E-04
 1.17009007E+00  7.56410872E-04
 1.16978675E+00  9.45374805E-04
 1.16938760E+00  1.14058344E-03
 1.16890535E+00  1.34232847E-03
 1.16834986E+00  1.54332802E-03
 1.16775161E+00  1.74384631E-03
 1.16713837E+00  1.94197386E-03
 1.16653198E+00  2.13203701E-03
 1.16595780E+00  2.31118207E-03
 1.16543619E+00  2.47584549E-03
 1.16498755E+00  2.62232483E-03
 1.16463244E+00  2.74839267E-03
 1.16438132E+00  2.85127344E-03
 1.16423794E+00  2.92820284E-03
 1.16420312E+00  2.97731702E-03
 1.16427459E+00  2.99716218E-03
 1.16445457E+00  2.98715321E-03
 1.16474820E+00  2.94779504E-03
 1.16515172E+00  2.88020325E-03
 1.16565391E+00  2.78633065E-03
 1.16623763E+00  2.66924301E-03
 1.16687742E+00  2.53284606E-03
 1.16754861E+00  2.38174631E-03
 1.16822746E+00  2.22107637E-03
 1.16888396E+00  2.05597650E-03
 1.16948750E+00  1.89140110E-03
 1.17001060E+00  1.73216634E-03
 1.17043032E+00  1.58245804E-03
 1.17073769E+00  1.44527072E-03
 1.17093598E+00  1.32259633E-03
 1.17102903E+00  1.21588168E-03
 1.17102104E+00  1.12630178E-03
 1.17091374E+00  1.05550357E-03
 1.17070469E+00  1.00542703E-03
 1.17040049E+00  9.76832162E-04
 1.17001531E+00  9.69452889E-04
 1.16956267E+00  9.82396543E-04
 1.16905989E+00  1.01378044E-03
 1.16852428E+00  1.06169484E-03
 1.16797270E+00  1.12415078E-03
 1.16743256E+00  1.19789728E-03
 1.16693640E+00  1.27923499E-03
 1.16651035E+00  1.36506665E-03
 1.16617376E+00  1.45312304E-03
 1.16593258E+00  1.54321031E-03
 1.16577887E+00  1.63700401E-03
 1.16570646E+00  1.73584850E-03
 1.16571105E+00  1.84060796E-03
 1.16578734E+00  1.95145694E-03
 1.16593332E+00  2.06736916E-03
 1.16614014E+00  2.18802097E-03
 1.16639313E+00  2.31345713E-03
 1.16668347E+00  2.44236891E-03
 1.16700340E+00  2.57297774E-03
 1.16734398E+00  2.70313535E-03
 1.16769586E+00  2.83047592E-03
 1.16803876E+00  2.95456891E-03
 1.16834507E+00  3.07629536E-03
 1.16859481E+00  3.19537593E-03
 1.16877525E+00  3.31066169E-03
 1.16888318E+00  3.41981522E-03
 1.16892719E+00  3.51895573E-03
 1.16891329E+00  3.60516289E-03
 1.16884476E+00  3.67638435E-03
 1.16872889E+00  3.73003294E-03
 1.16857197E+00  3.76405465E-03
 1.16838417E+00  3.77668792E-03
 1.16817946E+00  3.76654348E-03
 1.16796433E+00  3.73460787E-03
 1.16774147E+00  3.68362597E-03
 1.16751578E+00  3.61632652E-03
 1.16729339E+00  3.53546023E-03
 1.16708875E+00  3.44277804E-03
 1.16692309E+00  3.33879662E-03
 1.16681079E+00  3.22502624E-03
 1.16675972E+00  3.10353047E-03
 1.16677239E+00  2.97574844E-03
 1.16684299E+00  2.84328386E-03
 1.16696750E+00  2.70722246E-03
 1.16714404E+00  2.56828701E-03
 1.16736552E+00  2.42884607E-03
 1.16762377E+00  2.29221490E-03
 1.16790848E+00  2.16105287E-03
 1.16820673E+00  2.03768514E-03
 1.16851132E+00  1.92346567E-03
 1.16881872E+00  1.81857124E-03
 1.16912265E+00  1.72385993E-03
 1.16941515E+00  1.64058824E-03
 1.16968312E+00  1.56939430E-03
 1.16990861E+00  1.51103349E-03
 1.17007888E+00  1.46609718E-03
 1.17018639E+00  1.43501896E-03
 1.17022689E+00  1.41942522E-03
 1.17020183E+00  1.42165519E-03
 1.17011219E+00  1.44351046E-03
 1.16995797E+00  1.48630411E-03
 1.16974362E+00  1.55022305E-03
 1.16947538E+00  1.63407531E-03
 1.16916151E+00  1.73660078E-03
 1.16881276E+00  1.85611654E-03
 1.16843703E+00  1.98963432E-03
 1.16804050E+00  2.13347855E-03
 1.16763189E+00  2.28326668E-03
 1.16722158E+00  2.43417601E-03
 1.16682346E+00  2.58243851E-03
 1.16645454E+00  2.72512856E-03
 1.16612813E+00  2.85899643E-03
 1.16585335E+00  2.98097629E-03
 1.16563597E+00  3.08834241E-03
 1.16547689E+00  3.17845467E-03
 1.16537684E+00  3.24972875E-03
 1.16533693E+00  3.30138787E-03
 1.16535571E+00  3.33229393E-03
 1.16543076E+00  3.34162966E-03
 1.16555722E+00  3.32979977E-03
 1.16572759E+00  3.29840028E-03
 1.16593577E+00  3.25097303E-03
 1.16617594E+00  3.19286778E-03
 1.16644055E+00  3.12951232E-03
 1.16672077E+00  3.06634572E-03
 1.16700412E+00  3.00895695E-03
 1.16727551E+00  2.96227495E-03
 1.16752289E+00  2.93098477E-03
 1.16773781E+00  2.91895227E-03
 1.16791595E+00  2.92747396E-03
 1.16805798E+00  2.95583893E-03
 1.16816430E+00  3.00258410E-03
 1.16823448E+00  3.06568965E-03
 1.16826921E+00  3.14396408E-03
 1.16826866E+00  3.23688535E-03
 1.16823520E+00  3.34185143E-03
 1.16817320E+00  3.45453429E-03
 1.16808466E+00  3.56975127E-03
 1.16797083E+00  3.68080002E-03
 1.16783381E+00  3.78117395E-03
 1.16767647E+00  3.86460349E-03
 1.16750608E+00  3.92308641E-03
 1.16733310E+00  3.94826527E-03
 1.16716506E+00  3.93310769E-03
 1.16700647E+00  3.87224782E-03
 1.16685840E+00  3.76406593E-03
 1.16671752E+00  3.61049829E-03
 1.16658195E+00  3.41381931E-03
 1.16645158E+00  3.17661494E-03
 1.16632528E+00  2.90163343E-03
 1.16620312E+00  2.59117875E-03
 1.16608462E+00  2.25016103E-03
 1.16596894E+00  1.88580972E-03
 1.16585975E+00  1.50533339E-03
 1.16576352E+00  1.11698118E-03
 1.16568626E+00  7.29410539E-04
 1.16563349E+00  3.51411066E-04
 1.16560671E+00 -5.62309659E-06
 1.16560372E+00 -3.29043080E-04
 1.16562483E+00 -6.08132045E-04
 1.16567215E+00 -8.34393402E-04
 1.16574813E+00 -1.00319611E-03
 1.16585710E+00 -1.11402937E-03
 1.16600097E+00 -1.16657977E-03
 1.16617930E+00 -1.16066786E-03
 1.16639339E+00 -1.09700146E-03
 1.16664401E+00 -9.76251943E-04
 1.16692986E+00 -8.01964098E-04
 1.16724767E+00 -5.80445648E-04
 1.16758859E+00 -3.17855581E-04
 1.16793902E+00 -2.13546135E-05
 1.16828572E+00  3.00928922E-04
 1.16861593E+00  6.40315252E-04
 1.16891837E+00  9.85075166E-04
 1.16918465E+00  1.32174543E-03
 1.16940520E+00  1.63895769E-03
 1.16957040E+00  1.92782754E-03
 1.16967448E+00  2.18346797E-03
 1.16971374E+00  2.40532767E-03
 1.16968668E+00  2.59274196E-03
 1.16959381E+00  2.74465805E-03
 1.16943334E+00  2.86047257E-03
 1.16920260E+00  2.93892818E-03
 1.16890329E+00  2.98132238E-03
 1.16854088E+00  2.99131428E-03
 1.16812517E+00  2.97149923E-03
 1.16767100E+00  2.92483261E-03
 1.16719290E+00  2.85492823E-03
 1.16670508E+00  2.76583277E-03
 1.16622401E+00  2.66527416E-03
 1.16576573E+00  2.56329758E-03
 1.16534550E+00  2.46755545E-03
 1.16497694E+00  2.38315133E-03
 1.16466694E+00  2.31135476E-03
 1.16441691E+00  2.24913109E-03
 1.16422765E+00  2.19439637E-03
 1.16409946E+00  2.14630137E-03
 1.16403476E+00  2.10372075E-03
 1.16403834E+00  2.06690521E-03
 1.16411029E+00  2.03479852E-03
 1.16424682E+00  2.00534380E-03
 1.16444353E+00  1.97967879E-03
 1.16469327E+00  1.96046503E-03
 1.16498906E+00  1.95016846E-03
 1.16532411E+00  1.95104239E-03
 1.16568620E+00  1.96146911E-03
 1.16606056E+00  1.97676280E-03
 1.16643488E+00  1.99472282E-03
 1.16679944E+00  2.01517535E-03
 1.16715102E+00  2.03977999E-03
 1.16749277E+00  2.07305647E-03
 1.16782615E+00  2.11769004E-03
 1.16815088E+00  2.17450234E-03
 1.16846565E+00  2.24560256E-03
 1.16876594E+00  2.33229039E-03
 1.16904962E+00  2.43513786E-03
 1.16931611E+00  2.55395748E-03
 1.16956046E+00  2.68390331E-03
 1.16977612E+00  2.81664457E-03
 1.16995621E+00  2.94419895E-03
 1.17009368E+00  3.05894911E-03
 1.17018759E+00  3.15561461E-03
 1.17024151E+00  3.23182740E-03
 1.17025578E+00  3.28360536E-03
 1.17022842E+00  3.30623213E-03
 1.17015479E+00  3.29677068E-03
 1.17002629E+00  3.25257029E-03
 1.16983770E+00  3.17287205E-03
 1.16958701E+00  3.05868402E-03
 1.16927112E+00  2.90885062E-03
 1.16888897E+00  2.72164679E-03
 1.16844120E+00  2.49808008E-03
 1.16793027E+00  2.24144276E-03
 1.16736639E+00  1.95893285E-03
 1.16676556E+00  1.66174133E-03
 1.16614399E+00  1.36049887E-03
 1.16551790E+00  1.06533404E-03
 1.16490040E+00  7.87045773E-04
 1.16430043E+00  5.35224110E-04
 1.16372944E+00  3.19449076E-04
 1.16319971E+00  1.48531703E-04
 1.16272035E+00  2.66399847E-05
 1.16229958E+00 -4.54746930E-05
 1.16194269E+00 -6.79786676E-05
 1.16165245E+00 -4.18972412E-05
 1.16143521E+00  3.35206087E-05
 1.16129853E+00  1.60549942E-04
 1.16124533E+00  3.37851768E-04
 1.16127466E+00  5.61127237E-04
 1.16137960E+00  8.24636638E-04
 1.16154685E+00  1.11988656E-03
 1.16176379E+00  1.43866657E-03
 1.16201831E+00  1.77305571E-03
 1.16229622E+00  2.11181731E-03
 1.16258435E+00  2.44264079E-03
 1.16286958E+00  2.75473446E-03
 1.16313988E+00  3.03914173E-03
 1.16339064E+00  3.29211924E-03
 1.16362265E+00  3.51474648E-03
 1.16383698E+00  3.70765333E-03
 1.16403465E+00  3.87100524E-03
 1.16421275E+00  4.00425128E-03
 1.16436428E+00  4.10502311E-03
 1.16448649E+00  4.17380668E-03
 1.16457966E+00  4.21340804E-03
 1.16464353E+00  4.22515698E-03
 1.16468004E+00  4.21079354E-03
 1.16468965E+00  4.17209614E-03
 1.16467189E+00  4.11080300E-03
 1.16463235E+00  4.03295173E-03
 1.16457957E+00  3.94721879E-03
 1.16451933E+00  3.85988260E-03
 1.16445510E+00  3.77501431E-03
 1.16438393E+00  3.69291280E-03
 1.16429666E+00  3.60960060E-03
 1.16418672E+00  3.52258718E-03
 1.16404994E+00  3.43089736E-03
 1.16388300E+00  3.33311521E-03
 1.16368619E+00  3.22931093E-03
 1.16345875E+00  3.11860772E-03
 1.16319968E+00  2.99944714E-03
 1.16291440E+00  2.87403810E-03
 1.16261192E+00  2.74665643E-03
 1.16230194E+00  2.62139970E-03
 1.16199471E+00  2.50224963E-03
 1.16169492E+00  2.38963033E-03
 1.16140254E+00  2.28089807E-03
 1.16112088E+00  2.17578598E-03
 1.16085512E+00  2.07577117E-03
 1.16061103E+00  1.98330779E-03
 1.16039682E+00  1.90302026E-03
 1.16021745E+00  1.83771714E-03
 1.16007512E+00  1.78843337E-03
 1.15997512E+00  1.75786747E-03
 1.15992266E+00  1.74839398E-03
 1.15992053E+00  1.76129265E-03
 1.15996937E+00  1.79688049E-03
 1.16006312E+00  1.85118671E-03
 1.16018981E+00  1.91676209E-03
 1.16033828E+00  1.98660905E-03
 1.16049788E+00  2.05408476E-03
 1.16065874E+00  2.11394428E-03
 1.16081385E+00  2.16319855E-03
 1.16095469E+00  2.19750713E-03
 1.16107252E+00  2.21192371E-03
 1.16116345E+00  2.20360687E-03
 1.16122618E+00  2.17041633E-03
 1.16126065E+00  2.11144800E-03
 1.16126781E+00  2.02694110E-03
 1.16124447E+00  1.91485020E-03
 1.16118442E+00  1.77197521E-03
 1.16108496E+00  1.59738138E-03
 1.16094582E+00  1.39186803E-03
 1.16076848E+00  1.15871910E-03
 1.16055781E+00  9.04245543E-04
 1.16031720E+00  6.34360773E-04
 1.16004918E+00  3.54927799E-04
 1.15976016E+00  7.37897290E-05
 1.15945772E+00 -2.01632675E-04
 1.15914854E+00 -4.66012037E-04
 1.15883839E+00 -7.17635602E-04
 1.15852799E+00 -9.62990554E-04
 1.15821376E+00 -1.21212517E-03
 1.15789389E+00 -1.46519457E-03
 1.15756811E+00 -1.70653330E-03
 1.15723813E+00 -1.89573540E-03
 1.15690916E+00 -1.98070923E-03
 1.15658523E+00 -1.94527221E-03
 1.15627007E+00 -1.83011693E-03
 1.15597142E+00 -1.75612008E-03
 1.15569874E+00 -1.88919230E-03
 1.15546244E+00 -2.29811200E-03
 1.15527342E+00 -2.89326722E-03
 1.15513794E+00 -3.36512602E-03
 1.15505850E+00 -3.26603583E-03
 1.15503937E+00 -2.38511206E-03
 1.15508526E+00 -8.97869492E-04
 1.15520116E+00  4.99037769E-04
 1.15539329E+00  7.68147326E-04
 1.15566435E+00 -5.61647673E-04
 1.15601388E+00 -3.04797419E-03
 1.15644212E+00 -5.05754598E-03
 1.15694750E+00 -4.28319846E-03
 1.15752527E+00 -8.48399247E-05
 1.15816754E+00  5.52563387E-03
 1.15885939E+00  7.04350050E-03
 1.15958006E+00 -1.37205319E-04
 1.16030830E+00 -7.36754950E-03
 1.16102275E+00 -1.94913951E-03
 1.16170317E+00  7.49575151E-03
 1.16233236E+00  5.44516990E-03
 1.16289250E+00 -9.51333461E-04
 1.16336697E+00  4.14005143E-04
 1.16374516E+00  3.96601122E-03
 1.16402060E+00  3.14993528E-03
 1.16418987E+00  1.78400935E-03
 1.16425219E+00  2.27018471E-03
 1.16420436E+00  2.53733822E-03
 1.16404228E+00  2.09763157E-03
 1.16376839E+00  1.77108059E-03
 1.16339092E+00  1.53170555E-03
 1.16292354E+00  1.16773654E-03
 1.16238657E+00  7.48803869E-04
 1.16180042E+00  3.22946973E-04
 1.16118542E+00 -1.15121167E-04
 1.16056599E+00 -5.53174494E-04
 1.15996667E+00 -9.75680767E-04
 1.15941005E+00 -1.37040049E-03
 1.15891528E+00 -1.72591120E-03
 1.15849108E+00 -2.03541763E-03
 1.15813718E+00 -2.29583656E-03
 1.15785253E+00 -2.50525320E-03
 1.15763562E+00 -2.66263717E-03
 1.15748747E+00 -2.76496524E-03
 1.15741248E+00 -2.80761170E-03
 1.15740798E+00 -2.78997172E-03
 1.15746549E+00 -2.71479302E-03
 1.15757647E+00 -2.58659111E-03
 1.15772899E+00 -2.41306997E-03
 1.15791136E+00 -2.20169060E-03
 1.15811228E+00 -1.95971914E-03
 1.15831224E+00 -1.69829176E-03
 1.15848793E+00 -1.42982157E-03
 1.15862091E+00 -1.16496058E-03
 1.15869804E+00 -9.12141255E-04
 1.15871707E+00 -6.73624258E-04
 1.15868681E+00 -4.46054436E-04
 1.15861446E+00 -2.26855354E-04
 1.15850546E+00 -1.44110723E-05
 1.15836521E+00  1.91447654E-04
 1.15819567E+00  3.88048303E-04
 1.15800381E+00  5.75501232E-04
 1.15780064E+00  7.55904008E-04
 1.15759167E+00  9.28594327E-04
 1.15738097E+00  1.09255250E-03
 1.15717287E+00  1.24622524E-03
 1.15697170E+00  1.38766258E-03
 1.15679071E+00  1.52020039E-03
 1.15664929E+00  1.65053958E-03
 1.15656050E+00  1.78224502E-03
 1.15653176E+00  1.91625781E-03
 1.15656316E+00  2.04941674E-03
 1.15664558E+00  2.17366969E-03
 1.15677236E+00  2.28310763E-03
 1.15693925E+00  2.37384543E-03
 1.15713838E+00  2.44092213E-03
 1.15736259E+00  2.48094375E-03
 1.15760229E+00  2.49015422E-03
 1.15784552E+00  2.46470593E-03
 1.15808721E+00  2.40616498E-03
 1.15832625E+00  2.31962075E-03
 1.15855976E+00  2.20998869E-03
 1.15878383E+00  2.08214929E-03
 1.15898834E+00  1.93743037E-03
 1.15915761E+00  1.77366644E-03
 1.15928129E+00  1.59162184E-03
 1.15935374E+00  1.39406817E-03
 1.15937215E+00  1.18385644E-03
 1.15933922E+00  9.65720007E-04
 1.15925623E+00  7.42796809E-04
 1.15912298E+00  5.16869163E-04
 1.15894433E+00  2.93145437E-04
 1.15872704E+00  7.81289852E-05
 1.15847904E+00 -1.22761883E-04
 1.15821011E+00 -3.04658246E-04
 1.15792616E+00 -4.66195185E-04
 1.15763029E+00 -6.09285199E-04
 1.15732830E+00 -7.34462988E-04
 1.15702769E+00 -8.41430582E-04
 1.15673882E+00 -9.29761131E-04
 1.15647524E+00 -9.97580130E-04
 1.15624720E+00 -1.04424949E-03
 1.15606142E+00 -1.07007987E-03
 1.15592325E+00 -1.07324516E-03
 1.15583479E+00 -1.05122556E-03
 1.15579805E+00 -1.00180997E-03
 1.15581543E+00 -9.23031189E-04
 1.15588623E+00 -8.15864189E-04
 1.15600801E+00 -6.83931153E-04
 1.15617692E+00 -5.30404165E-04
 1.15638714E+00 -3.58772376E-04
 1.15663379E+00 -1.73334485E-04
 1.15691245E+00  2.17496226E-05
 1.15721673E+00  2.20735837E-04
 1.15753881E+00  4.16853151E-04
 1.15786879E+00  6.04983589E-04
 1.15819495E+00  7.80802385E-04
 1.15850764E+00  9.39787246E-04
 1.15879988E+00  1.07789793E-03
 1.15906717E+00  1.19065001E-03
 1.15930821E+00  1.27319276E-03
 1.15952173E+00  1.32226466E-03
 1.15970586E+00  1.33575402E-03
 1.15985929E+00  1.31178577E-03
 1.15998027E+00  1.24966691E-03
 1.16006849E+00  1.15005995E-03
 1.16012491E+00  1.01516332E-03
 1.16014897E+00  8.50087547E-04
 1.16013969E+00  6.62349706E-04
 1.16009660E+00  4.60016856E-04
 1.16001980E+00  2.51554563E-04
 1.15991261E+00  4.52168911E-05
 1.15978066E+00 -1.51743244E-04
 1.15962757E+00 -3.32077287E-04
 1.15945491E+00 -4.89461878E-04
 1.15926173E+00 -6.20520364E-04
 1.15904399E+00 -7.24027909E-04
 1.15879901E+00 -7.99835181E-04
 1.15852575E+00 -8.48455808E-04
 1.15822300E+00 -8.68900120E-04
 1.15789104E+00 -8.59104980E-04
 1.15753030E+00 -8.19484496E-04
 1.15714163E+00 -7.52434641E-04
 1.15673006E+00 -6.61544489E-04
 1.15630339E+00 -5.52448043E-04
 1.15586965E+00 -4.30417188E-04
 1.15543686E+00 -3.00513233E-04
 1.15501010E+00 -1.70298826E-04
 1.15459163E+00 -4.80608971E-05
 1.15418579E+00  5.91969195E-05
 1.15379825E+00  1.46086226E-04
 1.15343458E+00  2.11529137E-04
 1.15310153E+00  2.58373973E-04
 1.15280393E+00  2.89072940E-04
 1.15254483E+00  3.05604090E-04
 1.15232921E+00  3.09213159E-04
 1.15216204E+00  2.99442669E-04
 1.15204630E+00  2.77844298E-04
 1.15198317E+00  2.47435669E-04
 1.15196929E+00  2.09459037E-04
 1.15199723E+00  1.64979615E-04
 1.15205986E+00  1.14851640E-04
 1.15215030E+00  5.97676360E-05
 1.15226193E+00  3.98901520E-06
 1.15238979E+00 -4.59310799E-05
 1.15252792E+00 -8.55593030E-05
 1.15267013E+00 -1.12274802E-04
 1.15281352E+00 -1.26224704E-04
 1.15295695E+00 -1.30918758E-04
 1.15309993E+00 -1.28617239E-04
 1.15324239E+00 -1.20447037E-04
 1.15338127E+00 -1.08554031E-04
 1.15351117E+00 -9.44062142E-05
 1.15362900E+00 -8.01049585E-05
 1.15373317E+00 -6.82894883E-05
 1.15382311E+00 -5.85622695E-05
 1.15390033E+00 -4.86906685E-05
 1.15396521E+00 -3.69098635E-05
 1.15401737E+00 -2.17280720E-05
 1.15405910E+00 -4.08731061E-06
 1.15409345E+00  1.27560728E-05
 1.15412270E+00  2.73639400E-05
 1.15414833E+00  3.96719235E-05
 1.15416820E+00  4.99777865E-05
 1.15417706E+00  6.00159060E-05
 1.15417096E+00  7.04954612E-05
 1.15414707E+00  8.11312960E-05
 1.15410402E+00  9.33989245E-05
 1.15404297E+00  1.09216248E-04
 1.15396446E+00  1.30008830E-04
 1.15386904E+00  1.56979872E-04
 1.15376044E+00  1.89035868E-04
 1.15364396E+00  2.23129153E-04
 1.15352579E+00  2.56959369E-04
 1.15341271E+00  2.88727727E-04
 1.15330841E+00  3.17286448E-04
 1.15321417E+00  3.42740489E-04
 1.15313283E+00  3.64292379E-04
 1.15306791E+00  3.80472123E-04
 1.15302335E+00  3.90801193E-04
 1.15300432E+00  3.94948310E-04
 1.15301397E+00  3.92949666E-04
 1.15305381E+00  3.85311135E-04
 1.15312670E+00  3.71226887E-04
 1.15323509E+00  3.49100076E-04
 1.15337986E+00  3.18180032E-04
 1.15356043E+00  2.78252721E-04
 1.15377216E+00  2.30050799E-04
 1.15400695E+00  1.75489541E-04
 1.15425689E+00  1.15983400E-04
 1.15451414E+00  5.25781251E-05
 1.15477131E+00 -1.32017076E-05
 1.15502256E+00 -7.99995877E-05
 1.15526144E+00 -1.46293631E-04
 1.15548166E+00 -2.10401448E-04
 1.15568015E+00 -2.71687048E-04
 1.15585574E+00 -3.30189895E-04
 1.15600813E+00 -3.85768012E-04
 1.15613768E+00 -4.38209783E-04
 1.15624233E+00 -4.86656428E-04
 1.15631820E+00 -5.29541706E-04
 1.15636382E+00 -5.65802445E-04
 1.15637938E+00 -5.94688535E-04
 1.15636622E+00 -6.15278642E-04
 1.15632776E+00 -6.26880298E-04
 1.15626663E+00 -6.28570511E-04
 1.15618495E+00 -6.19257006E-04
 1.15608746E+00 -5.98625774E-04
 1.15597971E+00 -5.66803102E-04
 1.15586639E+00 -5.23775405E-04
 1.15575124E+00 -4.69545541E-04
 1.15563431E+00 -4.03740712E-04
 1.15551242E+00 -3.25620950E-04
 1.15538335E+00 -2.34994954E-04
 1.15524577E+00 -1.32155897E-04
 1.15509939E+00 -1.76400532E-05
 1.15494609E+00  1.07439093E-04
 1.15478656E+00  2.41693906E-04
 1.15462095E+00  3.83384330E-04
 1.15445184E+00  5.29761171E-04
 1.15428278E+00  6.77362019E-04
 1.15411780E+00  8.22507617E-04
 1.15396128E+00  9.61378952E-04
 1.15381442E+00  1.09058439E-03
 1.15367607E+00  1.20725690E-03
 1.15354666E+00  1.30836473E-03
 1.15342750E+00  1.39101093E-03
 1.15332102E+00  1.45288976E-03
 1.15323140E+00  1.49205850E-03
 1.15316097E+00  1.50718907E-03
 1.15311046E+00  1.49749012E-03
 1.15308150E+00  1.46196017E-03
 1.15307489E+00  1.39973729E-03
 1.15309041E+00  1.31095197E-03
 1.15312679E+00  1.19667414E-03
 1.15317885E+00  1.05916046E-03
 1.15323856E+00  9.01897160E-04
 1.15329866E+00  7.28537207E-04
 1.15335300E+00  5.42852746E-04
 1.15339814E+00  3.49053226E-04
 1.15343247E+00  1.51234440E-04
 1.15344912E+00 -4.65809225E-05
 1.15343426E+00 -2.40748657E-04
 1.15336612E+00 -4.29107281E-04
 1.15322212E+00 -6.10659353E-04
 1.15300269E+00 -7.84575733E-04
 1.15274424E+00 -9.50077366E-04
 1.15253236E+00 -1.10568895E-03
 1.15247352E+00 -1.24924590E-03
 1.15260182E+00 -1.37961851E-03
 1.15283107E+00 -1.49648900E-03
 1.15289970E+00 -1.59965394E-03
 1.15245163E+00 -1.68954312E-03
 1.15134332E+00 -1.76641039E-03
 1.14977929E+00 -1.83039636E-03
 1.14845676E+00 -1.88295276E-03
 1.14838053E+00 -1.92610240E-03
 1.15003039E+00 -1.96123110E-03
 1.15303114E+00 -1.98905105E-03
 1.15584902E+00 -2.00859674E-03
 1.15618992E+00 -2.01730876E-03
 1.15301112E+00 -2.01309984E-03
 1.14728638E+00 -1.99439774E-03
 1.14261702E+00 -1.95999990E-03
 1.14409500E+00 -1.90965387E-03
 1.15313334E+00 -1.84268998E-03
 1.16529577E+00 -1.75826102E-03
 1.16845117E+00 -1.65692497E-03
 1.15245243E+00 -1.53992582E-03
 1.13637834E+00 -1.40879930E-03
 1.14823671E+00 -1.26530888E-03
 1.16901813E+00 -1.10981493E-03
 1.16449430E+00 -9.41651380E-04
 1.15042877E+00 -7.61196942E-04
 1.15352020E+00 -5.69597529E-04
 1.16148224E+00 -3.68764312E-04
 1.15987387E+00 -1.61775643E-04
 1.15712069E+00  4.88834708E-05
 1.15852163E+00  2.61212540E-04
 1.15951545E+00  4.72371862E-04
 1.15902982E+00  6.79498233E-04
 1.15887420E+00  8.79834666E-04
 1.15899081E+00  1.07069619E-03
 1.15890279E+00  1.25087572E-03
 1.15874653E+00  1.42031315E-03
 1.15861097E+00  1.57867279E-03
 1.15846753E+00  1.72548326E-03
 1.15832955E+00  1.85975353E-03
 1.15822234E+00  1.97973050E-03
 1.15816063E+00  2.08435323E-03
 1.15815578E+00  2.17305156E-03
 1.15821255E+00  2.24485778E-03
 1.15832812E+00  2.29898853E-03
 1.15849972E+00  2.33462588E-03
 1.15872485E+00  2.35099448E-03
 1.15900020E+00  2.34865068E-03
 1.15932349E+00  2.32916035E-03
 1.15968785E+00  2.29410070E-03
 1.16008228E+00  2.24535005E-03
 1.16049717E+00  2.18486258E-03
 1.16092206E+00  2.11443681E-03
 1.16134554E+00  2.03660647E-03
 1.16175583E+00  1.95435223E-03
 1.16213553E+00  1.87024229E-03
 1.16246408E+00  1.78675518E-03
 1.16272528E+00  1.70628440E-03
 1.16290764E+00  1.63090774E-03
 1.16300694E+00  1.56283423E-03
 1.16302695E+00  1.50425143E-03
 1.16297114E+00  1.45672824E-03
 1.16284235E+00  1.42136714E-03
 1.16264510E+00  1.39891083E-03
 1.16238322E+00  1.38943992E-03
 1.16206481E+00  1.39234138E-03
 1.16170194E+00  1.40616890E-03
 1.16130417E+00  1.42821231E-03
 1.16088098E+00  1.45471967E-03
 1.16044314E+00  1.48157132E-03
 1.16000216E+00  1.50444761E-03
 1.15957550E+00  1.51918714E-03
 1.15918449E+00  1.52213234E-03
 1.15884579E+00  1.50981024E-03
 1.15857116E+00  1.47941255E-03
 1.15836587E+00  1.42969109E-03
 1.15822745E+00  1.36063950E-03
 1.15815398E+00  1.27297136E-03
 1.15814441E+00  1.16788975E-03
 1.15819524E+00  1.04609029E-03
 1.15830313E+00  9.07990432E-04
 1.15846095E+00  7.55494662E-04
 1.15865792E+00  5.91793021E-04
 1.15888612E+00  4.20979559E-04
 1.15913829E+00  2.48417348E-04
 1.15940552E+00  7.94187468E-05
 1.15967792E+00 -8.07740589E-05
 1.15994013E+00 -2.25761740E-04
 1.16017295E+00 -3.48976420E-04
 1.16036177E+00 -4.44683340E-04
 1.16049690E+00 -5.08308382E-04
 1.16057445E+00 -5.38022089E-04
 1.16059774E+00 -5.34513259E-04
 1.16056967E+00 -4.98711848E-04
 1.16049240E+00 -4.31709259E-04
 1.16037070E+00 -3.34416665E-04
 1.16020954E+00 -2.07182283E-04
 1.16001741E+00 -5.21751313E-05
 1.15980628E+00  1.26885886E-04
 1.15958552E+00  3.26413834E-04
 1.15936387E+00  5.42107253E-04
 1.15915173E+00  7.69489454E-04
 1.15896040E+00  1.00399481E-03
 1.15880611E+00  1.23891365E-03
 1.15870840E+00  1.46640474E-03
 1.15868223E+00  1.67990614E-03
 1.15873750E+00  1.87424151E-03
 1.15887822E+00  2.04680573E-03
 1.15910115E+00  2.19773372E-03
 1.15940294E+00  2.32685859E-03
 1.15978059E+00  2.43368657E-03
 1.16022839E+00  2.51807890E-03
 1.16074011E+00  2.57942465E-03
 1.16130561E+00  2.61856159E-03
 1.16191086E+00  2.63764095E-03
 1.16254366E+00  2.63783268E-03
 1.16319183E+00  2.62025477E-03
 1.16384137E+00  2.58643804E-03
 1.16447721E+00  2.53816268E-03
 1.16507934E+00  2.47942979E-03
 1.16562458E+00  2.41576556E-03
 1.16609420E+00  2.35128150E-03
 1.16647453E+00  2.28868990E-03
 1.16675832E+00  2.22882166E-03
 1.16694588E+00  2.17021606E-03
 1.16703786E+00  2.11203689E-03
 1.16703480E+00  2.05418103E-03
 1.16693979E+00  1.99609654E-03
 1.16675642E+00  1.93776995E-03
 1.16649283E+00  1.87856218E-03
 1.16616171E+00  1.81728502E-03
 1.16577447E+00  1.75451300E-03
 1.16534327E+00  1.69175500E-03
 1.16488224E+00  1.63029065E-03
 1.16440678E+00  1.57125475E-03
 1.16393777E+00  1.51393875E-03
 1.16349949E+00  1.45611944E-03
 1.16311184E+00  1.39698876E-03
 1.16278962E+00  1.33696778E-03
 1.16254059E+00  1.27747214E-03
 1.16236448E+00  1.22149331E-03
 1.16226102E+00  1.17128674E-03
 1.16223046E+00  1.12830517E-03
 1.16227124E+00  1.09481981E-03
 1.16238220E+00  1.07289180E-03
 1.16255756E+00  1.06441480E-03
 1.16278713E+00  1.07112713E-03
 1.16306266E+00  1.09266929E-03
 1.16337545E+00  1.12711652E-03
 1.16371525E+00  1.17277139E-03
 1.16407078E+00  1.22809612E-03
 1.16442454E+00  1.29261567E-03
 1.16475505E+00  1.36709096E-03
 1.16504564E+00  1.45120955E-03
 1.16528490E+00  1.54387327E-03
 1.16546881E+00  1.64421722E-03
 1.16560175E+00  1.75088390E-03
 1.16568735E+00  1.86297951E-03
 1.16572797E+00  1.98003521E-03
 1.16572748E+00  2.10019793E-03
 1.16568856E+00  2.22094886E-03
 1.16561763E+00  2.34025773E-03
 1.16552455E+00  2.45635246E-03
 1.16541522E+00  2.56862219E-03
 1.16529438E+00  2.67763543E-03
 1.16516786E+00  2.78337461E-03
 1.16504215E+00  2.88542275E-03
 1.16493038E+00  2.98343032E-03
 1.16485035E+00  3.07656420E-03
 1.16481466E+00  3.16432706E-03
 1.16483078E+00  3.24648765E-03
 1.16490001E+00  3.32188338E-03
 1.16501594E+00  3.38893124E-03
 1.16517354E+00  3.44618516E-03
 1.16536947E+00  3.49229576E-03
 1.16559766E+00  3.52692348E-03
 1.16585257E+00  3.55069741E-03
 1.16612620E+00  3.56402130E-03
 1.16640822E+00  3.56735734E-03
 1.16669331E+00  3.56153699E-03
 1.16697880E+00  3.54737607E-03
 1.16726058E+00  3.52624714E-03
 1.16753364E+00  3.49989810E-03
 1.16778737E+00  3.46940993E-03
 1.16800659E+00  3.43552356E-03
 1.16818075E+00  3.39913005E-03
 1.16830373E+00  3.36101595E-03
 1.16837297E+00  3.32218726E-03
 1.16839153E+00  3.28388500E-03
 1.16836134E+00  3.24681635E-03
 1.16828293E+00  3.21133193E-03
 1.16816062E+00  3.17785087E-03
 1.16799965E+00  3.14649834E-03
 1.16780677E+00  3.11703887E-03
 1.16759055E+00  3.08884059E-03
 1.16735577E+00  3.06034151E-03
 1.16710480E+00  3.02923770E-03
 1.16684205E+00  2.99319495E-03
 1.16657327E+00  2.94987887E-03
 1.16630768E+00  2.89715048E-03
 1.16605792E+00  2.83335720E-03
 1.16583324E+00  2.75695533E-03
 1.16563953E+00  2.66682290E-03
 1.16548070E+00  2.56298425E-03
 1.16535706E+00  2.44633147E-03
 1.16526929E+00  2.31826965E-03
 1.16521888E+00  2.18060008E-03
 1.16520438E+00  2.03478389E-03
 1.16522321E+00  1.88209341E-03
 1.16527156E+00  1.72481507E-03
 1.16534407E+00  1.56608326E-03
 1.16543727E+00  1.40962490E-03
 1.16554890E+00  1.25999234E-03
 1.16567500E+00  1.12163596E-03
 1.16581044E+00  9.98866676E-04
 1.16594772E+00  8.96642736E-04
 1.16607721E+00  8.19892215E-04
 1.16619158E+00  7.72869346E-04
 1.16628617E+00  7.58919468E-04
 1.16635831E+00  7.79397856E-04
 1.16640832E+00  8.33783780E-04
 1.16643632E+00  9.21089753E-04
 1.16644182E+00  1.03985650E-03
 1.16642556E+00  1.18834118E-03
 1.16638842E+00  1.36469800E-03
 1.16633231E+00  1.56537285E-03
 1.16626024E+00  1.78521200E-03
 1.16617350E+00  2.01845426E-03
 1.16607252E+00  2.25829326E-03
 1.16595854E+00  2.49753780E-03
 1.16583348E+00  2.72885866E-03
 1.16570177E+00  2.94374677E-03
 1.16556991E+00  3.13334263E-03
 1.16544245E+00  3.28982334E-03
 1.16532196E+00  3.40675997E-03
 1.16520912E+00  3.48034531E-03
 1.16510202E+00  3.50941018E-03
 1.16499959E+00  3.49338296E-03
 1.16490184E+00  3.43221057E-03
 1.16480805E+00  3.32631002E-03
 1.16471810E+00  3.17629621E-03
 1.16463171E+00  2.98521243E-03
 1.16454850E+00  2.75845946E-03
 1.16447097E+00  2.50234240E-03
 1.16440349E+00  2.22470632E-03
 1.16435013E+00  1.93409373E-03
 1.16431458E+00  1.63940577E-03
 1.16429818E+00  1.35142352E-03
 1.16429995E+00  1.08163029E-03
 1.16432049E+00  8.40129888E-04
 1.16436157E+00  6.35115979E-04
 1.16442508E+00  4.71108483E-04
 1.16451399E+00  3.49007633E-04
 1.16462986E+00  2.69306590E-04
 1.16477279E+00  2.32347900E-04
 1.16494413E+00  2.38523646E-04
 1.16514499E+00  2.88802100E-04
 1.16537518E+00  3.81402261E-04
 1.16563328E+00  5.12047849E-04
 1.16591446E+00  6.76365664E-04
 1.16621091E+00  8.68730044E-04
 1.16651506E+00  1.08306528E-03
 1.16681959E+00  1.31303196E-03
 1.16711794E+00  1.54916703E-03
 1.16740512E+00  1.78043014E-03
 1.16767531E+00  1.99774854E-03
 1.16792250E+00  2.19434893E-03
 1.16814284E+00  2.36771142E-03
 1.16833361E+00  2.51967599E-03
 1.16849309E+00  2.65162018E-03
 1.16862053E+00  2.76421716E-03
 1.16871344E+00  2.85803973E-03
 1.16876846E+00  2.93230848E-03
 1.16878447E+00  2.98831527E-03
 1.16876222E+00  3.02904053E-03
 1.16870455E+00  3.05542077E-03
 1.16861689E+00  3.06798170E-03
 1.16850433E+00  3.06740262E-03
 1.16837162E+00  3.05447199E-03
 1.16822503E+00  3.03383431E-03
 1.16807078E+00  3.01273803E-03
 1.16791479E+00  2.99594886E-03
 1.16776231E+00  2.98594737E-03
 1.16761518E+00  2.98211717E-03
 1.16747255E+00  2.98004004E-03
 1.16733373E+00  2.97662530E-03
 1.16719818E+00  2.97016450E-03
 1.16706682E+00  2.95799707E-03
 1.16694226E+00  2.93840266E-03
 1.16682531E+00  2.90907569E-03
 1.16671544E+00  2.86728373E-03
 1.16661277E+00  2.81396296E-03
 1.16651680E+00  2.75231572E-03
 1.16642753E+00  2.68520065E-03
 1.16634536E+00  2.61524874E-03
 1.16626795E+00  2.54216086E-03
 1.16619153E+00  2.46292142E-03
 1.16611371E+00  2.37678304E-03
 1.16603334E+00  2.28473202E-03
 1.16595191E+00  2.18836976E-03
 1.16587375E+00  2.09116230E-03
 1.16580209E+00  1.99530114E-03
 1.16573915E+00  1.90175713E-03
 1.16568715E+00  1.81362524E-03
 1.16564700E+00  1.73444608E-03
 1.16562016E+00  1.66708803E-03
 1.16560831E+00  1.61401449E-03
 1.16561043E+00  1.57461259E-03
 1.16562401E+00  1.54566515E-03
 1.16564644E+00  1.52478233E-03
 1.16567503E+00  1.51013043E-03
 1.16570943E+00  1.50072638E-03
 1.16575138E+00  1.49720128E-03
 1.16580115E+00  1.49899129E-03
 1.16585812E+00  1.50469406E-03
 1.16592143E+00  1.51425186E-03
 1.16598910E+00  1.52780706E-03
 1.16606047E+00  1.54590737E-03
 1.16613603E+00  1.56954190E-03
 1.16621493E+00  1.59766457E-03
 1.16629632E+00  1.62786683E-03
 1.16638028E+00  1.65868850E-03
 1.16646765E+00  1.68914642E-03
 1.16656201E+00  1.71916776E-03
 1.16666927E+00  1.74998283E-03
 1.16679480E+00  1.78189442E-03
 1.16694358E+00  1.81453793E-03
 1.16711985E+00  1.84828911E-03
 1.16732630E+00  1.88335303E-03
 1.16756600E+00  1.91994470E-03
 1.16784179E+00  1.95836175E-03
 1.16815417E+00  1.99740217E-03
 1.16850218E+00  2.03481306E-03
 1.16888378E+00  2.06868400E-03
 1.16929588E+00  2.09725897E-03
 1.16973650E+00  2.11945814E-03
 1.17020417E+00  2.13512724E-03
 1.17069518E+00  2.14360156E-03
 1.17120395E+00  2.14397681E-03
 1.17172306E+00  2.13598103E-03
 1.17224283E+00  2.11943730E-03
 1.17275383E+00  2.09455650E-03
 1.17324691E+00  2.06190324E-03
 1.17371174E+00  2.02119873E-03
 1.17413816E+00  1.97168021E-03
 1.17451680E+00  1.91307150E-03
 1.17483945E+00  1.84534418E-03
 1.17510159E+00  1.76898615E-03
 1.17530192E+00  1.68517305E-03
 1.17543979E+00  1.59479794E-03
 1.17551528E+00  1.49865635E-03
 1.17552827E+00  1.39811344E-03
 1.17547830E+00  1.29471302E-03
 1.17536794E+00  1.19023290E-03
 1.17520257E+00  1.08674956E-03
 1.17498865E+00  9.85989404E-04
 1.17473472E+00  8.89459738E-04
 1.17444977E+00  7.98960392E-04
 1.17414307E+00  7.16392579E-04
 1.17382640E+00  6.43780918E-04
 1.17351255E+00  5.83343274E-04
 1.17321292E+00  5.37004819E-04
 1.17293705E+00  5.06391406E-04
 1.17269035E+00  4.93060323E-04
 1.17247416E+00  4.98289966E-04
 1.17228976E+00  5.23096510E-04
 1.17213852E+00  5.68233278E-04
 1.17202200E+00  6.33886405E-04
 1.17194269E+00  7.19662249E-04
 1.17190019E+00  8.24641746E-04
 1.17189149E+00  9.47235574E-04
 1.17191388E+00  1.08516181E-03
 1.17196352E+00  1.23554975E-03
 1.17203615E+00  1.39507144E-03
 1.17212735E+00  1.56013166E-03
 1.17222918E+00  1.72716256E-03
 1.17233181E+00  1.89275109E-03
 1.17242758E+00  2.05356857E-03
 1.17251114E+00  2.20666092E-03
 1.17258146E+00  2.34983330E-03
 1.17264199E+00  2.48153475E-03
 1.17269538E+00  2.60063648E-03
 1.17274327E+00  2.70627263E-03
 1.17278714E+00  2.79731972E-03
 1.17282684E+00  2.87256647E-03
 1.17286396E+00  2.93170056E-03
 1.17290150E+00  2.97524187E-03
 1.17293971E+00  3.00439163E-03
 1.17297792E+00  3.02121881E-03
 1.17301545E+00  3.02786063E-03
 1.17305160E+00  3.02650480E-03
 1.17308962E+00  3.02004728E-03
 1.17313559E+00  3.01151423E-03
 1.17319294E+00  3.00355493E-03
 1.17326284E+00  2.99821390E-03
 1.17334372E+00  2.99594772E-03
 1.17343044E+00  2.99582899E-03
 1.17351942E+00  2.99694995E-03
 1.17360863E+00  2.99854358E-03
 1.17369485E+00  3.00035576E-03
 1.17377571E+00  3.00287757E-03
 1.17384878E+00  3.00579636E-03
 1.17391166E+00  3.00823008E-03
 1.17396618E+00  3.00979558E-03
 1.17401701E+00  3.01001704E-03
 1.17406841E+00  3.00863109E-03
 1.17412431E+00  3.00552157E-03
 1.17418587E+00  2.99920722E-03
 1.17425128E+00  2.98744917E-03
 1.17432073E+00  2.96886714E-03
 1.17439567E+00  2.94286559E-03
 1.17447696E+00  2.91023877E-03
 1.17456633E+00  2.87330524E-03
 1.17466393E+00  2.83393691E-03
 1.17476845E+00  2.79359061E-03
 1.17488092E+00  2.75397663E-03
 1.17500305E+00  2.71638151E-03
 1.17513496E+00  2.68245140E-03
 1.17527565E+00  2.65408180E-03
 1.17542080E+00  2.63188681E-03
 1.17556297E+00  2.61575442E-03
 1.17569566E+00  2.60563291E-03
 1.17581314E+00  2.60147303E-03
 1.17590995E+00  2.60431779E-03
 1.17598225E+00  2.61614292E-03
 1.17602586E+00  2.63801805E-03
 1.17603677E+00  2.67029735E-03
 1.17601425E+00  2.71290058E-03
 1.17595962E+00  2.76485095E-03
 1.17587523E+00  2.82547332E-03
 1.17576442E+00  2.89432337E-03
 1.17562914E+00  2.96995812E-03
 1.17547038E+00  3.05052074E-03
 1.17529185E+00  3.13401759E-03
 1.17509945E+00  3.21818375E-03
 1.17490077E+00  3.30144804E-03
 1.17470583E+00  3.38279466E-03
 1.17452418E+00  3.46072210E-03
 1.17436488E+00  3.53346170E-03
 1.17423857E+00  3.59898113E-03
 1.17415580E+00  3.65483314E-03
 1.17412593E+00  3.69911918E-03
 1.17415672E+00  3.73052657E-03
 1.17425149E+00  3.74784089E-03
 1.17440954E+00  3.75030142E-03
 1.17462932E+00  3.73740471E-03
 1.17490834E+00  3.70884596E-03
 1.17524386E+00  3.66512421E-03
 1.17563323E+00  3.60743149E-03
 1.17607001E+00  3.53745290E-03
 1.17654419E+00  3.45753576E-03
 1.17704435E+00  3.37049251E-03
 1.17755657E+00  3.27950798E-03
 1.17806625E+00  3.18828543E-03
 1.17855864E+00  3.10082372E-03
 1.17901637E+00  3.02112665E-03
 1.17942141E+00  2.95309097E-03
 1.17975781E+00  2.90025617E-03
 1.18001251E+00  2.86547840E-03
 1.18017813E+00  2.85065324E-03
 1.18025297E+00  2.85672861E-03
 1.18023638E+00  2.88405433E-03
 1.18012864E+00  2.93255605E-03
 1.17993060E+00  3.00205896E-03
 1.17964308E+00  3.09217359E-03
 1.17927187E+00  3.20132743E-03
 1.17882753E+00  3.32679277E-03
 1.17832212E+00  3.46496598E-03
 1.17777076E+00  3.61120337E-03
 1.17718974E+00  3.76058729E-03
 1.17659595E+00  3.90804505E-03
 1.17601048E+00  4.04776877E-03
 1.17545613E+00  4.17387604E-03
 1.17495275E+00  4.28109199E-03
 1.17451633E+00  4.36512219E-03
 1.17415534E+00  4.42378452E-03
 1.17387078E+00  4.45683479E-03
 1.17366319E+00  4.46439624E-03
 1.17353308E+00  4.44680471E-03
 1.17348113E+00  4.40417116E-03
 1.17350939E+00  4.33621052E-03
 1.17361471E+00  4.24422946E-03
 1.17378927E+00  4.13092375E-03
 1.17402577E+00  3.99920244E-03
 1.17431503E+00  3.85282285E-03
 1.17464705E+00  3.69568834E-03
 1.17501138E+00  3.53178798E-03
 1.17539109E+00  3.36684893E-03
 1.17576579E+00  3.20739999E-03
 1.17611911E+00  3.05891819E-03
 1.17643916E+00  2.92564178E-03
 1.17672202E+00  2.80933493E-03
 1.17697213E+00  2.70927206E-03
 1.17719274E+00  2.62493192E-03
 1.17738542E+00  2.55608418E-03
 1.17755197E+00  2.50251186E-03
 1.17769169E+00  2.46468071E-03
 1.17780745E+00  2.44173789E-03
 1.17790504E+00  2.43172274E-03
 1.17798575E+00  2.43361835E-03
 1.17804942E+00  2.44644258E-03
 1.17809632E+00  2.46904610E-03
 1.17812696E+00  2.50017207E-03
 1.17814914E+00  2.53639556E-03
 1.17817576E+00  2.57286326E-03
 1.17821495E+00  2.60605686E-03
 1.17827053E+00  2.63372512E-03
 1.17834108E+00  2.65544923E-03
 1.17841835E+00  2.67299783E-03
 1.17849670E+00  2.68744878E-03
 1.17857316E+00  2.69914329E-03
 1.17864260E+00  2.70885587E-03
 1.17870130E+00  2.71679058E-03
 1.17874485E+00  2.72363919E-03
 1.17876833E+00  2.73048451E-03
 1.17877383E+00  2.73652717E-03
 1.17876802E+00  2.73991025E-03
 1.17875673E+00  2.73900141E-03
 1.17874513E+00  2.73234206E-03
 1.17873320E+00  2.72028855E-03
 1.17871573E+00  2.70480115E-03
 1.17869147E+00  2.68663348E-03
 1.17866206E+00  2.66561376E-03
 1.17862939E+00  2.64109612E-03
 1.17859807E+00  2.61133399E-03
 1.17857013E+00  2.57548533E-03
 1.17854515E+00  2.53362351E-03
 1.17852652E+00  2.48498799E-03
 1.17851847E+00  2.42898204E-03
 1.17852331E+00  2.36555006E-03
 1.17854194E+00  2.29510621E-03
 1.17856935E+00  2.22022972E-03
 1.17859529E+00  2.14524076E-03
 1.17861107E+00  2.07419833E-03
 1.17860921E+00  2.01092999E-03
 1.17858363E+00  1.95845333E-03
 1.17853147E+00  1.91855450E-03
 1.17844838E+00  1.89367737E-03
 1.17832938E+00  1.88654472E-03
 1.17817355E+00  1.89879682E-03
 1.17798191E+00  1.93168774E-03
 1.17775708E+00  1.98569515E-03
 1.17750336E+00  2.06053840E-03
 1.17722205E+00  2.15691327E-03
 1.17691273E+00  2.27586091E-03
 1.17657864E+00  2.41705995E-03
 1.17622580E+00  2.57905187E-03
 1.17586341E+00  2.75873802E-03
 1.17550464E+00  2.95123110E-03
 1.17516161E+00  3.15185333E-03
 1.17484542E+00  3.35611738E-03
 1.17456902E+00  3.55898993E-03
 1.17434474E+00  3.75577958E-03
 1.17418392E+00  3.94184418E-03
 1.17409639E+00  4.11289225E-03
 1.17408603E+00  4.26672703E-03
 1.17415169E+00  4.40273664E-03
 1.17429137E+00  4.52055010E-03
 1.17450192E+00  4.62001218E-03
 1.17478085E+00  4.70013323E-03
 1.17512659E+00  4.75910587E-03
 1.17553285E+00  4.79662241E-03
 1.17598914E+00  4.81357908E-03
 1.17648345E+00  4.81122273E-03
 1.17700062E+00  4.79180979E-03
 1.17752519E+00  4.75743915E-03
 1.17804180E+00  4.71007622E-03
 1.17853153E+00  4.65329628E-03
 1.17897445E+00  4.59133252E-03
 1.17935309E+00  4.52772458E-03
 1.17965315E+00  4.46526083E-03
 1.17986718E+00  4.40463011E-03
 1.17999451E+00  4.34454037E-03
 1.18003528E+00  4.28415162E-03
 1.17999038E+00  4.22308570E-03
 1.17986124E+00  4.16134387E-03
 1.17964890E+00  4.09991360E-03
 1.17935997E+00  4.03894403E-03
 1.17900625E+00  3.97799139E-03
 1.17860064E+00  3.91780993E-03
 1.17815895E+00  3.85949361E-03
 1.17769818E+00  3.80425984E-03
 1.17723573E+00  3.75341652E-03
 1.17679382E+00  3.70643055E-03
 1.17639661E+00  3.66147172E-03
 1.17606462E+00  3.61773295E-03
 1.17581374E+00  3.57518297E-03
 1.17565131E+00  3.53483240E-03
 1.17557603E+00  3.49907741E-03
 1.17558591E+00  3.46941644E-03
 1.17567871E+00  3.44649109E-03
 1.17585159E+00  3.43131363E-03
 1.17610276E+00  3.42432949E-03
 1.17642423E+00  3.42575126E-03
 1.17680237E+00  3.43550001E-03
 1.17722380E+00  3.45139783E-03
 1.17767281E+00  3.46977386E-03
 1.17813260E+00  3.48701333E-03
 1.17858586E+00  3.49957250E-03
 1.17900867E+00  3.50504745E-03
 1.17937383E+00  3.50236106E-03
 1.17965919E+00  3.48971083E-03
 1.17984848E+00  3.46500601E-03
 1.17993538E+00  3.42688784E-03
 1.17992403E+00  3.37408278E-03
 1.17981860E+00  3.30624449E-03
 1.17962280E+00  3.22387247E-03
 1.17934158E+00  3.12655201E-03
 1.17897854E+00  3.01370713E-03
 1.17854346E+00  2.88602057E-03
 1.17805174E+00  2.74524818E-03
 1.17751631E+00  2.59501391E-03
 1.17695098E+00  2.44079992E-03
 1.17637089E+00  2.28784892E-03
 1.17579191E+00  2.14116438E-03
 1.17523800E+00  2.00594406E-03
 1.17473800E+00  1.88670561E-03
 1.17431471E+00  1.78787042E-03
 1.17398444E+00  1.71335095E-03
 1.17375400E+00  1.66472341E-03
 1.17361933E+00  1.64180308E-03
 1.17357718E+00  1.64378005E-03
 1.17362549E+00  1.66926722E-03
 1.17375961E+00  1.71759250E-03
 1.17397573E+00  1.78863586E-03
 1.17426469E+00  1.88032362E-03
 1.17461221E+00  1.98892940E-03
 1.17500805E+00  2.10976366E-03
 1.17544268E+00  2.23660010E-03
 1.17590459E+00  2.36331386E-03
 1.17638113E+00  2.48396654E-03
 1.17685152E+00  2.59117431E-03
 1.17728937E+00  2.67730698E-03
 1.17767446E+00  2.73572052E-03
 1.17799294E+00  2.76106470E-03
 1.17823888E+00  2.75116965E-03
 1.17841606E+00  2.70682885E-03
 1.17852708E+00  2.62916069E-03
 1.17857287E+00  2.51958901E-03
 1.17855758E+00  2.37953234E-03
 1.17848498E+00  2.20998595E-03
 1.17836293E+00  2.01428739E-03
 1.17820331E+00  1.79787710E-03
 1.17801331E+00  1.56643549E-03
 1.17779828E+00  1.32677532E-03
 1.17756563E+00  1.08602494E-03
 1.17732403E+00  8.51381473E-04
 1.17708924E+00  6.32229976E-04
 1.17688239E+00  4.38898808E-04
 1.17671873E+00  2.80097233E-04
 1.17660755E+00  1.62613411E-04
 1.17655183E+00  8.96727390E-05
