# x =
 0.00000000E+00
# y =
 3.25097170E+00
 VARIABLES = u,v
 1.17382820E+00  2.95857459E-03
 1.17380828E+00  2.96094427E-03
 1.17382433E+00  2.97962079E-03
 1.17387726E+00  3.01334103E-03
 1.17396762E+00  3.06187160E-03
 1.17409455E+00  3.12306398E-03
 1.17425575E+00  3.19322358E-03
 1.17444745E+00  3.26946764E-03
 1.17466429E+00  3.34857669E-03
 1.17490055E+00  3.42734608E-03
 1.17515024E+00  3.50264990E-03
 1.17540684E+00  3.56871238E-03
 1.17566393E+00  3.61826330E-03
 1.17591533E+00  3.64580918E-03
 1.17615554E+00  3.64761418E-03
 1.17638115E+00  3.62285859E-03
 1.17659044E+00  3.57397844E-03
 1.17678208E+00  3.50291093E-03
 1.17695495E+00  3.41111153E-03
 1.17710718E+00  3.30079322E-03
 1.17723618E+00  3.17375590E-03
 1.17734099E+00  3.03321295E-03
 1.17742209E+00  2.88366778E-03
 1.17748041E+00  2.72804423E-03
 1.17751805E+00  2.56872306E-03
 1.17753704E+00  2.40857899E-03
 1.17753942E+00  2.25073196E-03
 1.17752904E+00  2.10061710E-03
 1.17751056E+00  1.96537552E-03
 1.17748775E+00  1.85032626E-03
 1.17746335E+00  1.75902871E-03
 1.17743753E+00  1.69313878E-03
 1.17740802E+00  1.65173673E-03
 1.17737311E+00  1.63427088E-03
 1.17733178E+00  1.64060831E-03
 1.17728368E+00  1.66931891E-03
 1.17722992E+00  1.71873829E-03
 1.17717073E+00  1.78615541E-03
 1.17710589E+00  1.86772752E-03
 1.17703695E+00  1.96081399E-03
 1.17696615E+00  2.06330237E-03
 1.17689609E+00  2.17228199E-03
 1.17682955E+00  2.28435069E-03
 1.17676692E+00  2.39442014E-03
 1.17670687E+00  2.49602561E-03
 1.17664944E+00  2.58415593E-03
 1.17659566E+00  2.65533561E-03
 1.17654780E+00  2.70750170E-03
 1.17650982E+00  2.74058132E-03
 1.17648442E+00  2.75434086E-03
 1.17647314E+00  2.74821269E-03
 1.17647812E+00  2.72256831E-03
 1.17650083E+00  2.67795938E-03
 1.17654221E+00  2.61579436E-03
 1.17660256E+00  2.53840758E-03
 1.17667916E+00  2.44728008E-03
 1.17676703E+00  2.34357287E-03
 1.17686123E+00  2.22907773E-03
 1.17695685E+00  2.10603273E-03
 1.17705029E+00  1.97818102E-03
 1.17713957E+00  1.85044443E-03
 1.17722176E+00  1.72658508E-03
 1.17729356E+00  1.60910830E-03
 1.17735297E+00  1.49922647E-03
 1.17739832E+00  1.39646301E-03
 1.17742895E+00  1.30067065E-03
 1.17744506E+00  1.21222307E-03
 1.17744518E+00  1.13106574E-03
 1.17742709E+00  1.05742746E-03
 1.17739013E+00  9.91087604E-04
 1.17733483E+00  9.31418747E-04
 1.17726360E+00  8.79087562E-04
 1.17718100E+00  8.35462262E-04
 1.17709103E+00  8.01662950E-04
 1.17699725E+00  7.78586389E-04
 1.17690398E+00  7.65634157E-04
 1.17681514E+00  7.60962009E-04
 1.17673440E+00  7.63781219E-04
 1.17666493E+00  7.74245100E-04
 1.17660702E+00  7.93256816E-04
 1.17655883E+00  8.22909827E-04
 1.17651833E+00  8.64631223E-04
 1.17648331E+00  9.19103116E-04
 1.17645264E+00  9.87521587E-04
 1.17642638E+00  1.07076558E-03
 1.17640286E+00  1.16944570E-03
 1.17637918E+00  1.28388457E-03
 1.17635253E+00  1.41252462E-03
 1.17631929E+00  1.55238978E-03
 1.17627626E+00  1.70058038E-03
 1.17622066E+00  1.85426883E-03
 1.17614783E+00  2.01152396E-03
 1.17605238E+00  2.17146665E-03
 1.17593022E+00  2.33232757E-03
 1.17577852E+00  2.49173639E-03
 1.17559724E+00  2.64761910E-03
 1.17538914E+00  2.79759277E-03
 1.17515688E+00  2.93978469E-03
 1.17490310E+00  3.07278996E-03
 1.17463099E+00  3.19409510E-03
 1.17434351E+00  3.30073483E-03
 1.17404530E+00  3.39040218E-03
 1.17374257E+00  3.46127427E-03
 1.17344094E+00  3.51280153E-03
 1.17314627E+00  3.54573469E-03
 1.17286477E+00  3.56048613E-03
 1.17260274E+00  3.55726962E-03
 1.17236811E+00  3.53653594E-03
 1.17216971E+00  3.49842287E-03
 1.17201473E+00  3.44344814E-03
 1.17190851E+00  3.37238913E-03
 1.17185385E+00  3.28508313E-03
 1.17185056E+00  3.18093103E-03
 1.17189798E+00  3.05958060E-03
 1.17199498E+00  2.92094826E-03
 1.17213903E+00  2.76616514E-03
 1.17232689E+00  2.59755289E-03
 1.17255290E+00  2.41726932E-03
 1.17280892E+00  2.22761212E-03
 1.17308616E+00  2.03144480E-03
 1.17337461E+00  1.83172201E-03
 1.17366323E+00  1.63204554E-03
 1.17394048E+00  1.43642109E-03
 1.17419327E+00  1.24796567E-03
 1.17440792E+00  1.06927781E-03
 1.17457251E+00  9.03153426E-04
 1.17467749E+00  7.52271894E-04
 1.17471713E+00  6.19526212E-04
 1.17468963E+00  5.08027928E-04
 1.17459432E+00  4.20009320E-04
 1.17443137E+00  3.56963804E-04
 1.17420176E+00  3.20171769E-04
 1.17390692E+00  3.10155601E-04
 1.17355201E+00  3.26572753E-04
 1.17314577E+00  3.68096364E-04
 1.17269852E+00  4.31574018E-04
 1.17222295E+00  5.12342622E-04
 1.17173284E+00  6.05343699E-04
 1.17124249E+00  7.05266840E-04
 1.17076899E+00  8.07038663E-04
 1.17033035E+00  9.06245584E-04
 1.16994225E+00  9.98363039E-04
 1.16961719E+00  1.07930349E-03
 1.16936155E+00  1.14658928E-03
 1.16917578E+00  1.19887448E-03
 1.16905944E+00  1.23554063E-03
 1.16901164E+00  1.25646424E-03
 1.16903145E+00  1.26063837E-03
 1.16911871E+00  1.24654032E-03
 1.16926861E+00  1.21422313E-03
 1.16947216E+00  1.16506314E-03
 1.16971996E+00  1.10151386E-03
 1.17000043E+00  1.02752267E-03
 1.17030128E+00  9.46860120E-04
 1.17060985E+00  8.63160683E-04
 1.17090862E+00  7.81345882E-04
 1.17117784E+00  7.06518134E-04
 1.17140119E+00  6.43063005E-04
 1.17156650E+00  5.94342880E-04
 1.17166909E+00  5.60877693E-04
 1.17171200E+00  5.40692783E-04
 1.17169816E+00  5.31831621E-04
 1.17163003E+00  5.32455699E-04
 1.17151048E+00  5.41360619E-04
 1.17134088E+00  5.58425756E-04
 1.17112709E+00  5.82013899E-04
 1.17087889E+00  6.09346331E-04
 1.17060402E+00  6.38365507E-04
 1.17031068E+00  6.66754474E-04
 1.17000777E+00  6.92417799E-04
 1.16970451E+00  7.13461673E-04
 1.16941629E+00  7.25780056E-04
 1.16916216E+00  7.24064116E-04
 1.16895667E+00  7.04469842E-04
 1.16880968E+00  6.64544259E-04
 1.16872399E+00  6.04252140E-04
 1.16869446E+00  5.26233562E-04
 1.16871679E+00  4.32645359E-04
 1.16878778E+00  3.25229253E-04
 1.16890233E+00  2.06384448E-04
 1.16905623E+00  7.81517683E-05
 1.16924161E+00 -5.63556290E-05
 1.16944729E+00 -1.93066385E-04
 1.16966567E+00 -3.29354736E-04
 1.16989025E+00 -4.63191071E-04
 1.17011333E+00 -5.92179905E-04
 1.17032658E+00 -7.13777994E-04
 1.17051594E+00 -8.23648597E-04
 1.17066330E+00 -9.16097001E-04
 1.17075534E+00 -9.86951515E-04
 1.17078358E+00 -1.03347482E-03
 1.17074507E+00 -1.05434765E-03
 1.17064399E+00 -1.05028594E-03
 1.17048389E+00 -1.02183306E-03
 1.17026745E+00 -9.69371316E-04
 1.17000055E+00 -8.94652298E-04
 1.16968955E+00 -7.99973269E-04
 1.16934400E+00 -6.88619602E-04
 1.16897673E+00 -5.65012049E-04
 1.16859764E+00 -4.32976252E-04
 1.16821559E+00 -2.96147640E-04
 1.16784126E+00 -1.58981018E-04
 1.16748632E+00 -2.63778406E-05
 1.16716686E+00  9.57291007E-05
 1.16690219E+00  2.00618350E-04
 1.16670715E+00  2.82783457E-04
 1.16659171E+00  3.38164930E-04
 1.16656063E+00  3.64176699E-04
 1.16661203E+00  3.60122187E-04
 1.16674358E+00  3.25704472E-04
 1.16695286E+00  2.60843922E-04
 1.16723415E+00  1.66377732E-04
 1.16758034E+00  4.36812678E-05
 1.16798031E+00 -1.04391671E-04
 1.16841864E+00 -2.73420034E-04
 1.16888070E+00 -4.58617394E-04
 1.16935122E+00 -6.54492164E-04
 1.16981278E+00 -8.54837148E-04
 1.17024679E+00 -1.05303634E-03
 1.17063079E+00 -1.24129931E-03
 1.17094006E+00 -1.41132401E-03
 1.17115426E+00 -1.55601751E-03
 1.17125843E+00 -1.66995193E-03
 1.17124465E+00 -1.75028344E-03
 1.17111301E+00 -1.79684128E-03
 1.17086513E+00 -1.80996491E-03
 1.17050360E+00 -1.79024389E-03
 1.17003359E+00 -1.73854369E-03
 1.16946144E+00 -1.65563261E-03
 1.16879964E+00 -1.54435527E-03
 1.16806683E+00 -1.40949485E-03
 1.16728268E+00 -1.25607847E-03
 1.16646971E+00 -1.09011029E-03
 1.16565264E+00 -9.18038170E-04
 1.16485741E+00 -7.46552319E-04
 1.16411527E+00 -5.84445036E-04
 1.16345978E+00 -4.41460758E-04
 1.16291960E+00 -3.25701123E-04
 1.16251690E+00 -2.43236392E-04
 1.16226347E+00 -1.96604729E-04
 1.16216026E+00 -1.84714524E-04
 1.16220653E+00 -2.06325908E-04
 1.16240055E+00 -2.60245211E-04
 1.16273892E+00 -3.44969895E-04
 1.16321833E+00 -4.59490907E-04
 1.16382717E+00 -6.00505876E-04
 1.16454600E+00 -7.62654702E-04
 1.16535451E+00 -9.41203912E-04
 1.16622868E+00 -1.13090919E-03
 1.16714229E+00 -1.32606991E-03
 1.16806791E+00 -1.52073451E-03
 1.16896987E+00 -1.70605009E-03
 1.16980851E+00 -1.87149746E-03
 1.17055044E+00 -2.00863921E-03
 1.17117001E+00 -2.11131533E-03
 1.17165478E+00 -2.17691945E-03
 1.17200612E+00 -2.20678375E-03
 1.17222591E+00 -2.20194253E-03
 1.17231576E+00 -2.16299537E-03
 1.17227852E+00 -2.09128848E-03
 1.17211525E+00 -1.98769630E-03
 1.17183585E+00 -1.85507944E-03
 1.17145827E+00 -1.69812120E-03
 1.17099832E+00 -1.52003377E-03
 1.17047400E+00 -1.32381744E-03
 1.16990520E+00 -1.11311818E-03
 1.16931291E+00 -8.91988954E-04
 1.16872929E+00 -6.67587044E-04
 1.16819287E+00 -4.49219965E-04
 1.16773437E+00 -2.44034080E-04
 1.16737584E+00 -5.69893641E-05
 1.16712566E+00  1.09731306E-04
 1.16697716E+00  2.57376123E-04
 1.16692512E+00  3.86506683E-04
 1.16696638E+00  4.96849838E-04
 1.16709576E+00  5.89102682E-04
 1.16731067E+00  6.63534456E-04
 1.16760141E+00  7.21585172E-04
 1.16795189E+00  7.65801762E-04
 1.16835255E+00  7.96550827E-04
 1.16879523E+00  8.13160491E-04
 1.16926998E+00  8.15583846E-04
 1.16976571E+00  8.04217417E-04
 1.17025917E+00  7.82198820E-04
 1.17071873E+00  7.54908638E-04
 1.17112132E+00  7.25794278E-04
 1.17145233E+00  6.96531153E-04
 1.17170772E+00  6.67259388E-04
 1.17189660E+00  6.35771941E-04
 1.17202506E+00  6.00855780E-04
 1.17209568E+00  5.62431840E-04
 1.17211504E+00  5.19379803E-04
 1.17208800E+00  4.70933175E-04
 1.17202319E+00  4.16307367E-04
 1.17193274E+00  3.54678395E-04
 1.17181928E+00  2.87972973E-04
 1.17168032E+00  2.20030733E-04
 1.17151554E+00  1.54264647E-04
 1.17132617E+00  9.37335573E-05
 1.17112352E+00  3.96244962E-05
 1.17092752E+00 -8.84864134E-06
 1.17075050E+00 -5.10280818E-05
 1.17059802E+00 -8.51856963E-05
 1.17047074E+00 -1.09710080E-04
 1.17036091E+00 -1.22190827E-04
 1.17026424E+00 -1.21293044E-04
 1.17018020E+00 -1.06809004E-04
 1.17010275E+00 -7.72712801E-05
 1.17002569E+00 -3.11210371E-05
 1.16994266E+00  3.20814030E-05
 1.16984678E+00  1.11826399E-04
 1.16974056E+00  2.04931493E-04
 1.16963339E+00  3.05829644E-04
 1.16953217E+00  4.09318966E-04
 1.16944206E+00  5.10542885E-04
 1.16936247E+00  6.05147552E-04
 1.16928625E+00  6.90069973E-04
 1.16921144E+00  7.61675004E-04
 1.16914033E+00  8.16217108E-04
 1.16907466E+00  8.51875870E-04
 1.16901908E+00  8.67887626E-04
 1.16897576E+00  8.64297525E-04
 1.16894397E+00  8.41934564E-04
 1.16892834E+00  8.00345507E-04
 1.16893529E+00  7.38379188E-04
 1.16896884E+00  6.56786985E-04
 1.16903155E+00  5.57884181E-04
 1.16911931E+00  4.45637537E-04
 1.16922191E+00  3.26069604E-04
 1.16933126E+00  2.04848113E-04
 1.16944092E+00  8.72779737E-05
 1.16954566E+00 -2.02969407E-05
 1.16964362E+00 -1.11763915E-04
 1.16973069E+00 -1.81549484E-04
 1.16980105E+00 -2.24966901E-04
 1.16985262E+00 -2.40486842E-04
 1.16988456E+00 -2.29221355E-04
 1.16989709E+00 -1.92637630E-04
 1.16989184E+00 -1.32547150E-04
 1.16986672E+00 -5.01368134E-05
 1.16981725E+00  5.42270562E-05
 1.16974216E+00  1.77933276E-04
 1.16964249E+00  3.16478500E-04
 1.16952223E+00  4.65000142E-04
 1.16938928E+00  6.17377105E-04
 1.16925017E+00  7.67545221E-04
 1.16911030E+00  9.09630716E-04
 1.16897679E+00  1.03567556E-03
 1.16885626E+00  1.13697021E-03
 1.16875523E+00  1.20626795E-03
 1.16867992E+00  1.23800349E-03
 1.16863212E+00  1.23013231E-03
 1.16861029E+00  1.18412188E-03
 1.16861303E+00  1.10155895E-03
 1.16863878E+00  9.84144986E-04
 1.16868773E+00  8.33954336E-04
 1.16876208E+00  6.52692044E-04
 1.16886133E+00  4.44474313E-04
 1.16898292E+00  2.15626305E-04
 1.16912432E+00 -2.77779587E-05
 1.16928156E+00 -2.78876531E-04
 1.16945120E+00 -5.30308983E-04
 1.16963031E+00 -7.74534140E-04
 1.16981299E+00 -1.00151230E-03
 1.16999199E+00 -1.19990588E-03
 1.17016144E+00 -1.36029424E-03
 1.17031672E+00 -1.47543608E-03
 1.17045662E+00 -1.54165834E-03
 1.17058331E+00 -1.55916071E-03
 1.17069811E+00 -1.52826711E-03
 1.17080161E+00 -1.44931374E-03
 1.17089428E+00 -1.32346492E-03
 1.17097534E+00 -1.15178914E-03
 1.17104545E+00 -9.37908585E-04
 1.17110642E+00 -6.87896918E-04
 1.17115822E+00 -4.07460686E-04
 1.17120025E+00 -1.03032240E-04
 1.17123204E+00  2.18117455E-04
 1.17125308E+00  5.48246163E-04
 1.17126563E+00  8.76747714E-04
 1.17127400E+00  1.19135281E-03
 1.17128091E+00  1.48186070E-03
 1.17128782E+00  1.74046842E-03
 1.17129469E+00  1.96307806E-03
 1.17129935E+00  2.14966730E-03
 1.17130081E+00  2.30008712E-03
 1.17129920E+00  2.41381597E-03
 1.17129389E+00  2.49090472E-03
 1.17128479E+00  2.53087709E-03
 1.17127185E+00  2.53555698E-03
 1.17125504E+00  2.50889936E-03
 1.17123694E+00  2.45372863E-03
 1.17122192E+00  2.37305020E-03
 1.17121402E+00  2.27052708E-03
 1.17121701E+00  2.15025732E-03
 1.17123301E+00  2.01972402E-03
 1.17126224E+00  1.88860299E-03
 1.17130603E+00  1.76432160E-03
 1.17136624E+00  1.65193407E-03
 1.17144416E+00  1.55309153E-03
 1.17154125E+00  1.46552698E-03
 1.17165777E+00  1.38778967E-03
 1.17179276E+00  1.31947976E-03
 1.17194624E+00  1.25969508E-03
 1.17211814E+00  1.20854589E-03
 1.17230696E+00  1.16487613E-03
 1.17250986E+00  1.12648170E-03
 1.17272140E+00  1.09389225E-03
 1.17293373E+00  1.06891849E-03
 1.17313919E+00  1.05302610E-03
 1.17333042E+00  1.04738983E-03
 1.17350027E+00  1.04977469E-03
 1.17364272E+00  1.05523712E-03
 1.17375168E+00  1.06108418E-03
 1.17382152E+00  1.06654121E-03
 1.17384931E+00  1.07258872E-03
 1.17383403E+00  1.08288194E-03
 1.17377579E+00  1.09958700E-03
 1.17367579E+00  1.12330935E-03
 1.17353442E+00  1.15581288E-03
 1.17335181E+00  1.19821179E-03
 1.17313083E+00  1.25121891E-03
 1.17287678E+00  1.31512575E-03
 1.17259713E+00  1.38634413E-03
 1.17230196E+00  1.45846069E-03
 1.17200139E+00  1.52544297E-03
 1.17170544E+00  1.58162974E-03
 1.17142559E+00  1.62356219E-03
 1.17117320E+00  1.65035657E-03
 1.17095862E+00  1.65961141E-03
 1.17079055E+00  1.64809476E-03
 1.17067327E+00  1.61370917E-03
 1.17060709E+00  1.55423708E-03
 1.17059154E+00  1.46909226E-03
 1.17062545E+00  1.35926503E-03
 1.17070812E+00  1.22400781E-03
 1.17083952E+00  1.06227649E-03
 1.17101603E+00  8.75189283E-04
 1.17123080E+00  6.65700092E-04
 1.17147594E+00  4.40290628E-04
 1.17174127E+00  2.08870095E-04
 1.17201631E+00 -1.91353582E-05
 1.17229054E+00 -2.34785733E-04
 1.17255034E+00 -4.29065715E-04
 1.17278101E+00 -5.94373876E-04
 1.17297001E+00 -7.23021068E-04
 1.17310749E+00 -8.07946371E-04
 1.17318924E+00 -8.45968926E-04
 1.17321658E+00 -8.36692083E-04
 1.17319114E+00 -7.80902711E-04
 1.17311463E+00 -6.80523090E-04
 1.17298886E+00 -5.36102991E-04
 1.17281470E+00 -3.47276805E-04
 1.17259685E+00 -1.17119448E-04
 1.17234347E+00  1.48365430E-04
 1.17206233E+00  4.41099483E-04
 1.17176252E+00  7.50023812E-04
 1.17145370E+00  1.06426049E-03
 1.17114571E+00  1.37325665E-03
 1.17085272E+00  1.66412326E-03
 1.17059112E+00  1.92373376E-03
 1.17037418E+00  2.14041434E-03
 1.17021168E+00  2.30452066E-03
 1.17010745E+00  2.41188578E-03
 1.17005895E+00  2.46330259E-03
 1.17006387E+00  2.46014073E-03
 1.17012032E+00  2.40429694E-03
 1.17022553E+00  2.29730157E-03
 1.17037758E+00  2.13972886E-03
 1.17057094E+00  1.93619526E-03
 1.17079685E+00  1.69489573E-03
 1.17104827E+00  1.42455347E-03
 1.17131792E+00  1.13598357E-03
 1.17159768E+00  8.40380084E-04
 1.17187894E+00  5.48957749E-04
 1.17214831E+00  2.76751313E-04
 1.17238934E+00  4.03880196E-05
 1.17258923E+00 -1.46190996E-04
 1.17273898E+00 -2.72216690E-04
 1.17283501E+00 -3.33091277E-04
 1.17288002E+00 -3.30476367E-04
 1.17287613E+00 -2.66198107E-04
 1.17282467E+00 -1.42094183E-04
 1.17272865E+00  3.94472469E-05
 1.17259057E+00  2.76836144E-04
 1.17241597E+00  5.64310293E-04
 1.17221319E+00  8.92294115E-04
 1.17198809E+00  1.25190334E-03
 1.17174588E+00  1.63302390E-03
 1.17149296E+00  2.02469176E-03
 1.17123644E+00  2.41556978E-03
 1.17098805E+00  2.78957640E-03
 1.17076280E+00  3.12804372E-03
 1.17057212E+00  3.41576595E-03
 1.17042371E+00  3.64141146E-03
 1.17032087E+00  3.79993734E-03
 1.17026138E+00  3.89313681E-03
 1.17024371E+00  3.92256345E-03
 1.17026732E+00  3.88926947E-03
 1.17032969E+00  3.79542325E-03
 1.17042848E+00  3.64242255E-03
 1.17055906E+00  3.43550860E-03
 1.17071461E+00  3.18347763E-03
 1.17089108E+00  2.89325694E-03
 1.17108555E+00  2.57203586E-03
 1.17129384E+00  2.22809561E-03
 1.17151098E+00  1.87034917E-03
 1.17172787E+00  1.51302396E-03
 1.17193223E+00  1.17374866E-03
 1.17211502E+00  8.66363249E-04
 1.17227042E+00  6.00696443E-04
 1.17239591E+00  3.80937902E-04
 1.17249336E+00  2.04710076E-04
 1.17256384E+00  7.04853394E-05
 1.17260724E+00 -2.21158061E-05
 1.17262531E+00 -7.49242216E-05
 1.17261967E+00 -8.89171461E-05
 1.17259324E+00 -6.78933877E-05
 1.17255032E+00 -1.82645042E-05
 1.17249220E+00  5.67941344E-05
 1.17241851E+00  1.55206040E-04
 1.17232995E+00  2.73844636E-04
 1.17222795E+00  4.08905830E-04
 1.17211739E+00  5.51410709E-04
 1.17200604E+00  6.88560595E-04
 1.17189904E+00  8.11330258E-04
 1.17179902E+00  9.14377016E-04
 1.17170672E+00  9.96463369E-04
 1.17161982E+00  1.06174540E-03
 1.17153709E+00  1.11301350E-03
 1.17145862E+00  1.15143736E-03
 1.17138282E+00  1.18007982E-03
 1.17130826E+00  1.20139842E-03
 1.17123334E+00  1.21915126E-03
 1.17115620E+00  1.23834539E-03
 1.17107828E+00  1.25973915E-03
 1.17100330E+00  1.28160528E-03
 1.17093427E+00  1.30314645E-03
 1.17087357E+00  1.32418672E-03
 1.17082126E+00  1.34858485E-03
 1.17077497E+00  1.38374148E-03
 1.17073425E+00  1.43371765E-03
 1.17070027E+00  1.49958918E-03
 1.17067438E+00  1.58047232E-03
 1.17065928E+00  1.67196944E-03
 1.17065654E+00  1.77098263E-03
 1.17066652E+00  1.87586509E-03
 1.17069123E+00  1.98242248E-03
 1.17073298E+00  2.08612255E-03
 1.17079307E+00  2.18238355E-03
 1.17087210E+00  2.26635698E-03
 1.17096766E+00  2.33702268E-03
 1.17107474E+00  2.39622818E-03
 1.17118888E+00  2.44474977E-03
 1.17130605E+00  2.48264597E-03
 1.17142302E+00  2.50784315E-03
 1.17153802E+00  2.51578431E-03
 1.17164824E+00  2.50426101E-03
 1.17175017E+00  2.47311893E-03
 1.17184171E+00  2.42229226E-03
 1.17192113E+00  2.35327171E-03
 1.17198732E+00  2.26702160E-03
 1.17203982E+00  2.16386559E-03
 1.17207645E+00  2.04683992E-03
 1.17209403E+00  1.92037293E-03
 1.17209081E+00  1.78867548E-03
 1.17206607E+00  1.65618546E-03
 1.17202062E+00  1.52559603E-03
 1.17195721E+00  1.39793569E-03
 1.17187800E+00  1.27551088E-03
 1.17178481E+00  1.16147858E-03
 1.17168035E+00  1.05938164E-03
 1.17156721E+00  9.73747494E-04
 1.17144814E+00  9.07923719E-04
 1.17132594E+00  8.63943264E-04
 1.17120153E+00  8.44058948E-04
 1.17107454E+00  8.49885447E-04
 1.17094501E+00  8.82565146E-04
 1.17081335E+00  9.42998670E-04
 1.17068130E+00  1.03037364E-03
 1.17055213E+00  1.14243870E-03
 1.17042846E+00  1.27640086E-03
 1.17031262E+00  1.42856989E-03
 1.17020776E+00  1.59473693E-03
 1.17011702E+00  1.77041221E-03
 1.17004409E+00  1.95006474E-03
 1.16999298E+00  2.12746337E-03
 1.16996592E+00  2.29636161E-03
 1.16996398E+00  2.45050535E-03
 1.16998859E+00  2.58423021E-03
 1.17004110E+00  2.69300124E-03
 1.17012328E+00  2.77350790E-03
 1.17023741E+00  2.82374709E-03
 1.17038430E+00  2.84256544E-03
 1.17056339E+00  2.82932281E-03
 1.17077367E+00  2.78358352E-03
 1.17101273E+00  2.70524495E-03
 1.17127694E+00  2.59575563E-03
 1.17156123E+00  2.45808877E-03
 1.17185753E+00  2.29628093E-03
 1.17215546E+00  2.11567030E-03
 1.17244413E+00  1.92201885E-03
 1.17271238E+00  1.72138888E-03
 1.17295000E+00  1.52100416E-03
 1.17314829E+00  1.32835590E-03
 1.17329846E+00  1.15004458E-03
 1.17339256E+00  9.91272855E-04
 1.17342530E+00  8.54375017E-04
 1.17339328E+00  7.39024744E-04
 1.17329506E+00  6.44581011E-04
 1.17313082E+00  5.70341602E-04
 1.17290021E+00  5.16017356E-04
 1.17260315E+00  4.82086213E-04
 1.17224307E+00  4.67134925E-04
 1.17182667E+00  4.68175380E-04
 1.17136413E+00  4.82466177E-04
 1.17086936E+00  5.06576009E-04
 1.17035675E+00  5.37063652E-04
 1.16984082E+00  5.70507315E-04
 1.16933767E+00  6.01087702E-04
 1.16886302E+00  6.21802728E-04
 1.16843158E+00  6.27304012E-04
 1.16805599E+00  6.14046030E-04
 1.16774312E+00  5.81723833E-04
 1.16749489E+00  5.33421242E-04
 1.16731205E+00  4.71890934E-04
 1.16719448E+00  3.99484927E-04
 1.16714328E+00  3.18913413E-04
 1.16716078E+00  2.32194111E-04
 1.16724468E+00  1.42945387E-04
 1.16738862E+00  5.61450205E-05
 1.16758480E+00 -2.47406870E-05
 1.16782235E+00 -9.66372956E-05
 1.16809018E+00 -1.56256337E-04
 1.16837717E+00 -2.00292224E-04
 1.16866769E+00 -2.22990330E-04
 1.16894436E+00 -2.17019700E-04
 1.16919242E+00 -1.77205728E-04
 1.16940025E+00 -1.00509500E-04
 1.16956349E+00  1.34338682E-05
 1.16968467E+00  1.61683707E-04
 1.16976595E+00  3.41433568E-04
 1.16980880E+00  5.50010081E-04
 1.16981404E+00  7.83149066E-04
 1.16978024E+00  1.03615427E-03
 1.16970988E+00  1.30263915E-03
 1.16960873E+00  1.57447592E-03
 1.16948029E+00  1.84447764E-03
 1.16932843E+00  2.10565202E-03
 1.16915713E+00  2.35011754E-03
 1.16897035E+00  2.56960318E-03
 1.16877809E+00  2.75411313E-03
 1.16859400E+00  2.89254400E-03
 1.16842789E+00  2.97592924E-03
 1.16828583E+00  2.99775831E-03
 1.16816799E+00  2.95434500E-03
 1.16806782E+00  2.84546943E-03
 1.16798044E+00  2.67174576E-03
 1.16790272E+00  2.43447839E-03
 1.16783034E+00  2.13687692E-03
 1.16776056E+00  1.78339827E-03
 1.16768863E+00  1.38140057E-03
 1.16760812E+00  9.41312598E-04
 1.16751748E+00  4.74597457E-04
 1.16741765E+00 -5.73027603E-06
 1.16730898E+00 -4.85233364E-04
 1.16719160E+00 -9.48740336E-04
 1.16706050E+00 -1.37930216E-03
 1.16690657E+00 -1.75937488E-03
 1.16672466E+00 -2.07355399E-03
 1.16651303E+00 -2.30950218E-03
 1.16627273E+00 -2.45970572E-03
 1.16600934E+00 -2.52163178E-03
 1.16572684E+00 -2.49429188E-03
 1.16542769E+00 -2.37783309E-03
 1.16511749E+00 -2.17335108E-03
 1.16480231E+00 -1.88253324E-03
 1.16448872E+00 -1.51181274E-03
 1.16418407E+00 -1.07225475E-03
 1.16389144E+00 -5.76977932E-04
 1.16361090E+00 -4.22662149E-05
 1.16334395E+00  5.14255906E-04
 1.16309302E+00  1.07423882E-03
 1.16286309E+00  1.61571628E-03
 1.16266209E+00  2.11552789E-03
 1.16249520E+00  2.55338958E-03
 1.16236520E+00  2.91308632E-03
 1.16227453E+00  3.18617199E-03
 1.16222367E+00  3.37178230E-03
 1.16221352E+00  3.47008827E-03
 1.16224555E+00  3.48174173E-03
 1.16231804E+00  3.40730826E-03
 1.16242749E+00  3.24622415E-03
 1.16257015E+00  3.00373615E-03
 1.16274146E+00  2.69032525E-03
 1.16293828E+00  2.31676919E-03
 1.16315877E+00  1.89651624E-03
 1.16339930E+00  1.44389941E-03
 1.16365507E+00  9.73739564E-04
 1.16392049E+00  5.07276626E-04
 1.16418870E+00  6.88809081E-05
 1.16445403E+00 -3.21336444E-04
 1.16471228E+00 -6.48272987E-04
 1.16495936E+00 -9.06012352E-04
 1.16519211E+00 -1.09807537E-03
 1.16540764E+00 -1.22740140E-03
 1.16560297E+00 -1.29590695E-03
 1.16577623E+00 -1.30577061E-03
 1.16592635E+00 -1.25690049E-03
 1.16605281E+00 -1.15421050E-03
 1.16615586E+00 -1.00689391E-03
 1.16623573E+00 -8.20715484E-04
 1.16629272E+00 -6.01332017E-04
 1.16632793E+00 -3.55132495E-04
 1.16634313E+00 -8.89541841E-05
 1.16634091E+00  1.82345062E-04
 1.16632454E+00  4.38699916E-04
 1.16629656E+00  6.65313316E-04
 1.16625844E+00  8.52544452E-04
 1.16621046E+00  9.98113770E-04
 1.16615156E+00  1.10845495E-03
 1.16608084E+00  1.18782274E-03
 1.16599794E+00  1.23808262E-03
 1.16590293E+00  1.26304146E-03
 1.16579666E+00  1.26473222E-03
 1.16567976E+00  1.24769505E-03
 1.16555279E+00  1.21862775E-03
 1.16541762E+00  1.17777250E-03
 1.16527681E+00  1.12200310E-03
 1.16513320E+00  1.04927735E-03
 1.16498967E+00  9.58301728E-04
 1.16484750E+00  8.54724362E-04
 1.16470679E+00  7.50034922E-04
 1.16456867E+00  6.50809963E-04
 1.16443513E+00  5.59485915E-04
 1.16430905E+00  4.75469723E-04
 1.16419456E+00  3.92842788E-04
 1.16409480E+00  3.08410394E-04
 1.16401200E+00  2.21791683E-04
 1.16394868E+00  1.29156044E-04
 1.16390670E+00  2.68688352E-05
 1.16388725E+00 -8.82284531E-05
 1.16389071E+00 -2.19081001E-04
 1.16391481E+00 -3.61727730E-04
 1.16395517E+00 -5.07043387E-04
 1.16400728E+00 -6.47313662E-04
 1.16406653E+00 -7.75859024E-04
 1.16412934E+00 -8.89661674E-04
 1.16419342E+00 -9.90185013E-04
 1.16425565E+00 -1.07567318E-03
 1.16431262E+00 -1.14205452E-03
 1.16436203E+00 -1.18666387E-03
 1.16440195E+00 -1.20583499E-03
 1.16443122E+00 -1.19795103E-03
 1.16444925E+00 -1.16355261E-03
 1.16445380E+00 -1.09952089E-03
 1.16444169E+00 -1.00144804E-03
 1.16441106E+00 -8.67499451E-04
 1.16436098E+00 -6.97731803E-04
 1.16429201E+00 -4.97091915E-04
 1.16420651E+00 -2.75336762E-04
 1.16410624E+00 -4.09308570E-05
 1.16399266E+00  1.98670219E-04
 1.16386825E+00  4.35993179E-04
 1.16373541E+00  6.65526973E-04
 1.16359650E+00  8.80754954E-04
 1.16345364E+00  1.07476480E-03
 1.16330677E+00  1.24468316E-03
 1.16315422E+00  1.38997419E-03
 1.16299479E+00  1.51084578E-03
 1.16282773E+00  1.60838573E-03
 1.16265374E+00  1.68102134E-03
 1.16247522E+00  1.72516430E-03
 1.16229399E+00  1.74032674E-03
 1.16211177E+00  1.72837331E-03
 1.16193161E+00  1.69288888E-03
 1.16175695E+00  1.64030313E-03
 1.16159196E+00  1.57616863E-03
 1.16144122E+00  1.50526353E-03
 1.16130729E+00  1.43482779E-03
 1.16119139E+00  1.37245486E-03
 1.16109545E+00  1.32479220E-03
 1.16102163E+00  1.29736649E-03
 1.16097264E+00  1.29116842E-03
 1.16095205E+00  1.30327938E-03
 1.16096196E+00  1.33109490E-03
 1.16100328E+00  1.37219740E-03
 1.16107708E+00  1.42510816E-03
 1.16118359E+00  1.49004270E-03
 1.16132195E+00  1.56470329E-03
 1.16149014E+00  1.64480315E-03
 1.16168323E+00  1.72694614E-03
 1.16189393E+00  1.80710267E-03
 1.16211474E+00  1.88149426E-03
 1.16233800E+00  1.94670588E-03
 1.16255672E+00  1.99614503E-03
 1.16276524E+00  2.02154816E-03
 1.16295748E+00  2.01669442E-03
 1.16312771E+00  1.97729209E-03
 1.16327243E+00  1.90261848E-03
 1.16338952E+00  1.79584381E-03
 1.16347802E+00  1.65951998E-03
 1.16353790E+00  1.49567242E-03
 1.16356780E+00  1.30712957E-03
 1.16356575E+00  1.09616550E-03
 1.16353205E+00  8.66837829E-04
 1.16346896E+00  6.24836448E-04
 1.16338063E+00  3.74139907E-04
 1.16327358E+00  1.18252476E-04
 1.16315414E+00 -1.38769956E-04
 1.16302841E+00 -3.92642508E-04
 1.16290413E+00 -6.36391469E-04
 1.16278909E+00 -8.61115418E-04
 1.16269035E+00 -1.05999096E-03
 1.16261375E+00 -1.22819884E-03
 1.16256128E+00 -1.36321828E-03
 1.16253162E+00 -1.46557327E-03
 1.16252332E+00 -1.53541595E-03
 1.16253493E+00 -1.57249033E-03
 1.16256594E+00 -1.57802852E-03
 1.16261724E+00 -1.55356398E-03
 1.16268736E+00 -1.50201752E-03
 1.16277300E+00 -1.42780295E-03
 1.16287125E+00 -1.33416590E-03
 1.16297834E+00 -1.22396334E-03
 1.16309069E+00 -1.10101120E-03
 1.16320487E+00 -9.69693059E-04
 1.16331442E+00 -8.36348092E-04
 1.16341131E+00 -7.08831914E-04
 1.16348923E+00 -5.93311966E-04
 1.16354361E+00 -4.94113831E-04
 1.16357331E+00 -4.13673689E-04
 1.16358081E+00 -3.51927906E-04
 1.16356783E+00 -3.08893303E-04
 1.16353529E+00 -2.84884960E-04
 1.16348439E+00 -2.79213575E-04
 1.16341523E+00 -2.91017251E-04
 1.16332932E+00 -3.18165215E-04
 1.16322931E+00 -3.57200458E-04
 1.16311564E+00 -4.05439429E-04
 1.16298792E+00 -4.60316878E-04
 1.16284600E+00 -5.18578543E-04
 1.16268992E+00 -5.76538553E-04
 1.16252272E+00 -6.28711922E-04
 1.16234976E+00 -6.68384694E-04
 1.16217460E+00 -6.90422126E-04
 1.16199928E+00 -6.91482984E-04
 1.16182438E+00 -6.70408554E-04
 1.16164815E+00 -6.28623090E-04
 1.16147012E+00 -5.67441475E-04
 1.16129104E+00 -4.87828167E-04
 1.16111059E+00 -3.91336489E-04
 1.16092889E+00 -2.79281865E-04
 1.16074615E+00 -1.54151344E-04
 1.16056263E+00 -1.95147417E-05
 1.16038149E+00  1.22186009E-04
 1.16020789E+00  2.68837123E-04
 1.16004654E+00  4.17912811E-04
 1.15990178E+00  5.66594571E-04
 1.15977613E+00  7.09982740E-04
 1.15967009E+00  8.41713339E-04
 1.15958532E+00  9.57006617E-04
 1.15952417E+00  1.05270222E-03
 1.15948830E+00  1.12756967E-03
 1.15947953E+00  1.18278857E-03
 1.15949844E+00  1.21910217E-03
 1.15954427E+00  1.23670465E-03
 1.15961738E+00  1.23658029E-03
 1.15971815E+00  1.21949552E-03
 1.15984534E+00  1.18697836E-03
 1.15999631E+00  1.14126711E-03
 1.16016565E+00  1.08298776E-03
 1.16034527E+00  1.01193687E-03
 1.16052734E+00  9.28389617E-04
 1.16070433E+00  8.32983843E-04
 1.16086882E+00  7.28278930E-04
 1.16101456E+00  6.18464596E-04
 1.16113507E+00  5.06393440E-04
 1.16122423E+00  3.93714028E-04
 1.16127857E+00  2.81169793E-04
 1.16129653E+00  1.67967082E-04
 1.16127755E+00  5.39888337E-05
 1.16122214E+00 -6.01420187E-05
 1.16112981E+00 -1.74724622E-04
 1.16099965E+00 -2.90016335E-04
 1.16083349E+00 -4.06294813E-04
 1.16063552E+00 -5.23930499E-04
 1.16041207E+00 -6.41531283E-04
 1.16017209E+00 -7.56445843E-04
 1.15992454E+00 -8.66452015E-04
 1.15967827E+00 -9.69649464E-04
 1.15944372E+00 -1.06527486E-03
 1.15923129E+00 -1.15382867E-03
 1.15905055E+00 -1.23486257E-03
 1.15890963E+00 -1.30717237E-03
 1.15881242E+00 -1.36964597E-03
 1.15875913E+00 -1.42065141E-03
 1.15874947E+00 -1.45915905E-03
 1.15878278E+00 -1.48482160E-03
 1.15885913E+00 -1.49647692E-03
 1.15897966E+00 -1.49285181E-03
 1.15914239E+00 -1.47330833E-03
 1.15934261E+00 -1.43772127E-03
 1.15957516E+00 -1.38753487E-03
 1.15983303E+00 -1.32560702E-03
 1.16010914E+00 -1.25457042E-03
 1.16039637E+00 -1.17686855E-03
 1.16068437E+00 -1.09467460E-03
 1.16096136E+00 -1.00946516E-03
 1.16121740E+00 -9.23214127E-04
 1.16144468E+00 -8.38178838E-04
 1.16164005E+00 -7.55764465E-04
 1.16180488E+00 -6.77033681E-04
 1.16194012E+00 -6.02717716E-04
 1.16204610E+00 -5.33197313E-04
 1.16212290E+00 -4.69687111E-04
 1.16216915E+00 -4.13876339E-04
 1.16218589E+00 -3.66575199E-04
 1.16217610E+00 -3.27893703E-04
 1.16214102E+00 -2.97069669E-04
 1.16208177E+00 -2.72274753E-04
 1.16199971E+00 -2.51946977E-04
 1.16189635E+00 -2.34770037E-04
 1.16177726E+00 -2.18984260E-04
 1.16165075E+00 -2.03012023E-04
 1.16152280E+00 -1.85423536E-04
 1.16139726E+00 -1.65080387E-04
 1.16127486E+00 -1.42299774E-04
 1.16115250E+00 -1.18532917E-04
 1.16102865E+00 -9.53001788E-05
 1.16090334E+00 -7.41792628E-05
 1.16077598E+00 -5.62048001E-05
 1.16064728E+00 -4.17862601E-05
 1.16051744E+00 -3.22067730E-05
 1.16038634E+00 -2.94082603E-05
 1.16025772E+00 -3.52870102E-05
 1.16013769E+00 -5.21393336E-05
 1.16003206E+00 -8.20012313E-05
 1.15994642E+00 -1.26634197E-04
 1.15988305E+00 -1.88687290E-04
 1.15984116E+00 -2.71078008E-04
 1.15982199E+00 -3.75963025E-04
 1.15982813E+00 -5.04706951E-04
 1.15986228E+00 -6.57067551E-04
 1.15992855E+00 -8.31179992E-04
 1.16002900E+00 -1.02509593E-03
 1.16016370E+00 -1.23672892E-03
 1.16033422E+00 -1.46361851E-03
 1.16054172E+00 -1.70331196E-03
 1.16078552E+00 -1.95227614E-03
 1.16106332E+00 -2.20597426E-03
 1.16136827E+00 -2.45997462E-03
 1.16168958E+00 -2.70954083E-03
 1.16201674E+00 -2.94966588E-03
 1.16233949E+00 -3.17527628E-03
 1.16264852E+00 -3.38038099E-03
 1.16293662E+00 -3.55855198E-03
 1.16319561E+00 -3.70428203E-03
 1.16341727E+00 -3.81313466E-03
 1.16359652E+00 -3.88228510E-03
 1.16373002E+00 -3.91071951E-03
 1.16381592E+00 -3.89784289E-03
 1.16385379E+00 -3.84347887E-03
 1.16384114E+00 -3.74826842E-03
 1.16377447E+00 -3.61339337E-03
 1.16365364E+00 -3.44169602E-03
 1.16348125E+00 -3.23773875E-03
 1.16326295E+00 -3.00680851E-03
 1.16300807E+00 -2.75523616E-03
 1.16272557E+00 -2.49010718E-03
 1.16242410E+00 -2.21891893E-03
 1.16211438E+00 -1.95022808E-03
 1.16180701E+00 -1.69298561E-03
 1.16151198E+00 -1.45524699E-03
 1.16123804E+00 -1.24372334E-03
 1.16098882E+00 -1.06274429E-03
 1.16076384E+00 -9.14251498E-04
 1.16056247E+00 -7.99635916E-04
 1.16038416E+00 -7.19952756E-04
 1.16023006E+00 -6.76149204E-04
 1.16010356E+00 -6.69252978E-04
 1.16000491E+00 -6.98114633E-04
 1.15993198E+00 -7.59510937E-04
 1.15988307E+00 -8.49499768E-04
 1.15985512E+00 -9.62754214E-04
 1.15984555E+00 -1.09345548E-03
 1.15985215E+00 -1.23549341E-03
 1.15986866E+00 -1.38074135E-03
 1.15988682E+00 -1.52024064E-03
 1.15990049E+00 -1.64633410E-03
 1.15990557E+00 -1.75310163E-03
 1.15990253E+00 -1.83809027E-03
 1.15989648E+00 -1.90221207E-03
 1.15989122E+00 -1.94632863E-03
 1.15988930E+00 -1.97097780E-03
 1.15989313E+00 -1.97625675E-03
 1.15990321E+00 -1.96111034E-03
 1.15992150E+00 -1.92643420E-03
 1.15995098E+00 -1.87471480E-03
 1.15999114E+00 -1.80740163E-03
 1.16003989E+00 -1.72618250E-03
 1.16009506E+00 -1.63276136E-03
 1.16015436E+00 -1.52886985E-03
 1.16021940E+00 -1.41938624E-03
 1.16029482E+00 -1.31108143E-03
 1.16038274E+00 -1.20880469E-03
 1.16048338E+00 -1.11553123E-03
 1.16059523E+00 -1.03116428E-03
 1.16071396E+00 -9.52183860E-04
 1.16083694E+00 -8.76092125E-04
 1.16096313E+00 -8.01485691E-04
 1.16108964E+00 -7.26618790E-04
 1.16121384E+00 -6.50895258E-04
 1.16133351E+00 -5.72946521E-04
 1.16144672E+00 -4.90891500E-04
 1.16155548E+00 -4.05845820E-04
 1.16166478E+00 -3.20577049E-04
 1.16177886E+00 -2.37744846E-04
 1.16190148E+00 -1.59915673E-04
 1.16203452E+00 -8.67829585E-05
 1.16217737E+00 -1.55911622E-05
 1.16233087E+00  5.44559210E-05
 1.16249664E+00  1.22691244E-04
 1.16267478E+00  1.87578581E-04
 1.16286518E+00  2.45721910E-04
 1.16306652E+00  2.95058071E-04
 1.16327625E+00  3.34769592E-04
 1.16349393E+00  3.62432295E-04
 1.16372006E+00  3.75599243E-04
 1.16395331E+00  3.72437300E-04
 1.16419109E+00  3.51574644E-04
 1.16442834E+00  3.14747503E-04
 1.16465741E+00  2.66205244E-04
 1.16487150E+00  2.09630041E-04
 1.16506453E+00  1.48321558E-04
 1.16522995E+00  8.45444284E-05
 1.16536216E+00  1.88927355E-05
 1.16545574E+00 -4.68938868E-05
 1.16550581E+00 -1.10386020E-04
 1.16551083E+00 -1.70467965E-04
 1.16547174E+00 -2.26249529E-04
 1.16539026E+00 -2.77499444E-04
 1.16526892E+00 -3.24622652E-04
 1.16510957E+00 -3.66153446E-04
 1.16491341E+00 -3.99534305E-04
 1.16468439E+00 -4.23416011E-04
 1.16442877E+00 -4.37231951E-04
 1.16415410E+00 -4.41779498E-04
 1.16387001E+00 -4.39538680E-04
 1.16358613E+00 -4.32239714E-04
 1.16331190E+00 -4.21077214E-04
 1.16305854E+00 -4.07999961E-04
 1.16283758E+00 -3.94691665E-04
 1.16265932E+00 -3.82842516E-04
 1.16253245E+00 -3.74065251E-04
 1.16246160E+00 -3.68032790E-04
 1.16244766E+00 -3.63025982E-04
 1.16249084E+00 -3.57501902E-04
 1.16259069E+00 -3.49980612E-04
 1.16274652E+00 -3.39875516E-04
 1.16295772E+00 -3.27672918E-04
 1.16322029E+00 -3.12932667E-04
 1.16352697E+00 -2.94621684E-04
 1.16386943E+00 -2.72115754E-04
 1.16423719E+00 -2.44527805E-04
 1.16461907E+00 -2.11381617E-04
 1.16500358E+00 -1.72560848E-04
 1.16537657E+00 -1.26685753E-04
 1.16572288E+00 -7.17640209E-05
 1.16602931E+00 -6.49360413E-06
 1.16628517E+00  6.99054430E-05
 1.16648484E+00  1.56968023E-04
 1.16662769E+00  2.52892846E-04
 1.16671360E+00  3.56263377E-04
 1.16674270E+00  4.65906010E-04
 1.16671520E+00  5.80313254E-04
 1.16663065E+00  6.98202870E-04
 1.16649242E+00  8.17794428E-04
 1.16630736E+00  9.36859380E-04
 1.16608258E+00  1.05394720E-03
 1.16582692E+00  1.16795402E-03
 1.16554994E+00  1.27760451E-03
 1.16526149E+00  1.38159557E-03
 1.16497555E+00  1.47784284E-03
 1.16470805E+00  1.56363076E-03
 1.16447224E+00  1.63692027E-03
 1.16427815E+00  1.69626028E-03
 1.16412996E+00  1.74068580E-03
 1.16402579E+00  1.77004249E-03
 1.16396414E+00  1.78412198E-03
 1.16394414E+00  1.78269609E-03
 1.16396492E+00  1.76627858E-03
 1.16402711E+00  1.73578441E-03
 1.16412812E+00  1.69258364E-03
 1.16426260E+00  1.63861951E-03
 1.16442732E+00  1.57575814E-03
 1.16461906E+00  1.50590011E-03
 1.16483419E+00  1.43142871E-03
 1.16506882E+00  1.35501035E-03
 1.16531389E+00  1.27966161E-03
 1.16555703E+00  1.20869392E-03
 1.16578924E+00  1.14503538E-03
 1.16600484E+00  1.09109129E-03
 1.16620300E+00  1.04874154E-03
 1.16638856E+00  1.01919954E-03
 1.16656492E+00  1.00348818E-03
 1.16673386E+00  1.00255192E-03
 1.16689832E+00  1.01711408E-03
 1.16705992E+00  1.04775050E-03
 1.16722188E+00  1.09442409E-03
 1.16738871E+00  1.15645276E-03
 1.16756062E+00  1.23289415E-03
 1.16773550E+00  1.32239622E-03
 1.16791183E+00  1.42332216E-03
 1.16808838E+00  1.53382261E-03
 1.16826836E+00  1.65144453E-03
 1.16845867E+00  1.77343091E-03
 1.16866283E+00  1.89735352E-03
 1.16888152E+00  2.02127725E-03
 1.16911324E+00  2.14420948E-03
 1.16935283E+00  2.26606067E-03
 1.16959665E+00  2.38664157E-03
 1.16984268E+00  2.50552363E-03
 1.17008632E+00  2.62195315E-03
 1.17032274E+00  2.73463751E-03
 1.17054714E+00  2.84267845E-03
 1.17075448E+00  2.94543473E-03
 1.17094385E+00  3.04171277E-03
 1.17111741E+00  3.13019427E-03
 1.17127624E+00  3.20944789E-03
 1.17142069E+00  3.27802077E-03
 1.17154893E+00  3.33552474E-03
 1.17165644E+00  3.38229535E-03
 1.17174101E+00  3.41814694E-03
 1.17180226E+00  3.44248532E-03
 1.17183952E+00  3.45407385E-03
 1.17185332E+00  3.45090972E-03
 1.17184349E+00  3.43163156E-03
 1.17180906E+00  3.39553048E-03
 1.17175186E+00  3.34194934E-03
 1.17167513E+00  3.27086179E-03
 1.17158156E+00  3.18259913E-03
 1.17147379E+00  3.07796104E-03
 1.17135256E+00  2.95936996E-03
 1.17121672E+00  2.83043991E-03
 1.17106651E+00  2.69498965E-03
 1.17090314E+00  2.55694494E-03
 1.17072812E+00  2.41949138E-03
 1.17054414E+00  2.28494760E-03
 1.17035313E+00  2.15615351E-03
 1.17015626E+00  2.03609225E-03
 1.16995592E+00  1.92714815E-03
 1.16975478E+00  1.83156085E-03
 1.16955555E+00  1.75087914E-03
 1.16936124E+00  1.68607948E-03
 1.16917361E+00  1.63890282E-03
 1.16899344E+00  1.61128494E-03
 1.16882208E+00  1.60413920E-03
 1.16866113E+00  1.61749262E-03
 1.16851243E+00  1.64996188E-03
 1.16837848E+00  1.69868564E-03
 1.16826109E+00  1.76091369E-03
 1.16816150E+00  1.83395499E-03
 1.16808123E+00  1.91464244E-03
 1.16802163E+00  2.00003606E-03
 1.16798402E+00  2.08715221E-03
 1.16796987E+00  2.17323708E-03
 1.16798005E+00  2.25718432E-03
 1.16801494E+00  2.33906435E-03
 1.16807485E+00  2.41894423E-03
 1.16815975E+00  2.49679518E-03
 1.16826936E+00  2.57154114E-03
 1.16840317E+00  2.64102258E-03
 1.16855997E+00  2.70392905E-03
 1.16873786E+00  2.75947583E-03
 1.16893429E+00  2.80658436E-03
 1.16914603E+00  2.84452822E-03
 1.16936953E+00  2.87216838E-03
 1.16960112E+00  2.88812475E-03
 1.16983708E+00  2.89251143E-03
 1.17007373E+00  2.88623203E-03
 1.17030732E+00  2.86962738E-03
 1.17053410E+00  2.84263560E-03
 1.17075072E+00  2.80397504E-03
 1.17095419E+00  2.75115114E-03
 1.17114180E+00  2.68251721E-03
 1.17131117E+00  2.59721427E-03
 1.17145983E+00  2.49467000E-03
 1.17158544E+00  2.37532490E-03
 1.17168653E+00  2.23981233E-03
 1.17176254E+00  2.08916157E-03
 1.17181393E+00  1.92637722E-03
 1.17184227E+00  1.75576452E-03
 1.17184935E+00  1.58193662E-03
 1.17183711E+00  1.40969003E-03
 1.17180780E+00  1.24263820E-03
 1.17176358E+00  1.08318797E-03
 1.17170660E+00  9.34398278E-04
 1.17163866E+00  7.99468384E-04
 1.17156032E+00  6.81007383E-04
 1.17147120E+00  5.81573237E-04
 1.17137086E+00  5.02698908E-04
 1.17125901E+00  4.45061946E-04
 1.17113630E+00  4.10157168E-04
 1.17100431E+00  3.99508174E-04
 1.17086397E+00  4.13343243E-04
 1.17071576E+00  4.50737109E-04
 1.17056041E+00  5.08767687E-04
 1.17039836E+00  5.82549412E-04
 1.17023054E+00  6.67295140E-04
 1.17005822E+00  7.58291916E-04
 1.16988154E+00  8.50479520E-04
 1.16970022E+00  9.39331149E-04
 1.16951475E+00  1.02031154E-03
 1.16932632E+00  1.08932408E-03
 1.16913771E+00  1.14456653E-03
 1.16895324E+00  1.18590991E-03
 1.16877681E+00  1.21359713E-03
 1.16861194E+00  1.22812126E-03
 1.16846206E+00  1.22885522E-03
 1.16832994E+00  1.21415083E-03
 1.16821860E+00  1.18395935E-03
 1.16813119E+00  1.13945193E-03
 1.16806942E+00  1.08215185E-03
 1.16803416E+00  1.01466984E-03
 1.16802606E+00  9.39297290E-04
 1.16804553E+00  8.58106455E-04
 1.16809402E+00  7.75006919E-04
 1.16817382E+00  6.94629503E-04
 1.16828612E+00  6.20768720E-04
 1.16843132E+00  5.56332940E-04
 1.16860924E+00  5.01782026E-04
 1.16881856E+00  4.55270342E-04
 1.16905810E+00  4.15488406E-04
 1.16932656E+00  3.81648566E-04
 1.16962117E+00  3.53330456E-04
 1.16993827E+00  3.31225290E-04
 1.17027368E+00  3.15117505E-04
 1.17062254E+00  3.04180987E-04
 1.17098021E+00  2.99091235E-04
 1.17134224E+00  3.01031110E-04
 1.17170336E+00  3.11304149E-04
 1.17205789E+00  3.31288599E-04
 1.17240007E+00  3.60234461E-04
 1.17272395E+00  3.95826182E-04
 1.17302413E+00  4.36890174E-04
 1.17329598E+00  4.83066466E-04
 1.17353527E+00  5.34967962E-04
 1.17373854E+00  5.94639759E-04
 1.17390316E+00  6.63069457E-04
 1.17402728E+00  7.40272900E-04
 1.17411012E+00  8.26853776E-04
 1.17415218E+00  9.22931195E-04
 1.17415548E+00  1.02828414E-03
 1.17412381E+00  1.14234081E-03
 1.17406282E+00  1.26221018E-03
 1.17397985E+00  1.38329219E-03
 1.17388320E+00  1.50114707E-03
 1.17378169E+00  1.61146929E-03
 1.17368422E+00  1.71105713E-03
 1.17359923E+00  1.79811829E-03
 1.17353468E+00  1.87011999E-03
 1.17349730E+00  1.92425221E-03
 1.17349127E+00  1.95868187E-03
 1.17351855E+00  1.97182838E-03
 1.17357988E+00  1.96306580E-03
 1.17367523E+00  1.93266104E-03
 1.17380507E+00  1.87988683E-03
 1.17397012E+00  1.80377466E-03
 1.17416836E+00  1.70477415E-03
 1.17439526E+00  1.58452721E-03
 1.17464452E+00  1.44657711E-03
 1.17490748E+00  1.29644345E-03
 1.17517527E+00  1.13944224E-03
 1.17543897E+00  9.80712020E-04
 1.17568767E+00  8.25848393E-04
 1.17591018E+00  6.79967239E-04
 1.17609675E+00  5.48166393E-04
 1.17623975E+00  4.35152250E-04
 1.17633648E+00  3.43346560E-04
 1.17638874E+00  2.73463107E-04
 1.17639875E+00  2.25834077E-04
 1.17636889E+00  2.00445202E-04
 1.17630079E+00  1.98165073E-04
 1.17619477E+00  2.20659170E-04
 1.17605430E+00  2.67846152E-04
 1.17588548E+00  3.38215458E-04
 1.17569399E+00  4.29655428E-04
 1.17548669E+00  5.38772504E-04
 1.17527044E+00  6.62301593E-04
 1.17505199E+00  7.97097740E-04
 1.17484201E+00  9.38297192E-04
 1.17465313E+00  1.08040671E-03
 1.17449537E+00  1.21868234E-03
 1.17437597E+00  1.34925757E-03
 1.17429713E+00  1.47075105E-03
 1.17425565E+00  1.58408711E-03
 1.17424888E+00  1.68981446E-03
 1.17427470E+00  1.78807720E-03
 1.17433027E+00  1.87855147E-03
 1.17441364E+00  1.95983714E-03
 1.17452018E+00  2.03168782E-03
 1.17464288E+00  2.09472439E-03
 1.17477684E+00  2.14847394E-03
 1.17491749E+00  2.19234775E-03
 1.17505968E+00  2.22566939E-03
 1.17519799E+00  2.24770868E-03
 1.17532306E+00  2.25992939E-03
 1.17542288E+00  2.26526762E-03
 1.17548853E+00  2.26552957E-03
 1.17551414E+00  2.26161413E-03
 1.17549775E+00  2.25299346E-03
 1.17544228E+00  2.23739561E-03
 1.17535013E+00  2.21358618E-03
 1.17522316E+00  2.18135034E-03
 1.17506518E+00  2.14026381E-03
 1.17488022E+00  2.09075656E-03
 1.17467454E+00  2.03339888E-03
 1.17445675E+00  1.96902051E-03
 1.17423360E+00  1.90089853E-03
 1.17401127E+00  1.83394900E-03
 1.17379713E+00  1.77308854E-03
 1.17359916E+00  1.72316973E-03
 1.17342833E+00  1.68744169E-03
 1.17329778E+00  1.66745243E-03
 1.17321767E+00  1.66562209E-03
 1.17319492E+00  1.68470341E-03
 1.17323288E+00  1.72674933E-03
 1.17333037E+00  1.79383426E-03
 1.17348593E+00  1.88670410E-03
 1.17369815E+00  2.00486371E-03
 1.17396350E+00  2.14866242E-03
 1.17427772E+00  2.31828032E-03
 1.17463383E+00  2.51222601E-03
 1.17502200E+00  2.72748755E-03
 1.17543296E+00  2.95831147E-03
 1.17585705E+00  3.19636249E-03
 1.17628318E+00  3.43338886E-03
 1.17669950E+00  3.66129687E-03
 1.17709133E+00  3.87197616E-03
 1.17744235E+00  4.05835385E-03
 1.17773902E+00  4.21334508E-03
 1.17797129E+00  4.33049897E-03
 1.17813362E+00  4.40635524E-03
 1.17822565E+00  4.43965563E-03
 1.17824775E+00  4.43017899E-03
 1.17820063E+00  4.37862910E-03
 1.17808650E+00  4.28470431E-03
 1.17790805E+00  4.14749309E-03
 1.17767163E+00  3.96887351E-03
 1.17738728E+00  3.75313895E-03
 1.17706514E+00  3.50635160E-03
 1.17671676E+00  3.23704803E-03
 1.17635502E+00  2.95374927E-03
 1.17599360E+00  2.66486585E-03
 1.17564985E+00  2.38081544E-03
 1.17534301E+00  2.11233854E-03
 1.17508924E+00  1.86909933E-03
 1.17490081E+00  1.65919258E-03
 1.17478396E+00  1.48636433E-03
 1.17473850E+00  1.35046398E-03
 1.17476368E+00  1.25110199E-03
 1.17485872E+00  1.18775708E-03
 1.17502187E+00  1.16055652E-03
 1.17525179E+00  1.17080681E-03
 1.17554278E+00  1.21689385E-03
 1.17588511E+00  1.29472390E-03
 1.17626960E+00  1.40032755E-03
 1.17668573E+00  1.52846753E-03
 1.17712186E+00  1.67380644E-03
 1.17756568E+00  1.83103397E-03
 1.17799983E+00  1.99145428E-03
 1.17840413E+00  2.14470098E-03
 1.17876215E+00  2.28245853E-03
 1.17906182E+00  2.39863069E-03
 1.17929797E+00  2.49146265E-03
 1.17947289E+00  2.56368062E-03
 1.17958858E+00  2.61742896E-03
 1.17964639E+00  2.65417955E-03
 1.17964859E+00  2.67557635E-03
 1.17959634E+00  2.68207191E-03
 1.17949480E+00  2.67626373E-03
 1.17935277E+00  2.66256119E-03
 1.17917662E+00  2.64335794E-03
 1.17897270E+00  2.62062732E-03
 1.17874836E+00  2.59659566E-03
 1.17851152E+00  2.57356034E-03
 1.17827616E+00  2.55739469E-03
 1.17806016E+00  2.55635852E-03
 1.17787707E+00  2.57612930E-03
 1.17773605E+00  2.61994065E-03
 1.17764007E+00  2.68782357E-03
 1.17758491E+00  2.77585666E-03
 1.17756753E+00  2.88098932E-03
 1.17758636E+00  3.00108678E-03
 1.17763813E+00  3.13268036E-03
 1.17772063E+00  3.27267635E-03
 1.17782894E+00  3.41675945E-03
 1.17795566E+00  3.55945553E-03
 1.17809766E+00  3.69793234E-03
 1.17825362E+00  3.83076739E-03
 1.17842118E+00  3.95587044E-03
 1.17859729E+00  4.07078993E-03
 1.17877331E+00  4.17037059E-03
 1.17893623E+00  4.24720257E-03
 1.17907731E+00  4.29624194E-03
 1.17919175E+00  4.31463641E-03
 1.17927867E+00  4.30126296E-03
 1.17934272E+00  4.25777499E-03
 1.17938702E+00  4.18532842E-03
 1.17941295E+00  4.08452579E-03
 1.17942455E+00  3.95800764E-03
 1.17942572E+00  3.80907993E-03
 1.17942148E+00  3.64188943E-03
 1.17941803E+00  3.46163547E-03
 1.17941700E+00  3.27188073E-03
 1.17941708E+00  3.07516258E-03
 1.17941827E+00  2.87512348E-03
 1.17942141E+00  2.67609325E-03
 1.17943117E+00  2.48395629E-03
 1.17945587E+00  2.30609093E-03
 1.17950042E+00  2.14821536E-03
 1.17956667E+00  2.01427927E-03
 1.17965496E+00  1.90709938E-03
 1.17976238E+00  1.82755261E-03
 1.17988709E+00  1.77641857E-03
 1.18002853E+00  1.75457802E-03
 1.18018316E+00  1.76138804E-03
 1.18034652E+00  1.79539910E-03
 1.18051408E+00  1.85411137E-03
 1.18068077E+00  1.93376066E-03
 1.18084481E+00  2.03090681E-03
 1.18100697E+00  2.14211157E-03
 1.18116660E+00  2.26295153E-03
 1.18132209E+00  2.38835860E-03
 1.18146999E+00  2.51209393E-03
 1.18160460E+00  2.62706110E-03
 1.18172237E+00  2.72739347E-03
 1.18182182E+00  2.80881448E-03
 1.18190164E+00  2.86882492E-03
 1.18196202E+00  2.90703161E-03
 1.18200289E+00  2.92330952E-03
 1.18202363E+00  2.91749605E-03
 1.18202594E+00  2.88990703E-03
 1.18201275E+00  2.84087848E-03
 1.18198701E+00  2.77209921E-03
 1.18195209E+00  2.68656939E-03
 1.18190998E+00  2.58704947E-03
 1.18186142E+00  2.47664227E-03
 1.18180835E+00  2.35891345E-03
 1.18175355E+00  2.23776183E-03
 1.18170051E+00  2.11885464E-03
 1.18165373E+00  2.00888262E-03
 1.18161662E+00  1.91319564E-03
 1.18159126E+00  1.83555516E-03
 1.18157953E+00  1.77733069E-03
 1.18158237E+00  1.73730804E-03
 1.18160059E+00  1.71445974E-03
 1.18163509E+00  1.70815467E-03
 1.18168567E+00  1.71757551E-03
 1.18175144E+00  1.74250170E-03
 1.18183118E+00  1.78155614E-03
 1.18192311E+00  1.83239846E-03
 1.18202582E+00  1.89396471E-03
 1.18213808E+00  1.96554896E-03
 1.18225801E+00  2.04623264E-03
 1.18238322E+00  2.13491075E-03
 1.18251062E+00  2.22818675E-03
 1.18263656E+00  2.32104687E-03
 1.18275805E+00  2.40997731E-03
 1.18287304E+00  2.49287224E-03
 1.18298028E+00  2.56937058E-03
 1.18307954E+00  2.64133283E-03
 1.18317060E+00  2.70985501E-03
 1.18325304E+00  2.77522074E-03
 1.18332662E+00  2.83839092E-03
 1.18339096E+00  2.89987604E-03
 1.18344609E+00  2.96052229E-03
 1.18349236E+00  3.02144480E-03
 1.18352952E+00  3.08160881E-03
 1.18355706E+00  3.13863850E-03
 1.18357468E+00  3.19046015E-03
 1.18358227E+00  3.23523103E-03
 1.18358089E+00  3.27287312E-03
 1.18357244E+00  3.30498261E-03
 1.18355819E+00  3.33186733E-03
 1.18353883E+00  3.35284897E-03
 1.18351438E+00  3.36698120E-03
 1.18348401E+00  3.37230826E-03
 1.18344747E+00  3.36771195E-03
 1.18340517E+00  3.35291250E-03
 1.18335749E+00  3.32649929E-03
 1.18330534E+00  3.28693022E-03
 1.18324993E+00  3.23321206E-03
 1.18319284E+00  3.16475566E-03
 1.18313728E+00  3.08297127E-03
 1.18308759E+00  2.99097234E-03
 1.18304814E+00  2.89149231E-03
 1.18302317E+00  2.78700474E-03
 1.18301586E+00  2.67948629E-03
 1.18302814E+00  2.56994412E-03
 1.18306236E+00  2.46013365E-03
 1.18312084E+00  2.35230286E-03
 1.18320510E+00  2.24783061E-03
 1.18331635E+00  2.14791501E-03
 1.18345461E+00  2.05341689E-03
 1.18361877E+00  1.96483908E-03
 1.18380803E+00  1.88387563E-03
 1.18402113E+00  1.81294702E-03
 1.18425518E+00  1.75367902E-03
 1.18450565E+00  1.70716237E-03
 1.18476562E+00  1.67364156E-03
 1.18502589E+00  1.65227446E-03
 1.18527710E+00  1.64263993E-03
 1.18550997E+00  1.64460287E-03
 1.18571517E+00  1.65744847E-03
 1.18588435E+00  1.68051174E-03
 1.18600938E+00  1.71302690E-03
 1.18608306E+00  1.75414928E-03
 1.18610117E+00  1.80410416E-03
 1.18606187E+00  1.86382959E-03
 1.18596461E+00  1.93394255E-03
 1.18580998E+00  2.01478671E-03
 1.18559809E+00  2.10590241E-03
 1.18532890E+00  2.20587551E-03
 1.18500555E+00  2.31356382E-03
 1.18463401E+00  2.42785902E-03
 1.18422256E+00  2.54700960E-03
 1.18378230E+00  2.66909940E-03
 1.18332470E+00  2.79178153E-03
 1.18286132E+00  2.91240559E-03
 1.18240567E+00  3.02918027E-03
 1.18197142E+00  3.14085969E-03
 1.18157109E+00  3.24585590E-03
 1.18121535E+00  3.34249680E-03
 1.18090993E+00  3.42881109E-03
 1.18065623E+00  3.50243266E-03
 1.18045498E+00  3.56163866E-03
 1.18030649E+00  3.60523635E-03
 1.18021176E+00  3.63197069E-03
 1.18017287E+00  3.64101247E-03
 1.18018820E+00  3.63201590E-03
 1.18025289E+00  3.60516966E-03
 1.18036150E+00  3.56198315E-03
 1.18050650E+00  3.50503811E-03
 1.18068011E+00  3.43708516E-03
 1.18087444E+00  3.36101273E-03
 1.18107771E+00  3.27949682E-03
 1.18127643E+00  3.19472695E-03
 1.18145939E+00  3.10914195E-03
 1.18161804E+00  3.02509567E-03
 1.18174943E+00  2.94404714E-03
 1.18185616E+00  2.86694394E-03
 1.18194031E+00  2.79438466E-03
 1.18200323E+00  2.72675854E-03
 1.18204599E+00  2.66525395E-03
 1.18206789E+00  2.61159701E-03
 1.18207115E+00  2.56674139E-03
 1.18206035E+00  2.53106828E-03
 1.18203790E+00  2.50446924E-03
 1.18200610E+00  2.48605872E-03
 1.18196737E+00  2.47520100E-03
 1.18192415E+00  2.47139589E-03
 1.18188363E+00  2.47330623E-03
 1.18185603E+00  2.47937874E-03
 1.18184842E+00  2.48832509E-03
 1.18186484E+00  2.49918905E-03
 1.18190496E+00  2.51233215E-03
 1.18196328E+00  2.52921750E-03
 1.18203568E+00  2.55096096E-03
 1.18211946E+00  2.57830599E-03
 1.18221077E+00  2.61141896E-03
 1.18230685E+00  2.64954291E-03
 1.18240358E+00  2.69222212E-03
 1.18249570E+00  2.73905656E-03
 1.18258197E+00  2.78861172E-03
 1.18266333E+00  2.83900535E-03
 1.18274019E+00  2.88801261E-03
 1.18281262E+00  2.93319290E-03
 1.18287678E+00  2.97327842E-03
 1.18292548E+00  3.00785443E-03
 1.18295453E+00  3.03588119E-03
 1.18296220E+00  3.05597978E-03
 1.18294844E+00  3.06638123E-03
 1.18291632E+00  3.06466792E-03
 1.18286755E+00  3.04914016E-03
 1.18280248E+00  3.01869752E-03
 1.18272398E+00  2.97183132E-03
 1.18263535E+00  2.90729288E-03
 1.18253987E+00  2.82429450E-03
 1.18244107E+00  2.72251470E-03
 1.18233902E+00  2.60318096E-03
 1.18223118E+00  2.46879436E-03
 1.18211619E+00  2.32186870E-03
 1.18199348E+00  2.16497156E-03
 1.18186438E+00  2.00040882E-03
 1.18173254E+00  1.82990139E-03
 1.18159990E+00  1.65564427E-03
 1.18146695E+00  1.48000455E-03
 1.18133483E+00  1.30455308E-03
 1.18120397E+00  1.13056707E-03
 1.18107550E+00  9.59126408E-04
 1.18095143E+00  7.91228033E-04
 1.18083158E+00  6.28987036E-04
 1.18071473E+00  4.75346209E-04
 1.18060042E+00  3.32728138E-04
 1.18048847E+00  2.03292049E-04
 1.18038046E+00  8.89457123E-05
 1.18027971E+00 -8.99215290E-06
 1.18018852E+00 -8.87891081E-05
 1.18010842E+00 -1.48527939E-04
 1.18004081E+00 -1.87208902E-04
 1.17998614E+00 -2.04225282E-04
 1.17994540E+00 -1.98985827E-04
 1.17992008E+00 -1.71025598E-04
 1.17991048E+00 -1.19229020E-04
 1.17991631E+00 -4.20374921E-05
 1.17993708E+00  6.12768738E-05
 1.17997180E+00  1.90645969E-04
 1.18002026E+00  3.45175469E-04
 1.18008271E+00  5.22714954E-04
 1.18015840E+00  7.20527717E-04
 1.18024580E+00  9.35041825E-04
 1.18034249E+00  1.16087867E-03
 1.18044498E+00  1.39140288E-03
 1.18054998E+00  1.61938572E-03
 1.18065447E+00  1.83728958E-03
 1.18075507E+00  2.03847820E-03
 1.18084858E+00  2.21733657E-03
 1.18093179E+00  2.36808930E-03
 1.18100162E+00  2.48542022E-03
 1.18105611E+00  2.56523898E-03
