# x =
 6.13844104E+01
# y =
 3.25097170E+00
 VARIABLES = u,v
 1.05651209E+00 -2.68820211E-02
 1.06397618E+00 -6.70372030E-02
 1.04116312E+00 -1.09411190E-02
 1.01660492E+00  9.57813180E-02
 1.03196526E+00  1.64747817E-01
 1.09201537E+00  1.92119781E-01
 1.17309089E+00  1.85617578E-01
 1.23483347E+00  1.30229467E-01
 1.21715836E+00  4.30960721E-02
 1.09366453E+00 -4.85615186E-02
 8.97168440E-01 -1.22229593E-01
 7.20039285E-01 -1.29851363E-01
 6.69025489E-01 -4.43480708E-02
 7.06467583E-01  5.33346388E-02
 6.96985879E-01  4.11487984E-02
 6.02205640E-01 -8.64524959E-02
 4.53619703E-01 -2.45081256E-01
 3.78470158E-01 -3.13423685E-01
 5.56481820E-01 -1.73945257E-01
 8.69894368E-01  4.08150121E-02
 1.04057425E+00  6.70220690E-02
 1.08618710E+00 -2.53962810E-02
 1.12303650E+00 -3.61241142E-02
 1.12082614E+00 -2.72395356E-02
 1.09409293E+00 -7.29085147E-02
 1.08371687E+00 -8.77061160E-02
 1.05958604E+00 -3.21038071E-02
 1.02852627E+00  4.24571951E-02
 1.02254677E+00  9.35358740E-02
 1.03626091E+00  1.15334675E-01
 1.06657121E+00  1.11242884E-01
 1.11527704E+00  8.72774701E-02
 1.16812514E+00  6.62212571E-02
 1.20294183E+00  6.07813531E-02
 1.20245359E+00  6.44333918E-02
 1.17620534E+00  7.20882242E-02
 1.15250952E+00  7.40933245E-02
 1.14460610E+00  6.54208343E-02
 1.15573647E+00  5.30126372E-02
 1.18163961E+00  4.00646852E-02
 1.20294799E+00  2.93935962E-02
 1.21206155E+00  2.33145623E-02
 1.21316970E+00  1.81876402E-02
 1.20217957E+00  1.32527152E-02
 1.17748616E+00  9.81379103E-03
 1.13827640E+00  7.69072190E-03
 1.08179583E+00  8.31922902E-03
 1.02227003E+00  1.17904649E-02
 9.84234125E-01  1.61952585E-02
 9.83361259E-01  2.06890343E-02
 1.02628322E+00  2.43556415E-02
 1.10018762E+00  2.61871809E-02
 1.17355950E+00  2.60668827E-02
 1.22526029E+00  2.36386438E-02
 1.24688059E+00  1.86406420E-02
 1.24076739E+00  1.19390502E-02
 1.22491424E+00  4.94507884E-03
 1.20716597E+00 -7.99560603E-04
 1.18337041E+00 -3.65058302E-03
 1.15291199E+00 -2.63074651E-03
 1.11148573E+00  2.63009987E-03
 1.06262790E+00  1.29518420E-02
 1.02153492E+00  2.93514027E-02
 9.97283357E-01  5.26713173E-02
 9.96365860E-01  8.32305802E-02
 1.02286060E+00  1.18928899E-01
 1.07049154E+00  1.54315589E-01
 1.12740741E+00  1.80154083E-01
 1.17816289E+00  1.84910262E-01
 1.20639655E+00  1.60182846E-01
 1.20164802E+00  1.03813077E-01
 1.16450097E+00  2.32443939E-02
 1.10513448E+00 -6.51914488E-02
 1.03259026E+00 -1.46138034E-01
 9.55065533E-01 -2.06820297E-01
 8.83122944E-01 -2.37104265E-01
 8.25358946E-01 -2.33324650E-01
 7.93373467E-01 -1.92756600E-01
 7.97802248E-01 -1.17514996E-01
 8.32902916E-01 -2.67759304E-02
 8.82307056E-01  5.10374666E-02
 9.31551007E-01  9.19906302E-02
 9.67966308E-01  8.25998255E-02
 9.89654271E-01  3.69029625E-02
 1.00628094E+00 -8.20033595E-03
 1.01998425E+00 -2.81417237E-02
 1.02919171E+00 -1.31869641E-02
 1.03843665E+00  3.04180843E-02
 1.05085536E+00  7.50910012E-02
 1.07226716E+00  1.07033719E-01
 1.10947597E+00  1.26263955E-01
 1.15323528E+00  1.24619964E-01
 1.18452611E+00  9.94144784E-02
 1.19067391E+00  4.64217261E-02
 1.16423702E+00 -4.00904170E-02
 1.10986343E+00 -1.36646736E-01
 1.04578798E+00 -2.03081182E-01
 9.83619674E-01 -2.12403050E-01
 9.29940875E-01 -1.52375712E-01
 8.94830465E-01 -4.55372601E-02
 8.84009588E-01  5.37356150E-02
 9.04103442E-01  1.10887780E-01
 9.60636490E-01  1.14774285E-01
 1.04056928E+00  7.45832036E-02
 1.11947917E+00  2.81543554E-02
 1.17732487E+00 -4.76694846E-03
 1.19955429E+00 -2.63748104E-02
 1.18898015E+00 -3.41387662E-02
 1.16541738E+00 -3.51675462E-02
 1.13957927E+00 -2.74723099E-02
 1.11445288E+00  4.63229430E-03
 1.09161646E+00  5.61446462E-02
 1.06492312E+00  1.12210359E-01
 1.03787989E+00  1.60642557E-01
 1.02372159E+00  1.85249916E-01
 1.02731655E+00  1.84853317E-01
 1.05099907E+00  1.72802957E-01
 1.09307937E+00  1.53305657E-01
 1.14179477E+00  1.27697109E-01
 1.18465713E+00  9.92592956E-02
 1.20958911E+00  6.67139370E-02
 1.20503770E+00  3.67365072E-02
 1.16881490E+00  2.32272007E-02
 1.11443564E+00  3.35936628E-02
 1.06569777E+00  7.06181489E-02
 1.04102600E+00  1.28094476E-01
 1.04790561E+00  1.81583948E-01
 1.07573889E+00  1.87098107E-01
 1.09731361E+00  1.15835859E-01
 1.09668332E+00  3.11918324E-02
 1.07131474E+00  2.55685569E-02
 1.02555512E+00  4.64403281E-02
 9.76668781E-01 -6.02319946E-03
 9.33968869E-01 -6.76474621E-02
 8.97223112E-01 -4.23403756E-02
 8.75333301E-01  1.72919225E-02
 8.76642856E-01  3.72571577E-02
 9.07684762E-01  2.93415559E-02
 9.73856929E-01  6.28436977E-03
 1.05915223E+00 -3.63308035E-02
 1.13279597E+00 -7.43944647E-02
 1.17246538E+00 -8.69464618E-02
 1.16499302E+00 -7.44025903E-02
 1.11658700E+00 -4.42327791E-02
 1.05431437E+00 -1.35977507E-02
 9.95895772E-01  9.33015668E-03
 9.50298801E-01  2.96344774E-02
 9.26932077E-01  5.03492060E-02
 9.25885175E-01  7.79002720E-02
 9.52213988E-01  1.13361662E-01
 1.01339369E+00  1.46457097E-01
 1.09410102E+00  1.67906224E-01
 1.16742210E+00  1.68134124E-01
 1.21079761E+00  1.41348006E-01
 1.20691739E+00  9.28334401E-02
 1.16409783E+00  3.60215859E-02
 1.11329092E+00 -9.82264409E-03
 1.07256581E+00 -2.95591328E-02
 1.04913016E+00 -1.90569006E-02
 1.04305084E+00  1.19103358E-02
 1.03933166E+00  4.17317530E-02
 1.03470316E+00  5.66818543E-02
 1.03668503E+00  5.55185402E-02
 1.04023884E+00  4.80881421E-02
 1.04055500E+00  5.58903311E-02
 1.03633994E+00  8.74772163E-02
 1.02938477E+00  1.33459359E-01
 1.04886068E+00  1.74614783E-01
 1.11609825E+00  1.80328023E-01
 1.15781260E+00  1.33554300E-01
 1.08040383E+00  4.02727868E-02
 9.45240594E-01 -7.74649425E-02
 8.66985340E-01 -1.80506332E-01
 8.03781551E-01 -2.39763093E-01
 6.81846411E-01 -2.47009086E-01
 5.61304274E-01 -2.09551547E-01
 5.12970837E-01 -1.53740126E-01
 5.28278643E-01 -9.78997115E-02
 5.96518332E-01 -4.71363198E-02
 7.12526588E-01 -8.75765123E-03
 8.39432287E-01  1.79573630E-02
 9.39960256E-01  3.25631780E-02
 9.98078388E-01  3.53359343E-02
 1.02371876E+00  5.66961776E-02
 1.04967547E+00  1.18868217E-01
 1.09144192E+00  1.57321071E-01
 1.14507664E+00  9.36264795E-02
 1.19930066E+00 -3.31314064E-03
 1.22717025E+00 -1.62454884E-02
 1.21785725E+00  1.33335109E-02
 1.18133089E+00  1.04531645E-03
 1.12243193E+00 -1.78694532E-02
 1.05148769E+00 -4.23644479E-03
 9.77257991E-01  8.55591542E-03
 8.99465404E-01  1.81342501E-03
 8.29429041E-01 -5.84652877E-03
 7.83514198E-01 -2.58387157E-03
 7.71184261E-01  8.61650585E-03
 7.97952247E-01  2.37420743E-02
 8.53484390E-01  3.64156315E-02
 9.12991759E-01  3.42586335E-02
 9.57889151E-01  1.20845594E-02
 9.77029658E-01 -2.38740611E-02
 9.70250285E-01 -5.96489858E-02
 9.51822217E-01 -7.42677216E-02
 9.30507988E-01 -5.39967700E-02
 9.10458406E-01  3.49567576E-04
 9.01963395E-01  7.20892354E-02
 9.12646775E-01  1.30577607E-01
 9.50423344E-01  1.54599946E-01
 1.01980651E+00  1.39498405E-01
 1.10003367E+00  9.69790387E-02
 1.15557010E+00  5.64685935E-02
 1.16358411E+00  3.68614990E-02
 1.11860236E+00  4.19351386E-02
 1.04947565E+00  7.09239514E-02
 1.01310984E+00  1.11168422E-01
 1.03920085E+00  1.55623738E-01
 1.12110956E+00  2.04489265E-01
 1.21343268E+00  2.43604913E-01
 1.23578788E+00  2.55067765E-01
 1.15151563E+00  2.25143268E-01
 9.89947122E-01  1.45242690E-01
 8.43511690E-01  3.47559560E-02
 8.14678427E-01 -6.59189105E-02
 8.08029942E-01 -1.28828552E-01
 6.60076435E-01 -1.40432774E-01
 5.37769799E-01 -1.10607228E-01
 6.80788502E-01 -7.46218774E-02
 8.97908698E-01 -5.12071964E-02
 9.08123774E-01 -4.05850056E-02
 8.47155309E-01 -3.74047693E-02
 9.22118860E-01 -2.17649131E-02
 1.01122368E+00  1.17002176E-02
 9.83636067E-01  4.91958341E-02
 9.69464978E-01  8.23126832E-02
 1.07639770E+00  9.94401135E-02
 1.15666783E+00  9.44291016E-02
 1.05481471E+00  7.52304116E-02
 9.07534060E-01  4.67749200E-02
 9.15665135E-01  1.41404105E-02
 1.00145549E+00 -1.56335625E-02
 1.02324583E+00 -4.11403789E-02
 1.03071937E+00 -6.17676703E-02
 1.07133002E+00 -7.69363947E-02
 1.07949739E+00 -8.64825315E-02
 1.02413363E+00 -8.80895079E-02
 9.51798485E-01 -7.89492274E-02
 9.11288455E-01 -5.69232844E-02
 9.16729240E-01 -2.35574776E-02
 9.65322305E-01  1.45234008E-02
 1.03260801E+00  4.72224608E-02
 1.06559866E+00  6.23795769E-02
 1.03419824E+00  5.19796174E-02
 9.43205973E-01  1.65189123E-02
 8.19376016E-01 -3.23008363E-02
 7.16477305E-01 -7.39107072E-02
 6.69057881E-01 -9.28116436E-02
 6.78438316E-01 -8.36507252E-02
 7.30364785E-01 -5.49058807E-02
 7.87714481E-01 -2.79963018E-02
 8.28989613E-01 -1.52002083E-02
 8.59836770E-01 -1.63145983E-02
 8.88511543E-01 -2.26854007E-02
 9.33836967E-01 -1.50825959E-02
 1.00029072E+00  1.35344956E-02
 1.06728016E+00  5.32958487E-02
 1.11395695E+00  8.76506288E-02
 1.11695125E+00  9.28667042E-02
 1.06881432E+00  6.16777925E-02
 9.95031862E-01  1.52103082E-02
 9.46523153E-01 -9.90266093E-05
 9.67095573E-01  5.43511322E-02
 1.00460892E+00  1.12122036E-01
 9.69434718E-01  7.14108973E-02
 9.18826861E-01  1.02567722E-03
 9.54768223E-01  2.53173503E-02
 1.01553411E+00  8.59919347E-02
 1.00957867E+00  8.53051725E-02
 9.84282594E-01  6.69417657E-02
 1.00228620E+00  8.19045851E-02
 1.04189471E+00  9.78101393E-02
 1.08199132E+00  9.35467856E-02
 1.12965541E+00  8.50347464E-02
 1.17326390E+00  7.66593183E-02
 1.19825765E+00  6.27275620E-02
 1.20654017E+00  4.50816245E-02
 1.20351929E+00  2.74867170E-02
 1.19755578E+00  1.15358981E-02
 1.19408233E+00 -4.28262798E-04
 1.19129309E+00 -5.90363728E-03
 1.18580815E+00 -4.33246857E-03
 1.17138311E+00  3.24316835E-03
 1.14467437E+00  1.48991431E-02
 1.10851087E+00  2.72400749E-02
 1.06700232E+00  3.53763207E-02
 1.02665484E+00  3.41761030E-02
 9.92507673E-01  1.97251909E-02
 9.65966328E-01 -8.42154972E-03
 9.49275334E-01 -4.35182333E-02
 9.43810399E-01 -7.36913789E-02
 9.50219163E-01 -8.97339704E-02
 9.69183718E-01 -8.72153908E-02
 9.96991254E-01 -6.97481431E-02
 1.02686753E+00 -4.85869853E-02
 1.05282030E+00 -3.00453098E-02
 1.06979117E+00 -1.44754162E-02
 1.07685756E+00  1.08257132E-03
 1.07760406E+00  2.50353370E-02
 1.07483177E+00  6.04993093E-02
 1.07154580E+00  1.03878356E-01
 1.07276261E+00  1.52172760E-01
 1.08214909E+00  1.98676689E-01
 1.10115758E+00  2.34616976E-01
 1.12568752E+00  2.49645376E-01
 1.13770280E+00  2.22708434E-01
 1.11123008E+00  1.31975823E-01
 1.02950394E+00 -2.34772531E-02
 8.90882385E-01 -2.13021127E-01
 7.19408409E-01 -3.54646398E-01
 5.63149125E-01 -3.58573134E-01
 4.64154093E-01 -2.51478140E-01
 4.55576041E-01 -1.33914702E-01
 5.64388622E-01 -3.99224749E-02
 7.67789721E-01  1.77295335E-02
 9.41841905E-01  1.98935726E-02
 9.57826016E-01 -5.88960408E-04
 9.02462151E-01 -3.08399930E-03
 9.55157158E-01  2.78372189E-02
 1.05969559E+00  7.54821066E-02
 1.08390991E+00  9.35209570E-02
 1.07424711E+00  7.71837882E-02
 1.08227410E+00  5.33821791E-02
 1.07152412E+00  3.41625792E-02
 1.03865483E+00  4.50468062E-02
 1.00462143E+00  1.12095205E-01
 9.66499903E-01  2.14666459E-01
 9.15641847E-01  2.51751467E-01
 8.46684553E-01  1.20847018E-01
 7.64135863E-01 -8.03658541E-02
 6.79967746E-01 -1.66702237E-01
 5.98401931E-01 -1.75499997E-01
 5.21563295E-01 -2.19862384E-01
 4.54279848E-01 -2.52939386E-01
 3.98011568E-01 -2.32246174E-01
 3.55570267E-01 -2.10082756E-01
 3.31153112E-01 -2.09470211E-01
 3.22359217E-01 -2.07027977E-01
 3.23422604E-01 -1.87860297E-01
 3.30317447E-01 -1.60428957E-01
 3.39766476E-01 -1.36753778E-01
 3.52647263E-01 -1.13402985E-01
 3.73866887E-01 -8.48885790E-02
 4.04436769E-01 -4.68698138E-02
 4.41397452E-01  1.06835428E-02
 4.78853528E-01  8.90746542E-02
 5.07435848E-01  1.78092071E-01
 5.22476197E-01  2.62919266E-01
 5.26080036E-01  3.13936031E-01
 5.25080521E-01  2.77832601E-01
 5.30854385E-01  1.28020569E-01
 5.49661120E-01 -3.53265077E-02
 5.78329974E-01 -6.85171834E-02
 6.04239593E-01 -3.96342460E-03
 6.07056322E-01  4.01852112E-02
 5.74894837E-01  5.81548179E-02
 5.10418484E-01  6.68715844E-02
 4.32400059E-01  7.55733216E-02
 3.73575542E-01  1.35387175E-01
 3.54342310E-01  2.08596907E-01
 3.75085732E-01  2.01761187E-01
 4.16507585E-01  1.46726153E-01
 4.41643724E-01  1.15400584E-01
 4.34150013E-01  9.68496155E-02
 4.09810711E-01  7.78900273E-02
 4.14000115E-01  7.20545741E-02
 4.86022605E-01  6.98536383E-02
 5.37376072E-01  6.35529873E-02
 4.56839088E-01  6.40174525E-02
 4.03455516E-01  8.19857924E-02
 5.92217111E-01  1.28005300E-01
 8.33433682E-01  1.98205773E-01
 8.19919602E-01  2.65203703E-01
 6.30345581E-01  2.84305030E-01
 4.61477285E-01  2.04346512E-01
 3.39529696E-01  7.24376374E-03
 3.11295649E-01 -2.64040776E-01
 3.87446929E-01 -4.81113588E-01
 4.50147191E-01 -4.98069782E-01
 4.66703020E-01 -3.52351011E-01
 4.68831351E-01 -2.04523552E-01
 4.40604990E-01 -1.17666577E-01
 4.09876740E-01 -1.05565120E-01
 4.49947281E-01 -1.18332489E-01
 5.92632258E-01 -2.63044093E-02
 7.65327238E-01  1.21192270E-01
 8.53668680E-01  1.72310319E-01
 8.81599946E-01  1.64758162E-01
 9.33553787E-01  1.82654241E-01
 9.71394545E-01  2.15324566E-01
 9.43827539E-01  2.69490437E-01
 8.83724009E-01  3.36149227E-01
 8.15170271E-01  3.58988378E-01
 7.32627884E-01  3.50378872E-01
 6.46943415E-01  3.56203694E-01
 5.78594906E-01  3.49128694E-01
 5.36231703E-01  2.93501312E-01
 5.07008378E-01  2.12407883E-01
 4.66057067E-01  1.33850359E-01
 3.98400596E-01  6.20672066E-02
 3.01902903E-01  3.66961362E-03
 1.96371789E-01 -3.98124425E-02
 1.22292225E-01 -8.10952664E-02
 1.03285279E-01 -1.22599292E-01
 1.41991962E-01 -1.55458453E-01
 2.26056517E-01 -1.69027094E-01
 3.22247633E-01 -1.49011845E-01
 4.09278953E-01 -9.61097316E-02
 4.83195416E-01 -3.51647472E-02
 5.39279426E-01 -1.25812634E-02
 5.82361151E-01 -5.68578385E-02
 6.13478746E-01 -7.52694845E-02
 6.26796201E-01  4.64667709E-02
 6.34299412E-01  1.75282518E-01
 6.54255720E-01  1.12554313E-01
 6.95335082E-01  1.99137910E-04
 7.54214082E-01  6.41574290E-02
 7.91151353E-01  1.77185913E-01
 7.66806688E-01  1.47137619E-01
 7.47302523E-01  6.96831604E-02
 8.27545410E-01  6.74256755E-02
 9.39573452E-01  8.30571714E-02
 9.65938807E-01  7.13357441E-02
 9.59502653E-01  7.65839526E-02
 1.00983081E+00  1.15400681E-01
 1.07409686E+00  1.57116564E-01
 1.10218097E+00  1.77888236E-01
 1.12305307E+00  1.70766073E-01
 1.15409430E+00  1.33315953E-01
 1.17305135E+00  7.59761923E-02
 1.16705419E+00  2.48100178E-02
 1.13918446E+00 -3.43452920E-03
 1.09285552E+00 -6.45288140E-03
 1.03856045E+00  6.57342296E-03
 9.96488101E-01  1.46773918E-02
 9.80963703E-01  1.30527702E-02
 9.96099959E-01  2.03321008E-02
 1.03477525E+00  7.20435241E-02
 1.07773539E+00  1.86539163E-01
 1.10943329E+00  2.61826375E-01
 1.12054691E+00  1.69185948E-01
 1.10371231E+00  1.44758753E-02
 1.05903912E+00 -7.39277110E-03
 9.86052287E-01  6.14648137E-02
 8.86410209E-01  1.06276560E-01
 7.80463303E-01  1.52291171E-01
 6.98173793E-01  2.05781545E-01
 6.64236619E-01  2.03479139E-01
 6.93375435E-01  1.39009745E-01
 7.71240068E-01  8.64606776E-02
 8.58845198E-01  1.15935045E-01
 9.29253767E-01  1.70274835E-01
 9.69039679E-01  1.47262830E-01
 9.78881501E-01  1.04546063E-01
 9.77592891E-01  1.38991464E-01
 9.62921178E-01  1.85290249E-01
 9.08722643E-01  1.58441956E-01
 7.83839584E-01  1.04747123E-01
 5.87882985E-01  8.16220563E-02
 4.65774019E-01  6.64431719E-02
 5.89454369E-01  3.83779646E-02
 8.26691034E-01  1.46590398E-02
 9.19956205E-01  2.20907544E-03
 9.08565464E-01 -2.16572056E-03
 9.23649917E-01  8.06446906E-03
 9.17447353E-01  3.59030805E-02
 8.70614411E-01  7.70856256E-02
 8.55291562E-01  1.26190691E-01
 8.88418742E-01  1.73300321E-01
 9.31400690E-01  2.04042659E-01
 9.44867056E-01  2.04044112E-01
 9.25679605E-01  1.63464506E-01
 8.94771994E-01  8.34711996E-02
 8.63452973E-01 -1.45444597E-02
 8.50610152E-01 -9.50614289E-02
 8.68782688E-01 -1.31141367E-01
 9.06763117E-01 -1.11571359E-01
 9.52861041E-01 -5.03397492E-02
 9.92899045E-01  1.50751325E-02
 1.01326264E+00  6.13634502E-02
 1.01337595E+00  8.37038891E-02
 9.99853857E-01  8.98299766E-02
 9.85334733E-01  1.05688094E-01
 9.80346040E-01  1.40640709E-01
 9.88756796E-01  1.83194842E-01
 1.01335206E+00  2.22490005E-01
 1.05203757E+00  2.39572905E-01
 1.10072159E+00  2.24674108E-01
 1.15118169E+00  1.85255932E-01
 1.17644713E+00  1.25508674E-01
 1.14271808E+00  5.25599705E-02
 1.03539899E+00 -2.46145489E-02
 8.70552849E-01 -1.02425163E-01
 7.19731483E-01 -1.71160718E-01
 6.63683177E-01 -2.17884804E-01
 6.54054559E-01 -2.33569075E-01
 5.93105760E-01 -2.12013988E-01
 5.53219941E-01 -1.58015814E-01
 6.45151740E-01 -8.68903396E-02
 7.85982741E-01 -1.29426087E-02
 8.60115036E-01  5.07683100E-02
 9.13419706E-01  9.51815429E-02
 1.01061605E+00  1.18367362E-01
 1.10897554E+00  1.16104458E-01
 1.16377564E+00  8.54835610E-02
 1.18111387E+00  3.51321398E-02
 1.15761899E+00 -2.05526654E-02
 1.09031791E+00 -6.55962760E-02
 1.00801830E+00 -8.47872826E-02
 9.56236346E-01 -7.67594190E-02
 9.63049585E-01 -5.19685884E-02
 9.75262014E-01 -1.64439889E-02
 9.15829158E-01  2.47633677E-02
 8.51457012E-01  6.46109159E-02
 8.96711521E-01  9.92033509E-02
 9.98296059E-01  1.18661506E-01
 1.05415237E+00  1.10537189E-01
 1.07709855E+00  7.56309795E-02
 1.08243996E+00  2.26739284E-02
 1.02487653E+00 -3.91157262E-02
 8.95318422E-01 -9.68032438E-02
 7.55400066E-01 -1.39926601E-01
 6.80560944E-01 -1.63163611E-01
 7.05092954E-01 -1.58910925E-01
 8.13596638E-01 -1.24410491E-01
 9.10716913E-01 -7.37530372E-02
 8.74603613E-01 -2.97521986E-02
 7.60997026E-01 -1.04338770E-02
 7.11326135E-01 -2.41697576E-02
 6.66610352E-01 -5.54955960E-02
 5.33069581E-01 -7.02041609E-02
 4.40227538E-01 -5.05516623E-02
 5.27791069E-01  9.99757305E-04
 7.13364988E-01  6.11212450E-02
 8.64999344E-01  8.54401837E-02
 9.83861594E-01  5.33762218E-02
 1.08171227E+00 -2.20863187E-02
 1.10218504E+00 -1.02952777E-01
 1.04022724E+00 -1.27720691E-01
 9.90599148E-01 -6.74364677E-02
 1.03348665E+00  5.24126516E-02
 1.08300277E+00  1.54022711E-01
 9.98482563E-01  1.42577161E-01
 8.43560364E-01  5.00521839E-02
 7.64525213E-01 -7.54479895E-03
 7.81645635E-01 -1.12283484E-02
 8.82368318E-01  1.58086418E-02
 1.00599542E+00  4.77785524E-02
 1.02874602E+00  2.28155381E-02
 1.00052400E+00 -2.07758907E-02
 1.05857596E+00  1.11593874E-02
 1.12547778E+00  5.21685151E-02
 1.08764136E+00  6.00913589E-03
 1.05626208E+00 -2.74547470E-02
 1.13680259E+00  6.18734044E-02
 1.16363937E+00  1.36258860E-01
 9.51509383E-01  2.59626226E-02
 6.57705551E-01 -1.42895698E-01
 5.29232413E-01 -1.72625374E-01
 4.95915805E-01 -1.31414028E-01
 4.18436863E-01 -1.39871620E-01
 3.83167104E-01 -1.42403323E-01
 4.69131634E-01 -9.29510802E-02
 6.10506220E-01 -4.62311856E-02
 7.49057665E-01 -3.07134691E-02
 8.54405474E-01 -2.53199528E-02
 8.89486594E-01 -1.67998177E-02
 9.00660577E-01 -1.18719175E-02
 9.74242152E-01 -1.50073318E-02
 1.05213493E+00 -1.71599961E-02
 1.03132406E+00 -9.09806529E-03
 9.89864453E-01  1.61040587E-02
 1.04269453E+00  6.42553405E-02
 1.13211525E+00  1.23197422E-01
 1.16820992E+00  1.67370727E-01
 1.16539870E+00  1.80707547E-01
 1.14267208E+00  1.56804031E-01
 1.09138887E+00  1.03587615E-01
 1.03379894E+00  4.55692698E-02
 9.88446650E-01 -1.77712723E-03
 9.49759698E-01 -3.30170732E-02
 9.16650250E-01 -4.35483137E-02
 8.87367659E-01 -3.73741013E-02
 8.68361435E-01 -1.47428886E-02
 8.83065472E-01  2.79024964E-02
 9.56577949E-01  7.89836762E-02
 1.08634643E+00  1.20357841E-01
 1.17379072E+00  1.37073843E-01
 1.10316794E+00  1.17897683E-01
 9.61637806E-01  7.21504600E-02
 9.20642623E-01  2.61532948E-02
 9.46059989E-01 -3.46635019E-03
 9.41006217E-01 -9.44692575E-03
 9.43221818E-01  4.57117128E-03
 9.78286435E-01  1.98330503E-02
 1.00102898E+00  2.80715626E-02
 9.98333387E-01  3.14244777E-02
 9.90011920E-01  2.75355585E-02
 9.89360709E-01  1.85499319E-02
 9.92481252E-01  4.01372550E-03
 9.89848422E-01 -2.03494431E-02
 9.85702685E-01 -4.31221223E-02
 9.86726448E-01 -4.52943646E-02
 9.96115573E-01 -1.62478126E-02
 1.01940640E+00  4.60572266E-02
 1.05048149E+00  1.21878402E-01
 1.07287945E+00  1.72928412E-01
 1.07686722E+00  1.74077284E-01
 1.05707852E+00  1.16882723E-01
 1.01350256E+00  1.17760894E-02
 9.54881819E-01 -1.07030738E-01
 8.85315369E-01 -2.12096084E-01
 8.04456128E-01 -2.83993744E-01
 7.14847779E-01 -2.95594035E-01
 6.18724196E-01 -2.48389471E-01
 5.24732465E-01 -2.14227722E-01
 4.50675769E-01 -2.67002032E-01
 4.16837008E-01 -3.38628100E-01
 4.43451879E-01 -3.05358719E-01
 5.40130432E-01 -2.06642398E-01
 6.95693790E-01 -1.37338132E-01
 8.71578011E-01 -7.33250532E-02
 1.01175735E+00  1.18518836E-02
 1.07943011E+00  7.93588243E-02
 1.07463401E+00  1.14214496E-01
 1.05322008E+00  1.32995213E-01
 1.09068722E+00  1.45160679E-01
 1.15150025E+00  1.51277131E-01
 1.15007342E+00  1.50356167E-01
 1.13650634E+00  1.40552162E-01
 1.18725854E+00  1.16560045E-01
 1.23426530E+00  7.78958260E-02
 1.19783440E+00  3.22269096E-02
 1.12850923E+00 -1.00542050E-02
 1.09668316E+00 -3.59830699E-02
 1.08613902E+00 -3.75765826E-02
 1.07242429E+00 -1.62824742E-02
 1.07297344E+00  1.94308842E-02
 1.09276907E+00  5.42361667E-02
 1.12409427E+00  7.52236920E-02
 1.16891560E+00  7.66251065E-02
 1.21502741E+00  5.95212970E-02
 1.23785761E+00  3.27985882E-02
 1.22199006E+00  2.31493347E-03
 1.16113527E+00 -3.01968815E-02
 1.06824190E+00 -6.09574469E-02
 9.75224560E-01 -8.75726738E-02
 9.05262315E-01 -1.03878674E-01
 8.70406982E-01 -1.00123753E-01
 8.72118230E-01 -7.41372754E-02
 8.95862106E-01 -2.86679012E-02
 9.34906774E-01  3.23842989E-02
 9.89956549E-01  1.00652143E-01
 1.05207076E+00  1.67005247E-01
 1.11115919E+00  2.22911127E-01
 1.15014369E+00  2.56721726E-01
 1.14358270E+00  2.57888245E-01
 1.07812858E+00  2.23023571E-01
 9.52608346E-01  1.54435140E-01
 7.76333960E-01  5.81274054E-02
 5.82561668E-01 -5.41487705E-02
 4.34163700E-01 -1.65300975E-01
 3.79896676E-01 -2.56348597E-01
 3.64531832E-01 -3.09499793E-01
 2.97294213E-01 -3.15250863E-01
 2.40136971E-01 -2.84428734E-01
 2.99016125E-01 -2.42996873E-01
 3.96077884E-01 -2.11702539E-01
 4.19201308E-01 -2.02400913E-01
 4.28079492E-01 -2.10931716E-01
 5.08724091E-01 -2.15731476E-01
 6.33123109E-01 -2.05563933E-01
 7.52933842E-01 -1.78030250E-01
 8.24766613E-01 -1.26030629E-01
 7.96987829E-01 -5.04517447E-02
 7.45596439E-01  4.34550144E-02
 8.09536206E-01  1.40333170E-01
 9.35682376E-01  1.84162458E-01
 9.83903538E-01  1.26660801E-01
 9.37587853E-01  3.53653002E-02
 8.14377365E-01  1.35354608E-02
 6.64382655E-01  6.94724848E-03
 6.07965924E-01 -8.11299811E-02
 6.57514541E-01 -1.66689060E-01
 7.38335457E-01 -1.36474728E-01
 8.42093933E-01 -5.09192414E-02
 9.49262976E-01 -2.64441821E-03
 9.94292502E-01  1.79209779E-02
 9.56370281E-01  2.59517100E-02
 8.83335197E-01  1.10501919E-02
 8.47181523E-01 -5.25503795E-03
 8.69103169E-01 -5.34995957E-03
 9.15002475E-01  2.31902043E-03
 9.04641141E-01  8.96711413E-03
 7.57516582E-01  1.07098471E-03
 5.88123373E-01 -2.52482236E-02
 5.97042925E-01 -5.72325897E-02
 7.11312884E-01 -8.48663070E-02
 7.45046208E-01 -9.66523071E-02
 6.99862812E-01 -8.42435919E-02
 6.12613102E-01 -5.21584628E-02
 5.06333781E-01 -1.03295275E-02
 4.76482938E-01  2.70843316E-02
 5.29888694E-01  4.85602991E-02
 5.90110216E-01  5.28275250E-02
 6.66569760E-01  4.95892933E-02
 7.75575922E-01  5.66282435E-02
 8.68960652E-01  8.25025926E-02
 9.17878516E-01  1.21061360E-01
 9.32216324E-01  1.51940115E-01
 9.23523365E-01  1.43276070E-01
 8.90189234E-01  8.03063201E-02
 8.35625824E-01 -2.51834378E-02
 7.90820098E-01 -1.35338932E-01
 7.92612973E-01 -1.92028575E-01
 8.57514023E-01 -1.65196816E-01
 9.71558843E-01 -7.21736526E-02
 1.05344064E+00  1.55375924E-02
 1.00894166E+00  1.29955439E-02
 8.93369821E-01 -2.91715143E-02
 8.38699115E-01  4.12730040E-03
 8.47091038E-01  6.10386049E-02
 8.79296359E-01  5.03542667E-02
 9.62976835E-01  5.43775904E-02
 1.08897608E+00  1.54089671E-01
 1.19392057E+00  2.33104579E-01
 1.23244757E+00  1.59824965E-01
 1.20180623E+00  2.05465802E-02
 1.12056720E+00 -4.75346986E-02
 9.86067476E-01 -9.94391577E-02
 8.08832238E-01 -2.12015666E-01
 6.69914533E-01 -2.85039993E-01
 6.47639974E-01 -2.19408602E-01
 7.02142038E-01 -8.77120486E-02
 7.42786194E-01  3.72267963E-03
 7.66735810E-01  4.84589567E-02
 8.01140282E-01  5.91155980E-02
 8.37525698E-01  3.36647395E-02
 8.87936288E-01  9.28928389E-03
 9.59415689E-01  1.43250191E-02
 1.02794064E+00  4.24508943E-02
 1.08507356E+00  8.43200172E-02
 1.12990946E+00  1.19749112E-01
 1.15986465E+00  1.40850937E-01
 1.18250346E+00  1.59784063E-01
 1.19367862E+00  1.76468589E-01
 1.17970469E+00  1.88799460E-01
 1.13776736E+00  1.93975388E-01
 1.06911450E+00  1.79590083E-01
 9.80689720E-01  1.44554454E-01
 8.88705600E-01  9.65166525E-02
 8.02990983E-01  3.79611547E-02
 7.25760186E-01 -2.70456309E-02
 6.55648387E-01 -9.62142207E-02
 5.85377452E-01 -1.71682407E-01
 5.13400177E-01 -2.48869571E-01
 4.48464903E-01 -3.17796992E-01
 4.07151910E-01 -3.67426065E-01
 4.11897284E-01 -3.84327884E-01
 4.72789286E-01 -3.60424962E-01
 5.79782518E-01 -2.97533815E-01
 7.01258861E-01 -2.07564278E-01
 7.91104488E-01 -1.11391225E-01
 8.27384215E-01 -2.70856435E-02
 8.29175504E-01  3.53612750E-02
 8.67299113E-01  7.68897185E-02
 1.00321803E+00  1.09454786E-01
 1.10913451E+00  1.38871242E-01
 1.00058021E+00  1.63246756E-01
 8.05586534E-01  1.78530027E-01
 7.56494262E-01  1.75394292E-01
 7.65107901E-01  1.53327684E-01
 6.76664664E-01  1.22462959E-01
 5.89152779E-01  9.15901701E-02
 6.08396523E-01  6.99319877E-02
 6.78092039E-01  5.82637158E-02
 7.37074385E-01  4.06657860E-02
 7.48867549E-01 -1.26327563E-02
 6.70002012E-01 -1.13562763E-01
 5.81665602E-01 -1.80987915E-01
 6.30685908E-01 -1.12464685E-01
 7.75560916E-01  2.03452351E-02
 8.80989819E-01  7.90998026E-02
 9.22864039E-01  1.03631517E-01
 9.00964570E-01  1.76174001E-01
 8.41578489E-01  2.36789697E-01
 8.32848103E-01  2.22339972E-01
 8.43531804E-01  1.57581023E-01
 7.73585149E-01  7.04349291E-02
 6.61370942E-01 -8.73312215E-03
 5.76668133E-01 -3.91062368E-02
 4.98684091E-01 -6.44628489E-02
 4.15241288E-01 -1.63819924E-01
 3.55967173E-01 -2.81353009E-01
 3.33923229E-01 -3.18697053E-01
 3.47381202E-01 -3.21190691E-01
 3.97446394E-01 -3.47607407E-01
 4.78635098E-01 -2.97674647E-01
 5.76910077E-01 -8.31545175E-02
 6.77639026E-01  1.46713504E-01
 7.69317015E-01  1.96661899E-01
 8.49431617E-01  1.40192975E-01
 9.23469309E-01  1.40921013E-01
 9.92359504E-01  1.76188848E-01
 1.05326611E+00  1.93846357E-01
 1.10255541E+00  2.03845887E-01
 1.13302636E+00  1.74990164E-01
 1.14363945E+00  1.22354310E-01
 1.13909214E+00  1.18091032E-01
 1.11940177E+00  1.43945940E-01
 1.08487069E+00  1.46213645E-01
 1.03914309E+00  1.33944025E-01
 9.87880413E-01  1.17072732E-01
 9.46497669E-01  8.65177612E-02
 9.35951824E-01  5.24820514E-02
 9.67103087E-01  2.52226908E-02
 1.03753677E+00  3.72827196E-03
 1.12551134E+00 -1.13259862E-02
 1.19296999E+00 -2.10457945E-02
 1.21308673E+00 -2.37127523E-02
 1.17829527E+00 -1.43675375E-02
 1.10549996E+00  2.66529909E-03
 1.03581476E+00  1.89115637E-02
 9.96358362E-01  3.03715966E-02
 9.93696503E-01  3.61551391E-02
 1.02042277E+00  4.52039140E-02
 1.04806876E+00  7.32989908E-02
 1.05978606E+00  1.23660274E-01
 1.05281382E+00  1.82904051E-01
 1.01331428E+00  2.16951065E-01
 9.31944938E-01  1.79596576E-01
 8.04077684E-01  5.55410576E-02
 6.32404015E-01 -1.21167396E-01
 4.62809597E-01 -2.51578730E-01
 3.66889401E-01 -2.24620363E-01
 3.91376628E-01 -8.62935129E-02
 5.48026801E-01  1.45886022E-02
 7.83285578E-01  2.42204910E-02
 9.86374920E-01 -5.13320465E-02
 1.08234821E+00 -1.29739510E-01
 1.04593929E+00 -7.31130903E-02
 9.03490057E-01  9.05242490E-03
 7.43713597E-01 -9.79229328E-02
 6.19796444E-01 -2.62067045E-01
 5.39811552E-01 -2.58429063E-01
 5.11044956E-01 -1.80619217E-01
 5.12236463E-01 -1.70306673E-01
 5.44061259E-01 -1.63763783E-01
 6.35283947E-01 -1.05701812E-01
 7.68964332E-01 -4.35085256E-02
 9.09747195E-01  9.89462712E-04
 1.02589980E+00  3.24097740E-02
 1.07949037E+00  3.59019903E-02
 1.07922065E+00  1.33284170E-02
 1.07274026E+00 -1.21651631E-02
 1.08205569E+00 -2.62591871E-02
 1.11433831E+00 -2.02030774E-02
 1.16235764E+00  6.15307486E-03
 1.19158310E+00  3.96769486E-02
 1.19169289E+00  7.60852112E-02
 1.17517629E+00  1.17534935E-01
 1.14300676E+00  1.59000856E-01
 1.10259327E+00  1.96606845E-01
 1.05763400E+00  2.23592271E-01
 1.00079139E+00  2.29554219E-01
 9.44573869E-01  2.16720821E-01
 9.11537450E-01  1.95306642E-01
 9.13938451E-01  1.71538273E-01
 9.58715411E-01  1.50741282E-01
 1.03389531E+00  1.32603034E-01
 1.10872132E+00  1.09786782E-01
 1.16283039E+00  8.18103081E-02
 1.18678748E+00  5.34184788E-02
 1.18082174E+00  2.82844618E-02
 1.16055275E+00  1.26436828E-02
 1.13368842E+00  8.95439318E-03
 1.09907300E+00  1.37529558E-02
 1.06121743E+00  2.42425899E-02
 1.02257324E+00  3.63988611E-02
 9.91159036E-01  4.58191780E-02
 9.82041410E-01  5.09447685E-02
 9.98759262E-01  5.11704336E-02
 1.03739809E+00  4.69469432E-02
 1.09327979E+00  3.90030576E-02
 1.15503208E+00  2.73416342E-02
 1.20967700E+00  1.24338791E-02
 1.24611535E+00 -4.86989657E-03
 1.25190254E+00 -2.22089056E-02
 1.22098829E+00 -3.56810521E-02
 1.16479734E+00 -4.20801614E-02
 1.10574638E+00 -3.89682857E-02
 1.06162458E+00 -2.53457779E-02
 1.04195841E+00 -3.35356481E-03
 1.03923041E+00  2.12993667E-02
 1.03059337E+00  4.10020398E-02
 1.00666585E+00  5.05926835E-02
 9.72922164E-01  5.05589753E-02
 9.43402185E-01  5.10520379E-02
 9.44112918E-01  6.72693010E-02
 9.86096970E-01  1.02358717E-01
 1.05917993E+00  1.40800677E-01
 1.14406291E+00  1.41243822E-01
 1.20917845E+00  6.82671757E-02
 1.23280337E+00 -1.74207112E-02
 1.21403956E+00 -2.18251399E-02
 1.16590586E+00  7.30869637E-03
 1.11659003E+00 -2.13456729E-02
 1.08558142E+00 -4.70943722E-02
 1.07469261E+00  1.50856648E-02
 1.07511416E+00  1.12726560E-01
 1.06520507E+00  1.74186378E-01
 1.03575007E+00  2.06664840E-01
 9.96151649E-01  2.19203376E-01
 9.60962505E-01  2.03614686E-01
 9.53346171E-01  1.77571046E-01
 9.84388872E-01  1.58613976E-01
 1.04440313E+00  1.46498875E-01
 1.11531762E+00  1.36285438E-01
 1.16905512E+00  1.16555816E-01
 1.18597679E+00  8.47429972E-02
 1.16615392E+00  4.97625541E-02
 1.12441513E+00  1.66780165E-02
 1.08992097E+00 -8.00091249E-03
 1.08209428E+00 -2.08064209E-02
 1.10145831E+00 -2.65862016E-02
 1.13432253E+00 -2.74999695E-02
 1.15165654E+00 -2.49375856E-02
 1.13776036E+00 -2.19155481E-02
 1.09719836E+00 -1.82888087E-02
 1.04325724E+00 -1.32636425E-02
 1.00221987E+00 -6.30452234E-03
 9.89194055E-01  3.58615675E-03
 1.00054608E+00  1.62391735E-02
 1.02899919E+00  3.03891175E-02
 1.05850904E+00  4.42112072E-02
 1.07910384E+00  5.66233984E-02
 1.09431013E+00  6.72403371E-02
 1.10750989E+00  7.48603321E-02
 1.12528404E+00  7.81968057E-02
 1.14954168E+00  7.61694108E-02
 1.17151229E+00  6.79213341E-02
 1.18183186E+00  5.46698736E-02
 1.17002847E+00  3.92454417E-02
 1.13076788E+00  2.39835963E-02
 1.07035076E+00  1.09329575E-02
 1.00318179E+00  1.45837293E-03
 9.50288551E-01 -4.33347759E-03
 9.28762799E-01 -5.97769059E-03
 9.45134190E-01 -3.13571107E-03
 9.94125927E-01  2.80681628E-03
 1.05848535E+00  9.65457980E-03
 1.12399759E+00  1.49466894E-02
 1.18175074E+00  1.62348332E-02
 1.22283375E+00  1.30304117E-02
 1.24332575E+00  6.63339648E-03
 1.23615706E+00 -1.88477383E-03
 1.19323542E+00 -1.10020236E-02
 1.12203235E+00 -1.81929146E-02
 1.03946940E+00 -2.08534287E-02
 9.62933437E-01 -1.58048007E-02
 9.10794531E-01 -1.88983684E-04
 8.90364425E-01  2.58437609E-02
 8.97235743E-01  5.95049920E-02
 9.31185738E-01  9.68743501E-02
 9.90135577E-01  1.31908332E-01
 1.06137988E+00  1.56263237E-01
 1.12945862E+00  1.61441070E-01
 1.17626266E+00  1.41061374E-01
 1.18565372E+00  9.43174163E-02
 1.16200592E+00  3.18402342E-02
 1.12461421E+00 -2.73113196E-02
 1.08638076E+00 -6.73795606E-02
 1.05562134E+00 -7.88798437E-02
 1.03300620E+00 -6.33135511E-02
 1.00836529E+00 -3.36846564E-02
 9.83231155E-01  2.10517234E-03
 9.68740247E-01  4.10579765E-02
 9.70512428E-01  7.86770520E-02
 9.94980805E-01  1.14090847E-01
 1.04147328E+00  1.41707431E-01
 1.09708944E+00  1.52034212E-01
 1.14838925E+00  1.46269848E-01
 1.18082463E+00  1.31198333E-01
 1.18182691E+00  1.12714227E-01
 1.15042247E+00  9.79949260E-02
 1.10073131E+00  8.73271381E-02
 1.05744350E+00  7.43739392E-02
 1.03965843E+00  5.85958010E-02
 1.05408585E+00  4.23018120E-02
 1.08903977E+00  2.64901431E-02
 1.11618452E+00  1.47867225E-02
 1.11938369E+00  8.49646951E-03
 1.09801405E+00  6.88575449E-03
 1.06075471E+00  1.53162657E-02
 1.03031545E+00  4.06567890E-02
 1.01826652E+00  8.38504112E-02
 1.02126009E+00  1.39185086E-01
 1.03771569E+00  1.87982063E-01
 1.05896008E+00  2.02370178E-01
 1.07608150E+00  1.64721320E-01
 1.08257606E+00  7.31045209E-02
 1.05467787E+00 -5.26895069E-02
 9.66075812E-01 -1.72536018E-01
 8.16694447E-01 -2.55707891E-01
 6.44041597E-01 -2.87052768E-01
 5.52839013E-01 -2.66346290E-01
 6.42828275E-01 -2.13270357E-01
 8.13415428E-01 -1.39025758E-01
 8.77987594E-01 -4.55504295E-02
 8.81474040E-01  5.55273561E-02
 9.51019789E-01  1.53840943E-01
 1.03487120E+00  2.33554834E-01
 1.06505817E+00  2.74207632E-01
 1.05033184E+00  2.79115495E-01
 9.78936032E-01  2.66938843E-01
 8.86834767E-01  2.50559428E-01
 8.57039420E-01  2.40824425E-01
 8.67578374E-01  2.34956506E-01
 8.48753576E-01  2.31482138E-01
 8.18561079E-01  2.92670464E-01
 8.05731909E-01  4.55443473E-01
 7.81607454E-01  5.25338104E-01
 7.26297982E-01  2.73384717E-01
 6.43608854E-01 -1.17058281E-01
 5.45254059E-01 -3.00938960E-01
 4.91434510E-01 -3.03468560E-01
 5.37778281E-01 -2.75874352E-01
 5.83283094E-01 -2.20004805E-01
 4.84329435E-01 -1.93999297E-01
 3.37421645E-01 -2.34563681E-01
 3.13761651E-01 -2.51901492E-01
 3.31025388E-01 -2.10316309E-01
 2.56348153E-01 -1.20150942E-01
 1.70373425E-01 -9.22013038E-03
 1.72801731E-01  4.19027049E-02
 2.32472401E-01  1.77234138E-02
 3.16606239E-01 -2.92092359E-02
 4.20094706E-01 -4.99135877E-02
 5.00582621E-01  1.83290906E-02
 5.17756017E-01  1.76427675E-01
 4.70098182E-01  3.34188584E-01
 3.94905426E-01  3.76028709E-01
 3.59016463E-01  2.13805195E-01
 4.04239416E-01 -4.52811244E-02
 5.34032410E-01 -1.73157646E-01
 7.14986232E-01 -1.57152869E-01
 8.73660533E-01 -9.32696140E-02
 9.64373586E-01  2.43976589E-02
 9.82486988E-01  1.62864823E-01
 9.42748999E-01  2.59449158E-01
 8.91659524E-01  3.24710760E-01
 8.54023929E-01  3.88269165E-01
 8.21383591E-01  4.59493400E-01
 7.90910396E-01  4.55491226E-01
 7.50262980E-01  2.63588242E-01
 7.00141508E-01 -2.87400352E-02
 6.65924070E-01 -2.40001695E-01
 6.59362364E-01 -3.37872206E-01
 6.85079073E-01 -3.41045797E-01
 7.39325921E-01 -2.56848561E-01
 7.93291221E-01 -1.62662381E-01
 8.06033623E-01 -1.14318762E-01
 7.56723106E-01 -9.53237273E-02
 7.09331576E-01 -5.04287767E-02
 7.57753182E-01  8.25230059E-02
 8.57989945E-01  2.12888406E-01
 9.14511255E-01  1.86216566E-01
 9.77706871E-01  9.67407243E-02
 1.11020651E+00  1.19074730E-01
 1.20417383E+00  1.89160526E-01
 1.14690152E+00  1.99821164E-01
 1.02381355E+00  2.08573233E-01
 9.64875777E-01  2.65459500E-01
 9.29917967E-01  3.21620649E-01
 8.57579011E-01  3.38779492E-01
 8.48983246E-01  3.09910969E-01
 9.82885783E-01  2.24826157E-01
 1.10465529E+00  1.06832477E-01
 1.04080323E+00  1.33919111E-02
 9.28554854E-01 -2.27683575E-02
 9.80503359E-01  3.33929639E-03
 1.06447703E+00  6.87928241E-02
 9.81790075E-01  1.17870930E-01
 8.74489709E-01  1.20043950E-01
 9.25549792E-01  7.93983186E-02
 1.03322216E+00  1.72757870E-02
 1.06395136E+00 -1.92111389E-02
 1.05937574E+00 -5.79564247E-03
 1.06319832E+00  4.50820071E-02
 1.04845196E+00  1.08693913E-01
 1.02086146E+00  1.41398315E-01
 1.00137170E+00  1.19861747E-01
 9.84243749E-01  5.82969963E-02
 9.70379940E-01 -1.19655629E-02
 9.67444969E-01 -4.20695834E-02
 9.79699656E-01 -8.37454989E-03
 1.01191211E+00  6.49702230E-02
 1.05418176E+00  1.13707531E-01
 1.08538876E+00  7.22046364E-02
 1.09222349E+00  7.10632255E-03
 1.06912978E+00  4.09609255E-02
 1.02585436E+00  1.02370928E-01
 9.87972858E-01  6.36092421E-02
 9.71751989E-01  2.53481983E-03
 9.82674396E-01  2.89264886E-02
 1.01952245E+00  8.28212977E-02
 1.06858503E+00  8.87319169E-02
 1.12161710E+00  7.42504560E-02
 1.17622532E+00  6.50439225E-02
 1.22002159E+00  4.56125060E-02
 1.23980632E+00  1.91164037E-02
 1.22416880E+00 -1.30492853E-03
 1.16490992E+00 -1.71677773E-02
 1.07696948E+00 -2.98105260E-02
 9.91901559E-01 -3.82169974E-02
 9.32924865E-01 -4.10186166E-02
 9.13797498E-01 -3.43025591E-02
 9.29725488E-01 -1.74952562E-02
 9.55873891E-01  7.59595297E-03
 9.79859521E-01  3.96484114E-02
 1.00160358E+00  7.62737068E-02
 1.02230654E+00  1.17110019E-01
 1.05225943E+00  1.62552602E-01
 1.09059246E+00  2.06654217E-01
 1.12282999E+00  2.35958814E-01
 1.14161730E+00  2.27326446E-01
 1.13969374E+00  1.56158318E-01
 1.11174569E+00  2.25300695E-02
 1.06103898E+00 -1.34269334E-01
 9.87384090E-01 -2.18938923E-01
 8.90012625E-01 -1.37546613E-01
 7.75644135E-01  4.52944846E-02
 6.55068037E-01  1.62996104E-01
 5.46442296E-01  1.39081090E-01
 4.73640660E-01 -2.82546482E-02
 4.53458302E-01 -2.24284044E-01
 4.90930692E-01 -2.47646000E-01
 5.73171593E-01 -1.39615076E-01
 6.71057100E-01 -9.03282298E-02
 7.60446863E-01 -9.55765056E-02
 8.27419049E-01 -1.00054518E-01
 8.71667584E-01 -8.40022656E-02
 9.08667623E-01  2.68744052E-02
 9.44409242E-01  1.77153879E-01
 9.75282560E-01  2.21148676E-01
 1.00110612E+00  2.06452789E-01
 1.01664124E+00  2.41954715E-01
 1.02155066E+00  2.82277557E-01
 1.01977685E+00  2.62596354E-01
 9.96483467E-01  1.74129380E-01
 9.29630448E-01  4.35881636E-03
 8.11387245E-01 -1.77912262E-01
 6.50767336E-01 -2.46676169E-01
 4.92775015E-01 -2.12503024E-01
 4.08641857E-01 -1.64318689E-01
 4.41184349E-01 -1.26646222E-01
 5.92292813E-01 -1.16028246E-01
 8.09946028E-01 -1.14952103E-01
 9.93881115E-01 -5.64222112E-02
 1.08121878E+00  1.76771225E-02
 1.06777533E+00  1.57792351E-02
 1.00976308E+00 -2.24297189E-02
 1.00013393E+00 -2.37391404E-02
 1.00880991E+00  4.77291084E-03
 9.44027109E-01  5.30209682E-02
 8.78405930E-01  1.23061072E-01
 9.19250557E-01  1.85412709E-01
 1.01507200E+00  2.15434562E-01
 1.09057881E+00  2.08915235E-01
 1.15895475E+00  1.67384618E-01
 1.22034039E+00  1.04334492E-01
 1.21282863E+00  2.72113308E-02
 1.10076941E+00 -6.29854388E-02
 9.42352788E-01 -1.48525654E-01
 8.31256500E-01 -2.07073522E-01
 8.08544396E-01 -2.21413502E-01
 8.71251251E-01 -1.80259202E-01
 9.57126071E-01 -1.01472504E-01
 9.68035532E-01 -2.53674135E-02
 9.44144343E-01  2.06731818E-02
 9.94570941E-01  2.43584253E-02
 1.05948587E+00 -3.20008150E-03
 1.04489012E+00 -2.53090043E-02
 1.02289284E+00 -2.33820588E-02
 1.07579779E+00  5.37639946E-04
 1.15064910E+00  3.74812953E-02
 1.18184707E+00  6.24838310E-02
 1.19200013E+00  6.53687801E-02
 1.20744271E+00  5.61891067E-02
 1.20446283E+00  4.02748563E-02
 1.16693072E+00  2.75118487E-02
 1.09998914E+00  2.30318618E-02
 1.00775962E+00  1.87822746E-02
 9.15057538E-01  1.22661366E-02
 8.62838450E-01  1.28824020E-03
 8.64865727E-01 -2.16996405E-02
 8.96262319E-01 -6.46773758E-02
 8.76158658E-01 -1.45938162E-01
 7.28927586E-01 -2.65011900E-01
 5.67371401E-01 -3.34022679E-01
 5.79712547E-01 -2.54311674E-01
 7.08442457E-01 -1.00488114E-01
 7.92216810E-01 -1.63722281E-02
 8.25408175E-01  2.75060569E-02
 8.29808987E-01  1.10317072E-01
 8.33595283E-01  1.86256882E-01
 9.30182562E-01  2.12712454E-01
 1.09012756E+00  2.13932892E-01
 1.19162000E+00  1.94046040E-01
 1.22144229E+00  1.37541570E-01
 1.18759655E+00  4.76438827E-02
 1.04496068E+00 -5.22605272E-02
 8.20671324E-01 -1.26484607E-01
 6.80980730E-01 -1.34741160E-01
 7.76301842E-01 -6.08087698E-02
 9.67664993E-01  2.07251569E-02
 9.99777808E-01  9.45589086E-03
 9.40174016E-01 -3.42561223E-02
 9.73571218E-01  9.67260706E-03
 1.06033845E+00  8.02478067E-02
 1.14011302E+00  7.26831190E-02
 1.19718024E+00  3.32139687E-02
 1.15809023E+00  2.29950214E-02
 1.06580935E+00  2.19546674E-02
 1.04704710E+00  2.14321473E-02
 1.06430305E+00  3.41683773E-02
 1.03027004E+00  4.94454717E-02
 9.90988286E-01  5.61434422E-02
 9.99054375E-01  5.54389925E-02
 1.02884020E+00  5.05147804E-02
 1.06301202E+00  4.83033966E-02
 1.10504232E+00  4.97729041E-02
 1.14188464E+00  4.91549072E-02
 1.16417578E+00  4.46605232E-02
 1.17495831E+00  3.44617994E-02
 1.17089432E+00  1.76345588E-02
 1.14914347E+00 -1.82289169E-03
 1.11781658E+00 -2.03179082E-02
 1.08802519E+00 -3.46114617E-02
 1.07014903E+00 -4.10163277E-02
 1.07119702E+00 -3.86775620E-02
 1.08197918E+00 -3.01167220E-02
 1.08196791E+00 -1.99178090E-02
 1.06102066E+00 -1.17573581E-02
 1.02030003E+00 -7.14534058E-03
 9.74411122E-01 -4.77548236E-03
 9.51908375E-01 -7.02592369E-04
 9.67931021E-01  6.55596889E-03
 1.01967523E+00  1.55663729E-02
 1.09254104E+00  2.39636823E-02
 1.15681099E+00  2.76131921E-02
 1.19248829E+00  2.46493217E-02
 1.19647019E+00  1.66388249E-02
 1.17317808E+00  5.89791288E-03
 1.13951408E+00 -3.69272498E-03
 1.10663513E+00 -8.98205930E-03
 1.07528666E+00 -9.12548726E-03
 1.05036780E+00 -3.95127527E-03
 1.03434607E+00  5.30104681E-03
 1.03232910E+00  1.69778305E-02
 1.05363071E+00  2.94107691E-02
 1.09372771E+00  3.88147775E-02
 1.13921533E+00  4.07776948E-02
 1.17829434E+00  3.25047710E-02
 1.19816407E+00  1.41720136E-02
 1.19427496E+00 -7.08930044E-03
 1.17220662E+00 -1.93485804E-02
 1.13460793E+00 -1.47071044E-02
 1.08668288E+00  8.34642365E-03
 1.04474458E+00  4.12538058E-02
 1.02703580E+00  6.64936622E-02
 1.04701797E+00  7.28098812E-02
 1.10639151E+00  5.77739568E-02
 1.17584914E+00  2.71341307E-02
 1.20551557E+00 -3.48709106E-03
 1.16422175E+00 -2.44530856E-02
 1.04818382E+00 -3.42683995E-02
 8.94902889E-01 -3.24435540E-02
 7.78960842E-01 -2.39935930E-02
 7.46889432E-01 -1.12059448E-02
 8.05676037E-01  7.50771686E-03
 9.26574017E-01  2.57732548E-02
 1.03912600E+00  3.45333723E-02
 1.10075050E+00  2.70370442E-02
 1.10918103E+00 -1.14520828E-03
 1.07627150E+00 -4.11528981E-02
 1.04236051E+00 -7.38852949E-02
 1.02687173E+00 -8.68659530E-02
 1.01697184E+00 -7.50241997E-02
 1.00923684E+00 -4.42709258E-02
 9.94230111E-01 -1.27090717E-02
 9.72031768E-01  9.52599395E-03
 9.63792680E-01  2.15030071E-02
 9.74685889E-01  2.50538020E-02
 1.00166578E+00  2.92028691E-02
 1.04313101E+00  3.65518545E-02
 1.08675021E+00  4.09919240E-02
 1.12365039E+00  3.94703734E-02
 1.15093931E+00  2.82577964E-02
 1.16149771E+00  7.60398480E-03
 1.15304910E+00 -1.37650146E-02
 1.13432627E+00 -2.63573178E-02
 1.11728572E+00 -2.03481349E-02
 1.10825436E+00  1.05011107E-02
 1.10263243E+00  6.21249651E-02
 1.07440886E+00  1.18463071E-01
 1.00657013E+00  1.55458324E-01
 9.71058822E-01  1.55926659E-01
 1.04868480E+00  1.16741184E-01
 1.12854171E+00  5.48346572E-02
 1.05349272E+00  4.24201750E-03
 9.39530802E-01 -1.27494300E-02
 9.73425744E-01  8.42102220E-03
 1.05315503E+00  5.53582632E-02
 1.02217701E+00  9.63612289E-02
 9.72007865E-01  1.13084008E-01
 1.01585250E+00  1.05404254E-01
 1.08867234E+00  7.80836398E-02
 1.12122728E+00  4.83030460E-02
 1.13987069E+00  2.45366797E-02
 1.16054299E+00  2.06315405E-03
 1.16566072E+00 -1.58802827E-02
 1.15777679E+00 -2.66160894E-02
 1.14609110E+00 -2.68842559E-02
 1.12812227E+00 -9.05204174E-03
 1.10381455E+00  2.02253308E-02
 1.07569063E+00  4.51356817E-02
 1.04777641E+00  5.65952669E-02
 1.02700094E+00  5.04046411E-02
 1.01615601E+00  3.58366044E-02
 1.01487521E+00  3.49676328E-02
 1.02309346E+00  5.87377955E-02
 1.03833588E+00  1.05343845E-01
 1.05685810E+00  1.61755407E-01
 1.07486565E+00  2.02919777E-01
 1.08643849E+00  2.18959568E-01
 1.08552376E+00  2.22424650E-01
 1.06940509E+00  2.44135213E-01
 1.03750158E+00  3.03637935E-01
 9.89223000E-01  3.15966823E-01
 9.24842289E-01  1.73979289E-01
 8.45151715E-01 -2.19820789E-02
 7.51965378E-01 -9.46037235E-02
 6.52510623E-01 -7.78594399E-02
 5.59817307E-01 -7.66208002E-02
 4.91425700E-01 -8.71588820E-02
 4.67005299E-01 -1.06511350E-01
 4.99088741E-01 -1.09324822E-01
 5.86563482E-01 -2.42078967E-02
 7.08542154E-01  7.63675436E-02
 8.28322440E-01  5.35688676E-02
 9.15596330E-01 -5.20997332E-02
 9.54071957E-01 -1.35031856E-01
 9.48678020E-01 -1.81299835E-01
 9.26192049E-01 -1.80886819E-01
 9.03706290E-01 -1.41767703E-01
 8.87242083E-01 -1.20997788E-01
 8.82571648E-01 -8.93255027E-02
 8.85949672E-01  1.81551371E-02
 9.02035772E-01  1.30152312E-01
 9.42149660E-01  1.47946627E-01
 9.95984104E-01  1.08353836E-01
 1.04343420E+00  7.81889912E-02
 1.06847745E+00  4.06732148E-02
 1.05792463E+00 -1.89541312E-02
 1.02279072E+00 -6.29178096E-02
 9.94082637E-01 -6.36184535E-02
 9.87174996E-01 -1.56051969E-02
 1.00343827E+00  7.21760468E-02
 1.03133780E+00  1.31621876E-01
 1.04190694E+00  8.59470171E-02
 1.02292445E+00 -3.28307427E-03
 9.83115369E-01 -1.63411036E-02
 9.37829957E-01  1.77038075E-02
 9.14844664E-01  1.95495804E-02
 9.30139090E-01  1.10440513E-02
 9.77936379E-01  1.59000302E-02
 1.04301995E+00  2.38996594E-02
 1.09763231E+00  4.33236477E-02
 1.12136308E+00  4.26208564E-02
 1.11084974E+00 -3.11865288E-02
 1.07085952E+00 -1.37733496E-01
 1.01808570E+00 -1.96190794E-01
 9.65207531E-01 -1.97528971E-01
 9.16778174E-01 -1.55910858E-01
 8.83591875E-01 -7.10713135E-02
 8.73775446E-01  2.90759295E-02
 8.90813137E-01  1.13953467E-01
 9.30299064E-01  1.70853853E-01
 9.56213291E-01  1.81970586E-01
 9.16370428E-01  1.35794987E-01
 7.85615303E-01  3.12533915E-02
 5.79904491E-01 -1.15244691E-01
 3.85824343E-01 -2.32936688E-01
 3.16374162E-01 -2.50006433E-01
 3.53198121E-01 -2.19780784E-01
 3.99062041E-01 -2.38158252E-01
 4.49403558E-01 -2.41751995E-01
 5.29899846E-01 -1.32887381E-01
 6.59940658E-01 -6.78901588E-03
 8.68657495E-01  9.70580072E-03
 1.03207960E+00 -2.92081094E-02
 9.74492377E-01 -3.45150803E-02
 8.12533432E-01 -2.98774738E-02
 7.73200517E-01 -4.20699114E-02
 8.16568949E-01 -4.78325234E-02
 8.35460571E-01 -4.41492467E-02
 8.81067182E-01 -3.26625249E-02
 9.72676511E-01  2.38011815E-03
 1.03472172E+00  5.54723714E-02
 1.03613851E+00  1.05863668E-01
 1.02982328E+00  1.39470148E-01
 1.07935763E+00  1.43267029E-01
 1.16417613E+00  1.18414833E-01
 1.22365262E+00  8.21121889E-02
 1.24292623E+00  4.21714179E-02
 1.21827421E+00  1.90983337E-03
 1.17134644E+00 -3.00766774E-02
 1.15555212E+00 -4.91980179E-02
 1.14760910E+00 -4.76807658E-02
 1.08937640E+00 -1.63119848E-02
 1.01965365E+00  3.68384707E-02
 1.00064896E+00  9.32772876E-02
 1.02095440E+00  1.38175877E-01
 1.05911470E+00  1.58841830E-01
 1.11569483E+00  1.53530936E-01
 1.17223617E+00  1.32981888E-01
 1.20309053E+00  1.01793355E-01
 1.20033563E+00  6.20342387E-02
 1.17419995E+00  2.25775906E-02
 1.14744186E+00 -8.75093201E-03
 1.13355939E+00 -2.23066202E-02
 1.13444676E+00 -9.26203591E-03
 1.14571258E+00  2.07995474E-02
 1.15222527E+00  4.66697522E-02
 1.14825430E+00  5.42782619E-02
 1.13947276E+00  3.69974569E-02
 1.12644503E+00  4.09231092E-03
 1.11176057E+00 -1.95633370E-02
 1.09617043E+00 -2.17128143E-02
 1.07497769E+00 -3.67624403E-03
 1.05302845E+00  2.61916761E-02
 1.04041698E+00  4.75408093E-02
 1.04268838E+00  5.02588672E-02
 1.06342808E+00  3.87522714E-02
 1.09765102E+00  1.85682567E-02
 1.13169907E+00  1.75017986E-03
 1.15704664E+00 -4.52498916E-03
 1.17005684E+00 -3.83158993E-03
 1.17074783E+00  1.06811493E-03
 1.16567536E+00  5.08810642E-03
 1.15764076E+00  4.88656039E-03
 1.14515762E+00  3.41098416E-03
 1.12930033E+00  2.09392048E-03
 1.11032297E+00  2.25349810E-03
 1.09077591E+00  4.71712463E-03
 1.07661985E+00  7.14001962E-03
 1.06963151E+00  8.77815629E-03
 1.06913583E+00  9.97855889E-03
 1.07481780E+00  1.05912408E-02
 1.08435840E+00  1.15491013E-02
 1.09570656E+00  1.28665563E-02
 1.10774538E+00  1.34558808E-02
 1.11740675E+00  1.29921145E-02
 1.12152845E+00  1.11415600E-02
 1.11939908E+00  7.57067587E-03
 1.11151863E+00  2.52803798E-03
 1.09889330E+00 -3.92622722E-03
 1.08353336E+00 -1.16988854E-02
 1.06740883E+00 -1.99530400E-02
 1.05223778E+00 -2.75386955E-02
 1.04085209E+00 -3.33668820E-02
 1.03589488E+00 -3.64227948E-02
 1.03749386E+00 -3.62641200E-02
 1.04391397E+00 -3.31127340E-02
 1.05243620E+00 -2.73259327E-02
 1.05873537E+00 -1.96965969E-02
 1.05748337E+00 -1.19086634E-02
 1.04386565E+00 -6.08926931E-03
 1.01493228E+00 -4.38714233E-03
 9.72657918E-01 -8.54130079E-03
 9.28724394E-01 -1.87854725E-02
 9.00971978E-01 -3.38848918E-02
 9.02238736E-01 -5.22926345E-02
 9.36339956E-01 -7.17869833E-02
 9.91817551E-01 -8.91040970E-02
 1.04376063E+00 -1.00488780E-01
 1.07491784E+00 -1.01368294E-01
 1.07873261E+00 -8.69882302E-02
 1.05842721E+00 -5.42700366E-02
 1.03077069E+00 -2.64782188E-03
 1.00676495E+00  6.47419513E-02
 9.91226507E-01  1.38708365E-01
 9.96368369E-01  2.01702951E-01
 1.03053297E+00  2.32352538E-01
 1.09429346E+00  2.16854361E-01
 1.17476849E+00  1.56274559E-01
 1.21975153E+00  7.68359703E-02
 1.17789059E+00  2.20135901E-02
 1.09666631E+00  1.72200386E-02
 1.06011494E+00  5.81082903E-02
 1.03212739E+00  9.81911050E-02
 9.48298262E-01  8.36379200E-02
 8.81141958E-01  7.59191098E-02
 9.10030737E-01  1.70044748E-01
 9.52420518E-01  2.65319492E-01
 8.90965196E-01  2.03723673E-01
 7.30464284E-01  3.65973662E-02
 5.40549010E-01 -1.12456903E-01
 4.48432987E-01 -2.05574458E-01
 5.88609478E-01 -2.05142145E-01
 8.06712817E-01 -1.27325550E-01
 8.15410170E-01 -7.02357311E-02
 7.12322350E-01 -4.00153756E-02
 7.38154524E-01  8.05431822E-03
 8.27539842E-01  3.85044853E-02
 8.70347300E-01  1.96550716E-02
 8.78491383E-01 -3.72593061E-02
 8.16279600E-01 -1.21208811E-01
 7.02258548E-01 -1.82719078E-01
 6.48807347E-01 -1.58539319E-01
 6.80339321E-01 -8.18684753E-02
 7.50118807E-01 -3.32251939E-02
 7.73369442E-01 -1.30719211E-02
 6.50046436E-01  3.85454131E-03
 4.91326837E-01  4.86457502E-03
 5.16592217E-01 -5.24724266E-03
 6.79123221E-01 -1.11164158E-02
 8.25540754E-01 -7.28719868E-03
 9.66240473E-01  4.36044106E-02
 1.09461411E+00  1.60551775E-01
 1.11231263E+00  2.27981040E-01
 9.86007765E-01  1.11322604E-01
 7.82384774E-01 -8.37679475E-02
 5.97436037E-01 -1.64709414E-01
 4.79864945E-01 -1.88061999E-01
 4.34156347E-01 -2.76881337E-01
 4.25583525E-01 -3.62045368E-01
 3.93005610E-01 -3.68732819E-01
 3.89790645E-01 -3.32809944E-01
 5.19646422E-01 -2.71774785E-01
 7.00333985E-01 -1.71325372E-01
 7.91361427E-01 -4.66118422E-02
 8.14715200E-01  6.76034166E-02
 8.21675037E-01  1.36774959E-01
 7.76462323E-01  1.30934621E-01
 6.70132277E-01  4.81371812E-02
 5.60572216E-01 -3.75724824E-02
 4.98103991E-01 -3.59568335E-02
 4.97652363E-01 -3.07282727E-03
 5.41039525E-01 -5.39950638E-02
 5.44485705E-01 -1.39078021E-01
 4.19075018E-01 -1.63502420E-01
 2.54959203E-01 -1.66465808E-01
 2.22615987E-01 -1.95999645E-01
 2.86213109E-01 -2.25242270E-01
 3.36555370E-01 -2.32954930E-01
 4.12764142E-01 -1.99915032E-01
 5.50763890E-01 -1.03115311E-01
 6.98063930E-01 -8.91350151E-03
 8.21558085E-01 -1.11869979E-02
 9.06391605E-01 -4.48257690E-02
 9.22528086E-01  9.15423917E-03
 8.57589524E-01  9.99740238E-02
 7.45733822E-01  1.29552511E-01
 6.99543623E-01  1.13622234E-01
 8.23774344E-01  8.69592139E-02
 9.98017934E-01  8.80231858E-02
 1.00558734E+00  1.69749636E-01
 8.85065271E-01  2.32140538E-01
 7.86788739E-01  1.23395640E-01
 7.31257430E-01 -3.07177032E-02
 7.40064877E-01 -1.99547308E-02
 8.10356450E-01  5.48152487E-02
 8.44305024E-01  2.44689839E-02
 8.21923381E-01 -9.66745204E-03
 7.89380963E-01  6.78545845E-02
 7.65386057E-01  1.42216239E-01
 7.84282445E-01  1.06946107E-01
 8.33505718E-01  7.92194337E-02
 8.48643120E-01  1.75023340E-01
 8.38712157E-01  2.26557486E-01
 8.38008522E-01  3.92081007E-02
 8.20177169E-01 -1.91555708E-01
 7.64341272E-01 -1.81464634E-01
 6.92487480E-01 -5.87792918E-02
 6.26546377E-01 -6.56763864E-02
 5.74649598E-01 -1.69444373E-01
 5.46593742E-01 -2.86415067E-01
 5.50450377E-01 -3.48215573E-01
 5.85170506E-01 -2.20981926E-01
 6.50659428E-01  8.79277709E-03
 7.46486935E-01  1.11342126E-01
 8.61253129E-01  1.37328952E-01
 9.77830184E-01  2.14243152E-01
 1.07793840E+00  2.10953288E-01
 1.14397255E+00  1.98924022E-02
 1.17120198E+00 -1.69400021E-01
 1.16748988E+00 -1.49426816E-01
 1.14118690E+00 -3.00594459E-02
 1.10610380E+00 -7.89451611E-03
 1.08613474E+00 -2.26313852E-02
 1.08396970E+00  2.92206754E-02
 1.03079928E+00  7.84584163E-02
 8.60911122E-01  7.41530204E-02
 6.88394949E-01  5.48513617E-02
 6.95004300E-01  4.55802214E-02
 8.54216717E-01  7.81308869E-02
 1.03066546E+00  1.80410705E-01
 1.13252322E+00  2.51930499E-01
 1.06883645E+00  1.60291510E-01
 9.11190867E-01  6.16306401E-03
 8.66709171E-01 -2.24350639E-02
 9.32399299E-01  2.77499906E-02
 9.85350949E-01  3.10782207E-02
 9.79131500E-01 -2.54719035E-02
 8.64162987E-01 -1.49025570E-01
 7.32183974E-01 -2.75787552E-01
 7.82011367E-01 -2.60356129E-01
 9.32122618E-01 -1.30095920E-01
 9.79237672E-01 -2.21898397E-02
 9.68201157E-01  2.22692872E-02
