# x =
 2.49374167E+01
# y =
 3.25097170E+00
 VARIABLES = u,v
 1.16722846E+00  9.32496866E-03
 1.16725930E+00  1.05416233E-02
 1.16729532E+00  9.00126015E-03
 1.16733353E+00  5.65861482E-03
 1.16737055E+00  2.91745994E-03
 1.16740259E+00  2.09774479E-03
 1.16742522E+00  3.04095807E-03
 1.16743683E+00  5.11684200E-03
 1.16743778E+00  6.71770143E-03
 1.16742745E+00  7.05329041E-03
 1.16740457E+00  6.62689120E-03
 1.16736600E+00  5.80057995E-03
 1.16730662E+00  5.29351076E-03
 1.16722346E+00  5.47592092E-03
 1.16711552E+00  5.85138816E-03
 1.16698267E+00  6.21517929E-03
 1.16682671E+00  6.39522702E-03
 1.16664936E+00  6.23055139E-03
 1.16645212E+00  5.98488199E-03
 1.16623889E+00  5.75695232E-03
 1.16601490E+00  5.51613209E-03
 1.16578617E+00  5.32519322E-03
 1.16555993E+00  5.11738886E-03
 1.16534274E+00  4.87361228E-03
 1.16514050E+00  4.67223025E-03
 1.16495976E+00  4.53424123E-03
 1.16480681E+00  4.49542326E-03
 1.16468713E+00  4.58711521E-03
 1.16460511E+00  4.78866766E-03
 1.16456198E+00  5.08411917E-03
 1.16455497E+00  5.44357592E-03
 1.16457692E+00  5.79962240E-03
 1.16461703E+00  6.07449491E-03
 1.16466448E+00  6.18723446E-03
 1.16471068E+00  6.06560102E-03
 1.16475159E+00  5.68033359E-03
 1.16478939E+00  5.04744206E-03
 1.16482995E+00  4.20541580E-03
 1.16488532E+00  3.23416255E-03
 1.16497846E+00  2.27731585E-03
 1.16513867E+00  1.51619453E-03
 1.16539420E+00  1.14092255E-03
 1.16576637E+00  1.31564022E-03
 1.16625714E+00  2.10284389E-03
 1.16684676E+00  3.45540660E-03
 1.16750414E+00  5.27498513E-03
 1.16817949E+00  7.37092745E-03
 1.16879448E+00  9.41336253E-03
 1.16925445E+00  1.09975125E-02
 1.16946195E+00  1.17081420E-02
 1.16933289E+00  1.12075612E-02
 1.16883086E+00  9.42205386E-03
 1.16797200E+00  6.56355817E-03
 1.16680094E+00  3.00026947E-03
 1.16541058E+00 -6.39283492E-04
 1.16396493E+00 -3.35223002E-03
 1.16267111E+00 -4.04422257E-03
 1.16174969E+00 -1.95977213E-03
 1.16139595E+00  2.90127012E-03
 1.16169740E+00  9.06845199E-03
 1.16262498E+00  1.40040142E-02
 1.16409455E+00  1.57929289E-02
 1.16592145E+00  1.36134771E-02
 1.16776929E+00  8.37694115E-03
 1.16922071E+00  2.70067248E-03
 1.16985137E+00 -1.64695140E-03
 1.16932815E+00 -3.93931988E-03
 1.16761452E+00 -3.87769801E-03
 1.16499552E+00 -2.25324400E-03
 1.16193364E+00  7.54946186E-04
 1.15918409E+00  5.51837136E-03
 1.15792317E+00  1.09509148E-02
 1.15936695E+00  1.54527313E-02
 1.16415511E+00  1.75279672E-02
 1.17178558E+00  1.57773335E-02
 1.17968310E+00  1.08271510E-02
 1.18390966E+00  4.96670521E-03
 1.18180277E+00 -2.13486008E-04
 1.17291231E+00 -3.52633496E-03
 1.16024162E+00 -4.28613791E-03
 1.14977535E+00 -2.94961858E-03
 1.14554715E+00  5.70386236E-04
 1.14868836E+00  6.44837893E-03
 1.15737939E+00  1.30576083E-02
 1.16640952E+00  1.80578208E-02
 1.17270096E+00  1.93908456E-02
 1.17601528E+00  1.55566899E-02
 1.17668740E+00  7.65599399E-03
 1.17689610E+00 -1.02933615E-03
 1.17708534E+00 -8.12511579E-03
 1.17524065E+00 -1.19987740E-02
 1.17050259E+00 -1.17074586E-02
 1.16219031E+00 -7.88666618E-03
 1.15089264E+00 -6.55610741E-04
 1.13989343E+00  9.79351911E-03
 1.13309509E+00  2.05352852E-02
 1.13448188E+00  2.75383942E-02
 1.14640245E+00  2.75454222E-02
 1.16708599E+00  1.87482770E-02
 1.18923788E+00  3.98783847E-03
 1.20194118E+00 -1.01238318E-02
 1.19761606E+00 -1.88592189E-02
 1.17508925E+00 -1.96517028E-02
 1.14265550E+00 -1.25779606E-02
 1.11666888E+00 -1.47792258E-03
 1.10804941E+00  1.12086415E-02
 1.11948552E+00  2.39548117E-02
 1.14541873E+00  3.22181331E-02
 1.17089577E+00  3.16697855E-02
 1.18685014E+00  1.99339649E-02
 1.19214959E+00 -1.67440045E-03
 1.18731480E+00 -2.10397807E-02
 1.17843438E+00 -2.37684382E-02
 1.16806522E+00 -1.59426124E-02
 1.15383149E+00 -1.21262985E-02
 1.13927724E+00 -5.01912439E-03
 1.12930435E+00  1.55897573E-02
 1.12808732E+00  3.32393016E-02
 1.14008303E+00  2.95899262E-02
 1.16043152E+00  1.45142159E-02
 1.17742080E+00  5.01200108E-03
 1.18388645E+00 -3.59753296E-05
 1.17673982E+00 -4.68356673E-03
 1.16007657E+00 -6.21631734E-03
 1.14593805E+00 -6.29371457E-03
 1.14054446E+00 -6.45970063E-03
 1.14370346E+00 -3.97156074E-03
 1.15271448E+00  5.60308744E-04
 1.15955811E+00  4.76130408E-03
 1.16057605E+00  6.96488577E-03
 1.15832403E+00  4.95823180E-03
 1.15454786E+00 -2.92243756E-05
 1.15288584E+00 -3.84297211E-03
 1.15512361E+00 -4.49074091E-03
 1.15869599E+00 -1.44039107E-03
 1.16242629E+00  4.10041903E-03
 1.16518865E+00  8.37477201E-03
 1.16589577E+00  9.58134315E-03
 1.16559432E+00  8.07839754E-03
 1.16464428E+00  4.40286426E-03
 1.16292400E+00  4.75770206E-04
 1.16083647E+00 -2.56204494E-03
 1.15826552E+00 -4.98169253E-03
 1.15551955E+00 -6.06867064E-03
 1.15347717E+00 -5.14537239E-03
 1.15272590E+00 -1.88745457E-03
 1.15378314E+00  3.98038605E-03
 1.15671947E+00  1.06176316E-02
 1.16089100E+00  1.47870593E-02
 1.16541208E+00  1.44211612E-02
 1.16890670E+00  8.88741751E-03
 1.16922081E+00  3.62777908E-04
 1.16423935E+00 -6.43563013E-03
 1.15309865E+00 -8.52817308E-03
 1.13727128E+00 -5.24174830E-03
 1.12233875E+00  1.79796878E-03
 1.11639830E+00  8.21960019E-03
 1.12450494E+00  1.14173206E-02
 1.14648168E+00  1.11317204E-02
 1.17404828E+00  7.62544055E-03
 1.19242045E+00  2.87512610E-03
 1.19200010E+00 -1.99897256E-03
 1.17130274E+00 -7.11199706E-03
 1.13843703E+00 -1.06698702E-02
 1.11101943E+00 -1.05237841E-02
 1.10021974E+00 -5.32509460E-03
 1.10781746E+00  5.36324861E-03
 1.12928876E+00  1.77889161E-02
 1.15131676E+00  2.53058451E-02
 1.16605645E+00  2.37543192E-02
 1.17346155E+00  1.22608865E-02
 1.17260245E+00 -4.73075334E-03
 1.16631288E+00 -1.78759239E-02
 1.15582907E+00 -2.13903426E-02
 1.13956979E+00 -1.43811406E-02
 1.12482005E+00 -3.76410784E-04
 1.12214095E+00  1.18461855E-02
 1.13624096E+00  1.71481835E-02
 1.16459417E+00  1.55369438E-02
 1.18632417E+00  8.73520647E-03
 1.17708190E+00  2.05848664E-03
 1.15533302E+00 -1.73319286E-03
 1.15562727E+00 -3.87731087E-03
 1.15870508E+00 -4.30390483E-03
 1.13338845E+00 -3.75442990E-03
 1.10812445E+00 -2.31903312E-03
 1.11875541E+00  1.77813650E-03
 1.14577796E+00  7.23858684E-03
 1.16009527E+00  1.11023708E-02
 1.16685854E+00  1.15605099E-02
 1.17330252E+00  7.20856133E-03
 1.17338206E+00 -2.68253461E-04
 1.16853171E+00 -6.33578515E-03
 1.16217149E+00 -8.46393215E-03
 1.15199543E+00 -6.01556343E-03
 1.13978837E+00 -2.05205863E-04
 1.12999183E+00  5.15103655E-03
 1.12612408E+00  7.97697127E-03
 1.13168966E+00  8.31138941E-03
 1.14466725E+00  6.29245939E-03
 1.15830964E+00  3.37628792E-03
 1.16831499E+00  2.65747237E-04
 1.17202484E+00 -3.55847919E-03
 1.16897126E+00 -7.06997289E-03
 1.16247703E+00 -8.82579482E-03
 1.15391693E+00 -7.75252859E-03
 1.14347285E+00 -2.89017751E-03
 1.13460429E+00  4.33066709E-03
 1.13106677E+00  1.06132403E-02
 1.13590466E+00  1.36974438E-02
 1.15072417E+00  1.22835229E-02
 1.16976621E+00  6.70289413E-03
 1.18231493E+00 -5.77926775E-04
 1.18156757E+00 -7.78948469E-03
 1.16565660E+00 -1.35791729E-02
 1.14080567E+00 -1.53735402E-02
 1.12098349E+00 -1.12082892E-02
 1.11461974E+00 -6.22455694E-04
 1.12300819E+00  1.40498548E-02
 1.14212607E+00  2.36351964E-02
 1.16064569E+00  1.88484861E-02
 1.17194154E+00  6.94999570E-03
 1.17592404E+00  1.71080865E-03
 1.17259643E+00 -2.60676569E-03
 1.16555302E+00 -1.58075829E-02
 1.15644729E+00 -2.45091782E-02
 1.14363280E+00 -1.35685324E-02
 1.13086108E+00  6.47626670E-03
 1.12374536E+00  1.86102993E-02
 1.12621892E+00  2.15809911E-02
 1.14096411E+00  1.76039082E-02
 1.16210197E+00  6.98220762E-03
 1.17724691E+00 -3.47327665E-03
 1.17891286E+00 -8.71600515E-03
 1.16516605E+00 -9.38374621E-03
 1.14230400E+00 -6.43310019E-03
 1.12506418E+00 -2.77757079E-03
 1.12175163E+00  2.18568522E-04
 1.13242935E+00  4.01981195E-03
 1.15170458E+00  7.55008177E-03
 1.16665080E+00  9.12724230E-03
 1.17012509E+00  7.58824817E-03
 1.16353220E+00  1.42325318E-03
 1.15038956E+00 -7.09747334E-03
 1.13916180E+00 -1.29237704E-02
 1.13469350E+00 -1.31179082E-02
 1.13522892E+00 -6.70006306E-03
 1.13981839E+00  3.79341834E-03
 1.14567546E+00  1.21668111E-02
 1.15103015E+00  1.48402115E-02
 1.15735586E+00  1.13837257E-02
 1.16285954E+00  3.46725693E-03
 1.16445941E+00 -4.07745609E-03
 1.16028906E+00 -8.45988656E-03
 1.14876139E+00 -9.76029706E-03
 1.13314624E+00 -7.98451526E-03
 1.12065238E+00 -4.61161919E-03
 1.11600562E+00 -3.53541785E-04
 1.12140226E+00  5.48588974E-03
 1.13494041E+00  1.12917947E-02
 1.14994437E+00  1.46032471E-02
 1.16208974E+00  1.36723337E-02
 1.16953556E+00  7.24663519E-03
 1.17045335E+00 -2.40219879E-03
 1.16541620E+00 -1.02230484E-02
 1.15436659E+00 -1.29895938E-02
 1.13709539E+00 -9.43631945E-03
 1.11912345E+00 -1.16490475E-03
 1.10862459E+00  6.95553193E-03
 1.11148224E+00  1.20693182E-02
 1.13019263E+00  1.36244370E-02
 1.15798237E+00  1.16008082E-02
 1.18060213E+00  7.91030259E-03
 1.18879468E+00  3.36592094E-03
 1.17963080E+00 -2.58151395E-03
 1.15787189E+00 -8.29905740E-03
 1.13697063E+00 -1.16130324E-02
 1.12467472E+00 -1.08032871E-02
 1.12165666E+00 -4.48248622E-03
 1.12668952E+00  5.09931908E-03
 1.13324817E+00  1.29836868E-02
 1.13868214E+00  1.59824131E-02
 1.14574637E+00  1.27441101E-02
 1.15349493E+00  4.87949404E-03
 1.16083650E+00 -2.71474042E-03
 1.16588275E+00 -7.24295944E-03
 1.16407902E+00 -8.24986849E-03
 1.15568032E+00 -5.92984078E-03
 1.14444522E+00 -2.47576888E-03
 1.13296307E+00  1.20053562E-03
 1.12480271E+00  5.81525582E-03
 1.12292944E+00  1.02868953E-02
 1.12791570E+00  1.32574425E-02
 1.14035242E+00  1.34937988E-02
 1.15844968E+00  9.53289491E-03
 1.17371838E+00  2.75119637E-03
 1.17543527E+00 -3.40882286E-03
 1.15909379E+00 -6.73784682E-03
 1.13059770E+00 -5.99620823E-03
 1.11423651E+00 -1.87975559E-03
 1.13425470E+00  2.60006894E-03
 1.16262126E+00  5.78815985E-03
 1.15284316E+00  7.25460976E-03
 1.13197430E+00  6.32083425E-03
 1.14748171E+00  3.37919997E-03
 1.16715986E+00 -1.31362564E-03
 1.14674426E+00 -7.40938758E-03
 1.11391783E+00 -1.15023147E-02
 1.10631036E+00 -9.27373942E-03
 1.11710140E+00  3.53733019E-04
 1.13598342E+00  1.36931267E-02
 1.16287780E+00  1.82904637E-02
 1.18434805E+00  1.82140373E-03
 1.18702823E+00 -2.27765170E-02
 1.16919657E+00 -3.13290393E-02
 1.13433951E+00 -2.77477060E-02
 1.09296080E+00 -2.27890704E-02
 1.05639390E+00  2.65690811E-03
 1.03672235E+00  6.35146223E-02
 1.05648751E+00  1.28064881E-01
 1.12760690E+00  1.50446444E-01
 1.21400116E+00  1.17049516E-01
 1.25634430E+00  3.63629175E-02
 1.23237363E+00 -5.92220862E-02
 1.15248117E+00 -1.16061214E-01
 1.05619326E+00 -1.24143750E-01
 1.00547665E+00 -1.08263986E-01
 9.97912635E-01 -6.79064808E-02
 9.92289595E-01 -7.54979486E-03
 1.02262467E+00  4.56332850E-02
 1.12534826E+00  7.24434340E-02
 1.23172612E+00  5.86752754E-02
 1.25859770E+00  5.66076560E-04
 1.21582257E+00 -6.64676877E-02
 1.14803911E+00 -9.27622424E-02
 1.07517390E+00 -7.74096941E-02
 1.02586907E+00 -4.83928672E-02
 1.01020846E+00 -1.09622651E-02
 1.00630755E+00  2.80140497E-02
 1.03364734E+00  5.53650050E-02
 1.11833618E+00  7.18703372E-02
 1.20912449E+00  6.82608364E-02
 1.24260176E+00  3.28117312E-02
 1.23524056E+00 -1.54758820E-02
 1.22522176E+00 -4.96068432E-02
 1.19263837E+00 -7.00916123E-02
 1.11948918E+00 -8.41787415E-02
 1.05061516E+00 -7.66165722E-02
 1.02986677E+00 -3.61748822E-02
 1.03824826E+00  1.45563210E-02
 1.04488412E+00  4.59190017E-02
 1.07234835E+00  5.47925973E-02
 1.14364791E+00  4.89571334E-02
 1.21102279E+00  3.05836427E-02
 1.21927301E+00  8.27689539E-03
 1.19029578E+00 -1.05038687E-02
 1.16843627E+00 -2.64411759E-02
 1.14769635E+00 -3.39393990E-02
 1.11692759E+00 -2.75417979E-02
 1.09232472E+00 -1.39680247E-02
 1.08176564E+00 -2.52809638E-03
 1.08760025E+00  3.87905660E-03
 1.11414546E+00  4.74303941E-03
 1.13862291E+00 -2.76754339E-04
 1.13157409E+00 -6.69169016E-03
 1.11272173E+00 -5.19874827E-03
 1.12089331E+00  9.87634782E-03
 1.14950041E+00  2.79961863E-02
 1.17587413E+00  3.04686655E-02
 1.19526064E+00  1.48880409E-02
 1.19496386E+00 -1.04449868E-02
 1.16144416E+00 -3.75690617E-02
 1.10313723E+00 -5.21141245E-02
 1.04989755E+00 -4.41213707E-02
 1.03756590E+00 -1.73274237E-02
 1.06832097E+00  1.28935938E-02
 1.11650947E+00  2.60826262E-02
 1.16439731E+00  2.29764241E-02
 1.19287744E+00  1.84035418E-02
 1.19293530E+00  7.71012334E-03
 1.17850729E+00 -1.45390300E-02
 1.15800873E+00 -3.06783193E-02
 1.13517197E+00 -2.51673740E-02
 1.11168336E+00 -7.52227800E-03
 1.08527860E+00  5.60812719E-03
 1.08213618E+00  1.37102704E-02
 1.13034772E+00  1.92946627E-02
 1.18753822E+00  1.44800481E-02
 1.19127907E+00 -2.55922517E-03
 1.16289548E+00 -1.77053585E-02
 1.15290434E+00 -1.62928876E-02
 1.15199923E+00 -2.41539462E-03
 1.14378023E+00  9.65560872E-03
 1.13937160E+00  1.33692350E-02
 1.13851979E+00  6.06097500E-03
 1.14195271E+00 -4.82866910E-03
 1.15949766E+00 -2.98195256E-03
 1.17613775E+00  6.20169393E-03
 1.16951562E+00  6.29320088E-03
 1.15226903E+00  2.60938206E-03
 1.14787417E+00  4.31123329E-03
 1.15188751E+00  6.33414733E-03
 1.15381308E+00  5.45571745E-03
 1.15698287E+00  4.70203162E-03
 1.16096304E+00  4.68998536E-03
 1.16190901E+00  4.30576153E-03
 1.16190293E+00  3.50381529E-03
 1.16225834E+00  2.61342496E-03
 1.16263164E+00  1.78459236E-03
 1.16319526E+00  1.11116405E-03
 1.16291581E+00  7.68913057E-04
 1.16140561E+00  9.03087364E-04
 1.15922607E+00  1.55426509E-03
 1.15667035E+00  2.80243412E-03
 1.15460547E+00  4.73627454E-03
 1.15414156E+00  7.38136145E-03
 1.15600741E+00  1.06505948E-02
 1.16057482E+00  1.41192859E-02
 1.16716488E+00  1.68741098E-02
 1.17324788E+00  1.73879623E-02
 1.17526834E+00  1.39733252E-02
 1.17080739E+00  6.02661573E-03
 1.15950661E+00 -5.20333548E-03
 1.14433579E+00 -1.56556516E-02
 1.13114815E+00 -1.94645113E-02
 1.12437465E+00 -1.29933671E-02
 1.12626477E+00  3.52720296E-03
 1.13685170E+00  2.41833073E-02
 1.15291138E+00  3.84744946E-02
 1.17147591E+00  3.95472918E-02
 1.18936899E+00  2.63840289E-02
 1.19974005E+00  4.85121306E-03
 1.19573954E+00 -1.24746404E-02
 1.17488745E+00 -1.78099383E-02
 1.14238339E+00 -1.04091250E-02
 1.11935730E+00  5.42862674E-03
 1.12729877E+00  1.89392249E-02
 1.14711706E+00  2.40571694E-02
 1.14487049E+00  2.15773809E-02
 1.13987909E+00  1.36104707E-02
 1.16441191E+00  6.16263248E-03
 1.18985422E+00  2.28345085E-03
 1.17918009E+00 -2.93702453E-05
 1.15339911E+00 -7.83933173E-04
 1.14403207E+00 -5.03831537E-04
 1.14657893E+00  7.24876965E-04
 1.15309895E+00  4.99599591E-03
 1.16582351E+00  1.08753959E-02
 1.17695617E+00  1.48321459E-02
 1.17930477E+00  1.48849350E-02
 1.17499355E+00  9.66695565E-03
 1.16643773E+00  1.20291320E-03
 1.15773165E+00 -5.24590799E-03
 1.15147973E+00 -6.81297108E-03
 1.14640950E+00 -3.05007030E-03
 1.14345603E+00  4.16354482E-03
 1.14382722E+00  9.90030775E-03
 1.14801314E+00  1.15010316E-02
 1.15708027E+00  9.30279829E-03
 1.16814545E+00  4.67547428E-03
 1.17553120E+00  1.06863142E-03
 1.17569200E+00  3.12809008E-04
 1.16726191E+00  1.57951987E-03
 1.15359789E+00  3.99724414E-03
 1.14250953E+00  5.72646121E-03
 1.13874806E+00  5.76973426E-03
 1.14323667E+00  5.00876594E-03
 1.15327275E+00  3.94634916E-03
 1.16171466E+00  3.26628067E-03
 1.16467175E+00  3.42016476E-03
 1.16259769E+00  3.79898827E-03
 1.15726451E+00  4.13286544E-03
 1.15333691E+00  4.30209896E-03
 1.15307521E+00  4.12142368E-03
 1.15493421E+00  3.86226765E-03
 1.15780666E+00  3.64935786E-03
 1.15955331E+00  3.43754056E-03
 1.15907292E+00  3.29577444E-03
 1.15783839E+00  3.16845188E-03
 1.15651410E+00  3.03907014E-03
 1.15570350E+00  2.99919779E-03
 1.15598293E+00  3.08296221E-03
 1.15667033E+00  3.33410569E-03
 1.15751993E+00  3.78320898E-03
 1.15861005E+00  4.39756222E-03
 1.15973084E+00  5.14551535E-03
 1.16101684E+00  5.97632370E-03
 1.16239167E+00  6.79599983E-03
 1.16345510E+00  7.49860669E-03
 1.16396197E+00  7.97087264E-03
 1.16364685E+00  8.11006724E-03
 1.16237596E+00  7.87154522E-03
 1.16028660E+00  7.27048376E-03
 1.15754122E+00  6.35468361E-03
 1.15442434E+00  5.22991283E-03
 1.15145117E+00  4.08498915E-03
 1.14921801E+00  3.15547455E-03
 1.14833495E+00  2.68047186E-03
 1.14929645E+00  2.84988310E-03
 1.15217710E+00  3.69855389E-03
 1.15660729E+00  5.09062213E-03
 1.16196246E+00  6.79481876E-03
 1.16719719E+00  8.42269051E-03
 1.17067509E+00  9.35609576E-03
 1.17064801E+00  8.93569633E-03
 1.16602017E+00  6.76235697E-03
 1.15706330E+00  2.97447577E-03
 1.14660782E+00 -1.28608239E-03
 1.13924349E+00 -4.19370241E-03
 1.13819043E+00 -4.47983918E-03
 1.14428831E+00 -1.83978635E-03
 1.15465100E+00  2.52674520E-03
 1.16310940E+00  6.09907610E-03
 1.16578862E+00  7.26367479E-03
 1.16206417E+00  5.70674807E-03
 1.15431479E+00  2.34000078E-03
 1.14839490E+00 -5.05366162E-04
 1.14748463E+00 -1.53670671E-03
 1.15110437E+00 -8.74091380E-04
 1.15753493E+00  9.33585295E-04
 1.16261895E+00  2.40824027E-03
 1.16418183E+00  2.86404154E-03
 1.16323758E+00  2.85274448E-03
 1.16058942E+00  2.74399160E-03
 1.15805502E+00  3.20332475E-03
 1.15666001E+00  4.53577670E-03
 1.15542771E+00  6.16764298E-03
 1.15426681E+00  7.74552540E-03
 1.15325140E+00  8.91288323E-03
 1.15248487E+00  9.31444424E-03
 1.15299094E+00  9.03229334E-03
 1.15502312E+00  8.09467038E-03
 1.15812180E+00  6.51805185E-03
 1.16182536E+00  4.46683190E-03
 1.16498506E+00  2.08062336E-03
 1.16604607E+00 -3.08816020E-04
 1.16365369E+00 -2.19718695E-03
 1.15707526E+00 -3.13107328E-03
 1.14710079E+00 -2.73429638E-03
 1.13717041E+00 -9.22226632E-04
 1.13233204E+00  2.02404449E-03
 1.13596492E+00  5.64428939E-03
 1.14849109E+00  9.16692299E-03
 1.16568100E+00  1.13567982E-02
 1.17937833E+00  1.09046060E-02
 1.18400773E+00  7.02862568E-03
 1.17790595E+00  2.57973147E-05
 1.16357801E+00 -7.80509330E-03
 1.14830016E+00 -1.28103067E-02
 1.13678401E+00 -1.24732096E-02
 1.13036652E+00 -6.24439259E-03
 1.13010116E+00  3.36125914E-03
 1.13452700E+00  1.11523538E-02
 1.14330381E+00  1.37780882E-02
 1.15729575E+00  1.05471307E-02
 1.17254247E+00  3.32504407E-03
 1.18303871E+00 -3.06579152E-03
 1.18424047E+00 -5.83775824E-03
 1.17341231E+00 -4.96559675E-03
 1.15519579E+00 -1.16845041E-03
 1.14009844E+00  2.92570541E-03
 1.13465772E+00  5.97290345E-03
 1.14087940E+00  8.57705113E-03
 1.15497385E+00  1.00702162E-02
 1.16661135E+00  9.88365093E-03
 1.17031915E+00  7.55520709E-03
 1.16653928E+00  2.28168598E-03
 1.15783000E+00 -4.08835558E-03
 1.15116356E+00 -8.02077616E-03
 1.14987344E+00 -7.38333215E-03
 1.15184079E+00 -1.46386865E-03
 1.15556890E+00  7.37272713E-03
 1.15793874E+00  1.39343087E-02
 1.15735759E+00  1.51616753E-02
 1.15592783E+00  1.06678957E-02
 1.15447524E+00  2.61154050E-03
 1.15370313E+00 -3.84908800E-03
 1.15426784E+00 -5.78500641E-03
 1.15501858E+00 -3.39562396E-03
 1.15553441E+00  1.73408685E-03
 1.15596774E+00  5.72688271E-03
 1.15609024E+00  6.49517427E-03
 1.15625418E+00  4.80943067E-03
 1.15664776E+00  1.67953486E-03
 1.15706826E+00 -6.81460381E-04
 1.15755562E+00 -1.09675392E-03
 1.15806298E+00 -5.01947317E-04
 1.15849804E+00  5.39713448E-04
 1.15891373E+00  1.16727538E-03
 1.15929542E+00  8.53529649E-04
 1.15961174E+00  3.12767471E-04
 1.15987607E+00 -1.54903099E-04
 1.16007516E+00 -3.97126320E-04
 1.16020061E+00 -2.10144722E-04
 1.16025877E+00  5.72368746E-05
 1.16024928E+00  2.62593280E-04
 1.16017739E+00  4.75619834E-04
 1.16005644E+00  6.33705411E-04
 1.15990234E+00  8.37648039E-04
 1.15973332E+00  1.14754646E-03
 1.15956922E+00  1.49578563E-03
 1.15943004E+00  1.88907072E-03
 1.15933356E+00  2.31323872E-03
 1.15929389E+00  2.73522775E-03
 1.15931841E+00  3.16473680E-03
 1.15940309E+00  3.58964224E-03
 1.15952846E+00  3.98863476E-03
 1.15965461E+00  4.35398622E-03
 1.15972576E+00  4.66987906E-03
 1.15968634E+00  4.92112773E-03
 1.15949015E+00  5.09847202E-03
 1.15911363E+00  5.19253068E-03
 1.15856203E+00  5.19821229E-03
 1.15785495E+00  5.11708451E-03
 1.15703708E+00  4.95692408E-03
 1.15619805E+00  4.73328980E-03
 1.15545484E+00  4.46811168E-03
 1.15492972E+00  4.18483642E-03
 1.15472928E+00  3.90493975E-03
 1.15489519E+00  3.64299588E-03
 1.15539940E+00  3.40441567E-03
 1.15618706E+00  3.18920036E-03
 1.15715088E+00  2.98771720E-03
 1.15810054E+00  2.77389673E-03
 1.15880091E+00  2.51470925E-03
 1.15900124E+00  2.18621560E-03
 1.15848437E+00  1.78696235E-03
 1.15717934E+00  1.36269733E-03
 1.15516784E+00  1.01354793E-03
 1.15260355E+00  8.77024997E-04
 1.14976946E+00  1.14498810E-03
 1.14713422E+00  2.08654619E-03
 1.14525589E+00  3.92367065E-03
 1.14468124E+00  6.59330496E-03
 1.14580809E+00  9.55955815E-03
 1.14861015E+00  1.15394113E-02
 1.15259379E+00  1.08740010E-02
 1.15697067E+00  6.69837533E-03
 1.16049353E+00 -4.96405362E-04
 1.16127308E+00 -8.14152769E-03
 1.15742489E+00 -1.21651999E-02
 1.14820064E+00 -9.97127377E-03
 1.13496319E+00 -1.41778362E-03
 1.12271823E+00  1.03205279E-02
 1.11868271E+00  1.91497942E-02
 1.12727446E+00  2.10938109E-02
 1.14809566E+00  1.54466646E-02
 1.17331421E+00  4.72755001E-03
 1.18924747E+00 -4.99263084E-03
 1.18720162E+00 -9.94565618E-03
 1.16633267E+00 -9.67502046E-03
 1.13529260E+00 -5.04237552E-03
 1.11176122E+00  5.15119853E-04
 1.10675206E+00  5.16957938E-03
 1.12136391E+00  9.42685739E-03
 1.14882740E+00  1.23545510E-02
 1.17286250E+00  1.32860845E-02
 1.18376461E+00  1.14352923E-02
 1.18155561E+00  5.45149621E-03
 1.16902991E+00 -2.66178944E-03
 1.15532771E+00 -8.79677567E-03
 1.14529927E+00 -1.03094667E-02
 1.13683211E+00 -5.88093806E-03
 1.13102358E+00  2.38007828E-03
 1.12818770E+00  9.10871954E-03
 1.12942493E+00  1.12818699E-02
 1.13864606E+00  8.48770355E-03
 1.15325518E+00  2.37304165E-03
 1.16656889E+00 -2.54466027E-03
 1.17412480E+00 -3.94639010E-03
 1.17227746E+00 -2.43464585E-03
 1.16255378E+00  9.17581214E-04
 1.15190291E+00  3.40646434E-03
 1.14393674E+00  3.68854953E-03
 1.13969362E+00  2.80354613E-03
 1.13946522E+00  1.38024936E-03
 1.14053570E+00  5.15547506E-04
 1.14241051E+00  8.36664756E-04
 1.14683684E+00  1.49542801E-03
 1.15255311E+00  2.14294908E-03
 1.15766299E+00  2.55865733E-03
 1.16036147E+00  2.47988610E-03
 1.15826472E+00  2.31613814E-03
 1.15261087E+00  2.22465281E-03
 1.14734540E+00  2.12515148E-03
 1.14458143E+00  2.09315294E-03
 1.14526673E+00  2.00434770E-03
 1.14851732E+00  1.79385180E-03
 1.15097837E+00  1.55189433E-03
 1.15128535E+00  1.28147320E-03
 1.15006172E+00  1.01177430E-03
 1.14793301E+00  7.81410149E-04
 1.14667583E+00  5.66303743E-04
 1.14700553E+00  3.67176976E-04
 1.14789099E+00  1.89515034E-04
 1.14884736E+00  1.51524353E-05
 1.14921775E+00 -1.66230032E-04
 1.14851440E+00 -3.69006873E-04
 1.14725453E+00 -6.10314147E-04
 1.14570216E+00 -8.85650461E-04
 1.14407229E+00 -1.17526004E-03
 1.14286767E+00 -1.45627836E-03
 1.14244269E+00 -1.69479839E-03
 1.14351199E+00 -1.84394546E-03
 1.14690840E+00 -1.85248086E-03
 1.15266078E+00 -1.66720336E-03
 1.15968434E+00 -1.24557373E-03
 1.16499877E+00 -5.82275766E-04
 1.16449670E+00  2.90842313E-04
 1.15588971E+00  1.32144506E-03
 1.13995154E+00  2.42478068E-03
 1.12213275E+00  3.47497922E-03
 1.11145876E+00  4.32117177E-03
 1.11384251E+00  4.79843029E-03
 1.13009551E+00  4.75267567E-03
 1.15442224E+00  4.09247535E-03
 1.17487270E+00  2.81616876E-03
 1.18357284E+00  1.02753030E-03
 1.17878157E+00 -1.00033395E-03
 1.16390576E+00 -2.75068604E-03
 1.14871954E+00 -3.57924062E-03
 1.13898227E+00 -2.99038136E-03
 1.13487918E+00 -8.17283206E-04
 1.13611108E+00  2.50401872E-03
 1.13911381E+00  5.99679403E-03
 1.14269245E+00  8.74803075E-03
 1.14919205E+00  9.97550357E-03
 1.15696522E+00  9.04891344E-03
 1.16312852E+00  5.83444498E-03
 1.16500232E+00  5.78471926E-04
 1.15892652E+00 -5.67034342E-03
 1.14594155E+00 -1.00851054E-02
 1.13117768E+00 -8.89919464E-03
 1.11865710E+00  6.43336205E-04
 1.11293168E+00  1.93628501E-02
 1.11901081E+00  4.43969954E-02
 1.13884957E+00  6.61132463E-02
 1.17042617E+00  6.50404046E-02
 1.20354393E+00  2.58934604E-02
 1.21186200E+00 -3.04694392E-02
 1.17149887E+00 -6.45442538E-02
 1.10397593E+00 -6.96657500E-02
 1.05530247E+00 -5.51417099E-02
 1.03628758E+00 -1.87430525E-02
 1.04335177E+00  2.80603004E-02
 1.08602900E+00  5.67595811E-02
 1.15366315E+00  4.93703616E-02
 1.20650651E+00  2.12155465E-02
 1.21138779E+00  3.42344572E-03
 1.18441448E+00 -4.82873313E-03
 1.16289086E+00 -1.79942816E-02
 1.12983225E+00 -2.63056786E-02
 1.06099497E+00 -2.11752296E-02
 1.01239197E+00 -5.81270343E-03
 1.04565069E+00  1.83124272E-02
 1.12257200E+00  3.81093722E-02
 1.17401085E+00  3.47960047E-02
 1.19736286E+00  1.44215334E-02
 1.20576645E+00 -3.68857998E-03
 1.19189940E+00 -1.47304258E-02
 1.16846799E+00 -1.87491811E-02
 1.14689172E+00 -1.80996338E-02
 1.12061184E+00 -2.17728043E-02
 1.09356257E+00 -2.12021487E-02
 1.07329463E+00 -7.33755978E-04
 1.06680172E+00  2.30476626E-02
 1.08445757E+00  2.55309646E-02
 1.12004022E+00  1.67267717E-02
 1.15495401E+00  1.49316368E-02
 1.17760537E+00  1.38429011E-02
 1.18046443E+00  5.47771388E-03
 1.16605563E+00 -4.06218794E-03
 1.14942427E+00 -1.08758057E-02
 1.13731339E+00 -1.44568153E-02
 1.12943457E+00 -1.15108470E-02
 1.12686308E+00 -3.08458698E-03
 1.12580547E+00  5.37807382E-03
 1.12661800E+00  1.07221463E-02
 1.13470818E+00  1.12370758E-02
 1.14719335E+00  7.58346854E-03
 1.15796108E+00  3.75699635E-03
 1.16270106E+00  1.34162456E-03
 1.15683744E+00 -2.26144243E-04
 1.14358221E+00 -8.52826036E-04
 1.13282496E+00 -1.55248735E-03
 1.12944545E+00 -2.26900167E-03
 1.13447570E+00 -1.38117382E-03
 1.14534315E+00  7.48554902E-04
 1.15391899E+00  2.95204931E-03
 1.15646687E+00  4.50323327E-03
 1.15438975E+00  4.33115924E-03
 1.14931365E+00  2.76977992E-03
 1.14559655E+00  1.47204939E-03
 1.14536983E+00  1.07909266E-03
 1.14664034E+00  1.66320288E-03
 1.14834306E+00  2.98038130E-03
 1.14882953E+00  3.94834772E-03
 1.14707259E+00  4.18189088E-03
 1.14451907E+00  4.07428690E-03
 1.14196832E+00  3.78145082E-03
 1.14003689E+00  3.69148231E-03
 1.13944379E+00  3.99252021E-03
 1.13980328E+00  4.34017334E-03
 1.14094719E+00  4.61376739E-03
 1.14291022E+00  4.72893747E-03
 1.14542010E+00  4.51031109E-03
 1.14837546E+00  3.94369325E-03
 1.15131479E+00  2.85426011E-03
 1.15339397E+00  1.00011263E-03
 1.15392418E+00 -1.52809072E-03
 1.15233698E+00 -4.26336891E-03
 1.14854370E+00 -6.09209424E-03
 1.14310351E+00 -5.52526782E-03
 1.13683694E+00 -1.80361143E-03
 1.13105580E+00  4.63131564E-03
 1.12784812E+00  1.15305307E-02
 1.12935584E+00  1.53092432E-02
 1.13668410E+00  1.36557320E-02
 1.14892257E+00  6.38814735E-03
 1.16150295E+00 -3.80711587E-03
 1.16751413E+00 -1.16919172E-02
 1.16248899E+00 -1.38138250E-02
 1.14615418E+00 -9.47378260E-03
 1.12473841E+00 -6.29489431E-04
 1.10980865E+00  7.76104765E-03
 1.10868630E+00  1.26348429E-02
 1.12223844E+00  1.36117636E-02
 1.14410806E+00  1.11396309E-02
 1.16070649E+00  7.64088019E-03
 1.16393141E+00  4.28697580E-03
 1.15365332E+00  4.59729436E-04
 1.13511272E+00 -2.92304184E-03
 1.12043940E+00 -4.84292248E-03
 1.11644281E+00 -4.31128103E-03
 1.12185342E+00 -2.63683425E-06
 1.13305325E+00  6.56689952E-03
 1.14170170E+00  1.19230303E-02
 1.14329738E+00  1.38287812E-02
 1.14008452E+00  1.10778623E-02
 1.13427132E+00  4.80312474E-03
 1.13019573E+00 -1.34693859E-03
 1.13027012E+00 -5.31038255E-03
 1.13229320E+00 -6.60611336E-03
 1.13503482E+00 -5.24445559E-03
 1.13695393E+00 -2.78308637E-03
 1.13697557E+00  1.32383154E-04
 1.13655014E+00  3.90009691E-03
 1.13630592E+00  7.37616160E-03
 1.13644589E+00  9.13447367E-03
 1.13736725E+00  8.05821518E-03
 1.13841324E+00  3.24934059E-03
 1.13928459E+00 -3.50063019E-03
 1.14012730E+00 -8.48158596E-03
 1.14081826E+00 -9.38883036E-03
 1.14152937E+00 -5.44673678E-03
 1.14237263E+00  1.58284127E-03
 1.14321366E+00  7.35650589E-03
 1.14405500E+00  9.41718958E-03
 1.14486664E+00  7.61733220E-03
 1.14559006E+00  3.26682477E-03
 1.14625444E+00 -1.66771906E-04
 1.14685117E+00 -8.80335795E-04
 1.14735684E+00  5.60093697E-04
 1.14777362E+00  3.29523179E-03
 1.14808717E+00  5.28454194E-03
 1.14828877E+00  5.49157239E-03
 1.14838146E+00  4.74093171E-03
 1.14836046E+00  3.53039323E-03
 1.14822320E+00  2.67876131E-03
 1.14797376E+00  2.67409577E-03
 1.14761895E+00  2.88113352E-03
 1.14717329E+00  3.04329474E-03
 1.14665852E+00  3.01829707E-03
 1.14609655E+00  2.62496283E-03
 1.14550986E+00  2.18999916E-03
 1.14492218E+00  1.85563997E-03
 1.14435565E+00  1.58048350E-03
 1.14383265E+00  1.43669924E-03
 1.14337419E+00  1.33914720E-03
 1.14299393E+00  1.23393338E-03
 1.14269975E+00  1.17380344E-03
 1.14249673E+00  1.14517489E-03
 1.14238696E+00  1.15545713E-03
 1.14237341E+00  1.22340329E-03
 1.14245866E+00  1.32722876E-03
 1.14263609E+00  1.46130337E-03
 1.14289001E+00  1.62399100E-03
 1.14319689E+00  1.80588592E-03
 1.14352477E+00  2.00775510E-03
 1.14384237E+00  2.22793162E-03
 1.14412163E+00  2.45985016E-03
 1.14433557E+00  2.69514375E-03
 1.14446431E+00  2.92090897E-03
 1.14449688E+00  3.12708395E-03
 1.14443559E+00  3.30810945E-03
 1.14430747E+00  3.46172535E-03
 1.14415805E+00  3.59055332E-03
 1.14403267E+00  3.69617360E-03
 1.14396883E+00  3.77859958E-03
 1.14398032E+00  3.84005249E-03
 1.14405211E+00  3.88264498E-03
 1.14416134E+00  3.90981956E-03
 1.14426683E+00  3.92645767E-03
 1.14428922E+00  3.93375810E-03
 1.14412925E+00  3.93065819E-03
 1.14368411E+00  3.91695427E-03
 1.14286691E+00  3.89269407E-03
 1.14165701E+00  3.86076072E-03
 1.14010221E+00  3.82631166E-03
 1.13827742E+00  3.79052554E-03
 1.13630862E+00  3.75053750E-03
 1.13439728E+00  3.70003506E-03
 1.13278445E+00  3.62864325E-03
 1.13172627E+00  3.52793021E-03
 1.13144623E+00  3.39288945E-03
 1.13202896E+00  3.22038763E-03
 1.13341310E+00  3.01206633E-03
 1.13546084E+00  2.77342481E-03
 1.13790217E+00  2.51533545E-03
 1.14028146E+00  2.26023145E-03
 1.14204351E+00  2.03822783E-03
 1.14262623E+00  1.87843864E-03
 1.14158633E+00  1.80499872E-03
 1.13885042E+00  1.82765919E-03
 1.13475201E+00  1.93926372E-03
 1.12986606E+00  2.12598427E-03
 1.12515689E+00  2.36150596E-03
 1.12214532E+00  2.59770652E-03
 1.12246033E+00  2.77428914E-03
 1.12710801E+00  2.82785727E-03
 1.13580450E+00  2.70307323E-03
 1.14586789E+00  2.37936848E-03
 1.15297073E+00  1.87332091E-03
 1.15409277E+00  1.21880906E-03
 1.14848286E+00  4.81191900E-04
 1.13892890E+00 -2.27534823E-04
 1.13133212E+00 -7.69153656E-04
 1.12943055E+00 -9.98011422E-04
 1.13387908E+00 -7.88962937E-04
 1.14245641E+00 -9.75213237E-05
 1.14961330E+00  1.03456562E-03
 1.15229495E+00  2.52189687E-03
 1.15085374E+00  4.20285249E-03
 1.14674226E+00  5.80483667E-03
 1.14367075E+00  6.99613754E-03
 1.14346830E+00  7.44229864E-03
 1.14498205E+00  6.87968628E-03
 1.14736337E+00  5.26526474E-03
 1.14892194E+00  2.79803463E-03
 1.14877068E+00 -1.81975305E-04
 1.14801211E+00 -3.10655722E-03
 1.14706576E+00 -5.08072829E-03
 1.14627615E+00 -5.14511050E-03
 1.14596276E+00 -2.69888601E-03
 1.14548090E+00  2.11120191E-03
 1.14461225E+00  7.74137813E-03
 1.14348336E+00  1.16867752E-02
 1.14203765E+00  1.21948812E-02
 1.14056487E+00  8.81891063E-03
 1.13930324E+00  3.15132320E-03
 1.13830045E+00 -1.41875080E-03
 1.13774077E+00 -2.75777032E-03
 1.13773979E+00 -5.13869953E-04
 1.13831795E+00  4.01578296E-03
 1.13949473E+00  7.62463892E-03
 1.14119840E+00  8.55999539E-03
 1.14326225E+00  7.05889104E-03
 1.14542313E+00  4.01996390E-03
 1.14732587E+00  1.66418020E-03
 1.14860014E+00  1.12838813E-03
 1.14893065E+00  1.81414669E-03
 1.14817366E+00  3.26133410E-03
 1.14638861E+00  4.48275052E-03
 1.14374978E+00  4.94033160E-03
 1.14062629E+00  5.21738117E-03
 1.13768573E+00  5.45470649E-03
 1.13574673E+00  5.72426922E-03
 1.13557163E+00  6.07424883E-03
 1.13765876E+00  6.01433989E-03
 1.14184090E+00  5.38646292E-03
 1.14730714E+00  4.31987837E-03
 1.15310244E+00  2.87690202E-03
 1.15804043E+00  1.39096250E-03
 1.16060364E+00  2.66231016E-04
 1.15941214E+00 -1.62486842E-04
 1.15352542E+00  4.96825172E-04
 1.14309212E+00  2.48839241E-03
 1.13063371E+00  5.72536722E-03
 1.12035627E+00  9.79386746E-03
 1.11580618E+00  1.39564066E-02
 1.11921208E+00  1.70152706E-02
 1.13027026E+00  1.71558399E-02
 1.14563451E+00  1.25709242E-02
 1.16150658E+00  2.73855307E-03
 1.17284951E+00 -1.05854456E-02
 1.17125273E+00 -2.19009024E-02
 1.14939265E+00 -2.35485685E-02
 1.10761089E+00 -1.11791650E-02
 1.05947694E+00  1.38975838E-02
 1.04184011E+00  4.17518497E-02
 1.08914896E+00  5.59884960E-02
 1.16826383E+00  4.64623863E-02
 1.21137170E+00  1.30926542E-02
 1.21126351E+00 -3.13467284E-02
 1.18675119E+00 -6.27644089E-02
 1.13277263E+00 -6.65313998E-02
 1.06488201E+00 -4.25333770E-02
 1.02033596E+00 -4.79285298E-03
 1.02224185E+00  2.15466868E-02
 1.06896187E+00  3.31518881E-02
 1.13697307E+00  4.18565964E-02
 1.19538366E+00  3.90531458E-02
 1.21487082E+00  1.66969435E-02
 1.19192604E+00 -1.16158726E-02
 1.15074144E+00 -3.11714166E-02
 1.10536830E+00 -3.59519128E-02
 1.06679121E+00 -2.31314569E-02
 1.05142212E+00  1.73687525E-03
 1.06229583E+00  2.41034278E-02
 1.09792830E+00  3.47008385E-02
 1.15073299E+00  3.19036011E-02
 1.19082474E+00  2.04144055E-02
 1.18997411E+00  1.10652788E-02
 1.16463015E+00  3.66682507E-03
 1.15189886E+00 -8.87275690E-03
 1.14956997E+00 -1.94200415E-02
 1.14087667E+00 -1.85256388E-02
 1.13179553E+00 -8.36882615E-03
 1.12430237E+00  6.03292529E-03
 1.11688042E+00  1.72289991E-02
 1.11837751E+00  1.59041503E-02
 1.12941235E+00  6.99367816E-03
 1.14325375E+00  3.99203814E-03
 1.15634877E+00  6.36694158E-03
 1.16378320E+00  7.91023751E-03
 1.16395207E+00  9.12774447E-03
 1.16049583E+00  8.21766253E-03
 1.15371491E+00  3.06264765E-03
 1.14316746E+00 -3.47593896E-03
 1.13176767E+00 -8.96211055E-03
 1.12228871E+00 -1.14451957E-02
 1.11813973E+00 -9.31023832E-03
 1.12283957E+00 -3.56071274E-03
 1.13439606E+00  3.38647640E-03
 1.14708051E+00  8.27799199E-03
 1.15705783E+00  8.53531104E-03
 1.16164941E+00  3.85085367E-03
 1.16038966E+00 -3.48523947E-03
 1.15612409E+00 -9.10612149E-03
 1.14969286E+00 -1.02057988E-02
 1.14078101E+00 -6.49766752E-03
 1.13189389E+00  1.64159713E-04
 1.12584218E+00  5.54747776E-03
 1.12534758E+00  7.29929976E-03
 1.13270955E+00  5.74497551E-03
 1.14485605E+00  2.08219529E-03
 1.15500593E+00 -7.97023655E-04
 1.15886535E+00 -1.38331777E-03
 1.15467603E+00 -4.59736052E-04
 1.14498790E+00  1.32033107E-03
 1.13693065E+00  2.60956763E-03
 1.13421581E+00  2.68870131E-03
 1.13671180E+00  2.37160368E-03
 1.14270763E+00  1.99731746E-03
 1.14732099E+00  1.89567572E-03
 1.14826793E+00  2.31460821E-03
 1.14698299E+00  2.72342825E-03
 1.14448632E+00  2.95413038E-03
 1.14298654E+00  3.09276361E-03
 1.14359600E+00  3.08090278E-03
 1.14486174E+00  3.12547108E-03
 1.14621917E+00  3.30949571E-03
 1.14716213E+00  3.51293557E-03
 1.14722639E+00  3.75229389E-03
 1.14720631E+00  4.01391900E-03
 1.14737550E+00  4.25587068E-03
 1.14761014E+00  4.51057881E-03
 1.14805091E+00  4.76100439E-03
 1.14843561E+00  4.96700867E-03
 1.14863117E+00  5.13835064E-03
 1.14878667E+00  5.28607923E-03
 1.14887762E+00  5.41324075E-03
 1.14893580E+00  5.53110708E-03
 1.14901768E+00  5.63599104E-03
 1.14906956E+00  5.71142687E-03
 1.14909173E+00  5.75694178E-03
 1.14910193E+00  5.77895084E-03
 1.14908278E+00  5.77598764E-03
 1.14903764E+00  5.74893892E-03
 1.14896575E+00  5.69684051E-03
 1.14885559E+00  5.61447488E-03
 1.14871355E+00  5.50714066E-03
 1.14855216E+00  5.38674426E-03
 1.14837930E+00  5.26118740E-03
 1.14820527E+00  5.13848515E-03
 1.14804005E+00  5.02492458E-03
 1.14789055E+00  4.92237107E-03
 1.14776801E+00  4.83583137E-03
 1.14768477E+00  4.77177395E-03
 1.14764514E+00  4.73231780E-03
 1.14764837E+00  4.71731534E-03
 1.14769104E+00  4.72249976E-03
 1.14776449E+00  4.73723187E-03
 1.14785802E+00  4.74707111E-03
 1.14796044E+00  4.73459374E-03
 1.14805819E+00  4.68178806E-03
 1.14814019E+00  4.57418172E-03
 1.14820526E+00  4.40455740E-03
 1.14826211E+00  4.17488788E-03
 1.14832805E+00  3.89508651E-03
 1.14843308E+00  3.58678572E-03
 1.14862240E+00  3.28910681E-03
 1.14895005E+00  3.05293356E-03
 1.14946827E+00  2.92996471E-03
 1.15021587E+00  2.96408741E-03
 1.15119884E+00  3.17478248E-03
 1.15238534E+00  3.55350012E-03
 1.15371828E+00  4.07835563E-03
 1.15510222E+00  4.70382474E-03
 1.15638616E+00  5.34611296E-03
 1.15738529E+00  5.89886322E-03
 1.15791208E+00  6.24952637E-03
 1.15780739E+00  6.29945344E-03
 1.15700194E+00  6.00944213E-03
 1.15552861E+00  5.40374213E-03
 1.15347816E+00  4.53469260E-03
 1.15103764E+00  3.50672650E-03
 1.14853861E+00  2.50290075E-03
 1.14640035E+00  1.74624563E-03
 1.14506179E+00  1.46170484E-03
 1.14490345E+00  1.82304686E-03
 1.14608274E+00  2.84151341E-03
 1.14851231E+00  4.35210474E-03
 1.15198407E+00  6.08838369E-03
 1.15607564E+00  7.61955482E-03
 1.16003998E+00  8.28194133E-03
 1.16295469E+00  7.39666447E-03
 1.16388731E+00  4.62973787E-03
 1.16210115E+00  3.17165476E-04
 1.15748358E+00 -4.00803342E-03
 1.15060455E+00 -6.03925541E-03
 1.14241638E+00 -4.24597129E-03
 1.13449932E+00  1.55600327E-03
 1.12934131E+00  9.45411143E-03
 1.12958883E+00  1.57450163E-02
 1.13685253E+00  1.78958701E-02
 1.15060223E+00  1.51462967E-02
 1.16631605E+00  8.60664356E-03
 1.17675320E+00  1.53375090E-03
 1.17688423E+00 -3.99384340E-03
 1.16551230E+00 -7.45214340E-03
 1.14743004E+00 -8.47393113E-03
 1.13268464E+00 -7.80110180E-03
 1.12770772E+00 -5.51630975E-03
 1.13375051E+00 -9.11452604E-04
 1.14717016E+00  4.90674843E-03
 1.15866214E+00  1.00790920E-02
 1.16305995E+00  1.29763696E-02
 1.16082686E+00  1.20509472E-02
 1.15414516E+00  7.97211814E-03
 1.14891518E+00  3.26688042E-03
 1.14789643E+00 -5.33345698E-04
 1.14894395E+00 -2.59718385E-03
 1.15067814E+00 -2.85416976E-03
 1.15058957E+00 -2.58108109E-03
 1.14766971E+00 -2.04158568E-03
 1.14449219E+00 -6.62857440E-04
 1.14284873E+00  1.20177863E-03
 1.14438269E+00  3.18786046E-03
 1.15002438E+00  4.67379643E-03
 1.15784857E+00  4.57456544E-03
 1.16449350E+00  3.08236404E-03
 1.16590076E+00  1.26460119E-03
 1.15943057E+00 -2.35117380E-04
 1.14597801E+00 -7.54934526E-04
 1.13091932E+00  9.43951620E-05
 1.12277644E+00  2.00578484E-03
 1.12694638E+00  4.79216738E-03
 1.14341370E+00  7.91058881E-03
 1.16538832E+00  9.33972788E-03
 1.18018646E+00  6.84679444E-03
 1.17993013E+00  1.44178233E-04
 1.16416815E+00 -7.93753289E-03
 1.13950114E+00 -9.11234321E-03
 1.11998822E+00  3.51674993E-03
 1.11422866E+00  1.76597382E-02
 1.12256022E+00  1.49725668E-02
 1.14060713E+00  5.98474045E-03
 1.15727841E+00  1.01945600E-02
 1.16594760E+00  1.59401631E-02
 1.16697644E+00  6.11704050E-03
 1.16094474E+00 -8.40499179E-03
 1.15186106E+00 -1.31354608E-02
 1.14194312E+00 -1.02486422E-02
 1.12994723E+00 -2.80215405E-03
 1.11959433E+00  8.88763635E-03
 1.11615848E+00  1.87945445E-02
 1.12305626E+00  2.15153215E-02
 1.14219529E+00  1.65347972E-02
 1.16660062E+00  6.59799082E-03
 1.18276202E+00 -2.32003005E-03
 1.18242120E+00 -6.66944899E-03
 1.16370879E+00 -6.40404224E-03
 1.13468700E+00 -2.42258160E-03
 1.11301796E+00  2.04931286E-03
 1.10912381E+00  5.37325130E-03
 1.12376388E+00  8.42748572E-03
 1.14988887E+00  1.06617679E-02
 1.17083629E+00  1.16635437E-02
 1.17719414E+00  1.08884849E-02
 1.17009206E+00  6.96238339E-03
 1.15453868E+00  1.23619317E-03
 1.14252054E+00 -3.18969539E-03
 1.14049052E+00 -4.41149129E-03
 1.14567836E+00 -1.36290003E-03
 1.15493962E+00  4.51212714E-03
 1.16170532E+00  9.28658177E-03
 1.16242425E+00  1.08314842E-02
 1.16012946E+00  8.90681310E-03
 1.15658462E+00  4.63797406E-03
 1.15425832E+00  1.20611670E-03
 1.15475449E+00  2.14510043E-04
 1.15593199E+00  1.16772868E-03
 1.15688817E+00  3.33731675E-03
 1.15725052E+00  4.89779084E-03
 1.15643003E+00  4.93899899E-03
 1.15545948E+00  4.21964841E-03
 1.15479849E+00  3.17549495E-03
 1.15426071E+00  2.52252870E-03
 1.15405209E+00  2.68587288E-03
 1.15390129E+00  3.08257560E-03
 1.15362833E+00  3.46573430E-03
 1.15341372E+00  3.69149902E-03
 1.15322351E+00  3.57297996E-03
 1.15308036E+00  3.37222926E-03
 1.15305432E+00  3.19539306E-03
 1.15308727E+00  2.99249858E-03
 1.15317304E+00  2.82468788E-03
 1.15332193E+00  2.63097410E-03
 1.15350865E+00  2.39866144E-03
 1.15373272E+00  2.22518428E-03
 1.15399005E+00  2.15060147E-03
 1.15426353E+00  2.22408463E-03
 1.15453872E+00  2.47949712E-03
 1.15479552E+00  2.88511317E-03
 1.15501587E+00  3.41193593E-03
 1.15518989E+00  4.01236512E-03
 1.15531677E+00  4.59121661E-03
 1.15540536E+00  5.03960147E-03
 1.15546348E+00  5.24170102E-03
 1.15549648E+00  5.09384786E-03
 1.15550896E+00  4.55887277E-03
 1.15550159E+00  3.66704074E-03
 1.15547876E+00  2.48117000E-03
 1.15544742E+00  1.12384913E-03
 1.15540784E+00 -1.96295158E-04
 1.15535785E+00 -1.22490831E-03
 1.15529560E+00 -1.70381451E-03
 1.15522004E+00 -1.42816257E-03
 1.15514056E+00 -3.63425904E-04
 1.15507489E+00  1.33892910E-03
 1.15503660E+00  3.42030502E-03
 1.15503673E+00  5.44763586E-03
 1.15508388E+00  6.73827590E-03
 1.15518066E+00  6.56735658E-03
 1.15533189E+00  4.50266302E-03
 1.15554220E+00  7.12569310E-04
 1.15580574E+00 -3.52245205E-03
 1.15610913E+00 -6.16892700E-03
 1.15643219E+00 -5.82360015E-03
 1.15674497E+00 -2.17552323E-03
 1.15701238E+00  3.38181188E-03
 1.15719668E+00  7.96435844E-03
 1.15725882E+00  9.70379925E-03
 1.15716618E+00  8.19831483E-03
 1.15690199E+00  4.45187416E-03
 1.15646854E+00  1.09244998E-03
 1.15588743E+00 -4.04164483E-04
 1.15520769E+00 -1.24029983E-04
 1.15451471E+00  1.39883369E-03
 1.15391897E+00  2.60246429E-03
 1.15353256E+00  2.81293595E-03
 1.15344997E+00  2.71792910E-03
 1.15371514E+00  2.71993238E-03
 1.15431216E+00  3.46410698E-03
 1.15519230E+00  5.12989127E-03
 1.15625138E+00  6.81640284E-03
 1.15729641E+00  7.74134977E-03
 1.15808084E+00  7.14806593E-03
 1.15834892E+00  4.60235932E-03
 1.15788215E+00  7.23383574E-04
 1.15660024E+00 -3.00499543E-03
 1.15457391E+00 -4.59088698E-03
 1.15194450E+00 -2.70086493E-03
 1.14898009E+00  2.55341374E-03
 1.14614256E+00  9.09642804E-03
 1.14399612E+00  1.33406125E-02
 1.14311120E+00  1.29607754E-02
 1.14394037E+00  7.70514303E-03
 1.14655723E+00 -2.71607394E-04
 1.15062205E+00 -6.52028034E-03
 1.15556143E+00 -8.31980133E-03
 1.16041947E+00 -5.51161845E-03
 1.16369166E+00  1.58577416E-04
 1.16377222E+00  4.63093366E-03
 1.15966578E+00  5.63327134E-03
 1.15164882E+00  3.56912262E-03
 1.14237726E+00 -2.43703443E-04
 1.13613499E+00 -2.83113377E-03
 1.13590741E+00 -2.62111018E-03
 1.14242867E+00 -4.13952707E-04
 1.15291327E+00  2.82777494E-03
 1.16148129E+00  5.25798933E-03
 1.16439854E+00  5.76523375E-03
 1.16098845E+00  4.91712877E-03
 1.15343194E+00  3.08358554E-03
 1.14721783E+00  9.33264491E-04
 1.14536293E+00 -1.01247922E-03
 1.14751082E+00 -3.05305683E-03
 1.15222646E+00 -5.01170961E-03
 1.15584338E+00 -6.48750860E-03
 1.15656301E+00 -7.13044473E-03
 1.15554210E+00 -6.29334909E-03
 1.15362168E+00 -3.80552287E-03
 1.15246347E+00 -2.30615509E-05
 1.15293170E+00  4.58719610E-03
 1.15391138E+00  9.10064477E-03
 1.15495263E+00  1.21291556E-02
 1.15567637E+00  1.22856937E-02
 1.15572743E+00  8.67636169E-03
 1.15571594E+00  1.55610879E-03
 1.15586345E+00 -6.69032146E-03
 1.15608400E+00 -1.22605375E-02
 1.15649215E+00 -1.24939663E-02
 1.15688992E+00 -6.73050925E-03
 1.15717023E+00  2.54649811E-03
 1.15743676E+00  1.01047563E-02
 1.15766246E+00  1.26218451E-02
 1.15786614E+00  9.49599203E-03
 1.15808570E+00  2.67448144E-03
 1.15827724E+00 -2.94908365E-03
 1.15843669E+00 -4.68479650E-03
 1.15857238E+00 -2.84826502E-03
 1.15867224E+00  1.28120083E-03
 1.15874380E+00  4.43408063E-03
 1.15879142E+00  5.00510723E-03
 1.15881134E+00  4.02182464E-03
 1.15880765E+00  2.23059833E-03
 1.15878360E+00  1.10976194E-03
 1.15874160E+00  1.42645502E-03
 1.15868685E+00  2.18440623E-03
 1.15862317E+00  2.98156623E-03
 1.15855373E+00  3.47990641E-03
 1.15848293E+00  3.36303538E-03
 1.15841537E+00  3.17476186E-03
 1.15835629E+00  3.11110439E-03
 1.15831163E+00  3.09297722E-03
 1.15828635E+00  3.22158850E-03
 1.15828428E+00  3.32105912E-03
 1.15830840E+00  3.29777036E-03
 1.15836037E+00  3.24774640E-03
 1.15844128E+00  3.15032749E-03
 1.15855178E+00  3.02562640E-03
 1.15869124E+00  2.91255801E-03
 1.15885801E+00  2.77786822E-03
 1.15904899E+00  2.62408699E-03
 1.15925940E+00  2.46504227E-03
 1.15948340E+00  2.29484126E-03
 1.15971410E+00  2.12368976E-03
 1.15994368E+00  1.95942596E-03
 1.16016390E+00  1.80269124E-03
 1.16036611E+00  1.66123698E-03
 1.16054185E+00  1.54221528E-03
 1.16068361E+00  1.44988577E-03
 1.16078551E+00  1.38861052E-03
 1.16084437E+00  1.35983481E-03
 1.16085956E+00  1.36227191E-03
 1.16083169E+00  1.39507126E-03
 1.16076221E+00  1.45750067E-03
 1.16065282E+00  1.54869901E-03
 1.16050548E+00  1.66857107E-03
 1.16032497E+00  1.81623762E-03
 1.16011883E+00  1.99038565E-03
 1.15989628E+00  2.19137570E-03
 1.15966875E+00  2.41993909E-03
 1.15944816E+00  2.67557214E-03
 1.15924656E+00  2.95573558E-03
 1.15907776E+00  3.25285985E-03
 1.15895565E+00  3.55426200E-03
 1.15889229E+00  3.84538103E-03
 1.15889705E+00  4.10860047E-03
 1.15897396E+00  4.32189649E-03
 1.15912197E+00  4.46178553E-03
 1.15933891E+00  4.50555778E-03
 1.15962169E+00  4.43495951E-03
 1.15996721E+00  4.24385959E-03
 1.16037275E+00  3.93977441E-03
 1.16083132E+00  3.54069288E-03
 1.16133208E+00  3.08002766E-03
 1.16186322E+00  2.61160247E-03
 1.16241048E+00  2.20247417E-03
 1.16295881E+00  1.92179872E-03
 1.16349259E+00  1.82973615E-03
 1.16399195E+00  1.95698469E-03
 1.16443498E+00  2.29979938E-03
 1.16480220E+00  2.83401102E-03
 1.16507714E+00  3.50121680E-03
 1.16524943E+00  4.19068418E-03
 1.16531544E+00  4.75931468E-03
 1.16527312E+00  5.05785949E-03
 1.16512273E+00  4.95845972E-03
 1.16486857E+00  4.41243433E-03
 1.16451847E+00  3.45818259E-03
 1.16408890E+00  2.17510816E-03
 1.16360586E+00  7.16424714E-04
 1.16310196E+00 -6.50646681E-04
 1.16261588E+00 -1.59829870E-03
 1.16218653E+00 -1.79569238E-03
 1.16184856E+00 -9.81314191E-04
 1.16163042E+00  8.84424077E-04
 1.16154923E+00  3.59930662E-03
 1.16160850E+00  6.82642280E-03
 1.16179227E+00  1.00076637E-02
 1.16205453E+00  1.22663999E-02
 1.16232710E+00  1.26596110E-02
 1.16254065E+00  1.05722318E-02
 1.16263666E+00  6.08832168E-03
 1.16258891E+00  6.19246587E-04
 1.16241046E+00 -3.49974513E-03
 1.16213016E+00 -4.61235964E-03
 1.16180765E+00 -2.24081297E-03
 1.16155876E+00  2.24470045E-03
 1.16153113E+00  5.83338177E-03
 1.16187774E+00  6.68538713E-03
 1.16272810E+00  4.59292441E-03
 1.16411960E+00  8.04529923E-04
 1.16599216E+00 -1.73914146E-03
 1.16824475E+00 -1.48500264E-03
 1.17070052E+00  1.20676599E-03
 1.17306772E+00  5.26163675E-03
 1.17499210E+00  8.32642348E-03
 1.17609821E+00  9.05421008E-03
 1.17605873E+00  7.77654281E-03
 1.17474880E+00  4.90541542E-03
 1.17225717E+00  1.57199901E-03
 1.16877946E+00 -1.36965849E-03
 1.16469908E+00 -3.88307332E-03
 1.16066832E+00 -5.20517601E-03
 1.15748071E+00 -4.47420181E-03
 1.15593673E+00 -1.24589632E-03
 1.15666071E+00  4.56360879E-03
 1.15973032E+00  1.11897784E-02
 1.16462386E+00  1.55741529E-02
 1.17046426E+00  1.56368800E-02
 1.17580283E+00  1.06492041E-02
 1.17837720E+00  2.31551387E-03
 1.17582883E+00 -5.36403952E-03
 1.16689603E+00 -9.67426163E-03
 1.15248529E+00 -9.57620013E-03
 1.13741810E+00 -5.40444878E-03
 1.12909822E+00  4.33929487E-04
 1.13251612E+00  6.48687335E-03
 1.14847580E+00  1.23260534E-02
 1.17126647E+00  1.62817661E-02
 1.18956667E+00  1.68843887E-02
 1.19579568E+00  1.28861591E-02
 1.18793925E+00  3.56288777E-03
 1.16966269E+00 -7.98035760E-03
 1.15116373E+00 -1.61813769E-02
 1.13873097E+00 -1.72424545E-02
 1.13343317E+00 -9.66075182E-03
 1.13544188E+00  3.57870383E-03
 1.14123408E+00  1.52991792E-02
 1.14953915E+00  2.10238505E-02
 1.16209340E+00  1.95728121E-02
 1.17596898E+00  1.22941447E-02
 1.18677424E+00  4.23797780E-03
 1.19071546E+00 -1.86433560E-03
 1.18401771E+00 -6.16135545E-03
 1.16954608E+00 -7.91077997E-03
 1.15538181E+00 -7.51439303E-03
 1.14668105E+00 -4.60562957E-03
 1.14629462E+00  2.44431069E-03
 1.15346759E+00  1.17789617E-02
 1.16254014E+00  1.96669099E-02
 1.17089060E+00  2.32835582E-02
 1.17852680E+00  2.02319849E-02
 1.18373491E+00  1.13897837E-02
 1.18598199E+00  9.04650072E-04
 1.18392498E+00 -8.38738905E-03
 1.17536818E+00 -1.42801143E-02
 1.16345347E+00 -1.42034635E-02
 1.15434664E+00 -7.37463514E-03
 1.15227452E+00  6.00930297E-03
 1.15977434E+00  2.31498210E-02
 1.17422033E+00  3.36363605E-02
 1.18798651E+00  2.71805415E-02
 1.19642540E+00  1.07063648E-02
 1.19774311E+00 -4.68268041E-04
 1.19162987E+00 -5.32940638E-03
 1.18130058E+00 -8.49994068E-03
 1.16833778E+00 -9.06957912E-03
 1.15284474E+00 -8.44351950E-03
 1.13872418E+00 -4.26294441E-03
 1.13074310E+00  9.14586913E-03
 1.13273500E+00  2.21167887E-02
 1.14715936E+00  2.04130268E-02
 1.16920383E+00  1.02574848E-02
 1.18867033E+00  4.53767108E-03
 1.19860612E+00  1.45664541E-03
 1.19583016E+00 -2.90827176E-03
 1.18321283E+00 -5.37819046E-03
 1.17018506E+00 -5.33690069E-03
 1.16189462E+00 -3.39070629E-03
 1.15870519E+00  2.13104240E-03
 1.15963870E+00  9.62429584E-03
 1.15986690E+00  1.51533019E-02
 1.15780489E+00  1.62841569E-02
 1.15607638E+00  1.17490956E-02
 1.15481517E+00  4.03667049E-03
 1.15435349E+00 -1.01789244E-03
 1.15460636E+00 -3.65159503E-04
 1.15359194E+00  5.90599420E-03
 1.15277114E+00  1.45751134E-02
 1.15554286E+00  1.88942154E-02
 1.16291223E+00  1.53518213E-02
 1.17421828E+00  5.01095214E-03
 1.18487156E+00 -8.10227172E-03
 1.18701602E+00 -1.64153374E-02
 1.17683584E+00 -1.54681934E-02
 1.15593600E+00 -6.03805658E-03
 1.13237111E+00  7.84364703E-03
 1.11978069E+00  1.83455947E-02
 1.12625620E+00  2.05365725E-02
 1.15084625E+00  1.46775444E-02
 1.18242553E+00  3.93180249E-03
 1.20126751E+00 -4.87599594E-03
 1.19702472E+00 -7.64133709E-03
 1.17429609E+00 -4.95747826E-03
 1.15340700E+00  1.05510426E-03
 1.15889526E+00  5.61989527E-03
 1.17224376E+00  6.17745980E-03
 1.15627730E+00  4.06696107E-03
 1.13385270E+00  7.22426552E-04
 1.14368459E+00 -1.13190054E-03
 1.16258021E+00  3.35586189E-05
 1.15883736E+00  3.04041275E-03
 1.15050967E+00  7.30495953E-03
 1.15922708E+00  1.17451492E-02
 1.17458423E+00  1.46380998E-02
 1.18550327E+00  1.43642236E-02
 1.19406698E+00  6.78195761E-03
 1.19768553E+00 -9.60904146E-03
 1.19108119E+00 -2.21706565E-02
 1.17566999E+00 -1.57166038E-02
 1.15705177E+00  3.34364904E-04
 1.14255312E+00  7.21103651E-03
 1.13794872E+00  1.09327083E-02
 1.14500980E+00  2.21993857E-02
 1.16008350E+00  2.79523116E-02
 1.17469838E+00  1.62647227E-02
 1.18323418E+00  1.44974960E-03
 1.18423392E+00  1.45772912E-04
 1.17901199E+00  2.37288803E-03
 1.17292915E+00 -6.69258407E-03
 1.16842635E+00 -1.54029017E-02
 1.16433456E+00 -8.41260206E-03
 1.16095431E+00  5.17774465E-03
 1.15772967E+00  1.21827676E-02
 1.15530907E+00  1.34478561E-02
 1.15650495E+00  1.06743779E-02
 1.16080664E+00  3.66335129E-03
 1.16588242E+00 -2.37705422E-03
 1.17027013E+00 -3.50670682E-03
 1.17214779E+00 -1.26852419E-04
 1.17166264E+00  5.87346003E-03
 1.17107163E+00  1.04028660E-02
 1.17092381E+00  1.13804588E-02
 1.17077283E+00  9.77357125E-03
 1.17014670E+00  6.39198388E-03
 1.16765833E+00  3.14594850E-03
 1.16322494E+00  1.19191494E-03
 1.15842769E+00 -2.12113099E-04
 1.15488826E+00 -8.46829326E-04
 1.15461774E+00 -3.82823643E-04
 1.15881715E+00  1.25212278E-03
 1.16669245E+00  4.55678844E-03
 1.17565442E+00  8.52968959E-03
 1.18176088E+00  1.11061571E-02
 1.18214575E+00  1.10413946E-02
 1.17632827E+00  7.81763706E-03
 1.16694642E+00  2.65516488E-03
 1.15932252E+00 -1.56442648E-03
 1.15691946E+00 -3.08689502E-03
 1.16032756E+00 -1.53188507E-03
 1.16750185E+00  2.15642723E-03
 1.17342686E+00  5.39217926E-03
 1.17532337E+00  6.75923209E-03
 1.17351045E+00  6.38945668E-03
 1.16931697E+00  4.85413481E-03
 1.16610673E+00  3.75321407E-03
 1.16552968E+00  3.81286981E-03
 1.16652401E+00  4.39733908E-03
 1.16831330E+00  5.08153489E-03
 1.16936943E+00  5.12150647E-03
 1.16890074E+00  4.16983542E-03
 1.16793717E+00  2.85008422E-03
 1.16690155E+00  1.55761385E-03
 1.16615473E+00  6.96133534E-04
 1.16603569E+00  6.59006811E-04
 1.16599499E+00  1.33915528E-03
 1.16583817E+00  2.64416933E-03
 1.16565074E+00  4.44426327E-03
 1.16533435E+00  6.41387062E-03
 1.16507790E+00  8.20568099E-03
 1.16498408E+00  9.19296629E-03
 1.16496023E+00  8.62552478E-03
 1.16503100E+00  6.13310529E-03
 1.16517617E+00  1.95782988E-03
 1.16535912E+00 -2.51828272E-03
 1.16561809E+00 -5.11521032E-03
 1.16595081E+00 -4.36712636E-03
 1.16634034E+00 -2.34328595E-05
 1.16678373E+00  6.28798298E-03
 1.16725540E+00  1.13031133E-02
 1.16773287E+00  1.28532010E-02
 1.16820158E+00  1.03932035E-02
 1.16863902E+00  5.01858673E-03
 1.16902536E+00 -2.84795953E-04
 1.16934334E+00 -3.67888210E-03
 1.16957646E+00 -4.86389054E-03
 1.16971781E+00 -3.82581094E-03
