# x =
 3.45287308E+01
# y =
 3.25097170E+00
 VARIABLES = u,v
 1.16824629E+00 -8.61942640E-03
 1.16483493E+00 -8.60378794E-03
 1.14507512E+00 -7.33102776E-03
 1.11702362E+00 -3.79069251E-03
 1.09782339E+00  3.04429881E-03
 1.09749784E+00  1.30626258E-02
 1.11695037E+00  2.33437851E-02
 1.14828419E+00  3.07435174E-02
 1.17349410E+00  3.20980179E-02
 1.18197985E+00  2.52553819E-02
 1.17375025E+00  1.12467600E-02
 1.15406174E+00 -5.19160583E-03
 1.13644911E+00 -1.68538128E-02
 1.12879059E+00 -1.84948334E-02
 1.12996121E+00 -8.97428226E-03
 1.13877816E+00  6.98876624E-03
 1.15003492E+00  1.96633807E-02
 1.16081807E+00  2.28630676E-02
 1.17298098E+00  1.56521937E-02
 1.18301592E+00  1.93606336E-03
 1.18586681E+00 -8.89217939E-03
 1.17830624E+00 -1.16609621E-02
 1.15801858E+00 -7.02322309E-03
 1.13196389E+00  2.36991822E-03
 1.11395952E+00  9.98532567E-03
 1.11256146E+00  1.24411304E-02
 1.13030141E+00  1.14123319E-02
 1.15985088E+00  8.19313017E-03
 1.18411440E+00  5.62973192E-03
 1.19299474E+00  5.21782694E-03
 1.18540362E+00  5.14541388E-03
 1.16702598E+00  4.87358683E-03
 1.15246037E+00  4.04874350E-03
 1.14936977E+00  2.43716013E-03
 1.15559085E+00  1.45175015E-03
 1.16631025E+00  1.60128946E-03
 1.17105194E+00  2.66557083E-03
 1.16477350E+00  4.74584856E-03
 1.15166295E+00  7.30948035E-03
 1.13695932E+00  9.85504814E-03
 1.12913284E+00  1.22004563E-02
 1.13327269E+00  1.38254742E-02
 1.14674448E+00  1.42933536E-02
 1.16473790E+00  1.35111948E-02
 1.17946210E+00  1.15012104E-02
 1.18532845E+00  8.42400256E-03
 1.18268768E+00  4.63231393E-03
 1.17484141E+00  6.16455120E-04
 1.16830087E+00 -3.02740412E-03
 1.16702853E+00 -5.57093692E-03
 1.16991639E+00 -6.33984013E-03
 1.17359957E+00 -5.07528027E-03
 1.17203419E+00 -1.90149952E-03
 1.16251441E+00  2.89500140E-03
 1.14793534E+00  8.72124778E-03
 1.13373216E+00  1.46212509E-02
 1.12810236E+00  1.94611013E-02
 1.13571997E+00  2.19917568E-02
 1.15461543E+00  2.11614855E-02
 1.17784381E+00  1.67539584E-02
 1.19377234E+00  9.39440702E-03
 1.19431399E+00  1.56834828E-04
 1.17841589E+00 -9.12779295E-03
 1.15135283E+00 -1.56234865E-02
 1.12505348E+00 -1.62833696E-02
 1.10798599E+00 -8.97299855E-03
 1.10283523E+00  6.30668751E-03
 1.10984535E+00  2.53313587E-02
 1.12434621E+00  4.07955977E-02
 1.14380666E+00  4.70152967E-02
 1.16829772E+00  4.11979218E-02
 1.19235811E+00  2.52398367E-02
 1.20897200E+00  5.86084752E-03
 1.21178963E+00 -1.21039627E-02
 1.19551392E+00 -2.58714144E-02
 1.16498994E+00 -3.24964034E-02
 1.13293324E+00 -3.12398512E-02
 1.10869405E+00 -2.06224694E-02
 1.09868395E+00  6.26400100E-04
 1.10399416E+00  2.69786134E-02
 1.11830906E+00  4.91733366E-02
 1.13885908E+00  5.95828663E-02
 1.16483079E+00  5.29958328E-02
 1.18976738E+00  3.23049941E-02
 1.20669031E+00  7.82222906E-03
 1.20821394E+00 -1.35341922E-02
 1.18778244E+00 -2.77821697E-02
 1.15073812E+00 -3.23438762E-02
 1.11116810E+00 -2.91012913E-02
 1.08016337E+00 -1.75617573E-02
 1.06674849E+00  3.91311057E-03
 1.07487449E+00  2.93410957E-02
 1.09998885E+00  4.95919387E-02
 1.13832087E+00  5.68594427E-02
 1.18273496E+00  4.52986063E-02
 1.21147451E+00  1.94661805E-02
 1.20668832E+00 -7.52884259E-03
 1.18576428E+00 -2.73228189E-02
 1.17671800E+00 -3.59035049E-02
 1.16187022E+00 -3.38436118E-02
 1.11334661E+00 -2.82887054E-02
 1.06325092E+00 -2.01522564E-02
 1.05555065E+00 -3.76220706E-03
 1.07702093E+00  2.59328883E-02
 1.10162012E+00  6.91185574E-02
 1.13578857E+00  9.96006754E-02
 1.18206902E+00  8.19433455E-02
 1.22136117E+00  2.75429134E-02
 1.23777035E+00 -2.61371147E-02
 1.22127142E+00 -6.44058495E-02
 1.16610594E+00 -7.82456772E-02
 1.08978055E+00 -6.77273697E-02
 1.02724858E+00 -5.17500379E-02
 1.00303692E+00 -2.47581003E-02
 1.02769588E+00  2.89188987E-02
 1.08917721E+00  8.35539655E-02
 1.15212220E+00  1.02470806E-01
 1.19508744E+00  7.63748941E-02
 1.21252734E+00  1.20877375E-02
 1.20415705E+00 -5.40103282E-02
 1.18429826E+00 -6.96656566E-02
 1.15811965E+00 -4.62677671E-02
 1.12032838E+00 -3.13016911E-02
 1.08088593E+00 -1.66353945E-02
 1.05323224E+00  1.65035960E-02
 1.04942809E+00  4.62889855E-02
 1.08180472E+00  5.71782420E-02
 1.13914521E+00  5.18100152E-02
 1.19260730E+00  3.10807082E-02
 1.22373040E+00  6.22706109E-03
 1.22261652E+00 -5.18302378E-03
 1.19412867E+00 -8.09477226E-03
 1.16140313E+00 -1.75103987E-02
 1.13579819E+00 -2.42396491E-02
 1.11760382E+00 -1.39517271E-02
 1.10941574E+00  4.92792837E-03
 1.10682658E+00  1.98794169E-02
 1.11081938E+00  2.64940761E-02
 1.12903449E+00  1.98205105E-02
 1.15495594E+00  2.72580137E-03
 1.17597943E+00 -1.21809920E-02
 1.18341023E+00 -1.86964193E-02
 1.17030946E+00 -1.61332320E-02
 1.14499932E+00 -5.85040204E-03
 1.12849161E+00  4.97077472E-03
 1.13137999E+00  1.27486317E-02
 1.15403928E+00  1.82244789E-02
 1.18580287E+00  1.83077155E-02
 1.20294019E+00  1.07440819E-02
 1.19313013E+00 -4.50946205E-03
 1.15914545E+00 -2.51921420E-02
 1.11179889E+00 -3.77798541E-02
 1.07362663E+00 -2.80030121E-02
 1.05889126E+00 -7.63119500E-03
 1.06764743E+00  2.10964327E-03
 1.09519933E+00  1.01855574E-02
 1.12779614E+00  3.16135356E-02
 1.15582976E+00  4.58952308E-02
 1.17815637E+00  2.95794585E-02
 1.19028831E+00 -1.86409933E-03
 1.18984815E+00 -2.30715131E-02
 1.17466477E+00 -3.19672427E-02
 1.14194872E+00 -3.05560578E-02
 1.10263152E+00 -1.63834162E-02
 1.07580541E+00  3.54458128E-03
 1.07466498E+00  2.20909837E-02
 1.10501820E+00  3.61897930E-02
 1.15413951E+00  3.66996867E-02
 1.19308269E+00  1.83528596E-02
 1.20362635E+00 -5.32373533E-03
 1.18051230E+00 -1.67892067E-02
 1.13154794E+00 -2.26465690E-02
 1.08143927E+00 -3.61324261E-02
 1.04550854E+00 -3.98020241E-02
 1.02785985E+00 -1.25695526E-02
 1.03496887E+00  2.79423761E-02
 1.06532645E+00  5.28304960E-02
 1.11591552E+00  5.59585809E-02
 1.18051133E+00  3.78773777E-02
 1.22533937E+00  3.38693800E-03
 1.21486120E+00 -2.82575816E-02
 1.16623554E+00 -4.37458987E-02
 1.12165220E+00 -4.13398194E-02
 1.08723565E+00 -2.41144642E-02
 1.06116968E+00 -3.62477651E-03
 1.06521577E+00  1.36811955E-02
 1.10621451E+00  2.84445767E-02
 1.15687795E+00  3.63812498E-02
 1.18637087E+00  3.46340629E-02
 1.19406006E+00  2.17757206E-02
 1.19210809E+00 -2.41732647E-03
 1.17010291E+00 -2.27399520E-02
 1.12219793E+00 -2.11085073E-02
 1.07861184E+00 -7.80439665E-03
 1.07053125E+00 -2.91690517E-03
 1.08858102E+00  3.85989640E-03
 1.10957895E+00  2.70893113E-02
 1.13957243E+00  4.46083643E-02
 1.18401649E+00  3.13533983E-02
 1.21143412E+00  2.56154687E-03
 1.19459185E+00 -1.59168784E-02
 1.15852658E+00 -2.37990940E-02
 1.13976420E+00 -2.54109197E-02
 1.11934503E+00 -1.76399333E-02
 1.06928712E+00 -5.33950825E-03
 1.03013549E+00  6.93156960E-03
 1.05071181E+00  2.05450257E-02
 1.10487020E+00  3.22123132E-02
 1.14644685E+00  3.71495713E-02
 1.17396115E+00  3.18348789E-02
 1.19093441E+00  1.33845668E-02
 1.18712861E+00 -1.21849040E-02
 1.16706591E+00 -3.23397047E-02
 1.13615816E+00 -3.88368318E-02
 1.09388515E+00 -2.80205468E-02
 1.05538032E+00 -4.38901315E-03
 1.04211570E+00  1.88787363E-02
 1.06671972E+00  3.37503561E-02
 1.12912359E+00  3.79606881E-02
 1.19547990E+00  3.14750753E-02
 1.21827747E+00  1.99765181E-02
 1.20442657E+00  6.10048598E-03
 1.18761431E+00 -1.09204838E-02
 1.15407705E+00 -2.60506445E-02
 1.09000846E+00 -3.31600258E-02
 1.04006387E+00 -2.74327509E-02
 1.04717072E+00 -5.55018244E-03
 1.08853999E+00  2.46259994E-02
 1.12162107E+00  4.72606870E-02
 1.14727137E+00  5.21299441E-02
 1.17497527E+00  3.54638860E-02
 1.19126059E+00  4.20361088E-03
 1.19027893E+00 -2.36496071E-02
 1.17071451E+00 -3.71498240E-02
 1.12731331E+00 -3.37383739E-02
 1.07741993E+00 -1.50719885E-02
 1.05227389E+00  8.53013522E-03
 1.06837515E+00  3.00841165E-02
 1.12422598E+00  4.64688211E-02
 1.18273985E+00  4.64930599E-02
 1.19216126E+00  2.40815373E-02
 1.17071054E+00 -5.03109941E-03
 1.16956075E+00 -1.88818518E-02
 1.16553228E+00 -1.66935254E-02
 1.12514477E+00 -8.90180064E-03
 1.09568375E+00  2.27488591E-03
 1.12502225E+00  1.20836720E-02
 1.17711562E+00  1.41955321E-02
 1.19711129E+00  1.00844400E-02
 1.18624395E+00  1.24878536E-03
 1.15973984E+00 -1.00842521E-02
 1.11862849E+00 -1.69738560E-02
 1.08089936E+00 -1.47091809E-02
 1.06324949E+00 -7.42636202E-03
 1.06432873E+00 -1.96467669E-03
 1.08207212E+00  6.34124647E-03
 1.11023908E+00  2.38691963E-02
 1.14316548E+00  3.72612754E-02
 1.17954181E+00  3.01176312E-02
 1.20817851E+00  1.10890808E-02
 1.21454181E+00 -3.14485306E-03
 1.19090661E+00 -1.30914266E-02
 1.13835964E+00 -2.19486517E-02
 1.08255601E+00 -2.45937705E-02
 1.05822539E+00 -1.94545441E-02
 1.05893361E+00 -7.26426401E-03
 1.05982524E+00  1.26791307E-02
 1.07660508E+00  3.49415590E-02
 1.12716227E+00  4.98767291E-02
 1.17845381E+00  5.04953362E-02
 1.19322453E+00  3.33405275E-02
 1.18280353E+00  3.76347648E-03
 1.17028883E+00 -2.48804101E-02
 1.14695388E+00 -4.31589511E-02
 1.10387516E+00 -4.60968532E-02
 1.05823073E+00 -3.26750834E-02
 1.02846954E+00 -9.01248388E-03
 1.02633881E+00  2.00999717E-02
 1.06162721E+00  4.97438172E-02
 1.12294964E+00  6.55228578E-02
 1.18081257E+00  5.59754599E-02
 1.21570251E+00  3.12007788E-02
 1.21827501E+00  8.93596556E-03
 1.19188893E+00 -1.41261187E-02
 1.15684882E+00 -4.45733757E-02
 1.12351438E+00 -5.93499401E-02
 1.09263401E+00 -3.65152869E-02
 1.07047780E+00 -9.70741905E-04
 1.05913801E+00  1.14359937E-02
 1.06393041E+00  1.31882481E-02
 1.09367674E+00  2.87929720E-02
 1.13884280E+00  3.95147705E-02
 1.17932875E+00  2.41346631E-02
 1.20053599E+00  9.12514714E-04
 1.19193484E+00 -9.58185050E-03
 1.15919134E+00 -1.51073866E-02
 1.12392167E+00 -2.50059464E-02
 1.09802091E+00 -2.85362974E-02
 1.08523469E+00 -1.60788545E-02
 1.08671334E+00  4.06021941E-03
 1.09432997E+00  2.02631328E-02
 1.10636232E+00  2.73622001E-02
 1.12729773E+00  2.14718081E-02
 1.15106095E+00  5.45412138E-03
 1.16894682E+00 -9.51287073E-03
 1.17375893E+00 -1.74683601E-02
 1.15868435E+00 -1.74495895E-02
 1.13176739E+00 -9.51574850E-03
 1.11200033E+00  1.46799517E-03
 1.11002021E+00  1.24208288E-02
 1.12851481E+00  2.21101499E-02
 1.15849493E+00  2.25180586E-02
 1.17833707E+00  8.54955133E-03
 1.17717348E+00 -6.65686743E-03
 1.15734426E+00 -6.17214126E-03
 1.12883758E+00  2.24121299E-03
 1.11234922E+00  2.71425026E-03
 1.11880429E+00  5.25155912E-03
 1.14375316E+00  1.91931055E-02
 1.17579717E+00  1.40336527E-02
 1.19379867E+00 -3.78143925E-02
 1.18381583E+00 -9.33394729E-02
 1.14577037E+00 -9.28352208E-02
 1.08549434E+00 -6.28643030E-02
 1.01932115E+00 -5.25651472E-02
 9.64261568E-01 -2.41106666E-02
 9.35936932E-01  6.87339015E-02
 9.61623712E-01  1.83182623E-01
 1.05049170E+00  2.52063499E-01
 1.14113077E+00  2.36745085E-01
 1.14822007E+00  1.16552806E-01
 1.07212762E+00 -4.59733859E-02
 9.68965436E-01 -1.35896379E-01
 8.82251243E-01 -1.56076729E-01
 8.62510062E-01 -1.67868508E-01
 9.13507621E-01 -1.38299223E-01
 9.81595121E-01 -4.38741070E-02
 1.05752784E+00  3.39103180E-02
 1.14252792E+00  2.33144421E-02
 1.18532323E+00 -3.56284660E-02
 1.15287296E+00 -6.77305671E-02
 1.08291291E+00 -7.13330813E-02
 1.03173020E+00 -6.62863683E-02
 1.00444202E+00 -4.86143528E-02
 9.82141313E-01 -3.25896350E-02
 9.62360903E-01 -1.54047825E-02
 9.42065642E-01  3.05711565E-02
 9.53434491E-01  9.12417744E-02
 1.04661547E+00  1.33513800E-01
 1.17647988E+00  1.45881592E-01
 1.25496220E+00  1.17029725E-01
 1.27904662E+00  4.34993640E-02
 1.26547185E+00 -5.68895159E-02
 1.17626329E+00 -1.65765184E-01
 1.00481247E+00 -2.59615136E-01
 8.42800066E-01 -2.96049629E-01
 7.89014294E-01 -2.47542844E-01
 8.16615142E-01 -1.53279626E-01
 8.45689845E-01 -7.95577553E-02
 8.91642903E-01 -2.23917455E-02
 9.84593605E-01  4.70568693E-02
 1.08241697E+00  8.94324176E-02
 1.15173510E+00  6.75259837E-02
 1.19073008E+00  2.19861699E-02
 1.19591399E+00  2.70520902E-03
 1.18664822E+00  1.23986833E-03
 1.19472131E+00 -5.05679525E-03
 1.20254038E+00 -1.04409339E-02
 1.17175877E+00 -1.36223436E-02
 1.11992579E+00 -2.42583533E-02
 1.08219787E+00 -4.02976002E-02
 1.05651688E+00 -5.83662355E-02
 1.03972746E+00 -7.58931255E-02
 1.03946333E+00 -8.01520219E-02
 1.05075628E+00 -6.08239262E-02
 1.06754325E+00 -3.04647239E-02
 1.08837223E+00 -1.11193761E-02
 1.10604025E+00 -3.50569854E-03
 1.11416108E+00  1.23538411E-03
 1.11486200E+00  1.91907591E-03
 1.11366703E+00  8.83830057E-04
 1.11378883E+00  4.03065576E-03
 1.11633508E+00  1.07827694E-02
 1.11736818E+00  1.87434228E-02
 1.10857426E+00  2.53654652E-02
 1.08831989E+00  2.95360465E-02
 1.06166337E+00  3.31120833E-02
 1.03632419E+00  3.79399569E-02
 1.02420215E+00  4.60843447E-02
 1.03281914E+00  5.78472774E-02
 1.06157229E+00  7.02138664E-02
 1.10445698E+00  7.91753452E-02
 1.14927395E+00  7.99289440E-02
 1.18560257E+00  6.90091599E-02
 1.20833510E+00  4.66944063E-02
 1.21588018E+00  1.74484816E-02
 1.21178379E+00 -1.08787168E-02
 1.19767286E+00 -3.19423957E-02
 1.17306059E+00 -4.27281577E-02
 1.14233388E+00 -4.41538702E-02
 1.11131731E+00 -4.13434027E-02
 1.08695978E+00 -3.71782201E-02
 1.07677884E+00 -3.18391581E-02
 1.07964357E+00 -2.57756340E-02
 1.08807670E+00 -1.79039834E-02
 1.09744378E+00 -9.15765887E-03
 1.10464434E+00 -2.75961326E-03
 1.11018709E+00  1.12606812E-03
 1.11944108E+00  3.59358518E-03
 1.13264717E+00  5.50336252E-03
 1.14590038E+00  8.56913642E-03
 1.15690249E+00  1.22384021E-02
 1.16213084E+00  1.40285949E-02
 1.16059014E+00  1.33584159E-02
 1.15562023E+00  1.06182067E-02
 1.14972057E+00  6.65560618E-03
 1.14553932E+00  3.60967910E-03
 1.14567214E+00  2.38787069E-03
 1.14966603E+00  2.44421608E-03
 1.15426197E+00  3.36536566E-03
 1.15462516E+00  4.24791932E-03
 1.14760227E+00  4.67916655E-03
 1.13386991E+00  5.60696728E-03
 1.11954179E+00  8.66314457E-03
 1.11474853E+00  1.57844823E-02
 1.12524511E+00  2.73835974E-02
 1.15030027E+00  4.10825666E-02
 1.18225948E+00  5.11067177E-02
 1.20660252E+00  4.96823467E-02
 1.21312933E+00  3.26229660E-02
 1.19851923E+00  1.86793408E-03
 1.16436333E+00 -3.22920633E-02
 1.11982585E+00 -5.31372613E-02
 1.07341950E+00 -4.96129835E-02
 1.03275057E+00 -2.02735025E-02
 1.01239349E+00  2.42120546E-02
 1.02615823E+00  6.19017176E-02
 1.07899181E+00  7.81065031E-02
 1.16051985E+00  6.92935880E-02
 1.22711343E+00  4.13146824E-02
 1.22930487E+00  1.17392928E-02
 1.18550034E+00 -8.79381748E-03
 1.14988733E+00 -1.91280766E-02
 1.12219219E+00 -1.78552440E-02
 1.09089839E+00 -9.35762232E-03
 1.08728898E+00  3.96717214E-03
 1.12777896E+00  2.23694757E-02
 1.17857370E+00  3.29838891E-02
 1.20054937E+00  2.32082604E-02
 1.19626169E+00  4.48591634E-03
 1.18385012E+00 -4.11931519E-03
 1.15552516E+00 -5.09385553E-03
 1.10979677E+00 -7.76814668E-03
 1.07892432E+00 -7.18817402E-03
 1.08947155E+00  9.52332223E-04
 1.12309325E+00  1.40367226E-02
 1.14559280E+00  2.97516338E-02
 1.15766610E+00  3.72753671E-02
 1.17141494E+00  2.35326943E-02
 1.17951491E+00 -1.67380322E-03
 1.17921836E+00 -1.72859609E-02
 1.17210153E+00 -2.00914316E-02
 1.15299874E+00 -1.41767177E-02
 1.12741280E+00 -4.99394047E-04
 1.10907439E+00  1.28878360E-02
 1.10639840E+00  1.96179095E-02
 1.12378769E+00  2.07106377E-02
 1.15364306E+00  1.73640138E-02
 1.17697230E+00  1.27760142E-02
 1.18296238E+00  8.61720865E-03
 1.16992531E+00  3.13949119E-03
 1.14470489E+00 -2.39914775E-03
 1.12502668E+00 -5.82820456E-03
 1.12033731E+00 -5.56468972E-03
 1.12912847E+00  4.50313432E-04
 1.14643485E+00  9.86824548E-03
 1.15998617E+00  1.69946062E-02
 1.16335021E+00  1.84777957E-02
 1.15971802E+00  1.30000038E-02
 1.15208897E+00  2.96449338E-03
 1.14666089E+00 -5.20172312E-03
 1.14682942E+00 -8.01240448E-03
 1.14934232E+00 -5.34740769E-03
 1.15237039E+00  1.06294778E-03
 1.15364143E+00  6.39098492E-03
 1.15163861E+00  8.15701389E-03
 1.14862729E+00  7.22795521E-03
 1.14594662E+00  4.56662342E-03
 1.14450954E+00  2.60454022E-03
 1.14540602E+00  2.50588341E-03
 1.14801475E+00  2.94132710E-03
 1.15189589E+00  3.26983946E-03
 1.15682097E+00  2.70080963E-03
 1.16197972E+00  9.02902413E-04
 1.16667020E+00 -8.20118793E-04
 1.16950641E+00 -1.42316396E-03
 1.16866597E+00 -6.37299134E-05
 1.16328456E+00  3.76160683E-03
 1.15388314E+00  9.13473101E-03
 1.14356366E+00  1.40023120E-02
 1.13724086E+00  1.57118426E-02
 1.13797524E+00  1.24267874E-02
 1.14574769E+00  4.18031834E-03
 1.15586380E+00 -6.41720220E-03
 1.15990119E+00 -1.47000319E-02
 1.15302878E+00 -1.73307765E-02
 1.13589321E+00 -1.32015600E-02
 1.11551192E+00 -3.69348180E-03
 1.10470761E+00  7.04114173E-03
 1.11113727E+00  1.60971176E-02
 1.13456435E+00  2.22001008E-02
 1.16756474E+00  2.39589367E-02
 1.19485493E+00  2.13111624E-02
 1.20575777E+00  1.39660311E-02
 1.19697834E+00  1.74046609E-03
 1.16887821E+00 -1.15425850E-02
 1.12937112E+00 -2.00322419E-02
 1.08719763E+00 -1.95082627E-02
 1.05247597E+00 -8.19026197E-03
 1.04742678E+00  9.40922666E-03
 1.08715471E+00  2.36252092E-02
 1.14493419E+00  2.82781050E-02
 1.17699561E+00  2.16146215E-02
 1.18085985E+00  7.03066587E-03
 1.17486488E+00 -6.22676493E-03
 1.16043373E+00 -1.29324604E-02
 1.14465996E+00 -1.29263265E-02
 1.13590384E+00 -7.53765057E-03
 1.12826658E+00 -1.83568958E-03
 1.12183929E+00  1.81106223E-03
 1.12174013E+00  4.96094220E-03
 1.13141646E+00  7.07051728E-03
 1.15334311E+00  7.96639939E-03
 1.17003903E+00  7.15945845E-03
 1.15792884E+00  2.66556533E-03
 1.13060787E+00 -3.69295047E-03
 1.11748088E+00 -7.78381132E-03
 1.11823957E+00 -7.31194495E-03
 1.12404477E+00 -1.22511622E-03
 1.13701993E+00  7.74482141E-03
 1.15169739E+00  1.33138272E-02
 1.16176693E+00  1.20844913E-02
 1.16886092E+00  3.93209951E-03
 1.17171851E+00 -8.21806700E-03
 1.16827180E+00 -1.77113465E-02
 1.15775191E+00 -2.05845409E-02
 1.13914358E+00 -1.67024159E-02
 1.11831169E+00 -7.68032530E-03
 1.10578120E+00  1.85081240E-03
 1.10821074E+00  8.91957019E-03
 1.12779884E+00  1.33081400E-02
 1.15762879E+00  1.41639532E-02
 1.18235931E+00  1.16824893E-02
 1.19193732E+00  5.83350566E-03
 1.18318313E+00 -4.05171088E-03
 1.15964010E+00 -1.51131098E-02
 1.13362588E+00 -2.25944804E-02
 1.11313081E+00 -2.30837837E-02
 1.10089400E+00 -1.47161288E-02
 1.10145293E+00 -4.88708508E-04
 1.11547607E+00  1.23817828E-02
 1.14199148E+00  1.91525278E-02
 1.17670904E+00  1.78837432E-02
 1.19845935E+00  9.64525635E-03
 1.18611777E+00 -4.01687455E-04
 1.15596944E+00 -9.32027694E-03
 1.13795915E+00 -1.65113482E-02
 1.12032496E+00 -2.00237715E-02
 1.08375505E+00 -1.90326976E-02
 1.06073593E+00 -1.24895719E-02
 1.08739754E+00  6.59671699E-04
 1.13933123E+00  1.57775588E-02
 1.17502669E+00  2.50479036E-02
 1.18978963E+00  2.33124222E-02
 1.18731681E+00  8.75547758E-03
 1.16652309E+00 -1.28035884E-02
 1.14204303E+00 -2.90075394E-02
 1.12451544E+00 -3.23653874E-02
 1.11237725E+00 -2.15653856E-02
 1.10712341E+00 -1.71979025E-03
 1.10788735E+00  1.47250903E-02
 1.11568778E+00  2.06467935E-02
 1.13541959E+00  1.61584028E-02
 1.16072175E+00  4.42035586E-03
 1.17918361E+00 -5.96266084E-03
 1.18262797E+00 -1.04074848E-02
 1.16602708E+00 -1.05757291E-02
 1.13693680E+00 -7.59376178E-03
 1.11407606E+00 -4.73294411E-03
 1.10804200E+00 -3.46538672E-03
 1.12080630E+00 -1.32905884E-03
 1.14582221E+00  1.57988532E-03
 1.16571966E+00  4.40810313E-03
 1.17138400E+00  6.51378876E-03
 1.16433174E+00  5.77376564E-03
 1.14917973E+00  2.48129606E-03
 1.13759307E+00 -1.07607358E-03
 1.13557153E+00 -3.83550336E-03
 1.13979240E+00 -4.93568846E-03
 1.14740856E+00 -4.45425070E-03
 1.15268190E+00 -3.99601130E-03
 1.15244120E+00 -3.95640898E-03
 1.14984059E+00 -3.78983618E-03
 1.14651810E+00 -3.19619413E-03
 1.14438606E+00 -1.40358827E-03
 1.14488758E+00  1.61642824E-03
 1.14612491E+00  4.72926864E-03
 1.14730993E+00  6.79953318E-03
 1.14830617E+00  6.55064714E-03
 1.14863785E+00  3.24839896E-03
 1.14915218E+00 -2.42236585E-03
 1.15024232E+00 -8.34893755E-03
 1.15166813E+00 -1.14437368E-02
 1.15351692E+00 -9.53853680E-03
 1.15547542E+00 -2.39212528E-03
 1.15722797E+00  7.56957662E-03
 1.15873276E+00  1.56696221E-02
 1.15978193E+00  1.87304661E-02
 1.16023578E+00  1.59277212E-02
 1.16007597E+00  8.79442453E-03
 1.15926199E+00  1.52514297E-03
 1.15781377E+00 -3.33729773E-03
 1.15579990E+00 -5.48300972E-03
 1.15331558E+00 -5.04905579E-03
 1.15053829E+00 -3.71042519E-03
 1.14779772E+00 -2.07385037E-03
 1.14559058E+00  7.34991900E-04
 1.14456652E+00  4.00299783E-03
 1.14535778E+00  6.65808738E-03
 1.14815592E+00  7.69536633E-03
 1.15240374E+00  5.77545527E-03
 1.15643765E+00  1.80257374E-03
 1.15794349E+00 -1.66964760E-03
 1.15555899E+00 -3.18908971E-03
 1.14962181E+00 -2.10146601E-03
 1.14306652E+00  7.54757514E-04
 1.14060261E+00  2.86411028E-03
 1.14457571E+00  3.28961444E-03
 1.15356582E+00  2.83777331E-03
 1.16119681E+00  3.19450818E-03
 1.15807593E+00  7.18004219E-03
 1.14161303E+00  1.56527421E-02
 1.11981156E+00  2.63939241E-02
 1.11411478E+00  3.47677905E-02
 1.14513480E+00  3.42174480E-02
 1.18965236E+00  2.08917004E-02
 1.20217574E+00 -4.07899128E-03
 1.18204797E+00 -3.37485902E-02
 1.14947663E+00 -5.62416967E-02
 1.10876086E+00 -6.29593923E-02
 1.07225998E+00 -5.12021312E-02
 1.04786089E+00 -2.48475714E-02
 1.03244555E+00  4.85255251E-03
 1.05206661E+00  2.87703965E-02
 1.12953209E+00  4.07515302E-02
 1.21112807E+00  3.33490304E-02
 1.22445048E+00  7.52128782E-03
 1.19222929E+00 -1.82674626E-02
 1.17016697E+00 -2.37203034E-02
 1.13549994E+00 -1.83301714E-02
 1.06352715E+00 -2.31940315E-02
 1.01174935E+00 -2.35815971E-02
 1.03393993E+00  2.44615260E-03
 1.09615885E+00  3.63363177E-02
 1.14105851E+00  5.07180611E-02
 1.16691074E+00  4.22250586E-02
 1.18461360E+00  1.45931865E-02
 1.18543845E+00 -1.80805117E-02
 1.17578080E+00 -3.06716544E-02
 1.16147751E+00 -2.77824409E-02
 1.13484582E+00 -3.09078585E-02
 1.10278692E+00 -2.84355454E-02
 1.07958937E+00 -4.59185991E-03
 1.07570175E+00  2.00858357E-02
 1.10055970E+00  2.35312167E-02
 1.14479145E+00  1.62966520E-02
 1.18339261E+00  1.47504943E-02
 1.20148796E+00  1.30774562E-02
 1.19308708E+00  3.44815306E-03
 1.16361121E+00 -7.77669763E-03
 1.13357798E+00 -1.51177100E-02
 1.11352684E+00 -1.66894483E-02
 1.10333551E+00 -8.63484327E-03
 1.10372379E+00  6.30296245E-03
 1.10883305E+00  1.92069973E-02
 1.11724812E+00  2.49056738E-02
 1.13393316E+00  2.12490978E-02
 1.15365708E+00  1.02038897E-02
 1.16746812E+00 -8.13649779E-04
 1.16896585E+00 -8.09761195E-03
 1.15247947E+00 -1.18110006E-02
 1.12488184E+00 -1.20040725E-02
 1.10313197E+00 -1.11922358E-02
 1.09690986E+00 -1.00258655E-02
 1.10899790E+00 -6.43570139E-03
 1.13315516E+00 -1.27679183E-03
 1.15245928E+00  3.72556013E-03
 1.15806594E+00  7.09677969E-03
 1.15086233E+00  6.53362440E-03
 1.13540339E+00  2.63511135E-03
 1.12360384E+00 -1.62253166E-03
 1.12149110E+00 -4.72411539E-03
 1.12598057E+00 -5.78594058E-03
 1.13404312E+00 -4.89601319E-03
 1.13933875E+00 -3.86503109E-03
 1.13843840E+00 -3.08399358E-03
 1.13445938E+00 -1.72779899E-03
 1.12932677E+00  3.79313192E-04
 1.12575979E+00  3.70689370E-03
 1.12603003E+00  8.01308754E-03
 1.12917118E+00  1.18129333E-02
 1.13576501E+00  1.40006214E-02
 1.14667113E+00  1.35961663E-02
 1.16084013E+00  9.75149077E-03
 1.17600599E+00  2.65054431E-03
 1.18522645E+00 -6.57131490E-03
 1.17884488E+00 -1.59747155E-02
 1.15200831E+00 -2.32363606E-02
 1.10706683E+00 -2.59961990E-02
 1.05814637E+00 -2.20153458E-02
 1.02836222E+00 -1.01645970E-02
 1.03297827E+00  8.39585430E-03
 1.07444791E+00  2.85374961E-02
 1.13792655E+00  3.83986980E-02
 1.19257735E+00  2.74584280E-02
 1.21781655E+00  5.59746196E-03
 1.20850762E+00 -7.44973279E-03
 1.17306415E+00 -1.19699401E-02
 1.13645200E+00 -1.65089577E-02
 1.11303090E+00 -1.85377821E-02
 1.10273618E+00 -1.67208194E-02
 1.10406107E+00 -9.96842399E-03
 1.10713057E+00  6.03387643E-03
 1.10923907E+00  2.11402537E-02
 1.11826705E+00  1.98409185E-02
 1.13369352E+00  8.39985236E-03
 1.15278595E+00  1.10661439E-03
 1.17108059E+00 -3.51307320E-03
 1.17760796E+00 -9.49658334E-03
 1.16754897E+00 -1.35649054E-02
 1.14248820E+00 -1.46669630E-02
 1.10570979E+00 -9.99868551E-03
 1.06956176E+00  9.90732688E-03
 1.05825904E+00  5.63363650E-02
 1.08953863E+00  1.26062593E-01
 1.14064825E+00  1.66286032E-01
 1.16641504E+00  1.17839642E-01
 1.15408212E+00  2.86643422E-02
 1.11290908E+00 -8.46846245E-03
 1.06040345E+00 -8.32629787E-03
 1.03244309E+00 -2.00639897E-02
 1.04258387E+00 -2.43750192E-02
 1.07680515E+00 -9.88853401E-03
 1.12648083E+00 -1.36892611E-03
 1.17508126E+00 -5.70795952E-03
 1.20373653E+00 -1.24407866E-02
 1.20910445E+00 -1.36570317E-02
 1.19533369E+00 -1.10562261E-02
 1.16982182E+00 -9.93706392E-03
 1.12690222E+00 -6.86963782E-03
 1.06007539E+00  3.14326926E-03
 1.00814249E+00  2.19972824E-02
 1.01930837E+00  5.10541138E-02
 1.07597720E+00  8.12062425E-02
 1.13383721E+00  9.53176419E-02
 1.18997412E+00  8.38044877E-02
 1.24245617E+00  4.53388968E-02
 1.25565277E+00 -9.80522547E-03
 1.20912832E+00 -5.93120935E-02
 1.13150067E+00 -8.81123323E-02
 1.06580997E+00 -9.13454352E-02
 1.02255662E+00 -7.18623969E-02
 9.96379170E-01 -4.36145869E-02
 9.89000893E-01 -1.52138251E-02
 9.95838110E-01  1.19466540E-02
 1.02834322E+00  3.34653824E-02
 1.10487412E+00  4.78041582E-02
 1.18513267E+00  5.12158326E-02
 1.21092415E+00  3.74427822E-02
 1.19842154E+00  1.26780207E-02
 1.18898469E+00 -1.00413351E-02
 1.17177292E+00 -2.19473982E-02
 1.13198016E+00 -1.83363578E-02
 1.08690622E+00 -8.57613900E-03
 1.04923577E+00 -9.01254467E-03
 1.02772387E+00 -1.02611317E-02
 1.03724518E+00  6.19141942E-03
 1.07367156E+00  2.55861569E-02
 1.11733442E+00  2.61045262E-02
 1.15546377E+00  1.74308722E-02
 1.17854680E+00  1.40293208E-02
 1.18448052E+00  9.36043763E-03
 1.18269052E+00 -2.14181286E-03
 1.17434623E+00 -1.10070391E-02
 1.15570344E+00 -9.59728542E-03
 1.13210488E+00 -2.30974189E-03
 1.10965515E+00  4.32640585E-03
 1.09594037E+00  9.10017338E-03
 1.10028123E+00  1.14372665E-02
 1.11814724E+00  1.10508134E-02
 1.13560231E+00  1.06504198E-02
 1.14494947E+00  1.06913112E-02
 1.14251411E+00  9.30069859E-03
 1.13198534E+00  6.80708951E-03
 1.12614793E+00  3.80225538E-03
 1.12967774E+00  9.93586814E-04
 1.13927120E+00  1.83450658E-04
 1.15082477E+00  1.28353837E-03
 1.15549120E+00  2.82332039E-03
 1.14940425E+00  4.37154527E-03
 1.13691192E+00  5.69291800E-03
 1.12270481E+00  7.03733264E-03
 1.11393823E+00  9.52713770E-03
 1.11573672E+00  1.30645581E-02
 1.12689459E+00  1.63190566E-02
 1.14353709E+00  1.75354251E-02
 1.15865246E+00  1.44425686E-02
 1.16610168E+00  6.12915452E-03
 1.16316854E+00 -5.87510190E-03
 1.14814690E+00 -1.74275322E-02
 1.12277600E+00 -2.25425160E-02
 1.09215289E+00 -1.73875280E-02
 1.06656945E+00 -2.19906138E-03
 1.06906760E+00  1.72476587E-02
 1.11488751E+00  3.06760721E-02
 1.16689287E+00  3.13172890E-02
 1.17282221E+00  1.81389282E-02
 1.15890633E+00 -3.33127926E-03
 1.17647683E+00 -2.10347947E-02
 1.18907217E+00 -2.72760423E-02
 1.14571727E+00 -2.07458785E-02
 1.08238258E+00 -4.16616024E-03
 1.05067252E+00  1.37850185E-02
 1.05174848E+00  2.76956496E-02
 1.08057990E+00  3.67493591E-02
 1.13295485E+00  3.82656689E-02
 1.18113072E+00  3.16408682E-02
 1.20320589E+00  1.71259379E-02
 1.19533947E+00 -3.86523990E-03
 1.16369781E+00 -1.93302709E-02
 1.12792203E+00 -1.68240501E-02
 1.09942282E+00 -6.37069080E-03
 1.07890322E+00 -5.08749768E-03
 1.07263383E+00 -2.98041006E-03
 1.08278594E+00  1.53563677E-02
 1.11008420E+00  3.25712250E-02
 1.15353625E+00  2.68104732E-02
 1.18803836E+00  9.47065796E-03
 1.18535771E+00 -5.36075383E-04
 1.16265931E+00 -4.87700710E-03
 1.15246975E+00 -7.26154422E-03
 1.13810505E+00 -4.64704216E-03
 1.09564941E+00  3.69992112E-04
 1.06200148E+00  5.20306286E-03
 1.07961893E+00  1.14872450E-02
 1.12409897E+00  1.76316766E-02
 1.15324877E+00  2.07634471E-02
 1.16691141E+00  1.88268323E-02
 1.17206807E+00  9.94972030E-03
 1.16349327E+00 -2.52634511E-03
 1.14902708E+00 -1.14029217E-02
 1.13530940E+00 -1.24256766E-02
 1.11874087E+00 -4.30021336E-03
 1.10313122E+00  9.54376634E-03
 1.09461880E+00  2.06965426E-02
 1.09797993E+00  2.43306598E-02
 1.11833381E+00  2.00341549E-02
 1.14821248E+00  1.00859997E-02
 1.17105231E+00  9.12155053E-04
 1.17682051E+00 -3.92582393E-03
 1.16169737E+00 -4.98458892E-03
 1.13302156E+00 -2.85864002E-03
 1.10978834E+00 -9.84136276E-05
 1.10244758E+00  2.12443978E-03
 1.11140533E+00  5.21833900E-03
 1.13105185E+00  8.50869561E-03
 1.14641708E+00  1.08222580E-02
 1.14981272E+00  1.12254736E-02
 1.14390330E+00  8.13946330E-03
 1.13242735E+00  2.72152806E-03
 1.12413062E+00 -1.80569670E-03
 1.12356001E+00 -3.59820845E-03
 1.12725727E+00 -1.74928148E-03
 1.13317648E+00  2.69708802E-03
 1.13792043E+00  6.44266809E-03
 1.13936811E+00  7.84189068E-03
 1.14006721E+00  6.97148470E-03
 1.14083186E+00  4.56133106E-03
 1.14186841E+00  2.81290511E-03
 1.14357153E+00  2.74420481E-03
 1.14427783E+00  3.68719656E-03
 1.14330051E+00  5.18272573E-03
 1.14096581E+00  6.23601528E-03
 1.13720889E+00  6.33466861E-03
 1.13278200E+00  6.11974847E-03
 1.12857500E+00  5.83806733E-03
 1.12516205E+00  5.71196992E-03
 1.12342072E+00  5.94766678E-03
 1.12400084E+00  6.18858052E-03
 1.12698190E+00  6.30584693E-03
 1.13205589E+00  6.34527982E-03
 1.13853912E+00  6.23976771E-03
 1.14521709E+00  6.10652201E-03
 1.15018984E+00  6.00752300E-03
 1.15133470E+00  5.88323894E-03
 1.14716742E+00  5.75091619E-03
 1.13765338E+00  5.60153965E-03
 1.12556231E+00  5.41906499E-03
 1.11571983E+00  5.23813455E-03
 1.11178382E+00  5.06988482E-03
 1.11536049E+00  4.91897539E-03
 1.12481139E+00  4.80303706E-03
 1.13528956E+00  4.72764316E-03
 1.14357559E+00  4.69979856E-03
 1.14842684E+00  4.72924398E-03
 1.14936799E+00  4.81513595E-03
 1.14792077E+00  4.95063010E-03
 1.14435896E+00  5.12344457E-03
 1.13776168E+00  5.31121471E-03
 1.12974496E+00  5.48221195E-03
 1.12275582E+00  5.59877047E-03
 1.11911820E+00  5.62329654E-03
 1.12117188E+00  5.52531222E-03
 1.12781087E+00  5.29150179E-03
 1.13521897E+00  4.92967862E-03
 1.14107355E+00  4.46407719E-03
 1.14408474E+00  3.94380534E-03
 1.14438014E+00  3.45446560E-03
 1.14419682E+00  3.10517545E-03
 1.14391765E+00  3.00603696E-03
 1.14222085E+00  3.24922458E-03
 1.13841266E+00  3.87280864E-03
 1.13142888E+00  4.85223623E-03
 1.12161768E+00  6.12926364E-03
 1.11164289E+00  7.58850742E-03
 1.10456516E+00  9.02513803E-03
 1.10380018E+00  1.01807464E-02
 1.11167696E+00  1.07861962E-02
 1.12756840E+00  1.06091152E-02
 1.14728844E+00  9.55660329E-03
 1.16394468E+00  7.68803471E-03
 1.17197170E+00  5.13578799E-03
 1.16880645E+00  2.16257108E-03
 1.15609929E+00 -7.71191435E-04
 1.13970639E+00 -3.09580563E-03
 1.12361749E+00 -4.22330270E-03
 1.10950473E+00 -3.66784053E-03
 1.09870161E+00 -1.30208471E-03
 1.09061717E+00  2.61324058E-03
 1.08666977E+00  7.61126848E-03
 1.09025892E+00  1.28763132E-02
 1.10171270E+00  1.70859203E-02
 1.11978307E+00  1.87609541E-02
 1.14189083E+00  1.67733493E-02
 1.16271815E+00  1.08565601E-02
 1.17698082E+00  2.50946768E-03
 1.18021676E+00 -5.40361848E-03
 1.16881914E+00 -1.05255075E-02
 1.14315991E+00 -1.14075564E-02
 1.11060816E+00 -8.07664006E-03
 1.08309660E+00 -2.27017378E-03
 1.07045966E+00  4.81561053E-03
 1.07774311E+00  1.23382138E-02
 1.10102608E+00  1.85128735E-02
 1.12806637E+00  2.17190842E-02
 1.15057676E+00  2.03896859E-02
 1.16476110E+00  1.35898514E-02
 1.16871844E+00  3.80133370E-03
 1.16566954E+00 -4.27015764E-03
 1.15564305E+00 -7.24317600E-03
 1.13618137E+00 -3.52010864E-03
 1.11247904E+00  4.90254337E-03
 1.09259366E+00  1.25756078E-02
 1.08378393E+00  1.62461696E-02
 1.09251126E+00  1.51113177E-02
 1.11503299E+00  9.69870791E-03
 1.13929560E+00  3.10678835E-03
 1.15761006E+00 -3.14518770E-03
 1.16551284E+00 -9.35700627E-03
 1.16213470E+00 -1.40653666E-02
 1.15298540E+00 -1.58784538E-02
 1.13966829E+00 -1.35054017E-02
 1.12103057E+00 -5.56196116E-03
 1.10164182E+00  5.59311296E-03
 1.08700349E+00  1.50755954E-02
 1.08269614E+00  1.95613226E-02
 1.09427975E+00  1.72427480E-02
 1.11797105E+00  9.60955830E-03
 1.14307070E+00  1.58061555E-03
 1.16223545E+00 -4.04304542E-03
 1.17044913E+00 -6.66332642E-03
 1.16698386E+00 -6.55002344E-03
 1.15724667E+00 -5.96693132E-03
 1.14287050E+00 -5.10541185E-03
 1.12291536E+00 -1.55461012E-03
 1.10038562E+00  6.62667495E-03
 1.07899252E+00  2.13763330E-02
 1.06588240E+00  4.17973470E-02
 1.07276335E+00  6.20005799E-02
 1.10924925E+00  7.20132295E-02
 1.17065346E+00  6.04218509E-02
 1.21271600E+00  2.30000642E-02
 1.18413977E+00 -3.13597367E-02
 1.11510601E+00 -7.50898901E-02
 1.07233188E+00 -7.58748193E-02
 1.04433979E+00 -3.87570105E-02
 1.00527409E+00  7.93745479E-03
 1.00648008E+00  6.14435621E-02
 1.08719214E+00  1.16823211E-01
 1.18107159E+00  1.32482883E-01
 1.20231866E+00  7.72748223E-02
 1.16518943E+00 -1.56867860E-02
 1.12176486E+00 -8.61195664E-02
 1.07472335E+00 -1.13817777E-01
 1.03100188E+00 -1.00106964E-01
 1.01125396E+00 -5.21987536E-02
 1.01169495E+00 -3.20754870E-03
 1.03718667E+00  2.57252399E-02
 1.09695114E+00  3.66633226E-02
 1.16431916E+00  3.06087336E-02
 1.20454048E+00  1.78141547E-02
 1.21535637E+00  2.94026796E-03
 1.20536176E+00 -1.95318503E-02
 1.16551802E+00 -3.68633589E-02
 1.09650528E+00 -3.42962998E-02
 1.03552867E+00 -1.95584055E-02
 1.02062774E+00 -3.59685046E-03
 1.04127988E+00  1.92878382E-02
 1.06660133E+00  5.28417210E-02
 1.10055970E+00  7.41344280E-02
 1.14954661E+00  5.87398072E-02
 1.18289762E+00  2.13132823E-02
 1.17663068E+00 -8.15432595E-03
 1.15323110E+00 -2.51121997E-02
 1.14237365E+00 -3.24276073E-02
 1.12560815E+00 -2.82592635E-02
 1.07768160E+00 -2.11640105E-02
 1.03735375E+00 -1.60523547E-02
 1.05285069E+00 -8.71721305E-03
 1.10059689E+00  2.45937067E-04
 1.13674163E+00  9.85681646E-03
 1.16135267E+00  1.80292570E-02
 1.17966534E+00  1.88148978E-02
 1.18313528E+00  1.25236828E-02
 1.17673896E+00  3.77631837E-03
 1.16385918E+00 -4.84040635E-03
 1.13876888E+00 -1.00466986E-02
 1.10709568E+00 -1.05052963E-02
 1.07966161E+00 -8.22682358E-03
 1.06564778E+00 -3.05435232E-03
 1.07442265E+00  5.54293973E-03
 1.10218172E+00  1.48283596E-02
 1.13393946E+00  2.14958777E-02
 1.16059295E+00  2.25102296E-02
 1.17651065E+00  1.56670853E-02
 1.17950864E+00  4.02303735E-03
 1.17502748E+00 -5.61469477E-03
 1.16379370E+00 -9.11254652E-03
 1.14358645E+00 -5.09978371E-03
 1.12049787E+00  4.04668303E-03
 1.10263236E+00  1.16982197E-02
 1.09726760E+00  1.44729479E-02
 1.11049335E+00  1.27848250E-02
 1.13557084E+00  8.18975018E-03
 1.15640250E+00  4.96941712E-03
 1.16354000E+00  5.12434233E-03
 1.15410251E+00  7.15906155E-03
 1.13467377E+00  1.00138913E-02
 1.12228243E+00  1.16740876E-02
 1.12515351E+00  1.10589199E-02
 1.14111249E+00  9.47363136E-03
 1.16335251E+00  7.59378729E-03
 1.17721057E+00  6.11552908E-03
 1.17508770E+00  5.69444284E-03
 1.16049196E+00  5.80802332E-03
 1.13978793E+00  6.24431357E-03
 1.12488428E+00  6.99380283E-03
 1.12318018E+00  7.83160220E-03
 1.13258781E+00  8.87333628E-03
 1.14805720E+00  9.99836725E-03
 1.16010880E+00  1.08018152E-02
 1.16268374E+00  1.09957781E-02
 1.15728411E+00  1.02643406E-02
 1.14790273E+00  8.53508324E-03
 1.14204104E+00  6.08270613E-03
 1.14391096E+00  3.23807488E-03
 1.15129605E+00  5.22496860E-04
 1.16024780E+00 -1.26306065E-03
 1.16416665E+00 -1.32694986E-03
 1.15936134E+00  8.32364837E-04
 1.14795323E+00  5.06658646E-03
 1.13408202E+00  9.94268705E-03
 1.12446276E+00  1.31802125E-02
 1.12348780E+00  1.31932954E-02
 1.13040659E+00  9.59713364E-03
 1.14175759E+00  3.93514149E-03
 1.15108058E+00 -5.69254433E-04
 1.15411446E+00 -1.84944858E-03
 1.15107053E+00  5.16043286E-04
 1.14450075E+00  5.37746498E-03
 1.13984316E+00  9.76289020E-03
 1.14025957E+00  1.20050363E-02
 1.14498071E+00  1.22018460E-02
 1.15223166E+00  1.09570171E-02
 1.15823576E+00  1.00291635E-02
 1.16090811E+00  1.01728984E-02
 1.16123918E+00  1.05909849E-02
 1.15994627E+00  1.07647729E-02
 1.15850088E+00  9.85575227E-03
 1.15766409E+00  7.50743721E-03
 1.15627155E+00  4.52174020E-03
 1.15391711E+00  1.49666018E-03
 1.15040189E+00 -9.24405295E-04
 1.14563152E+00 -2.09615954E-03
 1.14055767E+00 -1.96616804E-03
 1.13578448E+00 -5.46456854E-04
 1.13166268E+00  2.01901709E-03
 1.12891523E+00  5.31698542E-03
 1.12812861E+00  8.82810359E-03
 1.13015605E+00  1.15883475E-02
 1.13593943E+00  1.24084418E-02
 1.14541353E+00  1.04840132E-02
 1.15718422E+00  5.71688542E-03
 1.16790643E+00 -5.47933554E-04
 1.17295567E+00 -5.83350964E-03
 1.16929200E+00 -8.21102619E-03
 1.15673019E+00 -6.68776863E-03
 1.13946468E+00 -1.74067560E-03
 1.12533457E+00  4.56429903E-03
 1.12001473E+00  1.07553192E-02
 1.12558071E+00  1.59566707E-02
 1.13974081E+00  1.90142925E-02
 1.15541209E+00  1.93524345E-02
 1.16779127E+00  1.62613156E-02
 1.17495729E+00  9.27103359E-03
 1.17511500E+00  4.38891239E-04
 1.16894626E+00 -6.69981669E-03
 1.15637574E+00 -9.36638145E-03
 1.13702349E+00 -5.87086258E-03
 1.11667094E+00  2.53697333E-03
 1.10403102E+00  1.18472486E-02
 1.10557633E+00  1.93442126E-02
 1.12453012E+00  2.35375050E-02
 1.15457463E+00  2.34643178E-02
 1.18139822E+00  1.98957101E-02
 1.19512360E+00  1.29424146E-02
 1.19107238E+00  2.52550443E-03
 1.17043976E+00 -8.24839333E-03
 1.14249082E+00 -1.49624117E-02
 1.11295726E+00 -1.41833409E-02
 1.08433429E+00 -4.05858736E-03
 1.06349064E+00  1.20531574E-02
 1.05630480E+00  2.65860499E-02
 1.06819528E+00  3.43500096E-02
 1.10268308E+00  3.29123714E-02
 1.14912183E+00  2.32291241E-02
 1.18761951E+00  1.06380975E-02
 1.20372042E+00 -1.76128735E-03
 1.18990835E+00 -1.30631589E-02
 1.15327383E+00 -2.07789002E-02
 1.11528289E+00 -2.34425967E-02
 1.08929473E+00 -1.91649373E-02
 1.07999010E+00 -5.96769082E-03
 1.08817507E+00  1.21382373E-02
 1.10509256E+00  2.75133374E-02
 1.12724641E+00  3.45056434E-02
 1.15618831E+00  2.96508501E-02
 1.18262150E+00  1.54805896E-02
 1.19520521E+00  3.39712911E-04
 1.18666336E+00 -1.07234928E-02
 1.15521394E+00 -1.58302839E-02
 1.12230393E+00 -1.44785563E-02
 1.11611450E+00 -9.84926804E-03
 1.12257117E+00 -2.84366979E-03
 1.11249918E+00  7.76640907E-03
 1.10666330E+00  1.90604304E-02
 1.13428668E+00  2.70582305E-02
 1.16828872E+00  2.82913945E-02
 1.17367026E+00  1.96615957E-02
 1.16405817E+00  4.43728321E-03
 1.16066523E+00 -9.32276671E-03
 1.15306358E+00 -1.65413356E-02
 1.13189340E+00 -1.48642383E-02
 1.10949245E+00 -6.09730150E-03
 1.09757087E+00  2.88385857E-03
 1.10102071E+00  8.55005881E-03
 1.12393176E+00  1.07813303E-02
 1.15817525E+00  9.25072955E-03
 1.18461405E+00  5.95485319E-03
 1.19176320E+00  1.47410424E-03
 1.17696990E+00 -5.45117153E-03
 1.14811996E+00 -1.21348659E-02
 1.12491959E+00 -1.44997471E-02
 1.11840616E+00 -1.00520580E-02
 1.12841341E+00  2.25404995E-03
 1.14957998E+00  1.73695121E-02
 1.16745011E+00  2.56984827E-02
 1.17386361E+00  2.18169408E-02
 1.17021296E+00  5.47412287E-03
 1.15675087E+00 -1.64740903E-02
 1.13772822E+00 -3.04088448E-02
 1.11655841E+00 -2.83101891E-02
 1.09372647E+00 -1.01338842E-02
 1.07880610E+00  1.71291438E-02
 1.08437741E+00  3.86045463E-02
 1.11538886E+00  4.51004855E-02
 1.16691106E+00  3.61774902E-02
 1.21157773E+00  1.62138658E-02
 1.21542518E+00 -3.41508341E-03
 1.18837191E+00 -1.57743977E-02
 1.16188565E+00 -2.10600982E-02
 1.12697108E+00 -1.95531130E-02
 1.07195035E+00 -1.48798150E-02
 1.03596088E+00 -8.60417309E-03
 1.05655662E+00  1.52127674E-03
 1.10902927E+00  1.28438687E-02
 1.14893075E+00  2.09708513E-02
 1.17103403E+00  2.25280040E-02
 1.18119077E+00  1.42089838E-02
 1.17611312E+00 -3.67858540E-04
 1.16664982E+00 -1.21862427E-02
 1.15983150E+00 -1.59229744E-02
 1.14951389E+00 -9.68367268E-03
 1.13677484E+00  3.14164820E-03
 1.12420445E+00  1.31942134E-02
 1.11531315E+00  1.56795774E-02
 1.11815724E+00  1.10747502E-02
 1.13060584E+00  2.07963149E-03
 1.14339031E+00 -4.37571383E-03
 1.15165029E+00 -4.82573996E-03
 1.15175677E+00 -9.86820942E-04
 1.14545122E+00  5.29159323E-03
 1.14129001E+00  1.01027534E-02
 1.14231015E+00  1.12055677E-02
 1.14701017E+00  1.00871860E-02
 1.15378305E+00  7.64355767E-03
 1.15775037E+00  5.31246500E-03
 1.15702076E+00  4.12465386E-03
 1.15412725E+00  3.10752096E-03
 1.15014121E+00  2.03396265E-03
 1.14673174E+00  9.84709616E-04
 1.14523293E+00 -1.77018249E-05
 1.14453480E+00 -9.69540917E-05
 1.14431456E+00  1.04117100E-03
 1.14456604E+00  3.09139991E-03
 1.14487161E+00  5.81590558E-03
 1.14562348E+00  8.47824739E-03
 1.14691096E+00  1.01503156E-02
 1.14838644E+00  1.00839286E-02
 1.14984700E+00  7.69700450E-03
 1.15088063E+00  3.11355313E-03
 1.15132747E+00 -2.22163988E-03
 1.15139324E+00 -6.03576901E-03
 1.15120521E+00 -6.60219847E-03
 1.15096398E+00 -3.22384505E-03
 1.15086087E+00  3.07372560E-03
 1.15094595E+00  9.64300385E-03
 1.15139167E+00  1.45663152E-02
 1.15234929E+00  1.68420930E-02
 1.15365665E+00  1.59260435E-02
 1.15493592E+00  1.24190284E-02
 1.15563044E+00  6.60376034E-03
 1.15492188E+00 -1.31369914E-03
 1.15182250E+00 -9.13648105E-03
 1.14556602E+00 -1.38737507E-02
 1.13627942E+00 -1.31892148E-02
 1.12570205E+00 -5.89117525E-03
 1.11817681E+00  5.58943749E-03
 1.11940787E+00  1.59503193E-02
 1.13265825E+00  2.14843041E-02
 1.15693805E+00  2.04414200E-02
 1.18459832E+00  1.36815063E-02
 1.20290017E+00  5.24296654E-03
 1.20314353E+00 -2.48732283E-03
 1.18330897E+00 -8.78360131E-03
 1.15013103E+00 -1.21299625E-02
 1.11880469E+00 -1.20021121E-02
 1.09964167E+00 -7.42118605E-03
 1.09582871E+00  2.82461261E-03
 1.10555940E+00  1.58828889E-02
 1.11970053E+00  2.65750199E-02
 1.13348725E+00  3.09709469E-02
 1.14767093E+00  2.65158766E-02
 1.16030962E+00  1.49568378E-02
 1.17082926E+00  2.12072178E-03
 1.17665411E+00 -8.31588471E-03
 1.17218956E+00 -1.46488613E-02
 1.15875905E+00 -1.61025212E-02
 1.14191604E+00 -1.44332985E-02
 1.12614209E+00 -9.82545581E-03
 1.11687563E+00 -1.15715174E-03
 1.11635561E+00  9.57808089E-03
 1.12260585E+00  1.93672689E-02
 1.13554685E+00  2.52623218E-02
 1.15441705E+00  2.42055748E-02
 1.17368266E+00  1.70584473E-02
 1.18661518E+00  7.87541681E-03
 1.18722718E+00 -7.30915791E-04
 1.17211959E+00 -6.81431517E-03
 1.14733126E+00 -9.17464122E-03
 1.12575313E+00 -8.63838366E-03
 1.11586589E+00 -4.89280700E-03
 1.12086117E+00  2.64672120E-03
 1.13655015E+00  1.11931238E-02
 1.15066209E+00  1.67271384E-02
 1.15678653E+00  1.61713604E-02
 1.15529375E+00  7.94152683E-03
 1.14838963E+00 -4.21942825E-03
 1.14330081E+00 -1.25485781E-02
 1.14330170E+00 -1.24881871E-02
 1.14599741E+00 -3.31130833E-03
 1.15157991E+00  1.08946878E-02
 1.15892364E+00  2.10133147E-02
 1.16551911E+00  2.20058295E-02
 1.16846955E+00  1.42398123E-02
 1.15650400E+00  1.36938903E-03
 1.12367989E+00 -8.42489159E-03
 1.10046704E+00 -1.05147390E-02
 1.12327758E+00 -5.83212101E-03
 1.16337227E+00  2.92273678E-03
 1.16858480E+00  9.80314229E-03
 1.15478662E+00  1.14180284E-02
 1.15671941E+00  9.07412372E-03
 1.15955308E+00  4.65470312E-03
 1.14855678E+00  1.82091661E-03
 1.13775199E+00  2.46450656E-03
 1.13461029E+00  4.74577115E-03
 1.13554967E+00  6.55533508E-03
 1.14076304E+00  4.97822802E-03
 1.15185499E+00 -1.33228461E-03
 1.16450105E+00 -1.01633202E-02
 1.16355088E+00 -1.75867456E-02
 1.13831939E+00 -1.83646650E-02
 1.11486268E+00 -9.40408398E-03
 1.12847973E+00  7.86328024E-03
 1.15610279E+00  2.73278622E-02
 1.15554601E+00  3.92269995E-02
 1.14702386E+00  3.70741249E-02
 1.16333043E+00  2.03733851E-02
 1.18269179E+00 -4.53560585E-03
 1.17779716E+00 -2.50045415E-02
 1.15511007E+00 -3.27418894E-02
 1.12373528E+00 -2.63433478E-02
 1.09054946E+00 -1.00395997E-02
 1.07428004E+00  5.23551808E-03
 1.08795949E+00  1.31276768E-02
 1.12733669E+00  1.38984469E-02
 1.16791186E+00  9.30992204E-03
 1.17905475E+00  5.17738370E-03
 1.17290243E+00  4.05563422E-03
 1.18179203E+00  3.39955237E-03
 1.18681728E+00  2.92879246E-03
 1.15958446E+00  2.00264761E-03
 1.12833713E+00  7.24900798E-04
 1.12658047E+00  1.80580279E-03
 1.13799418E+00  4.68567293E-03
 1.13861597E+00  6.82954079E-03
 1.13714874E+00  7.05666760E-03
 1.14423733E+00  4.13354404E-03
 1.15284603E+00 -1.01290651E-03
 1.15907351E+00 -5.05914416E-03
 1.16280556E+00 -6.43525869E-03
 1.15969004E+00 -4.87421185E-03
 1.15125954E+00 -7.09339230E-04
 1.14459450E+00  4.09030417E-03
 1.14330532E+00  8.35570556E-03
 1.14889679E+00  1.18642595E-02
 1.15911231E+00  1.33881398E-02
 1.16690476E+00  1.18861885E-02
 1.16886958E+00  6.79042577E-03
 1.16526862E+00 -1.90010345E-03
 1.15710044E+00 -1.13359037E-02
 1.14827056E+00 -1.68680863E-02
 1.14106099E+00 -1.54536786E-02
 1.13522814E+00 -6.33084642E-03
 1.13242577E+00  7.13891705E-03
 1.13408836E+00  1.79657817E-02
 1.14095867E+00  2.16078645E-02
 1.15346880E+00  1.69172096E-02
 1.16752944E+00  6.19820375E-03
 1.17614059E+00 -4.19176978E-03
 1.17479033E+00 -1.04168517E-02
 1.16215611E+00 -1.19833922E-02
 1.14307144E+00 -9.06016000E-03
 1.12788113E+00 -4.20624863E-03
 1.12319602E+00  1.41346170E-03
 1.13061956E+00  8.57197980E-03
 1.14672319E+00  1.53320499E-02
 1.16210464E+00  1.90869401E-02
 1.17123412E+00  1.77790762E-02
 1.17371305E+00  9.64916078E-03
 1.17030535E+00 -2.49846823E-03
 1.16534954E+00 -1.24652831E-02
 1.16074832E+00 -1.62547063E-02
 1.15486222E+00 -1.21030480E-02
 1.14901024E+00 -1.97360284E-03
 1.14483773E+00  8.03061021E-03
 1.14398504E+00  1.43965458E-02
 1.14906202E+00  1.64489827E-02
 1.15804448E+00  1.42516059E-02
 1.16566712E+00  1.03325591E-02
 1.16880455E+00  5.67448696E-03
 1.16584363E+00 -6.43379904E-04
 1.15866419E+00 -7.09309301E-03
 1.15295827E+00 -1.16531997E-02
 1.15155439E+00 -1.25735835E-02
 1.15432421E+00 -8.01507076E-03
 1.15983082E+00  4.57537913E-05
 1.16398906E+00  6.85091319E-03
 1.16481419E+00  9.50067915E-03
 1.16327317E+00  6.77030553E-03
 1.16008413E+00  3.56770054E-04
 1.15704677E+00 -4.81880645E-03
 1.15514985E+00 -6.23120851E-03
 1.15346297E+00 -4.00860651E-03
 1.15192744E+00  6.63773977E-04
 1.15061536E+00  4.40286457E-03
 1.14962705E+00  5.59252839E-03
 1.14995222E+00  5.15545987E-03
 1.15186439E+00  3.69955472E-03
 1.15498406E+00  2.62278423E-03
 1.15894398E+00  2.56042188E-03
 1.16274137E+00  2.37258705E-03
 1.16500784E+00  1.50668408E-03
 1.16453116E+00 -4.49491741E-04
 1.16056089E+00 -3.54233840E-03
 1.15357919E+00 -6.43514351E-03
 1.14625037E+00 -7.37514953E-03
 1.14257979E+00 -4.58030092E-03
 1.14527441E+00  2.85705014E-03
 1.15474128E+00  1.37772009E-02
 1.16776865E+00  2.43675264E-02
 1.17807138E+00  2.91530537E-02
 1.18144859E+00  2.46196145E-02
 1.17679548E+00  1.08329676E-02
 1.16619169E+00 -7.08431265E-03
 1.15538125E+00 -1.98947579E-02
 1.14802126E+00 -2.15982045E-02
 1.14498343E+00 -1.13526656E-02
 1.14676781E+00  5.89698972E-03
 1.15176227E+00  1.94582941E-02
 1.15909995E+00  2.28240035E-02
 1.16876910E+00  1.56262701E-02
 1.17696307E+00  1.59962811E-03
 1.17852798E+00 -1.01263811E-02
 1.17019444E+00 -1.43986973E-02
 1.15132387E+00 -1.19745634E-02
 1.12890629E+00 -4.66872896E-03
 1.11549629E+00  2.43242924E-03
 1.11886917E+00  6.55519439E-03
 1.14021793E+00  9.04197692E-03
 1.17133505E+00  9.37226460E-03
 1.19513094E+00  7.41951548E-03
 1.20099006E+00  3.15889194E-03
 1.18739708E+00 -4.51725468E-03
 1.16042091E+00 -1.26524814E-02
 1.13552032E+00 -1.58560610E-02
 1.12223690E+00 -1.10043480E-02
 1.12159403E+00  2.81303183E-03
 1.13292856E+00  2.11131986E-02
 1.14975138E+00  3.46200112E-02
 1.16818444E+00  3.74257412E-02
 1.18841000E+00  2.79064151E-02
 1.20360996E+00  9.13774981E-03
 1.20526965E+00 -1.01373514E-02
 1.18750977E+00 -2.39220708E-02
 1.14753085E+00 -2.97800723E-02
 1.09710045E+00 -2.53879896E-02
 1.05867333E+00 -1.16109703E-02
 1.04753014E+00  1.05375149E-02
 1.06993534E+00  3.91834553E-02
 1.11744423E+00  6.38562034E-02
 1.16626867E+00  7.06095384E-02
 1.20087594E+00  5.17279715E-02
 1.21547398E+00  9.32148767E-03
 1.20806018E+00 -3.43744419E-02
 1.18672394E+00 -5.01147382E-02
 1.15502353E+00 -4.51670236E-02
 1.11219935E+00 -4.39037635E-02
 1.07046100E+00 -3.29004341E-02
 1.04596071E+00  5.07419762E-03
 1.05167654E+00  4.20096780E-02
 1.09595308E+00  4.70652471E-02
 1.16382128E+00  3.34024650E-02
 1.22262369E+00  2.42579296E-02
 1.25044008E+00  1.39833436E-02
 1.23751326E+00 -5.60358183E-03
 1.19233971E+00 -2.50066992E-02
 1.14416467E+00 -3.70860202E-02
 1.10956297E+00 -3.81159491E-02
 1.09139601E+00 -2.18529027E-02
 1.09154657E+00  6.42693338E-03
 1.10140221E+00  3.20932366E-02
 1.11910933E+00  4.57350494E-02
 1.15080820E+00  4.22512210E-02
 1.18684609E+00  2.44660144E-02
 1.21195186E+00  4.75064239E-03
 1.21433402E+00 -1.04230456E-02
 1.18423780E+00 -2.00159371E-02
 1.13311692E+00 -2.20058576E-02
 1.08935796E+00 -1.83498155E-02
 1.07034493E+00 -8.76770345E-03
 1.08311194E+00  9.37686269E-03
 1.12113331E+00  2.98943020E-02
 1.16054837E+00  4.26760862E-02
 1.18834322E+00  4.07890472E-02
 1.20304787E+00  2.04984085E-02
 1.20177537E+00 -1.02143909E-02
 1.18911295E+00 -3.38512871E-02
 1.16570291E+00 -4.03066335E-02
 1.12707295E+00 -2.80608475E-02
 1.08388838E+00 -5.66104031E-03
 1.05354523E+00  1.14225279E-02
 1.04891099E+00  2.90098516E-02
 1.07889864E+00  5.97502887E-02
 1.13311115E+00  7.75389174E-02
 1.18469194E+00  5.24280268E-02
 1.21643587E+00  1.29938813E-02
 1.22074140E+00  8.96944982E-04
 1.20057404E+00 -3.52566645E-03
 1.17387719E+00 -3.16912375E-02
 1.14962738E+00 -5.49646328E-02
 1.12770253E+00 -3.88302280E-02
 1.11301933E+00 -4.02840896E-03
 1.10677632E+00  1.91308894E-02
 1.11249901E+00  3.01730867E-02
 1.13650043E+00  3.07385936E-02
 1.16838502E+00  1.98171043E-02
 1.18922370E+00  9.29560974E-03
 1.18897209E+00  7.09520848E-03
 1.16733270E+00  1.17272694E-02
 1.14725374E+00  2.14138528E-02
 1.16017831E+00  2.99564950E-02
 1.18848949E+00  3.22497868E-02
 1.19255555E+00  2.49890007E-02
 1.18565161E+00 -4.75255731E-03
 1.19050042E+00 -6.16046083E-02
 1.17593328E+00 -1.08156562E-01
 1.11432813E+00 -9.74406734E-02
 1.04390666E+00 -4.53957528E-02
 1.01882901E+00  1.54342279E-03
 1.04656484E+00  3.75407821E-02
 1.11088446E+00  6.33532629E-02
 1.18110552E+00  6.29189883E-02
 1.20899547E+00  3.96294036E-02
 1.19749217E+00  1.37029395E-02
 1.19004910E+00  1.09701735E-03
 1.19004766E+00  8.81717817E-04
 1.18873985E+00  7.07002102E-04
 1.18677612E+00  5.37224993E-04
 1.17024628E+00  2.83871650E-03
 1.14873583E+00 -1.67004757E-03
 1.14737898E+00 -1.67988588E-02
 1.14600891E+00 -3.14251025E-02
 1.11586004E+00 -3.12233959E-02
 1.08266431E+00 -1.21267979E-02
 1.08433844E+00  1.96304420E-02
 1.11618905E+00  4.55667256E-02
 1.16087834E+00  4.21160612E-02
 1.20887477E+00  1.49922770E-02
 1.23813459E+00 -9.89173324E-03
 1.22863821E+00 -2.55610338E-02
 1.18016286E+00 -3.16761123E-02
 1.11115992E+00 -2.83116224E-02
 1.05457207E+00 -2.50511792E-02
 1.03353283E+00 -1.38593391E-02
 1.05387321E+00  2.04549705E-02
 1.10515747E+00  5.60629532E-02
 1.15864885E+00  6.21137499E-02
 1.19670480E+00  4.77495373E-02
 1.21703601E+00  3.28241696E-02
 1.21920606E+00  1.00493792E-02
 1.21251065E+00 -2.51856633E-02
 1.19933268E+00 -4.90941479E-02
 1.17259893E+00 -4.09706252E-02
 1.13826354E+00 -1.44062010E-02
 1.10673159E+00  5.66100566E-03
 1.08749809E+00  1.61149441E-02
 1.09202652E+00  2.07856597E-02
 1.11623974E+00  1.86587665E-02
 1.14357741E+00  1.66533576E-02
 1.16485277E+00  1.84939518E-02
 1.17522573E+00  1.92498904E-02
 1.17614548E+00  1.74697507E-02
 1.17867945E+00  1.20609179E-02
 1.18538966E+00  3.18480329E-03
 1.19091233E+00 -4.56519445E-03
 1.19189387E+00 -9.78667250E-03
 1.18219690E+00 -1.30978512E-02
 1.16070724E+00 -1.36661747E-02
 1.13489752E+00 -1.19888702E-02
 1.11193055E+00 -8.24384609E-03
 1.10010032E+00 -1.59700393E-03
 1.10594495E+00  6.98918322E-03
 1.12860389E+00  1.55686954E-02
 1.16083941E+00  2.21333854E-02
 1.19041304E+00  2.41524711E-02
 1.20707088E+00  2.00512588E-02
 1.20641028E+00  1.02629582E-02
 1.19112255E+00 -2.31062868E-03
 1.17104316E+00 -1.27895100E-02
 1.15252180E+00 -1.72223440E-02
 1.13767670E+00 -1.38904632E-02
 1.12920417E+00 -4.57821520E-03
 1.12689024E+00  5.64486316E-03
 1.13260583E+00  1.33721152E-02
 1.14978017E+00  1.73173731E-02
 1.17307343E+00  1.73139095E-02
 1.19264654E+00  1.54481944E-02
 1.20097356E+00  1.22951610E-02
 1.19280908E+00  6.95862409E-03
 1.17280811E+00  8.95712002E-04
 1.15426599E+00 -3.92214156E-03
 1.14462861E+00 -5.61878236E-03
 1.14571335E+00 -2.26358313E-03
 1.15462711E+00  4.32841386E-03
 1.16142493E+00  9.65763556E-03
 1.16198379E+00  1.11132526E-02
 1.15903261E+00  7.75424648E-03
 1.15493080E+00  1.37796262E-03
 1.15498894E+00 -3.18054032E-03
 1.16133009E+00 -3.54777358E-03
 1.17025198E+00 -1.25547491E-04
 1.17929853E+00  5.52066699E-03
 1.18536911E+00  9.59948221E-03
 1.18579013E+00  1.00382704E-02
 1.18117222E+00  7.40607801E-03
 1.17191809E+00  2.34693674E-03
 1.15884967E+00 -3.32686437E-03
 1.14393421E+00 -8.33119654E-03
 1.12915335E+00 -1.27959677E-02
 1.11839476E+00 -1.58343203E-02
