# x =
 5.75478848E+01
# y =
 3.25097170E+00
 VARIABLES = u,v
 1.06312460E+00  1.06620686E-01
 1.06019182E+00  1.55135625E-01
 1.10267955E+00  1.56023696E-01
 1.17123506E+00  1.35616701E-01
 1.22692015E+00  1.32190336E-01
 1.24248514E+00  1.12771657E-01
 1.20485068E+00  6.01513348E-02
 1.11889570E+00  5.92268636E-03
 1.01387463E+00 -2.10532325E-02
 9.11782189E-01 -1.93783280E-02
 8.30373447E-01 -5.66370376E-03
 8.07198503E-01 -2.44542449E-02
 8.56149386E-01 -1.16507613E-01
 9.08343527E-01 -2.09205824E-01
 8.84510747E-01 -1.85363114E-01
 8.48907696E-01 -8.47355015E-02
 9.15119074E-01 -1.64796764E-02
 1.02641045E+00  8.74696084E-03
 1.07624866E+00  7.81705878E-05
 1.09533434E+00 -2.73491827E-02
 1.12771704E+00 -1.25406096E-02
 1.14071241E+00  3.33539049E-02
 1.12090478E+00  4.77494227E-02
 1.09487097E+00  4.71826694E-02
 1.07995414E+00  6.27554229E-02
 1.08364862E+00  7.27268381E-02
 1.11197933E+00  6.49234107E-02
 1.15519124E+00  5.29596793E-02
 1.18948471E+00  4.33919807E-02
 1.19965857E+00  3.36073055E-02
 1.18242040E+00  2.28351743E-02
 1.14845819E+00  1.45660741E-02
 1.12322382E+00  1.17192844E-02
 1.12009593E+00  1.50514151E-02
 1.13761181E+00  2.45593478E-02
 1.16907769E+00  3.58236763E-02
 1.19687264E+00  4.08877288E-02
 1.21080445E+00  3.48662941E-02
 1.21242247E+00  1.71060185E-02
 1.19999367E+00 -6.55712810E-03
 1.17519236E+00 -2.43415931E-02
 1.13950724E+00 -2.85739236E-02
 1.09122276E+00 -1.77315166E-02
 1.04005931E+00  3.28222285E-03
 1.00220112E+00  2.25445268E-02
 9.89630010E-01  3.29533385E-02
 1.01034737E+00  3.41005982E-02
 1.05799589E+00  2.84959165E-02
 1.11296622E+00  2.37379854E-02
 1.16172801E+00  2.32713961E-02
 1.19683682E+00  2.44180120E-02
 1.21662159E+00  2.50673109E-02
 1.22888459E+00  2.13054330E-02
 1.23428460E+00  1.17017433E-02
 1.22674673E+00 -1.52623363E-04
 1.20529829E+00 -1.13543922E-02
 1.16888623E+00 -1.84450042E-02
 1.12148341E+00 -1.82500974E-02
 1.07479099E+00 -1.03532131E-02
 1.03704091E+00  5.52090708E-03
 1.01463237E+00  2.88935627E-02
 1.01416946E+00  5.78558716E-02
 1.03658125E+00  8.97115122E-02
 1.07711920E+00  1.19060138E-01
 1.12703957E+00  1.38539705E-01
 1.17525247E+00  1.41327408E-01
 1.21111277E+00  1.22046712E-01
 1.22784505E+00  7.94645716E-02
 1.22284122E+00  1.73704241E-02
 1.19300352E+00 -5.78112899E-02
 1.13776905E+00 -1.35257578E-01
 1.06513209E+00 -1.97330383E-01
 9.88163635E-01 -2.24319653E-01
 9.21767943E-01 -2.01708197E-01
 8.80327419E-01 -1.26754613E-01
 8.68438354E-01 -2.01200936E-02
 8.81655833E-01  7.98406607E-02
 9.17162510E-01  1.43170496E-01
 9.70185301E-01  1.54674594E-01
 1.02994172E+00  1.22452085E-01
 1.08496010E+00  7.85364545E-02
 1.12170224E+00  4.20545785E-02
 1.12938634E+00  1.76209762E-02
 1.11497626E+00  7.32708312E-03
 1.09751373E+00  9.52349136E-04
 1.09063696E+00 -1.48607547E-03
 1.10217040E+00  1.04784094E-02
 1.12799629E+00  2.91026249E-02
 1.15075210E+00  4.05917520E-02
 1.16288277E+00  3.38758734E-02
 1.16517826E+00 -1.94443733E-03
 1.15578018E+00 -5.48398742E-02
 1.13775729E+00 -9.48967625E-02
 1.11065481E+00 -1.05261967E-01
 1.06992593E+00 -8.00083999E-02
 1.02404175E+00 -2.68265624E-02
 9.87986194E-01  2.82594774E-02
 9.72856964E-01  7.02064067E-02
 9.87621504E-01  9.56063492E-02
 1.02939308E+00  9.84713299E-02
 1.08334759E+00  8.13754303E-02
 1.13937438E+00  4.80997297E-02
 1.18994987E+00  4.62685720E-03
 1.22633910E+00 -1.70613916E-02
 1.24445309E+00  8.76399876E-03
 1.23796284E+00  3.50298413E-02
 1.20092939E+00  5.70778945E-05
 1.14181644E+00 -4.13506265E-02
 1.07762649E+00  7.23634875E-04
 1.02411814E+00  8.39337420E-02
 9.95500778E-01  1.29189487E-01
 9.94572675E-01  1.54005438E-01
 1.01244685E+00  1.80433541E-01
 1.04524427E+00  1.74261971E-01
 1.09051908E+00  1.20988393E-01
 1.14024848E+00  5.24739827E-02
 1.18706414E+00  4.39205716E-03
 1.21902257E+00 -9.07076781E-03
 1.22198423E+00  8.14185492E-03
 1.19538996E+00  1.96474143E-02
 1.14909722E+00 -1.52209902E-02
 1.09557796E+00 -3.63957477E-02
 1.05539858E+00  4.63820774E-02
 1.05607897E+00  1.56578855E-01
 1.10436195E+00  1.64730018E-01
 1.14031058E+00  1.10183570E-01
 1.09133654E+00  7.48240124E-02
 1.01071362E+00  3.36344334E-02
 9.99754733E-01 -2.91233950E-02
 1.01920882E+00 -6.33566448E-02
 9.92149220E-01 -4.30590888E-02
 9.56319555E-01  2.82020631E-03
 9.58004305E-01  3.49526145E-02
 9.78881248E-01  3.99817234E-02
 1.00901236E+00  1.77179374E-02
 1.05349816E+00 -2.33753818E-02
 1.09844058E+00 -5.58526986E-02
 1.12778826E+00 -6.60159399E-02
 1.13502736E+00 -5.96122914E-02
 1.12101338E+00 -4.12660504E-02
 1.09434767E+00 -2.27517428E-02
 1.06059563E+00 -9.45974111E-03
 1.02342371E+00  6.79477623E-03
 9.92142058E-01  2.93440332E-02
 9.75772596E-01  6.08422505E-02
 9.83086292E-01  1.01229442E-01
 1.02050769E+00  1.40454946E-01
 1.07880564E+00  1.67501177E-01
 1.13765791E+00  1.71623828E-01
 1.18087368E+00  1.45321973E-01
 1.19701933E+00  9.16856723E-02
 1.18580669E+00  2.58108986E-02
 1.15984112E+00 -2.89702278E-02
 1.12577755E+00 -5.47434456E-02
 1.08663323E+00 -4.54449204E-02
 1.05162685E+00 -1.13583526E-02
 1.02827280E+00  2.25084462E-02
 1.02574020E+00  4.05251818E-02
 1.05223473E+00  4.05046427E-02
 1.09623333E+00  3.02409749E-02
 1.13402290E+00  3.02396305E-02
 1.14959724E+00  4.90609556E-02
 1.13561392E+00  7.94076246E-02
 1.10393565E+00  1.10916239E-01
 1.08368089E+00  1.25203257E-01
 1.08725395E+00  1.11885256E-01
 1.10743287E+00  7.49485431E-02
 1.12108115E+00  1.97756844E-02
 1.08815688E+00 -4.25094984E-02
 9.90557978E-01 -1.01519673E-01
 8.43191413E-01 -1.53071527E-01
 6.87279227E-01 -1.89668529E-01
 5.88267709E-01 -2.04260712E-01
 5.85385573E-01 -1.92075835E-01
 6.71173499E-01 -1.50247620E-01
 7.91103602E-01 -8.82671309E-02
 8.67168274E-01 -2.46515629E-02
 9.12229052E-01  2.51905991E-02
 9.90266660E-01  5.06855343E-02
 1.06152330E+00  5.41899065E-02
 1.07070094E+00  5.06559696E-02
 1.07308691E+00  4.80958825E-02
 1.12698116E+00  4.78275216E-02
 1.19282214E+00  4.83489359E-02
 1.21637800E+00  4.12159216E-02
 1.21256168E+00  2.59092266E-02
 1.20615510E+00  1.02502493E-02
 1.18370252E+00 -2.66297011E-03
 1.13784803E+00 -9.44666275E-03
 1.07360969E+00 -8.88750297E-03
 9.89356966E-01 -5.79873510E-03
 8.99356542E-01 -2.09214909E-03
 8.32361615E-01  1.78744665E-03
 8.05873019E-01  3.29080965E-03
 8.26782092E-01  1.84374566E-03
 8.85392490E-01 -1.55890811E-03
 9.53432237E-01 -5.72219549E-03
 1.01100781E+00 -8.59226840E-03
 1.04909405E+00 -8.24636390E-03
 1.06479227E+00 -4.13042220E-03
 1.06788626E+00  3.45746021E-03
 1.06227321E+00  1.51170544E-02
 1.04594942E+00  3.15631657E-02
 1.02882810E+00  5.19829546E-02
 1.02311701E+00  7.46627937E-02
 1.04007417E+00  9.67047024E-02
 1.08844406E+00  1.13745099E-01
 1.15260691E+00  1.21446058E-01
 1.20017257E+00  1.16438544E-01
 1.21108401E+00  9.77095106E-02
 1.17905768E+00  6.93360052E-02
 1.12114730E+00  4.35815589E-02
 1.07747145E+00  3.72474857E-02
 1.06987260E+00  6.11191538E-02
 1.09811357E+00  1.14820618E-01
 1.14775676E+00  1.79672889E-01
 1.18388229E+00  2.22695476E-01
 1.18673418E+00  2.21662306E-01
 1.15886584E+00  1.71382605E-01
 1.10690872E+00  8.79352766E-02
 1.05022118E+00  8.63542243E-03
 1.00076532E+00 -4.24314447E-02
 9.56131925E-01 -5.98119216E-02
 9.20822170E-01 -4.91789501E-02
 8.98307133E-01 -3.33561066E-02
 8.92820917E-01 -2.31625977E-02
 9.13472461E-01 -1.32402642E-02
 9.55325362E-01 -2.26661738E-03
 1.00388814E+00  1.56812450E-02
 1.04841222E+00  3.96635190E-02
 1.07919924E+00  5.66834098E-02
 1.09640970E+00  6.28008762E-02
 1.11082424E+00  5.79832248E-02
 1.12583700E+00  4.17854082E-02
 1.13947047E+00  2.01427731E-02
 1.14916054E+00 -3.45634583E-03
 1.14745790E+00 -2.84379186E-02
 1.13307638E+00 -5.01993041E-02
 1.11184455E+00 -6.47313253E-02
 1.08662229E+00 -7.08823766E-02
 1.06121079E+00 -6.78591405E-02
 1.03944618E+00 -5.60082685E-02
 1.02196218E+00 -3.67980344E-02
 1.01194240E+00 -1.07512488E-02
 1.01341213E+00  2.15807353E-02
 1.02680977E+00  5.66351839E-02
 1.04995057E+00  8.86699639E-02
 1.07551789E+00  1.11148258E-01
 1.09156242E+00  1.17000344E-01
 1.08810954E+00  1.02005155E-01
 1.05888201E+00  6.71044057E-02
 1.00365688E+00  1.94632788E-02
 9.31001752E-01 -2.86386458E-02
 8.54706291E-01 -6.64600339E-02
 7.96910692E-01 -8.79639112E-02
 7.94855461E-01 -9.47860396E-02
 8.68951748E-01 -9.57404667E-02
 9.59710298E-01 -9.54311615E-02
 9.84291304E-01 -9.32699239E-02
 9.81321612E-01 -8.59277883E-02
 1.03116144E+00 -6.57874364E-02
 1.07953007E+00 -3.17887318E-02
 1.05538563E+00  9.10403395E-03
 1.03799618E+00  4.88395931E-02
 1.11380827E+00  7.63489384E-02
 1.20409234E+00  8.41784739E-02
 1.19612455E+00  7.27968806E-02
 1.11186456E+00  4.67917993E-02
 1.01777543E+00  1.56185947E-02
 9.51880039E-01 -1.18767578E-02
 9.60753095E-01 -3.10336077E-02
 1.00262510E+00 -3.98295145E-02
 9.73074653E-01 -3.99156706E-02
 9.15344749E-01 -3.12387460E-02
 9.30336687E-01 -1.18667878E-02
 9.80545673E-01  1.63429201E-02
 1.00866694E+00  4.99257622E-02
 1.04285365E+00  8.31086289E-02
 1.09877559E+00  1.07572976E-01
 1.14980259E+00  1.19082206E-01
 1.18138480E+00  1.16866991E-01
 1.19397869E+00  1.00189575E-01
 1.18664371E+00  7.15642549E-02
 1.16413901E+00  3.78294989E-02
 1.13998981E+00  7.52539243E-03
 1.12562658E+00 -1.06553937E-02
 1.12645932E+00 -1.13073904E-02
 1.13959833E+00  9.56540998E-04
 1.15379676E+00  1.41537583E-02
 1.16204146E+00  2.01300790E-02
 1.16197895E+00  1.53949037E-02
 1.15124614E+00  2.77908412E-03
 1.13152357E+00 -7.49794744E-03
 1.10212524E+00 -1.11961124E-02
 1.06106855E+00 -1.00821256E-02
 1.01715779E+00 -5.01356699E-03
 9.84470994E-01  1.16357744E-04
 9.73900235E-01  4.10788981E-03
 9.92610156E-01  9.86039860E-03
 1.03429959E+00  1.53558785E-02
 1.08063412E+00  1.70592103E-02
 1.11913622E+00  1.35604909E-02
 1.14269619E+00  4.13732725E-03
 1.14812542E+00 -5.70819544E-03
 1.14090303E+00 -5.59600500E-03
 1.12299407E+00  1.05467594E-02
 1.09459644E+00  4.39848315E-02
 1.06745180E+00  8.93218610E-02
 1.05648894E+00  1.33513541E-01
 1.07224222E+00  1.65730702E-01
 1.11774242E+00  1.78058455E-01
 1.17163323E+00  1.62549988E-01
 1.19543699E+00  1.16224868E-01
 1.16547357E+00  3.99329404E-02
 1.07806908E+00 -5.79784185E-02
 9.58972742E-01 -1.49458177E-01
 8.61704805E-01 -1.97453773E-01
 8.19606695E-01 -1.81181578E-01
 8.38247678E-01 -1.07685085E-01
 9.00700078E-01 -3.35420641E-02
 9.61845462E-01 -2.59754577E-02
 9.95671648E-01 -4.14883476E-02
 1.00364968E+00  7.15573526E-03
 9.93739236E-01  6.36373103E-02
 9.90742106E-01  3.89067311E-02
 1.00532558E+00  7.43079985E-04
 1.02559320E+00  3.57249705E-02
 1.04582119E+00  8.70872815E-02
 1.05675890E+00  7.83458406E-02
 1.05427811E+00  3.33547950E-02
 1.04821375E+00 -3.70339960E-03
 1.03982640E+00 -5.15012068E-03
 1.02613806E+00  6.23846525E-02
 1.00561582E+00  1.50214954E-01
 9.70316283E-01  1.50135004E-01
 9.14152034E-01  4.73944337E-02
 8.36524979E-01 -1.05248780E-01
 7.41351994E-01 -2.32276166E-01
 6.45221517E-01 -2.33392729E-01
 5.83903745E-01 -1.35911557E-01
 5.81979938E-01 -6.73030711E-02
 5.87305018E-01 -5.27660908E-02
 5.27938632E-01 -7.12122522E-02
 4.61213887E-01 -1.01954769E-01
 4.87178804E-01 -7.96157682E-02
 5.61408110E-01 -2.47196099E-02
 6.00025726E-01 -2.10943216E-02
 6.22017746E-01 -4.14128902E-02
 6.48997277E-01 -2.85828925E-02
 6.45898642E-01 -6.47018731E-04
 6.01163498E-01  2.88997817E-02
 5.50784815E-01  7.21134557E-02
 5.34279204E-01  1.21649337E-01
 5.66320781E-01  1.64648118E-01
 6.37674917E-01  1.98007633E-01
 7.00086944E-01  2.23478695E-01
 6.95108939E-01  2.46475808E-01
 6.65167434E-01  2.66889808E-01
 6.93983797E-01  2.79415810E-01
 7.28355410E-01  2.79939168E-01
 6.80395273E-01  2.63649900E-01
 6.06800023E-01  2.31971515E-01
 5.83560439E-01  1.97030136E-01
 5.63345656E-01  1.78812631E-01
 4.88918887E-01  1.98746686E-01
 3.93512250E-01  2.59225209E-01
 3.31691052E-01  3.28985603E-01
 3.53214558E-01  3.29204697E-01
 5.05785226E-01  2.03006967E-01
 7.27152104E-01  9.03783507E-02
 8.75225197E-01  1.81020954E-01
 8.94711091E-01  3.23737370E-01
 8.00533789E-01  2.52340502E-01
 6.66219346E-01  6.90534447E-02
 6.13598758E-01 -2.16363836E-02
 5.95187629E-01 -6.56184612E-02
 4.85812923E-01 -1.08964911E-01
 4.17900663E-01 -7.06154644E-02
 5.58241113E-01  4.94250964E-02
 7.25919821E-01  1.04370316E-01
 6.77202407E-01 -3.78651366E-02
 5.06023428E-01 -2.89559151E-01
 4.09781164E-01 -4.59682952E-01
 4.23457406E-01 -5.22316794E-01
 5.58334803E-01 -5.03490012E-01
 7.51608110E-01 -3.59033450E-01
 8.20277453E-01 -1.22425091E-01
 7.44974795E-01  7.07973296E-02
 6.43467967E-01  1.12807145E-01
 5.93420276E-01  4.84227585E-02
 6.72468423E-01  9.54950035E-03
 8.04167573E-01  2.59221595E-02
 8.03523271E-01  7.80488295E-02
 7.68518087E-01  1.55703664E-01
 8.91262376E-01  1.96199576E-01
 1.04079675E+00  1.80810601E-01
 1.02028673E+00  1.44319227E-01
 8.62632463E-01  6.34439837E-02
 6.48668356E-01 -6.83343146E-02
 4.53191140E-01 -1.49924831E-01
 3.94934120E-01 -9.20561941E-02
 4.14929760E-01  1.32502294E-02
 3.41364871E-01  6.25405506E-03
 2.39474747E-01 -1.02528210E-01
 2.49752907E-01 -2.22824381E-01
 3.02242711E-01 -3.05383245E-01
 3.14115381E-01 -2.82032090E-01
 3.42207196E-01 -1.74685043E-01
 4.18875574E-01 -1.03923918E-01
 4.64342815E-01 -8.53576326E-02
 4.14619595E-01 -7.85649009E-02
 3.51552587E-01 -7.43562540E-02
 3.93830981E-01 -3.71303170E-02
 5.17094203E-01  1.77548925E-02
 6.36228401E-01  2.26549386E-02
 7.08509654E-01 -3.50033578E-03
 6.99107732E-01 -1.09456394E-02
 6.79097790E-01 -1.41014227E-02
 7.78416398E-01 -2.57611769E-02
 8.96240893E-01 -2.79208789E-02
 8.48744802E-01 -1.49570164E-02
 7.27192841E-01  7.47090412E-03
 7.02773638E-01  3.58503264E-02
 7.65511281E-01  6.02193910E-02
 8.73960244E-01  6.64370151E-02
 9.86954387E-01  4.94261668E-02
 1.01044855E+00  2.09173263E-02
 9.87793555E-01  2.19068635E-02
 1.04397675E+00  8.75148667E-02
 1.10889521E+00  1.54733374E-01
 1.06891091E+00  1.31106899E-01
 1.01962709E+00  7.63423724E-02
 1.07548668E+00  9.76366966E-02
 1.15838219E+00  1.38974067E-01
 1.16742921E+00  1.10881398E-01
 1.15384413E+00  5.75453488E-02
 1.17858577E+00  3.48271220E-02
 1.17583570E+00  2.02450616E-02
 1.08974902E+00 -1.26701788E-03
 1.00825038E+00 -1.32738342E-02
 1.02895438E+00 -1.34605042E-02
 1.08408314E+00 -6.31974493E-03
 1.06554039E+00  1.37568245E-02
 1.01564427E+00  5.44976196E-02
 1.01647847E+00  1.19525925E-01
 1.07221116E+00  1.99324706E-01
 1.16951774E+00  2.64048142E-01
 1.22767145E+00  2.58052793E-01
 1.13363252E+00  1.44761186E-01
 9.93006097E-01  1.45946622E-02
 9.92351258E-01  2.87393684E-03
 1.02323048E+00  6.33216148E-02
 9.00158050E-01  7.11762786E-02
 7.32228951E-01  4.04926790E-02
 6.86505921E-01  1.70087006E-02
 7.37966476E-01  8.73836349E-03
 8.41255184E-01  5.55942407E-02
 9.78551219E-01  1.42323751E-01
 1.07098793E+00  1.89979759E-01
 1.07859502E+00  1.74589621E-01
 1.03834665E+00  1.12689439E-01
 1.00765614E+00  6.42762803E-02
 1.05126357E+00  1.13108004E-01
 1.13945145E+00  1.89621618E-01
 1.16901635E+00  1.52383872E-01
 1.12867730E+00  5.01847413E-02
 1.05414333E+00 -1.26794178E-03
 9.73419821E-01 -1.02891373E-02
 9.45780373E-01  1.99339869E-03
 9.66340665E-01  2.46278441E-02
 9.71424238E-01  8.92114831E-03
 9.67793486E-01 -1.20900761E-02
 9.78442878E-01  4.37537521E-02
 9.75345758E-01  1.39690623E-01
 9.53035000E-01  2.00040262E-01
 9.65762941E-01  2.35415869E-01
 1.05171266E+00  2.58782894E-01
 1.12956291E+00  2.33983081E-01
 1.07984402E+00  1.46352490E-01
 9.29146184E-01  2.96917961E-02
 7.84747742E-01 -7.15093166E-02
 7.23152819E-01 -1.30249293E-01
 8.08452237E-01 -1.32723490E-01
 9.65658827E-01 -8.85302158E-02
 1.02062865E+00 -3.40970100E-02
 9.99918518E-01  8.92464870E-03
 1.02178323E+00  3.73651037E-02
 1.04592982E+00  5.37951082E-02
 1.02883038E+00  7.54119141E-02
 1.02123532E+00  1.05497501E-01
 1.04324285E+00  1.30389640E-01
 1.07189769E+00  1.46923357E-01
 1.09521478E+00  1.51798257E-01
 1.11993796E+00  1.44406840E-01
 1.15283995E+00  1.33189964E-01
 1.18051201E+00  1.14187152E-01
 1.18296845E+00  7.64535492E-02
 1.14622627E+00  1.80655638E-02
 1.05786092E+00 -5.84806796E-02
 9.22216186E-01 -1.39603658E-01
 7.64024928E-01 -2.00396571E-01
 6.11488581E-01 -2.25048252E-01
 5.04472374E-01 -2.08615672E-01
 5.05352449E-01 -1.56271840E-01
 6.39795915E-01 -8.66139131E-02
 7.91226323E-01 -1.43454716E-02
 8.11982461E-01  5.24619697E-02
 8.00061556E-01  1.05601525E-01
 9.40528735E-01  1.42173725E-01
 1.13831249E+00  1.56021467E-01
 1.22324086E+00  1.38388201E-01
 1.24716647E+00  9.30498715E-02
 1.28005620E+00  3.13325246E-02
 1.27233941E+00 -3.31129598E-02
 1.20547321E+00 -8.28040047E-02
 1.11862187E+00 -1.07154226E-01
 1.03458613E+00 -1.03639049E-01
 9.65535325E-01 -6.84668268E-02
 9.28224955E-01 -3.84312723E-03
 9.26890882E-01  7.36456291E-02
 9.51334482E-01  1.40554042E-01
 9.92065212E-01  1.74226106E-01
 1.03976364E+00  1.59145750E-01
 1.08355185E+00  1.03475915E-01
 1.11558517E+00  3.46270269E-02
 1.12341041E+00 -2.85669504E-02
 1.09624347E+00 -7.55540216E-02
 1.04428290E+00 -1.03331516E-01
 9.90027869E-01 -1.22245454E-01
 9.51097351E-01 -1.31808571E-01
 9.38670958E-01 -1.23085138E-01
 9.43653868E-01 -1.00364302E-01
 9.38372777E-01 -7.07821663E-02
 9.09168355E-01 -4.36730456E-02
 8.55123575E-01 -3.26773963E-02
 7.80236307E-01 -3.55522521E-02
 7.03550777E-01 -3.87791372E-02
 6.42535966E-01 -3.71081979E-02
 6.15344151E-01 -2.90660824E-02
 6.65896807E-01 -1.89451440E-02
 8.18133964E-01 -1.94882561E-02
 9.92117794E-01 -3.28908129E-02
 1.07299725E+00 -5.05663212E-02
 1.07180918E+00 -6.17248721E-02
 1.05963424E+00 -5.08593426E-02
 1.03248418E+00 -1.13802210E-02
 9.90366536E-01  4.68310539E-02
 9.80559939E-01  1.00303268E-01
 1.01022408E+00  1.16429773E-01
 1.01560509E+00  7.85384944E-02
 9.39274492E-01 -4.09576000E-05
 8.56358626E-01 -6.71111744E-02
 8.85652640E-01 -6.42273299E-02
 9.69117966E-01 -3.05665734E-02
 9.91329333E-01 -4.65790337E-02
 9.90233317E-01 -6.39042710E-02
 1.02409884E+00 -3.72828380E-03
 1.05068573E+00  6.93801926E-02
 1.04278702E+00  7.06903789E-02
 1.03788466E+00  3.89789112E-02
 1.06599741E+00  2.97783147E-02
 1.12192754E+00  2.12621113E-02
 1.17708806E+00 -8.38416941E-03
 1.15416730E+00 -4.19562022E-02
 9.79738539E-01 -7.14220612E-02
 7.50503435E-01 -9.62019024E-02
 6.32913878E-01 -1.05530074E-01
 5.79201867E-01 -9.84247460E-02
 4.82477770E-01 -8.39372265E-02
 4.65842175E-01 -6.68658095E-02
 6.55714548E-01 -5.13706219E-02
 8.97522031E-01 -3.85865166E-02
 9.91310500E-01 -2.39945281E-02
 9.86926415E-01 -7.95468717E-03
 1.00133857E+00  6.45002661E-03
 1.01034626E+00  2.06119594E-02
 9.95962388E-01  3.59128715E-02
 1.00064532E+00  5.36993397E-02
 1.02568007E+00  7.55351145E-02
 1.06867933E+00  9.58561760E-02
 1.13867462E+00  1.04645583E-01
 1.19224902E+00  9.65175091E-02
 1.17787092E+00  7.06243403E-02
 1.12370491E+00  3.31275252E-02
 1.08636979E+00 -2.60284550E-03
 1.05366205E+00 -2.77466540E-02
 9.97195876E-01 -3.94252931E-02
 9.39653668E-01 -3.87463443E-02
 9.04536427E-01 -3.28496976E-02
 8.97569717E-01 -2.52111109E-02
 9.29296009E-01 -1.40938435E-02
 9.88457912E-01  1.80905525E-03
 1.04136746E+00  2.52941497E-02
 1.06853161E+00  5.43947661E-02
 1.06406005E+00  7.98575783E-02
 1.03925879E+00  9.06355059E-02
 1.02504894E+00  7.56713706E-02
 1.03352153E+00  3.32812986E-02
 1.05236351E+00 -2.09744753E-02
 1.05261308E+00 -5.05321428E-02
 1.00671028E+00 -2.46638698E-02
 9.70371004E-01  1.27569902E-02
 1.02693813E+00 -7.64304026E-03
 1.11488156E+00 -4.25094015E-02
 1.12252315E+00 -1.44694894E-02
 1.08159685E+00  2.78767887E-02
 1.05945055E+00  1.19977213E-02
 1.03345457E+00 -2.58969393E-02
 9.90603633E-01 -3.57787936E-02
 9.70197596E-01 -3.08448667E-02
 9.91781544E-01 -2.05096329E-02
 1.03864776E+00  1.08860094E-02
 1.08892759E+00  6.30453157E-02
 1.13405008E+00  1.22043216E-01
 1.16588292E+00  1.67564411E-01
 1.16536423E+00  1.53089149E-01
 1.11735382E+00  4.08709782E-02
 1.01442878E+00 -1.13490235E-01
 8.62091833E-01 -2.07754204E-01
 7.05198534E-01 -2.20025882E-01
 6.11031915E-01 -1.79732953E-01
 6.17069888E-01 -1.29495940E-01
 7.14583079E-01 -1.38153877E-01
 8.18280317E-01 -1.91799480E-01
 8.21973247E-01 -2.04972533E-01
 7.92038199E-01 -1.61059492E-01
 8.72658460E-01 -7.75053272E-02
 1.00693983E+00  1.23648754E-02
 1.07449039E+00  3.99899717E-02
 1.10076266E+00  2.37255571E-02
 1.12210223E+00  3.72251448E-02
 1.13139503E+00  5.67628535E-02
 1.15430102E+00  3.79705484E-02
 1.18467386E+00  1.16134758E-02
 1.18024455E+00  4.77512581E-03
 1.15987458E+00  4.12529931E-03
 1.16216823E+00  2.67405297E-03
 1.17176278E+00  6.87400992E-03
 1.16760255E+00  1.67416980E-02
 1.15783902E+00  2.68544527E-02
 1.14590855E+00  3.35490758E-02
 1.12375580E+00  3.22708192E-02
 1.09186808E+00  1.91117826E-02
 1.06132900E+00 -3.63671775E-04
 1.04537153E+00 -1.45049440E-02
 1.05286852E+00 -1.63070125E-02
 1.08619472E+00 -3.71555976E-03
 1.13560636E+00  1.71634803E-02
 1.18074039E+00  3.18434890E-02
 1.20740733E+00  3.20408671E-02
 1.20939253E+00  1.65689860E-02
 1.18650537E+00 -1.26503390E-02
 1.14826173E+00 -4.68521802E-02
 1.10082124E+00 -7.92951812E-02
 1.04673390E+00 -1.06091149E-01
 9.95923003E-01 -1.17136451E-01
 9.59292950E-01 -1.01904184E-01
 9.47940494E-01 -5.37005580E-02
 9.71896814E-01  2.82927613E-02
 1.02510882E+00  1.26610305E-01
 1.08874246E+00  2.10513889E-01
 1.14531895E+00  2.56491775E-01
 1.17665025E+00  2.51890487E-01
 1.16743850E+00  2.03243984E-01
 1.11080015E+00  1.36722904E-01
 9.99765790E-01  6.92351201E-02
 8.35063386E-01  7.35377039E-03
 6.42472020E-01 -4.50596825E-02
 4.62816223E-01 -9.41993736E-02
 3.34304046E-01 -1.37368236E-01
 2.86687061E-01 -1.63179977E-01
 3.22014466E-01 -1.73353880E-01
 4.14846515E-01 -1.73871794E-01
 5.45264125E-01 -1.71373975E-01
 6.93262349E-01 -1.76060798E-01
 8.26378477E-01 -1.84658504E-01
 9.17080464E-01 -1.83387361E-01
 9.40586794E-01 -1.66007944E-01
 8.89557374E-01 -1.29495894E-01
 8.20056043E-01 -7.38946984E-02
 8.08719444E-01 -7.49541902E-03
 8.46490546E-01  6.41146647E-02
 8.85695449E-01  1.35204756E-01
 9.50371278E-01  1.87347890E-01
 1.06008570E+00  1.98714714E-01
 1.13640352E+00  1.55776291E-01
 1.10009067E+00  5.77695234E-02
 9.83488379E-01 -6.72451421E-02
 8.57892327E-01 -1.69496657E-01
 7.28557559E-01 -2.13820364E-01
 6.04566756E-01 -1.86977319E-01
 5.68704970E-01 -1.07025796E-01
 6.73092590E-01 -2.36740607E-02
 8.25613341E-01  3.15217021E-02
 8.95040238E-01  5.10224451E-02
 9.04027884E-01  4.04823743E-02
 9.37088759E-01  2.83931697E-02
 9.70510711E-01  2.60978860E-02
 9.77667245E-01  2.37454806E-02
 9.99790643E-01  2.16122503E-02
 1.03360665E+00  1.61466717E-02
 9.79123945E-01  9.34260539E-03
 7.74581025E-01  1.45293859E-02
 6.19805126E-01  2.48038722E-02
 7.57325629E-01  2.22927785E-02
 9.57792942E-01 -1.99899671E-03
 8.44951303E-01 -5.37024234E-02
 5.84251113E-01 -1.21105109E-01
 4.97192856E-01 -1.75231239E-01
 4.96718580E-01 -1.99107542E-01
 4.65611289E-01 -1.86706748E-01
 5.18666165E-01 -1.39282422E-01
 6.91449240E-01 -7.25961889E-02
 8.48073705E-01  1.92115453E-03
 8.87117835E-01  7.74171952E-02
 8.86448510E-01  1.35768010E-01
 9.64053583E-01  1.58259916E-01
 1.03630593E+00  1.30476111E-01
 9.72264886E-01  4.57769377E-02
 8.45483512E-01 -7.21304457E-02
 7.70283472E-01 -1.77787311E-01
 7.39209866E-01 -2.37013952E-01
 7.40859048E-01 -2.31449300E-01
 7.86273401E-01 -1.72057612E-01
 8.41877522E-01 -9.96195015E-02
 8.77764786E-01 -3.75608500E-02
 8.95115975E-01  9.59210721E-03
 9.08645474E-01  4.36530741E-02
 9.48695549E-01  8.29888790E-02
 1.02466517E+00  1.28563667E-01
 1.11912484E+00  1.60822085E-01
 1.21208392E+00  1.70048665E-01
 1.27246615E+00  1.46181607E-01
 1.27993765E+00  8.75230137E-02
 1.23773496E+00  1.13586500E-02
 1.15476430E+00 -6.54961820E-02
 1.05077115E+00 -1.25510654E-01
 9.45741945E-01 -1.51205301E-01
 8.50666622E-01 -1.38246052E-01
 7.78973234E-01 -9.73724059E-02
 7.41023352E-01 -4.98836400E-02
 7.44963778E-01 -1.36674027E-02
 7.95321545E-01  3.25206836E-03
 8.74039965E-01  6.61513702E-03
 9.49669138E-01  1.52498922E-02
 1.00095426E+00  3.71705801E-02
 1.02371094E+00  6.84327453E-02
 1.05225431E+00  1.03204339E-01
 1.12749515E+00  1.28180004E-01
 1.19203824E+00  1.37906121E-01
 1.15862832E+00  1.37641471E-01
 1.08954507E+00  1.26946206E-01
 1.09085939E+00  1.06187951E-01
 1.11822955E+00  7.76757164E-02
 1.09654179E+00  4.18226258E-02
 1.06033738E+00  8.57325649E-03
 1.04467363E+00 -6.85063016E-03
 1.01517596E+00  2.04695934E-03
 9.47227164E-01  3.18181761E-02
 8.54958349E-01  6.12998333E-02
 7.50894943E-01  5.57905599E-02
 6.36324675E-01 -4.75257094E-03
 5.21516481E-01 -1.17498120E-01
 4.30437201E-01 -2.48748499E-01
 3.87663129E-01 -3.38332929E-01
 4.10012852E-01 -3.47606221E-01
 4.99229401E-01 -2.71912453E-01
 6.22211538E-01 -1.43553521E-01
 7.23813016E-01 -3.04136851E-02
 7.75211482E-01  3.02114981E-02
 7.87782123E-01  4.70151946E-02
 8.32144506E-01  6.51685727E-02
 9.84501256E-01  1.45002141E-01
 1.14639946E+00  2.36540582E-01
 1.14299941E+00  2.29676845E-01
 1.01303710E+00  1.47306644E-01
 8.87287452E-01  6.77719244E-02
 7.88729689E-01  1.19709189E-02
 7.37174388E-01  4.44270289E-03
 7.24965030E-01  2.80259568E-02
 6.79726859E-01  1.33900223E-02
 6.49024913E-01 -2.09439990E-02
 7.33129167E-01 -1.72381629E-02
 8.66874613E-01 -7.12222461E-03
 9.39460466E-01 -3.19025831E-02
 9.47811200E-01 -6.99583194E-02
 9.07792156E-01 -9.08344371E-02
 8.32577077E-01 -5.94626959E-02
 7.82646478E-01  5.73912268E-02
 7.99814048E-01  1.96807800E-01
 8.71056967E-01  2.46608364E-01
 9.30177369E-01  2.07860122E-01
 8.99653356E-01  1.44210581E-01
 8.50744016E-01  8.72264663E-02
 9.14704487E-01  7.66761870E-02
 1.00620115E+00  1.02068652E-01
 9.76211237E-01  1.03089434E-01
 8.85072608E-01  1.24924793E-01
 8.17890849E-01  2.19991820E-01
 6.84795804E-01  2.28342248E-01
 4.29550735E-01 -4.11162310E-03
 2.45267273E-01 -2.39327098E-01
 3.37154855E-01 -1.48674922E-01
 5.56661290E-01  9.79950976E-02
 6.41365282E-01  1.65344090E-01
 6.54311248E-01  1.20688302E-01
 7.43008615E-01  1.12001803E-01
 8.40641238E-01  1.00231196E-01
 8.96292379E-01  1.03835160E-01
 9.66674794E-01  1.46139934E-01
 1.05981177E+00  1.57459188E-01
 1.13724522E+00  1.43236425E-01
 1.17576421E+00  1.51868745E-01
 1.17864073E+00  1.62859792E-01
 1.16099789E+00  1.57485181E-01
 1.12670847E+00  1.49457272E-01
 1.08127568E+00  1.40108537E-01
 1.03569799E+00  1.20313995E-01
 9.94331957E-01  8.79479512E-02
 9.65950267E-01  5.06554665E-02
 9.63008180E-01  1.99701066E-02
 9.90026160E-01  2.24620098E-03
 1.04506531E+00 -4.38864203E-04
 1.11560271E+00  8.03805538E-03
 1.17886893E+00  1.65636269E-02
 1.21563694E+00  1.84295707E-02
 1.21484043E+00  1.27191280E-02
 1.17960222E+00  1.10827942E-03
 1.12771329E+00 -9.40183032E-03
 1.07255771E+00 -1.40081544E-02
 1.02259171E+00 -1.10654553E-02
 9.86158815E-01  4.71784068E-03
 9.65985258E-01  3.73837310E-02
 9.71199033E-01  8.66580179E-02
 1.01493964E+00  1.45691377E-01
 1.09608457E+00  1.90027533E-01
 1.17966662E+00  1.85765164E-01
 1.14953487E+00  1.14449058E-01
 9.06011009E-01 -1.80886459E-02
 6.12983722E-01 -1.66516387E-01
 5.33502211E-01 -2.56958334E-01
 6.04491957E-01 -2.47341531E-01
 6.41628767E-01 -1.45799765E-01
 7.16783412E-01 -2.65301181E-02
 9.05082642E-01  5.46022360E-03
 1.06796482E+00 -2.91331249E-02
 1.10076099E+00 -3.62719679E-02
 1.09672552E+00 -3.65942064E-02
 1.15417878E+00 -7.82234396E-02
 1.14451581E+00 -1.42899948E-01
 9.13256849E-01 -2.16372898E-01
 6.21608418E-01 -2.52220193E-01
 5.18700954E-01 -1.84271718E-01
 5.83701134E-01 -8.08035589E-02
 7.10984849E-01 -5.87186918E-02
 8.73552125E-01 -6.04927676E-02
 9.99370629E-01  1.64822679E-02
 1.06355973E+00  9.80697682E-02
 1.12974162E+00  8.52183441E-02
 1.16196656E+00  2.87283620E-02
 1.10311093E+00 -1.25289116E-03
 1.04072384E+00 -1.35040014E-02
 1.06951752E+00 -1.34251630E-02
 1.13577013E+00  9.57831131E-03
 1.15191296E+00  3.87036240E-02
 1.14313603E+00  6.20251220E-02
 1.15638991E+00  8.37531928E-02
 1.17075869E+00  1.01291853E-01
 1.17127033E+00  1.13284230E-01
 1.15914749E+00  1.15714611E-01
 1.11784659E+00  9.97422208E-02
 1.05429768E+00  7.17660760E-02
 9.98945676E-01  4.70913137E-02
 9.67342300E-01  3.50769839E-02
 9.68500727E-01  4.18742693E-02
 1.00229904E+00  6.16753838E-02
 1.05119394E+00  7.65304582E-02
 1.10569563E+00  7.76208448E-02
 1.16199849E+00  6.47936869E-02
 1.20603645E+00  4.25230586E-02
 1.22513028E+00  2.40496099E-02
 1.20831619E+00  1.56802368E-02
 1.14834817E+00  1.44484067E-02
 1.06331758E+00  1.79379515E-02
 9.88520039E-01  2.00309100E-02
 9.49957762E-01  1.76133668E-02
 9.62069111E-01  1.40967483E-02
 1.01581079E+00  1.06142229E-02
 1.07817119E+00  8.37929153E-03
 1.12999892E+00  8.21472214E-03
 1.16655218E+00  7.58272617E-03
 1.18740794E+00  5.61591316E-03
 1.20541785E+00  2.63027537E-03
 1.22138823E+00 -1.54215956E-03
 1.22261185E+00 -5.69582045E-03
 1.20808062E+00 -8.81248298E-03
 1.17876158E+00 -1.04941623E-02
 1.13857178E+00 -9.78378201E-03
 1.10010149E+00 -6.02323086E-03
 1.06622938E+00  9.16151240E-04
 1.03334307E+00  1.09671127E-02
 1.00425220E+00  2.35923851E-02
 9.82112215E-01  3.77036670E-02
 9.72078631E-01  5.16289269E-02
 9.83240652E-01  6.32264649E-02
 1.01740049E+00  7.02683671E-02
 1.06896712E+00  7.08916352E-02
 1.12869039E+00  6.43721255E-02
 1.18208460E+00  5.12476818E-02
 1.21698458E+00  3.27069651E-02
 1.22806817E+00  1.10305864E-02
 1.21713082E+00 -9.88006576E-03
 1.19335549E+00 -2.52202433E-02
 1.16395647E+00 -3.00327192E-02
 1.13199585E+00 -2.02172190E-02
 1.09831620E+00  5.35234904E-03
 1.06016451E+00  4.45726495E-02
 1.02062969E+00  9.35831526E-02
 9.89079993E-01  1.45577937E-01
 9.73479482E-01  1.89494699E-01
 9.81957022E-01  2.12823179E-01
 1.01723594E+00  2.05660474E-01
 1.07234679E+00  1.64817923E-01
 1.13433022E+00  1.01137707E-01
 1.18540601E+00  3.62528433E-02
 1.21059183E+00 -1.25289066E-02
 1.20460750E+00 -3.54280568E-02
 1.17602118E+00 -3.47305835E-02
 1.14500912E+00 -2.56499864E-02
 1.12620332E+00 -1.60505655E-02
 1.12479397E+00 -6.34319107E-03
 1.13609354E+00  2.17944783E-03
 1.14394662E+00  1.30840695E-02
 1.14096614E+00  2.39677930E-02
 1.12969876E+00  2.60495157E-02
 1.11161325E+00  2.01381130E-02
 1.09306313E+00  1.10965676E-02
 1.07615639E+00  3.05312925E-03
 1.05676520E+00  2.65586171E-03
 1.03966388E+00  1.01463830E-02
 1.03291644E+00  1.97022948E-02
 1.04153339E+00  2.98240052E-02
 1.06971328E+00  3.98254325E-02
 1.11132522E+00  4.68571825E-02
 1.15125774E+00  4.97030414E-02
 1.17950575E+00  4.57950376E-02
 1.19036451E+00  3.23988016E-02
 1.18312901E+00  1.38489254E-02
 1.16495084E+00 -1.63062447E-03
 1.13931210E+00 -8.60726378E-03
 1.10642739E+00 -4.27677101E-03
 1.07060624E+00  8.09946097E-03
 1.03603605E+00  1.92944215E-02
 1.00939962E+00  2.42869583E-02
 1.00017754E+00  2.25157110E-02
 1.01127776E+00  1.56932455E-02
 1.04061423E+00  9.80388035E-03
 1.08522067E+00  7.47192704E-03
 1.13787076E+00  6.85250396E-03
 1.18814672E+00  6.90382449E-03
 1.22510187E+00  5.20125906E-03
 1.23703598E+00  8.48780045E-04
 1.21610759E+00 -3.85168616E-03
 1.16615018E+00 -8.14492181E-03
 1.10010519E+00 -1.13944474E-02
 1.03074694E+00 -1.20580519E-02
 9.70645625E-01 -8.89932015E-03
 9.30114158E-01  1.73317424E-03
 9.14060161E-01  2.44592619E-02
 9.29384473E-01  5.99154147E-02
 9.80120120E-01  1.03469235E-01
 1.05471145E+00  1.42155502E-01
 1.13255529E+00  1.57267726E-01
 1.19367039E+00  1.36763515E-01
 1.22124213E+00  7.99128406E-02
 1.21454631E+00  2.46072007E-03
 1.18774150E+00 -6.57401858E-02
 1.14827382E+00 -1.03570074E-01
 1.10007622E+00 -1.04145855E-01
 1.04973650E+00 -7.66297824E-02
 9.99884265E-01 -4.62420303E-02
 9.60623596E-01 -2.36825053E-02
 9.47181610E-01  5.14014475E-04
 9.61009272E-01  4.90703012E-02
 9.95833331E-01  1.39109117E-01
 1.04496255E+00  2.06817147E-01
 1.09677279E+00  1.64252099E-01
 1.14209664E+00  6.96151330E-02
 1.17627371E+00  3.53518330E-02
 1.19040330E+00  3.33771564E-02
 1.17821592E+00  2.20617438E-03
 1.14663319E+00 -2.48475382E-02
 1.10946726E+00 -2.15028149E-02
 1.07951598E+00 -1.43214528E-02
 1.06668072E+00 -1.48143633E-02
 1.06815629E+00 -1.22574357E-02
 1.07002711E+00 -2.46468597E-03
 1.06642043E+00  6.67331178E-03
 1.05767775E+00  7.71886404E-03
 1.04510191E+00  6.12274396E-03
 1.03597971E+00  1.14363156E-02
 1.03198780E+00  2.81052854E-02
 1.02918464E+00  5.78635364E-02
 1.03155074E+00  9.17865792E-02
 1.04469253E+00  1.11014129E-01
 1.07107386E+00  1.04744629E-01
 1.11137185E+00  7.04087107E-02
 1.15436152E+00  1.15756939E-02
 1.18009510E+00 -5.80160250E-02
 1.17642911E+00 -1.27078332E-01
 1.14018410E+00 -1.87633957E-01
 1.08090520E+00 -2.25915530E-01
 1.02145911E+00 -2.29335191E-01
 9.77472093E-01 -1.88498381E-01
 9.54509745E-01 -1.00064252E-01
 9.51481339E-01  1.77204218E-02
 9.56619187E-01  1.31441258E-01
 9.63996711E-01  2.14361419E-01
 9.75007470E-01  2.50354559E-01
 9.86228735E-01  2.45346821E-01
 9.95344169E-01  2.27298950E-01
 9.96971778E-01  2.13007443E-01
 9.81446347E-01  2.07886183E-01
 9.49374102E-01  2.14544011E-01
 9.07790451E-01  2.22793231E-01
 8.61520613E-01  2.28169321E-01
 8.16164485E-01  2.29069426E-01
 7.72643042E-01  1.98520583E-01
 7.26947169E-01  1.04687251E-01
 6.82517081E-01 -5.81783596E-02
 6.48852047E-01 -2.57250995E-01
 6.37765842E-01 -3.81565360E-01
 6.62922261E-01 -3.18991096E-01
 7.25949379E-01 -1.69785042E-01
 8.09503262E-01 -1.26801282E-01
 8.75440085E-01 -1.46559174E-01
 8.74831745E-01 -1.02905243E-01
 7.86004444E-01 -4.12622998E-02
 6.35749731E-01 -1.10570995E-02
 5.20623498E-01  1.89470997E-02
 5.39274430E-01  4.12941576E-02
 5.95529979E-01  2.91145707E-02
 5.19131628E-01 -1.03659822E-02
 4.09651485E-01 -3.82474406E-02
 4.40373180E-01 -1.04801700E-02
 4.93043020E-01  5.61108716E-02
 4.14670583E-01  1.06823552E-01
 3.33459740E-01  1.22593625E-01
 3.96990748E-01  8.81351830E-02
 4.93968205E-01 -2.91561751E-02
 4.89210350E-01 -2.09432204E-01
 4.84798379E-01 -3.18541984E-01
 6.10427293E-01 -2.17016188E-01
 7.91126400E-01  6.61399974E-03
 9.15485634E-01  1.48915478E-01
 9.81128028E-01  1.91709028E-01
 9.94543637E-01  1.98603696E-01
 9.76858227E-01  2.11124566E-01
 9.87260373E-01  3.02598262E-01
 9.76429004E-01  3.69700795E-01
 8.43815053E-01  2.09567197E-01
 6.48391224E-01 -6.79437675E-02
 5.04416064E-01 -2.34433787E-01
 4.14120707E-01 -3.26551051E-01
 3.71875675E-01 -4.16279374E-01
 4.27881983E-01 -4.04564511E-01
 5.83777769E-01 -2.45218208E-01
 7.41859747E-01 -6.73319401E-02
 8.00164970E-01 -1.61330313E-03
 7.94563135E-01 -8.12840238E-03
 8.26834446E-01  1.89340799E-02
 8.96140329E-01  8.85836493E-02
 9.65512895E-01  1.78452928E-01
 1.01683984E+00  2.37083701E-01
 1.00953257E+00  1.76994478E-01
 9.83302528E-01  8.13176627E-02
 1.02652003E+00  1.13387675E-01
 1.08256257E+00  2.02155256E-01
 1.05241555E+00  2.05748271E-01
 9.92119388E-01  1.81153725E-01
 9.88432735E-01  2.03326394E-01
 1.01534566E+00  2.10191397E-01
 1.03533983E+00  1.53147935E-01
 1.05814924E+00  7.19471179E-02
 1.07483494E+00  6.90328500E-03
 1.06497116E+00 -3.29567495E-02
 1.03218650E+00 -3.21214545E-02
 9.93227569E-01  2.77011800E-02
 9.70003704E-01  1.26948335E-01
 9.77836823E-01  1.81334535E-01
 1.01777770E+00  1.10771376E-01
 1.07600423E+00 -1.08693416E-02
 1.12486586E+00 -4.20968273E-02
 1.14631724E+00 -6.93127934E-03
 1.13699138E+00  9.09136561E-03
 1.10154487E+00  2.72541209E-02
 1.05740266E+00  5.97425284E-02
 1.01637832E+00  6.52444514E-02
 9.81972915E-01  3.78219288E-02
 9.65099174E-01  6.40171220E-03
 9.74471076E-01 -5.76278155E-04
 1.01454487E+00  2.40065497E-02
 1.08334837E+00  6.70467736E-02
 1.14984831E+00  1.04838771E-01
 1.16735896E+00  1.02424419E-01
 1.11239029E+00  4.55807745E-02
 9.95881609E-01 -4.06746984E-02
 8.88180423E-01 -9.24913042E-02
 8.78666370E-01 -4.85165849E-02
 9.33404056E-01  2.47527579E-02
 9.53221143E-01  9.62014576E-03
 9.51880137E-01 -2.74643420E-02
 9.79244934E-01  3.24778204E-02
 1.03243990E+00  1.07006214E-01
 1.11686031E+00  8.15135850E-02
 1.20066141E+00  1.46336187E-02
 1.21372865E+00 -1.37948311E-02
 1.17853312E+00 -2.72196967E-02
 1.15893738E+00 -4.76087563E-02
 1.13372511E+00 -5.71009418E-02
 1.07210823E+00 -5.85320824E-02
 1.01203345E+00 -6.05725737E-02
 9.88304825E-01 -5.46980408E-02
 9.88089876E-01 -3.54981538E-02
 9.94865703E-01 -1.17939504E-03
 1.01074558E+00  4.68368553E-02
 1.03502389E+00  9.91043120E-02
 1.06321542E+00  1.45725962E-01
 1.09722555E+00  1.76632947E-01
 1.13174819E+00  1.82077360E-01
 1.15518806E+00  1.58582818E-01
 1.16534811E+00  1.10414440E-01
 1.16385951E+00  4.83122363E-02
 1.15122347E+00 -1.55678104E-02
 1.13066269E+00 -6.92291712E-02
 1.10197023E+00 -1.01030398E-01
 1.06282508E+00 -1.03596860E-01
 1.02040188E+00 -7.37364232E-02
 9.90555023E-01 -1.85938424E-02
 9.96644535E-01  3.09034839E-02
 1.04565858E+00  3.36596142E-02
 1.06653373E+00 -2.85279931E-02
 9.75613609E-01 -1.34717326E-01
 8.47650600E-01 -1.96951305E-01
 8.19365909E-01 -1.22670268E-01
 8.63877530E-01  2.69866484E-03
 9.01002598E-01  1.85958829E-02
 9.49707845E-01 -2.03067012E-02
 1.01622582E+00  1.53051375E-02
 1.05367593E+00  9.08916532E-02
 1.04757812E+00  1.52671274E-01
 1.02490002E+00  2.04852864E-01
 1.01839456E+00  2.20763884E-01
 1.03736904E+00  2.07174416E-01
 1.07185566E+00  2.11023344E-01
 1.10215265E+00  2.00676378E-01
 1.09353381E+00  1.17312383E-01
 1.02862058E+00 -1.90339132E-02
 9.20647429E-01 -1.58070373E-01
 8.02571054E-01 -2.49306031E-01
 7.26592123E-01 -2.42361261E-01
 7.27312601E-01 -1.90531724E-01
 8.05312107E-01 -1.97376001E-01
 9.31718975E-01 -2.07683449E-01
 1.04809652E+00 -1.19218381E-01
 1.11348992E+00 -1.52698383E-02
 1.11850943E+00 -9.44096307E-03
 1.07515571E+00 -4.50469416E-02
 1.02362286E+00 -3.75872965E-02
 9.87490042E-01 -3.52002513E-03
 9.66274629E-01  3.67294465E-02
 9.64148078E-01  9.15130556E-02
 9.75545675E-01  1.40833498E-01
 1.00294112E+00  1.65968106E-01
 1.06066699E+00  1.70399362E-01
 1.13578749E+00  1.53527068E-01
 1.20140516E+00  1.16970515E-01
 1.23678766E+00  6.24914870E-02
 1.22297550E+00 -1.11391555E-02
 1.16750269E+00 -8.75879842E-02
 1.10254758E+00 -1.40834792E-01
 1.04629297E+00 -1.53768145E-01
 1.00755146E+00 -1.18521098E-01
 9.90562309E-01 -5.05524083E-02
 9.85137978E-01  1.37717669E-02
 9.91665443E-01  5.04033947E-02
 1.01924717E+00  5.08045193E-02
 1.06102750E+00  2.33935177E-02
 1.10577571E+00 -2.67037057E-03
 1.14195167E+00 -1.22375293E-02
 1.15520927E+00 -7.32972960E-03
 1.14870936E+00  7.56075195E-03
 1.13911742E+00  1.71913504E-02
 1.13426959E+00  1.66940420E-02
 1.13727004E+00  1.59984818E-02
 1.14552322E+00  1.77225400E-02
 1.14652777E+00  2.44099745E-02
 1.13683861E+00  3.57388888E-02
 1.12122405E+00  4.15929471E-02
 1.10053346E+00  3.61611367E-02
 1.07812110E+00  1.68771089E-02
 1.05558203E+00 -1.91736052E-02
 1.03003318E+00 -6.80435629E-02
 1.00516794E+00 -1.19397540E-01
 9.87714624E-01 -1.59827561E-01
 9.80780418E-01 -1.76704443E-01
 9.85891770E-01 -1.62590765E-01
 9.98224205E-01 -1.19830873E-01
 1.00737295E+00 -5.95323481E-02
 1.00840504E+00  9.03306687E-03
 1.00305920E+00  7.81954675E-02
 1.00102878E+00  1.38573829E-01
 1.01923402E+00  1.83207912E-01
 1.06643646E+00  2.03063819E-01
 1.13884962E+00  1.89832198E-01
 1.21944646E+00  1.48791836E-01
 1.27692377E+00  9.41471959E-02
 1.28340580E+00  3.94502051E-02
 1.21764427E+00 -2.18294676E-03
 1.06003560E+00 -2.58339093E-02
 8.39007904E-01 -3.58699446E-02
 7.05008533E-01 -3.19464859E-02
 8.04917607E-01 -1.31716361E-02
 9.90619991E-01  1.31998920E-02
 1.00487323E+00  3.83330967E-02
 9.51394998E-01  5.15925286E-02
 1.04395551E+00  4.31759014E-02
 1.16516717E+00  1.90867205E-02
 1.16057448E+00 -3.77533663E-03
 1.11722046E+00 -1.50390820E-02
 1.11655422E+00 -9.85874970E-03
 1.10696237E+00  7.47507754E-03
 1.05870065E+00  2.17318899E-02
 1.01813515E+00  2.68997635E-02
 1.02025300E+00  2.57642160E-02
 1.04930534E+00  2.02687564E-02
 1.08332822E+00  1.70525465E-02
 1.11913505E+00  1.81667872E-02
 1.15078710E+00  1.83097361E-02
 1.17280073E+00  1.63741134E-02
 1.19083179E+00  1.18637922E-02
 1.20127621E+00  4.20723103E-03
 1.19436978E+00 -3.44704167E-03
 1.17329248E+00 -9.83167817E-03
 1.14537967E+00 -1.53119807E-02
 1.11731457E+00 -1.89570423E-02
 1.09796607E+00 -2.08542816E-02
 1.08649122E+00 -2.16067210E-02
 1.07405017E+00 -2.13685825E-02
 1.05893542E+00 -2.08173408E-02
 1.04332128E+00 -2.05591923E-02
 1.03081569E+00 -2.04113236E-02
 1.02966713E+00 -1.98886650E-02
 1.04241487E+00 -1.87913868E-02
 1.06490972E+00 -1.70564188E-02
 1.09328500E+00 -1.46381849E-02
 1.12110132E+00 -1.16712590E-02
 1.14263631E+00 -8.02602131E-03
 1.15613616E+00 -3.40746939E-03
 1.16017696E+00  1.95243386E-03
 1.15488015E+00  7.54574443E-03
 1.14136977E+00  1.28967232E-02
 1.12065646E+00  1.74180074E-02
 1.09648480E+00  2.07248299E-02
 1.07440229E+00  2.26828802E-02
 1.06026390E+00  2.29704198E-02
 1.05960760E+00  2.12726556E-02
 1.07383813E+00  1.75821018E-02
 1.10012094E+00  1.20844024E-02
 1.13455374E+00  5.30168182E-03
 1.17059499E+00 -1.80162365E-03
 1.19804064E+00 -7.98882990E-03
 1.20643813E+00 -1.18475781E-02
 1.18819797E+00 -1.20328969E-02
 1.14341688E+00 -7.64092147E-03
 1.08885693E+00  1.38148898E-03
 1.05229831E+00  1.40521248E-02
 1.05285920E+00  2.84844332E-02
 1.09513377E+00  4.15231806E-02
 1.16007621E+00  4.82431042E-02
 1.20789308E+00  4.33549404E-02
 1.21368164E+00  2.39800276E-02
 1.17306511E+00 -8.17298251E-03
 1.10034674E+00 -4.34573973E-02
 1.03228757E+00 -6.68018539E-02
 9.90696572E-01 -6.77868687E-02
 9.76999731E-01 -4.41870646E-02
 9.88638601E-01 -6.37108258E-03
 1.00961889E+00  2.43247341E-02
 1.03231602E+00  3.39522212E-02
 1.06208102E+00  1.94388597E-02
 1.09220814E+00 -1.15972935E-02
 1.11391397E+00 -3.93662713E-02
 1.11875660E+00 -5.26431005E-02
 1.09520099E+00 -5.17943518E-02
 1.05019389E+00 -4.06847910E-02
 1.00450948E+00 -3.09696082E-02
 9.72126753E-01 -2.75755938E-02
 9.63250047E-01 -2.52591071E-02
 9.78021494E-01 -2.09714312E-02
 1.00330683E+00 -9.84883568E-03
 1.03384203E+00  9.41866335E-03
 1.06972272E+00  3.00051828E-02
 1.10551308E+00  4.60336116E-02
 1.13779067E+00  5.16076260E-02
 1.15948087E+00  4.24833401E-02
 1.15993668E+00  2.12197181E-02
 1.14079998E+00 -4.70439383E-03
 1.11148224E+00 -2.45115574E-02
 1.07959420E+00 -2.98455893E-02
 1.05438178E+00 -1.89909716E-02
 1.04184386E+00  1.34991572E-03
 1.04204742E+00  1.74908164E-02
 1.05769743E+00  2.08690655E-02
 1.08926673E+00  1.08458622E-02
 1.12547431E+00 -6.20259415E-03
 1.15012453E+00 -1.61700004E-02
 1.15036078E+00 -1.14814659E-02
 1.12021574E+00  6.26997121E-03
 1.07288127E+00  3.18246611E-02
 1.03642149E+00  5.37029171E-02
 1.02825929E+00  6.50488556E-02
 1.05277186E+00  6.67917869E-02
 1.09926421E+00  6.01041405E-02
 1.14004851E+00  4.93578790E-02
 1.16001759E+00  3.71862012E-02
 1.15991080E+00  2.18656323E-02
 1.14567975E+00  4.62202337E-03
 1.13447013E+00 -1.24484927E-02
 1.13390564E+00 -2.67294073E-02
 1.13699313E+00 -3.33354823E-02
 1.13807511E+00 -3.03252237E-02
 1.12765595E+00 -1.84142371E-02
 1.10173945E+00  1.67883943E-03
 1.06845411E+00  2.71862807E-02
 1.03622904E+00  5.37706006E-02
 1.01550228E+00  7.72379347E-02
 1.01434482E+00  9.38458023E-02
 1.03183973E+00  1.02774017E-01
 1.06227618E+00  1.10027007E-01
 1.09551266E+00  1.25452754E-01
 1.12302949E+00  1.54081338E-01
 1.14204831E+00  1.93271630E-01
 1.15375950E+00  2.28270516E-01
 1.16149803E+00  2.34904396E-01
 1.15850614E+00  1.98363205E-01
 1.12307078E+00  1.17763632E-01
 1.01908577E+00  8.19244913E-03
 8.29561872E-01 -9.89798108E-02
 6.41193951E-01 -1.80359381E-01
 5.71675301E-01 -2.25118288E-01
 5.70028186E-01 -2.30088530E-01
 5.24540673E-01 -2.05920393E-01
 5.00959499E-01 -1.60188245E-01
 5.97384268E-01 -9.75856113E-02
 7.50323114E-01 -3.83140161E-02
 8.74427478E-01 -6.25745509E-03
 9.68318520E-01 -1.94592883E-02
 1.02737854E+00 -8.44266067E-02
 1.03756564E+00 -1.68699785E-01
 1.02107739E+00 -2.14019700E-01
 9.99871015E-01 -1.86980092E-01
 9.81284595E-01 -8.93769743E-02
 9.71131101E-01  2.16099499E-02
 9.67226831E-01  6.41709525E-02
 9.77218245E-01  6.82537926E-02
 1.01422318E+00  1.15205389E-01
 1.06688768E+00  1.52308407E-01
 1.11252303E+00  1.02517589E-01
 1.13298700E+00  2.91006959E-02
 1.11332438E+00  9.57282859E-03
 1.06355226E+00  9.88074438E-03
 1.01532896E+00 -1.46386187E-02
 9.84888082E-01 -3.31931310E-02
 9.76129756E-01 -1.54659841E-02
 9.85413260E-01  1.71061674E-02
 9.93790295E-01  4.17073509E-02
 9.94687388E-01  5.19012436E-02
 9.95204410E-01  3.82069130E-02
 9.95670582E-01  6.68815484E-03
 9.99292470E-01 -1.79506138E-02
 1.00678717E+00 -2.39379727E-02
 1.01166324E+00 -1.13386040E-02
 1.01793918E+00  1.27984541E-02
 1.03471281E+00  2.90158919E-02
 1.06477260E+00  2.83551367E-02
 1.10725771E+00  1.55672803E-02
 1.14903469E+00 -3.70404102E-03
 1.16656391E+00 -1.73683819E-02
 1.14628266E+00 -1.84920649E-02
 1.08712110E+00 -1.09027462E-02
 1.00328473E+00  2.03693672E-03
 9.25196449E-01  1.43543374E-02
 8.75430041E-01  2.18376748E-02
 8.64472463E-01  2.67647394E-02
 8.94688102E-01  3.08138661E-02
 9.50416704E-01  3.41405817E-02
 1.00695758E+00  2.95779674E-02
 1.02416171E+00 -3.41298899E-03
 9.21022432E-01 -9.86426845E-02
 6.62946477E-01 -2.62748847E-01
 4.38774806E-01 -3.84052464E-01
 4.91411061E-01 -3.27742993E-01
 6.97409910E-01 -1.84658383E-01
 7.82734549E-01 -1.34394593E-01
 8.08375083E-01 -1.26291617E-01
 9.15708622E-01 -4.98933853E-02
 1.03193469E+00  2.94799823E-02
 1.10130671E+00  4.47123181E-02
 1.12600620E+00  2.66804037E-02
 1.06104498E+00 -8.55754010E-03
 9.35384920E-01 -6.01130369E-02
 8.46999708E-01 -9.73670264E-02
 8.29115330E-01 -9.00548639E-02
 8.75379807E-01 -3.38660709E-02
 9.47713303E-01  2.97954026E-02
 9.74716069E-01  4.63095690E-02
 9.87877153E-01  4.81838610E-02
 1.07101665E+00  9.90201090E-02
 1.16788595E+00  1.46741122E-01
 1.19044820E+00  1.14133144E-01
 1.18567494E+00  4.51311164E-02
 1.21387166E+00  6.64047067E-03
 1.23371781E+00 -1.75633671E-02
 1.20161685E+00 -4.55303081E-02
 1.14678478E+00 -4.37200442E-02
 1.10304539E+00  2.51536250E-03
 1.06768784E+00  4.54978342E-02
 1.04257433E+00  3.98636270E-02
 1.04256270E+00  2.84199296E-02
 1.06969419E+00  7.37233732E-02
 1.11333431E+00  1.23542354E-01
 1.15956734E+00  9.85633203E-02
 1.19388696E+00  4.15566229E-02
 1.20542911E+00  2.02781179E-02
 1.19622075E+00  1.05313571E-02
 1.17902244E+00 -1.68780705E-02
 1.16055749E+00 -3.22556052E-02
 1.14327427E+00 -1.50369157E-02
 1.13085651E+00  1.45055479E-02
 1.12272868E+00  3.46289739E-02
 1.12217718E+00  3.82929261E-02
 1.13446884E+00  2.11499972E-02
 1.15110495E+00 -9.40322922E-03
 1.15707399E+00 -3.11382363E-02
 1.14288800E+00 -3.24462350E-02
 1.10499657E+00 -1.40797700E-02
 1.05715579E+00  1.72925043E-02
 1.02733166E+00  4.46576582E-02
 1.03115921E+00  5.87726177E-02
 1.06966853E+00  6.18821488E-02
 1.12851404E+00  5.62392222E-02
 1.17631475E+00  4.89508225E-02
 1.19467347E+00  4.36494751E-02
 1.18368192E+00  3.64048325E-02
 1.15434235E+00  2.67314973E-02
 1.13263012E+00  1.45231256E-02
 1.13288918E+00  5.10933361E-04
 1.15085029E+00 -1.04652582E-02
 1.17619352E+00 -1.65752576E-02
 1.18807243E+00 -1.82469587E-02
 1.17530701E+00 -1.51381707E-02
 1.14380037E+00 -8.68712844E-03
 1.10293225E+00 -3.44042422E-04
 1.06954733E+00  9.24547040E-03
 1.05502455E+00  1.81026662E-02
 1.05831798E+00  2.42634950E-02
 1.07736016E+00  2.72131941E-02
 1.10528900E+00  2.70082584E-02
 1.13583950E+00  2.38986952E-02
 1.16715932E+00  1.85912063E-02
 1.19120580E+00  1.17749000E-02
 1.19806277E+00  4.05433706E-03
 1.18073709E+00 -3.19702832E-03
 1.13570717E+00 -8.45800234E-03
 1.07442397E+00 -1.13681697E-02
 1.01975019E+00 -1.22531610E-02
 9.88680213E-01 -1.15070405E-02
 9.90367904E-01 -9.84701510E-03
 1.01969816E+00 -7.78740624E-03
 1.05637563E+00 -5.54374374E-03
 1.08773462E+00 -4.00284568E-03
 1.10893632E+00 -4.20992720E-03
 1.11577863E+00 -6.35323253E-03
 1.11148359E+00 -1.02090989E-02
 1.09455110E+00 -1.54016652E-02
 1.05970274E+00 -2.12352126E-02
 1.01619532E+00 -2.72815505E-02
 9.79796123E-01 -3.33287354E-02
 9.63729939E-01 -3.85610978E-02
 9.78984332E-01 -4.19185749E-02
 1.01958356E+00 -4.26465778E-02
 1.06473307E+00 -3.99531392E-02
 1.10107699E+00 -3.30022372E-02
 1.12058713E+00 -2.09501012E-02
 1.11888940E+00 -2.42164705E-03
 1.10181730E+00  2.37220985E-02
 1.07180039E+00  5.64883814E-02
 1.03126006E+00  9.19479364E-02
 1.00028091E+00  1.22072095E-01
 1.00343800E+00  1.36309512E-01
 1.05186206E+00  1.27566935E-01
 1.13534802E+00  9.49950302E-02
 1.19709608E+00  4.71821603E-02
 1.17428318E+00  8.10717832E-04
 1.11499552E+00 -3.10790977E-02
 1.10732210E+00 -4.18671347E-02
 1.09170009E+00 -3.26415722E-02
 9.76222989E-01 -1.39655255E-02
 8.42811156E-01  6.54024976E-03
 8.13761408E-01  2.39678027E-02
 8.89370477E-01  2.83882106E-02
 1.01920720E+00  1.18411962E-02
 1.09434473E+00 -3.03744628E-02
 9.81144786E-01 -9.54466941E-02
 7.93189579E-01 -1.55734973E-01
 7.67215078E-01 -1.71176808E-01
 8.44593064E-01 -1.23715650E-01
 8.58659720E-01 -2.90528771E-02
 8.44540120E-01  4.10618168E-02
 8.50565218E-01  1.16945833E-02
 8.80540071E-01 -3.34995481E-02
 9.82892833E-01  4.07764466E-02
 1.09071976E+00  1.29297829E-01
 1.05934973E+00  5.95962587E-02
 9.06569173E-01 -7.72130943E-02
 7.35848406E-01 -1.24530434E-01
 6.17495999E-01 -1.02095037E-01
 6.28617534E-01 -5.67552345E-02
 7.31890718E-01 -1.60331919E-02
 7.81495117E-01 -4.62500259E-02
 7.49766705E-01 -1.00586022E-01
 6.91364954E-01 -5.98015559E-02
 6.79930329E-01  2.55265439E-02
 8.17555113E-01  4.99045572E-02
 1.01371149E+00  5.76288788E-02
 1.07360706E+00  1.07067827E-01
 1.08151624E+00  1.57437053E-01
 1.19301143E+00  1.62885712E-01
 1.25929234E+00  8.99179305E-02
 1.10126861E+00 -8.27900824E-02
 8.29333691E-01 -2.37311788E-01
 6.03782894E-01 -2.23676488E-01
 4.03214565E-01 -1.84111066E-01
 2.14374079E-01 -3.38261004E-01
 1.70208497E-01 -4.92693210E-01
 3.55827347E-01 -3.58854486E-01
 6.32127589E-01 -1.05531957E-01
 8.05601350E-01 -2.37446162E-03
 8.93056474E-01  3.75793776E-02
 9.80027378E-01  1.32781449E-01
 9.90893366E-01  1.70994788E-01
 8.64629050E-01  8.14684851E-02
 7.09530910E-01 -2.18611341E-02
 6.40749535E-01 -3.71427332E-02
 6.56896506E-01 -2.32204909E-02
 7.09926021E-01 -6.69854901E-02
 7.39323058E-01 -1.13383179E-01
 6.72692606E-01 -9.63288293E-02
 5.63370768E-01 -1.03527851E-01
 5.36450254E-01 -2.18160334E-01
 5.29625834E-01 -3.27959374E-01
 4.38244131E-01 -2.85046684E-01
 4.03859173E-01 -1.39106675E-01
 5.85794400E-01 -9.62249932E-03
 8.43217081E-01  8.00489832E-02
 9.62471703E-01  1.08292323E-01
 9.66833936E-01  5.82345663E-02
 9.41454009E-01 -1.39481284E-02
 8.72823717E-01 -5.80741480E-02
 7.81592018E-01 -5.65912287E-02
 6.96433930E-01 -2.98242544E-02
 6.09741481E-01 -2.79789263E-02
 6.17896381E-01 -1.50772900E-02
 8.15694675E-01  7.59906180E-02
 1.02632441E+00  1.79177361E-01
 1.00578721E+00  1.89653614E-01
 8.59622139E-01  1.00655748E-01
 8.18908332E-01 -4.98787633E-02
 8.40868248E-01 -1.74614319E-01
 8.26997579E-01 -1.56790183E-01
 7.99738431E-01 -5.53351136E-02
 7.45701861E-01 -2.77227069E-02
 6.93743180E-01 -4.62694274E-02
 7.37900145E-01 -2.01051156E-02
 8.17467830E-01  3.08083672E-02
 8.13484162E-01  8.91255030E-02
 7.87101472E-01  1.26738233E-01
 8.39832784E-01  7.33796604E-02
 9.34010203E-01 -3.16229027E-02
 1.01348798E+00 -8.15555595E-02
 1.08197215E+00 -6.06471134E-02
 1.12256718E+00 -2.67301371E-05
 1.10526018E+00  3.39218638E-02
 1.03389494E+00 -4.83243325E-02
 9.34683259E-01 -1.58634563E-01
 8.45183391E-01 -1.21687689E-01
 7.97534720E-01  6.38989574E-03
 8.07968048E-01  8.63029555E-02
 8.74043512E-01  1.45073058E-01
 9.71037662E-01  2.11437834E-01
 1.07542661E+00  2.17252129E-01
 1.16266001E+00  1.35241467E-01
 1.18619534E+00  1.68233479E-02
 1.12560479E+00 -7.63371060E-02
 1.06207371E+00 -1.14261269E-01
 1.09589894E+00 -8.87961579E-02
 1.15932494E+00 -2.05012519E-02
 1.12618577E+00  3.51584333E-02
 1.06371877E+00  4.79630221E-02
 1.08027931E+00  2.34840876E-02
 1.09526487E+00 -1.61319283E-02
 1.01918893E+00 -2.41212216E-02
 9.44021177E-01  2.08933993E-02
 9.78314907E-01  1.01231935E-01
 1.07725671E+00  1.88045025E-01
 1.15356433E+00  2.33709039E-01
 1.17161972E+00  2.09140487E-01
 1.10123141E+00  1.22460454E-01
 9.84925641E-01 -1.78003364E-03
 9.30520743E-01 -1.18144745E-01
 9.25954560E-01 -1.92308794E-01
 8.99458732E-01 -2.17202783E-01
 8.80488123E-01 -1.97518628E-01
 9.03353706E-01 -1.55618291E-01
 9.39168867E-01 -1.05335173E-01
 9.74438125E-01 -4.48680677E-02
 1.02017146E+00  1.91838381E-02
 1.07602538E+00  8.14696522E-02
 1.12750869E+00  1.31137685E-01
 1.15935113E+00  1.49034207E-01
 1.16853501E+00  1.36205272E-01
