# x =
 6.71391990E+00
# y =
 3.25097170E+00
 VARIABLES = u,v
 1.17267017E+00  3.39306723E-03
 1.17269095E+00  3.38230523E-03
 1.17270119E+00  3.38471767E-03
 1.17269837E+00  3.40115571E-03
 1.17267942E+00  3.43318190E-03
 1.17264302E+00  3.48102885E-03
 1.17258927E+00  3.54392951E-03
 1.17252193E+00  3.61970108E-03
 1.17244820E+00  3.70447431E-03
 1.17237453E+00  3.79483462E-03
 1.17230683E+00  3.88770834E-03
 1.17225089E+00  3.97926062E-03
 1.17221102E+00  4.06587626E-03
 1.17219212E+00  4.14407070E-03
 1.17219905E+00  4.21068738E-03
 1.17223346E+00  4.26469691E-03
 1.17229502E+00  4.30670695E-03
 1.17238275E+00  4.33735104E-03
 1.17249507E+00  4.35732812E-03
 1.17263247E+00  4.36656384E-03
 1.17279715E+00  4.36406865E-03
 1.17298897E+00  4.35012660E-03
 1.17320607E+00  4.32598373E-03
 1.17344559E+00  4.29278847E-03
 1.17370268E+00  4.25229655E-03
 1.17397318E+00  4.20604744E-03
 1.17425342E+00  4.15539219E-03
 1.17453741E+00  4.10324602E-03
 1.17481846E+00  4.05327955E-03
 1.17509066E+00  4.00842391E-03
 1.17534887E+00  3.97092958E-03
 1.17559123E+00  3.94136116E-03
 1.17581877E+00  3.91857257E-03
 1.17603183E+00  3.90189685E-03
 1.17623012E+00  3.89108829E-03
 1.17641259E+00  3.88589971E-03
 1.17657655E+00  3.88671537E-03
 1.17672064E+00  3.89327733E-03
 1.17684439E+00  3.90482696E-03
 1.17694565E+00  3.92171065E-03
 1.17702195E+00  3.94469325E-03
 1.17707060E+00  3.97446736E-03
 1.17708876E+00  4.01168915E-03
 1.17707641E+00  4.05556034E-03
 1.17703557E+00  4.10414506E-03
 1.17696703E+00  4.15630657E-03
 1.17687088E+00  4.21149588E-03
 1.17674605E+00  4.26974112E-03
 1.17658987E+00  4.33200601E-03
 1.17640128E+00  4.39853934E-03
 1.17618068E+00  4.46889468E-03
 1.17592811E+00  4.54302394E-03
 1.17564467E+00  4.62055907E-03
 1.17533213E+00  4.70087414E-03
 1.17499303E+00  4.78309663E-03
 1.17463314E+00  4.86479013E-03
 1.17426066E+00  4.94236280E-03
 1.17388386E+00  5.01235283E-03
 1.17351103E+00  5.07142719E-03
 1.17314913E+00  5.11704733E-03
 1.17280332E+00  5.14768180E-03
 1.17247967E+00  5.16133780E-03
 1.17218442E+00  5.15587658E-03
 1.17192233E+00  5.12986798E-03
 1.17169751E+00  5.08211929E-03
 1.17151267E+00  5.01221126E-03
 1.17136911E+00  4.92048441E-03
 1.17126928E+00  4.80678137E-03
 1.17121571E+00  4.67099427E-03
 1.17120856E+00  4.51418713E-03
 1.17124591E+00  4.33847988E-03
 1.17132281E+00  4.14760018E-03
 1.17143119E+00  3.94687769E-03
 1.17156297E+00  3.74163979E-03
 1.17171013E+00  3.53715172E-03
 1.17186379E+00  3.33889685E-03
 1.17201566E+00  3.15188582E-03
 1.17215755E+00  2.98108988E-03
 1.17228203E+00  2.83107055E-03
 1.17238535E+00  2.70451829E-03
 1.17246659E+00  2.60269578E-03
 1.17252534E+00  2.52633232E-03
 1.17256158E+00  2.47568410E-03
 1.17257373E+00  2.45160394E-03
 1.17255867E+00  2.45536655E-03
 1.17251603E+00  2.48655177E-03
 1.17244761E+00  2.54326368E-03
 1.17235593E+00  2.62265727E-03
 1.17224535E+00  2.72045289E-03
 1.17211990E+00  2.83233958E-03
 1.17198334E+00  2.95402778E-03
 1.17184235E+00  3.07986591E-03
 1.17170477E+00  3.20384837E-03
 1.17157697E+00  3.32060941E-03
 1.17146378E+00  3.42568418E-03
 1.17136579E+00  3.51713037E-03
 1.17127971E+00  3.59527573E-03
 1.17120299E+00  3.66038367E-03
 1.17113396E+00  3.71256522E-03
 1.17107175E+00  3.75139057E-03
 1.17101745E+00  3.77548585E-03
 1.17097057E+00  3.78494345E-03
 1.17092952E+00  3.78103284E-03
 1.17089516E+00  3.76450725E-03
 1.17086911E+00  3.73650957E-03
 1.17085326E+00  3.69811576E-03
 1.17084972E+00  3.65034118E-03
 1.17085685E+00  3.59634366E-03
 1.17087041E+00  3.54049806E-03
 1.17088814E+00  3.48599641E-03
 1.17090930E+00  3.43489832E-03
 1.17093510E+00  3.38713878E-03
 1.17096947E+00  3.34036877E-03
 1.17101448E+00  3.29297300E-03
 1.17107055E+00  3.24409691E-03
 1.17113899E+00  3.19283580E-03
 1.17122015E+00  3.13920327E-03
 1.17131386E+00  3.08266908E-03
 1.17141939E+00  3.02235748E-03
 1.17153183E+00  2.95937969E-03
 1.17164331E+00  2.89589270E-03
 1.17174615E+00  2.83405767E-03
 1.17183288E+00  2.77602818E-03
 1.17189815E+00  2.72197864E-03
 1.17193922E+00  2.67042784E-03
 1.17195194E+00  2.62115225E-03
 1.17193166E+00  2.57482016E-03
 1.17187528E+00  2.53266734E-03
 1.17178004E+00  2.49711995E-03
 1.17164487E+00  2.46958194E-03
 1.17147031E+00  2.45049727E-03
 1.17125496E+00  2.44121771E-03
 1.17099695E+00  2.44290912E-03
 1.17069682E+00  2.45615297E-03
 1.17035707E+00  2.48101364E-03
 1.16998361E+00  2.51521439E-03
 1.16958579E+00  2.55458724E-03
 1.16917253E+00  2.59522130E-03
 1.16875240E+00  2.63340076E-03
 1.16833473E+00  2.66616376E-03
 1.16792801E+00  2.69178406E-03
 1.16754072E+00  2.70783201E-03
 1.16718079E+00  2.71159294E-03
 1.16685217E+00  2.70156597E-03
 1.16655595E+00  2.67669348E-03
 1.16629260E+00  2.63659823E-03
 1.16606206E+00  2.58152509E-03
 1.16586590E+00  2.51047111E-03
 1.16570720E+00  2.42178668E-03
 1.16558615E+00  2.31508172E-03
 1.16550058E+00  2.19092755E-03
 1.16544746E+00  2.05121991E-03
 1.16542170E+00  1.89944073E-03
 1.16541848E+00  1.73868573E-03
 1.16543327E+00  1.57177275E-03
 1.16545855E+00  1.40229067E-03
 1.16548568E+00  1.23368264E-03
 1.16550728E+00  1.06928756E-03
 1.16551736E+00  9.12155550E-04
 1.16551402E+00  7.63371400E-04
 1.16549919E+00  6.22515301E-04
 1.16547404E+00  4.89225107E-04
 1.16543898E+00  3.63177344E-04
 1.16539372E+00  2.44868091E-04
 1.16533612E+00  1.35772421E-04
 1.16526587E+00  3.62860872E-05
 1.16518398E+00 -5.39659647E-05
 1.16508947E+00 -1.35082755E-04
 1.16498100E+00 -2.07580948E-04
 1.16485704E+00 -2.71695581E-04
 1.16471600E+00 -3.27442446E-04
 1.16455982E+00 -3.76346057E-04
 1.16439291E+00 -4.20705332E-04
 1.16421780E+00 -4.62107824E-04
 1.16403556E+00 -5.01541079E-04
 1.16384508E+00 -5.38536846E-04
 1.16364254E+00 -5.71119995E-04
 1.16342582E+00 -5.97890478E-04
 1.16319446E+00 -6.17956263E-04
 1.16294756E+00 -6.30414807E-04
 1.16268550E+00 -6.35014119E-04
 1.16240901E+00 -6.31141991E-04
 1.16211929E+00 -6.17961255E-04
 1.16182158E+00 -5.95956905E-04
 1.16152388E+00 -5.66311865E-04
 1.16123423E+00 -5.30246951E-04
 1.16096059E+00 -4.89048466E-04
 1.16070862E+00 -4.42816578E-04
 1.16048139E+00 -3.90658303E-04
 1.16028352E+00 -3.32508158E-04
 1.16012030E+00 -2.68875774E-04
 1.15999593E+00 -2.00619303E-04
 1.15991479E+00 -1.29360598E-04
 1.15987938E+00 -5.61745656E-05
 1.15989054E+00  1.83465614E-05
 1.15995078E+00  9.28949630E-05
 1.16006275E+00  1.66100469E-04
 1.16022674E+00  2.36824551E-04
 1.16044100E+00  3.04080776E-04
 1.16069994E+00  3.68090317E-04
 1.16099421E+00  4.30060929E-04
 1.16131472E+00  4.90935058E-04
 1.16165259E+00  5.51489843E-04
 1.16199849E+00  6.12144530E-04
 1.16234421E+00  6.72681144E-04
 1.16268119E+00  7.33307323E-04
 1.16300129E+00  7.94480765E-04
 1.16330014E+00  8.56086927E-04
 1.16357595E+00  9.17877112E-04
 1.16382761E+00  9.79395605E-04
 1.16405450E+00  1.03999220E-03
 1.16425385E+00  1.09979397E-03
 1.16442107E+00  1.15944054E-03
 1.16455436E+00  1.21915268E-03
 1.16465404E+00  1.27892137E-03
 1.16472143E+00  1.33836535E-03
 1.16475999E+00  1.39657141E-03
 1.16477258E+00  1.45298328E-03
 1.16476160E+00  1.50730279E-03
 1.16473241E+00  1.55890508E-03
 1.16469138E+00  1.60723237E-03
 1.16464365E+00  1.65179956E-03
 1.16459301E+00  1.69219093E-03
 1.16453900E+00  1.72873039E-03
 1.16447730E+00  1.76230825E-03
 1.16440449E+00  1.79373081E-03
 1.16431804E+00  1.82378615E-03
 1.16421643E+00  1.85304500E-03
 1.16410029E+00  1.88174325E-03
 1.16396871E+00  1.91044456E-03
 1.16381979E+00  1.93992647E-03
 1.16365416E+00  1.97075367E-03
 1.16347324E+00  2.00351963E-03
 1.16327902E+00  2.03870610E-03
 1.16307395E+00  2.07667875E-03
 1.16285713E+00  2.11823224E-03
 1.16262534E+00  2.16438982E-03
 1.16237768E+00  2.21589447E-03
 1.16211498E+00  2.27327329E-03
 1.16184043E+00  2.33665235E-03
 1.16156030E+00  2.40568174E-03
 1.16127949E+00  2.48008042E-03
 1.16100182E+00  2.55957336E-03
 1.16073244E+00  2.64361903E-03
 1.16047612E+00  2.73159204E-03
 1.16023782E+00  2.82260402E-03
 1.16002262E+00  2.91548574E-03
 1.15983235E+00  3.00916721E-03
 1.15966659E+00  3.10254302E-03
 1.15952543E+00  3.19424399E-03
 1.15940928E+00  3.28268521E-03
 1.15932051E+00  3.36586993E-03
 1.15926365E+00  3.44139805E-03
 1.15924165E+00  3.50684683E-03
 1.15925642E+00  3.55973849E-03
 1.15931040E+00  3.59746327E-03
 1.15940509E+00  3.61753676E-03
 1.15954206E+00  3.61769942E-03
 1.15972242E+00  3.59615735E-03
 1.15994336E+00  3.55212938E-03
 1.16019893E+00  3.48599875E-03
 1.16048178E+00  3.39928495E-03
 1.16078223E+00  3.29504189E-03
 1.16108875E+00  3.17820035E-03
 1.16138920E+00  3.05490066E-03
 1.16167049E+00  2.93114655E-03
 1.16192074E+00  2.81169450E-03
 1.16213296E+00  2.69829652E-03
 1.16230546E+00  2.58894336E-03
 1.16244113E+00  2.47884599E-03
 1.16254978E+00  2.35895257E-03
 1.16264989E+00  2.21381069E-03
 1.16276567E+00  2.02409051E-03
 1.16292216E+00  1.77091538E-03
 1.16314004E+00  1.43945276E-03
 1.16342676E+00  1.02572789E-03
 1.16377443E+00  5.38399371E-04
 1.16416639E+00 -6.37966378E-06
 1.16457133E+00 -5.80396685E-04
 1.16493535E+00 -1.13712014E-03
 1.16519124E+00 -1.61886031E-03
 1.16527054E+00 -1.96608437E-03
 1.16511628E+00 -2.12707761E-03
 1.16470969E+00 -2.07816337E-03
 1.16407403E+00 -1.82689774E-03
 1.16325425E+00 -1.39681200E-03
 1.16233228E+00 -8.39296424E-04
 1.16144556E+00 -2.48099488E-04
 1.16076351E+00  2.57921005E-04
 1.16046225E+00  5.53117877E-04
 1.16069255E+00  5.28400609E-04
 1.16151160E+00  1.41788899E-04
 1.16287474E+00 -5.76389108E-04
 1.16468451E+00 -1.56147708E-03
 1.16675238E+00 -2.68695266E-03
 1.16875574E+00 -3.73352892E-03
 1.17029894E+00 -4.43315906E-03
 1.17098189E+00 -4.51528922E-03
 1.17048577E+00 -3.76791513E-03
 1.16874821E+00 -2.16443049E-03
 1.16598924E+00  1.19749309E-04
 1.16259134E+00  2.79408596E-03
 1.15920205E+00  5.38057546E-03
 1.15685157E+00  7.13302588E-03
 1.15664544E+00  7.25688382E-03
 1.15926978E+00  5.26033366E-03
 1.16453704E+00  1.27988257E-03
 1.17062523E+00 -3.37585158E-03
 1.17459318E+00 -6.59526291E-03
 1.17439630E+00 -6.90268121E-03
 1.16954091E+00 -3.92754624E-03
 1.16195175E+00  9.71619583E-04
 1.15568161E+00  4.91604398E-03
 1.15331016E+00  6.08314702E-03
 1.15531678E+00  4.15438668E-03
 1.16022199E+00  2.16034307E-04
 1.16427566E+00 -3.02138360E-03
 1.16542271E+00 -4.06904335E-03
 1.16392156E+00 -3.10592916E-03
 1.16076448E+00 -8.53847366E-04
 1.15846931E+00  8.58218745E-04
 1.15827009E+00  1.12051555E-03
 1.15937023E+00  4.82154797E-04
 1.16118916E+00 -6.51073884E-04
 1.16258276E+00 -1.45466615E-03
 1.16294863E+00 -1.49153552E-03
 1.16303787E+00 -1.28817519E-03
 1.16314310E+00 -1.02316098E-03
 1.16350476E+00 -8.28976168E-04
 1.16434533E+00 -8.24595150E-04
 1.16522367E+00 -6.62645910E-04
 1.16596057E+00 -2.21751588E-04
 1.16658602E+00  4.31556396E-04
 1.16699585E+00  1.31411285E-03
 1.16730518E+00  2.26056760E-03
 1.16757567E+00  3.10790748E-03
 1.16773321E+00  3.77418027E-03
 1.16779444E+00  4.10603155E-03
 1.16774501E+00  3.99187635E-03
 1.16755792E+00  3.40660729E-03
 1.16726153E+00  2.36658360E-03
 1.16686410E+00  9.50451756E-04
 1.16637227E+00 -6.83570520E-04
 1.16580781E+00 -2.28278564E-03
 1.16518288E+00 -3.52856277E-03
 1.16451358E+00 -4.09986493E-03
 1.16382268E+00 -3.74519011E-03
 1.16313507E+00 -2.41463359E-03
 1.16248014E+00 -2.84830528E-04
 1.16188371E+00  2.33378273E-03
 1.16136468E+00  4.91641687E-03
 1.16093286E+00  6.62858612E-03
 1.16058830E+00  6.57415578E-03
 1.16033094E+00  4.19888408E-03
 1.16016170E+00 -3.42087490E-04
 1.16008115E+00 -5.57120473E-03
 1.16009186E+00 -9.10420101E-03
 1.16019060E+00 -9.28116608E-03
 1.16036906E+00 -5.69680910E-03
 1.16062165E+00  9.89981693E-05
 1.16094211E+00  4.83598845E-03
 1.16132305E+00  6.43663083E-03
 1.16175621E+00  4.52410373E-03
 1.16222448E+00  3.07762219E-04
 1.16270507E+00 -3.16565227E-03
 1.16318058E+00 -4.22232684E-03
 1.16363912E+00 -3.06308585E-03
 1.16407724E+00 -4.87009646E-04
 1.16450103E+00  1.46831415E-03
 1.16491388E+00  1.80331823E-03
 1.16531598E+00  1.16132942E-03
 1.16570826E+00  1.13732119E-05
 1.16608833E+00 -7.21097406E-04
 1.16645616E+00 -5.53632645E-04
 1.16681341E+00 -1.03934955E-04
 1.16715360E+00  3.78149372E-04
 1.16746599E+00  6.80943367E-04
 1.16774034E+00  6.06870175E-04
 1.16796698E+00  4.95834778E-04
 1.16814503E+00  4.73592875E-04
 1.16828103E+00  4.96696904E-04
 1.16837629E+00  6.31692936E-04
 1.16842825E+00  7.69795801E-04
 1.16843183E+00  8.51939250E-04
 1.16837685E+00  9.34662014E-04
 1.16825804E+00  1.00248059E-03
 1.16807500E+00  1.06627685E-03
 1.16782442E+00  1.14657191E-03
 1.16750501E+00  1.21835857E-03
 1.16711867E+00  1.27863336E-03
 1.16667051E+00  1.33091239E-03
 1.16617718E+00  1.36891664E-03
 1.16566452E+00  1.39826534E-03
 1.16515784E+00  1.42219058E-03
 1.16468175E+00  1.43890717E-03
 1.16425655E+00  1.44961898E-03
 1.16389608E+00  1.45355383E-03
 1.16361713E+00  1.45007067E-03
 1.16343708E+00  1.44046655E-03
 1.16336681E+00  1.42489510E-03
 1.16341425E+00  1.40342153E-03
 1.16358250E+00  1.37615484E-03
 1.16387011E+00  1.34276211E-03
 1.16428034E+00  1.30432704E-03
 1.16481768E+00  1.26289378E-03
 1.16547818E+00  1.21987850E-03
 1.16625050E+00  1.17638240E-03
 1.16711353E+00  1.13268549E-03
 1.16803553E+00  1.08804582E-03
 1.16898550E+00  1.04237744E-03
 1.16993330E+00  9.96107159E-04
 1.17084554E+00  9.49428997E-04
 1.17169097E+00  9.02883457E-04
 1.17243957E+00  8.56844015E-04
 1.17306471E+00  8.11491495E-04
 1.17355372E+00  7.67941317E-04
 1.17390496E+00  7.27851407E-04
 1.17411920E+00  6.92767377E-04
 1.17419926E+00  6.64240286E-04
 1.17414371E+00  6.43203591E-04
 1.17394704E+00  6.29950392E-04
 1.17361440E+00  6.25169021E-04
 1.17315987E+00  6.29747829E-04
 1.17260083E+00  6.44438353E-04
 1.17196198E+00  6.70152332E-04
 1.17126758E+00  7.07443545E-04
 1.17054119E+00  7.56534226E-04
 1.16981654E+00  8.18046848E-04
 1.16913089E+00  8.92688823E-04
 1.16851594E+00  9.80879583E-04
 1.16799676E+00  1.08285471E-03
 1.16758218E+00  1.19826602E-03
 1.16726562E+00  1.32616709E-03
 1.16704144E+00  1.46560943E-03
 1.16690522E+00  1.61550863E-03
 1.16685378E+00  1.77444527E-03
 1.16688880E+00  1.94083087E-03
 1.16700289E+00  2.11261109E-03
 1.16718111E+00  2.28724945E-03
 1.16741301E+00  2.46208465E-03
 1.16768694E+00  2.63424191E-03
 1.16799087E+00  2.80063427E-03
 1.16831286E+00  2.95812774E-03
 1.16862799E+00  3.10347276E-03
 1.16890366E+00  3.23342152E-03
 1.16911558E+00  3.34499284E-03
 1.16924760E+00  3.43557510E-03
 1.16929667E+00  3.50310672E-03
 1.16927454E+00  3.54614405E-03
 1.16918989E+00  3.56366587E-03
 1.16904813E+00  3.55507837E-03
 1.16885758E+00  3.52020935E-03
 1.16862371E+00  3.45938218E-03
 1.16835734E+00  3.37388680E-03
 1.16807408E+00  3.26606159E-03
 1.16778041E+00  3.13922103E-03
 1.16747883E+00  2.99765950E-03
 1.16717357E+00  2.84613547E-03
 1.16686974E+00  2.68966140E-03
 1.16658367E+00  2.53351812E-03
 1.16634037E+00  2.38287547E-03
 1.16615646E+00  2.24267137E-03
 1.16604103E+00  2.11724805E-03
 1.16599599E+00  2.00954947E-03
 1.16601269E+00  1.92130115E-03
 1.16608563E+00  1.85374915E-03
 1.16621258E+00  1.80782684E-03
 1.16638552E+00  1.78479490E-03
 1.16659608E+00  1.78613353E-03
 1.16683387E+00  1.81194138E-03
 1.16708606E+00  1.86105608E-03
 1.16734851E+00  1.93156119E-03
 1.16762268E+00  2.02039532E-03
 1.16790712E+00  2.12434415E-03
 1.16819852E+00  2.24007539E-03
 1.16848665E+00  2.36298744E-03
 1.16875444E+00  2.48803752E-03
 1.16899104E+00  2.61075596E-03
 1.16919120E+00  2.72750042E-03
 1.16935188E+00  2.83676714E-03
 1.16947567E+00  2.93897992E-03
 1.16956337E+00  3.03432678E-03
 1.16961356E+00  3.12260275E-03
 1.16963056E+00  3.20290273E-03
 1.16962077E+00  3.27318459E-03
 1.16959089E+00  3.33234333E-03
 1.16954877E+00  3.37990120E-03
 1.16949692E+00  3.41435774E-03
 1.16943362E+00  3.43409214E-03
 1.16936004E+00  3.43726793E-03
 1.16927927E+00  3.42198799E-03
 1.16919757E+00  3.38851386E-03
 1.16912507E+00  3.33856430E-03
 1.16906820E+00  3.27291163E-03
 1.16902963E+00  3.19163764E-03
 1.16901157E+00  3.09362044E-03
 1.16901343E+00  2.97628755E-03
 1.16903508E+00  2.83833631E-03
 1.16907748E+00  2.67971017E-03
 1.16913802E+00  2.50041847E-03
 1.16921236E+00  2.30163603E-03
 1.16929612E+00  2.08515044E-03
 1.16938422E+00  1.85354150E-03
 1.16947416E+00  1.61236108E-03
 1.16956564E+00  1.36928905E-03
 1.16965654E+00  1.13223854E-03
 1.16974344E+00  9.09160690E-04
 1.16982133E+00  7.06427572E-04
 1.16988316E+00  5.28548175E-04
 1.16992415E+00  3.80726261E-04
 1.16994197E+00  2.68102024E-04
 1.16993519E+00  1.94300383E-04
 1.16990440E+00  1.62244140E-04
 1.16985014E+00  1.73117593E-04
 1.16977243E+00  2.26540832E-04
 1.16967303E+00  3.23024369E-04
 1.16955439E+00  4.62854274E-04
 1.16941929E+00  6.43723446E-04
 1.16927102E+00  8.60930879E-04
 1.16911128E+00  1.10636486E-03
 1.16894058E+00  1.36850981E-03
 1.16876031E+00  1.63579201E-03
 1.16857271E+00  1.89673982E-03
 1.16838157E+00  2.13931003E-03
 1.16819231E+00  2.35246389E-03
 1.16800885E+00  2.52558325E-03
 1.16783349E+00  2.64937169E-03
 1.16766767E+00  2.71910865E-03
 1.16751119E+00  2.73371770E-03
 1.16736428E+00  2.69343361E-03
 1.16722777E+00  2.59960103E-03
 1.16710148E+00  2.45240430E-03
 1.16698512E+00  2.25114502E-03
 1.16687830E+00  1.99913884E-03
 1.16678052E+00  1.70319738E-03
 1.16669301E+00  1.37213303E-03
 1.16661826E+00  1.01791596E-03
 1.16655820E+00  6.52592742E-04
 1.16651426E+00  2.88110196E-04
 1.16648644E+00 -6.03977390E-05
 1.16647321E+00 -3.77012788E-04
 1.16647406E+00 -6.47740233E-04
 1.16648935E+00 -8.61180551E-04
 1.16651943E+00 -1.01229830E-03
 1.16656534E+00 -1.10196549E-03
 1.16662733E+00 -1.13134066E-03
 1.16670475E+00 -1.10169766E-03
 1.16679771E+00 -1.01376344E-03
 1.16690623E+00 -8.66750823E-04
 1.16702958E+00 -6.64081834E-04
 1.16716633E+00 -4.12801312E-04
 1.16731304E+00 -1.19500673E-04
 1.16746448E+00  2.07635072E-04
 1.16761564E+00  5.60070079E-04
 1.16776172E+00  9.29144502E-04
 1.16789854E+00  1.30115392E-03
 1.16802298E+00  1.65973570E-03
 1.16813133E+00  1.99160042E-03
 1.16821967E+00  2.28676407E-03
 1.16828521E+00  2.54136016E-03
 1.16832570E+00  2.75797922E-03
 1.16833964E+00  2.93831102E-03
 1.16832633E+00  3.08299244E-03
 1.16828429E+00  3.19310361E-03
 1.16821185E+00  3.26812654E-03
 1.16810889E+00  3.31055306E-03
 1.16797667E+00  3.32545784E-03
 1.16781826E+00  3.31489560E-03
 1.16763871E+00  3.28021509E-03
 1.16744303E+00  3.22334096E-03
 1.16723619E+00  3.14654152E-03
 1.16702377E+00  3.05745721E-03
 1.16681106E+00  2.96751156E-03
 1.16660335E+00  2.88464617E-03
 1.16640555E+00  2.81358315E-03
 1.16622041E+00  2.75497942E-03
 1.16604901E+00  2.70431304E-03
 1.16589224E+00  2.65881687E-03
 1.16575082E+00  2.61759987E-03
 1.16562655E+00  2.57828634E-03
 1.16552222E+00  2.53957309E-03
 1.16543907E+00  2.49923390E-03
 1.16537707E+00  2.45424312E-03
 1.16533590E+00  2.40630596E-03
 1.16531413E+00  2.35999038E-03
 1.16531058E+00  2.31917696E-03
 1.16532421E+00  2.28725457E-03
 1.16535215E+00  2.26354041E-03
 1.16539071E+00  2.24358753E-03
 1.16543694E+00  2.22593026E-03
 1.16548862E+00  2.21144406E-03
 1.16554579E+00  2.20192947E-03
 1.16561051E+00  2.20172173E-03
 1.16568414E+00  2.21325007E-03
 1.16576722E+00  2.23698756E-03
 1.16585956E+00  2.27575147E-03
 1.16595953E+00  2.33240695E-03
 1.16606596E+00  2.40867034E-03
 1.16617783E+00  2.50536507E-03
 1.16629217E+00  2.61861102E-03
 1.16640507E+00  2.74065591E-03
 1.16651219E+00  2.86455897E-03
 1.16660893E+00  2.98401326E-03
 1.16669282E+00  3.09431412E-03
 1.16676299E+00  3.19334885E-03
 1.16681745E+00  3.27737235E-03
 1.16685357E+00  3.34170634E-03
 1.16686812E+00  3.38381103E-03
 1.16685684E+00  3.40169118E-03
 1.16681678E+00  3.39463421E-03
 1.16674623E+00  3.36322044E-03
 1.16664285E+00  3.30554573E-03
 1.16650489E+00  3.21849616E-03
 1.16633163E+00  3.10133971E-03
 1.16612335E+00  2.95517247E-03
 1.16588338E+00  2.78393912E-03
 1.16561747E+00  2.59482263E-03
 1.16533153E+00  2.39420975E-03
 1.16503151E+00  2.18785372E-03
 1.16472281E+00  1.98258738E-03
 1.16440961E+00  1.78461196E-03
 1.16409691E+00  1.60013579E-03
 1.16378984E+00  1.43498676E-03
 1.16349186E+00  1.29131545E-03
 1.16320563E+00  1.16858454E-03
 1.16293315E+00  1.06610882E-03
 1.16267594E+00  9.83001954E-04
 1.16243741E+00  9.20020926E-04
 1.16222214E+00  8.79638842E-04
 1.16203325E+00  8.62024969E-04
 1.16187277E+00  8.65619208E-04
 1.16174159E+00  8.88724830E-04
 1.16163891E+00  9.28308777E-04
 1.16156452E+00  9.81856613E-04
 1.16151853E+00  1.04729662E-03
 1.16149946E+00  1.11991086E-03
 1.16150543E+00  1.19386283E-03
 1.16153482E+00  1.26454210E-03
 1.16158629E+00  1.32850129E-03
 1.16166081E+00  1.38549908E-03
 1.16176111E+00  1.43841012E-03
 1.16188907E+00  1.48933690E-03
 1.16204569E+00  1.53971162E-03
 1.16223049E+00  1.59075796E-03
 1.16244096E+00  1.64243545E-03
 1.16267483E+00  1.69597867E-03
 1.16292957E+00  1.75358379E-03
 1.16320046E+00  1.81558525E-03
 1.16348170E+00  1.88169171E-03
 1.16376660E+00  1.95153429E-03
 1.16404789E+00  2.02458040E-03
 1.16432043E+00  2.10276385E-03
 1.16458066E+00  2.18975754E-03
 1.16482399E+00  2.28752740E-03
 1.16504551E+00  2.39664211E-03
 1.16523998E+00  2.51600181E-03
 1.16540145E+00  2.64222796E-03
 1.16552556E+00  2.77275198E-03
 1.16560930E+00  2.90572715E-03
 1.16564903E+00  3.03816567E-03
 1.16564180E+00  3.16716542E-03
 1.16558612E+00  3.28942721E-03
 1.16548205E+00  3.40121106E-03
 1.16533305E+00  3.50073486E-03
 1.16514555E+00  3.58750353E-03
 1.16492619E+00  3.66054410E-03
 1.16468180E+00  3.71866368E-03
 1.16441896E+00  3.75939166E-03
 1.16414314E+00  3.77896800E-03
 1.16386033E+00  3.77500600E-03
 1.16357630E+00  3.74631997E-03
 1.16329414E+00  3.69216336E-03
 1.16301536E+00  3.61299427E-03
 1.16274075E+00  3.50913343E-03
 1.16247070E+00  3.38075927E-03
 1.16220779E+00  3.22964870E-03
 1.16195626E+00  3.05848220E-03
 1.16171833E+00  2.87032809E-03
 1.16149483E+00  2.66890322E-03
 1.16128570E+00  2.45743815E-03
 1.16108913E+00  2.23875440E-03
 1.16090410E+00  2.01653927E-03
 1.16073010E+00  1.79500215E-03
 1.16056433E+00  1.57868294E-03
 1.16040333E+00  1.37257913E-03
 1.16024457E+00  1.18094766E-03
 1.16008658E+00  1.00708414E-03
 1.15993139E+00  8.53742804E-04
 1.15978408E+00  7.22754235E-04
 1.15964892E+00  6.15430569E-04
 1.15952929E+00  5.32736485E-04
 1.15942754E+00  4.74789364E-04
 1.15934396E+00  4.40935064E-04
 1.15927978E+00  4.29482908E-04
 1.15923659E+00  4.37546735E-04
 1.15921345E+00  4.61431772E-04
 1.15920830E+00  4.96628101E-04
 1.15921843E+00  5.37973908E-04
 1.15924066E+00  5.79923181E-04
 1.15927470E+00  6.16504009E-04
 1.15932234E+00  6.41750951E-04
 1.15938364E+00  6.50386500E-04
 1.15945758E+00  6.38318747E-04
 1.15954190E+00  6.03440274E-04
 1.15963241E+00  5.45543862E-04
 1.15972637E+00  4.65119723E-04
 1.15982215E+00  3.63092007E-04
 1.15991673E+00  2.40338324E-04
 1.16000724E+00  9.76679607E-05
 1.16009132E+00 -6.22698990E-05
 1.16016706E+00 -2.35127175E-04
 1.16023558E+00 -4.15796887E-04
 1.16030045E+00 -5.97930564E-04
 1.16036468E+00 -7.74964817E-04
 1.16043101E+00 -9.40277120E-04
 1.16050111E+00 -1.08577771E-03
 1.16057493E+00 -1.20302183E-03
 1.16065331E+00 -1.28490655E-03
 1.16073740E+00 -1.32612806E-03
 1.16082662E+00 -1.32486200E-03
 1.16091976E+00 -1.28265187E-03
 1.16101487E+00 -1.20152638E-03
 1.16110936E+00 -1.08382886E-03
 1.16120262E+00 -9.32035398E-04
 1.16129526E+00 -7.48243682E-04
 1.16138662E+00 -5.37056147E-04
 1.16147523E+00 -3.05311424E-04
 1.16155862E+00 -5.99089122E-05
 1.16163281E+00  1.91214701E-04
 1.16169472E+00  4.39786164E-04
 1.16174189E+00  6.77440048E-04
 1.16177078E+00  8.93322192E-04
 1.16177795E+00  1.07548017E-03
 1.16176037E+00  1.21402018E-03
 1.16171548E+00  1.30147092E-03
 1.16164311E+00  1.33452701E-03
 1.16154504E+00  1.31425850E-03
 1.16142297E+00  1.24209090E-03
 1.16127868E+00  1.11970918E-03
 1.16111363E+00  9.49716149E-04
 1.16092855E+00  7.34701924E-04
 1.16072547E+00  4.80327932E-04
 1.16050745E+00  1.95168567E-04
 1.16027714E+00 -1.12308827E-04
 1.16003760E+00 -4.32575192E-04
 1.15979184E+00 -7.55216909E-04
 1.15954282E+00 -1.06940186E-03
 1.15929509E+00 -1.36128595E-03
 1.15905411E+00 -1.61548562E-03
 1.15882456E+00 -1.81911876E-03
 1.15861044E+00 -1.96229434E-03
 1.15841441E+00 -2.03985303E-03
 1.15823758E+00 -2.05175177E-03
 1.15808138E+00 -1.99839104E-03
 1.15794744E+00 -1.88038963E-03
 1.15783685E+00 -1.69947016E-03
 1.15775071E+00 -1.45738729E-03
 1.15768924E+00 -1.15952132E-03
 1.15765178E+00 -8.14748040E-04
 1.15763808E+00 -4.31892721E-04
 1.15764784E+00 -2.11056258E-05
 1.15768023E+00  4.06326709E-04
 1.15773409E+00  8.38502118E-04
 1.15780706E+00  1.25979481E-03
 1.15789587E+00  1.65261891E-03
 1.15799781E+00  2.00228255E-03
 1.15811068E+00  2.29759635E-03
 1.15823300E+00  2.53298868E-03
 1.15836415E+00  2.70888504E-03
 1.15850305E+00  2.82589937E-03
 1.15864799E+00  2.88445758E-03
 1.15879713E+00  2.88572747E-03
 1.15894810E+00  2.83023265E-03
 1.15909853E+00  2.72226225E-03
 1.15924607E+00  2.56958423E-03
 1.15938727E+00  2.37895631E-03
 1.15951807E+00  2.15796641E-03
 1.15963436E+00  1.91511952E-03
 1.15973214E+00  1.65945388E-03
 1.15980849E+00  1.40480031E-03
 1.15986153E+00  1.16778208E-03
 1.15988890E+00  9.61563708E-04
 1.15988801E+00  7.95464747E-04
 1.15985628E+00  6.72884186E-04
 1.15979089E+00  5.90691501E-04
 1.15969012E+00  5.46328054E-04
 1.15955341E+00  5.38142964E-04
 1.15938049E+00  5.63554873E-04
 1.15917208E+00  6.21093529E-04
 1.15893026E+00  7.06200230E-04
 1.15865855E+00  8.11569285E-04
 1.15836311E+00  9.32727065E-04
 1.15805233E+00  1.06586741E-03
 1.15773510E+00  1.20641666E-03
 1.15742056E+00  1.34934187E-03
 1.15711726E+00  1.48439314E-03
 1.15683260E+00  1.59774030E-03
 1.15657427E+00  1.67940661E-03
 1.15634950E+00  1.72323201E-03
 1.15616345E+00  1.72782417E-03
 1.15601984E+00  1.69770426E-03
 1.15592105E+00  1.63623554E-03
 1.15586834E+00  1.54543399E-03
 1.15586380E+00  1.42924577E-03
 1.15590970E+00  1.29106366E-03
 1.15600556E+00  1.13618467E-03
 1.15614847E+00  9.71704029E-04
 1.15633287E+00  8.00849775E-04
 1.15655020E+00  6.24851261E-04
 1.15679174E+00  4.45980299E-04
 1.15704873E+00  2.67155443E-04
 1.15731091E+00  9.56019778E-05
 1.15756818E+00 -5.79085082E-05
 1.15781109E+00 -1.86145602E-04
 1.15803154E+00 -2.85186266E-04
 1.15822583E+00 -3.53844678E-04
 1.15839385E+00 -3.95192496E-04
 1.15853589E+00 -4.11284312E-04
 1.15865235E+00 -4.03014796E-04
 1.15874208E+00 -3.73979740E-04
 1.15880216E+00 -3.28284254E-04
 1.15883251E+00 -2.71001479E-04
 1.15883528E+00 -2.08392403E-04
 1.15881251E+00 -1.43538280E-04
 1.15876763E+00 -7.74426756E-05
 1.15870369E+00 -1.24703540E-05
 1.15862345E+00  4.81524281E-05
 1.15853336E+00  9.85751413E-05
 1.15844154E+00  1.30395727E-04
 1.15835416E+00  1.37893786E-04
 1.15827534E+00  1.17988001E-04
 1.15820472E+00  6.90279994E-05
 1.15813745E+00 -7.85995600E-06
 1.15806971E+00 -1.11832095E-04
 1.15799880E+00 -2.42561903E-04
 1.15792220E+00 -3.97260344E-04
 1.15783924E+00 -5.72053994E-04
 1.15774768E+00 -7.62198821E-04
 1.15764418E+00 -9.61757530E-04
 1.15752855E+00 -1.16627199E-03
 1.15740194E+00 -1.37227490E-03
 1.15726563E+00 -1.57496928E-03
 1.15712115E+00 -1.76870100E-03
 1.15696627E+00 -1.94632211E-03
 1.15679606E+00 -2.09926867E-03
 1.15660824E+00 -2.22087078E-03
 1.15640263E+00 -2.30664848E-03
 1.15618132E+00 -2.35373999E-03
 1.15594964E+00 -2.36169588E-03
 1.15571163E+00 -2.33042399E-03
 1.15547016E+00 -2.25986332E-03
 1.15523010E+00 -2.15147060E-03
 1.15499634E+00 -2.00750414E-03
 1.15477405E+00 -1.83167155E-03
 1.15456882E+00 -1.62928389E-03
 1.15438297E+00 -1.40543178E-03
 1.15421655E+00 -1.16542341E-03
 1.15407040E+00 -9.15577187E-04
 1.15394576E+00 -6.62883727E-04
 1.15384561E+00 -4.15922139E-04
 1.15377492E+00 -1.84275185E-04
 1.15373668E+00  2.40766456E-05
 1.15373219E+00  2.03212019E-04
 1.15376267E+00  3.49816909E-04
 1.15382796E+00  4.63527484E-04
 1.15392810E+00  5.44352829E-04
 1.15406329E+00  5.92356183E-04
 1.15423106E+00  6.08262927E-04
 1.15442726E+00  5.92834358E-04
 1.15464738E+00  5.48793618E-04
 1.15488612E+00  4.80739646E-04
 1.15513869E+00  3.93024902E-04
 1.15540096E+00  2.90556856E-04
 1.15566735E+00  1.78870916E-04
 1.15593140E+00  6.39088558E-05
 1.15618659E+00 -4.60577026E-05
 1.15642594E+00 -1.41465123E-04
 1.15664333E+00 -2.14602913E-04
 1.15683387E+00 -2.59966469E-04
 1.15699311E+00 -2.75407184E-04
 1.15711748E+00 -2.62410459E-04
 1.15720438E+00 -2.22445950E-04
 1.15725182E+00 -1.56731039E-04
 1.15725894E+00 -6.69994909E-05
 1.15722612E+00  4.54670738E-05
 1.15715518E+00  1.77376238E-04
 1.15704963E+00  3.23620716E-04
 1.15691456E+00  4.80172446E-04
 1.15675648E+00  6.42940935E-04
 1.15658290E+00  8.07347865E-04
 1.15640197E+00  9.68525198E-04
 1.15622230E+00  1.11871758E-03
 1.15605242E+00  1.24836220E-03
 1.15590016E+00  1.35008960E-03
 1.15577196E+00  1.41885766E-03
 1.15567160E+00  1.45286416E-03
 1.15560043E+00  1.45406462E-03
 1.15555899E+00  1.42403139E-03
 1.15554739E+00  1.36380764E-03
 1.15556636E+00  1.27539950E-03
 1.15561720E+00  1.16047342E-03
 1.15569892E+00  1.02235703E-03
 1.15580854E+00  8.65920508E-04
 1.15594230E+00  6.94293357E-04
 1.15609491E+00  5.10039627E-04
 1.15626099E+00  3.16397288E-04
 1.15643511E+00  1.17042464E-04
 1.15660940E+00 -8.14647766E-05
 1.15677511E+00 -2.70432037E-04
 1.15692496E+00 -4.43286926E-04
 1.15705358E+00 -5.95556080E-04
 1.15715964E+00 -7.25089916E-04
 1.15724568E+00 -8.32813851E-04
 1.15731398E+00 -9.19021695E-04
 1.15736634E+00 -9.83250121E-04
 1.15740409E+00 -1.02626243E-03
 1.15742709E+00 -1.04870429E-03
 1.15743716E+00 -1.05219684E-03
 1.15743761E+00 -1.03935306E-03
 1.15743004E+00 -1.01077884E-03
 1.15741582E+00 -9.66031545E-04
 1.15739620E+00 -9.05425179E-04
 1.15737232E+00 -8.29816890E-04
 1.15734875E+00 -7.42432052E-04
 1.15733221E+00 -6.48545587E-04
 1.15732714E+00 -5.51731095E-04
 1.15733584E+00 -4.53976041E-04
 1.15735756E+00 -3.56103450E-04
 1.15738785E+00 -2.56983507E-04
 1.15742324E+00 -1.56314655E-04
 1.15746119E+00 -5.47809748E-05
 1.15749800E+00  4.79408558E-05
 1.15753046E+00  1.51990754E-04
 1.15755438E+00  2.57507518E-04
 1.15756467E+00  3.64692566E-04
 1.15755901E+00  4.71452212E-04
 1.15753662E+00  5.74075899E-04
 1.15749629E+00  6.69310679E-04
 1.15743666E+00  7.54287951E-04
 1.15735402E+00  8.27730850E-04
 1.15724271E+00  8.90064062E-04
 1.15709940E+00  9.40498641E-04
 1.15692293E+00  9.77311815E-04
 1.15671369E+00  9.98875891E-04
 1.15647470E+00  1.00289693E-03
 1.15620880E+00  9.88044191E-04
 1.15591866E+00  9.54049920E-04
 1.15560941E+00  8.99743561E-04
 1.15528737E+00  8.24054027E-04
 1.15496000E+00  7.26973655E-04
 1.15463615E+00  6.09450283E-04
 1.15432381E+00  4.74912697E-04
 1.15403038E+00  3.28975110E-04
 1.15376451E+00  1.77071347E-04
 1.15353538E+00  2.44104507E-05
 1.15335289E+00 -1.24325671E-04
 1.15322754E+00 -2.65638412E-04
 1.15316791E+00 -3.95477082E-04
 1.15318023E+00 -5.09692932E-04
 1.15326863E+00 -6.05814379E-04
 1.15343423E+00 -6.82283687E-04
 1.15367609E+00 -7.38387327E-04
 1.15399108E+00 -7.74217109E-04
 1.15437260E+00 -7.88757744E-04
 1.15481228E+00 -7.80497565E-04
 1.15530267E+00 -7.49795039E-04
 1.15583938E+00 -6.98609654E-04
 1.15642524E+00 -6.30712988E-04
 1.15706258E+00 -5.52003196E-04
 1.15773231E+00 -4.68152539E-04
 1.15838265E+00 -3.84567113E-04
 1.15891395E+00 -3.07560537E-04
 1.15920713E+00 -2.43141992E-04
 1.15921468E+00 -1.96876072E-04
 1.15900600E+00 -1.73473200E-04
 1.15882108E+00 -1.74540307E-04
 1.15899597E+00 -1.99142071E-04
 1.15967256E+00 -2.45952575E-04
 1.16067264E+00 -3.13327514E-04
 1.16136445E+00 -4.00450489E-04
 1.16083218E+00 -5.07454473E-04
 1.15865103E+00 -6.32273720E-04
 1.15519133E+00 -7.71025134E-04
 1.15189386E+00 -9.19457377E-04
 1.15090355E+00 -1.07203089E-03
 1.15320894E+00 -1.22334431E-03
 1.15793414E+00 -1.36819322E-03
 1.16177870E+00 -1.49916754E-03
 1.16006549E+00 -1.60801745E-03
 1.15151162E+00 -1.68786164E-03
 1.14023383E+00 -1.73336391E-03
 1.13745112E+00 -1.74261817E-03
 1.15253577E+00 -1.71709363E-03
 1.16783736E+00 -1.65810947E-03
 1.15744911E+00 -1.56682509E-03
 1.13893111E+00 -1.44449774E-03
 1.14391455E+00 -1.29165305E-03
 1.15780478E+00 -1.11082518E-03
 1.15589236E+00 -9.06292403E-04
 1.14951544E+00 -6.81488054E-04
 1.15200526E+00 -4.40148097E-04
 1.15555119E+00 -1.86330792E-04
 1.15523307E+00  7.57530321E-05
 1.15523850E+00  3.39183025E-04
 1.15652481E+00  5.95362840E-04
 1.15739459E+00  8.37395646E-04
 1.15788713E+00  1.06008787E-03
 1.15844217E+00  1.26090345E-03
 1.15894722E+00  1.44037427E-03
 1.15933363E+00  1.59847217E-03
 1.15964039E+00  1.73456709E-03
 1.15987158E+00  1.84870322E-03
 1.16001866E+00  1.94047006E-03
 1.16008691E+00  2.01075507E-03
 1.16008706E+00  2.06165900E-03
 1.16002515E+00  2.09371075E-03
 1.15990777E+00  2.10690245E-03
 1.15974217E+00  2.10176981E-03
 1.15953603E+00  2.07920673E-03
 1.15930839E+00  2.04255945E-03
 1.15908547E+00  1.99706676E-03
 1.15888640E+00  1.94638477E-03
 1.15872349E+00  1.89269570E-03
 1.15859851E+00  1.83662701E-03
 1.15850112E+00  1.77664792E-03
 1.15842442E+00  1.71209461E-03
 1.15836523E+00  1.64329548E-03
 1.15831850E+00  1.56992376E-03
 1.15828251E+00  1.49216095E-03
 1.15825246E+00  1.40999697E-03
 1.15822114E+00  1.32325335E-03
 1.15819121E+00  1.23404688E-03
 1.15817057E+00  1.14597026E-03
 1.15816621E+00  1.06232175E-03
 1.15818442E+00  9.86143450E-04
 1.15822149E+00  9.18639303E-04
 1.15826523E+00  8.59227964E-04
 1.15831033E+00  8.08597727E-04
 1.15835686E+00  7.68372783E-04
 1.15840855E+00  7.40313486E-04
 1.15847599E+00  7.27042751E-04
 1.15856532E+00  7.30069029E-04
 1.15867823E+00  7.49725554E-04
 1.15882132E+00  7.87168215E-04
 1.15900067E+00  8.43264489E-04
 1.15922059E+00  9.17809195E-04
 1.15948394E+00  1.00959387E-03
 1.15978267E+00  1.11464569E-03
 1.16010019E+00  1.22664419E-03
 1.16042166E+00  1.33941289E-03
 1.16073350E+00  1.44699164E-03
 1.16102670E+00  1.54417640E-03
 1.16129866E+00  1.62718944E-03
 1.16154254E+00  1.69170338E-03
 1.16174896E+00  1.73340535E-03
 1.16191245E+00  1.74989840E-03
 1.16202779E+00  1.73986252E-03
 1.16209285E+00  1.70309481E-03
 1.16210861E+00  1.64043264E-03
 1.16207015E+00  1.55158236E-03
 1.16196993E+00  1.43585094E-03
 1.16180533E+00  1.29478046E-03
 1.16157737E+00  1.13185586E-03
 1.16129392E+00  9.52805970E-04
 1.16097026E+00  7.65913548E-04
 1.16061973E+00  5.79283329E-04
 1.16025421E+00  4.00771321E-04
 1.15988745E+00  2.39237403E-04
 1.15953142E+00  1.03127711E-04
 1.15919867E+00  3.40817182E-07
 1.15890153E+00 -6.23141341E-05
 1.15864477E+00 -8.17731866E-05
 1.15842796E+00 -5.80629000E-05
 1.15825043E+00  8.17171746E-06
 1.15811109E+00  1.15761332E-04
 1.15801300E+00  2.64405820E-04
 1.15796326E+00  4.54760658E-04
 1.15796433E+00  6.84644766E-04
 1.15801541E+00  9.49470531E-04
 1.15811532E+00  1.24390161E-03
 1.15825999E+00  1.56077303E-03
 1.15844670E+00  1.89289635E-03
 1.15867371E+00  2.23314536E-03
 1.15893362E+00  2.57162294E-03
 1.15921648E+00  2.89733948E-03
 1.15951432E+00  3.20079379E-03
 1.15982078E+00  3.47424654E-03
 1.16013536E+00  3.71410416E-03
 1.16046315E+00  3.92078953E-03
 1.16080676E+00  4.09442533E-03
 1.16116671E+00  4.23477107E-03
 1.16154227E+00  4.34135849E-03
 1.16192922E+00  4.41251960E-03
 1.16232466E+00  4.44892975E-03
 1.16272626E+00  4.45324316E-03
 1.16312650E+00  4.42691714E-03
 1.16351533E+00  4.37170546E-03
 1.16388209E+00  4.28961772E-03
 1.16421568E+00  4.18281772E-03
 1.16451028E+00  4.05702141E-03
 1.16476440E+00  3.92020548E-03
 1.16497400E+00  3.77837687E-03
 1.16513382E+00  3.63567310E-03
 1.16523807E+00  3.49320029E-03
 1.16527903E+00  3.34857640E-03
 1.16525253E+00  3.20062965E-03
 1.16515765E+00  3.04947420E-03
 1.16499199E+00  2.89487621E-03
 1.16475459E+00  2.73782384E-03
 1.16444746E+00  2.57853583E-03
 1.16407550E+00  2.41666846E-03
 1.16365094E+00  2.25497808E-03
 1.16319219E+00  2.09791628E-03
 1.16271772E+00  1.94976694E-03
 1.16224597E+00  1.81467701E-03
 1.16179395E+00  1.69378336E-03
 1.16137547E+00  1.58563336E-03
 1.16100536E+00  1.49073689E-03
 1.16069788E+00  1.41105669E-03
 1.16046164E+00  1.34939974E-03
 1.16030172E+00  1.31037790E-03
 1.16022042E+00  1.29697993E-03
 1.16021764E+00  1.31056522E-03
 1.16029632E+00  1.35367525E-03
 1.16046080E+00  1.42833562E-03
 1.16070947E+00  1.53548538E-03
 1.16103565E+00  1.67503528E-03
 1.16142764E+00  1.84298455E-03
 1.16186750E+00  2.03216244E-03
 1.16233774E+00  2.23557930E-03
 1.16282135E+00  2.44640866E-03
 1.16329763E+00  2.65905078E-03
 1.16374599E+00  2.86984949E-03
 1.16414768E+00  3.07389078E-03
 1.16448695E+00  3.26571153E-03
 1.16475786E+00  3.44165835E-03
 1.16496277E+00  3.59865889E-03
 1.16510475E+00  3.73477364E-03
 1.16518735E+00  3.84907692E-03
 1.16521174E+00  3.93856041E-03
 1.16517594E+00  3.99920192E-03
 1.16508443E+00  4.02908755E-03
 1.16494693E+00  4.02796896E-03
 1.16477308E+00  3.99800397E-03
 1.16457559E+00  3.94414045E-03
 1.16436676E+00  3.87073632E-03
 1.16415841E+00  3.78172442E-03
 1.16396970E+00  3.68225166E-03
 1.16382315E+00  3.57713967E-03
 1.16373670E+00  3.47111329E-03
 1.16372344E+00  3.36843244E-03
 1.16378645E+00  3.26999175E-03
 1.16391864E+00  3.17418973E-03
 1.16411405E+00  3.07958042E-03
 1.16436789E+00  2.98492742E-03
 1.16467480E+00  2.89076525E-03
 1.16503187E+00  2.79964331E-03
 1.16543107E+00  2.71246062E-03
 1.16586005E+00  2.62907073E-03
 1.16631057E+00  2.55009066E-03
 1.16677496E+00  2.47563968E-03
 1.16724480E+00  2.40658632E-03
 1.16771140E+00  2.34432134E-03
 1.16815805E+00  2.28751847E-03
 1.16856278E+00  2.23341975E-03
 1.16890910E+00  2.18052442E-03
 1.16918577E+00  2.12827943E-03
 1.16938856E+00  2.07849847E-03
 1.16952190E+00  2.03546777E-03
 1.16958846E+00  2.00221323E-03
 1.16958908E+00  1.98066731E-03
 1.16952770E+00  1.97278120E-03
 1.16940773E+00  1.97922610E-03
 1.16923571E+00  2.00083519E-03
 1.16902128E+00  2.03834173E-03
 1.16876904E+00  2.08956816E-03
 1.16848121E+00  2.15053437E-03
 1.16816194E+00  2.21708911E-03
 1.16781661E+00  2.28493655E-03
 1.16745684E+00  2.35177650E-03
 1.16709946E+00  2.41723420E-03
 1.16675665E+00  2.47964648E-03
 1.16643628E+00  2.53671582E-03
 1.16614254E+00  2.58647931E-03
 1.16587396E+00  2.62640888E-03
 1.16563075E+00  2.65519890E-03
 1.16541513E+00  2.67254592E-03
 1.16522621E+00  2.67657902E-03
 1.16506294E+00  2.66503807E-03
 1.16492320E+00  2.63679460E-03
 1.16480344E+00  2.59158164E-03
 1.16470482E+00  2.53147196E-03
 1.16463148E+00  2.46076192E-03
 1.16458586E+00  2.38321762E-03
 1.16456916E+00  2.30226702E-03
 1.16457836E+00  2.22146554E-03
 1.16460637E+00  2.14351509E-03
 1.16464943E+00  2.07141481E-03
 1.16470679E+00  2.00806762E-03
 1.16477903E+00  1.95413670E-03
 1.16486977E+00  1.90886572E-03
 1.16498090E+00  1.87120438E-03
 1.16511219E+00  1.83984225E-03
 1.16526548E+00  1.81487236E-03
 1.16544237E+00  1.79762249E-03
 1.16564360E+00  1.78802412E-03
 1.16586919E+00  1.78506490E-03
 1.16611423E+00  1.78747844E-03
 1.16636990E+00  1.79303111E-03
 1.16662811E+00  1.80004862E-03
 1.16688139E+00  1.80726871E-03
 1.16712470E+00  1.81183552E-03
 1.16735601E+00  1.81034882E-03
 1.16757106E+00  1.80012631E-03
 1.16776397E+00  1.77915647E-03
 1.16792997E+00  1.74756161E-03
 1.16806370E+00  1.70746433E-03
 1.16816154E+00  1.66054909E-03
 1.16822162E+00  1.60818827E-03
 1.16823986E+00  1.55164914E-03
 1.16821171E+00  1.49144688E-03
 1.16813511E+00  1.42899457E-03
 1.16801018E+00  1.36638528E-03
 1.16784144E+00  1.30464437E-03
 1.16763777E+00  1.24451002E-03
 1.16740756E+00  1.18672376E-03
 1.16715880E+00  1.13196501E-03
 1.16689956E+00  1.08248179E-03
 1.16663637E+00  1.04163408E-03
 1.16637663E+00  1.01180489E-03
 1.16612787E+00  9.94599840E-04
 1.16589398E+00  9.90664459E-04
 1.16567674E+00  9.99300355E-04
 1.16547726E+00  1.02031140E-03
 1.16529617E+00  1.05392322E-03
 1.16513688E+00  1.09963354E-03
 1.16500505E+00  1.15693209E-03
 1.16490362E+00  1.22500001E-03
 1.16483361E+00  1.30265242E-03
 1.16479479E+00  1.38974285E-03
 1.16478449E+00  1.48675341E-03
 1.16480098E+00  1.59373563E-03
 1.16484315E+00  1.71046198E-03
 1.16490701E+00  1.83580901E-03
 1.16498767E+00  1.96772508E-03
 1.16508103E+00  2.10475149E-03
 1.16518380E+00  2.24590831E-03
 1.16529661E+00  2.39023168E-03
 1.16542335E+00  2.53717966E-03
 1.16556663E+00  2.68580700E-03
 1.16572780E+00  2.83470683E-03
 1.16590651E+00  2.98294413E-03
 1.16609962E+00  3.12961964E-03
 1.16630479E+00  3.27358240E-03
 1.16651981E+00  3.41352675E-03
 1.16673926E+00  3.54727457E-03
 1.16695629E+00  3.67192734E-03
 1.16716314E+00  3.78480849E-03
 1.16735147E+00  3.88343935E-03
 1.16751654E+00  3.96571834E-03
 1.16765634E+00  4.03012228E-03
 1.16776731E+00  4.07488215E-03
 1.16784527E+00  4.09810600E-03
 1.16788555E+00  4.09836559E-03
 1.16788213E+00  4.07443731E-03
 1.16783159E+00  4.02556426E-03
 1.16773270E+00  3.95153108E-03
 1.16758342E+00  3.85202366E-03
 1.16738287E+00  3.72693264E-03
 1.16713232E+00  3.57698047E-03
 1.16683519E+00  3.40369357E-03
 1.16650015E+00  3.20973782E-03
 1.16614022E+00  2.99889368E-03
 1.16576867E+00  2.77513148E-03
 1.16539884E+00  2.54251771E-03
 1.16504316E+00  2.30524635E-03
 1.16471186E+00  2.06726717E-03
 1.16441586E+00  1.83266557E-03
 1.16416551E+00  1.60541316E-03
 1.16396696E+00  1.38850972E-03
 1.16382375E+00  1.18426396E-03
 1.16373754E+00  9.94687610E-04
 1.16370848E+00  8.21557200E-04
 1.16373917E+00  6.67171595E-04
 1.16383353E+00  5.34162400E-04
 1.16399143E+00  4.24163454E-04
 1.16420937E+00  3.37929181E-04
 1.16448077E+00  2.75521727E-04
 1.16479497E+00  2.36017122E-04
 1.16514175E+00  2.18471485E-04
 1.16551121E+00  2.21904909E-04
 1.16589037E+00  2.44427424E-04
 1.16626585E+00  2.83855813E-04
 1.16662556E+00  3.38188477E-04
 1.16695932E+00  4.05741396E-04
 1.16726356E+00  4.86187974E-04
 1.16754028E+00  5.80308651E-04
 1.16779131E+00  6.88489331E-04
 1.16801824E+00  8.10610395E-04
 1.16822082E+00  9.45657685E-04
 1.16839611E+00  1.09142298E-03
 1.16854482E+00  1.24600392E-03
 1.16867043E+00  1.40752584E-03
 1.16877503E+00  1.57301299E-03
 1.16886170E+00  1.73906950E-03
 1.16893302E+00  1.90183062E-03
 1.16899121E+00  2.05717211E-03
 1.16904378E+00  2.20241351E-03
 1.16910122E+00  2.33589475E-03
 1.16917105E+00  2.45532975E-03
 1.16925809E+00  2.55814362E-03
 1.16936192E+00  2.64128844E-03
 1.16947641E+00  2.70105008E-03
 1.16959722E+00  2.73484108E-03
 1.16972168E+00  2.74112282E-03
 1.16984663E+00  2.71838746E-03
 1.16997087E+00  2.66602252E-03
 1.17009163E+00  2.58441861E-03
 1.17020504E+00  2.47509856E-03
 1.17031181E+00  2.34217851E-03
 1.17041495E+00  2.19186704E-03
 1.17051733E+00  2.03073945E-03
 1.17062171E+00  1.86556971E-03
 1.17072631E+00  1.70248453E-03
 1.17082559E+00  1.54647313E-03
 1.17091707E+00  1.40295339E-03
 1.17100063E+00  1.27709291E-03
 1.17107773E+00  1.17225812E-03
 1.17115298E+00  1.09073184E-03
 1.17122897E+00  1.03375932E-03
 1.17130648E+00  1.00179487E-03
 1.17138874E+00  9.96538119E-04
 1.17147904E+00  1.02027058E-03
 1.17158002E+00  1.07326887E-03
 1.17169396E+00  1.15411229E-03
 1.17181856E+00  1.25957508E-03
 1.17194800E+00  1.38421878E-03
 1.17207743E+00  1.52283265E-03
 1.17220265E+00  1.67037255E-03
 1.17232132E+00  1.82040201E-03
 1.17243379E+00  1.96647670E-03
 1.17253866E+00  2.10272173E-03
 1.17263345E+00  2.22425407E-03
 1.17271740E+00  2.32962447E-03
 1.17278993E+00  2.42022850E-03
 1.17285156E+00  2.49745322E-03
 1.17290400E+00  2.56254634E-03
 1.17294637E+00  2.61558243E-03
 1.17297647E+00  2.65506890E-03
 1.17299392E+00  2.68135979E-03
 1.17299956E+00  2.69614414E-03
 1.17299661E+00  2.70037791E-03
 1.17299096E+00  2.69551704E-03
 1.17298747E+00  2.68262073E-03
 1.17299025E+00  2.66247614E-03
 1.17300409E+00  2.63871501E-03
 1.17303310E+00  2.61652639E-03
 1.17308145E+00  2.59959305E-03
 1.17315312E+00  2.59025744E-03
 1.17324916E+00  2.58813999E-03
 1.17336847E+00  2.58994110E-03
 1.17350976E+00  2.59338865E-03
 1.17367137E+00  2.59715222E-03
 1.17385279E+00  2.59965712E-03
 1.17405467E+00  2.60039334E-03
 1.17427570E+00  2.59818754E-03
 1.17451303E+00  2.59143735E-03
 1.17476343E+00  2.58112271E-03
 1.17502236E+00  2.56963319E-03
 1.17528559E+00  2.55928242E-03
 1.17554919E+00  2.55235447E-03
 1.17580730E+00  2.54877564E-03
 1.17605333E+00  2.54641985E-03
 1.17628150E+00  2.54470710E-03
 1.17648685E+00  2.54412466E-03
 1.17666687E+00  2.54564885E-03
 1.17682143E+00  2.55159736E-03
 1.17695003E+00  2.56315359E-03
 1.17705192E+00  2.58047809E-03
 1.17712628E+00  2.60512221E-03
 1.17717158E+00  2.63875666E-03
 1.17718771E+00  2.68247172E-03
 1.17717575E+00  2.73695462E-03
 1.17713609E+00  2.80046708E-03
 1.17706936E+00  2.86925180E-03
 1.17697640E+00  2.94006410E-03
 1.17685819E+00  3.00998846E-03
 1.17671775E+00  3.07674605E-03
 1.17655944E+00  3.13929258E-03
 1.17638666E+00  3.19577971E-03
 1.17620199E+00  3.24390493E-03
 1.17600655E+00  3.28259648E-03
 1.17579979E+00  3.31116866E-03
 1.17558198E+00  3.32941571E-03
 1.17535427E+00  3.33762109E-03
 1.17511783E+00  3.33468062E-03
 1.17487467E+00  3.31863277E-03
 1.17462664E+00  3.28856544E-03
 1.17437550E+00  3.24427372E-03
 1.17412486E+00  3.18653169E-03
 1.17387947E+00  3.11742109E-03
 1.17364408E+00  3.03854033E-03
 1.17342346E+00  2.95117099E-03
 1.17322080E+00  2.85742289E-03
 1.17303787E+00  2.75943475E-03
 1.17287739E+00  2.65938265E-03
 1.17274271E+00  2.55945339E-03
 1.17263735E+00  2.46044596E-03
 1.17256549E+00  2.36215551E-03
 1.17253020E+00  2.26474081E-03
 1.17253340E+00  2.16864229E-03
 1.17257744E+00  2.07509875E-03
 1.17266411E+00  1.98637019E-03
 1.17279405E+00  1.90423882E-03
 1.17296680E+00  1.83026886E-03
 1.17317916E+00  1.76671029E-03
 1.17342563E+00  1.71589140E-03
 1.17370050E+00  1.68045466E-03
 1.17399786E+00  1.66322274E-03
 1.17431214E+00  1.66577931E-03
 1.17463872E+00  1.68883818E-03
 1.17497221E+00  1.73339682E-03
 1.17530699E+00  1.80043153E-03
 1.17563890E+00  1.89113701E-03
 1.17596443E+00  2.00704245E-03
 1.17628061E+00  2.14867054E-03
 1.17658482E+00  2.31563103E-03
 1.17687280E+00  2.50732609E-03
 1.17713920E+00  2.72233013E-03
 1.17738006E+00  2.95837388E-03
 1.17759247E+00  3.21226090E-03
 1.17777463E+00  3.47883636E-03
 1.17792639E+00  3.75138354E-03
 1.17804715E+00  4.02286446E-03
 1.17813608E+00  4.28607467E-03
 1.17819384E+00  4.53430758E-03
 1.17822148E+00  4.76175601E-03
 1.17821995E+00  4.96247486E-03
 1.17819003E+00  5.13094816E-03
 1.17813046E+00  5.26327327E-03
 1.17803850E+00  5.35669277E-03
 1.17791239E+00  5.40954534E-03
 1.17775146E+00  5.42112144E-03
 1.17755676E+00  5.39024174E-03
 1.17733169E+00  5.31579451E-03
 1.17707973E+00  5.19876517E-03
 1.17680501E+00  5.04208084E-03
 1.17651417E+00  4.85070450E-03
 1.17621518E+00  4.63187722E-03
 1.17591712E+00  4.39307213E-03
 1.17562964E+00  4.14187386E-03
 1.17536026E+00  3.88695209E-03
 1.17511471E+00  3.63685885E-03
 1.17489954E+00  3.39963425E-03
 1.17472130E+00  3.18223049E-03
 1.17458622E+00  2.98827193E-03
 1.17450068E+00  2.81858258E-03
 1.17446896E+00  2.67354187E-03
 1.17449349E+00  2.55327957E-03
 1.17457704E+00  2.45887537E-03
 1.17472126E+00  2.39248180E-03
 1.17492533E+00  2.35382843E-03
 1.17518585E+00  2.34062509E-03
 1.17549499E+00  2.35022426E-03
 1.17584093E+00  2.37856100E-03
 1.17621131E+00  2.42165874E-03
 1.17659348E+00  2.47563693E-03
 1.17697486E+00  2.53389904E-03
 1.17734432E+00  2.58868043E-03
 1.17769063E+00  2.63372202E-03
 1.17800360E+00  2.66446527E-03
 1.17827748E+00  2.68015763E-03
 1.17850972E+00  2.68375739E-03
 1.17869927E+00  2.67764866E-03
 1.17884609E+00  2.66353726E-03
 1.17894790E+00  2.64275472E-03
 1.17900087E+00  2.61515792E-03
 1.17900503E+00  2.58224548E-03
 1.17896358E+00  2.54674542E-03
 1.17888184E+00  2.50936958E-03
 1.17876847E+00  2.47029085E-03
 1.17863167E+00  2.42959282E-03
 1.17847932E+00  2.38727756E-03
 1.17832286E+00  2.34662351E-03
 1.17817462E+00  2.31315444E-03
 1.17804520E+00  2.29032768E-03
 1.17794289E+00  2.27984774E-03
 1.17786954E+00  2.28109974E-03
 1.17782117E+00  2.29049396E-03
 1.17779432E+00  2.30567039E-03
 1.17778619E+00  2.32544024E-03
 1.17779539E+00  2.34758848E-03
 1.17782323E+00  2.37050953E-03
 1.17786791E+00  2.39231169E-03
 1.17792533E+00  2.41088652E-03
 1.17799377E+00  2.42723274E-03
 1.17807151E+00  2.44437783E-03
 1.17815724E+00  2.46493515E-03
 1.17824999E+00  2.49123575E-03
 1.17834337E+00  2.52341428E-03
 1.17842768E+00  2.55936478E-03
 1.17849629E+00  2.59859783E-03
 1.17854524E+00  2.64174685E-03
 1.17857496E+00  2.68931477E-03
 1.17859104E+00  2.74275453E-03
 1.17859711E+00  2.80242926E-03
 1.17859495E+00  2.86767084E-03
 1.17858754E+00  2.93956467E-03
 1.17857646E+00  3.01969797E-03
 1.17856417E+00  3.10878653E-03
 1.17855380E+00  3.20697334E-03
 1.17854364E+00  3.31205429E-03
 1.17852907E+00  3.41968438E-03
 1.17850598E+00  3.52622329E-03
 1.17847059E+00  3.62853364E-03
 1.17842310E+00  3.72378833E-03
 1.17836743E+00  3.81028904E-03
 1.17830485E+00  3.88574124E-03
 1.17823471E+00  3.94755090E-03
 1.17815610E+00  3.99478535E-03
 1.17806611E+00  4.02733628E-03
 1.17796383E+00  4.04552911E-03
 1.17785019E+00  4.05019669E-03
 1.17772353E+00  4.04093411E-03
 1.17758180E+00  4.01648833E-03
 1.17742425E+00  3.97691642E-03
 1.17725104E+00  3.92323316E-03
 1.17706652E+00  3.85735969E-03
 1.17687871E+00  3.78255148E-03
 1.17669457E+00  3.70164831E-03
 1.17652035E+00  3.61715256E-03
 1.17636132E+00  3.53252965E-03
 1.17622053E+00  3.45131565E-03
 1.17610216E+00  3.37680889E-03
 1.17601088E+00  3.31200356E-03
 1.17594868E+00  3.25809669E-03
 1.17591631E+00  3.21479573E-03
 1.17591338E+00  3.18192342E-03
 1.17593834E+00  3.15932049E-03
 1.17599160E+00  3.14725059E-03
 1.17607468E+00  3.14664154E-03
 1.17618658E+00  3.15733980E-03
 1.17632427E+00  3.17831520E-03
 1.17648246E+00  3.20870765E-03
 1.17665296E+00  3.24722353E-03
 1.17682821E+00  3.29260609E-03
 1.17700120E+00  3.34367764E-03
 1.17716360E+00  3.39795440E-03
 1.17730741E+00  3.45225082E-03
 1.17742510E+00  3.50399953E-03
 1.17750998E+00  3.55120450E-03
 1.17755923E+00  3.59315567E-03
 1.17757318E+00  3.63049105E-03
 1.17755257E+00  3.66343095E-03
 1.17749865E+00  3.69178905E-03
 1.17741184E+00  3.71535038E-03
 1.17729162E+00  3.73335678E-03
 1.17714032E+00  3.74551382E-03
 1.17696279E+00  3.75188982E-03
 1.17676457E+00  3.75161403E-03
 1.17655307E+00  3.74343682E-03
 1.17633568E+00  3.72615712E-03
 1.17611967E+00  3.69861392E-03
 1.17591486E+00  3.66086319E-03
 1.17573195E+00  3.61393099E-03
 1.17558014E+00  3.55821782E-03
 1.17546681E+00  3.49368465E-03
 1.17539518E+00  3.41988332E-03
 1.17536443E+00  3.33567887E-03
 1.17537375E+00  3.24064636E-03
 1.17542239E+00  3.13507787E-03
 1.17550964E+00  3.01909155E-03
 1.17563567E+00  2.89326192E-03
 1.17579790E+00  2.75860787E-03
 1.17599139E+00  2.61661863E-03
 1.17621170E+00  2.47039373E-03
 1.17645357E+00  2.32426503E-03
 1.17671135E+00  2.18259630E-03
 1.17697921E+00  2.04971138E-03
 1.17724809E+00  1.92923451E-03
 1.17750705E+00  1.82384370E-03
 1.17774728E+00  1.73656984E-03
 1.17796215E+00  1.67042091E-03
 1.17814885E+00  1.62747808E-03
 1.17830873E+00  1.60934478E-03
 1.17844256E+00  1.61676658E-03
 1.17855041E+00  1.64968955E-03
 1.17863276E+00  1.70853834E-03
 1.17868912E+00  1.79367319E-03
 1.17872096E+00  1.90403886E-03
 1.17873137E+00  2.03728126E-03
 1.17872155E+00  2.18931539E-03
 1.17869220E+00  2.35426993E-03
 1.17864450E+00  2.52620659E-03
 1.17857987E+00  2.69919862E-03
 1.17850321E+00  2.86687343E-03
 1.17842188E+00  3.02324036E-03
 1.17834101E+00  3.16247667E-03
 1.17826367E+00  3.27935917E-03
 1.17819034E+00  3.37093980E-03
 1.17811823E+00  3.43607288E-03
 1.17804571E+00  3.47411645E-03
 1.17797240E+00  3.48482617E-03
 1.17789706E+00  3.46723308E-03
 1.17781922E+00  3.41973559E-03
 1.17773790E+00  3.34260479E-03
 1.17765169E+00  3.23770619E-03
 1.17756233E+00  3.10765347E-03
 1.17747350E+00  2.95646568E-03
 1.17738850E+00  2.78815199E-03
 1.17731034E+00  2.60669239E-03
 1.17723935E+00  2.41785433E-03
 1.17717344E+00  2.22804482E-03
 1.17711239E+00  2.04283228E-03
 1.17705751E+00  1.86673024E-03
 1.17701059E+00  1.70147357E-03
 1.17697502E+00  1.54622081E-03
 1.17695285E+00  1.40043520E-03
 1.17694478E+00  1.26396950E-03
 1.17695302E+00  1.13721723E-03
 1.17697973E+00  1.02173576E-03
 1.17702616E+00  9.17720652E-04
 1.17709281E+00  8.24331018E-04
 1.17717691E+00  7.41823961E-04
 1.17727299E+00  6.70487543E-04
 1.17737603E+00  6.10738023E-04
 1.17748136E+00  5.63089999E-04
 1.17758528E+00  5.25644758E-04
 1.17768578E+00  4.94977916E-04
 1.17777978E+00  4.69060499E-04
 1.17786364E+00  4.47081394E-04
 1.17793534E+00  4.30185267E-04
