# x =
 4.98748334E+01
# y =
 3.25097170E+00
 VARIABLES = u,v
 1.15748422E+00 -2.00976014E-02
 1.14906807E+00 -2.10240357E-02
 1.11524119E+00 -3.94794599E-02
 1.06469603E+00 -6.62143836E-02
 1.01413968E+00 -8.14097725E-02
 9.78610926E-01 -7.39527272E-02
 9.71216384E-01 -4.45755243E-02
 9.91809841E-01 -2.19266848E-03
 1.02743880E+00  3.37628389E-02
 1.07099782E+00  5.15212686E-02
 1.11796578E+00  5.11771563E-02
 1.16051852E+00  3.67403732E-02
 1.19419907E+00  1.99399166E-02
 1.21072087E+00  7.87380555E-03
 1.20082380E+00 -6.96858293E-04
 1.17121156E+00 -4.85918065E-03
 1.13787702E+00 -5.76707268E-03
 1.11326947E+00 -3.19568585E-03
 1.10708675E+00  6.66688233E-03
 1.11708569E+00  2.05085697E-02
 1.12900536E+00  3.11901539E-02
 1.13707986E+00  3.38489831E-02
 1.14190157E+00  2.48116340E-02
 1.14343780E+00  8.45239986E-03
 1.14682525E+00 -3.85656747E-03
 1.15192964E+00 -5.96670872E-03
 1.15290228E+00  3.09946673E-03
 1.15184612E+00  1.87841777E-02
 1.15327603E+00  2.96470624E-02
 1.15941742E+00  2.97722424E-02
 1.17244429E+00  2.02140179E-02
 1.18611863E+00  4.51957408E-03
 1.18770251E+00 -8.82840498E-03
 1.17102151E+00 -1.49975887E-02
 1.13630841E+00 -1.52793290E-02
 1.09159110E+00 -1.12152806E-02
 1.05361618E+00 -6.77376630E-03
 1.03351582E+00 -4.16211106E-03
 1.03441578E+00 -1.52294203E-03
 1.05411858E+00  1.83114991E-03
 1.08252600E+00  6.73100737E-03
 1.11322079E+00  1.31893976E-02
 1.14540233E+00  1.86161867E-02
 1.17683324E+00  2.12940429E-02
 1.20721973E+00  2.01642159E-02
 1.23289754E+00  1.46364996E-02
 1.24554567E+00  6.30495887E-03
 1.24144889E+00 -1.81284171E-03
 1.21969728E+00 -6.12715240E-03
 1.18157377E+00 -4.04417985E-03
 1.13408137E+00  4.25271355E-03
 1.08671138E+00  1.43934505E-02
 1.04987280E+00  1.96570721E-02
 1.03368819E+00  1.77008794E-02
 1.04309012E+00  1.32087248E-02
 1.07294341E+00  2.03994956E-02
 1.11052263E+00  5.02988234E-02
 1.14513876E+00  7.47625948E-02
 1.17007671E+00  5.47216893E-02
 1.18497107E+00  1.69242617E-02
 1.19643697E+00  1.05475737E-02
 1.20494523E+00  1.66077520E-02
 1.20529309E+00  2.21996016E-04
 1.19374048E+00 -2.25627082E-02
 1.16511982E+00 -3.40541051E-02
 1.12057570E+00 -4.40987392E-02
 1.07023881E+00 -5.40982321E-02
 1.02555348E+00 -4.83564061E-02
 9.99843145E-01 -1.50693690E-02
 1.00344857E+00  4.28406261E-02
 1.03707671E+00  1.07686372E-01
 1.09061098E+00  1.39462564E-01
 1.14506082E+00  1.01601381E-01
 1.18389504E+00  3.44548429E-02
 1.19777497E+00  8.65513662E-03
 1.18706257E+00 -8.39830741E-03
 1.16281887E+00 -7.67804574E-02
 1.13171385E+00 -1.37195899E-01
 1.09653346E+00 -1.13992648E-01
 1.06518988E+00 -4.73636191E-02
 1.04436350E+00 -3.32449183E-04
 1.04264967E+00  3.04323863E-02
 1.06840575E+00  5.13958534E-02
 1.11256580E+00  4.93533166E-02
 1.15483554E+00  3.20379106E-02
 1.18010547E+00  9.38975984E-03
 1.17827323E+00 -1.71703822E-02
 1.15302106E+00 -2.98540687E-02
 1.12264469E+00 -1.50138441E-02
 1.09691298E+00  7.73858878E-04
 1.07889931E+00 -1.07096134E-02
 1.07359449E+00 -4.13399333E-03
 1.08018511E+00  7.60495050E-02
 1.10137486E+00  1.59800025E-01
 1.14222066E+00  1.43200868E-01
 1.19180878E+00  6.37905932E-02
 1.23104526E+00  6.92466803E-03
 1.24519104E+00 -2.29770795E-02
 1.22367061E+00 -3.00660949E-02
 1.17268635E+00 -1.69278454E-02
 1.11414262E+00 -2.12573948E-02
 1.06218136E+00 -3.44963369E-02
 1.02463825E+00 -1.34466922E-02
 1.00674259E+00  3.09295568E-02
 1.00466870E+00  7.42974181E-02
 1.02009251E+00  1.18397280E-01
 1.05841560E+00  1.50577830E-01
 1.11148223E+00  1.38652147E-01
 1.16544720E+00  7.02086266E-02
 1.20636756E+00 -7.03933738E-03
 1.21951136E+00 -2.69014798E-02
 1.20396511E+00 -5.95287857E-03
 1.17116437E+00 -1.21190892E-03
 1.12813302E+00 -1.46520220E-02
 1.08193257E+00 -3.02320987E-02
 1.04283439E+00 -1.89654996E-02
 1.01761337E+00  6.20252189E-02
 1.01528836E+00  1.53762817E-01
 1.04207164E+00  1.48116168E-01
 1.08418448E+00  6.98310337E-02
 1.11630877E+00  4.92539164E-04
 1.12023842E+00 -4.56886414E-02
 1.08750003E+00 -5.81741447E-02
 1.03180523E+00 -4.33255938E-02
 9.86925175E-01 -4.93760278E-02
 9.72502614E-01 -5.75891953E-02
 9.92388800E-01 -1.61574165E-02
 1.03944149E+00  4.05067371E-02
 1.08926885E+00  5.80005447E-02
 1.12858777E+00  3.73114015E-02
 1.15790170E+00 -9.11277285E-03
 1.17249670E+00 -5.49472642E-02
 1.17251567E+00 -5.51616800E-02
 1.15579213E+00 -2.45664459E-02
 1.11525343E+00 -1.42823307E-02
 1.06105067E+00 -1.42171928E-02
 1.01324620E+00  4.79096273E-03
 9.87201338E-01  3.79427668E-02
 9.95420169E-01  8.56093375E-02
 1.03456211E+00  1.46636471E-01
 1.08539319E+00  1.95222701E-01
 1.13589037E+00  1.99695649E-01
 1.17874246E+00  1.41742745E-01
 1.20661829E+00  5.26262676E-02
 1.21947521E+00 -7.47846844E-03
 1.21293428E+00 -3.25146975E-02
 1.18111052E+00 -4.42729269E-02
 1.13501708E+00 -3.54953608E-02
 1.09383277E+00 -9.04574766E-03
 1.07311623E+00  1.30151199E-02
 1.08390462E+00  2.19961350E-02
 1.11766446E+00  2.33000013E-02
 1.14918913E+00  2.58513334E-02
 1.16441843E+00  2.72045941E-02
 1.15997204E+00  1.92662625E-02
 1.14145036E+00  6.59162879E-03
 1.12794703E+00 -3.16327610E-03
 1.12711500E+00 -4.60023477E-03
 1.13350159E+00  8.30355486E-03
 1.14318412E+00  2.78448754E-02
 1.14671217E+00  3.57386208E-02
 1.13936480E+00  2.30309557E-02
 1.12567080E+00 -1.08961838E-02
 1.10473290E+00 -5.61371801E-02
 1.07533016E+00 -9.06203629E-02
 1.03928671E+00 -1.01692736E-01
 9.98264603E-01 -8.88601912E-02
 9.63004188E-01 -5.83101899E-02
 9.50263484E-01 -2.66755829E-02
 9.69738703E-01 -4.28479060E-03
 1.02244422E+00  8.89380362E-03
 1.09423796E+00  1.39790586E-02
 1.15760028E+00  1.74051792E-02
 1.19354922E+00  2.17163652E-02
 1.19609469E+00  2.25465456E-02
 1.17470489E+00  1.98259557E-02
 1.15509941E+00  1.40663690E-02
 1.15182655E+00  6.50712758E-03
 1.16411529E+00  1.50158523E-03
 1.18284160E+00 -2.32147469E-03
 1.18635607E+00 -1.00395906E-02
 1.16443048E+00 -2.33624806E-02
 1.12302392E+00 -4.22094583E-02
 1.06984196E+00 -6.15877127E-02
 1.02016649E+00 -7.16342870E-02
 9.84150747E-01 -6.72559949E-02
 9.61029597E-01 -4.87924998E-02
 9.53273966E-01 -2.12769198E-02
 9.61479552E-01  4.54011216E-03
 9.84961611E-01  2.13912258E-02
 1.02512917E+00  2.77045490E-02
 1.07418635E+00  2.53115564E-02
 1.11851512E+00  2.09725875E-02
 1.14804667E+00  1.86990406E-02
 1.15640084E+00  1.80836795E-02
 1.14907070E+00  1.88546634E-02
 1.14226003E+00  1.87221169E-02
 1.14601953E+00  1.72530398E-02
 1.16329243E+00  1.67935720E-02
 1.18915589E+00  1.62568689E-02
 1.20867822E+00  1.33618085E-02
 1.21416275E+00  6.67390749E-03
 1.20605209E+00 -5.19142551E-03
 1.18453717E+00 -1.90178614E-02
 1.15493340E+00 -2.80819022E-02
 1.12052544E+00 -2.86725841E-02
 1.08157533E+00 -1.99698508E-02
 1.04795873E+00 -5.13626914E-03
 1.03303405E+00  8.17870052E-03
 1.04491503E+00  1.51738870E-02
 1.08556548E+00  1.46726765E-02
 1.13942721E+00  7.29255740E-03
 1.17737584E+00 -2.88420658E-03
 1.18014973E+00 -1.32863440E-02
 1.14191469E+00 -2.34874480E-02
 1.07563702E+00 -3.10057059E-02
 1.01364807E+00 -3.35454582E-02
 9.76967231E-01 -2.88877531E-02
 9.71572035E-01 -1.49520379E-02
 9.94972954E-01  4.98400214E-03
 1.02972168E+00  2.39293642E-02
 1.06671142E+00  3.64791746E-02
 1.10704547E+00  3.88144549E-02
 1.14232955E+00  3.13437026E-02
 1.16484234E+00  1.91907596E-02
 1.16665446E+00  5.37730427E-03
 1.13909240E+00 -8.45251472E-03
 1.09574102E+00 -1.91666974E-02
 1.06453732E+00 -2.48074255E-02
 1.06331979E+00 -2.27119902E-02
 1.09945881E+00 -1.04553091E-02
 1.15779379E+00  7.74605536E-03
 1.20161311E+00  2.37478589E-02
 1.21021044E+00  3.16049198E-02
 1.18140938E+00  2.79785963E-02
 1.12661745E+00  1.62987724E-02
 1.07665972E+00  6.25192774E-03
 1.04883848E+00  3.06378425E-03
 1.04203672E+00  7.24161722E-03
 1.05412201E+00  1.62224970E-02
 1.07292753E+00  2.24857554E-02
 1.09225302E+00  2.24463492E-02
 1.11681428E+00  1.74781321E-02
 1.14084625E+00  8.28352146E-03
 1.15611399E+00 -2.38642395E-03
 1.15606194E+00 -1.29262500E-02
 1.13281114E+00 -2.43558391E-02
 1.09423606E+00 -3.45224062E-02
 1.06004884E+00 -4.01757210E-02
 1.04255559E+00 -3.93858617E-02
 1.04774928E+00 -3.08138531E-02
 1.06939049E+00 -1.77133919E-02
 1.08790481E+00 -6.59837906E-03
 1.09406039E+00 -1.95974898E-04
 1.08994799E+00  3.50815596E-03
 1.08304706E+00  1.35977632E-02
 1.09002283E+00  4.31398418E-02
 1.11768167E+00  9.32394409E-02
 1.15856640E+00  1.47014908E-01
 1.20097627E+00  1.64394311E-01
 1.22596287E+00  1.09321879E-01
 1.22090253E+00  2.77731579E-02
 1.18646422E+00 -2.00828082E-03
 1.12988289E+00 -1.26290157E-02
 1.06708212E+00 -6.81897336E-02
 1.01177111E+00 -1.11165812E-01
 9.70744219E-01 -7.25494680E-02
 9.50537846E-01 -1.09052480E-02
 9.53363264E-01  1.49392433E-03
 9.81498814E-01  6.51449573E-03
 1.03669193E+00  5.87681077E-02
 1.10710380E+00  1.10204661E-01
 1.17287372E+00  1.03284730E-01
 1.21640003E+00  6.87980591E-02
 1.22433092E+00  4.81618454E-02
 1.20031026E+00  2.56683356E-02
 1.16347696E+00 -1.24985414E-02
 1.12667821E+00 -4.14360878E-02
 1.09794572E+00 -4.21629225E-02
 1.08316497E+00 -2.59716451E-02
 1.07978189E+00 -8.98177547E-03
 1.09066114E+00  3.68160892E-03
 1.12072402E+00  7.87779108E-03
 1.15810267E+00  3.42292508E-03
 1.18376612E+00 -8.26956091E-04
 1.18244362E+00 -2.63214603E-03
 1.14409746E+00 -5.39417255E-03
 1.08135493E+00 -7.13421953E-03
 1.02539030E+00 -6.32070274E-03
 9.95552042E-01 -7.52679233E-04
 9.99418895E-01  1.36541744E-02
 1.03259826E+00  3.22360654E-02
 1.07352059E+00  4.48586021E-02
 1.11106073E+00  4.59116275E-02
 1.14493980E+00  3.31245497E-02
 1.16865858E+00  1.12202435E-02
 1.17973350E+00 -7.59940554E-03
 1.17338283E+00 -1.62654838E-02
 1.14156432E+00 -1.33459452E-02
 1.09518615E+00 -3.38147591E-04
 1.05625502E+00  1.55166506E-02
 1.04045689E+00  2.98227209E-02
 1.05815960E+00  4.20533135E-02
 1.10174072E+00  4.88492603E-02
 1.14602879E+00  4.76527308E-02
 1.17613614E+00  3.60135716E-02
 1.18658483E+00  1.14167447E-02
 1.17636987E+00 -2.06325631E-02
 1.15579247E+00 -4.93195640E-02
 1.12794826E+00 -6.63544853E-02
 1.08892411E+00 -6.60934700E-02
 1.04580679E+00 -5.01620347E-02
 1.00813994E+00 -2.77549584E-02
 9.85735479E-01 -4.46646436E-03
 9.90092372E-01  1.70483770E-02
 1.01787426E+00  3.38032819E-02
 1.05430284E+00  4.58655502E-02
 1.08991607E+00  5.06267363E-02
 1.11753099E+00  4.34883677E-02
 1.13446851E+00  2.66730526E-02
 1.14608189E+00  5.70505404E-03
 1.15141766E+00 -1.45874731E-02
 1.14551048E+00 -2.92976958E-02
 1.13027510E+00 -3.93366693E-02
 1.10866810E+00 -4.92723817E-02
 1.08521766E+00 -5.51733328E-02
 1.06692083E+00 -4.36242614E-02
 1.05262979E+00  9.70617714E-03
 1.03539781E+00  1.09301773E-01
 1.01172909E+00  1.61214320E-01
 9.78740990E-01  5.59884667E-02
 9.34699263E-01 -1.17420840E-01
 8.81878091E-01 -1.91242030E-01
 8.20980146E-01 -1.96560698E-01
 7.53487008E-01 -2.25167754E-01
 6.89169450E-01 -2.40836554E-01
 6.41473954E-01 -2.19050228E-01
 6.21143046E-01 -2.00826650E-01
 6.34688015E-01 -1.90022529E-01
 6.76998113E-01 -1.45860128E-01
 7.32705477E-01 -4.15914760E-02
 7.90561731E-01  7.63470435E-02
 8.43616710E-01  1.39518096E-01
 8.88342371E-01  1.79411153E-01
 9.27162900E-01  2.58827175E-01
 9.55580518E-01  3.45026489E-01
 9.61938838E-01  3.91692268E-01
 9.36332666E-01  4.26829756E-01
 8.81498936E-01  4.69207282E-01
 8.47496091E-01  4.61064013E-01
 8.88854123E-01  3.50272970E-01
 9.46542437E-01  1.90104594E-01
 9.13529562E-01  6.64192307E-02
 7.96309236E-01 -2.53872525E-02
 6.48997297E-01 -1.15501060E-01
 4.84247708E-01 -1.79904532E-01
 3.41663322E-01 -2.04558172E-01
 2.81469800E-01 -2.06223529E-01
 3.24770651E-01 -1.89655229E-01
 4.48707468E-01 -1.50433194E-01
 6.03082329E-01 -9.03869641E-02
 7.56973786E-01 -2.29723517E-02
 8.97344842E-01  3.24460073E-02
 1.00456444E+00  6.41721564E-02
 1.07098564E+00  6.51615373E-02
 1.08241437E+00  3.23930250E-02
 1.01773152E+00 -2.44449274E-02
 8.93414000E-01 -8.29941446E-02
 7.49127417E-01 -1.16468179E-01
 6.22952404E-01 -1.08723959E-01
 5.54996064E-01 -6.90808478E-02
 5.59452244E-01 -5.21379787E-02
 6.20878446E-01 -1.08802275E-01
 7.30105460E-01 -1.56190199E-01
 8.68817102E-01 -7.27189297E-02
 9.87236945E-01  5.00417720E-02
 1.04685010E+00  5.50974058E-02
 1.07324120E+00  1.32524831E-02
 1.11181876E+00  4.98747639E-02
 1.12994319E+00  1.26315201E-01
 1.07917469E+00  1.86904312E-01
 1.02168152E+00  2.30792221E-01
 1.03099817E+00  2.31358441E-01
 1.04029736E+00  1.98236589E-01
 9.66471179E-01  1.93876739E-01
 8.97670657E-01  2.35186640E-01
 9.46169813E-01  2.96599885E-01
 1.01854542E+00  3.10271207E-01
 9.87381116E-01  2.00397489E-01
 9.45591911E-01  6.33695809E-02
 1.00209385E+00  6.07127172E-02
 9.98801500E-01  9.80827646E-02
 7.66236396E-01  4.65159198E-03
 4.97824901E-01 -1.30042872E-01
 4.57094669E-01 -1.66545323E-01
 5.08867700E-01 -1.55025997E-01
 4.26956678E-01 -1.60952636E-01
 3.40365176E-01 -1.76129311E-01
 4.09042051E-01 -2.10473635E-01
 4.80652538E-01 -2.38018450E-01
 4.08920481E-01 -1.86442626E-01
 3.46248881E-01 -6.69560554E-02
 4.63985300E-01  4.87408866E-02
 6.34839795E-01  1.01636334E-01
 6.80556512E-01  5.12937121E-02
 6.97212663E-01 -8.97881677E-03
 8.19528062E-01  7.21594694E-02
 9.56817877E-01  1.96288688E-01
 9.98201956E-01  1.74518477E-01
 9.71108765E-01  9.58115600E-02
 9.07134279E-01  1.06727242E-01
 8.07423733E-01  1.17730701E-01
 7.14319643E-01  3.13664181E-02
 6.73751341E-01 -6.45350714E-02
 6.99588983E-01 -7.48447858E-02
 7.82863090E-01 -1.87112296E-02
 8.91520218E-01  6.61135125E-02
 9.99111356E-01  1.49629035E-01
 1.08646338E+00  1.73994915E-01
 1.12186454E+00  1.28698704E-01
 1.09994274E+00  6.34977559E-02
 1.08709003E+00  1.89616757E-02
 1.15409774E+00  2.63410164E-02
 1.23766670E+00  6.57295531E-02
 1.22551183E+00  7.02819281E-02
 1.16607031E+00  4.42532171E-02
 1.15778035E+00  2.92647050E-02
 1.16853587E+00  2.20744336E-02
 1.15376168E+00  2.17866386E-02
 1.14208700E+00  2.55391239E-02
 1.14527260E+00  7.90725320E-03
 1.14425363E+00 -2.28503908E-02
 1.13337354E+00 -3.75514520E-02
 1.11362990E+00 -3.58829760E-02
 1.08446163E+00 -2.19963024E-02
 1.05457006E+00  1.05731047E-02
 1.03946052E+00  5.88051370E-02
 1.04866291E+00  1.15387593E-01
 1.08263713E+00  1.73696481E-01
 1.12815763E+00  2.17796045E-01
 1.16031886E+00  2.28413498E-01
 1.16356956E+00  1.95110525E-01
 1.13533068E+00  1.22376797E-01
 1.08479255E+00  4.41561326E-02
 1.03501597E+00  4.23657178E-03
 1.00085149E+00 -4.53922130E-03
 9.84908444E-01 -1.40276088E-02
 9.85916288E-01 -5.96563085E-03
 9.93692556E-01  4.12108530E-02
 1.00391998E+00  8.61031023E-02
 1.02086525E+00  8.47656695E-02
 1.04281856E+00  5.88382825E-02
 1.06788828E+00  4.75000459E-02
 1.09256628E+00  4.71794487E-02
 1.10935760E+00  4.92647438E-02
 1.12036639E+00  7.08299341E-02
 1.13369899E+00  1.13124638E-01
 1.15265247E+00  1.38591797E-01
 1.17776088E+00  1.13681903E-01
 1.20153103E+00  6.89333678E-02
 1.20872311E+00  5.72543953E-02
 1.19206010E+00  6.01536547E-02
 1.15310333E+00  3.80097987E-02
 1.10066154E+00  1.25073964E-02
 1.05276943E+00  1.12976315E-02
 1.02240571E+00  2.54882401E-02
 1.01429056E+00  4.87789629E-02
 1.02948516E+00  8.10203836E-02
 1.06140130E+00  1.09694734E-01
 1.10389664E+00  1.21465411E-01
 1.15191586E+00  1.09861971E-01
 1.19146219E+00  7.57194826E-02
 1.20629689E+00  2.83393058E-02
 1.18474557E+00 -2.23571279E-02
 1.12373506E+00 -6.35818675E-02
 1.04476172E+00 -7.24888073E-02
 9.86077261E-01 -3.85530554E-02
 9.71530935E-01 -1.22744071E-03
 1.00352495E+00 -1.04223811E-02
 1.05040025E+00 -3.22275133E-02
 1.06504608E+00 -3.98718923E-03
 1.06849061E+00  3.97304582E-02
 1.11152717E+00  3.99359333E-02
 1.15834203E+00  2.06351713E-02
 1.15525009E+00  1.58462700E-02
 1.13578247E+00  1.31837472E-02
 1.14375177E+00  6.34833427E-03
 1.15720596E+00  5.07202026E-03
 1.15088425E+00  7.58633015E-03
 1.14431450E+00  9.20836663E-03
 1.15486131E+00  8.83203031E-03
 1.16752040E+00 -5.61351518E-05
 1.16521833E+00 -2.50781537E-02
 1.14413509E+00 -6.67460537E-02
 1.10214600E+00 -1.14074424E-01
 1.04681058E+00 -1.33496939E-01
 9.98548172E-01 -9.33095374E-02
 9.69946933E-01 -2.78217936E-02
 9.64879780E-01  3.35429530E-04
 9.83316150E-01  3.20144717E-03
 1.01647664E+00  2.09208021E-02
 1.05880697E+00  4.18781022E-02
 1.10915746E+00  5.08822210E-02
 1.15999332E+00  4.71115999E-02
 1.20282071E+00  1.92794465E-02
 1.22842968E+00 -1.68326855E-02
 1.22669330E+00 -2.72439001E-02
 1.19864100E+00 -2.10552674E-02
 1.15425180E+00 -2.32404750E-02
 1.10275768E+00 -2.50645441E-02
 1.05512760E+00 -1.45215345E-02
 1.02161624E+00  1.62511646E-03
 1.00786378E+00  1.98727239E-02
 1.02028355E+00  3.89092313E-02
 1.06043244E+00  5.07100206E-02
 1.11309336E+00  4.99767779E-02
 1.15385142E+00  3.55065247E-02
 1.16356578E+00  7.16023921E-03
 1.13332487E+00 -2.97113507E-02
 1.07819205E+00 -6.22365057E-02
 1.03320761E+00 -7.50716715E-02
 1.01973647E+00 -5.92933804E-02
 1.04259680E+00 -1.94454019E-02
 1.09083754E+00  1.60604361E-02
 1.13264466E+00  1.39629615E-02
 1.14774786E+00 -8.25113998E-03
 1.12926436E+00 -1.10325182E-02
 1.06471952E+00 -1.43024967E-02
 9.64318783E-01 -4.91410890E-02
 8.85850103E-01 -7.85412274E-02
 8.85506925E-01 -6.02693321E-02
 9.26725080E-01 -2.03959436E-02
 9.34899591E-01  5.76477873E-04
 9.39867457E-01  6.10404404E-03
 1.00148001E+00  6.87195586E-03
 1.08395571E+00 -4.60784557E-05
 1.13896533E+00 -6.00208014E-03
 1.16914245E+00 -3.18220123E-03
 1.17340284E+00  3.73011265E-03
 1.15063686E+00  1.11433654E-02
 1.12404919E+00  1.47883754E-02
 1.11212228E+00  1.21897479E-02
 1.11932668E+00  6.70715288E-03
 1.13697967E+00  1.88323934E-05
 1.14223659E+00 -6.54171987E-03
 1.12576552E+00 -1.13210116E-02
 1.09357972E+00 -1.52052335E-02
 1.05554948E+00 -1.80634143E-02
 1.03127570E+00 -1.89486894E-02
 1.03115366E+00 -1.78776720E-02
 1.05042529E+00 -1.47295513E-02
 1.08301314E+00 -1.06922176E-02
 1.11667022E+00 -8.22642659E-03
 1.14125884E+00 -8.82828639E-03
 1.15492990E+00 -1.28654245E-02
 1.15422996E+00 -1.86196543E-02
 1.13770570E+00 -2.25940557E-02
 1.10542015E+00 -2.31338355E-02
 1.05737608E+00 -2.12462108E-02
 1.00344558E+00 -2.11946684E-02
 9.59783599E-01 -2.92444955E-02
 9.39480089E-01 -4.62521086E-02
 9.50947690E-01 -6.48676649E-02
 9.88563792E-01 -6.77496292E-02
 1.03394458E+00 -4.09866826E-02
 1.07406800E+00 -1.17680963E-02
 1.10145183E+00 -2.00163603E-02
 1.11352385E+00 -3.96265334E-02
 1.11681289E+00 -2.30651163E-02
 1.11255359E+00  6.24584845E-03
 1.09843077E+00  9.07614627E-03
 1.08227898E+00  1.33752067E-03
 1.07414116E+00  2.30710249E-03
 1.08215060E+00 -8.39878967E-05
 1.11101460E+00 -1.20092275E-02
 1.14575578E+00 -2.39587238E-02
 1.15880807E+00 -3.02426131E-02
 1.13708620E+00 -3.02757978E-02
 1.08563159E+00 -2.32975760E-02
 1.03664168E+00 -1.21947961E-02
 1.03118178E+00 -3.56566771E-03
 1.04383910E+00 -3.18681273E-04
 1.02139416E+00  4.24043204E-04
 9.98003143E-01  8.96869064E-03
 1.02806661E+00  3.16485981E-02
 1.07347586E+00  3.81448531E-02
 1.08232708E+00 -7.86886537E-03
 1.07477162E+00 -6.84228802E-02
 1.07704259E+00 -7.82507477E-02
 1.07101550E+00 -4.86304139E-02
 1.04419279E+00 -1.96197773E-02
 1.01628206E+00  1.94617998E-03
 1.00767613E+00  7.16409362E-03
 1.02638976E+00  3.51267111E-03
 1.07580307E+00  2.20148852E-02
 1.14190435E+00  4.27398744E-02
 1.19369278E+00  2.54393943E-02
 1.21124737E+00 -5.11429687E-03
 1.18919666E+00 -1.08530542E-02
 1.13739228E+00 -8.00365297E-03
 1.08374776E+00 -1.81727113E-02
 1.04565799E+00 -2.72661057E-02
 1.02676013E+00 -2.22917614E-02
 1.02831695E+00 -1.02448846E-02
 1.04151068E+00  3.72410894E-03
 1.06351396E+00  1.91958587E-02
 1.09943516E+00  3.11952210E-02
 1.14192362E+00  3.55769032E-02
 1.17940107E+00  3.16613517E-02
 1.20065829E+00  1.77589588E-02
 1.19288522E+00 -6.24053687E-03
 1.15880158E+00 -3.49934972E-02
 1.11394405E+00 -6.04733864E-02
 1.06844894E+00 -7.53256948E-02
 1.03059700E+00 -7.43353466E-02
 1.00564010E+00 -5.90065796E-02
 9.91253103E-01 -3.67961116E-02
 9.91107249E-01 -1.27400866E-02
 1.01177701E+00  1.00110683E-02
 1.04964745E+00  2.85532070E-02
 1.09711054E+00  4.26610895E-02
 1.14480265E+00  4.96331129E-02
 1.18039972E+00  4.53219198E-02
 1.19910574E+00  3.15246180E-02
 1.20290018E+00  1.30409637E-02
 1.19087133E+00 -5.26066858E-03
 1.16408195E+00 -1.77144376E-02
 1.12970356E+00 -2.28479966E-02
 1.09626058E+00 -2.32600863E-02
 1.07380931E+00 -1.92551074E-02
 1.07068118E+00 -1.09657156E-02
 1.08264374E+00 -9.65713037E-04
 1.09674932E+00  8.33847854E-03
 1.10499124E+00  1.34475305E-02
 1.10392345E+00  1.09114492E-02
 1.09699872E+00  3.18162678E-03
 1.09601350E+00 -3.59611832E-03
 1.10528717E+00 -5.61149663E-03
 1.12196240E+00 -1.05854744E-03
 1.14420001E+00  7.86306218E-03
 1.16628833E+00  1.45919760E-02
 1.18459997E+00  1.60788873E-02
 1.19922116E+00  1.26763288E-02
 1.20377050E+00  5.13589940E-03
 1.19021660E+00 -3.24632546E-03
 1.15562666E+00 -1.06392892E-02
 1.10227326E+00 -1.73753118E-02
 1.04585596E+00 -2.12403055E-02
 1.01157881E+00 -1.95184473E-02
 1.01484743E+00 -1.01480662E-02
 1.05656667E+00  8.81454322E-03
 1.11617661E+00  3.54252149E-02
 1.15574883E+00  6.44979479E-02
 1.15546848E+00  9.17418668E-02
 1.12320325E+00  1.13313156E-01
 1.09899183E+00  1.26631263E-01
 1.13171461E+00  1.30988122E-01
 1.18376387E+00  1.23341393E-01
 1.17056572E+00  9.85867388E-02
 1.09559983E+00  5.17489689E-02
 9.97698047E-01 -2.01263160E-02
 8.81681675E-01 -1.09870066E-01
 7.78471650E-01 -1.94923733E-01
 7.41978799E-01 -2.33604245E-01
 7.91923499E-01 -1.91360409E-01
 8.83243523E-01 -1.05950675E-01
 9.48538866E-01 -5.22199922E-02
 1.00889329E+00 -3.52232670E-02
 1.11205485E+00 -2.73881194E-02
 1.17899823E+00 -3.09456695E-02
 1.12178267E+00 -3.56245334E-02
 1.03008112E+00 -2.88583525E-02
 1.02783358E+00 -1.86355639E-02
 1.06011743E+00  4.90338630E-03
 1.03462917E+00  5.59637754E-02
 1.01642264E+00  1.18742582E-01
 1.08083780E+00  1.65145008E-01
 1.16195421E+00  1.66731491E-01
 1.18573424E+00  1.05933546E-01
 1.18397031E+00  2.55441765E-02
 1.19669590E+00 -8.33984689E-03
 1.19297191E+00 -2.57098100E-02
 1.14399211E+00 -8.95173765E-02
 1.07329014E+00 -1.51012882E-01
 1.00858544E+00 -1.40741827E-01
 9.62460146E-01 -9.37573274E-02
 9.50811301E-01 -5.95639290E-02
 9.74954438E-01 -2.16451302E-02
 1.01621040E+00  3.24738427E-02
 1.06437377E+00  7.07849699E-02
 1.11284536E+00  6.93417857E-02
 1.14708629E+00  4.15922828E-02
 1.15733506E+00  8.99767872E-03
 1.13711258E+00 -2.05182615E-02
 1.08981536E+00 -4.06592548E-02
 1.05567318E+00 -4.91168030E-02
 1.07593329E+00 -5.46664275E-02
 1.10883637E+00 -5.78360703E-02
 1.08696012E+00 -5.22491987E-02
 1.05496967E+00 -3.98292706E-02
 1.08536590E+00 -2.35141921E-02
 1.12415990E+00 -7.90316431E-03
 1.09646328E+00 -1.21792852E-03
 1.04293396E+00 -1.92261466E-03
 1.02257247E+00 -1.85488294E-03
 1.02203541E+00  2.12268267E-03
 1.02516468E+00  1.13345899E-02
 1.04238610E+00  2.35836943E-02
 1.06793836E+00  3.09303800E-02
 1.09149239E+00  2.97603721E-02
 1.11436628E+00  1.97960175E-02
 1.13264748E+00 -1.96461825E-03
 1.13958257E+00 -3.58428318E-02
 1.13050091E+00 -7.75817504E-02
 1.10154139E+00 -1.16616818E-01
 1.05981585E+00 -1.26587956E-01
 1.02092020E+00 -8.64675274E-02
 9.96223133E-01 -3.02408120E-02
 9.92804945E-01 -1.29366760E-02
 1.00902468E+00 -2.24443162E-02
 1.03344158E+00 -1.70687201E-02
 1.06022161E+00  3.50040517E-03
 1.08892662E+00  3.22524201E-02
 1.11934048E+00  5.75900444E-02
 1.15488750E+00  4.96081320E-02
 1.19246313E+00  1.94667714E-02
 1.22094915E+00  3.63385558E-03
 1.23047750E+00 -6.64301323E-03
 1.21104644E+00 -2.98881511E-02
 1.15824677E+00 -5.10436930E-02
 1.07950723E+00 -5.71092741E-02
 9.92520972E-01 -5.33022220E-02
 9.22672930E-01 -4.23714026E-02
 8.91060220E-01 -2.30891408E-02
 9.06508543E-01  1.46346752E-03
 9.59774800E-01  2.62906752E-02
 1.02538852E+00  4.71908670E-02
 1.08459529E+00  5.93944312E-02
 1.12887846E+00  5.95841648E-02
 1.15743437E+00  5.03575411E-02
 1.18120556E+00  3.82227950E-02
 1.20137269E+00  2.78476159E-02
 1.20916006E+00  2.11766464E-02
 1.20314233E+00  1.47060264E-02
 1.18200686E+00  2.65608275E-04
 1.14986447E+00 -2.44666845E-02
 1.11974186E+00 -5.49710289E-02
 1.09706090E+00 -8.15127643E-02
 1.08240315E+00 -8.90534551E-02
 1.07780827E+00 -6.95619550E-02
 1.07954776E+00 -2.60790436E-02
 1.07906817E+00  2.88391019E-02
 1.06691605E+00  7.22062543E-02
 1.03350967E+00  8.35739073E-02
 9.74707101E-01  4.90179201E-02
 9.00416018E-01 -4.18004342E-02
 8.30356856E-01 -1.69693763E-01
 7.78827621E-01 -2.48886159E-01
 7.53021590E-01 -1.93009509E-01
 7.50538396E-01 -6.60089626E-02
 7.58514357E-01  1.46582079E-03
 7.73186278E-01  3.26311568E-02
 8.00943061E-01  1.01165185E-01
 8.50166126E-01  1.70305300E-01
 9.32994273E-01  2.06369442E-01
 1.04771386E+00  2.29203502E-01
 1.17143896E+00  2.34958380E-01
 1.26577768E+00  2.06644734E-01
 1.28364268E+00  1.44367712E-01
 1.20274909E+00  6.21551470E-02
 1.04631382E+00 -1.52260276E-02
 8.97218548E-01 -6.13770530E-02
 8.51389059E-01 -6.11010510E-02
 8.72838516E-01 -3.78698381E-02
 8.61604738E-01 -3.15044195E-02
 8.67577366E-01 -2.01977784E-02
 9.65550421E-01  3.73366035E-02
 1.05095406E+00  1.00698915E-01
 1.00727863E+00  1.09150089E-01
 9.00733277E-01  6.95051294E-02
 8.39449658E-01  1.51009967E-02
 8.14173761E-01 -6.52833422E-03
 7.96468836E-01  5.75591779E-02
 7.99814241E-01  1.50081138E-01
 8.09759102E-01  1.54195834E-01
 8.14151490E-01  8.54105122E-02
 8.31931223E-01  2.17163998E-02
 8.67916329E-01 -1.80021933E-02
 9.19712360E-01 -1.43823155E-02
 9.83565033E-01  1.21695799E-02
 1.04236852E+00 -7.80808034E-03
 1.08540494E+00 -3.88286694E-02
 1.10855962E+00 -3.25595717E-03
 1.10437940E+00  4.93953119E-02
 1.07250736E+00  4.75602839E-02
 1.02169297E+00  2.83159289E-02
 9.64747761E-01  3.97376284E-02
 9.16855609E-01  6.10496422E-02
 8.91923941E-01  6.87639941E-02
 8.96318687E-01  6.37362188E-02
 9.28919128E-01  4.49597132E-02
 9.88616535E-01  4.31013759E-02
 1.07006048E+00  9.77528208E-02
 1.15582403E+00  1.50611909E-01
 1.22324329E+00  1.12966346E-01
 1.25152945E+00  3.19253829E-02
 1.22808344E+00  1.55872780E-03
 1.16573224E+00  7.45715258E-03
 1.09712472E+00  1.09056814E-02
 1.04569612E+00  1.28541239E-02
 1.02375709E+00 -9.27562617E-04
 1.02840895E+00 -1.80534874E-02
 1.03813455E+00  3.69356585E-03
 1.04555121E+00  3.69825423E-02
 1.05697090E+00  2.92410867E-02
 1.07457178E+00  4.40279375E-03
 1.10559166E+00  2.92245123E-03
 1.14758357E+00  1.32813157E-02
 1.18421448E+00  2.07125544E-02
 1.20683503E+00  2.97065160E-02
 1.20951151E+00  3.40890589E-02
 1.18774980E+00  2.58961525E-02
 1.14784587E+00  9.31673571E-03
 1.10122768E+00 -7.09719857E-03
 1.06190916E+00 -1.24094394E-02
 1.04411347E+00 -1.93662657E-04
 1.05458646E+00  2.68634694E-02
 1.08655409E+00  5.83150448E-02
 1.12283535E+00  7.69877915E-02
 1.15028917E+00  7.15317673E-02
 1.16146365E+00  4.16553546E-02
 1.15400566E+00 -1.97648151E-03
 1.13413023E+00 -3.82458951E-02
 1.10407920E+00 -5.33859208E-02
 1.06442063E+00 -4.55930245E-02
 1.02843931E+00 -2.18572254E-02
 1.01330337E+00  3.38468413E-05
 1.03175904E+00  9.57075623E-03
 1.08882774E+00  7.10460944E-03
 1.16350418E+00 -5.19482730E-03
 1.21584285E+00 -1.87549385E-02
 1.22019004E+00 -2.90710813E-02
 1.16938398E+00 -3.83010865E-02
 1.08285130E+00 -4.24064024E-02
 1.00701797E+00 -3.65117919E-02
 9.70460631E-01 -1.73961215E-02
 9.78709199E-01  1.76656336E-02
 1.02397889E+00  5.91737630E-02
 1.07653489E+00  8.90630371E-02
 1.12000257E+00  9.56326957E-02
 1.15611553E+00  7.42470354E-02
 1.17913514E+00  3.32093761E-02
 1.18860780E+00 -6.21669715E-03
 1.18083040E+00 -3.06401066E-02
 1.14559868E+00 -3.62155429E-02
 1.09593940E+00 -2.54009255E-02
 1.05793828E+00 -1.09588070E-02
 1.04912482E+00  7.78490394E-04
 1.08010988E+00  1.14318324E-02
 1.13646614E+00  1.88083938E-02
 1.18100326E+00  2.28688837E-02
 1.19238892E+00  2.15605803E-02
 1.16579337E+00  9.35733489E-03
 1.11087455E+00 -9.04688041E-03
 1.05802699E+00 -2.32118749E-02
 1.02415285E+00 -2.63802651E-02
 1.00973684E+00 -1.41037558E-02
 1.01733903E+00  8.39320128E-03
 1.04062673E+00  2.68108815E-02
 1.07709082E+00  3.35483409E-02
 1.13080261E+00  2.75223363E-02
 1.18769638E+00  1.25063692E-02
 1.22565126E+00 -2.16773902E-04
 1.22883454E+00 -5.06421415E-03
 1.18731140E+00 -3.75789310E-03
 1.11638105E+00  1.73942854E-03
 1.05237552E+00  5.83541864E-03
 1.01863155E+00  5.87097311E-03
 1.02415739E+00  4.68082306E-03
 1.06022316E+00  3.18712447E-03
 1.09655795E+00  2.63344006E-03
 1.11758783E+00  3.64937966E-03
 1.12469749E+00  3.87087675E-03
 1.12128158E+00  2.69288877E-03
 1.12176973E+00  5.96779890E-04
 1.13078390E+00 -2.43995814E-03
 1.13893600E+00 -5.29513877E-03
 1.14537134E+00 -7.29080232E-03
 1.14953674E+00 -8.52575847E-03
 1.15129348E+00 -8.45327610E-03
 1.15637681E+00 -6.66640447E-03
 1.16051858E+00 -3.18128913E-03
 1.15313999E+00  2.00574295E-03
 1.13042030E+00  8.54909249E-03
 1.09250855E+00  1.57444103E-02
 1.04902055E+00  2.28208188E-02
 1.01910575E+00  2.88627367E-02
 1.01440516E+00  3.28099067E-02
 1.03737051E+00  3.37494653E-02
 1.08167720E+00  3.12399798E-02
 1.12997044E+00  2.53307966E-02
 1.16976404E+00  1.64324323E-02
 1.19603169E+00  5.49302257E-03
 1.20558322E+00 -5.87549187E-03
 1.20146142E+00 -1.56370011E-02
 1.18377959E+00 -2.16090316E-02
 1.14934124E+00 -2.19078639E-02
 1.10377846E+00 -1.57880282E-02
 1.05664015E+00 -3.72197513E-03
 1.01832676E+00  1.32148132E-02
 1.00066105E+00  3.28920160E-02
 1.00591308E+00  5.16255187E-02
 1.02788643E+00  6.50813618E-02
 1.06276910E+00  6.93959725E-02
 1.10557237E+00  6.24908157E-02
 1.14857445E+00  4.65858207E-02
 1.18546396E+00  2.73473154E-02
 1.20696732E+00  9.53288304E-03
 1.20437549E+00 -3.54521228E-03
 1.18076076E+00 -1.09525259E-02
 1.14683277E+00 -1.47929564E-02
 1.11208203E+00 -1.53136348E-02
 1.08567825E+00 -1.15037212E-02
 1.07182166E+00 -4.54677774E-03
 1.06806366E+00  4.09235845E-03
 1.07588362E+00  1.18332546E-02
 1.09691035E+00  1.50120859E-02
 1.12363884E+00  1.34051030E-02
 1.14553361E+00  9.16763448E-03
 1.15265131E+00  3.54364520E-03
 1.13772980E+00 -1.89415739E-03
 1.10842938E+00 -5.81176601E-03
 1.08353218E+00 -8.04462571E-03
 1.07438546E+00 -7.16038338E-03
 1.08490905E+00 -1.56438807E-03
 1.10975183E+00  7.50916806E-03
 1.13223006E+00  1.74265562E-02
 1.14446372E+00  2.56803161E-02
 1.14827652E+00  2.97112279E-02
 1.14603882E+00  2.88145376E-02
 1.14561245E+00  2.42208094E-02
 1.14930872E+00  1.62759368E-02
 1.15059556E+00  5.42806319E-03
 1.14530350E+00 -6.07635684E-03
 1.12879312E+00 -1.56007453E-02
 1.09945087E+00 -2.02812111E-02
 1.06380061E+00 -1.76553058E-02
 1.03129722E+00 -8.69490767E-03
 1.01350896E+00  3.00329755E-03
 1.01947429E+00  1.46348537E-02
 1.05026260E+00  2.38029101E-02
 1.09767754E+00  2.88740788E-02
 1.14573211E+00  2.99184783E-02
 1.18126193E+00  2.60484712E-02
 1.19708905E+00  1.63447359E-02
 1.19196666E+00  3.07361249E-03
 1.17242498E+00 -9.96400276E-03
 1.14189546E+00 -1.89727445E-02
 1.10111553E+00 -2.04079564E-02
 1.05699387E+00 -1.40532375E-02
 1.01771819E+00 -2.77261053E-03
 9.93347421E-01  1.15004486E-02
 9.95016240E-01  2.67623372E-02
 1.02251678E+00  3.97397512E-02
 1.06675565E+00  4.76184031E-02
 1.11962673E+00  4.70123840E-02
 1.17099375E+00  3.52114287E-02
 1.21028022E+00  1.46888906E-02
 1.23038948E+00 -8.50901999E-03
 1.22235902E+00 -2.89802720E-02
 1.18072883E+00 -4.18434817E-02
 1.11578906E+00 -4.47141258E-02
 1.04761257E+00 -3.86235199E-02
 9.94439795E-01 -2.34311624E-02
 9.70827734E-01  5.09356476E-04
 9.78197764E-01  2.81454254E-02
 1.00458863E+00  5.25471205E-02
 1.04421895E+00  6.67798438E-02
 1.09432751E+00  6.51821724E-02
 1.14636267E+00  4.94095268E-02
 1.19328929E+00  2.71174742E-02
 1.22345449E+00  3.86390312E-03
 1.22294486E+00 -1.61318064E-02
 1.19424520E+00 -2.98875448E-02
 1.15061205E+00 -3.78557419E-02
 1.10323266E+00 -3.79924765E-02
 1.06455644E+00 -2.73771982E-02
 1.04233262E+00 -9.46657036E-03
 1.03629049E+00  9.44391369E-03
 1.05058525E+00  2.34033496E-02
 1.08763897E+00  2.69469673E-02
 1.13466904E+00  2.14865328E-02
 1.17245027E+00  1.42297481E-02
 1.18444419E+00  8.80939015E-03
 1.16029532E+00  6.47887592E-03
 1.11182388E+00  7.27662565E-03
 1.06856161E+00  7.76677965E-03
 1.04879809E+00  7.59696390E-03
 1.05907976E+00  9.05261868E-03
 1.09406564E+00  1.06983497E-02
 1.13185601E+00  1.03097565E-02
 1.16137922E+00  5.74388075E-03
 1.18294320E+00 -5.98615783E-03
 1.19139829E+00 -2.38537673E-02
 1.18596390E+00 -4.30683112E-02
 1.16323169E+00 -5.87929920E-02
 1.11566698E+00 -6.40193966E-02
 1.05299645E+00 -4.84168696E-02
 9.95704226E-01 -2.96729193E-03
 9.61615496E-01  7.44840128E-02
 9.68894413E-01  1.73381105E-01
 1.02590244E+00  2.60559783E-01
 1.11039841E+00  2.90824212E-01
 1.14758603E+00  2.40035945E-01
 1.06723076E+00  1.19423441E-01
 9.43741582E-01 -5.09060451E-03
 9.16838384E-01 -4.24733202E-02
 9.70369946E-01  1.20383199E-02
 1.01668180E+00  9.15249641E-02
 1.03180433E+00  1.35619211E-01
 9.90819118E-01  8.70286163E-02
 9.31131822E-01 -2.49876052E-02
 9.55538081E-01 -9.38425475E-02
 1.03193086E+00 -1.07724597E-01
 1.05596916E+00 -1.04410283E-01
 1.01967800E+00 -8.12970644E-02
 9.38873887E-01 -5.86892548E-02
 8.44670125E-01 -4.57588501E-02
 8.18051815E-01 -1.57164663E-02
 8.68737400E-01  2.07701131E-02
 9.46227818E-01  4.15512507E-02
 1.04274301E+00  6.04365917E-02
 1.14066727E+00  8.32539216E-02
 1.18849547E+00  7.29856478E-02
 1.16280441E+00  9.59659133E-03
 1.08800205E+00 -1.46358575E-02
 1.00953801E+00  9.56147906E-02
 9.47907319E-01  2.00821674E-01
 9.05127457E-01  1.04215191E-01
 8.83564963E-01 -6.28056935E-02
 8.70687847E-01 -7.29246625E-02
 8.64811862E-01 -1.61445656E-02
 8.80148316E-01 -4.49231494E-02
 9.13571370E-01 -8.04467294E-02
 9.55894162E-01 -4.20238661E-02
 9.97350461E-01  2.01988360E-02
 1.02130477E+00  7.61012689E-02
 1.02700240E+00  1.37817060E-01
 1.02723279E+00  1.91065915E-01
 1.02806230E+00  2.12509923E-01
 1.03624011E+00  1.98683587E-01
 1.05983476E+00  1.69835747E-01
 1.09899148E+00  1.49297773E-01
 1.15049091E+00  1.15253696E-01
 1.19914670E+00  3.01600173E-02
 1.19739987E+00 -8.25883363E-02
 1.10883349E+00 -1.72483944E-01
 1.00206846E+00 -2.13802242E-01
 9.77293842E-01 -1.89318572E-01
 9.82594997E-01 -1.21024738E-01
 9.20074883E-01 -6.65029049E-02
 8.61046705E-01 -2.97358363E-02
 9.03964480E-01  1.60032356E-02
 9.83291328E-01  6.29719072E-02
 1.01815873E+00  1.07988207E-01
 1.06407778E+00  1.61892664E-01
 1.17527649E+00  2.11368267E-01
 1.26529314E+00  2.13803001E-01
 1.23121460E+00  1.30778686E-01
 1.09968468E+00 -7.83738243E-03
 9.51812888E-01 -1.26379556E-01
 8.62178819E-01 -1.79958408E-01
 9.03575933E-01 -1.50338227E-01
 1.00808916E+00 -7.39878633E-02
 1.02113061E+00 -3.44220120E-02
 9.81449192E-01 -3.13369739E-02
 1.00722324E+00 -1.46237809E-02
 1.05755119E+00 -3.89179830E-04
 1.07468374E+00 -4.95533129E-04
 1.07234708E+00  2.57065472E-02
 1.04616978E+00  9.34908307E-02
 1.02575287E+00  1.46125736E-01
 1.07509981E+00  1.18534949E-01
 1.16052476E+00  4.39775131E-02
 1.20226589E+00 -8.16521781E-04
 1.20429990E+00 -1.32292426E-02
 1.19279511E+00 -1.24169399E-02
 1.15967898E+00 -1.57014405E-03
 1.11566769E+00 -5.55993808E-03
 1.07826712E+00 -2.03060975E-02
 1.04607568E+00 -1.17956936E-02
 1.02314840E+00  8.82718159E-03
 1.01630737E+00  1.68020438E-02
 1.02981722E+00  2.08419009E-02
 1.06844726E+00  2.74712298E-02
 1.12202129E+00  2.67114410E-02
 1.16931783E+00  1.44525315E-02
 1.19458025E+00 -5.04563578E-03
 1.18767381E+00 -2.71715666E-02
 1.15317585E+00 -4.71718267E-02
 1.11100833E+00 -5.83847858E-02
 1.07369403E+00 -5.46850584E-02
 1.04698645E+00 -3.43988624E-02
 1.03510764E+00 -3.58646092E-03
 1.03436738E+00  2.60959601E-02
 1.04652956E+00  4.54097634E-02
 1.07750020E+00  4.95181991E-02
 1.12007743E+00  4.04474160E-02
 1.16155398E+00  2.73789333E-02
 1.19013553E+00  1.51750327E-02
 1.19407888E+00  4.30699519E-03
 1.17554246E+00 -4.24877819E-03
 1.14868256E+00 -1.22541563E-02
 1.12143337E+00 -1.81809722E-02
 1.09858701E+00 -1.67327184E-02
 1.08379013E+00 -7.59402931E-03
 1.07456658E+00  7.32867795E-03
 1.07379174E+00  2.58157761E-02
 1.08771381E+00  4.30916968E-02
 1.11261415E+00  5.62326080E-02
 1.14070240E+00  6.43974915E-02
 1.16436610E+00  6.51391296E-02
 1.17473946E+00  5.69948119E-02
 1.17104782E+00  4.16906119E-02
 1.15979722E+00  2.23517717E-02
 1.14334572E+00  2.88846006E-03
 1.12309524E+00 -1.25838251E-02
 1.10252636E+00 -2.25498777E-02
 1.08332696E+00 -2.77097400E-02
 1.07000264E+00 -2.75377963E-02
 1.06843296E+00 -2.15408445E-02
 1.07690288E+00 -1.10388216E-02
 1.08947149E+00  2.14360608E-03
 1.10178456E+00  1.47465032E-02
 1.10979944E+00  2.25303337E-02
 1.11346401E+00  2.37029397E-02
 1.11705660E+00  1.84904939E-02
 1.12075461E+00  7.53802999E-03
 1.12196838E+00 -6.30498398E-03
 1.11913131E+00 -1.71061001E-02
 1.10967801E+00 -1.79363972E-02
 1.09438431E+00 -3.40260771E-03
 1.07882231E+00  2.74374576E-02
 1.06944161E+00  6.58668940E-02
 1.07347358E+00  9.62087756E-02
 1.09536029E+00  1.07225020E-01
 1.13252916E+00  9.45481923E-02
 1.17361828E+00  6.39095610E-02
 1.20103995E+00  3.05960581E-02
 1.20184792E+00  1.98715126E-03
 1.17247391E+00 -2.47810989E-02
 1.12290524E+00 -5.96462715E-02
 1.07543529E+00 -1.09882329E-01
 1.04565640E+00 -1.39063768E-01
 1.03946794E+00 -9.99289375E-02
 1.05531143E+00 -3.03324871E-02
 1.08052796E+00 -6.60144962E-04
 1.10790314E+00 -7.77159725E-04
 1.13618912E+00  2.68489446E-03
 1.15701365E+00 -2.05761613E-03
 1.16266405E+00 -1.70851825E-02
 1.14616922E+00 -2.04181558E-02
 1.10247891E+00 -6.60299919E-03
 1.04651117E+00  7.60031702E-03
 1.00624491E+00  9.82564763E-03
 1.00091213E+00  3.21341658E-02
 1.03917220E+00  1.08311291E-01
 1.10846375E+00  1.73011458E-01
 1.17545164E+00  1.39156395E-01
 1.21903090E+00  6.09292104E-02
 1.23192644E+00  3.32032202E-02
 1.21465314E+00  1.30988950E-02
 1.18298817E+00 -6.21385393E-02
 1.14408251E+00 -1.26016253E-01
 1.09560815E+00 -1.06346492E-01
 1.04697934E+00 -4.48102406E-02
 1.00881423E+00 -1.40741298E-03
 9.92666187E-01  2.73361867E-02
 1.01214693E+00  4.89859126E-02
 1.06048081E+00  5.33782747E-02
 1.11606070E+00  4.96531409E-02
 1.16353517E+00  4.49969450E-02
 1.19079165E+00  3.25901747E-02
 1.19532179E+00  1.50802901E-02
 1.18797387E+00 -1.65211404E-03
 1.17174257E+00 -1.12995629E-02
 1.14554511E+00 -4.48619702E-03
 1.11785635E+00  1.42749902E-02
 1.09731526E+00  3.04282456E-02
 1.09343820E+00  3.60236986E-02
 1.11492204E+00  2.68674684E-02
 1.15050650E+00  6.55640493E-03
 1.17589630E+00 -1.14374301E-02
 1.17614314E+00 -2.13224712E-02
 1.14576102E+00 -2.44608032E-02
 1.09641117E+00 -2.22466987E-02
 1.05717966E+00 -2.07372346E-02
 1.04363307E+00 -2.19613157E-02
 1.05592631E+00 -2.17532654E-02
 1.08606873E+00 -1.89766938E-02
 1.11237260E+00 -1.24524521E-02
 1.12357951E+00 -1.58047651E-03
 1.12357858E+00  1.06808951E-02
 1.11667917E+00  2.30456507E-02
 1.11380938E+00  3.51968618E-02
 1.12076557E+00  4.55094627E-02
 1.13270487E+00  5.29075188E-02
 1.14836981E+00  5.55467441E-02
 1.16547345E+00  5.07849907E-02
 1.18114632E+00  3.77826037E-02
 1.19554393E+00  1.76868207E-02
 1.20129798E+00 -5.63254783E-03
 1.18722803E+00 -2.58002678E-02
 1.14848188E+00 -3.74859455E-02
 1.08717991E+00 -3.75867697E-02
 1.02055114E+00 -2.63016140E-02
 9.77675833E-01 -7.58081677E-03
 9.77631016E-01  1.49745749E-02
 1.02460999E+00  3.79965202E-02
 1.10223643E+00  5.64522307E-02
 1.17421511E+00  6.58643162E-02
 1.21560297E+00  6.21374077E-02
 1.21817443E+00  4.33753443E-02
 1.18707063E+00  1.60028318E-02
 1.14587941E+00 -8.09893644E-03
 1.10796655E+00 -1.99017175E-02
 1.07384961E+00 -1.48725890E-02
 1.04936870E+00  2.17730547E-03
 1.03567164E+00  1.77975147E-02
 1.03821340E+00  2.43238588E-02
 1.06800241E+00  2.06581165E-02
 1.11649222E+00  9.89495938E-03
 1.16402523E+00  1.77687774E-03
 1.19604201E+00  3.27194899E-04
 1.20070708E+00  2.45846923E-03
 1.18315026E+00  6.04137271E-03
 1.16464520E+00  6.48765776E-03
 1.15483122E+00  1.89318072E-03
 1.15364990E+00 -4.22852414E-03
 1.15617028E+00 -1.03180291E-02
 1.14720169E+00 -1.49049237E-02
 1.12225158E+00 -1.64406286E-02
 1.08985062E+00 -1.60336089E-02
 1.05772251E+00 -1.40947379E-02
 1.03806752E+00 -1.05265934E-02
 1.03863313E+00 -6.01376810E-03
 1.05653050E+00 -7.09605058E-04
 1.08759993E+00  4.83552101E-03
 1.12407030E+00  9.43698920E-03
 1.15764858E+00  1.21266242E-02
 1.18407994E+00  1.19994776E-02
 1.19848510E+00  8.77566633E-03
 1.19723364E+00  3.06477543E-03
 1.17814510E+00 -4.13897142E-03
 1.14086845E+00 -1.11463896E-02
 1.09402292E+00 -1.53567426E-02
 1.05229822E+00 -1.40581602E-02
 1.02833877E+00 -5.49905853E-03
 1.03066568E+00  9.95152191E-03
 1.05619343E+00  2.79059946E-02
 1.09099937E+00  4.11577567E-02
 1.12557969E+00  4.43449734E-02
 1.15445567E+00  3.53953070E-02
 1.17388495E+00  1.74986071E-02
 1.18596812E+00 -1.14857843E-03
 1.18833021E+00 -1.48485596E-02
 1.17581585E+00 -2.11539093E-02
 1.15329436E+00 -1.95449586E-02
 1.12983893E+00 -1.32394317E-02
 1.11402405E+00 -3.69395230E-03
 1.11436654E+00  9.20754767E-03
 1.12865313E+00  2.14245568E-02
 1.14548285E+00  2.79173874E-02
 1.15834999E+00  2.44909376E-02
 1.16314726E+00  8.39366914E-03
 1.15632342E+00 -1.49023740E-02
 1.13943082E+00 -3.39068380E-02
 1.11181216E+00 -4.08750728E-02
 1.07305690E+00 -3.23382213E-02
 1.03468856E+00 -1.17025637E-02
 1.01353913E+00  1.00256626E-02
 1.02172800E+00  2.62184815E-02
 1.06453426E+00  3.49357115E-02
 1.12921606E+00  3.46930431E-02
 1.18792424E+00  2.79647160E-02
 1.22143668E+00  1.50358818E-02
 1.22095203E+00 -6.10180665E-03
 1.18890583E+00 -3.09223572E-02
 1.14292573E+00 -5.21266161E-02
 1.09337437E+00 -6.33102927E-02
 1.04315330E+00 -5.85817595E-02
 1.00150190E+00 -3.97010598E-02
 9.75197778E-01 -1.51531820E-02
 9.73313539E-01  9.36515100E-03
 1.00648437E+00  2.96487197E-02
 1.06608096E+00  4.24548847E-02
 1.13094328E+00  4.82057147E-02
 1.18407569E+00  4.48983234E-02
 1.21117907E+00  2.96364142E-02
 1.21084162E+00  6.14462270E-03
 1.19603579E+00 -1.88094893E-02
 1.17163640E+00 -3.86624971E-02
 1.13808881E+00 -4.70484987E-02
 1.10150378E+00 -4.40746721E-02
 1.06570652E+00 -3.56078157E-02
 1.03937103E+00 -2.46509424E-02
 1.03476199E+00 -1.30239674E-02
 1.04949174E+00 -3.21691249E-03
 1.07243418E+00  4.43331286E-03
 1.09574962E+00  7.56637231E-03
 1.11171916E+00  3.13970007E-03
 1.11927950E+00 -5.18020377E-03
 1.12551965E+00 -1.04584936E-02
 1.13067598E+00 -7.94768683E-03
 1.13144604E+00  4.78845884E-03
 1.12948104E+00  2.27579617E-02
 1.12586292E+00  3.46324030E-02
 1.12393960E+00  3.42634453E-02
 1.12976961E+00  2.10715132E-02
 1.14190462E+00 -6.85364292E-04
 1.15421378E+00 -2.03285921E-02
 1.16328643E+00 -3.15350228E-02
 1.16576816E+00 -3.38194932E-02
 1.15990227E+00 -2.76328730E-02
 1.14755948E+00 -1.71962228E-02
 1.12877482E+00 -4.79370947E-03
 1.10379616E+00  1.06996672E-02
 1.07878477E+00  2.71350530E-02
 1.06214866E+00  4.17311696E-02
 1.06076837E+00  5.17398283E-02
 1.07900409E+00  5.36152181E-02
 1.11280068E+00  4.89252590E-02
 1.15078246E+00  4.29139035E-02
 1.18412929E+00  3.85511138E-02
 1.20627116E+00  3.70418725E-02
 1.21231286E+00  3.56353382E-02
 1.20285198E+00  2.81004287E-02
 1.17940969E+00  1.39127529E-02
 1.14759383E+00 -4.68937610E-04
 1.12755500E+00 -2.03466808E-03
 1.12979451E+00  1.42346938E-02
 1.10682196E+00  4.41551599E-03
 1.00352009E+00 -8.20053660E-02
 8.76836685E-01 -1.90758790E-01
 8.24962675E-01 -2.26315528E-01
 8.28142483E-01 -1.98232404E-01
 8.30393270E-01 -1.53688495E-01
 8.55106813E-01 -8.71628071E-02
 9.20363455E-01 -9.24387974E-03
 9.94138197E-01  3.93150839E-02
 1.05626779E+00  4.29243155E-02
 1.10791051E+00  1.86745347E-02
 1.14588316E+00 -4.10366482E-03
 1.15909440E+00 -1.37864267E-02
 1.14127803E+00 -1.24251753E-02
 1.10260895E+00 -1.09277037E-03
 1.06145584E+00  9.66108919E-03
 1.03429625E+00  1.67131928E-02
 1.03462317E+00  2.87642210E-02
 1.06041350E+00  4.33769023E-02
 1.09495297E+00  5.45910270E-02
 1.12893789E+00  5.74213884E-02
 1.15780918E+00  4.32593160E-02
 1.17599175E+00  1.49437942E-02
 1.18384502E+00 -1.52502243E-02
 1.17647183E+00 -4.07100671E-02
 1.14624431E+00 -5.68488049E-02
 1.10158242E+00 -6.23899561E-02
 1.05883342E+00 -6.27917367E-02
 1.03078449E+00 -5.89972043E-02
 1.02738202E+00 -4.88538794E-02
 1.04319129E+00 -3.50427816E-02
 1.05902947E+00 -2.04448089E-02
 1.06558061E+00 -8.52135607E-03
 1.06199144E+00 -3.82487624E-03
 1.05231676E+00 -4.04007651E-03
 1.05021854E+00 -2.32347528E-03
 1.06092926E+00  4.72595308E-03
 1.07978608E+00  1.79494047E-02
 1.10481661E+00  3.33904698E-02
 1.13078250E+00  4.18901209E-02
 1.15379015E+00  3.89858460E-02
 1.17451187E+00  2.54158256E-02
 1.18690845E+00  4.52663202E-03
 1.18248868E+00 -1.58861948E-02
 1.15753680E+00 -3.08126348E-02
 1.11241156E+00 -3.97754396E-02
 1.05926498E+00 -4.26469263E-02
 1.01946728E+00 -4.16913701E-02
 1.00698984E+00 -3.82887038E-02
 1.02537610E+00 -3.16576005E-02
 1.06297143E+00 -2.35451594E-02
 1.09369868E+00 -1.63102914E-02
 1.10134656E+00 -1.16148627E-02
 1.08391173E+00 -1.05371798E-02
 1.05201331E+00 -8.92368398E-03
 1.03109812E+00  7.32143212E-04
 1.03538388E+00  2.21103458E-02
 1.06342094E+00  5.39408272E-02
 1.10831683E+00  8.67251668E-02
 1.15220980E+00  1.04095172E-01
 1.18419540E+00  9.59276545E-02
 1.20463788E+00  6.11126097E-02
 1.20958708E+00  8.56804413E-03
 1.19784304E+00 -4.23168578E-02
 1.16855202E+00 -7.78224645E-02
 1.11890249E+00 -9.29824025E-02
 1.06020991E+00 -8.81249870E-02
 1.01249550E+00 -7.22261005E-02
 9.90740953E-01 -5.02879511E-02
 1.00479179E+00 -2.21635010E-02
 1.04871954E+00  6.94366379E-03
 1.10129199E+00  3.18432323E-02
 1.14814958E+00  4.61731719E-02
 1.18146874E+00  4.23382066E-02
 1.19728715E+00  2.46813690E-02
 1.20111639E+00  5.62343018E-03
 1.19260141E+00 -6.18954426E-03
 1.16704850E+00 -4.81673965E-03
 1.13153118E+00  7.43486111E-03
 1.09707955E+00  1.91923369E-02
 1.07492452E+00  2.55864738E-02
 1.07672689E+00  2.70517388E-02
 1.09908512E+00  2.34883047E-02
 1.12669530E+00  1.87545593E-02
 1.15062058E+00  1.32387311E-02
 1.16556919E+00  3.26048728E-03
 1.17045336E+00 -8.77716441E-03
 1.17239249E+00 -1.83698534E-02
 1.17194199E+00 -2.24057626E-02
 1.16495104E+00 -1.74759617E-02
 1.15487793E+00 -6.03599771E-03
 1.14620032E+00  4.43061142E-03
 1.14335309E+00  9.85452227E-03
 1.15151865E+00  8.62096626E-03
 1.16492839E+00  1.54229774E-03
 1.17032469E+00 -6.40239893E-03
 1.16074057E+00 -1.26023928E-02
 1.13459213E+00 -1.67866146E-02
 1.09861246E+00 -1.68662484E-02
 1.06889173E+00 -1.16473983E-02
 1.05490205E+00 -1.48991438E-04
 1.05838461E+00  1.82856582E-02
 1.07788149E+00  3.85007479E-02
 1.10488381E+00  5.18875697E-02
 1.13377326E+00  5.26415480E-02
 1.16327442E+00  3.85480426E-02
 1.18745841E+00  1.49342859E-02
 1.20056471E+00 -6.15361604E-03
 1.19782276E+00 -1.71527959E-02
 1.17567512E+00 -1.62127251E-02
 1.14249692E+00 -6.95117438E-03
 1.11470846E+00  3.52775573E-04
 1.10363835E+00  4.32883844E-04
 1.11424758E+00 -5.40159093E-03
 1.13849390E+00 -1.40883902E-02
 1.15624154E+00 -1.84048735E-02
 1.15651253E+00 -1.48823764E-02
 1.13933599E+00 -5.99794510E-03
 1.11343938E+00  6.31352858E-03
 1.09868811E+00  1.82990651E-02
 1.10519857E+00  2.70471536E-02
 1.12969093E+00  3.26730093E-02
 1.16439824E+00  3.30788509E-02
 1.19290818E+00  2.58715291E-02
 1.20433997E+00  1.06159624E-02
 1.19812283E+00 -1.16330421E-02
 1.17356983E+00 -3.40897061E-02
 1.13503390E+00 -4.60558557E-02
 1.08819968E+00 -4.06585255E-02
 1.03841866E+00 -1.66640988E-02
 1.00301593E+00  1.75869862E-02
 1.00325609E+00  4.53739319E-02
 1.04867376E+00  5.52910149E-02
 1.13090825E+00  4.38351674E-02
 1.20580769E+00  1.62383576E-02
 1.21990516E+00 -1.23936995E-02
 1.19136159E+00 -3.27547697E-02
 1.17161477E+00 -4.31239068E-02
 1.13775890E+00 -4.33898805E-02
 1.05814564E+00 -3.90503925E-02
 9.92732797E-01 -3.16772591E-02
 1.00598380E+00 -1.77947679E-02
 1.06462663E+00 -1.17782815E-04
 1.10952389E+00  1.69319397E-02
 1.14309946E+00  2.88617976E-02
 1.17708527E+00  2.96135411E-02
 1.19674860E+00  2.07882437E-02
 1.20093295E+00  9.94870059E-03
 1.18990454E+00  1.40706787E-03
 1.15290407E+00 -1.91432028E-03
 1.09914284E+00  2.70013423E-04
 1.05050605E+00  3.73855128E-03
 1.02310665E+00  7.60936597E-03
 1.02994066E+00  1.33101618E-02
 1.06494891E+00  1.92050574E-02
 1.10375346E+00  2.37470553E-02
 1.13291911E+00  2.48867287E-02
 1.14748962E+00  1.97254195E-02
 1.14638959E+00  1.01888363E-02
 1.13979405E+00  1.33095282E-03
 1.13022044E+00 -4.03126248E-03
 1.11321861E+00 -4.57495895E-03
 1.09589180E+00 -2.06782500E-03
 1.08750015E+00 -1.80525803E-03
 1.09540432E+00 -6.26857253E-03
 1.12580161E+00 -1.50743346E-02
 1.16646592E+00 -2.70113041E-02
 1.19214296E+00 -3.84487332E-02
 1.18806469E+00 -4.69394823E-02
 1.15042586E+00 -5.18448786E-02
 1.09240146E+00 -5.08989502E-02
 1.04482683E+00 -4.22703107E-02
 1.02595232E+00 -2.56752735E-02
 1.03831874E+00 -2.72520412E-03
 1.07495111E+00  1.88884510E-02
 1.11378661E+00  2.77855330E-02
 1.14158742E+00  1.67264502E-02
 1.15779801E+00 -1.51189486E-02
 1.15919007E+00 -5.76267200E-02
 1.14788089E+00 -9.14570346E-02
 1.12345316E+00 -1.03391657E-01
 1.08071053E+00 -8.94839435E-02
 1.02884662E+00 -5.65682441E-02
 9.84788440E-01 -2.29686726E-02
 9.62285838E-01  4.86855859E-04
 9.73219447E-01  1.31255068E-02
 1.01454901E+00  1.87927866E-02
 1.06879283E+00  2.85573281E-02
 1.12376289E+00  4.40989333E-02
 1.16968723E+00  5.37193750E-02
 1.19587028E+00  4.17955895E-02
 1.19800043E+00 -2.44947089E-03
 1.17001461E+00 -4.96717369E-02
 1.10882341E+00 -5.57507502E-02
 1.03281760E+00 -4.62298799E-02
 9.71765365E-01 -7.15064587E-02
 9.47759703E-01 -1.09396114E-01
 9.70795838E-01 -1.19853274E-01
 1.02123852E+00 -1.11590000E-01
 1.05641176E+00 -9.20916427E-02
 1.05657428E+00 -4.46753236E-02
 1.03147336E+00  3.40800667E-02
 1.02402042E+00  1.25965009E-01
 1.07885268E+00  1.98645542E-01
 1.11787523E+00  1.95882782E-01
 1.02512491E+00  8.04909296E-02
 8.92352266E-01 -5.95794176E-02
 8.78431737E-01 -9.33003780E-02
 9.30382919E-01 -7.03063235E-02
 9.35204018E-01 -1.07032251E-01
 8.96804996E-01 -1.43777339E-01
 8.27398169E-01 -9.85966569E-02
 7.59654819E-01 -5.05356653E-02
 7.79422727E-01 -7.78356293E-02
 8.65013700E-01 -1.20109053E-01
 9.23839136E-01 -9.94963098E-02
 9.55489985E-01 -2.93339759E-02
 9.86619660E-01  5.62987597E-02
 1.02845429E+00  1.39863685E-01
 1.10329743E+00  1.78543040E-01
 1.13294960E+00  1.43527534E-01
 1.00516342E+00  5.38259568E-02
 8.21801198E-01 -3.57314403E-02
 7.66832858E-01 -6.18101257E-02
 8.23522274E-01 -4.57227471E-02
 9.03669447E-01 -5.55233767E-02
 9.87473533E-01 -5.89742492E-02
 1.03153402E+00 -4.54564810E-03
 1.04030190E+00  4.60535834E-02
 1.08472062E+00  2.73802721E-02
 1.11949886E+00 -1.22809120E-02
 1.06131046E+00 -1.15571485E-02
 9.72264153E-01 -1.50534841E-02
 9.39109724E-01 -7.58607938E-02
 9.34561673E-01 -1.26962528E-01
 9.19759293E-01 -9.08039588E-02
 9.27647808E-01 -2.51775314E-02
 9.75247170E-01 -1.61383624E-02
 1.00077599E+00 -3.56748313E-02
 9.58221385E-01 -3.21477210E-02
 9.36384982E-01 -1.94885616E-02
 1.04366045E+00 -9.87303189E-03
 1.18388848E+00 -3.76153948E-03
 1.19940431E+00 -1.87061975E-02
 1.14780180E+00 -3.80099857E-02
 1.14165000E+00 -2.31047950E-02
 1.13623638E+00  1.47143008E-02
 1.08489280E+00  4.71502918E-02
 1.03911419E+00  8.17396923E-02
 1.03218747E+00  1.25842034E-01
 1.04577495E+00  1.62944836E-01
 1.06734147E+00  1.79200449E-01
 1.10119481E+00  1.68874775E-01
 1.14576580E+00  1.28167182E-01
 1.19035615E+00  6.85248799E-02
 1.22603820E+00  1.43927162E-02
 1.24220049E+00 -1.75521021E-02
 1.22840594E+00 -2.10437922E-02
 1.19105056E+00 -5.03610141E-03
 1.14802372E+00  6.27339537E-03
 1.11115187E+00  6.92657058E-04
 1.08692626E+00 -1.87419135E-02
 1.07092574E+00 -3.92944729E-02
 1.04808365E+00 -3.57441936E-02
 1.01799626E+00  2.96613256E-03
 9.96754721E-01  6.71900579E-02
 1.01122669E+00  1.37112706E-01
 1.08385234E+00  1.80649017E-01
 1.17271301E+00  1.78566468E-01
 1.20861252E+00  1.35538992E-01
 1.21352419E+00  7.34092765E-02
 1.23851343E+00  2.19840610E-02
 1.23980010E+00 -2.99943489E-02
 1.16520243E+00 -1.11286762E-01
 1.05922291E+00 -1.80002068E-01
 9.84693818E-01 -1.75595749E-01
 9.52048334E-01 -1.13464322E-01
 9.62940167E-01 -3.64861918E-02
 1.01533509E+00  3.13936145E-02
 1.07810459E+00  6.18957605E-02
 1.12675253E+00  5.85880395E-02
 1.15573094E+00  5.93196763E-02
 1.16712736E+00  5.99206777E-02
 1.17598609E+00  3.82332220E-02
 1.18519498E+00  8.78071847E-03
 1.18402242E+00 -1.33411825E-02
 1.17225379E+00 -2.50824225E-02
 1.15056634E+00 -1.96128054E-02
 1.12380184E+00 -9.11709287E-03
 1.10636282E+00 -1.59132537E-02
 1.10237181E+00 -2.86926897E-02
