# x =
 1.72643654E+01
# y =
 3.25097170E+00
 VARIABLES = u,v
 1.17170219E+00  6.97241593E-03
 1.17171428E+00  6.97531429E-03
 1.17174024E+00  6.92064056E-03
 1.17177778E+00  6.80839359E-03
 1.17182517E+00  6.63880929E-03
 1.17187967E+00  6.41523716E-03
 1.17193773E+00  6.14403367E-03
 1.17199814E+00  5.83313607E-03
 1.17206099E+00  5.49277011E-03
 1.17212589E+00  5.13394529E-03
 1.17219221E+00  4.76806844E-03
 1.17225693E+00  4.40877018E-03
 1.17231502E+00  4.07033087E-03
 1.17236333E+00  3.76546453E-03
 1.17240033E+00  3.50458605E-03
 1.17242567E+00  3.29330166E-03
 1.17244104E+00  3.13264327E-03
 1.17244746E+00  3.02307649E-03
 1.17244530E+00  2.96483555E-03
 1.17243655E+00  2.95854178E-03
 1.17242367E+00  3.00577225E-03
 1.17240940E+00  3.10454693E-03
 1.17239699E+00  3.24972608E-03
 1.17238796E+00  3.43597767E-03
 1.17238258E+00  3.65625855E-03
 1.17238190E+00  3.90312438E-03
 1.17238743E+00  4.16890928E-03
 1.17240173E+00  4.44189138E-03
 1.17242852E+00  4.70836668E-03
 1.17247019E+00  4.95712237E-03
 1.17252781E+00  5.17982726E-03
 1.17260196E+00  5.37369301E-03
 1.17269205E+00  5.54155276E-03
 1.17279743E+00  5.68556765E-03
 1.17291749E+00  5.80695285E-03
 1.17305023E+00  5.90670848E-03
 1.17319277E+00  5.98397752E-03
 1.17334170E+00  6.04049999E-03
 1.17349291E+00  6.08008644E-03
 1.17364255E+00  6.10376422E-03
 1.17378702E+00  6.11193861E-03
 1.17392194E+00  6.10520607E-03
 1.17404247E+00  6.08435361E-03
 1.17414335E+00  6.05529312E-03
 1.17421897E+00  6.02751457E-03
 1.17426463E+00  6.00751079E-03
 1.17427686E+00  5.99914872E-03
 1.17425331E+00  6.00278812E-03
 1.17419304E+00  6.01415766E-03
 1.17409572E+00  6.03051068E-03
 1.17396142E+00  6.05037917E-03
 1.17379101E+00  6.07003098E-03
 1.17358595E+00  6.08569843E-03
 1.17334906E+00  6.09200752E-03
 1.17308456E+00  6.08176674E-03
 1.17279738E+00  6.05061699E-03
 1.17249331E+00  5.99606034E-03
 1.17217881E+00  5.91543750E-03
 1.17186074E+00  5.80723249E-03
 1.17154685E+00  5.66977706E-03
 1.17124520E+00  5.50214306E-03
 1.17096297E+00  5.30910868E-03
 1.17070596E+00  5.10198089E-03
 1.17047767E+00  4.89915883E-03
 1.17027931E+00  4.72515800E-03
 1.17011153E+00  4.60276297E-03
 1.16997467E+00  4.54946728E-03
 1.16986893E+00  4.57470116E-03
 1.16979463E+00  4.67605460E-03
 1.16975009E+00  4.84276720E-03
 1.16973181E+00  5.05146745E-03
 1.16973576E+00  5.25682562E-03
 1.16975680E+00  5.39925332E-03
 1.16978938E+00  5.41859703E-03
 1.16982771E+00  5.26360388E-03
 1.16986409E+00  4.91245576E-03
 1.16989001E+00  4.37705545E-03
 1.16989831E+00  3.68444597E-03
 1.16988354E+00  2.88926143E-03
 1.16984352E+00  2.09120611E-03
 1.16977933E+00  1.41593914E-03
 1.16969207E+00  9.95839860E-04
 1.16958274E+00  9.45993982E-04
 1.16945228E+00  1.30952474E-03
 1.16930092E+00  2.05262067E-03
 1.16913091E+00  3.10605073E-03
 1.16894622E+00  4.33608470E-03
 1.16875014E+00  5.51260031E-03
 1.16854637E+00  6.35514444E-03
 1.16833878E+00  6.57909528E-03
 1.16813130E+00  5.95918987E-03
 1.16793055E+00  4.46238513E-03
 1.16774461E+00  2.26441734E-03
 1.16757955E+00 -3.40166433E-04
 1.16743935E+00 -2.86273635E-03
 1.16732461E+00 -4.53793805E-03
 1.16723223E+00 -4.55045681E-03
 1.16715944E+00 -2.39634269E-03
 1.16710385E+00  1.78051547E-03
 1.16706237E+00  6.62652385E-03
 1.16703235E+00  9.96046219E-03
 1.16700938E+00  1.02600958E-02
 1.16698747E+00  7.14728578E-03
 1.16696211E+00  2.03367160E-03
 1.16692925E+00 -2.09595400E-03
 1.16688454E+00 -3.34758907E-03
 1.16682376E+00 -1.38175432E-03
 1.16674044E+00  2.68714474E-03
 1.16662691E+00  6.06277303E-03
 1.16647825E+00  7.20793885E-03
 1.16629248E+00  6.30334406E-03
 1.16607127E+00  4.08198435E-03
 1.16582038E+00  2.41480558E-03
 1.16554539E+00  2.22229068E-03
 1.16525127E+00  2.92039419E-03
 1.16494340E+00  4.08292620E-03
 1.16462612E+00  4.86216253E-03
 1.16430459E+00  4.81406586E-03
 1.16398423E+00  4.49763478E-03
 1.16366707E+00  4.12626280E-03
 1.16335368E+00  3.87309171E-03
 1.16304621E+00  3.89965043E-03
 1.16274956E+00  3.88048543E-03
 1.16247584E+00  3.69972252E-03
 1.16224463E+00  3.41119344E-03
 1.16207739E+00  2.97285033E-03
 1.16199923E+00  2.51226884E-03
 1.16204133E+00  2.12748000E-03
 1.16223625E+00  1.81855389E-03
 1.16261459E+00  1.65386563E-03
 1.16319945E+00  1.67077945E-03
 1.16399434E+00  1.86825829E-03
 1.16498104E+00  2.25569134E-03
 1.16612476E+00  2.80560954E-03
 1.16736664E+00  3.45591395E-03
 1.16861644E+00  4.11365147E-03
 1.16976324E+00  4.65170375E-03
 1.17069156E+00  4.93839090E-03
 1.17129795E+00  4.86381762E-03
 1.17152189E+00  4.38170244E-03
 1.17135300E+00  3.51973260E-03
 1.17081025E+00  2.34386085E-03
 1.16996264E+00  9.84575970E-04
 1.16895587E+00 -3.29328002E-04
 1.16798415E+00 -1.31551634E-03
 1.16725440E+00 -1.68902431E-03
 1.16694729E+00 -1.22417921E-03
 1.16713422E+00  1.17178881E-04
 1.16776782E+00  2.16742176E-03
 1.16875041E+00  4.64293324E-03
 1.16988843E+00  7.06999944E-03
 1.17083738E+00  8.69964632E-03
 1.17117589E+00  8.73149354E-03
 1.17047984E+00  6.67085117E-03
 1.16842186E+00  2.65871082E-03
 1.16498436E+00 -1.97438749E-03
 1.16048358E+00 -5.08416475E-03
 1.15542035E+00 -5.17760925E-03
 1.15059759E+00 -1.88954313E-03
 1.14724841E+00  3.38355251E-03
 1.14667516E+00  7.69604983E-03
 1.14968265E+00  9.17483607E-03
 1.15604441E+00  7.47624857E-03
 1.16360976E+00  3.68647146E-03
 1.16891247E+00  5.48052596E-04
 1.16952588E+00 -4.29728221E-04
 1.16483490E+00  5.80137647E-04
 1.15706899E+00  2.87264953E-03
 1.15095461E+00  4.63199095E-03
 1.14948136E+00  4.97503111E-03
 1.15316486E+00  4.49161648E-03
 1.16019867E+00  3.60283461E-03
 1.16609623E+00  3.12763243E-03
 1.16837806E+00  3.48130156E-03
 1.16730245E+00  4.08102069E-03
 1.16401790E+00  4.66153474E-03
 1.16149551E+00  4.98521754E-03
 1.16119554E+00  4.82513775E-03
 1.16218699E+00  4.44415496E-03
 1.16379470E+00  3.93793655E-03
 1.16467578E+00  3.27773148E-03
 1.16414238E+00  2.55117432E-03
 1.16311569E+00  1.71681896E-03
 1.16197327E+00  8.17382106E-04
 1.16103574E+00  2.40143089E-05
 1.16060563E+00 -5.51192063E-04
 1.16020551E+00 -7.89092337E-04
 1.15968721E+00 -6.22752405E-04
 1.15916054E+00 -9.35926051E-05
 1.15856252E+00  7.42064746E-04
 1.15807223E+00  1.77313728E-03
 1.15777962E+00  2.78776620E-03
 1.15758619E+00  3.53408742E-03
 1.15750234E+00  3.75508746E-03
 1.15750502E+00  3.24348222E-03
 1.15755159E+00  1.96759135E-03
 1.15766851E+00  8.34802863E-05
 1.15784379E+00 -2.14800588E-03
 1.15805016E+00 -4.29143952E-03
 1.15828841E+00 -5.66074143E-03
 1.15854908E+00 -5.52460729E-03
 1.15882319E+00 -3.43321697E-03
 1.15910716E+00  4.78006024E-04
 1.15937761E+00  4.97936068E-03
 1.15960145E+00  8.09280513E-03
 1.15975748E+00  8.43794049E-03
 1.15983264E+00  5.67043299E-03
 1.15982463E+00  1.06573103E-03
 1.15974558E+00 -2.67627558E-03
 1.15960314E+00 -3.84078672E-03
 1.15940085E+00 -2.11750859E-03
 1.15914912E+00  1.49086193E-03
 1.15885799E+00  4.46134379E-03
 1.15854048E+00  5.40856070E-03
 1.15821288E+00  4.49836420E-03
 1.15787989E+00  2.39169392E-03
 1.15753904E+00  7.75191771E-04
 1.15719125E+00  4.77608522E-04
 1.15683967E+00  9.70374525E-04
 1.15649710E+00  1.87310792E-03
 1.15618560E+00  2.43013232E-03
 1.15591891E+00  2.25007601E-03
 1.15570338E+00  1.84842814E-03
 1.15554205E+00  1.43124088E-03
 1.15543014E+00  1.16794088E-03
 1.15536566E+00  1.21783155E-03
 1.15534979E+00  1.29790425E-03
 1.15537618E+00  1.30374268E-03
 1.15543612E+00  1.27380487E-03
 1.15552064E+00  1.15321187E-03
 1.15561945E+00  1.02987521E-03
 1.15573006E+00  9.53115649E-04
 1.15585608E+00  8.76967845E-04
 1.15599742E+00  8.15643211E-04
 1.15615142E+00  7.62354973E-04
 1.15631098E+00  6.97912695E-04
 1.15646344E+00  6.37911152E-04
 1.15660106E+00  5.82112122E-04
 1.15672090E+00  5.26545171E-04
 1.15682008E+00  4.78404429E-04
 1.15689902E+00  4.38743431E-04
 1.15695709E+00  4.08583369E-04
 1.15699192E+00  3.91340288E-04
 1.15700609E+00  3.88700019E-04
 1.15700453E+00  4.02653014E-04
 1.15699157E+00  4.35386726E-04
 1.15697182E+00  4.87707367E-04
 1.15694589E+00  5.57429474E-04
 1.15691074E+00  6.39922854E-04
 1.15686570E+00  7.30598620E-04
 1.15681184E+00  8.25053337E-04
 1.15675195E+00  9.20024753E-04
 1.15669145E+00  1.01378666E-03
 1.15663302E+00  1.10311045E-03
 1.15657638E+00  1.18373367E-03
 1.15652120E+00  1.25215628E-03
 1.15646560E+00  1.30475186E-03
 1.15640851E+00  1.33901652E-03
 1.15635052E+00  1.35382162E-03
 1.15629107E+00  1.34720665E-03
 1.15622997E+00  1.31760411E-03
 1.15616902E+00  1.26593834E-03
 1.15611205E+00  1.19568381E-03
 1.15606781E+00  1.11439686E-03
 1.15604861E+00  1.03311742E-03
 1.15606485E+00  9.62071423E-04
 1.15612346E+00  9.09671494E-04
 1.15622499E+00  8.81503721E-04
 1.15636186E+00  8.78501310E-04
 1.15652302E+00  8.99015968E-04
 1.15669171E+00  9.37021121E-04
 1.15684046E+00  9.77705432E-04
 1.15693629E+00  1.00057555E-03
 1.15694689E+00  9.84522530E-04
 1.15684639E+00  9.11036866E-04
 1.15662868E+00  7.72205024E-04
 1.15630991E+00  5.71952656E-04
 1.15591950E+00  3.18201919E-04
 1.15550823E+00  2.73314088E-05
 1.15515778E+00 -2.69638600E-04
 1.15496814E+00 -5.33192847E-04
 1.15504155E+00 -7.19362042E-04
 1.15546496E+00 -7.86830957E-04
 1.15627463E+00 -7.15090661E-04
 1.15744970E+00 -5.04360094E-04
 1.15893674E+00 -1.60971858E-04
 1.16062796E+00  2.94442496E-04
 1.16233472E+00  8.19444081E-04
 1.16381820E+00  1.35998211E-03
 1.16482528E+00  1.85347531E-03
 1.16513095E+00  2.24227286E-03
 1.16462853E+00  2.50625686E-03
 1.16334010E+00  2.66166963E-03
 1.16134684E+00  2.73785819E-03
 1.15883913E+00  2.79163443E-03
 1.15617491E+00  2.91815221E-03
 1.15380938E+00  3.22375808E-03
 1.15223051E+00  3.79978088E-03
 1.15186417E+00  4.68250622E-03
 1.15286347E+00  5.77637838E-03
 1.15509420E+00  6.85183843E-03
 1.15829351E+00  7.61044686E-03
 1.16196090E+00  7.65519256E-03
 1.16524320E+00  6.46251671E-03
 1.16712048E+00  3.59317890E-03
 1.16659947E+00 -9.60238857E-04
 1.16297481E+00 -6.45279579E-03
 1.15635884E+00 -1.08959730E-02
 1.14774258E+00 -1.15941604E-02
 1.13861845E+00 -6.88035673E-03
 1.13126341E+00  3.10654605E-03
 1.12904769E+00  1.53885835E-02
 1.13526673E+00  2.46595296E-02
 1.15119295E+00  2.70062577E-02
 1.17432322E+00  2.08107355E-02
 1.19559090E+00  7.26627025E-03
 1.20190936E+00 -9.08904619E-03
 1.18502159E+00 -2.43568327E-02
 1.14504006E+00 -3.52701772E-02
 1.09511033E+00 -3.69403618E-02
 1.05900637E+00 -2.58600402E-02
 1.05276154E+00 -1.75920564E-03
 1.08026470E+00  2.97270719E-02
 1.13120734E+00  4.98627200E-02
 1.18033696E+00  3.92014528E-02
 1.21065135E+00  8.29005282E-03
 1.21668883E+00 -1.59327471E-02
 1.19774854E+00 -2.83707899E-02
 1.16450003E+00 -3.25870559E-02
 1.12525721E+00 -2.74216334E-02
 1.08643511E+00 -1.89020081E-02
 1.07132580E+00 -3.95685464E-03
 1.09729301E+00  2.56513025E-02
 1.13910249E+00  4.86601358E-02
 1.15778925E+00  3.79719939E-02
 1.15917422E+00  8.25069704E-03
 1.16755522E+00 -1.12653117E-02
 1.17740110E+00 -2.03594497E-02
 1.17984245E+00 -2.50534233E-02
 1.17201135E+00 -2.03593068E-02
 1.14510349E+00 -9.10704837E-03
 1.11654145E+00  4.21494536E-03
 1.11721431E+00  1.99554209E-02
 1.13597281E+00  3.00388785E-02
 1.14548367E+00  2.59044085E-02
 1.15032251E+00  1.47883414E-02
 1.15957105E+00  7.87453144E-03
 1.16641585E+00  4.23284817E-04
 1.16933687E+00 -1.45630065E-02
 1.16919160E+00 -2.35898540E-02
 1.16164919E+00 -1.27476196E-02
 1.14887002E+00  2.57803445E-03
 1.13782514E+00  1.46599041E-03
 1.13279166E+00 -4.98983889E-03
 1.13673563E+00  1.47102554E-03
 1.14706723E+00  8.94056864E-03
 1.15564182E+00  2.24405700E-03
 1.15863343E+00 -6.69803881E-03
 1.15626894E+00 -4.13365765E-03
 1.15132654E+00  3.01720317E-03
 1.15062238E+00  5.92526293E-03
 1.15669481E+00  7.99061182E-03
 1.16620954E+00  1.06064598E-02
 1.17361673E+00  4.27775230E-03
 1.17052614E+00 -1.58846505E-02
 1.15320658E+00 -3.26482371E-02
 1.12633902E+00 -2.45819905E-02
 1.10157420E+00 -8.53885669E-04
 1.09542666E+00  1.57113396E-02
 1.11583061E+00  2.22149515E-02
 1.15536487E+00  2.07161564E-02
 1.18801386E+00  1.10622762E-02
 1.18453972E+00  1.38144255E-03
 1.16303935E+00 -8.99459039E-03
 1.16311070E+00 -2.59588813E-02
 1.16502196E+00 -3.39077116E-02
 1.13574689E+00 -1.59053189E-02
 1.10860153E+00  1.04634525E-02
 1.12309816E+00  1.80908815E-02
 1.15541334E+00  1.20133542E-02
 1.17015690E+00  7.39677416E-03
 1.17168503E+00  1.10038632E-03
 1.16939533E+00 -7.48558789E-03
 1.16039022E+00 -8.86775793E-03
 1.15207738E+00 -1.33805484E-03
 1.15159731E+00  4.82295689E-03
 1.15558101E+00 -9.98119845E-05
 1.16112027E+00 -6.43928127E-03
 1.16451425E+00  1.29651069E-03
 1.16375159E+00  1.13391666E-02
 1.16163455E+00  5.11385755E-03
 1.15940276E+00 -6.69287393E-03
 1.15799857E+00 -7.24038216E-03
 1.15840269E+00 -5.47679264E-04
 1.15924642E+00  5.78387364E-03
 1.16002158E+00  8.19156498E-03
 1.16095614E+00  9.51395780E-04
 1.16173093E+00 -7.59399615E-03
 1.16269785E+00 -1.41878932E-03
 1.16391006E+00  9.67495769E-03
 1.16484163E+00  7.00792980E-03
 1.16527165E+00 -7.66407594E-04
 1.16491767E+00  4.64587569E-04
 1.16359019E+00  3.85479173E-03
 1.16145624E+00  1.69296563E-03
 1.15866430E+00 -1.29645769E-03
 1.15546710E+00 -1.77467389E-03
 1.15238055E+00 -1.69178582E-03
 1.14998981E+00 -1.23284487E-03
 1.14889545E+00  8.00568940E-04
 1.14959538E+00  4.03611717E-03
 1.15216698E+00  6.95774030E-03
 1.15625242E+00  7.89050265E-03
 1.16126005E+00  5.79620724E-03
 1.16619870E+00  7.48077978E-04
 1.16951014E+00 -5.31631216E-03
 1.16953766E+00 -9.02914032E-03
 1.16525537E+00 -8.26578594E-03
 1.15696093E+00 -2.84465787E-03
 1.14744046E+00  5.05441506E-03
 1.14117745E+00  1.10304824E-02
 1.14129517E+00  1.23788811E-02
 1.14856125E+00  8.92309797E-03
 1.16005301E+00  2.55541605E-03
 1.16960422E+00 -2.43611455E-03
 1.17328909E+00 -3.57073728E-03
 1.17037476E+00 -1.07401910E-03
 1.16311635E+00  3.68359247E-03
 1.15723019E+00  7.47334417E-03
 1.15584703E+00  8.53896003E-03
 1.15857413E+00  7.53464690E-03
 1.16390081E+00  5.30393822E-03
 1.16798990E+00  3.66572264E-03
 1.16895896E+00  3.58810574E-03
 1.16801487E+00  4.27502063E-03
 1.16602584E+00  5.24698424E-03
 1.16471217E+00  5.79317609E-03
 1.16497074E+00  5.47461448E-03
 1.16563942E+00  4.88693000E-03
 1.16626030E+00  4.28740339E-03
 1.16646116E+00  3.80916614E-03
 1.16589218E+00  3.63355482E-03
 1.16520942E+00  3.48643477E-03
 1.16466913E+00  3.26153544E-03
 1.16420553E+00  3.02771054E-03
 1.16396144E+00  2.74421896E-03
 1.16375104E+00  2.50346287E-03
 1.16346854E+00  2.36115570E-03
 1.16321685E+00  2.26504476E-03
 1.16296300E+00  2.22268899E-03
 1.16272258E+00  2.22466271E-03
 1.16253783E+00  2.25091851E-03
 1.16237348E+00  2.32077060E-03
 1.16222766E+00  2.43370646E-03
 1.16210551E+00  2.58105157E-03
 1.16199300E+00  2.76565783E-03
 1.16189317E+00  2.98153118E-03
 1.16180797E+00  3.22333713E-03
 1.16173247E+00  3.48816852E-03
 1.16165801E+00  3.76278090E-03
 1.16156865E+00  4.02884332E-03
 1.16145234E+00  4.26906262E-03
 1.16130363E+00  4.46461732E-03
 1.16112587E+00  4.59751776E-03
 1.16093246E+00  4.65288418E-03
 1.16073333E+00  4.61543264E-03
 1.16053481E+00  4.47288666E-03
 1.16034451E+00  4.22311905E-03
 1.16016655E+00  3.87389839E-03
 1.16000724E+00  3.44329385E-03
 1.15987434E+00  2.96335162E-03
 1.15976638E+00  2.48043318E-03
 1.15967663E+00  2.05095220E-03
 1.15959877E+00  1.73342845E-03
 1.15952656E+00  1.57935301E-03
 1.15946163E+00  1.61978024E-03
 1.15941260E+00  1.86048414E-03
 1.15938271E+00  2.28880119E-03
 1.15937150E+00  2.86280045E-03
 1.15937723E+00  3.49648799E-03
 1.15939377E+00  4.07471941E-03
 1.15941853E+00  4.47744010E-03
 1.15945212E+00  4.60129907E-03
 1.15948973E+00  4.40316431E-03
 1.15952541E+00  3.90743149E-03
 1.15955493E+00  3.16822221E-03
 1.15957496E+00  2.29493537E-03
 1.15958959E+00  1.48650504E-03
 1.15960919E+00  9.88891165E-04
 1.15964185E+00  1.04959623E-03
 1.15969416E+00  1.86181593E-03
 1.15977087E+00  3.44369530E-03
 1.15987273E+00  5.62385074E-03
 1.16000284E+00  8.12857707E-03
 1.16016566E+00  1.05149022E-02
 1.16036143E+00  1.20957349E-02
 1.16058887E+00  1.21437357E-02
 1.16084534E+00  1.02090427E-02
 1.16112669E+00  6.41886207E-03
 1.16143297E+00  1.98200777E-03
 1.16176700E+00 -1.15363687E-03
 1.16212841E+00 -1.62623140E-03
 1.16251477E+00  9.07659135E-04
 1.16292103E+00  5.19329991E-03
 1.16333847E+00  8.57206271E-03
 1.16376006E+00  9.36008627E-03
 1.16417997E+00  7.26152775E-03
 1.16458998E+00  3.28085881E-03
 1.16498193E+00 -7.41275971E-05
 1.16534794E+00 -1.42050582E-03
 1.16568037E+00 -9.09458882E-04
 1.16597600E+00  8.13815516E-04
 1.16623505E+00  2.08618808E-03
 1.16645722E+00  2.09194627E-03
 1.16664210E+00  1.35646408E-03
 1.16678800E+00  2.59964534E-04
 1.16689134E+00 -4.45041325E-04
 1.16695094E+00 -3.70394835E-04
 1.16696745E+00 -2.81021581E-05
 1.16694085E+00  3.74081997E-04
 1.16687200E+00  6.61424085E-04
 1.16676155E+00  6.68748455E-04
 1.16660993E+00  6.67772652E-04
 1.16642081E+00  7.49420586E-04
 1.16619975E+00  8.61788154E-04
 1.16595127E+00  1.04754771E-03
 1.16567921E+00  1.21138682E-03
 1.16538535E+00  1.30338743E-03
 1.16506920E+00  1.37452660E-03
 1.16473177E+00  1.41556388E-03
 1.16437544E+00  1.43671544E-03
 1.16400279E+00  1.45851822E-03
 1.16361787E+00  1.46378257E-03
 1.16322452E+00  1.45477689E-03
 1.16282657E+00  1.44056982E-03
 1.16243054E+00  1.41692811E-03
 1.16204452E+00  1.38615325E-03
 1.16167667E+00  1.34982980E-03
 1.16133522E+00  1.30637664E-03
 1.16102617E+00  1.26185626E-03
 1.16075347E+00  1.22530571E-03
 1.16052206E+00  1.20167406E-03
 1.16033721E+00  1.19370310E-03
 1.16020377E+00  1.20072580E-03
 1.16012683E+00  1.21759049E-03
 1.16010950E+00  1.24103245E-03
 1.16015293E+00  1.26952835E-03
 1.16025843E+00  1.29974701E-03
 1.16042612E+00  1.32907350E-03
 1.16065381E+00  1.35466912E-03
 1.16093688E+00  1.37353339E-03
 1.16126650E+00  1.38749009E-03
 1.16163007E+00  1.40164755E-03
 1.16201444E+00  1.42040504E-03
 1.16240630E+00  1.44759108E-03
 1.16279278E+00  1.48367830E-03
 1.16316273E+00  1.52566762E-03
 1.16350469E+00  1.57315075E-03
 1.16380807E+00  1.62763147E-03
 1.16406611E+00  1.69049813E-03
 1.16427477E+00  1.76469290E-03
 1.16443177E+00  1.85145424E-03
 1.16453629E+00  1.95032771E-03
 1.16458576E+00  2.06349219E-03
 1.16457676E+00  2.19375200E-03
 1.16450982E+00  2.34240466E-03
 1.16438890E+00  2.50963764E-03
 1.16422100E+00  2.69160047E-03
 1.16401714E+00  2.88080303E-03
 1.16378875E+00  3.07073620E-03
 1.16354788E+00  3.25564581E-03
 1.16331052E+00  3.43046319E-03
 1.16309434E+00  3.59209278E-03
 1.16291692E+00  3.73638723E-03
 1.16279530E+00  3.85870660E-03
 1.16274219E+00  3.95714513E-03
 1.16276575E+00  4.03111482E-03
 1.16287282E+00  4.08088634E-03
 1.16306749E+00  4.10764545E-03
 1.16335005E+00  4.11038853E-03
 1.16371646E+00  4.08669296E-03
 1.16415325E+00  4.03643847E-03
 1.16463600E+00  3.96122257E-03
 1.16513002E+00  3.86443093E-03
 1.16559206E+00  3.75191847E-03
 1.16597935E+00  3.62879640E-03
 1.16625534E+00  3.49956686E-03
 1.16639480E+00  3.37031501E-03
 1.16638966E+00  3.24709749E-03
 1.16624704E+00  3.13553032E-03
 1.16599686E+00  3.04059657E-03
 1.16570539E+00  2.96387836E-03
 1.16546409E+00  2.90417576E-03
 1.16536607E+00  2.86037847E-03
 1.16549054E+00  2.83133835E-03
 1.16587212E+00  2.81678224E-03
 1.16649327E+00  2.81770076E-03
 1.16731411E+00  2.83302990E-03
 1.16825279E+00  2.86006706E-03
 1.16915574E+00  2.89636166E-03
 1.16982844E+00  2.93861203E-03
 1.17006737E+00  2.98370761E-03
 1.16969787E+00  3.02880503E-03
 1.16866190E+00  3.06871507E-03
 1.16702529E+00  3.09712184E-03
 1.16490836E+00  3.10905854E-03
 1.16253133E+00  3.10087512E-03
 1.16026455E+00  3.07172872E-03
 1.15855499E+00  3.02369381E-03
 1.15785659E+00  2.95838682E-03
 1.15853008E+00  2.87702366E-03
 1.16063136E+00  2.78110368E-03
 1.16388622E+00  2.67148047E-03
 1.16783078E+00  2.55044344E-03
 1.17169226E+00  2.42155084E-03
 1.17426104E+00  2.28716654E-03
 1.17424819E+00  2.14945388E-03
 1.17085593E+00  2.01085329E-03
 1.16430990E+00  1.87388527E-03
 1.15674557E+00  1.74322026E-03
 1.15160440E+00  1.62498168E-03
 1.15128602E+00  1.52373629E-03
 1.15638074E+00  1.44256598E-03
 1.16464847E+00  1.38262950E-03
 1.17136229E+00  1.34268432E-03
 1.17351956E+00  1.32192397E-03
 1.17057581E+00  1.32001253E-03
 1.16428805E+00  1.33575666E-03
 1.15907486E+00  1.36807599E-03
 1.15736530E+00  1.41497876E-03
 1.15887422E+00  1.47356233E-03
 1.16244454E+00  1.54221869E-03
 1.16512063E+00  1.61991367E-03
 1.16545078E+00  1.70508556E-03
 1.16436173E+00  1.79585464E-03
 1.16252778E+00  1.88864867E-03
 1.16128601E+00  1.97853086E-03
 1.16133069E+00  2.06188438E-03
 1.16176316E+00  2.13637373E-03
 1.16222216E+00  2.20083697E-03
 1.16240424E+00  2.25583026E-03
 1.16202650E+00  2.30154390E-03
 1.16158401E+00  2.33771024E-03
 1.16125735E+00  2.36493838E-03
 1.16097883E+00  2.38391364E-03
 1.16084440E+00  2.39582126E-03
 1.16070031E+00  2.40241004E-03
 1.16046845E+00  2.40428694E-03
 1.16024306E+00  2.40140504E-03
 1.16001248E+00  2.39421477E-03
 1.15980116E+00  2.38350189E-03
 1.15964958E+00  2.37126953E-03
 1.15953145E+00  2.36060412E-03
 1.15945194E+00  2.35356397E-03
 1.15942503E+00  2.35119658E-03
 1.15944422E+00  2.35383283E-03
 1.15951533E+00  2.36062929E-03
 1.15964038E+00  2.37106732E-03
 1.15981345E+00  2.38507732E-03
 1.16003502E+00  2.40195330E-03
 1.16030485E+00  2.42098668E-03
 1.16061808E+00  2.44133551E-03
 1.16096848E+00  2.46198491E-03
 1.16134632E+00  2.48304175E-03
 1.16173813E+00  2.50535062E-03
 1.16213078E+00  2.52937539E-03
 1.16251108E+00  2.55522204E-03
 1.16286406E+00  2.58192127E-03
 1.16317498E+00  2.60739922E-03
 1.16342972E+00  2.63013953E-03
 1.16361551E+00  2.64904142E-03
 1.16372437E+00  2.66290211E-03
 1.16375248E+00  2.67098253E-03
 1.16369713E+00  2.67231658E-03
 1.16355685E+00  2.66588875E-03
 1.16333007E+00  2.65203793E-03
 1.16301525E+00  2.63211431E-03
 1.16261585E+00  2.60800835E-03
 1.16214013E+00  2.58254447E-03
 1.16159945E+00  2.55904719E-03
 1.16100887E+00  2.54096047E-03
 1.16038322E+00  2.53191701E-03
 1.15973568E+00  2.53487220E-03
 1.15907957E+00  2.55082563E-03
 1.15842518E+00  2.57856044E-03
 1.15777753E+00  2.61466640E-03
 1.15713427E+00  2.65258707E-03
 1.15648004E+00  2.68178079E-03
 1.15578997E+00  2.68895792E-03
 1.15504112E+00  2.66056966E-03
 1.15421725E+00  2.58500174E-03
 1.15331730E+00  2.45626550E-03
 1.15235921E+00  2.27502239E-03
 1.15136942E+00  2.04567727E-03
 1.15038938E+00  1.77892572E-03
 1.14948821E+00  1.49542089E-03
 1.14875091E+00  1.22238798E-03
 1.14826422E+00  9.89705595E-04
 1.14810319E+00  8.25487076E-04
 1.14829932E+00  7.45897868E-04
 1.14883689E+00  7.54506462E-04
 1.14967880E+00  8.51173879E-04
 1.15074943E+00  1.02694367E-03
 1.15191448E+00  1.25814877E-03
 1.15300531E+00  1.51294142E-03
 1.15383939E+00  1.75432291E-03
 1.15425212E+00  1.94832766E-03
 1.15416893E+00  2.08454232E-03
 1.15360813E+00  2.17542705E-03
 1.15262439E+00  2.24040768E-03
 1.15134316E+00  2.31480730E-03
 1.14999512E+00  2.45717112E-03
 1.14887376E+00  2.73086159E-03
 1.14831722E+00  3.18611426E-03
 1.14865100E+00  3.83357459E-03
 1.15005034E+00  4.59347239E-03
 1.15250200E+00  5.29504252E-03
 1.15582076E+00  5.72178486E-03
 1.15952364E+00  5.59368720E-03
 1.16269503E+00  4.55119662E-03
 1.16420126E+00  2.31234796E-03
 1.16314087E+00 -1.06483810E-03
 1.15917142E+00 -4.94306353E-03
 1.15303673E+00 -7.74469098E-03
 1.14644600E+00 -7.39345746E-03
 1.14100617E+00 -2.69395125E-03
 1.13812541E+00  6.01784625E-03
 1.13897195E+00  1.60121221E-02
 1.14392911E+00  2.26990202E-02
 1.15293511E+00  2.28583295E-02
 1.16482546E+00  1.55516294E-02
 1.17572499E+00  2.81633128E-03
 1.18004401E+00 -1.02263068E-02
 1.17272641E+00 -1.96470827E-02
 1.15010904E+00 -2.31785169E-02
 1.11199731E+00 -1.90090259E-02
 1.06890898E+00 -7.71161265E-03
 1.05307429E+00  8.89426725E-03
 1.09415052E+00  2.64395043E-02
 1.16142117E+00  3.29053088E-02
 1.19571856E+00  1.81886982E-02
 1.19660196E+00 -5.71195078E-03
 1.18811280E+00 -1.69007418E-02
 1.16586022E+00 -1.46936644E-02
 1.13633481E+00 -8.28025715E-03
 1.11966931E+00  1.57667530E-03
 1.11999609E+00  1.03252795E-02
 1.12994195E+00  1.27803467E-02
 1.13845640E+00  1.17480396E-02
 1.14302330E+00  1.02657022E-02
 1.14862531E+00  9.81037301E-03
 1.15458076E+00  6.53641106E-03
 1.16056157E+00 -5.49876601E-03
 1.16543370E+00 -1.64021613E-02
 1.16367407E+00 -1.15615681E-02
 1.15642717E+00  1.76949050E-03
 1.14938282E+00  9.05731973E-03
 1.14534525E+00  1.17644648E-02
 1.14683543E+00  1.40925356E-02
 1.15274940E+00  1.35921011E-02
 1.15746200E+00  1.12827053E-02
 1.15881623E+00  9.12721002E-03
 1.15730780E+00  5.75662483E-03
 1.15375790E+00  1.42139310E-03
 1.15132213E+00 -2.56413450E-03
 1.15122081E+00 -5.09898606E-03
 1.15199828E+00 -4.53285246E-03
 1.15316013E+00 -1.28372457E-03
 1.15377777E+00  2.49452896E-03
 1.15328117E+00  5.57356407E-03
 1.15266261E+00  7.05638263E-03
 1.15219358E+00  6.76556294E-03
 1.15182736E+00  5.80985401E-03
 1.15177294E+00  4.42262040E-03
 1.15168139E+00  2.27011621E-03
 1.15143454E+00 -1.13689528E-04
 1.15124493E+00 -2.20082726E-03
 1.15110758E+00 -3.30695912E-03
 1.15110772E+00 -2.53875590E-03
 1.15131641E+00 -3.69345915E-04
 1.15163642E+00  1.82026540E-03
 1.15203825E+00  3.21596478E-03
 1.15249518E+00  3.34778439E-03
 1.15292129E+00  2.49338276E-03
 1.15325464E+00  1.83881347E-03
 1.15341696E+00  1.81831891E-03
 1.15332320E+00  2.17047090E-03
 1.15295458E+00  2.62786336E-03
 1.15234151E+00  2.50469168E-03
 1.15153645E+00  1.57181351E-03
 1.15064040E+00  3.02512061E-04
 1.14980751E+00 -9.71002016E-04
 1.14922017E+00 -1.79704049E-03
 1.14907437E+00 -1.79634420E-03
 1.14953768E+00 -1.01231302E-03
 1.15066862E+00  5.07352245E-04
 1.15241021E+00  2.61215796E-03
 1.15463724E+00  4.98067485E-03
 1.15711149E+00  7.24775524E-03
 1.15943829E+00  8.75133169E-03
 1.16113639E+00  8.70816373E-03
 1.16172390E+00  6.67115845E-03
 1.16082355E+00  2.76009327E-03
 1.15836679E+00 -1.81404298E-03
 1.15462845E+00 -5.05716178E-03
 1.15008878E+00 -5.58685278E-03
 1.14555669E+00 -3.05990382E-03
 1.14231572E+00  1.25522359E-03
 1.14174687E+00  4.65916173E-03
 1.14470977E+00  5.44385746E-03
 1.15098413E+00  3.31514195E-03
 1.15833913E+00 -7.03410657E-04
 1.16316317E+00 -4.06190974E-03
 1.16294481E+00 -5.35184942E-03
 1.15707836E+00 -4.72449501E-03
 1.14792523E+00 -2.83557338E-03
 1.14045797E+00 -1.37631764E-03
 1.13783333E+00 -1.17760324E-03
 1.14061961E+00 -1.70768344E-03
 1.14697284E+00 -2.57945737E-03
 1.15225562E+00 -3.02580461E-03
 1.15391584E+00 -2.65282346E-03
 1.15225149E+00 -1.98426901E-03
 1.14847309E+00 -1.23806084E-03
 1.14567559E+00 -6.02425786E-04
 1.14537523E+00 -2.54764915E-04
 1.14658897E+00  7.29425570E-05
 1.14859331E+00  4.64355307E-04
 1.14996702E+00  8.59219991E-04
 1.14996660E+00  1.29315041E-03
 1.14952569E+00  1.66149162E-03
 1.14902316E+00  1.90965333E-03
 1.14878565E+00  2.08835563E-03
 1.14911694E+00  2.18790513E-03
 1.14950183E+00  2.21946743E-03
 1.14975340E+00  2.20328847E-03
 1.14994156E+00  2.12021080E-03
 1.14996953E+00  1.97424796E-03
 1.15000738E+00  1.77921637E-03
 1.15014328E+00  1.53745880E-03
 1.15028534E+00  1.26095542E-03
 1.15045215E+00  9.60835635E-04
 1.15062310E+00  6.44697923E-04
 1.15076741E+00  3.30117700E-04
 1.15092804E+00  3.79753972E-05
 1.15111051E+00 -2.16021544E-04
 1.15130711E+00 -4.19872565E-04
 1.15152440E+00 -5.69730924E-04
 1.15174782E+00 -6.70461319E-04
 1.15196806E+00 -7.25309624E-04
 1.15218503E+00 -7.36026990E-04
 1.15238973E+00 -7.05494069E-04
 1.15257456E+00 -6.34696120E-04
 1.15273282E+00 -5.28265539E-04
 1.15285550E+00 -3.93999625E-04
 1.15294019E+00 -2.35199861E-04
 1.15298905E+00 -5.36688847E-05
 1.15300245E+00  1.47891794E-04
 1.15298029E+00  3.66263518E-04
 1.15291932E+00  5.91383400E-04
 1.15281257E+00  8.08176814E-04
 1.15265668E+00  1.00633056E-03
 1.15245118E+00  1.17992136E-03
 1.15219569E+00  1.32800505E-03
 1.15189216E+00  1.45629043E-03
 1.15154186E+00  1.56840635E-03
 1.15114543E+00  1.66574748E-03
 1.15070789E+00  1.75224920E-03
 1.15023681E+00  1.83106097E-03
 1.14973979E+00  1.90660266E-03
 1.14922531E+00  1.98454005E-03
 1.14870002E+00  2.06476750E-03
 1.14816875E+00  2.14361200E-03
 1.14763856E+00  2.21859666E-03
 1.14711791E+00  2.28803030E-03
 1.14661551E+00  2.35506960E-03
 1.14614116E+00  2.42740428E-03
 1.14570321E+00  2.50876946E-03
 1.14530814E+00  2.59955698E-03
 1.14496256E+00  2.69864967E-03
 1.14467216E+00  2.80133587E-03
 1.14444172E+00  2.90468569E-03
 1.14427558E+00  3.00767708E-03
 1.14417625E+00  3.10591348E-03
 1.14414458E+00  3.19431538E-03
 1.14418042E+00  3.26833278E-03
 1.14428227E+00  3.32354144E-03
 1.14444759E+00  3.36026378E-03
 1.14467285E+00  3.38264322E-03
 1.14495246E+00  3.39341723E-03
 1.14527870E+00  3.39435656E-03
 1.14564165E+00  3.38523258E-03
 1.14602909E+00  3.36298493E-03
 1.14642754E+00  3.32695879E-03
 1.14682245E+00  3.27849070E-03
 1.14719803E+00  3.21797210E-03
 1.14753846E+00  3.14663387E-03
 1.14782928E+00  3.06500422E-03
 1.14805887E+00  2.97274093E-03
 1.14822115E+00  2.87258352E-03
 1.14831704E+00  2.76897900E-03
 1.14835474E+00  2.66537075E-03
 1.14835226E+00  2.56479170E-03
 1.14834020E+00  2.46818921E-03
 1.14835785E+00  2.37424540E-03
 1.14844448E+00  2.28301174E-03
 1.14863291E+00  2.19551991E-03
 1.14893912E+00  2.11263233E-03
 1.14935779E+00  2.03611140E-03
 1.14986917E+00  1.96690021E-03
 1.15043045E+00  1.90507119E-03
 1.15096263E+00  1.85209395E-03
 1.15136350E+00  1.80990257E-03
 1.15152815E+00  1.78009720E-03
 1.15136651E+00  1.76420294E-03
 1.15083964E+00  1.76210423E-03
 1.14996625E+00  1.77217612E-03
 1.14879203E+00  1.79319782E-03
 1.14741131E+00  1.82393255E-03
 1.14599599E+00  1.86285933E-03
 1.14476343E+00  1.90871554E-03
 1.14394415E+00  1.95938642E-03
 1.14374037E+00  2.01211806E-03
 1.14423246E+00  2.06489951E-03
 1.14537128E+00  2.11600826E-03
 1.14705034E+00  2.16376386E-03
 1.14905682E+00  2.20691881E-03
 1.15101815E+00  2.24409381E-03
 1.15247990E+00  2.27381747E-03
 1.15298124E+00  2.29522229E-03
 1.15216224E+00  2.30770803E-03
 1.14998971E+00  2.31054483E-03
 1.14678376E+00  2.30316669E-03
 1.14306574E+00  2.28522016E-03
 1.13968483E+00  2.25652592E-03
 1.13795497E+00  2.21739554E-03
 1.13923850E+00  2.16866157E-03
 1.14426871E+00  2.11147562E-03
 1.15252900E+00  2.04759642E-03
 1.16123587E+00  1.97977213E-03
 1.16611125E+00  1.91162422E-03
 1.16426267E+00  1.84747730E-03
 1.15520356E+00  1.79241681E-03
 1.14220217E+00  1.75213800E-03
 1.13176117E+00  1.73249732E-03
 1.12822443E+00  1.73895975E-03
 1.13273070E+00  1.77576534E-03
 1.14315499E+00  1.84468979E-03
 1.15361883E+00  1.94448779E-03
 1.16051311E+00  2.07094783E-03
 1.16325965E+00  2.21580343E-03
 1.16182388E+00  2.36549487E-03
 1.15831762E+00  2.50273339E-03
 1.15354676E+00  2.60974494E-03
 1.14655746E+00  2.67084416E-03
 1.13903061E+00  2.67684041E-03
 1.13341879E+00  2.62651937E-03
 1.13176407E+00  2.52339490E-03
 1.13599957E+00  2.37901388E-03
 1.14408532E+00  2.21778403E-03
 1.15098718E+00  2.07250378E-03
 1.15369784E+00  1.97836798E-03
 1.15111850E+00  1.96707108E-03
 1.14515802E+00  2.05374173E-03
 1.14107172E+00  2.23560968E-03
 1.14148564E+00  2.50356879E-03
 1.14601197E+00  2.83523375E-03
 1.15298417E+00  3.18632484E-03
 1.15830711E+00  3.50023123E-03
 1.15979761E+00  3.71444109E-03
 1.15814608E+00  3.77256522E-03
 1.15402583E+00  3.65337181E-03
 1.14931597E+00  3.37233929E-03
 1.14530405E+00  2.96182822E-03
 1.14171215E+00  2.48658509E-03
 1.13940023E+00  2.05890401E-03
 1.13937218E+00  1.80816678E-03
 1.14210566E+00  1.84151537E-03
 1.14788041E+00  2.19985027E-03
 1.15452278E+00  2.77630182E-03
 1.15820922E+00  3.33081827E-03
 1.15665590E+00  3.60814583E-03
 1.14957182E+00  3.33659357E-03
 1.14028495E+00  2.23190172E-03
 1.13513078E+00  1.26010077E-04
 1.13758950E+00 -2.93299743E-03
 1.14709272E+00 -6.49489999E-03
 1.15845007E+00 -9.37614453E-03
 1.16227590E+00 -9.99115010E-03
 1.15354389E+00 -7.28884668E-03
 1.13382822E+00 -1.18602042E-03
 1.11094849E+00  6.77175769E-03
 1.09860499E+00  1.36246100E-02
 1.10482992E+00  1.69294944E-02
 1.12844000E+00  1.50965976E-02
 1.15992278E+00  7.50895140E-03
 1.18157467E+00 -4.55084439E-03
 1.18236625E+00 -1.85899056E-02
 1.16234762E+00 -2.99119951E-02
 1.13047573E+00 -2.90627587E-02
 1.10543991E+00 -9.73356029E-03
 1.09882137E+00  1.49465709E-02
 1.11071756E+00  2.39888674E-02
 1.13499020E+00  1.88877618E-02
 1.15679813E+00  1.18600418E-02
 1.16745064E+00  2.61184070E-03
 1.16816677E+00 -7.77346107E-03
 1.16117952E+00 -1.23204717E-02
 1.15345160E+00 -1.06092877E-02
 1.14843986E+00 -7.29446433E-03
 1.14307288E+00 -5.96793366E-03
 1.13807142E+00 -2.31102924E-03
 1.13451174E+00  9.77673351E-03
 1.13359411E+00  1.98210733E-02
 1.13891709E+00  1.34804316E-02
 1.14856992E+00 -1.12587161E-03
 1.15679036E+00 -8.51315792E-03
 1.16029166E+00 -9.07830713E-03
 1.15691493E+00 -6.64276837E-03
 1.14853343E+00 -6.22216530E-04
 1.14148794E+00  4.74513102E-03
 1.13887213E+00  5.81316592E-03
 1.14073936E+00  3.92253700E-03
 1.14575826E+00  6.04379473E-04
 1.14961327E+00 -1.67841690E-03
 1.15036027E+00 -1.59255691E-03
 1.14923223E+00 -4.29843931E-04
 1.14705488E+00  1.11702033E-03
 1.14575098E+00  2.17919330E-03
 1.14627106E+00  2.13817480E-03
 1.14734585E+00  1.83545808E-03
 1.14850333E+00  1.62675911E-03
 1.14931572E+00  1.60610001E-03
 1.14938647E+00  1.99645636E-03
 1.14940417E+00  2.42359793E-03
 1.14960137E+00  2.70968353E-03
 1.14986387E+00  2.93622125E-03
 1.15031182E+00  3.03054969E-03
 1.15072281E+00  3.08634621E-03
 1.15098181E+00  3.17364310E-03
 1.15121701E+00  3.22843886E-03
 1.15140661E+00  3.26333300E-03
 1.15157560E+00  3.27351836E-03
 1.15177704E+00  3.23646535E-03
 1.15197367E+00  3.17629658E-03
 1.15217125E+00  3.09896627E-03
 1.15238842E+00  3.00362851E-03
 1.15260873E+00  2.90067959E-03
 1.15282766E+00  2.79032872E-03
 1.15303961E+00  2.67458021E-03
 1.15323159E+00  2.56052226E-03
 1.15340489E+00  2.45436892E-03
 1.15356694E+00  2.36497412E-03
 1.15371749E+00  2.29990315E-03
 1.15385394E+00  2.26339505E-03
 1.15397365E+00  2.25754395E-03
 1.15407033E+00  2.28133463E-03
 1.15414154E+00  2.33374478E-03
 1.15418796E+00  2.41421106E-03
 1.15420371E+00  2.52063843E-03
 1.15418079E+00  2.65053617E-03
 1.15411409E+00  2.79985231E-03
 1.15400034E+00  2.96286537E-03
 1.15384417E+00  3.13499362E-03
 1.15365751E+00  3.31198522E-03
 1.15344980E+00  3.48861628E-03
 1.15322872E+00  3.65911870E-03
 1.15300119E+00  3.81566273E-03
 1.15277068E+00  3.94892988E-03
 1.15254331E+00  4.05160379E-03
 1.15232718E+00  4.11860949E-03
 1.15212582E+00  4.14734139E-03
 1.15194113E+00  4.13829883E-03
 1.15177445E+00  4.09215642E-03
 1.15162625E+00  4.00953016E-03
 1.15150202E+00  3.89231109E-03
 1.15141100E+00  3.74278404E-03
 1.15135944E+00  3.56509295E-03
 1.15135183E+00  3.36529458E-03
 1.15139086E+00  3.14899366E-03
 1.15147591E+00  2.92207619E-03
 1.15160828E+00  2.69133471E-03
 1.15179053E+00  2.46409799E-03
 1.15202207E+00  2.24978781E-03
 1.15230149E+00  2.05909390E-03
 1.15262715E+00  1.90077557E-03
 1.15299674E+00  1.78126880E-03
 1.15341106E+00  1.70388826E-03
 1.15387308E+00  1.66842264E-03
 1.15438355E+00  1.67440586E-03
 1.15494142E+00  1.72139787E-03
 1.15554311E+00  1.80813293E-03
 1.15618140E+00  1.93336524E-03
 1.15684885E+00  2.09363783E-03
 1.15753706E+00  2.28337790E-03
 1.15823373E+00  2.49751156E-03
 1.15892451E+00  2.73048313E-03
 1.15959358E+00  2.97598359E-03
 1.16022423E+00  3.22722245E-03
 1.16080271E+00  3.47467601E-03
 1.16131793E+00  3.70719478E-03
 1.16175829E+00  3.91568944E-03
 1.16211310E+00  4.09344871E-03
 1.16237352E+00  4.23726826E-03
 1.16253185E+00  4.34784175E-03
 1.16258389E+00  4.42569777E-03
 1.16252850E+00  4.47095779E-03
 1.16236452E+00  4.48438793E-03
 1.16209262E+00  4.46626591E-03
 1.16171810E+00  4.41889913E-03
 1.16125089E+00  4.34644808E-03
 1.16070749E+00  4.25170661E-03
 1.16011053E+00  4.13737552E-03
 1.15948368E+00  4.00682156E-03
 1.15885111E+00  3.86391101E-03
 1.15823759E+00  3.71583968E-03
 1.15766594E+00  3.57211498E-03
 1.15715820E+00  3.44017152E-03
 1.15673359E+00  3.32534555E-03
 1.15640301E+00  3.23018744E-03
 1.15617070E+00  3.15371184E-03
 1.15603786E+00  3.09547002E-03
 1.15600331E+00  3.05550273E-03
 1.15606787E+00  3.03225456E-03
 1.15623354E+00  3.02385363E-03
 1.15649440E+00  3.02643424E-03
 1.15683744E+00  3.03395160E-03
 1.15724500E+00  3.04123716E-03
 1.15769283E+00  3.04339226E-03
 1.15815636E+00  3.03532100E-03
 1.15861120E+00  3.01282960E-03
 1.15902716E+00  2.97169795E-03
 1.15937316E+00  2.90886594E-03
 1.15962212E+00  2.82589128E-03
 1.15975265E+00  2.73001169E-03
 1.15975690E+00  2.63572107E-03
 1.15963947E+00  2.56349119E-03
 1.15940623E+00  2.53271640E-03
 1.15906381E+00  2.55858842E-03
 1.15861756E+00  2.64864518E-03
 1.15806990E+00  2.79982113E-03
 1.15743252E+00  3.00305359E-03
 1.15672513E+00  3.23945282E-03
 1.15596727E+00  3.47216173E-03
 1.15518250E+00  3.65319721E-03
 1.15439488E+00  3.73373600E-03
 1.15362845E+00  3.67212250E-03
 1.15291743E+00  3.45231392E-03
 1.15230081E+00  3.08667002E-03
 1.15181052E+00  2.59959129E-03
 1.15147060E+00  2.03783904E-03
 1.15129037E+00  1.48395827E-03
 1.15126393E+00  1.04047882E-03
 1.15138595E+00  8.15708204E-04
 1.15165192E+00  9.03659756E-04
 1.15205555E+00  1.33844260E-03
 1.15259283E+00  2.09055741E-03
 1.15325098E+00  3.10009228E-03
 1.15400937E+00  4.25266515E-03
 1.15485144E+00  5.35416600E-03
 1.15575977E+00  6.16858107E-03
 1.15671495E+00  6.45649645E-03
 1.15769645E+00  6.02816966E-03
 1.15867195E+00  4.85302786E-03
 1.15960169E+00  3.07399194E-03
 1.16045411E+00  9.34138958E-04
 1.16120613E+00 -1.16055785E-03
 1.16184697E+00 -2.57187856E-03
 1.16238022E+00 -2.61835569E-03
 1.16280766E+00 -8.78590787E-04
 1.16312887E+00  2.52796254E-03
 1.16334711E+00  6.47287894E-03
 1.16346432E+00  9.13719174E-03
 1.16348902E+00  9.25304223E-03
 1.16343609E+00  6.50878726E-03
 1.16331412E+00  2.08686216E-03
 1.16312998E+00 -1.51686319E-03
 1.16289330E+00 -2.71680805E-03
 1.16261536E+00 -1.22531009E-03
 1.16231841E+00  2.03158596E-03
 1.16203268E+00  4.72338255E-03
 1.16178041E+00  5.56932376E-03
 1.16157584E+00  4.72099402E-03
 1.16142402E+00  2.78873109E-03
 1.16131814E+00  1.33089847E-03
 1.16125390E+00  1.11249689E-03
 1.16123019E+00  1.64358364E-03
 1.16124215E+00  2.56821048E-03
 1.16128621E+00  3.18155385E-03
 1.16135520E+00  3.11728231E-03
 1.16143848E+00  2.84906830E-03
 1.16153354E+00  2.56713947E-03
 1.16164212E+00  2.43086802E-03
 1.16176384E+00  2.58923505E-03
 1.16189689E+00  2.78118529E-03
 1.16203026E+00  2.91098437E-03
 1.16214534E+00  3.01387160E-03
 1.16223065E+00  3.03947566E-03
 1.16228136E+00  3.06993075E-03
 1.16229806E+00  3.14906026E-03
 1.16228974E+00  3.23115567E-03
 1.16226237E+00  3.32616009E-03
 1.16221840E+00  3.42456689E-03
 1.16216459E+00  3.50784118E-03
 1.16210718E+00  3.59161117E-03
 1.16205278E+00  3.67497834E-03
 1.16200855E+00  3.75209044E-03
 1.16197251E+00  3.82628818E-03
 1.16193633E+00  3.89333112E-03
 1.16189349E+00  3.95011367E-03
 1.16183890E+00  3.99694783E-03
 1.16177370E+00  4.03147256E-03
 1.16170562E+00  4.05199606E-03
 1.16163714E+00  4.05765331E-03
 1.16156656E+00  4.04695289E-03
 1.16149202E+00  4.01887538E-03
 1.16140823E+00  3.97278019E-03
 1.16131275E+00  3.90815884E-03
 1.16120612E+00  3.82493199E-03
 1.16108373E+00  3.72341705E-03
 1.16093959E+00  3.60436332E-03
 1.16077004E+00  3.46910538E-03
 1.16057303E+00  3.31963487E-03
 1.16035381E+00  3.15871519E-03
 1.16012413E+00  2.98979585E-03
 1.15989374E+00  2.81666816E-03
 1.15967086E+00  2.64330766E-03
 1.15946201E+00  2.47365774E-03
 1.15926995E+00  2.31143906E-03
 1.15909981E+00  2.16030384E-03
 1.15895834E+00  2.02355793E-03
 1.15884819E+00  1.90366283E-03
 1.15877064E+00  1.80237885E-03
 1.15872561E+00  1.72099343E-03
 1.15871151E+00  1.66043147E-03
 1.15873098E+00  1.62179987E-03
 1.15878939E+00  1.60620130E-03
 1.15888868E+00  1.61369834E-03
 1.15902838E+00  1.64337224E-03
 1.15920489E+00  1.69344713E-03
 1.15941040E+00  1.76110816E-03
 1.15963868E+00  1.84336561E-03
 1.15988472E+00  1.93710144E-03
 1.16014120E+00  2.03845479E-03
 1.16040110E+00  2.14341353E-03
 1.16065749E+00  2.24824258E-03
 1.16090363E+00  2.34973761E-03
 1.16113755E+00  2.44626807E-03
 1.16136083E+00  2.53754724E-03
 1.16157451E+00  2.62325940E-03
 1.16177940E+00  2.70292873E-03
 1.16197433E+00  2.77544818E-03
 1.16215558E+00  2.83889749E-03
 1.16232191E+00  2.89221386E-03
 1.16247379E+00  2.93495819E-03
 1.16261087E+00  2.96629170E-03
 1.16273363E+00  2.98560492E-03
 1.16284184E+00  2.99212187E-03
 1.16293462E+00  2.98500878E-03
 1.16301445E+00  2.96499332E-03
 1.16308556E+00  2.93373457E-03
 1.16315072E+00  2.89223373E-03
 1.16321156E+00  2.84094143E-03
 1.16326683E+00  2.77909903E-03
 1.16331219E+00  2.70467426E-03
 1.16334468E+00  2.61648467E-03
 1.16336249E+00  2.51421242E-03
 1.16336370E+00  2.39781939E-03
 1.16334777E+00  2.26830531E-03
 1.16331347E+00  2.12688793E-03
 1.16325918E+00  1.97520128E-03
 1.16318607E+00  1.81697340E-03
 1.16309686E+00  1.65731204E-03
 1.16299434E+00  1.50160850E-03
 1.16288153E+00  1.35537733E-03
 1.16275920E+00  1.22276620E-03
 1.16262623E+00  1.10654372E-03
 1.16248318E+00  1.01016759E-03
 1.16233181E+00  9.37253484E-04
 1.16217445E+00  8.90807288E-04
 1.16201495E+00  8.73782709E-04
 1.16185613E+00  8.87887772E-04
 1.16169998E+00  9.33723100E-04
 1.16155002E+00  1.01256332E-03
 1.16141008E+00  1.12544578E-03
 1.16128356E+00  1.27180836E-03
 1.16117366E+00  1.44958861E-03
 1.16108135E+00  1.65416422E-03
 1.16100576E+00  1.87848509E-03
 1.16094660E+00  2.11545350E-03
 1.16090383E+00  2.35799121E-03
 1.16087792E+00  2.59883519E-03
 1.16087034E+00  2.83152355E-03
 1.16088164E+00  3.04956243E-03
 1.16091173E+00  3.24704480E-03
 1.16096139E+00  3.42083824E-03
 1.16103144E+00  3.56984127E-03
 1.16112274E+00  3.69370158E-03
 1.16123609E+00  3.79264601E-03
 1.16137057E+00  3.86568113E-03
 1.16152381E+00  3.91087813E-03
 1.16169372E+00  3.92861615E-03
 1.16187804E+00  3.92117527E-03
 1.16207444E+00  3.89193678E-03
 1.16228096E+00  3.84616266E-03
 1.16249469E+00  3.78888434E-03
 1.16271209E+00  3.72493155E-03
 1.16293033E+00  3.66122456E-03
 1.16314670E+00  3.60525317E-03
 1.16335847E+00  3.56345162E-03
 1.16356313E+00  3.54091225E-03
 1.16375767E+00  3.53903366E-03
 1.16393875E+00  3.55585564E-03
 1.16410375E+00  3.58964401E-03
 1.16425058E+00  3.63895445E-03
 1.16437757E+00  3.70296507E-03
 1.16448386E+00  3.78220907E-03
 1.16456920E+00  3.87527719E-03
 1.16463407E+00  3.97924628E-03
 1.16468046E+00  4.09230489E-03
 1.16471150E+00  4.21242929E-03
 1.16473077E+00  4.33770295E-03
 1.16474216E+00  4.46632386E-03
 1.16474924E+00  4.59348291E-03
 1.16475502E+00  4.71256161E-03
 1.16476257E+00  4.81871546E-03
 1.16477452E+00  4.90872049E-03
 1.16479223E+00  4.98208384E-03
 1.16481613E+00  5.04142667E-03
 1.16484607E+00  5.08842249E-03
 1.16488154E+00  5.12383561E-03
 1.16492290E+00  5.14901155E-03
 1.16497107E+00  5.16450279E-03
 1.16502581E+00  5.17169424E-03
 1.16508594E+00  5.17264840E-03
 1.16514960E+00  5.16697887E-03
 1.16521382E+00  5.15299876E-03
 1.16527597E+00  5.12932779E-03
 1.16533357E+00  5.09477049E-03
 1.16538304E+00  5.05056106E-03
 1.16542062E+00  5.00002811E-03
 1.16544321E+00  4.94483653E-03
 1.16544864E+00  4.88535325E-03
 1.16543706E+00  4.82115655E-03
 1.16541075E+00  4.75018387E-03
 1.16537189E+00  4.67140119E-03
 1.16532253E+00  4.58477792E-03
 1.16526434E+00  4.48896453E-03
 1.16519811E+00  4.38256548E-03
 1.16512579E+00  4.26450840E-03
 1.16505013E+00  4.13389799E-03
 1.16497307E+00  3.99221409E-03
 1.16489657E+00  3.84280482E-03
 1.16482244E+00  3.68850491E-03
 1.16475241E+00  3.53181112E-03
 1.16469008E+00  3.37426281E-03
 1.16464020E+00  3.21603547E-03
 1.16460641E+00  3.05833925E-03
 1.16459134E+00  2.90312129E-03
 1.16459608E+00  2.75164302E-03
 1.16461983E+00  2.60531003E-03
 1.16466231E+00  2.46500432E-03
 1.16472368E+00  2.33104256E-03
 1.16480341E+00  2.20508320E-03
 1.16490114E+00  2.08944662E-03
 1.16501588E+00  1.98563289E-03
 1.16514609E+00  1.89459751E-03
 1.16529144E+00  1.81602401E-03
 1.16545227E+00  1.74820789E-03
 1.16562843E+00  1.68993272E-03
 1.16581949E+00  1.64032453E-03
 1.16602363E+00  1.59820395E-03
 1.16623777E+00  1.56274599E-03
 1.16645964E+00  1.53283527E-03
 1.16668766E+00  1.50715124E-03
 1.16692059E+00  1.48551288E-03
 1.16715794E+00  1.46839371E-03
 1.16739870E+00  1.45616099E-03
 1.16764127E+00  1.44914438E-03
 1.16788466E+00  1.44676590E-03
 1.16812792E+00  1.44757104E-03
 1.16836996E+00  1.45065882E-03
 1.16860965E+00  1.45543232E-03
 1.16884471E+00  1.46118247E-03
 1.16907199E+00  1.46751967E-03
 1.16928863E+00  1.47366693E-03
 1.16949207E+00  1.47856817E-03
 1.16968034E+00  1.48200376E-03
 1.16985230E+00  1.48414722E-03
 1.17000634E+00  1.48498479E-03
 1.17014052E+00  1.48448403E-03
 1.17025321E+00  1.48203458E-03
 1.17034279E+00  1.47637370E-03
 1.17040816E+00  1.46640983E-03
 1.17044891E+00  1.45093575E-03
 1.17046440E+00  1.42815681E-03
 1.17045424E+00  1.39708313E-03
 1.17041888E+00  1.35960269E-03
 1.17035957E+00  1.32217426E-03
 1.17027898E+00  1.29865810E-03
 1.17018110E+00  1.30493453E-03
 1.17007006E+00  1.34411100E-03
 1.16995004E+00  1.39850576E-03
 1.16982517E+00  1.41906811E-03
 1.16969909E+00  1.34315145E-03
 1.16957577E+00  1.15403274E-03
 1.16945913E+00  9.09455023E-04
 1.16935210E+00  7.74880372E-04
 1.16925701E+00  9.74946865E-04
 1.16917574E+00  1.60442853E-03
 1.16910980E+00  2.54602858E-03
 1.16906132E+00  3.38445484E-03
 1.16903272E+00  3.51720962E-03
 1.16902527E+00  2.65916481E-03
 1.16903921E+00  1.04245547E-03
 1.16907372E+00 -4.01638137E-04
 1.16912672E+00 -2.84007146E-04
 1.16919610E+00  2.02402032E-03
 1.16927975E+00  5.92619965E-03
 1.16937474E+00  9.23110847E-03
 1.16947802E+00  8.84297593E-03
 1.16958668E+00  3.89699544E-03
 1.16969818E+00 -2.92242898E-03
 1.16981162E+00 -4.25890301E-03
 1.16992739E+00  6.03876220E-03
 1.17004563E+00  1.63784566E-02
 1.17016606E+00  9.74721205E-03
 1.17028734E+00 -2.32628999E-03
 1.17040681E+00  9.24756218E-04
 1.17052237E+00  9.91898876E-03
 1.17063217E+00  8.43862284E-03
 1.17073342E+00  3.93773650E-03
 1.17082324E+00  5.18272269E-03
 1.17089837E+00  7.05764601E-03
 1.17095550E+00  6.34496879E-03
 1.17099333E+00  5.81480940E-03
 1.17101201E+00  6.11936468E-03
 1.17101141E+00  6.16379263E-03
 1.17099152E+00  5.98916292E-03
 1.17095212E+00  5.89006246E-03
 1.17089239E+00  5.78909410E-03
 1.17081242E+00  5.63898110E-03
 1.17071276E+00  5.46487434E-03
 1.17059272E+00  5.26992348E-03
 1.17045099E+00  5.05258101E-03
 1.17028575E+00  4.81603758E-03
 1.17009422E+00  4.56370388E-03
 1.16987351E+00  4.30070609E-03
 1.16962120E+00  4.03358688E-03
 1.16933585E+00  3.76930812E-03
 1.16901861E+00  3.51503626E-03
 1.16867514E+00  3.27671579E-03
 1.16831636E+00  3.05902785E-03
 1.16795822E+00  2.86712532E-03
 1.16762343E+00  2.70606028E-03
 1.16734318E+00  2.58004209E-03
 1.16715391E+00  2.49289359E-03
 1.16709077E+00  2.44702488E-03
 1.16718226E+00  2.44356795E-03
 1.16744152E+00  2.48398273E-03
 1.16786291E+00  2.56917772E-03
 1.16842741E+00  2.69804959E-03
 1.16909574E+00  2.86752393E-03
 1.16979857E+00  3.07161886E-03
 1.17044695E+00  3.30157296E-03
 1.17094855E+00  3.54827359E-03
 1.17122225E+00  3.80243171E-03
 1.17122736E+00  4.05440957E-03
 1.17096955E+00  4.29532450E-03
 1.17047771E+00  4.51636973E-03
 1.16982218E+00  4.70959155E-03
 1.16913884E+00  4.87031883E-03
 1.16860278E+00  4.99638908E-03
 1.16839947E+00  5.08656561E-03
 1.16868999E+00  5.14028302E-03
 1.16953440E+00  5.15565547E-03
 1.17088441E+00  5.12979671E-03
 1.17264400E+00  5.06267459E-03
 1.17462844E+00  4.95667432E-03
 1.17651784E+00  4.81558012E-03
 1.17792335E+00  4.64551834E-03
 1.17845290E+00  4.45250555E-03
 1.17780168E+00  4.24247388E-03
 1.17594282E+00  4.02403544E-03
 1.17315034E+00  3.80664598E-03
 1.16986943E+00  3.59853857E-03
 1.16682341E+00  3.40634261E-03
 1.16513040E+00  3.23223748E-03
 1.16595175E+00  3.07438521E-03
 1.16992098E+00  2.93144643E-03
 1.17662048E+00  2.80274491E-03
 1.18372259E+00  2.68873367E-03
 1.18763827E+00  2.59194820E-03
 1.18594053E+00  2.51289455E-03
 1.17821987E+00  2.45064086E-03
 1.16721591E+00  2.40618330E-03
 1.15838263E+00  2.38068607E-03
 1.15535733E+00  2.37565262E-03
 1.15908483E+00  2.39275922E-03
 1.16777641E+00  2.42965183E-03
 1.17649905E+00  2.48133272E-03
 1.18223297E+00  2.54484464E-03
 1.18451670E+00  2.61884811E-03
 1.18336188E+00  2.70467786E-03
 1.18059406E+00  2.80687979E-03
 1.17694319E+00  2.92805418E-03
 1.17165317E+00  3.06893387E-03
 1.16615655E+00  3.23064075E-03
 1.16250132E+00  3.41270051E-03
 1.16236203E+00  3.61433539E-03
 1.16727479E+00  3.83422032E-03
 1.17536612E+00  4.06642352E-03
 1.18220082E+00  4.30189961E-03
 1.18505310E+00  4.53156397E-03
 1.18284292E+00  4.74640527E-03
 1.17712455E+00  4.94029611E-03
 1.17238302E+00  5.11020571E-03
 1.17093872E+00  5.25146152E-03
 1.17265800E+00  5.35876654E-03
 1.17646623E+00  5.42817987E-03
 1.17931439E+00  5.45573951E-03
 1.17977245E+00  5.43981380E-03
 1.17875583E+00  5.38089611E-03
 1.17690511E+00  5.27767060E-03
 1.17558965E+00  5.12884314E-03
 1.17550836E+00  4.93604798E-03
 1.17575964E+00  4.70350935E-03
 1.17600090E+00  4.44016339E-03
 1.17593717E+00  4.15946850E-03
 1.17529498E+00  3.87456906E-03
 1.17458558E+00  3.59825545E-03
 1.17400483E+00  3.34357159E-03
 1.17350196E+00  3.12187827E-03
 1.17318805E+00  2.94456115E-03
 1.17291837E+00  2.82197400E-03
 1.17261397E+00  2.75922001E-03
 1.17235929E+00  2.75755182E-03
 1.17213274E+00  2.81667960E-03
 1.17194987E+00  2.93493516E-03
 1.17184433E+00  3.11254391E-03
 1.17178692E+00  3.35107295E-03
 1.17177520E+00  3.64751491E-03
 1.17181212E+00  3.99498915E-03
 1.17188412E+00  4.38409002E-03
 1.17199046E+00  4.80156022E-03
 1.17212810E+00  5.23433556E-03
 1.17228762E+00  5.66964965E-03
 1.17245905E+00  6.09117109E-03
 1.17262814E+00  6.48182325E-03
 1.17278259E+00  6.82644184E-03
 1.17291488E+00  7.11246227E-03
 1.17302321E+00  7.33442916E-03
 1.17311221E+00  7.49334001E-03
 1.17318524E+00  7.59036966E-03
 1.17324388E+00  7.62675520E-03
 1.17328985E+00  7.60284443E-03
 1.17332273E+00  7.51704699E-03
 1.17334442E+00  7.37234922E-03
 1.17335864E+00  7.17560986E-03
 1.17336467E+00  6.93307524E-03
 1.17335992E+00  6.65270009E-03
 1.17334206E+00  6.34266339E-03
 1.17330895E+00  6.01116002E-03
 1.17326411E+00  5.67196315E-03
 1.17321543E+00  5.34179574E-03
 1.17316731E+00  5.03409062E-03
 1.17312129E+00  4.75883406E-03
 1.17307614E+00  4.51948702E-03
 1.17302639E+00  4.31262078E-03
 1.17296909E+00  4.13596464E-03
 1.17290370E+00  3.98852222E-03
 1.17282772E+00  3.86886845E-03
 1.17273959E+00  3.77742609E-03
 1.17263826E+00  3.71158578E-03
 1.17252321E+00  3.66617213E-03
 1.17239986E+00  3.63954895E-03
 1.17227796E+00  3.63111845E-03
 1.17216658E+00  3.63978737E-03
 1.17207420E+00  3.66421979E-03
 1.17200608E+00  3.69745364E-03
 1.17196359E+00  3.72852257E-03
 1.17195047E+00  3.75027459E-03
 1.17197171E+00  3.75902141E-03
 1.17203056E+00  3.75526280E-03
 1.17213041E+00  3.74495161E-03
 1.17227232E+00  3.73223728E-03
 1.17245510E+00  3.71937978E-03
 1.17268024E+00  3.71051679E-03
 1.17294988E+00  3.70892461E-03
 1.17326301E+00  3.71884311E-03
 1.17361607E+00  3.74540181E-03
 1.17400050E+00  3.78883244E-03
 1.17440280E+00  3.84631130E-03
 1.17481020E+00  3.91578095E-03
 1.17521060E+00  3.99562058E-03
 1.17559149E+00  4.08806561E-03
 1.17594214E+00  4.19892609E-03
 1.17625147E+00  4.33062993E-03
 1.17650899E+00  4.48276867E-03
 1.17670940E+00  4.65359179E-03
 1.17685104E+00  4.83826731E-03
 1.17693347E+00  5.03323248E-03
 1.17695744E+00  5.23622772E-03
 1.17692147E+00  5.44187619E-03
 1.17682233E+00  5.64387874E-03
 1.17666108E+00  5.83610685E-03
 1.17644235E+00  6.01222403E-03
 1.17617295E+00  6.16939489E-03
 1.17586336E+00  6.30764253E-03
 1.17552364E+00  6.42568749E-03
 1.17516346E+00  6.52145961E-03
 1.17479606E+00  6.59157263E-03
 1.17443555E+00  6.63069450E-03
 1.17409452E+00  6.63564351E-03
 1.17378348E+00  6.60523633E-03
 1.17350674E+00  6.53808322E-03
 1.17326294E+00  6.43404037E-03
 1.17305108E+00  6.29315435E-03
 1.17287050E+00  6.11553282E-03
 1.17272169E+00  5.90431984E-03
 1.17260738E+00  5.66483371E-03
 1.17252671E+00  5.40284082E-03
 1.17247591E+00  5.12513256E-03
 1.17245252E+00  4.83839910E-03
 1.17245317E+00  4.54894160E-03
 1.17247466E+00  4.26468903E-03
 1.17251396E+00  3.99457801E-03
 1.17256313E+00  3.74736090E-03
 1.17261141E+00  3.53194570E-03
 1.17265098E+00  3.35621487E-03
 1.17267683E+00  3.22639778E-03
 1.17268907E+00  3.14769433E-03
