# x =
 2.68556795E+01
# y =
 3.25097170E+00
 VARIABLES = u,v
 1.14888422E+00  1.09191700E-02
 1.15216586E+00  1.24471489E-02
 1.16082749E+00  1.04345693E-02
 1.17160405E+00  5.78955335E-03
 1.17892455E+00  1.18780285E-03
 1.17919928E+00 -1.70631350E-03
 1.17288394E+00 -2.09892931E-03
 1.16294774E+00 -2.78389245E-05
 1.15508934E+00  3.03300603E-03
 1.15303977E+00  6.39316021E-03
 1.15678040E+00  9.98941558E-03
 1.16409282E+00  1.25865589E-02
 1.17007158E+00  1.29140578E-02
 1.17185100E+00  1.00169604E-02
 1.16994274E+00  3.46307763E-03
 1.16575115E+00 -4.36457355E-03
 1.16249626E+00 -9.23627569E-03
 1.16183837E+00 -8.49472907E-03
 1.16271387E+00 -1.52019398E-03
 1.16432775E+00  8.87116515E-03
 1.16522403E+00  1.67245709E-02
 1.16463312E+00  1.84610993E-02
 1.16356960E+00  1.36937789E-02
 1.16246332E+00  4.89900617E-03
 1.16165948E+00 -2.09610741E-03
 1.16148568E+00 -3.98370220E-03
 1.16140325E+00 -1.06573084E-03
 1.16122210E+00  4.81897147E-03
 1.16103392E+00  9.28120424E-03
 1.16074311E+00  9.96703388E-03
 1.16052718E+00  7.80970746E-03
 1.16047368E+00  4.02878827E-03
 1.16047101E+00  1.20533809E-03
 1.16052706E+00  7.60589217E-04
 1.16061298E+00  1.70224659E-03
 1.16068684E+00  3.41477360E-03
 1.16078945E+00  4.90311408E-03
 1.16093096E+00  5.51518915E-03
 1.16111904E+00  5.95620189E-03
 1.16139953E+00  6.39497475E-03
 1.16181230E+00  6.79346403E-03
 1.16239682E+00  7.17676715E-03
 1.16318810E+00  6.99721202E-03
 1.16418258E+00  6.08526973E-03
 1.16534166E+00  4.67378312E-03
 1.16661145E+00  2.94444978E-03
 1.16790782E+00  1.41846527E-03
 1.16910317E+00  7.92601886E-04
 1.17004626E+00  1.63730303E-03
 1.17058153E+00  4.27951678E-03
 1.17057543E+00  8.39188861E-03
 1.16997249E+00  1.25061580E-02
 1.16880284E+00  1.44758899E-02
 1.16714528E+00  1.28549155E-02
 1.16515973E+00  7.44607007E-03
 1.16312272E+00  2.46462433E-05
 1.16138156E+00 -5.97071343E-03
 1.16030269E+00 -8.19556233E-03
 1.16020670E+00 -5.95705009E-03
 1.16123357E+00 -3.10006507E-04
 1.16332542E+00  5.69326712E-03
 1.16632453E+00  1.01182152E-02
 1.16989639E+00  1.25044711E-02
 1.17344090E+00  1.25664655E-02
 1.17620907E+00  1.10853327E-02
 1.17743052E+00  8.24956218E-03
 1.17647567E+00  3.53242047E-03
 1.17319581E+00 -1.87219375E-03
 1.16796448E+00 -6.07067317E-03
 1.16143191E+00 -7.43458487E-03
 1.15471565E+00 -4.50687801E-03
 1.14961652E+00  1.93549167E-03
 1.14811003E+00  9.19649759E-03
 1.15158567E+00  1.53690468E-02
 1.16010443E+00  1.90220205E-02
 1.17110706E+00  1.92121578E-02
 1.18010501E+00  1.63024947E-02
 1.18363768E+00  1.02574632E-02
 1.18005369E+00  1.22769340E-03
 1.17058307E+00 -8.18134143E-03
 1.15941909E+00 -1.43294926E-02
 1.14952517E+00 -1.43499533E-02
 1.14249336E+00 -6.78914666E-03
 1.13990426E+00  5.69189725E-03
 1.14189582E+00  1.71252447E-02
 1.14910960E+00  2.34419429E-02
 1.16217721E+00  2.28751390E-02
 1.17772108E+00  1.64306002E-02
 1.19024187E+00  8.56227202E-03
 1.19522150E+00  1.68380824E-03
 1.18958785E+00 -3.96821709E-03
 1.17526100E+00 -7.49424461E-03
 1.15867634E+00 -9.10884752E-03
 1.14426914E+00 -8.02556946E-03
 1.13472889E+00 -2.24393615E-03
 1.13173964E+00  7.15978818E-03
 1.13416253E+00  1.73908546E-02
 1.14228232E+00  2.58735178E-02
 1.15701136E+00  2.95002504E-02
 1.17461468E+00  2.68419942E-02
 1.18934681E+00  1.86203151E-02
 1.19585163E+00  5.34592327E-03
 1.18945595E+00 -1.11865263E-02
 1.17121741E+00 -2.59268654E-02
 1.14749430E+00 -3.27682057E-02
 1.12368938E+00 -2.70978390E-02
 1.10567763E+00 -7.76076579E-03
 1.10111872E+00  1.84548311E-02
 1.11510473E+00  3.89255059E-02
 1.14863133E+00  4.49599994E-02
 1.19378089E+00  3.36560985E-02
 1.22312954E+00  1.02726862E-02
 1.21034170E+00 -1.16733266E-02
 1.17906992E+00 -2.39110537E-02
 1.17132533E+00 -2.48415085E-02
 1.16511086E+00 -1.60915470E-02
 1.12337296E+00 -5.34882362E-03
 1.08485210E+00  3.70447710E-03
 1.09842849E+00  1.25565664E-02
 1.13775884E+00  1.93785739E-02
 1.16081072E+00  2.29660710E-02
 1.17117617E+00  2.14919035E-02
 1.17677416E+00  1.13916803E-02
 1.17217482E+00 -3.93922095E-03
 1.16515089E+00 -1.67285270E-02
 1.16232988E+00 -2.19679770E-02
 1.15936589E+00 -1.65690620E-02
 1.15578795E+00 -3.39523021E-03
 1.15172563E+00  8.64467196E-03
 1.14835782E+00  1.47664061E-02
 1.15056096E+00  1.41897652E-02
 1.15694941E+00  8.20546900E-03
 1.16217336E+00  2.33519116E-03
 1.16360652E+00 -9.36436137E-04
 1.15908127E+00 -2.87605966E-03
 1.15030315E+00 -3.08717731E-03
 1.14346264E+00 -2.08924451E-03
 1.14136061E+00  1.81394148E-04
 1.14405160E+00  5.40347304E-03
 1.15078292E+00  1.16187167E-02
 1.15800768E+00  1.49321835E-02
 1.16378874E+00  1.31422119E-02
 1.16833264E+00  5.21502815E-03
 1.17019372E+00 -5.82350860E-03
 1.16825661E+00 -1.33514203E-02
 1.16198270E+00 -1.35890354E-02
 1.15112808E+00 -6.02424690E-03
 1.13947067E+00  6.35773059E-03
 1.13323757E+00  1.65184071E-02
 1.13618939E+00  2.02506330E-02
 1.14884172E+00  1.72641274E-02
 1.16562271E+00  9.21125257E-03
 1.17590127E+00  9.88107873E-04
 1.17336989E+00 -4.50320712E-03
 1.15786376E+00 -7.44151901E-03
 1.13629702E+00 -7.45367698E-03
 1.12250935E+00 -5.36512148E-03
 1.12462728E+00 -1.48832438E-03
 1.14236410E+00  4.99937092E-03
 1.16878726E+00  1.17622692E-02
 1.18926569E+00  1.49903577E-02
 1.19479707E+00  1.22592403E-02
 1.18517786E+00  2.55356802E-03
 1.16436994E+00 -1.03445338E-02
 1.14292525E+00 -1.88280687E-02
 1.12759101E+00 -1.83197005E-02
 1.11870734E+00 -8.00310460E-03
 1.11764835E+00  8.08212137E-03
 1.12323483E+00  2.08521128E-02
 1.13503701E+00  2.48326302E-02
 1.15446022E+00  1.94438189E-02
 1.17552573E+00  7.23595017E-03
 1.18854117E+00 -4.70943861E-03
 1.18674906E+00 -1.21700070E-02
 1.16670514E+00 -1.51280332E-02
 1.13587619E+00 -1.34625895E-02
 1.11077623E+00 -9.16521320E-03
 1.10184598E+00 -3.12855769E-03
 1.11227590E+00  5.74249473E-03
 1.13645181E+00  1.49676149E-02
 1.15862346E+00  2.06714350E-02
 1.16986981E+00  2.00531976E-02
 1.16969467E+00  1.11064164E-02
 1.15998223E+00 -2.84220960E-03
 1.14899279E+00 -1.42295148E-02
 1.14060251E+00 -1.83075063E-02
 1.13243518E+00 -1.33376092E-02
 1.12633178E+00 -1.82923109E-03
 1.12394007E+00  8.86389642E-03
 1.12709180E+00  1.46115272E-02
 1.13950868E+00  1.50441506E-02
 1.15747724E+00  1.08815472E-02
 1.17232549E+00  5.86406296E-03
 1.17850545E+00  1.69631974E-03
 1.17256934E+00 -2.70663761E-03
 1.15706281E+00 -6.29544021E-03
 1.14102445E+00 -8.01828758E-03
 1.12966470E+00 -6.81276937E-03
 1.12469550E+00 -8.88849212E-04
 1.12692529E+00  7.85551989E-03
 1.13339609E+00  1.50224128E-02
 1.14311358E+00  1.78152715E-02
 1.15697253E+00  1.46236825E-02
 1.17095499E+00  6.80853520E-03
 1.17954680E+00 -1.03639443E-03
 1.17849267E+00 -6.25918402E-03
 1.16499019E+00 -8.06154829E-03
 1.14420875E+00 -6.13913778E-03
 1.12737743E+00 -2.12114607E-03
 1.12165904E+00  3.28999507E-03
 1.12967779E+00  1.03068967E-02
 1.14754117E+00  1.66157327E-02
 1.16408829E+00  1.91935800E-02
 1.17289674E+00  1.59119530E-02
 1.17306802E+00  5.79747641E-03
 1.16528184E+00 -7.44495898E-03
 1.15483426E+00 -1.66908558E-02
 1.14439808E+00 -1.74585742E-02
 1.13320265E+00 -8.60713476E-03
 1.12481559E+00  6.06599827E-03
 1.12334361E+00  1.78592159E-02
 1.13162018E+00  2.15523744E-02
 1.15135818E+00  1.64995263E-02
 1.17533371E+00  5.20484290E-03
 1.19021474E+00 -5.37853090E-03
 1.18769682E+00 -1.12439211E-02
 1.16561720E+00 -1.25503840E-02
 1.13228186E+00 -9.47893822E-03
 1.10592528E+00 -4.38758900E-03
 1.09789867E+00  1.54250747E-03
 1.11051973E+00  9.23928644E-03
 1.13861716E+00  1.63910643E-02
 1.16672071E+00  1.96140749E-02
 1.18396698E+00  1.66558698E-02
 1.18557837E+00  6.12433699E-03
 1.16396645E+00 -8.01805891E-03
 1.12367461E+00 -1.77957260E-02
 1.09656188E+00 -1.83942438E-02
 1.11362157E+00 -8.72404572E-03
 1.14980533E+00  6.68950768E-03
 1.15703006E+00  1.77863661E-02
 1.14946572E+00  1.88447925E-02
 1.16105340E+00  9.88624085E-03
 1.17508773E+00 -4.63873911E-03
 1.17173229E+00 -1.48264846E-02
 1.15924843E+00 -1.51501040E-02
 1.14146415E+00 -6.58675898E-03
 1.11916470E+00  7.08829506E-03
 1.10322048E+00  1.76990295E-02
 1.10328277E+00  2.04463635E-02
 1.12207082E+00  1.63500196E-02
 1.15225678E+00  7.55139035E-03
 1.17792064E+00 -9.70529706E-04
 1.18910787E+00 -6.14303454E-03
 1.18309084E+00 -8.88734186E-03
 1.16315039E+00 -9.38245616E-03
 1.14111145E+00 -8.60095597E-03
 1.12391042E+00 -6.92538416E-03
 1.11229310E+00 -2.80095359E-03
 1.10863648E+00  3.16274138E-03
 1.11229141E+00  9.14484114E-03
 1.12388383E+00  1.35789589E-02
 1.14584962E+00  1.42520916E-02
 1.17133439E+00  1.05970125E-02
 1.18869901E+00  3.87744697E-03
 1.18973978E+00 -4.95072211E-03
 1.16995082E+00 -1.42002931E-02
 1.13687212E+00 -2.07946951E-02
 1.10841607E+00 -2.17041352E-02
 1.09574127E+00 -1.46718878E-02
 1.10242769E+00  3.74873875E-04
 1.12412492E+00  1.83052319E-02
 1.14625662E+00  3.05623278E-02
 1.16096414E+00  3.12292070E-02
 1.16837041E+00  1.85931391E-02
 1.16848256E+00 -2.29068340E-03
 1.16598792E+00 -2.02048540E-02
 1.16210832E+00 -2.80233976E-02
 1.15293889E+00 -2.41394084E-02
 1.14097475E+00 -1.14403313E-02
 1.13090212E+00  1.27437379E-03
 1.12658970E+00  9.15607020E-03
 1.13292328E+00  1.25631037E-02
 1.14779170E+00  1.17489087E-02
 1.16323011E+00  9.63815078E-03
 1.17451592E+00  7.09271607E-03
 1.17860626E+00  1.67095882E-03
 1.17470899E+00 -5.38552872E-03
 1.16644862E+00 -1.15722359E-02
 1.15512579E+00 -1.48276654E-02
 1.14075672E+00 -1.23012264E-02
 1.12761779E+00 -5.12026844E-03
 1.12064585E+00  2.29356791E-03
 1.12379264E+00  7.48266580E-03
 1.13925971E+00  9.01574521E-03
 1.16073631E+00  6.96457799E-03
 1.17598740E+00  3.99018852E-03
 1.17728954E+00  1.08887089E-03
 1.16247616E+00 -2.02569570E-03
 1.13805710E+00 -4.14437036E-03
 1.11905097E+00 -4.35948057E-03
 1.11411518E+00 -1.82132809E-03
 1.12375709E+00  4.21854494E-03
 1.14282735E+00  1.10224198E-02
 1.15845785E+00  1.38157850E-02
 1.16361394E+00  9.95046305E-03
 1.15966347E+00 -6.79224153E-04
 1.14967531E+00 -1.35301626E-02
 1.14149524E+00 -2.02324039E-02
 1.13950424E+00 -1.63444663E-02
 1.14184287E+00 -2.90309250E-03
 1.14832740E+00  1.29582006E-02
 1.15725556E+00  1.88068627E-02
 1.16645396E+00  8.57794590E-03
 1.17481998E+00 -1.39372109E-02
 1.17494417E+00 -3.48473912E-02
 1.15701761E+00 -3.59881035E-02
 1.11792974E+00 -2.19067079E-02
 1.06358344E+00 -8.22928797E-03
 1.01705104E+00  1.89673300E-02
 1.01169721E+00  7.69431692E-02
 1.06274977E+00  1.42616027E-01
 1.15706062E+00  1.75432167E-01
 1.24053075E+00  1.39315552E-01
 1.24449363E+00  1.65620399E-02
 1.18107321E+00 -1.25752993E-01
 1.11428916E+00 -1.80166432E-01
 1.05582761E+00 -1.56262879E-01
 1.00728048E+00 -1.23028459E-01
 9.91432552E-01 -7.25043495E-02
 1.00995547E+00  1.99418280E-03
 1.07120527E+00  5.78131489E-02
 1.17960710E+00  7.29293377E-02
 1.26207559E+00  4.62998267E-02
 1.23485343E+00 -1.58354128E-02
 1.14596798E+00 -7.40788508E-02
 1.09550124E+00 -8.18576931E-02
 1.06818866E+00 -5.42423410E-02
 1.01990363E+00 -3.66617149E-02
 9.87036290E-01 -1.83355323E-02
 9.99653043E-01  2.37655197E-02
 1.05041362E+00  6.22769791E-02
 1.13591067E+00  7.08799605E-02
 1.22339829E+00  5.58394884E-02
 1.26117053E+00  2.32370401E-02
 1.25558104E+00 -3.14888684E-02
 1.23969468E+00 -9.97077651E-02
 1.19462967E+00 -1.41388998E-01
 1.10274145E+00 -1.19645096E-01
 1.01771687E+00 -6.32566197E-02
 9.97329062E-01 -2.69729799E-02
 1.02173990E+00  1.63105698E-03
 1.04725367E+00  5.18291560E-02
 1.08140360E+00  8.70087210E-02
 1.13679902E+00  7.00736235E-02
 1.19103684E+00  2.84975162E-02
 1.22571350E+00 -7.92080251E-04
 1.23040214E+00 -2.01847801E-02
 1.19548372E+00 -3.67790791E-02
 1.14667096E+00 -3.98823964E-02
 1.12425555E+00 -2.85458936E-02
 1.11564856E+00 -1.68140791E-02
 1.08973199E+00 -1.39485225E-02
 1.07149360E+00 -1.44601244E-02
 1.09174280E+00 -8.37347400E-03
 1.11936596E+00 -1.28195394E-03
 1.11797728E+00 -2.00653207E-03
 1.10917843E+00  3.26705628E-04
 1.12477198E+00  1.60601653E-02
 1.15288635E+00  2.82082578E-02
 1.17339068E+00  1.66323043E-02
 1.18407097E+00 -4.77274389E-03
 1.17693386E+00 -1.33290997E-02
 1.14465439E+00 -1.93829613E-02
 1.09651023E+00 -3.62863098E-02
 1.05184386E+00 -4.05878467E-02
 1.03439920E+00 -9.46272558E-03
 1.05885007E+00  3.19973958E-02
 1.11946364E+00  4.71628416E-02
 1.18182508E+00  4.10120960E-02
 1.20223976E+00  3.07544820E-02
 1.19111511E+00  1.19313570E-02
 1.18715488E+00 -1.40041818E-02
 1.17319065E+00 -3.06234950E-02
 1.12566149E+00 -2.85369225E-02
 1.08676902E+00 -1.10423728E-02
 1.09929199E+00  1.17971528E-02
 1.13679677E+00  2.74610094E-02
 1.15590380E+00  2.50724237E-02
 1.15955165E+00  9.01153837E-03
 1.16094992E+00 -4.45513534E-03
 1.15620542E+00 -1.16939927E-02
 1.15196964E+00 -1.54330548E-02
 1.15437718E+00 -1.24532223E-02
 1.15629122E+00 -5.22334204E-03
 1.15573219E+00 -1.04383991E-03
 1.15321517E+00 -2.57921069E-03
 1.14884023E+00 -3.72404982E-03
 1.14709428E+00  3.84060517E-03
 1.14850111E+00  1.19790994E-02
 1.15018243E+00  7.42860885E-03
 1.15173566E+00 -4.10899065E-05
 1.15235608E+00  4.61711816E-03
 1.15213713E+00  1.33368705E-02
 1.15336993E+00  1.37691516E-02
 1.15646028E+00  1.03295336E-02
 1.16052607E+00  8.78069468E-03
 1.16499463E+00  6.52970050E-03
 1.16842122E+00  3.03579743E-03
 1.16985456E+00  4.22040004E-04
 1.16939778E+00 -1.57403567E-03
 1.16693742E+00 -3.33671886E-03
 1.16266866E+00 -4.39938074E-03
 1.15707313E+00 -4.51733754E-03
 1.15055483E+00 -3.23497379E-03
 1.14418491E+00 -1.03139338E-04
 1.13946790E+00  4.97949067E-03
 1.13775547E+00  1.16505862E-02
 1.14014817E+00  1.86977757E-02
 1.14676814E+00  2.38502690E-02
 1.15656572E+00  2.44000226E-02
 1.16789541E+00  1.87643058E-02
 1.17808676E+00  7.44318068E-03
 1.18296601E+00 -5.84676483E-03
 1.17824302E+00 -1.50043663E-02
 1.16174720E+00 -1.57485610E-02
 1.13542162E+00 -6.98608673E-03
 1.10857822E+00  7.93876987E-03
 1.09525518E+00  2.15221219E-02
 1.10456842E+00  2.87066536E-02
 1.13714761E+00  2.79690625E-02
 1.18046508E+00  2.04700501E-02
 1.21113534E+00  1.11838525E-02
 1.21415143E+00  2.95727867E-03
 1.18725981E+00 -3.97380070E-03
 1.14241024E+00 -7.88098560E-03
 1.10606797E+00 -7.89907093E-03
 1.09431538E+00 -2.90160930E-03
 1.10831226E+00  8.52453310E-03
 1.14018054E+00  2.24431471E-02
 1.16920229E+00  3.18127294E-02
 1.18372161E+00  3.19573480E-02
 1.18554233E+00  2.09174058E-02
 1.17701268E+00  3.28035353E-03
 1.16687623E+00 -1.05852853E-02
 1.15925765E+00 -1.45526106E-02
 1.14975109E+00 -7.62207959E-03
 1.14050977E+00  6.29324239E-03
 1.13506104E+00  1.73528142E-02
 1.13612288E+00  2.02285815E-02
 1.14844741E+00  1.56645473E-02
 1.16760923E+00  6.55422069E-03
 1.18242830E+00 -7.04006465E-05
 1.18647074E+00 -5.69536561E-04
 1.17684721E+00  3.19756248E-03
 1.15807048E+00  9.23700613E-03
 1.14272246E+00  1.35565766E-02
 1.13747970E+00  1.38721669E-02
 1.14251883E+00  1.17917932E-02
 1.15443422E+00  8.27452230E-03
 1.16371992E+00  4.80074477E-03
 1.16558681E+00  2.54089981E-03
 1.16192056E+00  7.25706079E-04
 1.15496096E+00 -4.27037062E-04
 1.14996606E+00 -2.99686939E-04
 1.14964357E+00  1.25703549E-03
 1.15165365E+00  4.65149709E-03
 1.15470069E+00  8.80997352E-03
 1.15682281E+00  1.14792364E-02
 1.15676838E+00  1.12854348E-02
 1.15619598E+00  7.73048707E-03
 1.15576650E+00  2.11226394E-03
 1.15574879E+00 -2.52769584E-03
 1.15658267E+00 -4.32502115E-03
 1.15744994E+00 -2.90744382E-03
 1.15798506E+00  7.00116097E-04
 1.15832804E+00  3.75228333E-03
 1.15832411E+00  4.75091760E-03
 1.15820306E+00  3.86956394E-03
 1.15814846E+00  1.77725868E-03
 1.15808342E+00  2.50281844E-04
 1.15809470E+00  1.35253273E-04
 1.15821462E+00  8.14679882E-04
 1.15841251E+00  1.86098809E-03
 1.15872285E+00  2.46910377E-03
 1.15912415E+00  2.23837153E-03
 1.15955373E+00  1.77165441E-03
 1.15992496E+00  1.37639430E-03
 1.16010175E+00  1.33829317E-03
 1.15994705E+00  1.92468758E-03
 1.15935453E+00  2.88957639E-03
 1.15829366E+00  4.08596989E-03
 1.15682304E+00  5.41708248E-03
 1.15503691E+00  6.62033267E-03
 1.15309156E+00  7.48731429E-03
 1.15124231E+00  7.62701105E-03
 1.14979600E+00  6.56415258E-03
 1.14907667E+00  4.19099912E-03
 1.14936526E+00  9.18975810E-04
 1.15076177E+00 -1.94242526E-03
 1.15317567E+00 -2.52666371E-03
 1.15641769E+00  2.19834944E-04
 1.16012760E+00  5.98433292E-03
 1.16370443E+00  1.23699377E-02
 1.16641812E+00  1.54147970E-02
 1.16752861E+00  1.27065362E-02
 1.16644780E+00  4.32157925E-03
 1.16306482E+00 -6.47337953E-03
 1.15779338E+00 -1.36066912E-02
 1.15135795E+00 -1.33117530E-02
 1.14498487E+00 -5.37440477E-03
 1.14061770E+00  6.92903437E-03
 1.14034654E+00  1.66756644E-02
 1.14548151E+00  1.95630413E-02
 1.15570403E+00  1.52668508E-02
 1.16765284E+00  5.87949935E-03
 1.17587233E+00 -3.14529135E-03
 1.17654944E+00 -8.53648745E-03
 1.16871851E+00 -1.03870827E-02
 1.15585411E+00 -8.89428651E-03
 1.14534533E+00 -5.91786059E-03
 1.14184886E+00 -2.28668056E-03
 1.14614402E+00  3.01789450E-03
 1.15542839E+00  8.72814908E-03
 1.16274859E+00  1.28138681E-02
 1.16431679E+00  1.37031622E-02
 1.16067807E+00  9.81737451E-03
 1.15381603E+00  2.84779984E-03
 1.14858762E+00 -2.97889060E-03
 1.14748493E+00 -5.13349193E-03
 1.14921188E+00 -2.64004417E-03
 1.15275388E+00  3.00664898E-03
 1.15592679E+00  7.50946624E-03
 1.15749990E+00  8.66555782E-03
 1.15865243E+00  6.64616257E-03
 1.15956400E+00  2.54385060E-03
 1.16025016E+00 -6.38599559E-04
 1.16070784E+00 -1.43314464E-03
 1.15983218E+00 -6.23944498E-04
 1.15736506E+00  1.21498523E-03
 1.15383040E+00  2.75666638E-03
 1.14974850E+00  3.28492177E-03
 1.14642645E+00  3.55975489E-03
 1.14560048E+00  3.73246869E-03
 1.14872763E+00  3.87197705E-03
 1.15643639E+00  4.03365841E-03
 1.16746348E+00  3.58675757E-03
 1.17737795E+00  2.37433901E-03
 1.17997054E+00  6.64760094E-04
 1.17147754E+00 -1.31244361E-03
 1.15240543E+00 -2.90326316E-03
 1.12989038E+00 -3.26153461E-03
 1.11617306E+00 -1.71045024E-03
 1.11896343E+00  2.04846704E-03
 1.13880663E+00  7.39638549E-03
 1.16741938E+00  1.21825564E-02
 1.18829314E+00  1.34131482E-02
 1.19111273E+00  9.27422429E-03
 1.17486071E+00  1.74991138E-05
 1.14635995E+00 -1.08917594E-02
 1.12158854E+00 -1.75194723E-02
 1.11032472E+00 -1.61194104E-02
 1.11313628E+00 -6.40784244E-03
 1.12743596E+00  7.62464151E-03
 1.14410025E+00  1.80204091E-02
 1.15793729E+00  1.98597766E-02
 1.16997255E+00  1.27819329E-02
 1.17764265E+00  3.09400900E-04
 1.17913418E+00 -9.62915706E-03
 1.17259541E+00 -1.24084534E-02
 1.15497783E+00 -8.33809515E-03
 1.13217341E+00  3.99710662E-05
 1.11567641E+00  6.68288090E-03
 1.11298783E+00  8.30630256E-03
 1.12763435E+00  6.07943712E-03
 1.15323814E+00  1.59302333E-03
 1.17422879E+00 -1.68279479E-03
 1.18155205E+00 -1.91559948E-03
 1.17369709E+00 -5.81026075E-04
 1.15568345E+00  1.41809163E-03
 1.14109764E+00  2.70436169E-03
 1.13704238E+00  2.43712532E-03
 1.14205284E+00  1.73331904E-03
 1.15282204E+00  1.06378094E-03
 1.16089190E+00  6.75808330E-04
 1.16209461E+00  8.96250865E-04
 1.15946226E+00  1.17892982E-03
 1.15494453E+00  1.29930352E-03
 1.15212670E+00  1.36192765E-03
 1.15298890E+00  1.26710841E-03
 1.15492586E+00  1.17714192E-03
 1.15688731E+00  1.19105788E-03
 1.15813514E+00  1.21032619E-03
 1.15786939E+00  1.25233497E-03
 1.15743381E+00  1.30113280E-03
 1.15734253E+00  1.31920960E-03
 1.15737787E+00  1.34169770E-03
 1.15779675E+00  1.37077484E-03
 1.15819258E+00  1.39714221E-03
 1.15834585E+00  1.43160989E-03
 1.15851501E+00  1.46970044E-03
 1.15867084E+00  1.50965857E-03
 1.15887051E+00  1.55703453E-03
 1.15920507E+00  1.60973066E-03
 1.15957125E+00  1.66533103E-03
 1.15994184E+00  1.72295698E-03
 1.16030395E+00  1.77964703E-03
 1.16057712E+00  1.83300983E-03
 1.16070943E+00  1.88125462E-03
 1.16064091E+00  1.92094254E-03
 1.16030399E+00  1.94810527E-03
 1.15968379E+00  1.95970197E-03
 1.15880377E+00  1.95278863E-03
 1.15770676E+00  1.92423776E-03
 1.15647821E+00  1.87098084E-03
 1.15525571E+00  1.78905954E-03
 1.15420812E+00  1.67439344E-03
 1.15351476E+00  1.52533666E-03
 1.15333280E+00  1.34324699E-03
 1.15373356E+00  1.13325633E-03
 1.15469493E+00  9.04159200E-04
 1.15614581E+00  6.64865398E-04
 1.15792958E+00  4.23438565E-04
 1.15976304E+00  1.86739657E-04
 1.16128752E+00 -3.48742932E-05
 1.16212237E+00 -2.13052162E-04
 1.16193659E+00 -2.93375743E-04
 1.16060158E+00 -1.86914763E-04
 1.15820581E+00  2.00889080E-04
 1.15493967E+00  8.89534899E-04
 1.15117785E+00  1.77635092E-03
 1.14757112E+00  2.57915488E-03
 1.14491198E+00  2.91529814E-03
 1.14399349E+00  2.58860639E-03
 1.14542205E+00  1.71950002E-03
 1.14923082E+00  8.93110348E-04
 1.15482751E+00  9.72599190E-04
 1.16125567E+00  2.28596757E-03
 1.16697297E+00  4.30370289E-03
 1.16960408E+00  5.33204330E-03
 1.16669705E+00  3.02322057E-03
 1.15697502E+00 -3.40752541E-03
 1.14146353E+00 -1.22515200E-02
 1.12532499E+00 -1.84624593E-02
 1.11643309E+00 -1.51695325E-02
 1.12007802E+00  4.11573834E-05
 1.13705987E+00  2.23690604E-02
 1.16118089E+00  3.71853575E-02
 1.18024102E+00  2.85906487E-02
 1.18603891E+00  6.08943280E-03
 1.17635732E+00 -7.12883599E-03
 1.15517107E+00 -1.16421372E-02
 1.13356512E+00 -1.61416459E-02
 1.11853945E+00 -1.56313108E-02
 1.11165765E+00 -8.30114979E-03
 1.11370427E+00  4.01295531E-03
 1.12146253E+00  2.18270672E-02
 1.13363654E+00  3.39982931E-02
 1.15129513E+00  2.63388016E-02
 1.16914193E+00  7.20434810E-03
 1.17955568E+00 -5.41761979E-03
 1.17682981E+00 -1.02496990E-02
 1.15747076E+00 -1.12207576E-02
 1.12845202E+00 -7.09804846E-03
 1.10487553E+00 -1.73985884E-03
 1.09648001E+00  1.52686956E-03
 1.10688024E+00  4.60775665E-03
 1.13109698E+00  7.38111799E-03
 1.15451217E+00  9.29614642E-03
 1.16873123E+00  9.61823223E-03
 1.17264716E+00  6.07582470E-03
 1.16711124E+00 -1.46065058E-04
 1.15884354E+00 -5.51880005E-03
 1.15067025E+00 -8.02142197E-03
 1.14025054E+00 -6.25305193E-03
 1.13020624E+00 -1.35712551E-03
 1.12374241E+00  2.73854821E-03
 1.12386026E+00  4.13824855E-03
 1.13461069E+00  2.80957152E-03
 1.15211509E+00 -4.02327677E-04
 1.16690481E+00 -2.78081386E-03
 1.17318588E+00 -3.09777877E-03
 1.16807368E+00 -2.10360765E-03
 1.15475273E+00 -3.13961726E-04
 1.14305180E+00  1.04759852E-03
 1.13800738E+00  1.35651085E-03
 1.13962595E+00  1.35642268E-03
 1.14591169E+00  1.27763072E-03
 1.15050063E+00  1.31676761E-03
 1.15064614E+00  1.64638892E-03
 1.14860781E+00  1.77086260E-03
 1.14585632E+00  1.51069518E-03
 1.14530701E+00  9.37898086E-04
 1.14829659E+00  7.07425291E-06
 1.15251463E+00 -1.06931511E-03
 1.15663250E+00 -2.08660557E-03
 1.15928338E+00 -2.95227927E-03
 1.15914825E+00 -3.47362592E-03
 1.15678005E+00 -3.51265926E-03
 1.15254372E+00 -3.03384849E-03
 1.14681965E+00 -2.04218464E-03
 1.14066381E+00 -6.19030770E-04
 1.13509444E+00  1.05952620E-03
 1.13201134E+00  2.70269051E-03
 1.13374054E+00  3.93823933E-03
 1.14133993E+00  4.39750776E-03
 1.15391531E+00  3.80430194E-03
 1.16696112E+00  2.13815811E-03
 1.17343697E+00 -3.33339250E-04
 1.16862793E+00 -3.17365687E-03
 1.15177371E+00 -5.67753215E-03
 1.12822167E+00 -6.75035844E-03
 1.10869905E+00 -5.25982282E-03
 1.10064613E+00 -6.22812142E-04
 1.10658863E+00  6.67343760E-03
 1.12414472E+00  1.42217012E-02
 1.14485366E+00  1.83579393E-02
 1.16303587E+00  1.66277759E-02
 1.17643533E+00  8.67627673E-03
 1.18140901E+00 -2.58512253E-03
 1.17656921E+00 -1.14733671E-02
 1.16077710E+00 -1.42542984E-02
 1.13406564E+00 -1.01180790E-02
 1.10675159E+00 -1.34385717E-03
 1.09417749E+00  6.42054451E-03
 1.10476422E+00  9.78065167E-03
 1.13668292E+00  8.45427651E-03
 1.16798273E+00  3.39937467E-03
 1.17005021E+00 -1.99974058E-03
 1.15452271E+00 -5.97469952E-03
 1.15395954E+00 -9.09351902E-03
 1.16465019E+00 -1.07509856E-02
 1.16916387E+00 -1.05319742E-02
 1.15914701E+00 -7.23240227E-03
 1.12404446E+00  1.97683471E-03
 1.08593868E+00  1.84048108E-02
 1.08777999E+00  4.12650452E-02
 1.12141286E+00  6.64428041E-02
 1.15431731E+00  8.36345907E-02
 1.18494579E+00  7.48542917E-02
 1.20837132E+00  2.80781939E-02
 1.19867169E+00 -3.24975918E-02
 1.14578583E+00 -6.54579068E-02
 1.07426337E+00 -6.73957594E-02
 1.02282385E+00 -5.41454569E-02
 1.01221360E+00 -2.51344317E-02
 1.04648520E+00  1.12976040E-02
 1.11255521E+00  3.37258459E-02
 1.17524016E+00  3.25941973E-02
 1.21191960E+00  1.79365842E-02
 1.21786599E+00  7.48185035E-03
 1.19200837E+00  7.46222007E-04
 1.14744786E+00 -1.08270190E-02
 1.09526749E+00 -1.71331892E-02
 1.04408835E+00 -7.39959922E-03
 1.02753451E+00  1.39200223E-02
 1.07257491E+00  3.83333631E-02
 1.14468394E+00  5.16089083E-02
 1.18726270E+00  3.81975151E-02
 1.20221274E+00  8.43100654E-03
 1.21297952E+00 -1.23082719E-02
 1.20164014E+00 -2.14437545E-02
 1.15680844E+00 -2.59449718E-02
 1.10751607E+00 -2.32239745E-02
 1.07939382E+00 -1.62703142E-02
 1.06614366E+00 -8.85886346E-03
 1.05639612E+00  1.93106641E-03
 1.06704256E+00  1.44686114E-02
 1.11311991E+00  2.45876207E-02
 1.16334911E+00  2.91695874E-02
 1.17931414E+00  2.43621221E-02
 1.17453479E+00  1.21489246E-02
 1.17768886E+00 -5.09168646E-04
 1.17688733E+00 -9.31838252E-03
 1.15547751E+00 -1.16624669E-02
 1.12630480E+00 -7.86759513E-03
 1.10260467E+00 -2.53970526E-03
 1.09007533E+00  2.42909603E-03
 1.09766317E+00  7.35638954E-03
 1.12150557E+00  1.09764264E-02
 1.14499193E+00  1.29529094E-02
 1.15909337E+00  1.21145090E-02
 1.16045428E+00  6.34563836E-03
 1.15104318E+00 -2.24161443E-03
 1.14183749E+00 -9.17229386E-03
 1.13698580E+00 -1.15357195E-02
 1.13377722E+00 -7.56802472E-03
 1.13249832E+00  7.40625356E-04
 1.13121428E+00  7.79508482E-03
 1.13023141E+00  1.06606543E-02
 1.13410097E+00  9.04701517E-03
 1.14150572E+00  4.31736225E-03
 1.14825570E+00  6.14701014E-04
 1.15206809E+00 -1.23068048E-04
 1.15034450E+00  1.14725099E-03
 1.14454707E+00  3.51502173E-03
 1.14020901E+00  4.83124680E-03
 1.13968582E+00  4.06940621E-03
 1.14300488E+00  2.43019302E-03
 1.14879972E+00  5.73854316E-04
 1.15283855E+00 -6.30292105E-04
 1.15312760E+00 -5.31394514E-04
 1.15050696E+00  2.83371861E-04
 1.14573752E+00  1.57905251E-03
 1.14094376E+00  3.22409189E-03
 1.13758320E+00  4.81796987E-03
 1.13547113E+00  6.23017089E-03
 1.13550221E+00  6.87819117E-03
 1.13850310E+00  5.88292246E-03
 1.14446480E+00  2.90917370E-03
 1.15274593E+00 -1.75566203E-03
 1.15962880E+00 -6.57887356E-03
 1.15959338E+00 -9.08851111E-03
 1.14965337E+00 -7.68920095E-03
 1.13053381E+00 -2.19287901E-03
 1.10928398E+00  5.48874740E-03
 1.09780946E+00  1.15830280E-02
 1.10339836E+00  1.35390477E-02
 1.12617759E+00  1.06578843E-02
 1.15703222E+00  4.13610588E-03
 1.17853000E+00 -2.63604079E-03
 1.17982600E+00 -7.47732511E-03
 1.16011227E+00 -9.82630696E-03
 1.12813544E+00 -9.30692041E-03
 1.10286449E+00 -6.74842671E-03
 1.09580595E+00 -2.46689647E-03
 1.10725185E+00  3.80466328E-03
 1.13117646E+00  1.01584014E-02
 1.15254141E+00  1.38197097E-02
 1.16265166E+00  1.27456568E-02
 1.16269427E+00  5.82679955E-03
 1.15462401E+00 -4.46105472E-03
 1.14516904E+00 -1.28235899E-02
 1.13779225E+00 -1.58278049E-02
 1.12979726E+00 -1.22465812E-02
 1.12297460E+00 -3.81577603E-03
 1.11986423E+00  4.39449750E-03
 1.12249279E+00  9.44582930E-03
 1.13426818E+00  1.09350316E-02
 1.15160484E+00  9.10464406E-03
 1.16582074E+00  6.20590281E-03
 1.17145924E+00  3.16859521E-03
 1.16546145E+00 -8.30910651E-04
 1.15031992E+00 -4.81360316E-03
 1.13474997E+00 -7.52891536E-03
 1.12375425E+00 -7.83337933E-03
 1.11872875E+00 -4.27716272E-03
 1.12019371E+00  1.75487657E-03
 1.12510577E+00  6.85588561E-03
 1.13245969E+00  8.96063388E-03
 1.14344372E+00  7.09828754E-03
 1.15501823E+00  2.45812064E-03
 1.16296941E+00 -1.39858566E-03
 1.16387570E+00 -2.65958551E-03
 1.15494551E+00 -1.38308074E-03
 1.13990008E+00  1.60864543E-03
 1.12736144E+00  3.89078257E-03
 1.12264337E+00  4.34076505E-03
 1.12769898E+00  3.67468708E-03
 1.13943993E+00  2.38919110E-03
 1.14916776E+00  1.57303059E-03
 1.15234205E+00  1.77505513E-03
 1.14923663E+00  2.27697153E-03
 1.14194185E+00  2.80318355E-03
 1.13633994E+00  3.10871169E-03
 1.13520611E+00  2.96653810E-03
 1.13676836E+00  2.77050143E-03
 1.13978472E+00  2.66248656E-03
 1.14161822E+00  2.59039804E-03
 1.14092996E+00  2.63147714E-03
 1.13948366E+00  2.66291626E-03
 1.13796408E+00  2.61965918E-03
 1.13696246E+00  2.57052320E-03
 1.13703101E+00  2.50117009E-03
 1.13720592E+00  2.42688249E-03
 1.13714141E+00  2.37598937E-03
 1.13697397E+00  2.32541238E-03
 1.13651934E+00  2.27649078E-03
 1.13607886E+00  2.23737981E-03
 1.13581302E+00  2.20238482E-03
 1.13555188E+00  2.17697710E-03
 1.13533182E+00  2.16442305E-03
 1.13512050E+00  2.16266440E-03
 1.13485173E+00  2.17358313E-03
 1.13458674E+00  2.19787860E-03
 1.13433112E+00  2.23482115E-03
 1.13407803E+00  2.28445463E-03
 1.13386388E+00  2.34588540E-03
 1.13370501E+00  2.41754011E-03
 1.13362102E+00  2.49789362E-03
 1.13364032E+00  2.58507473E-03
 1.13377333E+00  2.67688855E-03
 1.13402190E+00  2.77110928E-03
 1.13438697E+00  2.86557392E-03
 1.13485944E+00  2.95838954E-03
 1.13541574E+00  3.04833777E-03
 1.13602284E+00  3.13479008E-03
 1.13664173E+00  3.21721711E-03
 1.13723323E+00  3.29511726E-03
 1.13777352E+00  3.36780558E-03
 1.13825328E+00  3.43441402E-03
 1.13866262E+00  3.49468564E-03
 1.13899732E+00  3.54892903E-03
 1.13926485E+00  3.59766866E-03
 1.13947723E+00  3.64173240E-03
 1.13965452E+00  3.68158442E-03
 1.13981707E+00  3.71708574E-03
 1.13996171E+00  3.74781390E-03
 1.14006644E+00  3.77247476E-03
 1.14010842E+00  3.78834815E-03
 1.14005687E+00  3.79088333E-03
 1.13987258E+00  3.77268720E-03
 1.13952343E+00  3.72443490E-03
 1.13899132E+00  3.63770127E-03
 1.13829575E+00  3.50632299E-03
 1.13753831E+00  3.32849072E-03
 1.13690889E+00  3.10799790E-03
 1.13666913E+00  2.85227160E-03
 1.13717895E+00  2.57428851E-03
 1.13891979E+00  2.29599262E-03
 1.14225785E+00  2.04484885E-03
 1.14697889E+00  1.84845287E-03
 1.15191948E+00  1.73014816E-03
 1.15444965E+00  1.69988547E-03
 1.15121855E+00  1.75221576E-03
 1.14047082E+00  1.87342159E-03
 1.12319051E+00  2.03574448E-03
 1.10456699E+00  2.18973639E-03
 1.09290199E+00  2.27310087E-03
 1.09379136E+00  2.22119972E-03
 1.10826392E+00  1.97881641E-03
 1.13115679E+00  1.52528581E-03
 1.15160789E+00  8.77922059E-04
 1.16230835E+00  7.32331831E-05
 1.16130377E+00 -8.18707404E-04
 1.15126086E+00 -1.67732798E-03
 1.14056142E+00 -2.35269742E-03
 1.13380052E+00 -2.68760032E-03
 1.13049655E+00 -2.54639018E-03
 1.12981519E+00 -1.87686351E-03
 1.12821981E+00 -7.16834282E-04
 1.12497074E+00  8.51356956E-04
 1.12353093E+00  2.66691356E-03
 1.12513070E+00  4.45276206E-03
 1.13062447E+00  5.86955246E-03
 1.13988738E+00  6.57363944E-03
 1.14965939E+00  6.29252800E-03
 1.15725508E+00  4.98064332E-03
 1.16055951E+00  2.84055336E-03
 1.15751475E+00  2.16402497E-04
 1.14847764E+00 -2.31648720E-03
 1.13668759E+00 -3.85076981E-03
 1.12706900E+00 -3.41821237E-03
 1.12367462E+00 -4.23933965E-04
 1.12815745E+00  4.95220057E-03
 1.13820756E+00  1.10847557E-02
 1.14810286E+00  1.53576017E-02
 1.15428187E+00  1.59396333E-02
 1.15593573E+00  1.23627954E-02
 1.15407252E+00  6.28997023E-03
 1.15240927E+00  1.25950051E-03
 1.15229041E+00 -4.88644504E-04
 1.15214056E+00  1.43697074E-03
 1.15090399E+00  5.70576451E-03
 1.14675736E+00  8.99534599E-03
 1.13946426E+00  9.49676717E-03
 1.13169457E+00  7.46659288E-03
 1.12610210E+00  3.84249971E-03
 1.12556870E+00  9.35092788E-04
 1.13189179E+00 -7.43757120E-05
 1.14372989E+00  1.95281781E-04
 1.15682288E+00  1.28931137E-03
 1.16490549E+00  2.22180667E-03
 1.16344959E+00  2.47522727E-03
 1.15178014E+00  2.70343193E-03
 1.13440570E+00  3.10678511E-03
 1.12022099E+00  3.80384998E-03
 1.11512091E+00  4.86445688E-03
 1.12033719E+00  5.75026273E-03
 1.13266019E+00  6.17628886E-03
 1.14388494E+00  6.07455126E-03
 1.14932415E+00  5.28286503E-03
 1.14911750E+00  3.89983016E-03
 1.14478451E+00  2.09046436E-03
 1.14101252E+00  3.11345019E-05
 1.13975708E+00 -1.85893890E-03
 1.13881679E+00 -2.99082806E-03
 1.13703183E+00 -2.57406249E-03
 1.13267799E+00  1.88678324E-04
 1.12564170E+00  5.48744509E-03
 1.11939532E+00  1.24896097E-02
 1.11733997E+00  1.87718854E-02
 1.12269700E+00  2.08844604E-02
 1.13679571E+00  1.64844534E-02
 1.15618533E+00  5.24096690E-03
 1.17234132E+00 -1.00453485E-02
 1.17396724E+00 -2.36653983E-02
 1.15441506E+00 -3.06998143E-02
 1.11594324E+00 -2.75379856E-02
 1.07363603E+00 -1.16510173E-02
 1.05190405E+00  1.58258626E-02
 1.06573684E+00  4.95915210E-02
 1.11464069E+00  7.71916221E-02
 1.17834043E+00  7.24570009E-02
 1.21936606E+00  1.65724909E-02
 1.21458266E+00 -5.55747563E-02
 1.16303088E+00 -8.60785930E-02
 1.08568143E+00 -7.67139661E-02
 1.02612462E+00 -5.64096795E-02
 1.01123445E+00 -1.96575224E-02
 1.04243006E+00  3.13790625E-02
 1.10487377E+00  6.69925036E-02
 1.16205570E+00  6.87420957E-02
 1.19188562E+00  4.22762512E-02
 1.19467264E+00  4.22377546E-03
 1.17367142E+00 -3.04344796E-02
 1.14466133E+00 -4.82161936E-02
 1.11653720E+00 -4.54301885E-02
 1.08590946E+00 -3.16534347E-02
 1.06308000E+00 -8.95895201E-03
 1.06062584E+00  2.19032143E-02
 1.08523447E+00  4.44439325E-02
 1.13835502E+00  4.41464127E-02
 1.19093434E+00  2.61848791E-02
 1.20384469E+00  4.47790465E-03
 1.18934246E+00 -1.24175113E-02
 1.18050098E+00 -1.83641333E-02
 1.16094612E+00 -1.42103806E-02
 1.11090966E+00 -9.33458354E-03
 1.07052309E+00 -1.86090272E-03
 1.08171361E+00  1.41360246E-02
 1.11991061E+00  2.61323314E-02
 1.14218454E+00  2.09610564E-02
 1.14993224E+00  8.85340056E-03
 1.15439210E+00  5.53918869E-03
 1.15159906E+00  7.67706222E-03
 1.14894493E+00  6.24091756E-03
 1.15215502E+00  8.85246060E-04
 1.15367914E+00 -8.61294259E-03
 1.15120532E+00 -1.69361186E-02
 1.14451623E+00 -1.31998293E-02
 1.13405242E+00 -3.23194245E-03
 1.12591306E+00 -4.56830149E-04
 1.12298350E+00 -3.28406367E-04
 1.12526553E+00  5.52786290E-03
 1.13392030E+00  1.15583932E-02
 1.14711350E+00  1.20727067E-02
 1.16038172E+00  9.71087121E-03
 1.16895118E+00  6.54082884E-03
 1.16847971E+00  2.19705907E-03
 1.15757145E+00 -2.12140001E-03
 1.14114791E+00 -5.04075971E-03
 1.12842950E+00 -6.30889839E-03
 1.12547638E+00 -5.16869259E-03
 1.13382429E+00 -1.08742521E-03
 1.14921237E+00  4.49400901E-03
 1.16153826E+00  9.17373485E-03
 1.16517298E+00  1.10672988E-02
 1.16026711E+00  9.11934535E-03
 1.14985482E+00  4.57188762E-03
 1.14160607E+00  6.21807527E-04
 1.13946637E+00 -9.22706943E-04
 1.14182088E+00  2.53424358E-04
 1.14680998E+00  3.30001283E-03
 1.15027405E+00  5.68994569E-03
 1.15005122E+00  6.26658740E-03
 1.14809336E+00  5.57097382E-03
 1.14548689E+00  4.11946026E-03
 1.14378107E+00  3.19681348E-03
 1.14398807E+00  3.38840843E-03
 1.14477050E+00  3.96740601E-03
 1.14557581E+00  4.65239321E-03
 1.14618316E+00  5.10367824E-03
 1.14621433E+00  5.06838790E-03
 1.14628750E+00  4.98861269E-03
 1.14666245E+00  5.00284863E-03
 1.14718959E+00  5.06112823E-03
 1.14796434E+00  5.24384109E-03
 1.14879412E+00  5.39458601E-03
 1.14954898E+00  5.44218484E-03
 1.15032941E+00  5.46844685E-03
 1.15110180E+00  5.45753633E-03
 1.15186190E+00  5.43003371E-03
 1.15262815E+00  5.41489204E-03
 1.15333409E+00  5.37705447E-03
 1.15395547E+00  5.31482111E-03
 1.15448996E+00  5.23704730E-03
 1.15491942E+00  5.13544206E-03
 1.15525094E+00  5.01663151E-03
 1.15548901E+00  4.88358035E-03
 1.15562782E+00  4.73204452E-03
 1.15567108E+00  4.56811686E-03
 1.15562073E+00  4.39997618E-03
 1.15547828E+00  4.23331413E-03
 1.15524781E+00  4.07504046E-03
 1.15492476E+00  3.92851483E-03
 1.15450018E+00  3.79330441E-03
 1.15397067E+00  3.67139472E-03
 1.15333999E+00  3.56556508E-03
 1.15262809E+00  3.47688074E-03
 1.15187220E+00  3.40629741E-03
 1.15111340E+00  3.35199967E-03
 1.15040001E+00  3.30877017E-03
 1.14979397E+00  3.27101871E-03
 1.14936117E+00  3.23234578E-03
 1.14916701E+00  3.18626804E-03
 1.14926632E+00  3.12835109E-03
 1.14967883E+00  3.05658788E-03
 1.15038620E+00  2.97262653E-03
 1.15134310E+00  2.88303522E-03
 1.15246306E+00  2.80081960E-03
 1.15360654E+00  2.74804500E-03
 1.15459997E+00  2.75300316E-03
 1.15526158E+00  2.84258817E-03
 1.15543118E+00  3.03740314E-03
 1.15502588E+00  3.34382706E-03
 1.15405174E+00  3.75088624E-03
 1.15256700E+00  4.23726169E-03
 1.15071847E+00  4.76528099E-03
 1.14878689E+00  5.27125742E-03
 1.14713623E+00  5.67562290E-03
 1.14614922E+00  5.89683087E-03
 1.14615646E+00  5.86452523E-03
 1.14728732E+00  5.54765904E-03
 1.14945176E+00  4.95920914E-03
 1.15246011E+00  4.13443734E-03
 1.15594026E+00  3.14750901E-03
 1.15923756E+00  2.13215802E-03
 1.16155097E+00  1.25738421E-03
 1.16207569E+00  7.01721980E-04
 1.16018777E+00  6.20708884E-04
 1.15583363E+00  1.07605947E-03
 1.14957948E+00  2.02831880E-03
 1.14234076E+00  3.38998991E-03
 1.13560184E+00  4.98688691E-03
 1.13166027E+00  6.51477314E-03
 1.13291167E+00  7.60148516E-03
 1.14069430E+00  7.87288141E-03
 1.15422876E+00  7.03907066E-03
 1.16886934E+00  5.07295393E-03
 1.17739981E+00  2.23431106E-03
 1.17490909E+00 -1.05204143E-03
 1.16048944E+00 -4.09384182E-03
 1.13948600E+00 -5.81661278E-03
 1.12264917E+00 -5.09803307E-03
 1.11708157E+00 -1.31428642E-03
 1.12451569E+00  5.16316527E-03
 1.14129870E+00  1.21509447E-02
 1.15757881E+00  1.62607061E-02
 1.16739111E+00  1.51880311E-02
 1.16998904E+00  8.51090182E-03
 1.16571091E+00 -1.25634409E-03
 1.15860131E+00 -9.06187386E-03
 1.15050209E+00 -1.15669971E-02
 1.14017815E+00 -7.95799425E-03
 1.13049677E+00  4.31116392E-05
 1.12529383E+00  7.79535731E-03
 1.12761960E+00  1.24739943E-02
 1.14017632E+00  1.36925065E-02
 1.15873490E+00  1.15586916E-02
 1.17393695E+00  7.92765342E-03
 1.17975936E+00  3.67344267E-03
 1.17351699E+00 -1.68616866E-03
 1.15820022E+00 -6.56968881E-03
 1.14308529E+00 -8.86564176E-03
 1.13350876E+00 -6.96157903E-03
 1.13050676E+00  3.65646971E-04
 1.13394757E+00  1.07382205E-02
 1.13992312E+00  1.90883115E-02
 1.14688293E+00  2.20797535E-02
 1.15617583E+00  1.82262828E-02
 1.16547728E+00  9.06420357E-03
 1.17174746E+00 -5.06557626E-04
 1.17230140E+00 -7.52873280E-03
 1.16425021E+00 -1.11658425E-02
 1.15042006E+00 -1.09777998E-02
 1.13789723E+00 -8.41229923E-03
 1.13133797E+00 -3.91164179E-03
 1.13345029E+00  3.16527971E-03
 1.14332262E+00  1.07712776E-02
 1.15537037E+00  1.59438445E-02
 1.16612291E+00  1.63641230E-02
 1.17363620E+00  1.03866750E-02
 1.17388361E+00  5.17684030E-04
 1.16454167E+00 -7.54294661E-03
 1.14587923E+00 -1.02697432E-02
 1.12292555E+00 -6.48074615E-03
 1.11365758E+00  1.72683130E-03
 1.13383295E+00  8.58351400E-03
 1.16124365E+00  1.09571764E-02
 1.16147626E+00  8.83279866E-03
 1.15271337E+00  3.28858649E-03
 1.16785641E+00 -2.09259089E-03
 1.18080795E+00 -5.39862555E-03
 1.15698302E+00 -7.13479381E-03
 1.12012730E+00 -6.60972246E-03
 1.10472821E+00 -3.62176252E-03
 1.10984326E+00  1.90275195E-03
 1.12944084E+00  1.04045671E-02
 1.16090242E+00  1.90956320E-02
 1.18738086E+00  2.33382328E-02
 1.19545348E+00  2.03324302E-02
 1.18448296E+00  9.40483055E-03
 1.16037868E+00 -5.44360319E-03
 1.13701063E+00 -1.62421182E-02
 1.12273104E+00 -1.80505609E-02
 1.11737274E+00 -1.00143354E-02
 1.12074109E+00  4.01428401E-03
 1.12849318E+00  1.52165985E-02
 1.13870781E+00  1.83769799E-02
 1.15392687E+00  1.33365683E-02
 1.17032501E+00  3.01934775E-03
 1.18172910E+00 -5.33439472E-03
 1.18349916E+00 -7.78935882E-03
 1.17153292E+00 -5.36035343E-03
 1.15085011E+00  8.02403418E-05
 1.13365509E+00  4.12006216E-03
 1.12734394E+00  4.50203109E-03
 1.13463467E+00  2.88547903E-03
 1.15127707E+00  3.50928660E-04
 1.16508949E+00 -1.24469559E-03
 1.16973365E+00 -8.48152643E-04
 1.16561951E+00  1.56252515E-04
 1.15565796E+00  1.20091702E-03
 1.14806759E+00  1.91650907E-03
 1.14673439E+00  1.88854523E-03
 1.14918650E+00  1.83039162E-03
 1.15369409E+00  2.01254421E-03
 1.15657786E+00  2.30056226E-03
 1.15596690E+00  2.81048723E-03
 1.15432182E+00  3.30428274E-03
 1.15260009E+00  3.63124500E-03
 1.15163045E+00  3.89130302E-03
 1.15218385E+00  4.03192687E-03
 1.15291263E+00  4.05203817E-03
 1.15333034E+00  3.99208989E-03
 1.15362140E+00  3.81383382E-03
 1.15352462E+00  3.53360855E-03
 1.15345936E+00  3.19856830E-03
 1.15364852E+00  2.85042484E-03
 1.15385457E+00  2.56378154E-03
 1.15412642E+00  2.41310070E-03
 1.15441328E+00  2.45406203E-03
 1.15461397E+00  2.71875372E-03
 1.15480083E+00  3.20178733E-03
 1.15496533E+00  3.87297993E-03
 1.15507772E+00  4.66681770E-03
 1.15516213E+00  5.46126114E-03
 1.15521061E+00  6.09884515E-03
 1.15522038E+00  6.41614622E-03
 1.15520486E+00  6.27270323E-03
 1.15516338E+00  5.61180294E-03
 1.15509608E+00  4.46944704E-03
 1.15500926E+00  2.92555120E-03
 1.15490703E+00  1.13879727E-03
 1.15479085E+00 -6.09927467E-04
 1.15466130E+00 -1.97433052E-03
 1.15451811E+00 -2.60441802E-03
 1.15436152E+00 -2.22330948E-03
 1.15419773E+00 -7.89652091E-04
 1.15403710E+00  1.48138566E-03
 1.15388636E+00  4.23305332E-03
 1.15374923E+00  6.87521668E-03
 1.15362610E+00  8.48086000E-03
 1.15351260E+00  8.07248990E-03
 1.15340654E+00  5.07787200E-03
 1.15330772E+00 -2.47441316E-04
 1.15321348E+00 -6.11485069E-03
 1.15312153E+00 -9.70512543E-03
 1.15302924E+00 -9.08255262E-03
 1.15293348E+00 -3.84161105E-03
 1.15283616E+00  4.03235118E-03
 1.15274268E+00  1.04695971E-02
 1.15265741E+00  1.28097458E-02
 1.15258418E+00  1.04392301E-02
 1.15252383E+00  4.73327911E-03
 1.15247428E+00 -6.36828002E-04
 1.15243716E+00 -3.57999907E-03
 1.15241775E+00 -4.13890181E-03
 1.15242320E+00 -2.92409877E-03
 1.15246207E+00 -1.94385540E-03
 1.15253572E+00 -1.97029964E-03
 1.15263463E+00 -1.91434198E-03
 1.15273793E+00 -1.18147112E-03
 1.15282054E+00  1.05233890E-03
 1.15287866E+00  4.90654384E-03
 1.15294443E+00  8.90365595E-03
 1.15310089E+00  1.15897779E-02
 1.15345004E+00  1.14999288E-02
 1.15400878E+00  7.70706175E-03
 1.15465630E+00  9.73900581E-04
 1.15507410E+00 -6.26501164E-03
 1.15484168E+00 -1.05105405E-02
 1.15378997E+00 -9.33231547E-03
 1.15216172E+00 -2.57498038E-03
 1.15078437E+00  6.76104205E-03
 1.15085108E+00  1.31449452E-02
 1.15294888E+00  1.31145797E-02
 1.15666998E+00  6.44801807E-03
 1.16024606E+00 -3.59808313E-03
 1.16100607E+00 -1.03566855E-02
 1.15771587E+00 -1.00217090E-02
 1.15145413E+00 -2.98623114E-03
 1.14630631E+00  7.40417853E-03
 1.14805817E+00  1.43178350E-02
 1.15822016E+00  1.39185389E-02
 1.17152629E+00  7.08197873E-03
 1.17382798E+00 -2.96683005E-03
 1.15331798E+00 -9.85288015E-03
 1.13207804E+00 -9.82386991E-03
 1.14271885E+00 -3.73071920E-03
 1.16385889E+00  5.70477308E-03
 1.15671440E+00  1.30549129E-02
 1.14000002E+00  1.49511874E-02
 1.14459252E+00  1.19501543E-02
 1.15557167E+00  5.71792732E-03
 1.15497482E+00 -8.42796166E-05
 1.15180848E+00 -3.23334057E-03
 1.15236079E+00 -4.38959441E-03
 1.15271808E+00 -4.17229700E-03
 1.15380314E+00 -4.04526651E-03
 1.15832517E+00 -4.63184115E-03
 1.16450371E+00 -4.65784465E-03
 1.16729773E+00 -3.60266083E-03
 1.16102525E+00 -1.13137546E-03
 1.14470663E+00  2.75520836E-03
 1.12480607E+00  6.78579192E-03
 1.11785977E+00  9.92209565E-03
 1.13810423E+00  1.13457083E-02
 1.16335905E+00  1.02126227E-02
 1.15906435E+00  6.48910122E-03
 1.14533561E+00  8.64479248E-04
 1.15899684E+00 -5.43177612E-03
 1.17732331E+00 -1.08828520E-02
 1.16685676E+00 -1.39516034E-02
 1.14585751E+00 -1.31404877E-02
 1.13881955E+00 -7.64526752E-03
 1.13981904E+00  1.86936991E-03
 1.14319753E+00  1.21354436E-02
 1.15200290E+00  1.53204650E-02
 1.16115725E+00  5.62800072E-03
 1.16491676E+00 -5.45408196E-03
 1.16370650E+00 -1.47751713E-03
 1.15967382E+00  6.90301795E-03
 1.15678237E+00  4.41299821E-04
 1.15688662E+00 -9.86218933E-03
 1.15857914E+00 -6.58697367E-03
 1.16083957E+00  1.84843472E-03
 1.16175865E+00  4.05504299E-03
 1.16040122E+00  3.74203354E-03
 1.15819433E+00  3.73144074E-03
 1.15589559E+00  1.89619566E-03
 1.15424170E+00 -2.84986498E-04
 1.15395572E+00 -7.60018451E-04
 1.15459909E+00  4.04397952E-05
 1.15602129E+00  1.40908002E-03
 1.15825079E+00  2.30845203E-03
 1.16099436E+00  2.29870074E-03
 1.16416415E+00  1.95690683E-03
 1.16733179E+00  1.50690982E-03
 1.16969727E+00  1.25318903E-03
 1.17060495E+00  1.40560472E-03
 1.16948878E+00  1.58214027E-03
 1.16621293E+00  1.66217602E-03
 1.16123220E+00  1.67643614E-03
 1.15523554E+00  1.54977519E-03
 1.14935664E+00  1.41487836E-03
 1.14541610E+00  1.33611437E-03
 1.14533640E+00  1.25477351E-03
 1.15030843E+00  1.19443071E-03
 1.16000243E+00  1.14444207E-03
 1.17121601E+00  1.08417135E-03
 1.17878827E+00  1.04295861E-03
 1.17912529E+00  1.02434651E-03
 1.17134212E+00  1.02517993E-03
 1.15879183E+00  1.05377651E-03
 1.14855428E+00  1.10544683E-03
 1.14512723E+00  1.17690338E-03
 1.14932955E+00  1.26947130E-03
 1.15854345E+00  1.38153559E-03
 1.16617009E+00  1.51344929E-03
 1.16858273E+00  1.66540542E-03
 1.16620938E+00  1.83568890E-03
 1.16076744E+00  2.02287948E-03
 1.15665307E+00  2.22465185E-03
 1.15601724E+00  2.43791558E-03
 1.15746005E+00  2.65838789E-03
 1.15997168E+00  2.87778913E-03
 1.16156633E+00  3.08426084E-03
 1.16121883E+00  3.26398652E-03
 1.16028866E+00  3.40035856E-03
 1.15934479E+00  3.47418942E-03
 1.15887398E+00  3.46574816E-03
 1.15933506E+00  3.35658987E-03
 1.16002027E+00  3.13292050E-03
 1.16066621E+00  2.79115137E-03
 1.16135570E+00  2.33960083E-03
 1.16191618E+00  1.79721276E-03
 1.16252804E+00  1.19774533E-03
 1.16323267E+00  5.94289056E-04
 1.16380071E+00  5.31084543E-05
 1.16415617E+00 -3.57704339E-04
 1.16418297E+00 -5.78139759E-04
 1.16379331E+00 -5.73748318E-04
 1.16305504E+00 -3.40786352E-04
 1.16202258E+00  1.06214740E-04
 1.16079231E+00  7.21964408E-04
 1.15956752E+00  1.41300902E-03
 1.15857845E+00  2.05543581E-03
 1.15806950E+00  2.51860251E-03
 1.15825925E+00  2.68907273E-03
 1.15922716E+00  2.52192040E-03
 1.16091083E+00  2.04724363E-03
 1.16317688E+00  1.32747981E-03
 1.16576245E+00  4.85968246E-04
 1.16821529E+00 -2.57704414E-04
 1.16998064E+00 -6.34497761E-04
 1.17049847E+00 -3.73654452E-04
 1.16932585E+00  7.34849322E-04
 1.16638742E+00  2.70659458E-03
 1.16201103E+00  5.34696913E-03
 1.15675416E+00  8.34503622E-03
 1.15154908E+00  1.11992309E-02
 1.14786911E+00  1.31356448E-02
 1.14730621E+00  1.33319204E-02
 1.15090198E+00  1.12679084E-02
 1.15852519E+00  7.05617621E-03
 1.16781978E+00  1.99724768E-03
 1.17487783E+00 -1.78874869E-03
 1.17692909E+00 -2.80423491E-03
 1.17317599E+00 -6.36853189E-04
 1.16590744E+00  3.42080992E-03
 1.16015531E+00  6.57226686E-03
 1.15898959E+00  7.08204157E-03
 1.16274799E+00  4.71014986E-03
 1.16933936E+00  5.89226455E-04
 1.17384787E+00 -2.56091320E-03
 1.17367922E+00 -3.26256596E-03
 1.16944361E+00 -1.74150167E-03
 1.16295032E+00  1.17835397E-03
 1.15814569E+00  3.53105094E-03
 1.15728587E+00  4.25889457E-03
 1.15980312E+00  3.78023688E-03
 1.16496338E+00  2.44908679E-03
 1.17079509E+00  1.12243697E-03
 1.17576409E+00  3.03070410E-04
 1.17966845E+00 -4.04137009E-04
 1.18104542E+00 -9.43100602E-04
 1.17830911E+00 -1.16274036E-03
 1.17078330E+00 -9.01967976E-04
 1.15874047E+00  3.89618774E-04
 1.14608191E+00  2.80350966E-03
 1.13913235E+00  5.99239391E-03
 1.14198107E+00  9.54714299E-03
 1.15543350E+00  1.26448615E-02
 1.17465437E+00  1.41406431E-02
 1.18985198E+00  1.29762975E-02
 1.19452518E+00  8.58175246E-03
 1.18688321E+00  1.48258952E-03
 1.17004455E+00 -5.86700440E-03
 1.15286106E+00 -9.80634073E-03
 1.14092657E+00 -7.86944544E-03
 1.13553940E+00  2.99063917E-04
 1.13743778E+00  1.17346286E-02
 1.14416793E+00  2.06565301E-02
 1.15471958E+00  2.31588387E-02
 1.16982111E+00  1.81571286E-02
 1.18491114E+00  7.54179771E-03
 1.19344434E+00 -3.39356632E-03
 1.19058682E+00 -1.12364435E-02
 1.17358892E+00 -1.50639310E-02
 1.14850867E+00 -1.42393583E-02
 1.12826788E+00 -1.00149679E-02
 1.12126625E+00 -2.90110085E-03
 1.13061099E+00  7.40427678E-03
 1.15207598E+00  1.77036280E-02
 1.17319751E+00  2.33899351E-02
 1.18662735E+00  2.11127522E-02
 1.19101983E+00  9.18764575E-03
 1.18644539E+00 -8.17516965E-03
 1.17789503E+00 -2.21277474E-02
 1.16750119E+00 -2.68706383E-02
 1.15378911E+00 -2.03080779E-02
 1.14073020E+00 -5.31130728E-03
 1.13359129E+00  9.66125178E-03
 1.13655540E+00  1.95497433E-02
 1.15310599E+00  2.33302553E-02
 1.17760854E+00  2.08504410E-02
 1.19766948E+00  1.52404224E-02
 1.20531954E+00  7.78410447E-03
 1.19712438E+00 -2.51817213E-03
 1.17709684E+00 -1.26800558E-02
 1.15751442E+00 -1.86110937E-02
 1.14546304E+00 -1.70989943E-02
 1.14229824E+00 -5.65177098E-03
 1.14786166E+00  1.16748873E-02
 1.15698125E+00  2.59008800E-02
 1.16738869E+00  3.12861700E-02
 1.18037224E+00  2.54897274E-02
 1.19196168E+00  1.14638992E-02
 1.19708888E+00 -1.94818962E-03
 1.19178695E+00 -9.76647577E-03
 1.17286849E+00 -1.13762638E-02
 1.14627443E+00 -7.43992779E-03
 1.12466339E+00 -2.25157062E-03
 1.11636622E+00  2.37381009E-03
 1.12519365E+00  7.89567932E-03
 1.14737462E+00  1.30409746E-02
 1.17072940E+00  1.63935034E-02
 1.18801427E+00  1.64709978E-02
 1.19733441E+00  1.08444411E-02
 1.19787521E+00  1.42321390E-03
 1.19351241E+00 -6.87475311E-03
 1.18524642E+00 -1.09818961E-02
 1.17080559E+00 -9.02854208E-03
 1.15379868E+00 -2.18394884E-03
 1.13966206E+00  4.89029682E-03
 1.13305653E+00  9.75182847E-03
 1.13840850E+00  1.19590499E-02
 1.15197007E+00  1.12077684E-02
 1.16378473E+00  9.00809698E-03
 1.16825369E+00  5.91649601E-03
 1.16377874E+00  1.46998704E-03
 1.15456596E+00 -2.04047638E-03
 1.15129475E+00 -1.75301305E-03
 1.15866045E+00  3.12319248E-03
 1.17426190E+00  1.06762970E-02
 1.19210609E+00  1.22235665E-02
 1.20093975E+00 -6.00130185E-04
 1.19477684E+00 -1.63382471E-02
 1.17614385E+00 -1.63028362E-02
 1.15179411E+00 -7.37429356E-03
 1.13378739E+00 -3.89816596E-03
 1.13009006E+00  5.58668553E-03
 1.14045032E+00  3.16106098E-02
 1.15949204E+00  4.98235128E-02
 1.17597856E+00  3.42376590E-02
 1.18259855E+00  4.23829966E-03
 1.17927647E+00 -7.14064464E-03
 1.16928639E+00 -5.07497343E-03
 1.16078180E+00 -4.88558500E-03
 1.15831659E+00 -1.68445043E-03
 1.16059683E+00  4.58190506E-03
 1.16657634E+00  6.03430637E-03
 1.17264162E+00  2.98436857E-03
 1.17560863E+00 -3.39341190E-04
 1.17381926E+00 -9.39879541E-04
 1.15970724E+00 -1.09690760E-03
 1.13171235E+00 -4.47453415E-03
 1.11759927E+00 -2.25809299E-03
 1.14737618E+00  1.43752988E-02
 1.19330817E+00  2.84449337E-02
 1.20559503E+00  1.84132594E-02
 1.19437121E+00 -8.46948703E-04
 1.18913490E+00 -4.15690251E-03
 1.17970673E+00 -3.16457737E-03
 1.15882990E+00 -1.55660784E-02
 1.14217521E+00 -2.41625343E-02
 1.13677626E+00 -1.02781490E-02
 1.13815859E+00  1.24239121E-02
 1.14296814E+00  2.49101479E-02
 1.15246491E+00  2.73392752E-02
 1.16782456E+00  2.27854606E-02
 1.18432090E+00  1.11018244E-02
 1.19562418E+00 -8.70169398E-04
 1.19690692E+00 -7.24555513E-03
 1.18486353E+00 -8.10467576E-03
 1.16458978E+00 -4.79897361E-03
 1.14781865E+00 -9.67274659E-04
 1.14181946E+00  1.77288095E-03
 1.14895305E+00  4.99835226E-03
 1.16501134E+00  8.35601694E-03
 1.17838317E+00  1.14344494E-02
 1.18294033E+00  1.35021109E-02
 1.17912968E+00  1.24052512E-02
 1.16979136E+00  8.84990210E-03
 1.16275983E+00  5.44792368E-03
 1.16175967E+00  3.54058221E-03
 1.16440513E+00  4.02371667E-03
 1.16900764E+00  5.84835294E-03
 1.17203894E+00  5.87533674E-03
 1.17169504E+00  2.91200378E-03
 1.17032480E+00 -2.32267279E-03
 1.16884559E+00 -7.90950913E-03
 1.16804736E+00 -1.02226407E-02
 1.16866670E+00 -7.42521251E-03
 1.16941036E+00 -4.08877133E-04
 1.16980776E+00  8.26987864E-03
 1.17003187E+00  1.41614927E-02
 1.16983168E+00  1.43731015E-02
 1.16961168E+00  8.99859698E-03
 1.16959055E+00  4.85329863E-04
 1.16954826E+00 -6.29099874E-03
 1.16953874E+00 -8.17020469E-03
 1.16951928E+00 -5.00297088E-03
 1.16940032E+00  1.34145515E-03
 1.16925777E+00  6.56180382E-03
 1.16908720E+00  8.19520728E-03
 1.16886014E+00  6.64574394E-03
 1.16859157E+00  3.12543207E-03
 1.16825975E+00  4.92999241E-04
 1.16785010E+00  2.08597790E-04
 1.16736824E+00  1.36303582E-03
 1.16681557E+00  3.27830919E-03
 1.16620622E+00  4.66554633E-03
 1.16556525E+00  4.83702107E-03
 1.16492453E+00  4.65256593E-03
 1.16433058E+00  4.43637321E-03
 1.16383880E+00  4.43100462E-03
 1.16350445E+00  4.86117080E-03
 1.16337594E+00  5.20066273E-03
 1.16348056E+00  5.25488362E-03
 1.16382020E+00  5.10413080E-03
 1.16437965E+00  4.67904201E-03
 1.16511645E+00  4.17470602E-03
 1.16594799E+00  3.74844684E-03
 1.16676539E+00  3.40795121E-03
 1.16745378E+00  3.27176220E-03
 1.16791220E+00  3.41107136E-03
 1.16809403E+00  3.82197576E-03
 1.16801346E+00  4.50467837E-03
 1.16771245E+00  5.40217577E-03
 1.16728449E+00  6.39912950E-03
 1.16690513E+00  7.32828084E-03
 1.16679647E+00  7.97522898E-03
 1.16719104E+00  8.12808307E-03
 1.16828486E+00  7.63349729E-03
 1.17013378E+00  6.48987191E-03
 1.17264427E+00  4.86767166E-03
 1.17565264E+00  3.04508888E-03
 1.17887015E+00  1.46615044E-03
 1.18182301E+00  8.08048085E-04
