# x =
 5.46704905E+01
# y =
 3.25097170E+00
 VARIABLES = u,v
 1.19081824E+00  3.78438893E-02
 1.18876175E+00  4.04067293E-02
 1.19444332E+00  4.56342027E-02
 1.20137818E+00  4.69169169E-02
 1.19187426E+00  3.17497394E-02
 1.15716580E+00 -4.63254740E-03
 1.09805121E+00 -5.62065545E-02
 1.02482331E+00 -1.10313395E-01
 9.59277344E-01 -1.47015303E-01
 9.15567498E-01 -1.53228127E-01
 8.97769963E-01 -1.28498078E-01
 9.07080685E-01 -8.24681051E-02
 9.36522096E-01 -3.54800459E-02
 9.81111212E-01 -2.49514145E-03
 1.03947952E+00  1.21752581E-02
 1.10155584E+00  1.12009270E-02
 1.15460423E+00  6.70887971E-03
 1.18724251E+00  5.20288197E-03
 1.19020923E+00  5.28993276E-03
 1.17001976E+00  8.14229473E-03
 1.14541096E+00  1.24003566E-02
 1.12959741E+00  1.94223151E-02
 1.13002600E+00  3.43708288E-02
 1.14362188E+00  5.22438440E-02
 1.15515722E+00  6.27822333E-02
 1.15853658E+00  5.95132888E-02
 1.15629713E+00  3.85732624E-02
 1.15042372E+00  7.17803008E-03
 1.14812240E+00 -1.76819519E-02
 1.15098264E+00 -2.65307386E-02
 1.15317847E+00 -1.75980287E-02
 1.15533906E+00  3.74368222E-03
 1.15944862E+00  2.26255218E-02
 1.16580701E+00  3.08640257E-02
 1.17624612E+00  2.90621916E-02
 1.18616241E+00  1.98180140E-02
 1.18612323E+00  1.14158202E-02
 1.17171772E+00  7.92305610E-03
 1.14272530E+00  6.40853592E-03
 1.10493987E+00  5.83271820E-03
 1.07094041E+00  3.94545435E-03
 1.04948974E+00  1.20240687E-04
 1.04401596E+00 -1.99165705E-03
 1.05403015E+00 -1.64124764E-03
 1.07309928E+00  5.15365666E-04
 1.09730220E+00  4.33430577E-03
 1.12614989E+00  7.93434246E-03
 1.15714842E+00  1.07298744E-02
 1.18852928E+00  1.35649406E-02
 1.21606468E+00  1.59319924E-02
 1.23251483E+00  1.71939298E-02
 1.23493444E+00  1.68373667E-02
 1.22318140E+00  1.39027260E-02
 1.19784695E+00  8.63046482E-03
 1.16273263E+00  2.73325374E-03
 1.12276659E+00 -1.03056019E-03
 1.08316400E+00  8.64387562E-04
 1.05116841E+00  1.05514674E-02
 1.03350239E+00  2.73079097E-02
 1.03298186E+00  4.63233158E-02
 1.04934487E+00  5.97749250E-02
 1.08098555E+00  6.23393632E-02
 1.12378980E+00  5.31107754E-02
 1.17088986E+00  3.72592137E-02
 1.21392744E+00  2.42141959E-02
 1.24281294E+00  1.59702797E-02
 1.24826761E+00  3.43533577E-03
 1.22729444E+00 -3.53455011E-02
 1.18264370E+00 -1.14319521E-01
 1.11915594E+00 -1.80834836E-01
 1.04587458E+00 -1.61690061E-01
 9.77056782E-01 -9.04959153E-02
 9.28449584E-01 -4.05208748E-02
 9.14689041E-01  1.74154556E-02
 9.43409160E-01  1.20171922E-01
 1.00385634E+00  1.89610060E-01
 1.07148420E+00  1.49458164E-01
 1.12616969E+00  6.09675888E-02
 1.15490539E+00  1.88485960E-02
 1.15767760E+00  6.92870270E-03
 1.14928005E+00 -1.94757344E-02
 1.13602084E+00 -4.46163780E-02
 1.11766369E+00 -5.76210042E-02
 1.10033900E+00 -5.25337141E-02
 1.08775100E+00 -6.99608788E-03
 1.08732946E+00  4.42589619E-02
 1.10896115E+00  4.11339254E-02
 1.14347764E+00  7.53193077E-03
 1.17042173E+00 -3.19096720E-03
 1.17611912E+00 -1.16707142E-03
 1.15223913E+00 -6.53008308E-03
 1.10609321E+00 -1.05859404E-02
 1.06099649E+00 -1.47852266E-02
 1.02983522E+00 -2.00246187E-02
 1.01629197E+00 -8.49630531E-03
 1.02234772E+00  3.79477916E-02
 1.04092044E+00  1.18295786E-01
 1.07016369E+00  1.72201989E-01
 1.11380416E+00  1.26882706E-01
 1.16389108E+00  3.45243058E-02
 1.20829635E+00 -4.70300585E-04
 1.23570296E+00 -7.42808541E-04
 1.23408815E+00 -2.51209058E-02
 1.20439413E+00 -4.36453778E-02
 1.15902852E+00 -3.06053657E-02
 1.10687105E+00 -7.32794390E-03
 1.05673904E+00  2.01181044E-02
 1.01833904E+00  5.99143291E-02
 9.96925852E-01  1.08696224E-01
 1.00047437E+00  1.51301653E-01
 1.03538968E+00  1.67163996E-01
 1.09246940E+00  1.37673193E-01
 1.15328568E+00  6.24830105E-02
 1.20113532E+00 -2.79894537E-03
 1.22192159E+00  8.73049020E-03
 1.21421794E+00  4.97199981E-02
 1.18950001E+00  2.74172254E-02
 1.15342846E+00 -2.41891331E-02
 1.10939092E+00 -2.82903659E-02
 1.06667730E+00  1.36753340E-02
 1.03280581E+00  8.59033363E-02
 1.01789841E+00  1.47670922E-01
 1.03127707E+00  1.23148229E-01
 1.06253276E+00  3.50569021E-02
 1.08904545E+00 -2.85549164E-02
 1.09502578E+00 -5.12346505E-02
 1.07181371E+00 -4.07519473E-02
 1.02763504E+00 -7.67530694E-03
 9.87715813E-01  1.93113656E-03
 9.65766640E-01 -9.24132756E-03
 9.64457286E-01  4.00193063E-04
 9.83696305E-01  1.74113891E-02
 1.01299876E+00  1.84482698E-02
 1.04789163E+00  1.36391928E-02
 1.09064210E+00  5.54275518E-03
 1.13132279E+00 -1.16083134E-02
 1.15682993E+00 -3.28766226E-02
 1.15694181E+00 -4.91811286E-02
 1.12362627E+00 -5.22017700E-02
 1.06799223E+00 -3.78749954E-02
 1.01611136E+00 -6.53081165E-03
 9.86010256E-01  4.19615695E-02
 9.87891702E-01  1.03322137E-01
 1.01972278E+00  1.62926446E-01
 1.06376244E+00  2.01752678E-01
 1.10999384E+00  2.04578327E-01
 1.15505074E+00  1.64757023E-01
 1.18987038E+00  9.51210723E-02
 1.20881976E+00  2.43008706E-02
 1.20425094E+00 -2.68334611E-02
 1.16810785E+00 -4.78380894E-02
 1.11300776E+00 -4.05013704E-02
 1.06404537E+00 -2.23569061E-02
 1.03957977E+00 -2.40130255E-03
 1.05078739E+00  1.86659428E-02
 1.08893853E+00  3.35087387E-02
 1.12633739E+00  3.87523778E-02
 1.14811766E+00  3.20267645E-02
 1.15225902E+00  1.44946781E-02
 1.14373613E+00  1.57816334E-02
 1.14057554E+00  6.29003631E-02
 1.14895570E+00  1.09518864E-01
 1.16048240E+00  9.00301232E-02
 1.16945858E+00  4.37001718E-02
 1.16489364E+00  3.99123068E-02
 1.13782000E+00  3.45246618E-02
 1.08582496E+00 -3.52127854E-02
 9.96957065E-01 -1.24282302E-01
 8.74406671E-01 -1.70585452E-01
 7.84051382E-01 -1.77800799E-01
 7.97233377E-01 -1.56027667E-01
 8.65752363E-01 -1.05422113E-01
 8.94082884E-01 -5.02289980E-02
 9.07754530E-01 -1.31531424E-02
 9.66303342E-01  1.63579921E-03
 1.03613167E+00 -1.60076795E-04
 1.08182622E+00 -1.72317625E-03
 1.11730313E+00  4.85446886E-03
 1.14481178E+00  1.53170319E-02
 1.15673427E+00  2.66432995E-02
 1.16069437E+00  3.11220211E-02
 1.16810513E+00  2.66007109E-02
 1.18437741E+00  2.00596660E-02
 1.20066592E+00  1.16669746E-02
 1.19829677E+00 -2.26057450E-04
 1.16896646E+00 -1.54839671E-02
 1.11386750E+00 -3.60895430E-02
 1.04267246E+00 -5.70193799E-02
 9.76664387E-01 -6.79326256E-02
 9.29218186E-01 -6.40464994E-02
 9.03299124E-01 -4.50292918E-02
 9.00338884E-01 -1.72596043E-02
 9.14543376E-01  5.60770927E-03
 9.41643129E-01  1.49581433E-02
 9.81141091E-01  9.20314043E-03
 1.02431961E+00 -7.11420147E-03
 1.05990939E+00 -2.16173353E-02
 1.07890244E+00 -2.54922181E-02
 1.07532050E+00 -1.53784134E-02
 1.05906498E+00  1.14063113E-02
 1.05178000E+00  5.17811823E-02
 1.06743593E+00  9.93488594E-02
 1.11035674E+00  1.41897495E-01
 1.16877057E+00  1.48435785E-01
 1.21495436E+00  9.77024708E-02
 1.23290354E+00  3.85051514E-02
 1.22072891E+00  3.84849373E-02
 1.18505091E+00  5.86791495E-02
 1.14617923E+00  2.65016433E-02
 1.11610252E+00 -1.06680138E-02
 1.09548444E+00  1.80027447E-02
 1.08878858E+00  7.28837425E-02
 1.09603019E+00  9.73462084E-02
 1.11758579E+00  9.81527497E-02
 1.15570884E+00  8.24778363E-02
 1.19609589E+00  4.41299791E-02
 1.21544634E+00 -1.41604267E-03
 1.19784890E+00 -3.89072225E-02
 1.13630069E+00 -6.56332397E-02
 1.04718822E+00 -7.90072893E-02
 9.67242552E-01 -8.04877138E-02
 9.21038985E-01 -6.83953345E-02
 9.18255353E-01 -3.79283786E-02
 9.52364597E-01  3.33907356E-03
 9.96339884E-01  4.17565941E-02
 1.03557349E+00  6.61651978E-02
 1.06987088E+00  6.72273020E-02
 1.09726127E+00  4.89655459E-02
 1.12357510E+00  2.71736697E-02
 1.14703626E+00  1.04922906E-02
 1.15566522E+00  1.64694487E-03
 1.15112520E+00 -1.28908105E-03
 1.14067529E+00 -8.34973452E-03
 1.13020844E+00 -2.17932058E-02
 1.12882871E+00 -3.55740896E-02
 1.13454294E+00 -4.56829772E-02
 1.13573917E+00 -4.57497169E-02
 1.12840490E+00 -3.30997375E-02
 1.11237088E+00 -1.24037862E-02
 1.09004048E+00  1.27189043E-02
 1.07036058E+00  3.78199176E-02
 1.05723639E+00  5.79031483E-02
 1.04973562E+00  7.14023065E-02
 1.05069350E+00  7.77717558E-02
 1.06162204E+00  7.74070612E-02
 1.08220540E+00  7.10876376E-02
 1.11101386E+00  5.86920384E-02
 1.13733755E+00  4.04989346E-02
 1.14513222E+00  1.72200546E-02
 1.12497558E+00 -8.77900631E-03
 1.07640193E+00 -3.33198626E-02
 1.01463768E+00 -5.26752977E-02
 9.68020333E-01 -6.36204617E-02
 9.55206218E-01 -6.42146512E-02
 9.80154736E-01 -5.55019538E-02
 1.02903525E+00 -4.17660969E-02
 1.07037985E+00 -2.90531956E-02
 1.08589619E+00 -2.11050187E-02
 1.07613719E+00 -1.63671970E-02
 1.05508413E+00 -4.44862560E-03
 1.05281603E+00  2.90364749E-02
 1.08349065E+00  8.54599143E-02
 1.13773350E+00  1.46118979E-01
 1.19482672E+00  1.64536874E-01
 1.21966024E+00  9.94773325E-02
 1.19254425E+00  7.71278875E-03
 1.12084776E+00 -1.80108033E-02
 1.02825771E+00 -2.33428411E-02
 9.55442168E-01 -9.37343313E-02
 9.26966728E-01 -1.61197040E-01
 9.36809291E-01 -1.33607123E-01
 9.54447678E-01 -5.84710196E-02
 9.43538931E-01 -5.28583952E-03
 9.41949918E-01  3.56565053E-02
 1.01750993E+00  7.32483120E-02
 1.11907366E+00  9.03837599E-02
 1.15855987E+00  9.13978228E-02
 1.16459158E+00  8.34684736E-02
 1.18788792E+00  6.20032994E-02
 1.19956259E+00  3.21146368E-02
 1.17528745E+00  3.77854400E-03
 1.14317106E+00 -1.26622031E-02
 1.12533846E+00 -6.55054868E-03
 1.11624433E+00  1.57986560E-02
 1.11167253E+00  3.56585181E-02
 1.11851441E+00  4.22367379E-02
 1.13836228E+00  3.08437869E-02
 1.16055755E+00  6.72695937E-03
 1.17183154E+00 -1.25996936E-02
 1.16084359E+00 -1.95867334E-02
 1.12077230E+00 -1.65624152E-02
 1.06262237E+00 -6.00295848E-03
 1.01123341E+00  3.59298372E-03
 9.82768823E-01  8.73028095E-03
 9.84229762E-01  1.39114856E-02
 1.01253127E+00  1.93754106E-02
 1.05082262E+00  2.52273915E-02
 1.08996060E+00  3.12500678E-02
 1.12852172E+00  3.31963609E-02
 1.15955723E+00  2.99826684E-02
 1.17888944E+00  2.32033818E-02
 1.18076072E+00  1.41769007E-02
 1.15779665E+00  6.91811839E-03
 1.11938046E+00  7.23999961E-03
 1.08509134E+00  2.02356292E-02
 1.06897222E+00  4.83505297E-02
 1.07991060E+00  8.78806261E-02
 1.11122355E+00  1.24524544E-01
 1.14094229E+00  1.37519433E-01
 1.15651726E+00  1.12985454E-01
 1.15425166E+00  4.90941840E-02
 1.13430467E+00 -3.73285700E-02
 1.10668104E+00 -1.13458545E-01
 1.07481762E+00 -1.56181939E-01
 1.03533664E+00 -1.57276810E-01
 9.93915951E-01 -1.24098333E-01
 9.57985949E-01 -8.20798480E-02
 9.35408231E-01 -4.60745989E-02
 9.36234664E-01 -1.72742358E-02
 9.58697685E-01  4.21350744E-03
 9.91802397E-01  2.66708692E-02
 1.02815553E+00  4.99152050E-02
 1.06079636E+00  6.25335151E-02
 1.08482097E+00  6.24184417E-02
 1.10086368E+00  5.01015153E-02
 1.10589881E+00  2.80329355E-02
 1.09623863E+00  5.90012486E-03
 1.07725870E+00 -1.23961616E-02
 1.05771519E+00 -2.65193016E-02
 1.04467935E+00 -2.92517778E-02
 1.04235771E+00 -1.05456136E-02
 1.04223059E+00  4.38250349E-02
 1.02594589E+00  1.27240674E-01
 9.82513048E-01  1.48744210E-01
 9.08720162E-01  1.33952461E-02
 8.10076002E-01 -1.79039152E-01
 7.03374614E-01 -2.48599770E-01
 5.99897036E-01 -2.12312040E-01
 5.04906848E-01 -1.67738021E-01
 4.26699719E-01 -1.28709335E-01
 3.70991203E-01 -1.20298516E-01
 3.46724423E-01 -1.27095812E-01
 3.66850155E-01 -6.99929139E-02
 4.35473750E-01  3.32850818E-03
 5.46771179E-01 -5.44841384E-03
 6.80761090E-01 -4.06345359E-02
 7.93424625E-01 -1.57368658E-02
 8.13111491E-01  3.97391911E-02
 6.93759351E-01  8.95980202E-02
 5.30501287E-01  1.66719346E-01
 4.79952256E-01  2.83395381E-01
 5.32665349E-01  3.78475654E-01
 6.03553206E-01  3.96824365E-01
 7.16711555E-01  3.82630282E-01
 8.76924970E-01  4.02920616E-01
 9.79856020E-01  4.06119651E-01
 9.48340689E-01  3.16880915E-01
 8.30344955E-01  1.94320892E-01
 7.17683983E-01  1.24664798E-01
 6.23797542E-01  8.85735419E-02
 5.33828970E-01  5.31623000E-02
 4.59569698E-01  4.38688164E-02
 3.88149841E-01  6.36030618E-02
 3.14715655E-01  4.84192995E-02
 2.81939561E-01 -4.39484854E-02
 3.66309030E-01 -1.22046309E-01
 6.21456580E-01 -6.27658944E-02
 9.25480669E-01  7.20012720E-02
 1.07263807E+00  1.46924142E-01
 1.06304306E+00  1.70411112E-01
 9.97391528E-01  1.78309389E-01
 8.79531942E-01  1.38484407E-01
 7.29555749E-01  5.84853142E-02
 5.75102893E-01 -1.01829373E-02
 4.03459655E-01 -3.78021803E-02
 3.17224317E-01 -3.47165047E-02
 4.40284145E-01 -3.81351350E-02
 6.50336952E-01 -7.97725897E-02
 7.43845847E-01 -1.71267363E-01
 7.46023551E-01 -2.61218436E-01
 7.64836730E-01 -2.61320674E-01
 8.11012492E-01 -1.78381057E-01
 9.03164775E-01 -7.41536492E-02
 1.01221569E+00  4.54448910E-02
 1.02966813E+00  1.67108855E-01
 9.69811185E-01  2.40542591E-01
 9.18564709E-01  2.45400828E-01
 8.74555617E-01  2.08516424E-01
 8.33771244E-01  1.74189985E-01
 8.16114558E-01  1.64437747E-01
 8.14401761E-01  1.80738401E-01
 8.55293835E-01  2.11691942E-01
 9.71163339E-01  2.24572908E-01
 1.08062316E+00  2.03617781E-01
 1.06541130E+00  1.56821080E-01
 9.27842625E-01  9.07846384E-02
 7.34044746E-01  2.09802372E-02
 5.37102972E-01 -4.46759003E-02
 4.07615368E-01 -1.13395970E-01
 3.54533419E-01 -1.81826787E-01
 3.11398205E-01 -2.43538555E-01
 2.59055225E-01 -2.93198482E-01
 2.06563775E-01 -3.19510235E-01
 1.74685450E-01 -3.19659832E-01
 2.09431801E-01 -2.98733538E-01
 2.65423427E-01 -2.59178257E-01
 2.53979122E-01 -2.05845459E-01
 2.21300003E-01 -1.45050605E-01
 2.58640499E-01 -8.12000216E-02
 3.61089972E-01 -2.18903099E-02
 5.02958866E-01  2.46216484E-02
 6.66447348E-01  5.55588410E-02
 7.95547159E-01  7.11861196E-02
 8.53342817E-01  7.24195604E-02
 8.51608738E-01  6.19807538E-02
 8.36713425E-01  4.21313714E-02
 8.64243756E-01  1.54324894E-02
 8.89114147E-01 -9.02736812E-03
 8.26227861E-01 -1.60169755E-02
 7.54698889E-01  1.39921002E-02
 8.00553055E-01  8.43512710E-02
 9.17708491E-01  1.33804252E-01
 1.01163959E+00  9.02922177E-02
 1.07108266E+00  1.10455621E-02
 1.09023694E+00  4.52331674E-03
 1.09339980E+00  4.46231737E-02
 1.14715406E+00  6.30979333E-02
 1.20577327E+00  7.91013252E-02
 1.17599202E+00  1.05190235E-01
 1.11988489E+00  1.08521435E-01
 1.13587870E+00  8.01862826E-02
 1.17854891E+00  3.96449145E-02
 1.17963414E+00  6.43253097E-03
 1.16272757E+00 -1.30127856E-02
 1.15228485E+00 -2.04740166E-02
 1.13446643E+00 -1.87226750E-02
 1.11195420E+00 -1.68087139E-02
 1.09427023E+00 -1.88125536E-02
 1.07759097E+00 -1.81007207E-02
 1.06498257E+00 -6.26566800E-03
 1.06461373E+00  2.71424033E-02
 1.07954101E+00  8.50207578E-02
 1.10980310E+00  1.56046424E-01
 1.14457808E+00  2.18079253E-01
 1.16431577E+00  2.41819031E-01
 1.15754657E+00  2.09972390E-01
 1.12309827E+00  1.28341624E-01
 1.07399906E+00  3.12823694E-02
 1.03545405E+00 -2.66433174E-02
 1.01850955E+00 -1.54752073E-02
 1.01297455E+00  5.28441231E-02
 9.85233251E-01  1.12994207E-01
 9.08886067E-01  8.72226286E-02
 8.62114222E-01  3.28704258E-02
 9.48588672E-01  6.47211578E-02
 1.07913611E+00  1.16833986E-01
 1.09727770E+00  7.83595658E-02
 1.04586059E+00  2.93008288E-02
 1.03123669E+00  7.27522814E-02
 1.05289898E+00  1.46711404E-01
 1.10633211E+00  1.69055290E-01
 1.16819832E+00  1.61899499E-01
 1.16497929E+00  1.52523153E-01
 1.13015287E+00  1.26693308E-01
 1.14950159E+00  8.99751211E-02
 1.16927708E+00  5.81041208E-02
 1.10938531E+00  3.04019092E-02
 1.02419543E+00  9.84741872E-03
 9.87698882E-01  3.27750658E-03
 9.86933403E-01  1.54907674E-02
 9.96144052E-01  5.13722741E-02
 1.00176301E+00  1.05587419E-01
 9.83732258E-01  1.63549371E-01
 9.96875012E-01  2.10481561E-01
 1.11227774E+00  2.29461831E-01
 1.20889737E+00  2.04649242E-01
 1.11520880E+00  1.29295117E-01
 9.29291113E-01  9.58961786E-03
 8.46249553E-01 -1.23225903E-01
 8.63532533E-01 -1.93748497E-01
 9.25130010E-01 -1.37342271E-01
 1.00600512E+00 -2.56943882E-02
 1.02719085E+00  9.79863965E-03
 9.97625847E-01 -1.11680717E-02
 1.01509508E+00 -3.53259075E-03
 1.07154124E+00  3.09030972E-02
 1.11853673E+00  8.32068228E-02
 1.14744226E+00  1.27397901E-01
 1.13242871E+00  9.71846254E-02
 1.09439335E+00  3.45623462E-02
 1.09907588E+00  3.55894947E-02
 1.13088489E+00  6.59099835E-02
 1.14242355E+00  5.65212993E-02
 1.15185419E+00  3.32155655E-02
 1.17528794E+00  2.28180841E-02
 1.17632276E+00 -1.77588878E-04
 1.12051150E+00 -4.88316889E-02
 1.00335848E+00 -1.14653011E-01
 8.42465336E-01 -1.85561598E-01
 7.04660851E-01 -2.20135286E-01
 6.74396868E-01 -1.74212641E-01
 7.36071322E-01 -8.73426724E-02
 8.11616691E-01 -3.60801481E-02
 8.83611962E-01 -9.91818999E-03
 9.53056152E-01  3.41148056E-02
 1.01981112E+00  8.56417402E-02
 1.11117778E+00  1.31640131E-01
 1.19558232E+00  1.57471019E-01
 1.21268458E+00  1.29990858E-01
 1.20835945E+00  6.89761013E-02
 1.24682961E+00  2.51308034E-02
 1.25965859E+00 -7.50909797E-03
 1.16462900E+00 -4.81457763E-02
 1.04188271E+00 -7.10657576E-02
 1.00374480E+00 -5.48494648E-02
 1.00242208E+00 -1.55005201E-02
 9.60509224E-01  2.56065200E-02
 9.34967588E-01  5.74053599E-02
 9.89106517E-01  6.87721349E-02
 1.07400891E+00  5.77571196E-02
 1.12971884E+00  3.58724007E-02
 1.15518640E+00  7.66205056E-03
 1.15243173E+00 -2.64119209E-02
 1.11966456E+00 -5.83051784E-02
 1.08083005E+00 -8.06314477E-02
 1.05673303E+00 -8.46375055E-02
 1.05044552E+00 -6.21712828E-02
 1.05405586E+00 -2.39259634E-02
 1.04706662E+00  7.41812538E-03
 1.02117278E+00  1.72813183E-02
 9.81520831E-01 -6.61289563E-04
 9.28441234E-01 -3.62150859E-02
 8.67406911E-01 -6.28279303E-02
 8.04186283E-01 -6.69055095E-02
 7.42627529E-01 -4.93412239E-02
 7.05832746E-01 -1.92471139E-02
 7.24171912E-01  1.37251673E-03
 8.08277694E-01  1.93376026E-03
 9.42747620E-01 -1.17133803E-02
 1.06461129E+00 -3.02150312E-02
 1.10170976E+00 -3.61983975E-02
 1.09321667E+00 -2.03049661E-02
 1.12454890E+00  1.12750860E-02
 1.14537598E+00  4.74580008E-02
 1.07800532E+00  7.03341284E-02
 1.00170611E+00  6.80088770E-02
 1.01384884E+00  4.23035844E-02
 1.06319977E+00  2.60384035E-03
 1.07064658E+00 -3.33191845E-02
 1.05224901E+00 -5.29256086E-02
 1.03450435E+00 -5.46242178E-02
 1.01032961E+00 -4.19868065E-02
 9.94161092E-01 -2.59947130E-02
 1.00025611E+00 -1.31929167E-02
 1.01924132E+00 -2.64349171E-03
 1.04619633E+00  4.56156361E-03
 1.07657630E+00  9.12689639E-03
 1.10394083E+00  9.26859459E-03
 1.12663843E+00 -1.15077661E-03
 1.13403564E+00 -2.17792789E-02
 1.11098492E+00 -4.84224517E-02
 1.05115827E+00 -7.70871207E-02
 9.57189203E-01 -1.01298295E-01
 8.50644379E-01 -1.17043525E-01
 7.68587895E-01 -1.23671940E-01
 7.37483350E-01 -1.18937028E-01
 7.67027611E-01 -1.02224899E-01
 8.42351145E-01 -7.81096839E-02
 9.24334903E-01 -5.32572838E-02
 9.86513504E-01 -3.40919831E-02
 1.02006756E+00 -2.50815371E-02
 1.02836341E+00 -2.32606057E-02
 1.03366614E+00 -1.99892703E-02
 1.04523860E+00 -1.06449446E-02
 1.05724129E+00  5.24380183E-03
 1.07233652E+00  2.40257641E-02
 1.08972870E+00  3.66596066E-02
 1.11161674E+00  3.85611249E-02
 1.14546382E+00  3.01804433E-02
 1.17633863E+00  1.16626821E-02
 1.17825729E+00 -1.32977441E-02
 1.14073592E+00 -3.95327782E-02
 1.06985451E+00 -6.03160062E-02
 1.00658985E+00 -5.92327058E-02
 9.99141728E-01 -2.83726193E-02
 1.00604647E+00 -6.23329519E-03
 9.54763979E-01 -3.15831316E-02
 8.98977578E-01 -3.63574036E-02
 9.25028539E-01  6.23769505E-02
 9.84454324E-01  1.54873921E-01
 1.00243831E+00  8.72328309E-02
 1.00568868E+00 -4.23576859E-02
 1.02669012E+00 -6.57465977E-02
 1.03532283E+00 -3.95898400E-02
 1.01198045E+00 -6.16022408E-02
 9.79792779E-01 -8.15510854E-02
 9.62525752E-01 -5.87756907E-02
 9.68884379E-01 -3.11575311E-02
 1.00421729E+00 -1.47705541E-02
 1.05912238E+00  4.19308510E-03
 1.10690314E+00  2.71841280E-02
 1.13119884E+00  4.30524113E-02
 1.12792795E+00  4.32787955E-02
 1.10007987E+00  3.08734503E-02
 1.06345499E+00  1.33875799E-02
 1.02773136E+00 -3.25324280E-03
 9.95309658E-01 -1.11058716E-02
 9.77345269E-01 -5.02246426E-03
 9.84121240E-01  1.45519404E-02
 1.02275990E+00  4.78239050E-02
 1.09572738E+00  9.07515218E-02
 1.18000630E+00  1.26411296E-01
 1.23588358E+00  1.32701059E-01
 1.23622111E+00  9.48627954E-02
 1.17096413E+00  1.16680961E-02
 1.06170841E+00 -9.05208310E-02
 9.59494459E-01 -1.65806737E-01
 8.97123143E-01 -1.87960567E-01
 8.84073004E-01 -1.59892873E-01
 9.10714330E-01 -1.23349407E-01
 9.41358609E-01 -1.33149025E-01
 9.59101958E-01 -1.49822014E-01
 9.70794669E-01 -9.51185303E-02
 9.82403949E-01 -2.15790858E-02
 1.01046386E+00 -1.51487134E-02
 1.05870915E+00 -2.93418977E-02
 1.11024486E+00  1.31043165E-03
 1.15605448E+00  3.96576751E-02
 1.18728194E+00  4.31789996E-02
 1.19754208E+00  3.59602387E-02
 1.19351470E+00  3.99832549E-02
 1.18061709E+00  4.19153223E-02
 1.16371527E+00  3.36268833E-02
 1.14982246E+00  2.00328422E-02
 1.14031744E+00  1.41523344E-03
 1.13202010E+00 -1.98190285E-02
 1.11974417E+00 -3.49295863E-02
 1.10049188E+00 -3.97585077E-02
 1.07628811E+00 -3.47500233E-02
 1.05440036E+00 -2.22952409E-02
 1.04616151E+00 -8.62999498E-03
 1.05749186E+00  1.71446266E-03
 1.08685164E+00  7.87949197E-03
 1.12769802E+00  1.06752979E-02
 1.16739894E+00  1.34467215E-02
 1.19617973E+00  1.75132307E-02
 1.20992771E+00  2.07843962E-02
 1.20654244E+00  2.03233669E-02
 1.18847580E+00  1.20336795E-02
 1.15771496E+00 -4.85468366E-03
 1.11512733E+00 -2.58898622E-02
 1.06738829E+00 -4.34794285E-02
 1.02384679E+00 -4.73209285E-02
 9.94307250E-01 -3.01845064E-02
 9.88275026E-01  8.59331252E-03
 1.00665496E+00  6.24172283E-02
 1.04248266E+00  1.17815671E-01
 1.08874422E+00  1.63192147E-01
 1.13592935E+00  1.91237528E-01
 1.17130991E+00  1.98249046E-01
 1.18314921E+00  1.86119208E-01
 1.15942056E+00  1.54735229E-01
 1.09304114E+00  1.02728264E-01
 9.93952087E-01  3.53654208E-02
 8.83547192E-01 -3.90038961E-02
 7.79004768E-01 -1.09456713E-01
 6.90665781E-01 -1.62621091E-01
 6.13731467E-01 -1.91614458E-01
 5.49079952E-01 -1.96513924E-01
 5.70675676E-01 -1.80430727E-01
 7.48497467E-01 -1.55332211E-01
 9.59547366E-01 -1.46525068E-01
 1.02008447E+00 -1.68851070E-01
 9.84327271E-01 -1.81071291E-01
 9.93285189E-01 -1.27948370E-01
 1.01463298E+00 -4.86063136E-02
 9.96408243E-01 -1.44538171E-02
 9.70701397E-01  8.56991820E-03
 9.42903612E-01  7.73210703E-02
 9.30035978E-01  1.54432262E-01
 9.80722674E-01  1.90488322E-01
 1.06555740E+00  1.91207980E-01
 1.11866514E+00  1.62056193E-01
 1.14614300E+00  9.75454945E-02
 1.16459743E+00  1.18202223E-02
 1.12786642E+00 -7.67368928E-02
 9.96062335E-01 -1.55101150E-01
 7.95680620E-01 -2.06123377E-01
 5.91867899E-01 -2.15142376E-01
 4.86399825E-01 -1.74234266E-01
 5.72360531E-01 -8.92998396E-02
 7.71244410E-01 -8.97875993E-05
 9.08171857E-01  4.74960110E-02
 9.73031910E-01  7.03001534E-02
 1.02790604E+00  1.08957836E-01
 1.05062181E+00  1.28909650E-01
 1.04834725E+00  8.35667457E-02
 1.05616685E+00  1.99774296E-02
 1.05783853E+00 -1.08552699E-05
 1.01929814E+00  9.89095670E-04
 9.28756120E-01 -1.54099564E-02
 8.69814316E-01 -3.14205285E-02
 9.50173525E-01 -2.90752799E-02
 1.07924384E+00 -2.63273560E-02
 1.08706592E+00 -3.73868998E-02
 9.94743477E-01 -6.44481800E-02
 8.94469039E-01 -1.06129937E-01
 8.15983627E-01 -1.32045056E-01
 8.07583292E-01 -1.04675100E-01
 8.51178999E-01 -5.19036706E-02
 8.55563410E-01 -2.53812848E-02
 8.61982798E-01  2.56224921E-03
 9.53522573E-01  7.46215511E-02
 1.04879388E+00  1.41189795E-01
 1.04423327E+00  1.34474048E-01
 9.81660422E-01  5.63962072E-02
 9.26285299E-01 -6.39245192E-02
 8.55784278E-01 -1.78980149E-01
 7.54607286E-01 -2.22573524E-01
 6.73096905E-01 -2.11152334E-01
 6.58342898E-01 -2.09128806E-01
 7.24745219E-01 -1.79205200E-01
 8.62538839E-01 -7.09822285E-02
 9.92871407E-01  2.82850381E-02
 1.01644253E+00  2.44531360E-02
 9.78982155E-01 -1.09412274E-02
 1.00012485E+00  2.97131679E-02
 1.07251831E+00  1.00683720E-01
 1.14559808E+00  1.16733826E-01
 1.21951252E+00  9.05242861E-02
 1.26564851E+00  4.46631049E-02
 1.25952856E+00 -8.37847637E-03
 1.22046376E+00 -2.59631281E-02
 1.15832113E+00 -1.71474613E-02
 1.07883997E+00 -2.95149916E-02
 9.83346217E-01 -4.47788975E-02
 8.68308355E-01 -2.89470240E-02
 7.82778407E-01 -3.35260845E-03
 7.88594351E-01  9.61532463E-03
 8.57024157E-01  1.91141743E-02
 9.22298686E-01  3.12139826E-02
 9.81074844E-01  4.01585328E-02
 1.04363388E+00  4.58255008E-02
 1.09492411E+00  5.43970004E-02
 1.13624504E+00  6.99135879E-02
 1.16975255E+00  9.24616504E-02
 1.18255220E+00  1.14420667E-01
 1.17408325E+00  1.09582444E-01
 1.15142127E+00  5.57394922E-02
 1.12344048E+00 -9.15099564E-03
 1.10435068E+00 -2.67588624E-02
 1.09615605E+00 -2.16689063E-02
 1.09032678E+00 -4.32400538E-02
 1.08385412E+00 -5.23290789E-02
 1.07242957E+00 -1.26563646E-03
 1.04784938E+00  6.28262583E-02
 1.00474537E+00  8.97077895E-02
 9.36422219E-01  1.35134242E-01
 8.40015371E-01  2.39959960E-01
 7.31645265E-01  2.43175410E-01
 6.38842795E-01 -2.04518055E-02
 5.82014289E-01 -3.41922832E-01
 5.72326075E-01 -3.95860466E-01
 6.02694646E-01 -2.59631401E-01
 6.48293712E-01 -1.54386245E-01
 6.95664305E-01 -6.79299464E-02
 7.43837951E-01  1.47877152E-02
 7.97538145E-01  5.88785675E-02
 8.71684992E-01  1.21505227E-01
 9.66648789E-01  1.95938568E-01
 1.06344435E+00  2.14837581E-01
 1.13783207E+00  2.17959548E-01
 1.15846580E+00  2.49049926E-01
 1.10811390E+00  2.26844059E-01
 9.96394686E-01  7.76041612E-02
 8.55528465E-01 -9.51069876E-02
 7.37443955E-01 -1.42937573E-01
 6.82204828E-01 -1.02337590E-01
 7.02653943E-01 -7.00036427E-02
 7.80444507E-01 -2.25497437E-02
 8.66467553E-01  5.65403042E-02
 9.26337379E-01  1.00178581E-01
 9.48434025E-01  7.19019531E-02
 9.32419263E-01  1.50456324E-02
 9.00355845E-01 -8.97862515E-03
 8.63437753E-01  1.88385871E-02
 8.22557247E-01  9.07221077E-02
 8.06627910E-01  1.77108747E-01
 8.33201457E-01  2.17047480E-01
 8.54709148E-01  1.84779745E-01
 8.18970510E-01  1.06992558E-01
 7.79156255E-01  4.18471727E-02
 8.20603882E-01  5.60912383E-02
 9.03701821E-01  1.05964763E-01
 9.54668990E-01  8.86905244E-02
 1.00839649E+00  4.66760684E-02
 1.08844919E+00  6.20748135E-02
 1.07341399E+00  7.15069892E-02
 8.62564254E-01  1.36314230E-02
 6.17237167E-01 -1.19460736E-02
 5.69300870E-01  9.26876172E-02
 6.49942787E-01  2.18291877E-01
 6.84193876E-01  2.10557701E-01
 7.14574331E-01  1.31777381E-01
 8.05000662E-01  1.07928957E-01
 9.11796825E-01  1.17954275E-01
 1.02597680E+00  1.23818257E-01
 1.13109924E+00  1.30663536E-01
 1.17113994E+00  1.08583857E-01
 1.16826473E+00  6.44008634E-02
 1.17894094E+00  4.89465077E-02
 1.17837496E+00  5.03914573E-02
 1.12901447E+00  3.59690124E-02
 1.06662797E+00  1.97753944E-02
 1.03336106E+00  1.42772240E-02
 1.02044682E+00  9.88023588E-03
 1.01459750E+00  4.71617134E-03
 1.02199487E+00  2.88604788E-03
 1.04188418E+00  3.78532035E-03
 1.07004561E+00  6.10705707E-03
 1.10885012E+00  9.50221938E-03
 1.15070662E+00  1.35305790E-02
 1.18088062E+00  1.71846797E-02
 1.19258898E+00  1.74791125E-02
 1.18210334E+00  1.09793861E-02
 1.14772331E+00 -2.63561783E-03
 1.09634089E+00 -1.94165913E-02
 1.04166987E+00 -2.89584053E-02
 1.00099566E+00 -1.71542763E-02
 9.91010280E-01  2.28251652E-02
 1.02009952E+00  8.58131888E-02
 1.07791191E+00  1.49466264E-01
 1.13917859E+00  1.78700987E-01
 1.18317281E+00  1.50873379E-01
 1.19505612E+00  6.42958890E-02
 1.16674304E+00 -5.50287486E-02
 1.10415385E+00 -1.56173126E-01
 1.01541751E+00 -2.04421792E-01
 9.18665048E-01 -1.90387995E-01
 8.65936695E-01 -1.28507310E-01
 9.04625767E-01 -6.12678165E-02
 1.00339324E+00 -1.48905670E-02
 1.09051803E+00  6.77244960E-03
 1.14927118E+00  2.39252018E-03
 1.18478434E+00 -1.45751077E-02
 1.18466714E+00 -4.00877055E-02
 1.15378468E+00 -8.25991213E-02
 1.08637139E+00 -1.29078982E-01
 9.71303516E-01 -1.59046346E-01
 8.70787234E-01 -1.56088739E-01
 8.63073922E-01 -1.05720109E-01
 9.17720109E-01 -2.40752180E-02
 9.62259415E-01  4.87204480E-02
 1.00238382E+00  8.80553859E-02
 1.05878216E+00  8.36062349E-02
 1.11112043E+00  4.53254543E-02
 1.15176629E+00  7.95698079E-03
 1.17683813E+00 -1.10993670E-02
 1.16881655E+00 -1.32222608E-02
 1.13748863E+00 -1.57364484E-03
 1.11148980E+00  8.07427195E-03
 1.10837514E+00  1.03304028E-02
 1.13847128E+00  1.48591427E-02
 1.18797365E+00  2.12224871E-02
 1.21937691E+00  2.80646565E-02
 1.21394552E+00  3.34440364E-02
 1.17148330E+00  2.88302205E-02
 1.10349164E+00  1.65497892E-02
 1.04106986E+00  6.57168999E-03
 1.00200011E+00  3.32683696E-03
 9.86131728E-01  9.87746551E-03
 9.94955057E-01  2.35689323E-02
 1.02120237E+00  3.42323988E-02
 1.06047919E+00  3.73033358E-02
 1.11563567E+00  3.30218459E-02
 1.17458727E+00  2.23190968E-02
 1.21871176E+00  1.03307851E-02
 1.23345719E+00 -1.02463588E-04
 1.20724689E+00 -9.53061565E-03
 1.14899230E+00 -1.55122719E-02
 1.08524195E+00 -1.56564609E-02
 1.03467406E+00 -8.48218586E-03
 1.00890052E+00  7.18737135E-03
 1.01003615E+00  2.65187658E-02
 1.02576456E+00  4.06153892E-02
 1.05218008E+00  4.36501738E-02
 1.09165305E+00  3.34770300E-02
 1.13669826E+00  1.50288979E-02
 1.17934378E+00 -1.70759006E-04
 1.20878688E+00 -5.24677547E-03
 1.21155334E+00  7.26927925E-04
 1.19161768E+00  1.34036645E-02
 1.16472153E+00  2.19956407E-02
 1.14042766E+00  2.08295771E-02
 1.12514274E+00  1.12042142E-02
 1.11666237E+00 -3.21497814E-03
 1.10217518E+00 -1.41618123E-02
 1.07891158E+00 -1.69863772E-02
 1.05261475E+00 -1.30569351E-02
 1.02793623E+00 -3.69364749E-03
 1.01400363E+00  7.54135178E-03
 1.01506643E+00  1.83020782E-02
 1.02750298E+00  2.95699113E-02
 1.05054708E+00  4.01946740E-02
 1.08244086E+00  4.84409944E-02
 1.11934799E+00  5.25211169E-02
 1.15871502E+00  4.92942516E-02
 1.19386149E+00  3.80409477E-02
 1.21541713E+00  2.04843011E-02
 1.21687967E+00 -9.36161551E-04
 1.19479583E+00 -2.13882800E-02
 1.15244636E+00 -3.36781594E-02
 1.10004100E+00 -3.04324025E-02
 1.04746248E+00 -6.59980570E-03
 1.00389539E+00  3.73110752E-02
 9.77589895E-01  9.04543945E-02
 9.72937615E-01  1.34578921E-01
 9.94033005E-01  1.55531086E-01
 1.04152608E+00  1.46634488E-01
 1.10399288E+00  1.13140144E-01
 1.16286597E+00  7.21221861E-02
 1.20155535E+00  3.51188619E-02
 1.20879365E+00  7.01413253E-03
 1.18903335E+00 -9.41553050E-03
 1.16062683E+00 -1.81229220E-02
 1.13524058E+00 -1.85754106E-02
 1.11816163E+00 -6.30237712E-03
 1.11084881E+00  1.30346125E-02
 1.10617078E+00  3.00105063E-02
 1.10419109E+00  3.62483076E-02
 1.11091095E+00  2.41080151E-02
 1.12243607E+00 -6.66601285E-04
 1.13232921E+00 -2.18566729E-02
 1.13396610E+00 -3.03402562E-02
 1.11908642E+00 -2.30571848E-02
 1.09160488E+00 -4.35427751E-03
 1.06477366E+00  1.16517804E-02
 1.04620666E+00  1.86194639E-02
 1.04073782E+00  1.85840413E-02
 1.04970159E+00  1.36140088E-02
 1.06737366E+00  1.04084111E-02
 1.09220467E+00  1.16492741E-02
 1.12511860E+00  1.32517587E-02
 1.15994234E+00  1.40822854E-02
 1.18876566E+00  1.28982685E-02
 1.20362917E+00  8.98188799E-03
 1.19642359E+00  5.31176873E-03
 1.16835039E+00  2.95529019E-03
 1.12841929E+00  1.69657288E-03
 1.08389435E+00  2.16970349E-03
 1.04262484E+00  3.75776293E-03
 1.01332350E+00  5.99183833E-03
 1.00166004E+00  9.07529466E-03
 1.01413515E+00  1.24598535E-02
 1.05421777E+00  1.55765421E-02
 1.11177312E+00  1.81238063E-02
 1.16823079E+00  1.95919538E-02
 1.20738488E+00  1.94673179E-02
 1.21733192E+00  1.72838809E-02
 1.19896579E+00  1.25228975E-02
 1.16582117E+00  4.97053574E-03
 1.12553848E+00 -4.62663093E-03
 1.08161068E+00 -1.42217806E-02
 1.03968482E+00 -2.00917697E-02
 1.00184229E+00 -1.76192689E-02
 9.75864487E-01 -3.80072178E-03
 9.73944953E-01  2.13363030E-02
 9.96952340E-01  5.30207923E-02
 1.03916413E+00  8.22398903E-02
 1.09373241E+00  1.00688602E-01
 1.14874312E+00  1.01712407E-01
 1.19346161E+00  8.06990801E-02
 1.22043407E+00  3.82926826E-02
 1.21985137E+00 -1.98176981E-02
 1.18607411E+00 -7.88642761E-02
 1.12689322E+00 -1.06353287E-01
 1.05853936E+00 -7.68185803E-02
 9.97396941E-01 -2.55528121E-02
 9.58282811E-01 -7.85474330E-03
 9.46834618E-01  6.48518809E-03
 9.58685697E-01  7.14581647E-02
 9.93223479E-01  1.38849571E-01
 1.04913668E+00  1.41605136E-01
 1.11451383E+00  1.07963297E-01
 1.17419112E+00  8.35647418E-02
 1.21150274E+00  5.94974997E-02
 1.21201293E+00  2.81745335E-02
 1.18099547E+00  2.19462677E-03
 1.13859292E+00 -1.89738535E-02
 1.09886756E+00 -3.59282580E-02
 1.07153992E+00 -4.02704538E-02
 1.05955084E+00 -3.24599409E-02
 1.05472335E+00 -1.81206438E-02
 1.05704520E+00 -2.61177575E-03
 1.07123458E+00  6.83565460E-03
 1.09010957E+00  1.04980216E-02
 1.10400072E+00  1.51006281E-02
 1.10367585E+00  2.21224437E-02
 1.08082235E+00  3.08169891E-02
 1.04607418E+00  4.03740892E-02
 1.02345095E+00  4.65965747E-02
 1.02677869E+00  4.80865106E-02
 1.06033851E+00  4.56705816E-02
 1.11453783E+00  3.51984984E-02
 1.16376224E+00  1.15840512E-02
 1.19317071E+00 -2.68213251E-02
 1.20004875E+00 -7.81209081E-02
 1.18424702E+00 -1.31120575E-01
 1.15540997E+00 -1.67506834E-01
 1.11852736E+00 -1.74108625E-01
 1.07194248E+00 -1.44910652E-01
 1.02414384E+00 -8.38683144E-02
 9.86088040E-01 -6.25236294E-03
 9.66955003E-01  7.51042391E-02
 9.74798849E-01  1.50418303E-01
 1.00070487E+00  2.07932712E-01
 1.02301277E+00  2.40017231E-01
 1.02748189E+00  2.39813084E-01
 1.00732161E+00  2.05034426E-01
 9.68793052E-01  1.54195706E-01
 9.32394457E-01  1.17398234E-01
 9.07740302E-01  1.14989212E-01
 8.92592846E-01  1.51243946E-01
 8.80448529E-01  1.96673093E-01
 8.57482112E-01  1.96613074E-01
 8.24450091E-01  1.24093474E-01
 8.03306989E-01 -9.41346055E-03
 8.28156282E-01 -1.45889444E-01
 9.13832167E-01 -2.02928033E-01
 9.67831790E-01 -1.89996579E-01
 8.75935223E-01 -1.71485328E-01
 7.40473629E-01 -1.27075185E-01
 7.45112985E-01 -3.13959062E-02
 8.44362048E-01  4.60542381E-02
 9.10953320E-01  4.38944175E-02
 9.32111138E-01  3.56615679E-03
 9.00332296E-01 -6.49820253E-03
 8.55005284E-01  1.29394622E-02
 8.98342594E-01  4.07238749E-02
 9.58774583E-01  7.89649860E-02
 8.87694906E-01  1.10700267E-01
 7.50746376E-01  1.16959416E-01
 6.69834303E-01  9.50453498E-02
 6.07544345E-01  2.48146419E-02
 5.22635659E-01 -1.02516149E-01
 4.73370255E-01 -2.28204909E-01
 4.98735184E-01 -2.76494728E-01
 5.73479104E-01 -2.53182957E-01
 6.69476158E-01 -2.03990499E-01
 7.76316967E-01 -1.30126053E-01
 8.78012381E-01 -3.20125749E-02
 9.56381798E-01  7.13572729E-02
 1.00532109E+00  1.71484262E-01
 1.01899049E+00  2.30591279E-01
 9.99591858E-01  2.14609620E-01
 9.84283508E-01  2.06246365E-01
 1.00627349E+00  2.99089985E-01
 1.01470656E+00  3.63392016E-01
 9.31357691E-01  2.11906160E-01
 7.85019007E-01 -5.07361917E-02
 6.52203328E-01 -2.17234394E-01
 5.50139852E-01 -2.90416948E-01
 4.95680193E-01 -3.10866977E-01
 5.22638219E-01 -2.47798813E-01
 6.21410771E-01 -1.39031692E-01
 7.40071264E-01 -5.25179243E-02
 8.24013444E-01 -6.69481251E-03
 8.74538397E-01  2.80856165E-02
 9.32116656E-01  1.02680210E-01
 1.00417633E+00  1.90783252E-01
 1.07371994E+00  2.17748986E-01
 1.08042372E+00  1.66316613E-01
 9.59086213E-01  5.20371041E-02
 8.26653963E-01 -5.14566106E-02
 8.61679844E-01 -3.77318361E-02
 9.72619633E-01  3.57055545E-02
 9.78709622E-01  3.24169357E-02
 9.49147381E-01 -5.76027749E-03
 9.97583006E-01  1.03733787E-02
 1.06096630E+00  3.41201899E-02
 1.07968358E+00  1.92023811E-02
 1.08056770E+00 -5.73185297E-03
 1.07067863E+00 -2.05027241E-02
 1.04382048E+00 -7.10731428E-03
 1.02186329E+00  5.68079938E-02
 1.02710914E+00  1.16537972E-01
 1.06670128E+00  8.83731752E-02
 1.12571478E+00  9.62832139E-03
 1.17128526E+00 -2.94200705E-02
 1.18601980E+00 -2.75745156E-02
 1.16842686E+00 -7.05340314E-03
 1.12657540E+00  2.64218774E-02
 1.08471359E+00  3.90341987E-02
 1.05574673E+00  2.97087896E-02
 1.03678125E+00  3.26050668E-02
 1.02588194E+00  3.59162167E-02
 1.01513642E+00  1.78867889E-02
 1.00401683E+00 -5.03175614E-03
 1.00577805E+00 -1.27436023E-02
 1.03192561E+00  1.26637446E-02
 1.09095443E+00  8.01980032E-02
 1.17447621E+00  1.28335853E-01
 1.24308101E+00  7.40802790E-02
 1.22443340E+00 -4.28809847E-02
 1.07258573E+00 -1.21161987E-01
 9.08926192E-01 -1.39391942E-01
 9.10990134E-01 -1.04597199E-01
 1.00226152E+00 -3.54078458E-02
 1.00538407E+00  6.26238729E-03
 9.71064603E-01  1.75790512E-02
 9.98161430E-01  4.28984347E-02
 1.05224246E+00  6.58537953E-02
 1.11393323E+00  6.27518016E-02
 1.18242384E+00  4.87093285E-02
 1.21219416E+00  2.91075896E-02
 1.20220266E+00 -3.49235889E-04
 1.18834879E+00 -3.28828064E-02
 1.16564401E+00 -5.55763500E-02
 1.12496536E+00 -5.72013086E-02
 1.08131094E+00 -3.94591685E-02
 1.04323217E+00 -1.30266542E-02
 1.01707715E+00  1.63379913E-02
 1.01433362E+00  4.39516267E-02
 1.03427843E+00  6.61054233E-02
 1.06651582E+00  8.41265515E-02
 1.10218223E+00  9.44241385E-02
 1.13152887E+00  9.06781987E-02
 1.14839987E+00  7.44497834E-02
 1.15286962E+00  5.05212253E-02
 1.14149232E+00  2.42542759E-02
 1.11242621E+00  3.15334792E-03
 1.07658812E+00 -9.93350826E-03
 1.05027040E+00 -1.66540701E-02
 1.04667107E+00 -1.60857393E-02
 1.07267511E+00 -8.19540375E-03
 1.11544949E+00  2.43960701E-03
 1.14682478E+00  1.02579482E-02
 1.14985970E+00  9.40387130E-03
 1.12061532E+00 -4.31502634E-03
 1.06962844E+00 -2.60380609E-02
 1.02437487E+00 -4.44634856E-02
 9.99870475E-01 -5.21178380E-02
 9.95624905E-01 -4.53172195E-02
 1.00717290E+00 -2.56250607E-02
 1.01944977E+00 -1.09705423E-03
 1.02543673E+00  2.50188082E-02
 1.03078512E+00  5.42208772E-02
 1.03718466E+00  8.68700252E-02
 1.04830659E+00  1.24770855E-01
 1.06490667E+00  1.64914835E-01
 1.07983098E+00  1.97055681E-01
 1.09108616E+00  2.09514567E-01
 1.09875235E+00  1.89797806E-01
 1.10036920E+00  1.31125501E-01
 1.09441520E+00  3.89345380E-02
 1.07417334E+00 -6.68042423E-02
 1.03138792E+00 -1.55357295E-01
 9.70902053E-01 -2.02585243E-01
 9.14780414E-01 -1.98739086E-01
 9.09942033E-01 -1.54890522E-01
 9.94616490E-01 -1.01548039E-01
 1.10911025E+00 -5.96683564E-02
 1.15164133E+00 -3.66003112E-02
 1.13681435E+00 -3.06767075E-02
 1.12842010E+00 -2.56301948E-02
 1.11375593E+00 -1.55295649E-02
 1.07696828E+00 -5.61247084E-03
 1.02753257E+00  8.49769045E-03
 9.60357671E-01  3.02562640E-02
 9.14321041E-01  6.37645127E-02
 9.50326605E-01  1.14820784E-01
 1.03955576E+00  1.67328408E-01
 1.11344245E+00  1.91901375E-01
 1.16457936E+00  1.71464210E-01
 1.19927610E+00  1.01627595E-01
 1.20658551E+00  3.00225076E-03
 1.19714253E+00 -8.03820190E-02
 1.17858293E+00 -1.21040919E-01
 1.14287825E+00 -1.12243029E-01
 1.09552745E+00 -6.51947475E-02
 1.04711048E+00 -1.45154123E-02
 1.00977797E+00  1.94028597E-02
 1.00040132E+00  3.58790700E-02
 1.01846590E+00  3.67856849E-02
 1.04984307E+00  3.60814744E-02
 1.08642195E+00  3.82670850E-02
 1.12023357E+00  3.36824128E-02
 1.14526769E+00  2.36863050E-02
 1.16297205E+00  1.17252366E-02
 1.16896966E+00  2.60191831E-03
 1.15763876E+00  7.61457784E-03
 1.13695704E+00  2.53862920E-02
 1.12023514E+00  4.50439827E-02
 1.11792743E+00  6.07878194E-02
 1.13669395E+00  6.66261661E-02
 1.16642563E+00  5.95272464E-02
 1.18381283E+00  4.31679998E-02
 1.17645859E+00  1.73488578E-02
 1.14331202E+00 -1.86277541E-02
 1.09477188E+00 -5.68643451E-02
 1.05509730E+00 -8.68471856E-02
 1.03717229E+00 -9.95948365E-02
 1.03904589E+00 -8.88224261E-02
 1.05319051E+00 -6.04730484E-02
 1.06199756E+00 -2.98086931E-02
 1.05621942E+00 -5.50619078E-03
 1.04090706E+00  1.08582511E-02
 1.02434210E+00  2.62495080E-02
 1.02134064E+00  5.57865101E-02
 1.04070177E+00  1.01232809E-01
 1.07889119E+00  1.46580828E-01
 1.12900292E+00  1.61035938E-01
 1.17820509E+00  1.17525961E-01
 1.21585075E+00  5.62399196E-02
 1.23788062E+00  4.36619082E-02
 1.23885629E+00  4.67398086E-02
 1.21601403E+00  1.79959981E-03
 1.16923680E+00 -4.76295971E-02
 1.10130501E+00 -4.01766541E-02
 1.02903965E+00 -6.44071318E-03
 9.77723409E-01  1.19005379E-02
 9.66173935E-01  2.44727055E-02
 1.00252337E+00  3.79267684E-02
 1.07186141E+00  4.12477785E-02
 1.13929633E+00  3.61772589E-02
 1.18030339E+00  2.74990066E-02
 1.18424242E+00  1.35693261E-02
 1.15566644E+00 -2.77165055E-03
 1.11858052E+00 -1.60761094E-02
 1.08539435E+00 -2.05721588E-02
 1.05609191E+00 -1.07834437E-02
 1.03582767E+00  9.32271747E-03
 1.02440741E+00  2.89115730E-02
 1.02692641E+00  4.10826298E-02
 1.05476147E+00  4.19462786E-02
 1.09991565E+00  3.27101642E-02
 1.14391213E+00  2.12127010E-02
 1.17356005E+00  1.05715753E-02
 1.17811584E+00 -1.95305370E-04
 1.16340116E+00 -1.00873034E-02
 1.15074156E+00 -1.98145150E-02
 1.14934343E+00 -2.80484237E-02
 1.15790672E+00 -3.05563098E-02
 1.16878118E+00 -2.78173815E-02
 1.16336403E+00 -2.26822458E-02
 1.13460058E+00 -1.69009699E-02
 1.09043157E+00 -1.28179896E-02
 1.04202300E+00 -1.01631771E-02
 1.00806213E+00 -5.94862094E-03
 1.00089088E+00  2.93368919E-04
 1.01926399E+00  7.46918290E-03
 1.05649861E+00  1.42498042E-02
 1.09825213E+00  1.78754194E-02
 1.13284080E+00  1.72358544E-02
 1.15672301E+00  1.34279102E-02
 1.16829380E+00  7.61295230E-03
 1.17047144E+00  1.81697474E-03
 1.16374261E+00 -2.14622565E-03
 1.14475643E+00 -3.77780185E-03
 1.11633928E+00 -2.92901626E-03
 1.08414356E+00 -8.58244096E-05
 1.05549583E+00  4.19572695E-03
 1.04049842E+00  9.66557864E-03
 1.04297808E+00  1.54837719E-02
 1.06103143E+00  2.05485589E-02
 1.09336471E+00  2.35431187E-02
 1.13531439E+00  2.30583508E-02
 1.17733204E+00  1.89334918E-02
 1.20892389E+00  1.21292375E-02
 1.21962606E+00  3.87879384E-03
 1.20348100E+00 -3.85442119E-03
 1.16865722E+00 -8.42060082E-03
 1.13338624E+00 -7.41677876E-03
 1.11121036E+00  5.58412600E-04
 1.10944019E+00  1.44313587E-02
 1.12523336E+00  2.81793172E-02
 1.14416917E+00  3.27595715E-02
 1.15858176E+00  2.21599192E-02
 1.16675227E+00 -4.38547072E-03
 1.16342080E+00 -3.90389547E-02
 1.14693925E+00 -6.66881909E-02
 1.11476739E+00 -7.70102526E-02
 1.06479567E+00 -6.67591172E-02
 1.01223221E+00 -4.01871025E-02
 9.81737450E-01 -1.02760796E-02
 9.89575402E-01  1.45534499E-02
 1.04129376E+00  3.18142321E-02
 1.11881484E+00  3.91228027E-02
 1.18344554E+00  3.82561686E-02
 1.21003532E+00  2.87147571E-02
 1.19061980E+00  7.48090105E-03
 1.13442989E+00 -2.01200901E-02
 1.07235340E+00 -4.48309560E-02
 1.02277355E+00 -5.87273493E-02
 9.88347769E-01 -5.48968685E-02
 9.72304115E-01 -3.61240556E-02
 9.68467398E-01 -1.36737749E-02
 9.77655674E-01  5.48542101E-03
 1.01005526E+00  1.74422789E-02
 1.05981978E+00  2.06785287E-02
 1.11395676E+00  1.91755378E-02
 1.16005141E+00  1.31340912E-02
 1.18243070E+00  1.10696116E-04
 1.17925089E+00 -1.60654662E-02
 1.16141887E+00 -2.98951662E-02
 1.13388655E+00 -3.61655311E-02
 1.10130117E+00 -2.97646641E-02
 1.07119877E+00 -1.41922575E-02
 1.04743853E+00  5.88654726E-04
 1.03786271E+00  8.89408969E-03
 1.05050175E+00  8.49060835E-03
 1.07819197E+00  1.82824286E-03
 1.10541124E+00 -2.58662940E-03
 1.12073666E+00 -1.22291392E-03
 1.11674546E+00  4.21449841E-03
 1.09878305E+00  1.18209953E-02
 1.08437329E+00  1.67215066E-02
 1.08184064E+00  1.68010587E-02
 1.09120187E+00  1.45122884E-02
 1.10981126E+00  1.10194968E-02
 1.12734806E+00  8.02615609E-03
 1.13964756E+00  6.74328487E-03
 1.15014056E+00  5.72743126E-03
 1.15730299E+00  4.19084527E-03
 1.16003872E+00  1.68402608E-03
 1.15697870E+00 -2.17090249E-03
 1.14375328E+00 -6.16220790E-03
 1.12272092E+00 -8.42007473E-03
 1.10084059E+00 -6.88712866E-03
 1.08255697E+00 -7.28852192E-05
 1.07178234E+00  1.19300271E-02
 1.06884227E+00  2.72415457E-02
 1.06952921E+00  4.27809635E-02
 1.07267730E+00  5.68185257E-02
 1.07935827E+00  6.99999399E-02
 1.09027862E+00  8.58011464E-02
 1.10756957E+00  1.08871437E-01
 1.13050454E+00  1.38027582E-01
 1.15465235E+00  1.63112429E-01
 1.17557178E+00  1.62509080E-01
 1.18798802E+00  1.23225107E-01
 1.18765789E+00  9.20673519E-02
 1.17366468E+00  1.25009097E-01
 1.14761376E+00  1.55822249E-01
 1.09904461E+00  7.64494987E-02
 9.73225778E-01 -8.23841472E-02
 7.32975446E-01 -2.26775870E-01
 5.05180897E-01 -3.01563349E-01
 4.64628620E-01 -2.62002271E-01
 5.49338418E-01 -1.76278600E-01
 6.02193072E-01 -1.81791781E-01
 6.54441111E-01 -2.06072560E-01
 7.67831201E-01 -1.04019655E-01
 8.91063338E-01  1.60837330E-02
 9.92915960E-01 -1.06928359E-04
 1.06498525E+00 -7.52220832E-02
 1.07607243E+00 -9.62013622E-02
 1.05293233E+00 -8.82103929E-02
 1.05359891E+00 -7.87849412E-02
 1.05929645E+00 -5.02428752E-02
 1.02890442E+00 -1.83774030E-02
 9.93465234E-01  1.16862840E-03
 9.94037108E-01  2.40450979E-02
 1.01984511E+00  6.75382003E-02
 1.05546539E+00  1.35827601E-01
 1.09864545E+00  1.75206672E-01
 1.13555696E+00  1.16011413E-01
 1.15486330E+00  1.17469023E-02
 1.15594501E+00 -3.31845044E-02
 1.13162914E+00 -3.24108791E-02
 1.07761155E+00 -3.46409151E-02
 1.00926952E+00 -2.26969391E-02
 9.50662482E-01  5.50516396E-03
 9.21447309E-01  1.82052844E-02
 9.33400996E-01  6.63796561E-03
 9.74422143E-01 -1.34401974E-02
 1.01272147E+00 -2.23330276E-02
 1.03074202E+00 -1.66405188E-02
 1.02589778E+00 -4.38419595E-03
 1.00774611E+00  1.02047690E-02
 1.00283174E+00  1.83621373E-02
 1.02286671E+00  1.52552835E-02
 1.06105940E+00  6.92182574E-03
 1.10885701E+00 -2.72106193E-03
 1.14805499E+00 -9.62597389E-03
 1.16735096E+00 -9.85846064E-03
 1.16887182E+00 -5.20327658E-03
 1.15064931E+00  1.53853074E-03
 1.11368669E+00  6.96261788E-03
 1.06215108E+00  7.97866008E-03
 1.00001451E+00  4.65813314E-03
 9.45910960E-01 -1.16989183E-03
 9.25146881E-01 -6.71533057E-03
 9.48667942E-01 -1.17188296E-02
 1.00704105E+00 -2.01730137E-02
 1.05300903E+00 -3.92733529E-02
 1.03370106E+00 -7.67917598E-02
 9.89452485E-01 -1.31235273E-01
 9.96452103E-01 -1.86157012E-01
 1.00932322E+00 -2.06102204E-01
 9.54806949E-01 -1.60130521E-01
 8.97402111E-01 -8.42632823E-02
 9.22503930E-01 -4.18026734E-02
 9.94409988E-01 -8.79745724E-03
 1.05639079E+00  6.17319246E-02
 1.11876700E+00  1.15404368E-01
 1.17905243E+00  8.65396246E-02
 1.17929332E+00  1.37554169E-02
 1.08487471E+00 -4.10855834E-02
 9.54812162E-01 -7.49856821E-02
 8.79162305E-01 -9.10370759E-02
 8.68047284E-01 -8.05036993E-02
 8.91784477E-01 -5.70024750E-02
 9.41879124E-01 -3.09438366E-02
 9.93654199E-01  1.40691053E-03
 1.03785863E+00  3.57294148E-02
 1.09852176E+00  6.68432280E-02
 1.16767426E+00  8.64828660E-02
 1.22028324E+00  8.18123594E-02
 1.24142246E+00  5.65685776E-02
 1.21524373E+00  2.55805562E-02
 1.16498545E+00 -1.11094448E-03
 1.13725833E+00 -1.41441193E-02
 1.12146131E+00 -1.13651303E-02
 1.08632909E+00 -6.94801919E-04
 1.05342940E+00  1.62614655E-02
 1.05066579E+00  4.02686997E-02
 1.06902503E+00  6.40157643E-02
 1.09812461E+00  7.96322290E-02
 1.13547904E+00  7.91283189E-02
 1.16987514E+00  5.58324159E-02
 1.19356708E+00  1.85015367E-02
 1.20664917E+00 -1.36267324E-02
 1.20462564E+00 -2.84335104E-02
 1.18476247E+00 -2.09464703E-02
 1.15544686E+00  1.96896700E-03
 1.12929920E+00  2.07126392E-02
 1.11740619E+00  2.53302216E-02
 1.12653677E+00  1.66608929E-02
 1.14777826E+00 -4.51619367E-04
 1.16033177E+00 -1.25962861E-02
 1.15290591E+00 -1.34862900E-02
 1.12444290E+00 -7.20693674E-03
 1.08436961E+00  3.36148328E-03
 1.05465867E+00  1.21362293E-02
 1.04677131E+00  1.58113285E-02
 1.05885753E+00  1.79820010E-02
 1.08493333E+00  1.97389283E-02
 1.11014125E+00  2.18884996E-02
 1.12602381E+00  2.51605060E-02
 1.13532935E+00  2.69376042E-02
 1.14073420E+00  2.61096825E-02
 1.14871214E+00  2.28435817E-02
 1.16233866E+00  1.68164843E-02
 1.17678709E+00  9.11824403E-03
 1.18868107E+00  9.64413451E-04
 1.19397685E+00 -6.83731522E-03
 1.18987441E+00 -1.29662379E-02
 1.17828141E+00 -1.63940946E-02
 1.15995153E+00 -1.66199942E-02
 1.13575076E+00 -1.34024995E-02
 1.10833507E+00 -6.83970814E-03
 1.08056584E+00  2.51487999E-03
 1.05891853E+00  1.34217298E-02
 1.05199932E+00  2.41102726E-02
 1.06484337E+00  3.25995210E-02
 1.09745557E+00  3.70546903E-02
 1.14090254E+00  3.66204793E-02
 1.17872935E+00  3.14391620E-02
 1.19821486E+00  2.18603731E-02
 1.19303972E+00  8.81196603E-03
 1.16589509E+00 -5.81452793E-03
 1.12948162E+00 -1.96644458E-02
 1.09286597E+00 -2.99897323E-02
 1.06107774E+00 -3.42690845E-02
 1.04064242E+00 -3.17985081E-02
 1.03444717E+00 -2.35759908E-02
 1.04672855E+00 -1.11556922E-02
 1.08103182E+00  2.71168930E-03
 1.12609440E+00  1.36819240E-02
 1.16222425E+00  1.71805083E-02
 1.17409105E+00  9.70900623E-03
 1.15243401E+00 -9.11797756E-03
 1.10549251E+00 -3.27878101E-02
 1.05742691E+00 -5.00949909E-02
 1.02363289E+00 -5.30798722E-02
 1.01079227E+00 -3.92079125E-02
 1.02001794E+00 -1.48300686E-02
 1.04094569E+00  5.73295386E-03
 1.06957958E+00  1.39999413E-02
 1.10737542E+00  9.22391384E-03
 1.14392878E+00 -2.98604107E-03
 1.16649843E+00 -9.25849153E-03
 1.16458008E+00 -2.75732504E-03
 1.13083929E+00  1.43163750E-02
 1.08025770E+00  3.67883347E-02
 1.04355116E+00  5.37793772E-02
 1.03965428E+00  5.88122107E-02
 1.07397402E+00  5.30987239E-02
 1.13036310E+00  3.82016509E-02
 1.17176485E+00  1.89474343E-02
 1.17950352E+00 -7.49500610E-04
 1.15837835E+00 -2.02778970E-02
 1.13096902E+00 -3.52690737E-02
 1.12278353E+00 -4.06137261E-02
 1.08468824E+00 -3.35324885E-02
 9.49625202E-01 -1.37427252E-02
 8.03123217E-01  9.30695574E-03
 7.83415502E-01  1.95583766E-02
 8.74379167E-01  7.03254574E-03
 9.94780749E-01 -2.94954040E-02
 1.09742417E+00 -7.65371212E-02
 1.11840122E+00 -1.08040536E-01
 1.06464798E+00 -1.08265755E-01
 1.02449900E+00 -7.62488216E-02
 1.00892004E+00 -2.69024502E-02
 9.90453850E-01  9.69388902E-03
 9.74240310E-01  1.94782883E-02
 9.50272715E-01  1.19641921E-02
 9.47967713E-01  1.64355709E-02
 1.02290252E+00  5.67997986E-02
 1.12040234E+00  6.15780474E-02
 1.13644608E+00 -5.84469670E-02
 1.04969358E+00 -1.91751393E-01
 8.92388148E-01 -1.67956338E-01
 7.69281993E-01 -6.53466565E-02
 8.12828161E-01 -3.84804435E-02
 9.25852666E-01 -4.83496211E-02
 9.04842635E-01 -2.88264162E-02
 8.28563119E-01 -1.32656905E-02
 8.63742388E-01 -8.73433680E-03
 9.47597774E-01  1.48626600E-03
 9.99070530E-01  8.19800689E-03
 1.06288807E+00  3.63766018E-02
 1.14996996E+00  1.10791724E-01
 1.20960951E+00  1.46434254E-01
 1.21003196E+00  4.70216009E-02
 1.14297856E+00 -8.85018065E-02
 1.00961221E+00 -1.02765764E-01
 8.35454117E-01 -6.14833069E-02
 6.70050005E-01 -9.73443383E-02
 5.55191811E-01 -1.72039481E-01
 5.14527386E-01 -2.21118820E-01
 5.47343221E-01 -2.42996223E-01
 6.25444799E-01 -2.06562702E-01
 7.28544700E-01 -1.05129940E-01
 8.43008110E-01  1.09101227E-02
 9.41621290E-01  1.12225830E-01
 1.00055668E+00  1.74808383E-01
 9.95630638E-01  1.58269254E-01
 9.11360923E-01  6.22399621E-02
 7.86237255E-01 -3.16927990E-02
 6.91273052E-01 -3.28380864E-02
 6.70833648E-01  2.84516071E-03
 7.32368990E-01 -4.17296128E-02
 8.11585236E-01 -1.21052055E-01
 8.05471828E-01 -1.43421251E-01
 7.31155698E-01 -1.47055753E-01
 6.74629792E-01 -1.74385759E-01
 6.26400887E-01 -1.92204197E-01
 5.76862876E-01 -1.75981732E-01
 6.11411548E-01 -1.15761346E-01
 7.82035805E-01  1.92476514E-04
 9.94263596E-01  1.25173815E-01
 1.10482702E+00  1.76197100E-01
 1.07937670E+00  1.31282586E-01
 9.54727525E-01  1.99413977E-02
 8.01705817E-01 -9.32406330E-02
 7.28175029E-01 -1.23213996E-01
 7.00177864E-01 -9.89030709E-02
 6.14903725E-01 -1.13738465E-01
 6.17182469E-01 -1.19934934E-01
 8.71552936E-01 -4.23793128E-02
 1.13197288E+00  3.24776593E-02
 1.07828432E+00  6.76194090E-03
 8.71742648E-01 -6.47270037E-02
 8.12908710E-01 -9.83584347E-02
 8.19175019E-01 -1.09554426E-01
 7.46042573E-01 -1.25459704E-01
 6.76058468E-01 -1.28480974E-01
 6.61782151E-01 -1.17912168E-01
 6.91724235E-01 -1.00143619E-01
 7.93736161E-01 -6.46133045E-02
 9.00681926E-01 -1.91067073E-02
 9.01472508E-01  1.53232186E-02
 8.76130365E-01  2.63890421E-02
 9.65798163E-01  6.69909135E-03
 1.10287824E+00 -3.13298025E-02
 1.16292547E+00 -5.75942165E-02
 1.17195416E+00 -5.81325379E-02
 1.17054670E+00 -3.70790796E-02
 1.13961623E+00 -1.79678534E-02
 1.08772331E+00 -2.86238445E-02
 1.01668774E+00 -2.81958827E-02
 9.11937847E-01  4.76005335E-02
 8.38986566E-01  1.51262066E-01
 8.82260157E-01  1.97796838E-01
 9.97307771E-01  2.06239394E-01
 1.08899550E+00  2.11502505E-01
 1.15353893E+00  1.64422108E-01
 1.20773854E+00  3.78288407E-02
 1.23029866E+00 -6.93396829E-02
 1.22572569E+00 -5.22203549E-02
 1.21244009E+00  1.69631455E-02
 1.18930633E+00  9.29532524E-03
 1.15047896E+00 -3.33954525E-02
 1.09313110E+00 -2.47129604E-02
 1.04058141E+00  1.20213205E-03
 1.02480157E+00  1.17431636E-02
 1.02563567E+00  3.46912932E-02
 1.00774348E+00  7.48443032E-02
 9.95947641E-01  1.14884146E-01
 1.02793281E+00  1.48506857E-01
 1.08624878E+00  1.74518245E-01
 1.13994673E+00  1.87685946E-01
 1.17910879E+00  1.70957277E-01
 1.18647631E+00  1.05188991E-01
 1.14261426E+00 -1.04809678E-02
 1.05039158E+00 -1.53517459E-01
 9.37353509E-01 -2.64971984E-01
 8.46129878E-01 -2.77240206E-01
 8.10352885E-01 -2.02364411E-01
 8.43791846E-01 -1.07857070E-01
 9.29873711E-01 -2.79909389E-02
 1.02389054E+00  1.83851660E-02
 1.09723157E+00  4.41500868E-02
 1.14199685E+00  9.52889305E-02
 1.16128812E+00  1.29616080E-01
 1.17793283E+00  7.49341318E-02
 1.19859794E+00 -1.68486935E-04
 1.21098003E+00  3.76920869E-03
 1.21389993E+00  4.38177106E-02
