# x =
 4.79565700E+00
# y =
 3.25097170E+00
 VARIABLES = u,v
 1.17385045E+00  3.99660390E-03
 1.17383256E+00  3.97236709E-03
 1.17383307E+00  3.96707916E-03
 1.17385448E+00  3.98377002E-03
 1.17389924E+00  4.02556279E-03
 1.17396861E+00  4.09439180E-03
 1.17406285E+00  4.19122238E-03
 1.17417878E+00  4.31308004E-03
 1.17431029E+00  4.45362780E-03
 1.17445159E+00  4.60709278E-03
 1.17459720E+00  4.76812560E-03
 1.17474244E+00  4.93236805E-03
 1.17488422E+00  5.09735676E-03
 1.17501837E+00  5.25923937E-03
 1.17514018E+00  5.41333788E-03
 1.17524674E+00  5.55679710E-03
 1.17533581E+00  5.68725311E-03
 1.17540590E+00  5.80311388E-03
 1.17545628E+00  5.90353540E-03
 1.17548422E+00  5.98531618E-03
 1.17548585E+00  6.04384307E-03
 1.17545906E+00  6.07624003E-03
 1.17540309E+00  6.08085948E-03
 1.17531888E+00  6.05786675E-03
 1.17520959E+00  6.00973821E-03
 1.17507777E+00  5.93815301E-03
 1.17492556E+00  5.84425570E-03
 1.17475638E+00  5.73048088E-03
 1.17457360E+00  5.59919654E-03
 1.17438056E+00  5.45287786E-03
 1.17418033E+00  5.29400443E-03
 1.17397338E+00  5.12259617E-03
 1.17375827E+00  4.93696395E-03
 1.17353402E+00  4.73606725E-03
 1.17330013E+00  4.51946233E-03
 1.17305765E+00  4.28843439E-03
 1.17280950E+00  4.04635695E-03
 1.17255770E+00  3.79593693E-03
 1.17230383E+00  3.53974852E-03
 1.17205073E+00  3.28182739E-03
 1.17180135E+00  3.02656200E-03
 1.17155939E+00  2.77920458E-03
 1.17132901E+00  2.54555193E-03
 1.17111214E+00  2.32923310E-03
 1.17090928E+00  2.13242020E-03
 1.17072185E+00  1.95799003E-03
 1.17055168E+00  1.80892581E-03
 1.17040171E+00  1.68876356E-03
 1.17027622E+00  1.60182965E-03
 1.17017801E+00  1.55075047E-03
 1.17010864E+00  1.53669260E-03
 1.17006972E+00  1.56080064E-03
 1.17006174E+00  1.62301009E-03
 1.17008441E+00  1.72187276E-03
 1.17013646E+00  1.85442295E-03
 1.17021355E+00  2.01426021E-03
 1.17030902E+00  2.19221440E-03
 1.17041591E+00  2.37870254E-03
 1.17052708E+00  2.56391977E-03
 1.17063652E+00  2.73883962E-03
 1.17073977E+00  2.89597908E-03
 1.17083168E+00  3.02755183E-03
 1.17090726E+00  3.12642919E-03
 1.17096328E+00  3.18833529E-03
 1.17099744E+00  3.21092043E-03
 1.17100873E+00  3.19341349E-03
 1.17099720E+00  3.13631164E-03
 1.17096146E+00  3.03877356E-03
 1.17089960E+00  2.89943187E-03
 1.17081187E+00  2.72003235E-03
 1.17070035E+00  2.50502541E-03
 1.17056940E+00  2.26147752E-03
 1.17042596E+00  1.99964752E-03
 1.17027664E+00  1.72967140E-03
 1.17012783E+00  1.46151737E-03
 1.16998714E+00  1.20710641E-03
 1.16986184E+00  9.78297033E-04
 1.16975870E+00  7.85817578E-04
 1.16968338E+00  6.38536871E-04
 1.16963766E+00  5.39941287E-04
 1.16962020E+00  4.88870567E-04
 1.16962930E+00  4.83634553E-04
 1.16966306E+00  5.22194649E-04
 1.16972072E+00  6.03574135E-04
 1.16980289E+00  7.28325661E-04
 1.16990772E+00  8.93361441E-04
 1.17003142E+00  1.09257670E-03
 1.17017023E+00  1.31979154E-03
 1.17031920E+00  1.56707924E-03
 1.17047365E+00  1.82656540E-03
 1.17062910E+00  2.09052289E-03
 1.17077815E+00  2.34712994E-03
 1.17091202E+00  2.58268896E-03
 1.17102357E+00  2.78602121E-03
 1.17110736E+00  2.94869889E-03
 1.17116165E+00  3.06787436E-03
 1.17118846E+00  3.14638726E-03
 1.17118917E+00  3.18653205E-03
 1.17116459E+00  3.19001114E-03
 1.17111567E+00  3.15887398E-03
 1.17104232E+00  3.09388900E-03
 1.17094616E+00  2.99880807E-03
 1.17083026E+00  2.87995727E-03
 1.17069583E+00  2.74156523E-03
 1.17054360E+00  2.58772465E-03
 1.17037465E+00  2.42302993E-03
 1.17019021E+00  2.25229625E-03
 1.16999466E+00  2.08484027E-03
 1.16979466E+00  1.93292973E-03
 1.16959505E+00  1.80574826E-03
 1.16939914E+00  1.70948320E-03
 1.16920829E+00  1.64618372E-03
 1.16902130E+00  1.61288940E-03
 1.16883814E+00  1.60762906E-03
 1.16865993E+00  1.62949163E-03
 1.16848692E+00  1.67605048E-03
 1.16831990E+00  1.74538066E-03
 1.16815940E+00  1.83371153E-03
 1.16800570E+00  1.93550414E-03
 1.16786180E+00  2.04813012E-03
 1.16773242E+00  2.17027916E-03
 1.16762182E+00  2.29971162E-03
 1.16753387E+00  2.43363458E-03
 1.16747031E+00  2.56559995E-03
 1.16743070E+00  2.68623471E-03
 1.16741589E+00  2.78899598E-03
 1.16742760E+00  2.87001575E-03
 1.16746734E+00  2.92787606E-03
 1.16753723E+00  2.96476234E-03
 1.16763803E+00  2.98193717E-03
 1.16776900E+00  2.97957501E-03
 1.16793028E+00  2.95969298E-03
 1.16812168E+00  2.92436225E-03
 1.16834150E+00  2.87647514E-03
 1.16858675E+00  2.81985775E-03
 1.16885123E+00  2.75556151E-03
 1.16912598E+00  2.68292233E-03
 1.16940209E+00  2.60224982E-03
 1.16967082E+00  2.51452138E-03
 1.16992396E+00  2.42326396E-03
 1.17015472E+00  2.33439853E-03
 1.17035571E+00  2.25170642E-03
 1.17051958E+00  2.17698409E-03
 1.17064126E+00  2.11096187E-03
 1.17071707E+00  2.05222636E-03
 1.17074452E+00  2.00015300E-03
 1.17072223E+00  1.95509599E-03
 1.17064767E+00  1.91579626E-03
 1.17051789E+00  1.88074792E-03
 1.17033261E+00  1.84845215E-03
 1.17009391E+00  1.81724663E-03
 1.16980644E+00  1.78786020E-03
 1.16947782E+00  1.76280374E-03
 1.16911572E+00  1.74382046E-03
 1.16872780E+00  1.73205380E-03
 1.16832323E+00  1.72710082E-03
 1.16791115E+00  1.72677863E-03
 1.16750033E+00  1.73024381E-03
 1.16709864E+00  1.73779350E-03
 1.16671008E+00  1.74959948E-03
 1.16633556E+00  1.76659213E-03
 1.16597592E+00  1.78895913E-03
 1.16563205E+00  1.81600173E-03
 1.16530651E+00  1.84823149E-03
 1.16500368E+00  1.88642097E-03
 1.16472555E+00  1.93057209E-03
 1.16447233E+00  1.98010212E-03
 1.16424445E+00  2.03238855E-03
 1.16404121E+00  2.08299533E-03
 1.16386231E+00  2.12795661E-03
 1.16370776E+00  2.16374661E-03
 1.16357417E+00  2.18742612E-03
 1.16345645E+00  2.19722019E-03
 1.16335101E+00  2.19081257E-03
 1.16325568E+00  2.16563100E-03
 1.16317175E+00  2.12039603E-03
 1.16310396E+00  2.05444167E-03
 1.16305557E+00  1.96783605E-03
 1.16302837E+00  1.86145161E-03
 1.16302341E+00  1.73535809E-03
 1.16303954E+00  1.58937148E-03
 1.16307608E+00  1.42485020E-03
 1.16313232E+00  1.24449407E-03
 1.16320374E+00  1.05271226E-03
 1.16328376E+00  8.55778424E-04
 1.16336525E+00  6.59816385E-04
 1.16344077E+00  4.70706075E-04
 1.16350624E+00  2.94751887E-04
 1.16356043E+00  1.37751904E-04
 1.16360021E+00  5.25972054E-06
 1.16362150E+00 -9.77940637E-05
 1.16361994E+00 -1.68944093E-04
 1.16358989E+00 -2.07706990E-04
 1.16352795E+00 -2.14258626E-04
 1.16343271E+00 -1.89415013E-04
 1.16330133E+00 -1.33510963E-04
 1.16313151E+00 -4.65223420E-05
 1.16292298E+00  6.93463889E-05
 1.16267733E+00  2.09898508E-04
 1.16240101E+00  3.69727260E-04
 1.16210458E+00  5.41639128E-04
 1.16179848E+00  7.18331508E-04
 1.16149292E+00  8.92573610E-04
 1.16119737E+00  1.05562252E-03
 1.16091917E+00  1.19849042E-03
 1.16066637E+00  1.31322703E-03
 1.16044662E+00  1.39333519E-03
 1.16026362E+00  1.43582845E-03
 1.16011867E+00  1.44097108E-03
 1.16001149E+00  1.40945845E-03
 1.15994055E+00  1.34231934E-03
 1.15990675E+00  1.24040484E-03
 1.15991244E+00  1.10400828E-03
 1.15995646E+00  9.36074737E-04
 1.16003476E+00  7.41923331E-04
 1.16014082E+00  5.27253161E-04
 1.16026463E+00  2.99146892E-04
 1.16039686E+00  6.49704823E-05
 1.16052871E+00 -1.67861871E-04
 1.16064870E+00 -3.89412425E-04
 1.16074509E+00 -5.88698567E-04
 1.16080750E+00 -7.56554498E-04
 1.16082734E+00 -8.85989373E-04
 1.16080199E+00 -9.74189408E-04
 1.16073397E+00 -1.02256261E-03
 1.16062587E+00 -1.03263483E-03
 1.16048029E+00 -1.00591432E-03
 1.16029870E+00 -9.44212453E-04
 1.16008063E+00 -8.48733625E-04
 1.15982913E+00 -7.23443927E-04
 1.15955009E+00 -5.74804379E-04
 1.15924862E+00 -4.08709817E-04
 1.15893098E+00 -2.31794263E-04
 1.15860333E+00 -5.11721299E-05
 1.15827160E+00  1.25865283E-04
 1.15794627E+00  2.88844880E-04
 1.15764023E+00  4.25588412E-04
 1.15736376E+00  5.26368573E-04
 1.15712459E+00  5.84179548E-04
 1.15692554E+00  5.96367608E-04
 1.15676414E+00  5.65026870E-04
 1.15663896E+00  4.92182023E-04
 1.15654955E+00  3.79638777E-04
 1.15649473E+00  2.30159248E-04
 1.15647455E+00  4.61651324E-05
 1.15648676E+00 -1.67182019E-04
 1.15652714E+00 -4.02157470E-04
 1.15659423E+00 -6.52164491E-04
 1.15668748E+00 -9.10345870E-04
 1.15680569E+00 -1.16906153E-03
 1.15694734E+00 -1.42029583E-03
 1.15710671E+00 -1.65264012E-03
 1.15727498E+00 -1.85263725E-03
 1.15744598E+00 -2.00963454E-03
 1.15761596E+00 -2.11605354E-03
 1.15778379E+00 -2.16861344E-03
 1.15795202E+00 -2.16898014E-03
 1.15812178E+00 -2.11880125E-03
 1.15829274E+00 -2.01951422E-03
 1.15846600E+00 -1.87400923E-03
 1.15864213E+00 -1.68520404E-03
 1.15882225E+00 -1.45884655E-03
 1.15900801E+00 -1.20343843E-03
 1.15919760E+00 -9.26367627E-04
 1.15938699E+00 -6.35253447E-04
 1.15957282E+00 -3.38793970E-04
 1.15975227E+00 -4.62687291E-05
 1.15992523E+00  2.29617173E-04
 1.16009435E+00  4.74031155E-04
 1.16026017E+00  6.75079819E-04
 1.16042152E+00  8.24184717E-04
 1.16057685E+00  9.17220358E-04
 1.16072296E+00  9.55222639E-04
 1.16085804E+00  9.39350576E-04
 1.16098174E+00  8.70610590E-04
 1.16109214E+00  7.51530608E-04
 1.16118738E+00  5.84747128E-04
 1.16126660E+00  3.75969409E-04
 1.16132977E+00  1.33913755E-04
 1.16138033E+00 -1.33658102E-04
 1.16142459E+00 -4.18555416E-04
 1.16146834E+00 -7.11407107E-04
 1.16151687E+00 -1.00217453E-03
 1.16157427E+00 -1.27716137E-03
 1.16164267E+00 -1.52045418E-03
 1.16172517E+00 -1.71922933E-03
 1.16182534E+00 -1.86421834E-03
 1.16194483E+00 -1.95107346E-03
 1.16208454E+00 -1.98104054E-03
 1.16224413E+00 -1.95547410E-03
 1.16242195E+00 -1.87549609E-03
 1.16261786E+00 -1.74359730E-03
 1.16283223E+00 -1.56213505E-03
 1.16306305E+00 -1.33674464E-03
 1.16330635E+00 -1.07620047E-03
 1.16355539E+00 -7.88087540E-04
 1.16380044E+00 -4.80387052E-04
 1.16403219E+00 -1.62218999E-04
 1.16424175E+00  1.56619822E-04
 1.16441961E+00  4.62146991E-04
 1.16455713E+00  7.37798253E-04
 1.16464605E+00  9.70313945E-04
 1.16467916E+00  1.15014720E-03
 1.16465326E+00  1.27294202E-03
 1.16456836E+00  1.34026439E-03
 1.16442546E+00  1.35345964E-03
 1.16422649E+00  1.31331281E-03
 1.16397251E+00  1.22193990E-03
 1.16366382E+00  1.08101314E-03
 1.16330411E+00  8.95289919E-04
 1.16290007E+00  6.72424808E-04
 1.16245997E+00  4.18103863E-04
 1.16199474E+00  1.37858415E-04
 1.16151540E+00 -1.61662557E-04
 1.16103297E+00 -4.73066558E-04
 1.16056114E+00 -7.84266559E-04
 1.16011440E+00 -1.07997360E-03
 1.15970578E+00 -1.34822504E-03
 1.15934637E+00 -1.58055074E-03
 1.15904231E+00 -1.77300267E-03
 1.15879513E+00 -1.92709067E-03
 1.15860621E+00 -2.04339614E-03
 1.15847688E+00 -2.12127278E-03
 1.15840889E+00 -2.16140761E-03
 1.15840515E+00 -2.16371910E-03
 1.15846522E+00 -2.13012261E-03
 1.15858572E+00 -2.06437515E-03
 1.15876351E+00 -1.96694661E-03
 1.15899407E+00 -1.83687753E-03
 1.15927242E+00 -1.67417971E-03
 1.15959326E+00 -1.47962569E-03
 1.15994706E+00 -1.25860579E-03
 1.16032188E+00 -1.02022620E-03
 1.16070782E+00 -7.70643890E-04
 1.16109714E+00 -5.13336922E-04
 1.16148636E+00 -2.49301997E-04
 1.16187650E+00  2.41669960E-05
 1.16226727E+00  3.07897787E-04
 1.16265688E+00  6.00614869E-04
 1.16304313E+00  9.02353061E-04
 1.16342175E+00  1.21214617E-03
 1.16378993E+00  1.52877028E-03
 1.16414587E+00  1.85070490E-03
 1.16448431E+00  2.17148046E-03
 1.16479857E+00  2.48117404E-03
 1.16508195E+00  2.77035329E-03
 1.16532791E+00  3.03009631E-03
 1.16553437E+00  3.25477441E-03
 1.16570284E+00  3.44229702E-03
 1.16583257E+00  3.58839349E-03
 1.16592120E+00  3.68744311E-03
 1.16596489E+00  3.73466836E-03
 1.16595736E+00  3.72459636E-03
 1.16589513E+00  3.65416477E-03
 1.16577763E+00  3.52276349E-03
 1.16560389E+00  3.32801804E-03
 1.16537502E+00  3.06790814E-03
 1.16509415E+00  2.74336726E-03
 1.16476672E+00  2.35803680E-03
 1.16440477E+00  1.92116569E-03
 1.16402555E+00  1.44715064E-03
 1.16364672E+00  9.50282671E-04
 1.16328598E+00  4.44637000E-04
 1.16295845E+00 -5.60548004E-05
 1.16267562E+00 -5.40158661E-04
 1.16245042E+00 -9.95151650E-04
 1.16229561E+00 -1.40873882E-03
 1.16222010E+00 -1.77314231E-03
 1.16223074E+00 -2.08343872E-03
 1.16233102E+00 -2.33627885E-03
 1.16252144E+00 -2.52969578E-03
 1.16280472E+00 -2.65902295E-03
 1.16318364E+00 -2.71792444E-03
 1.16365530E+00 -2.70437298E-03
 1.16421156E+00 -2.61993476E-03
 1.16483759E+00 -2.46930858E-03
 1.16551143E+00 -2.26151544E-03
 1.16621105E+00 -2.00513195E-03
 1.16691465E+00 -1.70838133E-03
 1.16759838E+00 -1.38287070E-03
 1.16823987E+00 -1.04078815E-03
 1.16881770E+00 -6.93258097E-04
 1.16931312E+00 -3.49741399E-04
 1.16971696E+00 -1.32838174E-05
 1.17002774E+00  3.18440667E-04
 1.17024583E+00  6.47134781E-04
 1.17037306E+00  9.73693832E-04
 1.17040824E+00  1.29656731E-03
 1.17034736E+00  1.61076335E-03
 1.17019384E+00  1.91433922E-03
 1.16995734E+00  2.20743729E-03
 1.16964988E+00  2.48798371E-03
 1.16928861E+00  2.75419046E-03
 1.16889033E+00  3.00332805E-03
 1.16847145E+00  3.23202078E-03
 1.16805555E+00  3.44240646E-03
 1.16766878E+00  3.63988787E-03
 1.16733325E+00  3.82702882E-03
 1.16706624E+00  4.00412131E-03
 1.16687335E+00  4.16704467E-03
 1.16674911E+00  4.30677328E-03
 1.16668882E+00  4.41684258E-03
 1.16668872E+00  4.49319007E-03
 1.16674611E+00  4.53148148E-03
 1.16686196E+00  4.52983263E-03
 1.16703094E+00  4.48635229E-03
 1.16724261E+00  4.39960421E-03
 1.16749014E+00  4.27438476E-03
 1.16776624E+00  4.11954168E-03
 1.16806341E+00  3.94423898E-03
 1.16837421E+00  3.75786916E-03
 1.16868173E+00  3.56582164E-03
 1.16896322E+00  3.36950878E-03
 1.16920187E+00  3.17312605E-03
 1.16938652E+00  2.98233354E-03
 1.16951492E+00  2.80202277E-03
 1.16959512E+00  2.63822593E-03
 1.16963258E+00  2.49445902E-03
 1.16963016E+00  2.37211608E-03
 1.16959290E+00  2.27589220E-03
 1.16952378E+00  2.21128898E-03
 1.16942903E+00  2.18125433E-03
 1.16931775E+00  2.18671727E-03
 1.16919190E+00  2.22346587E-03
 1.16904995E+00  2.28238219E-03
 1.16889163E+00  2.35539609E-03
 1.16871742E+00  2.43514272E-03
 1.16853569E+00  2.51400774E-03
 1.16836132E+00  2.58624750E-03
 1.16820353E+00  2.64545563E-03
 1.16806671E+00  2.68544573E-03
 1.16795148E+00  2.70493420E-03
 1.16785204E+00  2.70572993E-03
 1.16776538E+00  2.69028357E-03
 1.16769133E+00  2.66155694E-03
 1.16762562E+00  2.61927182E-03
 1.16756391E+00  2.56031019E-03
 1.16750166E+00  2.48458108E-03
 1.16743381E+00  2.39401106E-03
 1.16736228E+00  2.29104535E-03
 1.16729400E+00  2.18024618E-03
 1.16723403E+00  2.06487324E-03
 1.16718616E+00  1.94726276E-03
 1.16714993E+00  1.83337013E-03
 1.16712002E+00  1.73043580E-03
 1.16709486E+00  1.64416925E-03
 1.16707588E+00  1.57889432E-03
 1.16706397E+00  1.53430540E-03
 1.16706202E+00  1.50578943E-03
 1.16707101E+00  1.48992795E-03
 1.16708981E+00  1.48422626E-03
 1.16712110E+00  1.48663246E-03
 1.16716888E+00  1.49705034E-03
 1.16723529E+00  1.51375718E-03
 1.16732136E+00  1.53393573E-03
 1.16742328E+00  1.55765187E-03
 1.16753276E+00  1.58605667E-03
 1.16764305E+00  1.62048351E-03
 1.16774857E+00  1.66248954E-03
 1.16784459E+00  1.71009084E-03
 1.16792877E+00  1.75863974E-03
 1.16799721E+00  1.80558043E-03
 1.16804489E+00  1.84981705E-03
 1.16806961E+00  1.89176893E-03
 1.16807027E+00  1.93432637E-03
 1.16804659E+00  1.97890874E-03
 1.16799943E+00  2.02571838E-03
 1.16792705E+00  2.07667538E-03
 1.16782617E+00  2.13369311E-03
 1.16769602E+00  2.19863482E-03
 1.16753772E+00  2.27348683E-03
 1.16735474E+00  2.35732771E-03
 1.16715354E+00  2.44708777E-03
 1.16693980E+00  2.54044057E-03
 1.16671848E+00  2.63545734E-03
 1.16649599E+00  2.73149936E-03
 1.16627850E+00  2.82965720E-03
 1.16607213E+00  2.92967682E-03
 1.16588282E+00  3.03032790E-03
 1.16571324E+00  3.13106128E-03
 1.16556358E+00  3.23095394E-03
 1.16543422E+00  3.32960934E-03
 1.16532558E+00  3.42719880E-03
 1.16523954E+00  3.52213341E-03
 1.16517963E+00  3.61185520E-03
 1.16514745E+00  3.69444135E-03
 1.16514313E+00  3.76821436E-03
 1.16516696E+00  3.83262401E-03
 1.16521820E+00  3.88839867E-03
 1.16529651E+00  3.93551737E-03
 1.16540187E+00  3.97348449E-03
 1.16553174E+00  4.00214119E-03
 1.16568231E+00  4.02101588E-03
 1.16585065E+00  4.03007924E-03
 1.16603451E+00  4.02979525E-03
 1.16623390E+00  4.01984330E-03
 1.16645105E+00  3.99960064E-03
 1.16668701E+00  3.96878327E-03
 1.16694169E+00  3.92727513E-03
 1.16721441E+00  3.87583766E-03
 1.16750288E+00  3.81613040E-03
 1.16780507E+00  3.74967197E-03
 1.16811886E+00  3.67806843E-03
 1.16843960E+00  3.60332325E-03
 1.16876120E+00  3.52747550E-03
 1.16907718E+00  3.45299081E-03
 1.16938074E+00  3.38262858E-03
 1.16966726E+00  3.31860174E-03
 1.16993389E+00  3.26275778E-03
 1.17017665E+00  3.21687753E-03
 1.17039101E+00  3.18238689E-03
 1.17057240E+00  3.16048535E-03
 1.17071554E+00  3.15215462E-03
 1.17081674E+00  3.15769531E-03
 1.17087370E+00  3.17686000E-03
 1.17088333E+00  3.20919019E-03
 1.17084310E+00  3.25372733E-03
 1.17075196E+00  3.30873540E-03
 1.17061040E+00  3.37166723E-03
 1.17042220E+00  3.43885749E-03
 1.17019412E+00  3.50565195E-03
 1.16993305E+00  3.56714826E-03
 1.16964602E+00  3.61832180E-03
 1.16933986E+00  3.65413971E-03
 1.16902033E+00  3.66997693E-03
 1.16869382E+00  3.66149908E-03
 1.16836669E+00  3.62507842E-03
 1.16804287E+00  3.55870442E-03
 1.16772489E+00  3.46174926E-03
 1.16741462E+00  3.33435134E-03
 1.16711354E+00  3.17729344E-03
 1.16682516E+00  2.99126983E-03
 1.16655448E+00  2.77706296E-03
 1.16630458E+00  2.53718760E-03
 1.16607709E+00  2.27577076E-03
 1.16587263E+00  1.99814203E-03
 1.16568999E+00  1.71113664E-03
 1.16552860E+00  1.42184960E-03
 1.16538828E+00  1.13747810E-03
 1.16526675E+00  8.66268334E-04
 1.16516110E+00  6.16554490E-04
 1.16506910E+00  3.95873136E-04
 1.16498928E+00  2.10510896E-04
 1.16492328E+00  6.38758185E-05
 1.16487540E+00 -4.32633342E-05
 1.16484900E+00 -1.10650523E-04
 1.16484647E+00 -1.38400479E-04
 1.16486883E+00 -1.26428467E-04
 1.16491482E+00 -7.42346828E-05
 1.16498386E+00  1.63943268E-05
 1.16507542E+00  1.41626171E-04
 1.16518636E+00  2.97115854E-04
 1.16531239E+00  4.77178505E-04
 1.16544837E+00  6.75820838E-04
 1.16558857E+00  8.86881692E-04
 1.16573008E+00  1.10192155E-03
 1.16587199E+00  1.31149443E-03
 1.16601188E+00  1.50749369E-03
 1.16614658E+00  1.68345876E-03
 1.16627206E+00  1.83633025E-03
 1.16638284E+00  1.96642196E-03
 1.16647517E+00  2.07386290E-03
 1.16654675E+00  2.15845061E-03
 1.16659428E+00  2.21983181E-03
 1.16661505E+00  2.25669196E-03
 1.16660756E+00  2.26966041E-03
 1.16657152E+00  2.26101774E-03
 1.16651041E+00  2.23201183E-03
 1.16643079E+00  2.18409939E-03
 1.16633916E+00  2.11895868E-03
 1.16624199E+00  2.03842018E-03
 1.16614500E+00  1.94734602E-03
 1.16605226E+00  1.85251573E-03
 1.16596862E+00  1.75893912E-03
 1.16589893E+00  1.66990328E-03
 1.16584552E+00  1.58596845E-03
 1.16580937E+00  1.50458361E-03
 1.16579055E+00  1.42420913E-03
 1.16578846E+00  1.34441530E-03
 1.16580484E+00  1.26448940E-03
 1.16584301E+00  1.18481675E-03
 1.16590427E+00  1.10511218E-03
 1.16598849E+00  1.02462994E-03
 1.16609424E+00  9.45413051E-04
 1.16621803E+00  8.71036971E-04
 1.16635718E+00  8.04948889E-04
 1.16650946E+00  7.50461678E-04
 1.16667050E+00  7.08147878E-04
 1.16683540E+00  6.76219257E-04
 1.16699983E+00  6.54623920E-04
 1.16716009E+00  6.44572456E-04
 1.16731569E+00  6.47975310E-04
 1.16746885E+00  6.68317391E-04
 1.16762088E+00  7.07588907E-04
 1.16777225E+00  7.66305148E-04
 1.16792215E+00  8.46091475E-04
 1.16806764E+00  9.48143956E-04
 1.16820662E+00  1.07264090E-03
 1.16833728E+00  1.21880680E-03
 1.16845548E+00  1.38232913E-03
 1.16855622E+00  1.55602469E-03
 1.16863388E+00  1.73294879E-03
 1.16868250E+00  1.90639280E-03
 1.16869915E+00  2.07080193E-03
 1.16868313E+00  2.22248628E-03
 1.16863263E+00  2.35678415E-03
 1.16854547E+00  2.46873787E-03
 1.16841902E+00  2.55532792E-03
 1.16824965E+00  2.61436116E-03
 1.16803584E+00  2.64486602E-03
 1.16777792E+00  2.64699355E-03
 1.16747576E+00  2.61920566E-03
 1.16713033E+00  2.55924183E-03
 1.16674429E+00  2.46709743E-03
 1.16632201E+00  2.34462594E-03
 1.16587206E+00  2.19613996E-03
 1.16540647E+00  2.02875943E-03
 1.16493746E+00  1.84920164E-03
 1.16447736E+00  1.66384727E-03
 1.16403762E+00  1.48022821E-03
 1.16362779E+00  1.30549894E-03
 1.16325798E+00  1.14654705E-03
 1.16293774E+00  1.00953247E-03
 1.16267333E+00  8.97009301E-04
 1.16246883E+00  8.08717439E-04
 1.16232657E+00  7.44170819E-04
 1.16224733E+00  7.02709555E-04
 1.16223347E+00  6.85025391E-04
 1.16228791E+00  6.93311525E-04
 1.16240995E+00  7.27445226E-04
 1.16259566E+00  7.85507982E-04
 1.16283800E+00  8.65517985E-04
 1.16312602E+00  9.64239415E-04
 1.16344880E+00  1.07876917E-03
 1.16379545E+00  1.20646872E-03
 1.16415271E+00  1.34189139E-03
 1.16450717E+00  1.47828839E-03
 1.16484631E+00  1.61023076E-03
 1.16515925E+00  1.73359302E-03
 1.16544069E+00  1.84750811E-03
 1.16569006E+00  1.95432847E-03
 1.16590698E+00  2.05554035E-03
 1.16609107E+00  2.15180007E-03
 1.16624024E+00  2.24350227E-03
 1.16635016E+00  2.32963532E-03
 1.16642010E+00  2.41035544E-03
 1.16645211E+00  2.48664970E-03
 1.16644790E+00  2.55729839E-03
 1.16641072E+00  2.62022198E-03
 1.16634351E+00  2.67328049E-03
 1.16624896E+00  2.71427644E-03
 1.16613444E+00  2.74385082E-03
 1.16600966E+00  2.76479816E-03
 1.16588191E+00  2.77826865E-03
 1.16575604E+00  2.78420144E-03
 1.16563165E+00  2.78126035E-03
 1.16550302E+00  2.76615121E-03
 1.16536592E+00  2.73695434E-03
 1.16521772E+00  2.69304669E-03
 1.16505619E+00  2.63291695E-03
 1.16488148E+00  2.55562152E-03
 1.16469217E+00  2.46066949E-03
 1.16448585E+00  2.34801610E-03
 1.16426432E+00  2.22072159E-03
 1.16403135E+00  2.08416105E-03
 1.16379100E+00  1.94347915E-03
 1.16354749E+00  1.80364909E-03
 1.16330039E+00  1.66822422E-03
 1.16304563E+00  1.53893883E-03
 1.16278219E+00  1.41863826E-03
 1.16251126E+00  1.31070350E-03
 1.16223607E+00  1.21738929E-03
 1.16196316E+00  1.14080989E-03
 1.16169689E+00  1.08197276E-03
 1.16143954E+00  1.04085261E-03
 1.16119545E+00  1.01891622E-03
 1.16096842E+00  1.01813061E-03
 1.16076141E+00  1.03882953E-03
 1.16057669E+00  1.08002676E-03
 1.16041128E+00  1.13844330E-03
 1.16025821E+00  1.20839628E-03
 1.16011114E+00  1.28459937E-03
 1.15996418E+00  1.36206982E-03
 1.15981361E+00  1.43526458E-03
 1.15965873E+00  1.49923227E-03
 1.15949701E+00  1.54893734E-03
 1.15932499E+00  1.57965330E-03
 1.15914139E+00  1.58929577E-03
 1.15894531E+00  1.57766846E-03
 1.15873738E+00  1.54484584E-03
 1.15851957E+00  1.49114340E-03
 1.15829087E+00  1.41558808E-03
 1.15804878E+00  1.31598285E-03
 1.15779313E+00  1.19190499E-03
 1.15752541E+00  1.04427590E-03
 1.15725000E+00  8.74345126E-04
 1.15697457E+00  6.84559362E-04
 1.15670570E+00  4.77043502E-04
 1.15644913E+00  2.53715511E-04
 1.15621186E+00  1.86094250E-05
 1.15600018E+00 -2.23298646E-04
 1.15582033E+00 -4.67748839E-04
 1.15567812E+00 -7.11163511E-04
 1.15557537E+00 -9.52265983E-04
 1.15551102E+00 -1.19193034E-03
 1.15548391E+00 -1.43016608E-03
 1.15549278E+00 -1.66615235E-03
 1.15553794E+00 -1.89845425E-03
 1.15562159E+00 -2.12419264E-03
 1.15574363E+00 -2.34104422E-03
 1.15590232E+00 -2.54692493E-03
 1.15609617E+00 -2.73776449E-03
 1.15632255E+00 -2.90859975E-03
 1.15657929E+00 -3.05422915E-03
 1.15686454E+00 -3.16937068E-03
 1.15717343E+00 -3.25105172E-03
 1.15749947E+00 -3.29820566E-03
 1.15783725E+00 -3.30887888E-03
 1.15818212E+00 -3.28078314E-03
 1.15853198E+00 -3.21150437E-03
 1.15888729E+00 -3.09799169E-03
 1.15924722E+00 -2.93896045E-03
 1.15960984E+00 -2.73479093E-03
 1.15997301E+00 -2.48566893E-03
 1.16033320E+00 -2.19284240E-03
 1.16068741E+00 -1.85920569E-03
 1.16103297E+00 -1.48933967E-03
 1.16136467E+00 -1.09147891E-03
 1.16167603E+00 -6.76908140E-04
 1.16196054E+00 -2.57234365E-04
 1.16221172E+00  1.55817591E-04
 1.16242548E+00  5.51271893E-04
 1.16259995E+00  9.19775671E-04
 1.16273216E+00  1.25158881E-03
 1.16281868E+00  1.53751932E-03
 1.16285621E+00  1.77132776E-03
 1.16284085E+00  1.94877261E-03
 1.16277056E+00  2.06733123E-03
 1.16264503E+00  2.12599223E-03
 1.16246357E+00  2.12258403E-03
 1.16222636E+00  2.05468262E-03
 1.16193542E+00  1.92339163E-03
 1.16159449E+00  1.73299551E-03
 1.16121109E+00  1.49102860E-03
 1.16079595E+00  1.20880534E-03
 1.16036009E+00  8.97814171E-04
 1.15991466E+00  5.69574620E-04
 1.15947028E+00  2.37588928E-04
 1.15903608E+00 -8.47533788E-05
 1.15862175E+00 -3.84940332E-04
 1.15823660E+00 -6.52199723E-04
 1.15788709E+00 -8.81324146E-04
 1.15757778E+00 -1.07178527E-03
 1.15731177E+00 -1.22360105E-03
 1.15709081E+00 -1.33706641E-03
 1.15691795E+00 -1.41086789E-03
 1.15679672E+00 -1.44176806E-03
 1.15672728E+00 -1.43037392E-03
 1.15670680E+00 -1.38044691E-03
 1.15672944E+00 -1.29599337E-03
 1.15678577E+00 -1.18308013E-03
 1.15686632E+00 -1.04755844E-03
 1.15696168E+00 -8.95073241E-04
 1.15706056E+00 -7.35794129E-04
 1.15715175E+00 -5.81952076E-04
 1.15722496E+00 -4.43309159E-04
 1.15727156E+00 -3.26954345E-04
 1.15728831E+00 -2.34066728E-04
 1.15727650E+00 -1.59978705E-04
 1.15723783E+00 -1.01123537E-04
 1.15717418E+00 -5.51530152E-05
 1.15708573E+00 -2.01714484E-05
 1.15697066E+00  3.39220998E-06
 1.15683066E+00  1.74930171E-05
 1.15667025E+00  2.58479913E-05
 1.15649386E+00  2.86726690E-05
 1.15630765E+00  2.50183226E-05
 1.15611735E+00  1.38179177E-05
 1.15592829E+00 -6.11587605E-06
 1.15575005E+00 -3.08754470E-05
 1.15559409E+00 -5.29351682E-05
 1.15546927E+00 -6.80210106E-05
 1.15538174E+00 -7.45426755E-05
 1.15533189E+00 -7.41826709E-05
 1.15531433E+00 -7.30294637E-05
 1.15532457E+00 -7.51811753E-05
 1.15535902E+00 -8.28563506E-05
 1.15541407E+00 -1.00067287E-04
 1.15548793E+00 -1.30036887E-04
 1.15557631E+00 -1.76188508E-04
 1.15567296E+00 -2.42101587E-04
 1.15577473E+00 -3.26433880E-04
 1.15587938E+00 -4.24471952E-04
 1.15598458E+00 -5.32135987E-04
 1.15608807E+00 -6.45717203E-04
 1.15618295E+00 -7.64503164E-04
 1.15625913E+00 -8.90986814E-04
 1.15630979E+00 -1.02506954E-03
 1.15633094E+00 -1.16478779E-03
 1.15632210E+00 -1.30844634E-03
 1.15628740E+00 -1.45289957E-03
 1.15622977E+00 -1.59630283E-03
 1.15615102E+00 -1.73801833E-03
 1.15605525E+00 -1.87432568E-03
 1.15594666E+00 -2.00021415E-03
 1.15583073E+00 -2.11169131E-03
 1.15571436E+00 -2.20524775E-03
 1.15560126E+00 -2.28028716E-03
 1.15549329E+00 -2.33901768E-03
 1.15539346E+00 -2.38236716E-03
 1.15530539E+00 -2.41044906E-03
 1.15523544E+00 -2.42332126E-03
 1.15519249E+00 -2.41982612E-03
 1.15518270E+00 -2.39986410E-03
 1.15520966E+00 -2.36422098E-03
 1.15527533E+00 -2.31191993E-03
 1.15537875E+00 -2.24140840E-03
 1.15551911E+00 -2.15135124E-03
 1.15569586E+00 -2.04048003E-03
 1.15590575E+00 -1.90976750E-03
 1.15614412E+00 -1.76215783E-03
 1.15640496E+00 -1.60003997E-03
 1.15668059E+00 -1.42582706E-03
 1.15696414E+00 -1.24226396E-03
 1.15724920E+00 -1.05171726E-03
 1.15752780E+00 -8.57717208E-04
 1.15779102E+00 -6.64605446E-04
 1.15802864E+00 -4.75568290E-04
 1.15822932E+00 -2.93358689E-04
 1.15838362E+00 -1.20860429E-04
 1.15848449E+00  3.93601890E-05
 1.15852707E+00  1.84147845E-04
 1.15850937E+00  3.09885072E-04
 1.15843023E+00  4.13936168E-04
 1.15828890E+00  4.94320930E-04
 1.15808604E+00  5.49265732E-04
 1.15782324E+00  5.77800023E-04
 1.15750440E+00  5.79546338E-04
 1.15713592E+00  5.54856036E-04
 1.15672494E+00  5.05764522E-04
 1.15627985E+00  4.35618713E-04
 1.15581028E+00  3.48141315E-04
 1.15532662E+00  2.47396427E-04
 1.15484138E+00  1.37284072E-04
 1.15436808E+00  2.11875342E-05
 1.15391854E+00 -9.73342028E-05
 1.15350225E+00 -2.15062336E-04
 1.15312482E+00 -3.30128959E-04
 1.15278792E+00 -4.41549582E-04
 1.15249285E+00 -5.48769751E-04
 1.15224091E+00 -6.51404512E-04
 1.15203346E+00 -7.47992259E-04
 1.15187256E+00 -8.36242676E-04
 1.15175754E+00 -9.14854477E-04
 1.15168534E+00 -9.83211072E-04
 1.15165329E+00 -1.04100978E-03
 1.15165779E+00 -1.08874520E-03
 1.15169479E+00 -1.12654090E-03
 1.15175984E+00 -1.15434873E-03
 1.15184481E+00 -1.17350117E-03
 1.15193946E+00 -1.18586145E-03
 1.15203573E+00 -1.19275438E-03
 1.15212797E+00 -1.19493577E-03
 1.15221477E+00 -1.19138451E-03
 1.15229928E+00 -1.17948798E-03
 1.15238421E+00 -1.15726555E-03
 1.15247175E+00 -1.12338460E-03
 1.15256506E+00 -1.07710107E-03
 1.15266538E+00 -1.01890058E-03
 1.15277209E+00 -9.49037232E-04
 1.15288036E+00 -8.67849646E-04
 1.15297428E+00 -7.77478793E-04
 1.15303489E+00 -6.81035195E-04
 1.15305939E+00 -5.82035850E-04
 1.15307099E+00 -4.84236026E-04
 1.15313527E+00 -3.89752984E-04
 1.15333694E+00 -2.99361446E-04
 1.15370117E+00 -2.14733290E-04
 1.15415819E+00 -1.37970653E-04
 1.15450125E+00 -7.13381521E-05
 1.15444634E+00 -1.77508107E-05
 1.15387183E+00  2.09609504E-05
 1.15292084E+00  4.38739372E-05
 1.15210590E+00  4.92888819E-05
 1.15217296E+00  3.57006706E-05
 1.15347261E+00  2.52024367E-06
 1.15571178E+00 -4.99861559E-05
 1.15773137E+00 -1.19285996E-04
 1.15780500E+00 -2.00877366E-04
 1.15515123E+00 -2.90377930E-04
 1.15051114E+00 -3.83486400E-04
 1.14660608E+00 -4.76148861E-04
 1.14727921E+00 -5.65233068E-04
 1.15360245E+00 -6.47242003E-04
 1.16223734E+00 -7.18796491E-04
 1.16403839E+00 -7.78338778E-04
 1.15136061E+00 -8.25402245E-04
 1.13861615E+00 -8.60058612E-04
 1.14695533E+00 -8.82782054E-04
 1.16204830E+00 -8.92728219E-04
 1.15808113E+00 -8.88094769E-04
 1.14696801E+00 -8.68491955E-04
 1.14887361E+00 -8.34566277E-04
 1.15453179E+00 -7.87707053E-04
 1.15304308E+00 -7.30588056E-04
 1.15076714E+00 -6.65435435E-04
 1.15170428E+00 -5.94174220E-04
 1.15241217E+00 -5.20134153E-04
 1.15208305E+00 -4.46985500E-04
 1.15207970E+00 -3.77854397E-04
 1.15235155E+00 -3.15233902E-04
 1.15253327E+00 -2.59332357E-04
 1.15272136E+00 -2.08363176E-04
 1.15297503E+00 -1.60904626E-04
 1.15326378E+00 -1.15863434E-04
 1.15358254E+00 -7.26896104E-05
 1.15393095E+00 -3.19075255E-05
 1.15430281E+00  6.90167211E-06
 1.15469139E+00  4.47859782E-05
 1.15508837E+00  8.17125678E-05
 1.15548435E+00  1.17439537E-04
 1.15586849E+00  1.51496645E-04
 1.15622910E+00  1.83227074E-04
 1.15655612E+00  2.13780730E-04
 1.15684080E+00  2.45495126E-04
 1.15707444E+00  2.79669961E-04
 1.15724932E+00  3.16813692E-04
 1.15735891E+00  3.56240220E-04
 1.15739764E+00  3.95740016E-04
 1.15736229E+00  4.33828942E-04
 1.15725153E+00  4.69639813E-04
 1.15706428E+00  5.01723601E-04
 1.15680088E+00  5.28928630E-04
 1.15646477E+00  5.49970040E-04
 1.15606265E+00  5.63448611E-04
 1.15560548E+00  5.69574072E-04
 1.15510826E+00  5.69628317E-04
 1.15458692E+00  5.64683433E-04
 1.15405798E+00  5.55722665E-04
 1.15353862E+00  5.42765878E-04
 1.15304512E+00  5.24809559E-04
 1.15259318E+00  5.01708971E-04
 1.15219660E+00  4.73935000E-04
 1.15186370E+00  4.41897328E-04
 1.15159836E+00  4.06509214E-04
 1.15140287E+00  3.68312322E-04
 1.15127839E+00  3.27514573E-04
 1.15122788E+00  2.85370018E-04
 1.15125567E+00  2.43619997E-04
 1.15136137E+00  2.03776342E-04
 1.15154049E+00  1.67311844E-04
 1.15178649E+00  1.34908140E-04
 1.15208909E+00  1.06468723E-04
 1.15243782E+00  8.23488165E-05
 1.15282196E+00  6.31688986E-05
 1.15322578E+00  4.95195696E-05
 1.15363152E+00  4.22959335E-05
 1.15402326E+00  4.20190395E-05
 1.15438750E+00  4.88355617E-05
 1.15471752E+00  6.32628333E-05
 1.15501279E+00  8.58382258E-05
 1.15527130E+00  1.16888958E-04
 1.15548924E+00  1.56598145E-04
 1.15566061E+00  2.04425970E-04
 1.15577544E+00  2.59147754E-04
 1.15582621E+00  3.19456149E-04
 1.15580685E+00  3.83783176E-04
 1.15570695E+00  4.50205134E-04
 1.15551507E+00  5.16657833E-04
 1.15522000E+00  5.80671842E-04
 1.15481174E+00  6.39524885E-04
 1.15428931E+00  6.90800900E-04
 1.15365937E+00  7.32306193E-04
 1.15292811E+00  7.61941898E-04
 1.15210304E+00  7.77944700E-04
 1.15119318E+00  7.78876947E-04
 1.15020809E+00  7.63616515E-04
 1.14916624E+00  7.31561456E-04
 1.14809502E+00  6.82505441E-04
 1.14702574E+00  6.16341232E-04
 1.14599800E+00  5.33269523E-04
 1.14506120E+00  4.34206187E-04
 1.14427530E+00  3.20797671E-04
 1.14371794E+00  1.95556383E-04
 1.14347699E+00  6.18366601E-05
 1.14363103E+00 -7.67834580E-05
 1.14424039E+00 -2.16577317E-04
 1.14533265E+00 -3.53563124E-04
 1.14689206E+00 -4.83888644E-04
 1.14886808E+00 -6.03900933E-04
 1.15116036E+00 -7.10445470E-04
 1.15359398E+00 -8.01642776E-04
 1.15594149E+00 -8.76688866E-04
 1.15796289E+00 -9.35104383E-04
 1.15943492E+00 -9.76613287E-04
 1.16021060E+00 -1.00060387E-03
 1.16023388E+00 -1.00615379E-03
 1.15948933E+00 -9.93391588E-04
 1.15804156E+00 -9.63346547E-04
 1.15609141E+00 -9.17399680E-04
 1.15393026E+00 -8.57661899E-04
 1.15189843E+00 -7.86269959E-04
 1.15033017E+00 -7.05383969E-04
 1.14941283E+00 -6.18251927E-04
 1.14918970E+00 -5.28549993E-04
 1.14969352E+00 -4.39384296E-04
 1.15088589E+00 -3.53151983E-04
 1.15259406E+00 -2.70587530E-04
 1.15457794E+00 -1.90848233E-04
 1.15650732E+00 -1.13276659E-04
 1.15803767E+00 -3.74668196E-05
 1.15903857E+00  3.67296416E-05
 1.15954776E+00  1.08793120E-04
 1.15958252E+00  1.78983859E-04
 1.15920547E+00  2.48149024E-04
 1.15853258E+00  3.16385965E-04
 1.15767164E+00  3.83682143E-04
 1.15685168E+00  4.49958029E-04
 1.15633836E+00  5.15082407E-04
 1.15618172E+00  5.80371089E-04
 1.15630095E+00  6.48074460E-04
 1.15663191E+00  7.19540864E-04
 1.15707538E+00  7.95324087E-04
 1.15757423E+00  8.74803922E-04
 1.15813922E+00  9.55951994E-04
 1.15866191E+00  1.03727062E-03
 1.15899353E+00  1.11778137E-03
 1.15912903E+00  1.19617036E-03
 1.15912011E+00  1.27150495E-03
 1.15902979E+00  1.34266247E-03
 1.15895825E+00  1.40839835E-03
 1.15892288E+00  1.46887385E-03
 1.15887040E+00  1.52512403E-03
 1.15882954E+00  1.57806280E-03
 1.15885129E+00  1.62851840E-03
 1.15892999E+00  1.67622534E-03
 1.15905941E+00  1.71987181E-03
 1.15920352E+00  1.75891891E-03
 1.15929377E+00  1.79336457E-03
 1.15932639E+00  1.82326624E-03
 1.15933573E+00  1.84921789E-03
 1.15931927E+00  1.87126890E-03
 1.15927254E+00  1.88896292E-03
 1.15919657E+00  1.90262142E-03
 1.15907675E+00  1.91272420E-03
 1.15892535E+00  1.91936225E-03
 1.15877410E+00  1.92235307E-03
 1.15862637E+00  1.92031947E-03
 1.15847725E+00  1.91085038E-03
 1.15833093E+00  1.89188379E-03
 1.15818627E+00  1.86164624E-03
 1.15804966E+00  1.81870040E-03
 1.15793720E+00  1.76233698E-03
 1.15785187E+00  1.69165667E-03
 1.15779018E+00  1.60577623E-03
 1.15775445E+00  1.50481318E-03
 1.15774458E+00  1.38946658E-03
 1.15776038E+00  1.26090469E-03
 1.15780516E+00  1.12078402E-03
 1.15787843E+00  9.70302782E-04
 1.15797744E+00  8.10461709E-04
 1.15810153E+00  6.43233313E-04
 1.15824902E+00  4.71398710E-04
 1.15841676E+00  2.98587456E-04
 1.15860155E+00  1.29434247E-04
 1.15879926E+00 -3.15491930E-05
 1.15900464E+00 -1.80022179E-04
 1.15921181E+00 -3.11255563E-04
 1.15941441E+00 -4.20730645E-04
 1.15960636E+00 -5.04254424E-04
 1.15978291E+00 -5.58166864E-04
 1.15994195E+00 -5.80420649E-04
 1.16008370E+00 -5.70375592E-04
 1.16020842E+00 -5.27852221E-04
 1.16031625E+00 -4.53163911E-04
 1.16040720E+00 -3.46668101E-04
 1.16048062E+00 -2.08768611E-04
 1.16053751E+00 -4.14152684E-05
 1.16058016E+00  1.51990785E-04
 1.16061009E+00  3.67179577E-04
 1.16062902E+00  5.98673815E-04
 1.16063890E+00  8.40680946E-04
 1.16064174E+00  1.08728262E-03
 1.16064169E+00  1.33158405E-03
 1.16064425E+00  1.56647101E-03
 1.16065351E+00  1.78545774E-03
 1.16067227E+00  1.98300873E-03
 1.16070127E+00  2.15578206E-03
 1.16073894E+00  2.30250058E-03
 1.16078419E+00  2.42224616E-03
 1.16083653E+00  2.51436530E-03
 1.16089503E+00  2.57811916E-03
 1.16095926E+00  2.61251026E-03
 1.16102795E+00  2.61839606E-03
 1.16109903E+00  2.59834985E-03
 1.16117187E+00  2.55546593E-03
 1.16124640E+00  2.49398185E-03
 1.16132232E+00  2.41842865E-03
 1.16139916E+00  2.33346164E-03
 1.16147463E+00  2.24542438E-03
 1.16154502E+00  2.16132853E-03
 1.16160797E+00  2.08707460E-03
 1.16166235E+00  2.02714093E-03
 1.16170827E+00  1.98310883E-03
 1.16174757E+00  1.95373336E-03
 1.16178147E+00  1.93777620E-03
 1.16181049E+00  1.93417914E-03
 1.16183585E+00  1.94210593E-03
 1.16185847E+00  1.96153168E-03
 1.16187944E+00  1.99070551E-03
 1.16189997E+00  2.02641685E-03
 1.16191945E+00  2.06613346E-03
 1.16193608E+00  2.10701059E-03
 1.16194837E+00  2.14616744E-03
 1.16195507E+00  2.18077800E-03
 1.16195632E+00  2.20567790E-03
 1.16195368E+00  2.21443913E-03
 1.16194776E+00  2.20239733E-03
 1.16193848E+00  2.16672566E-03
 1.16192584E+00  2.10756381E-03
 1.16190928E+00  2.02829138E-03
 1.16188899E+00  1.93196158E-03
 1.16186589E+00  1.82123717E-03
 1.16184003E+00  1.69939134E-03
 1.16181130E+00  1.56923042E-03
 1.16178026E+00  1.43500888E-03
 1.16174802E+00  1.30225638E-03
 1.16171737E+00  1.17501054E-03
 1.16169260E+00  1.05682934E-03
 1.16167763E+00  9.51604254E-04
 1.16167610E+00  8.63337497E-04
 1.16169123E+00  7.98277903E-04
 1.16172535E+00  7.64198106E-04
 1.16178106E+00  7.66860357E-04
 1.16186098E+00  8.10028980E-04
 1.16196640E+00  8.95135688E-04
 1.16209781E+00  1.02062327E-03
 1.16225505E+00  1.18500316E-03
 1.16243733E+00  1.38685731E-03
 1.16264447E+00  1.62313834E-03
 1.16287654E+00  1.89021597E-03
 1.16313223E+00  2.18285575E-03
 1.16340902E+00  2.49411972E-03
 1.16370311E+00  2.81775995E-03
 1.16400921E+00  3.14756871E-03
 1.16432208E+00  3.47631132E-03
 1.16463655E+00  3.79618688E-03
 1.16494676E+00  4.09771298E-03
 1.16524695E+00  4.37023656E-03
 1.16553159E+00  4.60481960E-03
 1.16579565E+00  4.79454535E-03
 1.16603611E+00  4.93480769E-03
 1.16625159E+00  5.02386231E-03
 1.16644102E+00  5.06046278E-03
 1.16660355E+00  5.04367115E-03
 1.16673791E+00  4.97386947E-03
 1.16684235E+00  4.85216675E-03
 1.16691673E+00  4.68191748E-03
 1.16696229E+00  4.46883691E-03
 1.16698079E+00  4.21914657E-03
 1.16697507E+00  3.94014553E-03
 1.16694805E+00  3.64026082E-03
 1.16690271E+00  3.32860533E-03
 1.16684349E+00  3.01620233E-03
 1.16677546E+00  2.71503487E-03
 1.16670293E+00  2.43548309E-03
 1.16662930E+00  2.18572119E-03
 1.16655574E+00  1.97042988E-03
 1.16648127E+00  1.79065963E-03
 1.16640514E+00  1.64702475E-03
 1.16632696E+00  1.54008779E-03
 1.16624669E+00  1.47027072E-03
 1.16616519E+00  1.43844871E-03
 1.16608218E+00  1.44288140E-03
 1.16599647E+00  1.47942389E-03
 1.16590766E+00  1.54402835E-03
 1.16581539E+00  1.63161814E-03
 1.16571940E+00  1.73662202E-03
 1.16561959E+00  1.85315438E-03
 1.16551401E+00  1.97219161E-03
 1.16539968E+00  2.08308484E-03
 1.16527492E+00  2.17735536E-03
 1.16513935E+00  2.24906395E-03
 1.16499455E+00  2.29664974E-03
 1.16484437E+00  2.32310011E-03
 1.16469216E+00  2.33099651E-03
 1.16454078E+00  2.32223067E-03
 1.16439354E+00  2.29875141E-03
 1.16425326E+00  2.26123407E-03
 1.16412343E+00  2.21245831E-03
 1.16400809E+00  2.15691871E-03
 1.16390968E+00  2.09692960E-03
 1.16382979E+00  2.03427093E-03
 1.16377011E+00  1.97088973E-03
 1.16373231E+00  1.90882765E-03
 1.16371950E+00  1.85399968E-03
 1.16373592E+00  1.81491580E-03
 1.16378431E+00  1.79734297E-03
 1.16386606E+00  1.80446446E-03
 1.16398136E+00  1.83609153E-03
 1.16412860E+00  1.88787185E-03
 1.16430622E+00  1.95652606E-03
 1.16451268E+00  2.03988259E-03
 1.16474484E+00  2.13437919E-03
 1.16499879E+00  2.23697665E-03
 1.16526974E+00  2.34358910E-03
 1.16555189E+00  2.44918721E-03
 1.16583987E+00  2.55197531E-03
 1.16612852E+00  2.65202580E-03
 1.16641178E+00  2.74874774E-03
 1.16668311E+00  2.84114228E-03
 1.16693525E+00  2.92522974E-03
 1.16716038E+00  2.99438715E-03
 1.16735166E+00  3.04442141E-03
 1.16750352E+00  3.07323533E-03
 1.16761152E+00  3.07998113E-03
 1.16767276E+00  3.06629374E-03
 1.16768504E+00  3.03296408E-03
 1.16764671E+00  2.97993531E-03
 1.16755732E+00  2.90942507E-03
 1.16741748E+00  2.82436662E-03
 1.16722952E+00  2.72797042E-03
 1.16699774E+00  2.62400929E-03
 1.16672763E+00  2.51404586E-03
 1.16642611E+00  2.39798656E-03
 1.16610115E+00  2.27689348E-03
 1.16576145E+00  2.15258744E-03
 1.16541665E+00  2.02822202E-03
 1.16507668E+00  1.90859037E-03
 1.16475077E+00  1.79702964E-03
 1.16444681E+00  1.69547126E-03
 1.16417020E+00  1.60575718E-03
 1.16392400E+00  1.52868717E-03
 1.16371068E+00  1.46524692E-03
 1.16353258E+00  1.41680031E-03
 1.16339249E+00  1.38314302E-03
 1.16329382E+00  1.36321595E-03
 1.16323785E+00  1.35584236E-03
 1.16322397E+00  1.35943053E-03
 1.16325107E+00  1.37315873E-03
 1.16331669E+00  1.39689065E-03
 1.16341815E+00  1.42963687E-03
 1.16355256E+00  1.46980199E-03
 1.16371446E+00  1.51527661E-03
 1.16389721E+00  1.56325982E-03
 1.16409540E+00  1.61172539E-03
 1.16430515E+00  1.65960328E-03
 1.16452598E+00  1.70619826E-03
 1.16476064E+00  1.75157804E-03
 1.16501106E+00  1.79587569E-03
 1.16527806E+00  1.83902529E-03
 1.16556148E+00  1.88140817E-03
 1.16585906E+00  1.92355029E-03
 1.16616948E+00  1.96618626E-03
 1.16649182E+00  2.01030127E-03
 1.16682236E+00  2.05638958E-03
 1.16715615E+00  2.10463265E-03
 1.16748765E+00  2.15542638E-03
 1.16781103E+00  2.20935376E-03
 1.16812382E+00  2.26764362E-03
 1.16842606E+00  2.33201302E-03
 1.16871578E+00  2.40346432E-03
 1.16898966E+00  2.48219713E-03
 1.16924282E+00  2.56761330E-03
 1.16946815E+00  2.65811965E-03
 1.16966044E+00  2.75218651E-03
 1.16981629E+00  2.84845663E-03
 1.16993139E+00  2.94523135E-03
 1.17000241E+00  3.04086827E-03
 1.17002718E+00  3.13344927E-03
 1.17000478E+00  3.22082893E-03
 1.16993895E+00  3.30157549E-03
 1.16983708E+00  3.37467505E-03
 1.16970665E+00  3.43898424E-03
 1.16955514E+00  3.49326287E-03
 1.16938851E+00  3.53553578E-03
 1.16921042E+00  3.56323804E-03
 1.16902598E+00  3.57451493E-03
 1.16884082E+00  3.56819343E-03
 1.16865840E+00  3.54366837E-03
 1.16848151E+00  3.50120412E-03
 1.16831162E+00  3.44101040E-03
 1.16814922E+00  3.36325393E-03
 1.16799760E+00  3.26883640E-03
 1.16786165E+00  3.15900368E-03
 1.16774397E+00  3.03537377E-03
 1.16764555E+00  2.90000764E-03
 1.16756499E+00  2.75464097E-03
 1.16749795E+00  2.60084664E-03
 1.16744114E+00  2.44065770E-03
 1.16739197E+00  2.27642044E-03
 1.16734624E+00  2.11098119E-03
 1.16730005E+00  1.94766787E-03
 1.16724992E+00  1.78940033E-03
 1.16719308E+00  1.63862395E-03
 1.16713089E+00  1.49747284E-03
 1.16706791E+00  1.36753926E-03
 1.16700836E+00  1.25038167E-03
 1.16695617E+00  1.14759479E-03
 1.16691348E+00  1.06039175E-03
 1.16688013E+00  9.89770131E-04
 1.16685775E+00  9.36347516E-04
 1.16684899E+00  9.00289025E-04
 1.16685514E+00  8.81736895E-04
 1.16687756E+00  8.80687584E-04
 1.16691672E+00  8.96771356E-04
 1.16697240E+00  9.29321565E-04
 1.16704743E+00  9.77142019E-04
 1.16714630E+00  1.03862227E-03
 1.16727173E+00  1.11233759E-03
 1.16742505E+00  1.19714156E-03
 1.16760495E+00  1.29228005E-03
 1.16780705E+00  1.39741970E-03
 1.16802806E+00  1.51194673E-03
 1.16826541E+00  1.63481952E-03
 1.16851553E+00  1.76462125E-03
 1.16877530E+00  1.89935326E-03
 1.16904084E+00  2.03690884E-03
 1.16930765E+00  2.17497346E-03
 1.16957359E+00  2.31041285E-03
 1.16983792E+00  2.43960494E-03
 1.17009939E+00  2.55873484E-03
 1.17035658E+00  2.66396215E-03
 1.17060613E+00  2.75225999E-03
 1.17084288E+00  2.82132629E-03
 1.17106314E+00  2.86862773E-03
 1.17126429E+00  2.89163545E-03
 1.17144394E+00  2.88799942E-03
 1.17160092E+00  2.85540814E-03
 1.17173355E+00  2.79248355E-03
 1.17183978E+00  2.69878537E-03
 1.17191950E+00  2.57412690E-03
 1.17197358E+00  2.41913106E-03
 1.17200318E+00  2.23565960E-03
 1.17201003E+00  2.02691504E-03
 1.17199517E+00  1.79825539E-03
 1.17195903E+00  1.55690188E-03
 1.17190317E+00  1.31052200E-03
 1.17182988E+00  1.06697342E-03
 1.17174184E+00  8.33802790E-04
 1.17164246E+00  6.17695283E-04
 1.17153469E+00  4.25366529E-04
 1.17142088E+00  2.62924274E-04
 1.17130361E+00  1.34405691E-04
 1.17118526E+00  4.22976712E-05
 1.17106816E+00 -1.20531351E-05
 1.17095483E+00 -2.82339199E-05
 1.17084746E+00 -5.16360383E-06
 1.17074803E+00  5.83855990E-05
 1.17065841E+00  1.61218416E-04
 1.17058024E+00  2.99924533E-04
 1.17051522E+00  4.69029965E-04
 1.17046500E+00  6.60600986E-04
 1.17043098E+00  8.66557768E-04
 1.17041422E+00  1.07879708E-03
 1.17041540E+00  1.28777733E-03
 1.17043479E+00  1.48397846E-03
 1.17047290E+00  1.65870625E-03
 1.17053051E+00  1.80471025E-03
 1.17060881E+00  1.91878827E-03
 1.17070932E+00  2.00122981E-03
 1.17083313E+00  2.05275814E-03
 1.17098063E+00  2.07431308E-03
 1.17115154E+00  2.06586986E-03
 1.17134454E+00  2.02613885E-03
 1.17155776E+00  1.95659459E-03
 1.17178856E+00  1.86099234E-03
 1.17203276E+00  1.74316759E-03
 1.17228504E+00  1.60833596E-03
 1.17253956E+00  1.46162898E-03
 1.17279027E+00  1.30808103E-03
 1.17303202E+00  1.15600085E-03
 1.17326065E+00  1.01522988E-03
 1.17347166E+00  8.93740889E-04
 1.17366073E+00  7.97479611E-04
 1.17382421E+00  7.28131686E-04
 1.17395889E+00  6.83091978E-04
 1.17406278E+00  6.60435611E-04
 1.17413500E+00  6.58983647E-04
 1.17417446E+00  6.77609808E-04
 1.17418063E+00  7.16585196E-04
 1.17415485E+00  7.74272183E-04
 1.17410033E+00  8.47515631E-04
 1.17402297E+00  9.35409129E-04
 1.17393123E+00  1.03765979E-03
 1.17383385E+00  1.15382338E-03
 1.17373960E+00  1.28337269E-03
 1.17365740E+00  1.42209837E-03
 1.17359520E+00  1.56317989E-03
 1.17356061E+00  1.70207600E-03
 1.17356009E+00  1.83621140E-03
 1.17359658E+00  1.96547667E-03
 1.17367027E+00  2.09301308E-03
 1.17378008E+00  2.22060921E-03
 1.17392399E+00  2.34872323E-03
 1.17410101E+00  2.47895413E-03
 1.17431081E+00  2.61225960E-03
 1.17454987E+00  2.74994540E-03
 1.17481195E+00  2.89362276E-03
 1.17508900E+00  3.04156045E-03
 1.17537042E+00  3.18985536E-03
 1.17564568E+00  3.33507413E-03
 1.17590450E+00  3.47408565E-03
 1.17613430E+00  3.60615085E-03
 1.17632220E+00  3.73292267E-03
 1.17645710E+00  3.85417457E-03
 1.17653037E+00  3.96827865E-03
 1.17653901E+00  4.07347077E-03
 1.17648532E+00  4.16671109E-03
 1.17637227E+00  4.24609779E-03
 1.17620339E+00  4.31086718E-03
 1.17598212E+00  4.35846493E-03
 1.17571104E+00  4.38594125E-03
 1.17539683E+00  4.39120241E-03
 1.17504977E+00  4.37274473E-03
 1.17468046E+00  4.33176076E-03
 1.17430137E+00  4.27183502E-03
 1.17392541E+00  4.19593375E-03
 1.17356555E+00  4.10661469E-03
 1.17323869E+00  4.00597810E-03
 1.17296344E+00  3.89491387E-03
 1.17275539E+00  3.77529510E-03
 1.17262662E+00  3.64966895E-03
 1.17258276E+00  3.51926728E-03
 1.17262282E+00  3.38496529E-03
 1.17274536E+00  3.24736123E-03
 1.17294865E+00  3.10673548E-03
 1.17322982E+00  2.96510993E-03
 1.17358623E+00  2.82572605E-03
 1.17401057E+00  2.69087277E-03
 1.17449114E+00  2.56228296E-03
 1.17501642E+00  2.44093332E-03
 1.17557329E+00  2.32661811E-03
 1.17614732E+00  2.21983783E-03
 1.17672344E+00  2.12158281E-03
 1.17728179E+00  2.03195053E-03
 1.17779998E+00  1.95097695E-03
 1.17825924E+00  1.87868654E-03
 1.17864503E+00  1.81501879E-03
 1.17894978E+00  1.76123512E-03
 1.17917332E+00  1.71952400E-03
 1.17931573E+00  1.69151138E-03
 1.17937697E+00  1.67836853E-03
 1.17935821E+00  1.68038091E-03
 1.17926014E+00  1.69662234E-03
 1.17908830E+00  1.72631268E-03
 1.17885277E+00  1.76852494E-03
 1.17856274E+00  1.82118450E-03
 1.17822864E+00  1.88168801E-03
 1.17786235E+00  1.94689743E-03
 1.17747650E+00  2.01329997E-03
 1.17708955E+00  2.07842260E-03
 1.17672330E+00  2.14058544E-03
 1.17639542E+00  2.19770201E-03
 1.17611888E+00  2.24769738E-03
 1.17589930E+00  2.28855911E-03
 1.17573434E+00  2.31809875E-03
 1.17562216E+00  2.33499870E-03
 1.17556201E+00  2.33862217E-03
 1.17555217E+00  2.32799914E-03
 1.17559237E+00  2.30244759E-03
 1.17567830E+00  2.26213910E-03
 1.17580204E+00  2.20807615E-03
 1.17595877E+00  2.14288935E-03
 1.17614409E+00  2.07066124E-03
 1.17635267E+00  1.99552247E-03
 1.17657855E+00  1.92162902E-03
 1.17680916E+00  1.85312931E-03
 1.17702750E+00  1.79358683E-03
 1.17722123E+00  1.74655079E-03
 1.17738267E+00  1.71511511E-03
 1.17751035E+00  1.70059029E-03
 1.17761027E+00  1.70298705E-03
 1.17768675E+00  1.72178118E-03
 1.17774216E+00  1.75606436E-03
 1.17778063E+00  1.80572893E-03
 1.17780492E+00  1.87128078E-03
 1.17781996E+00  1.95179840E-03
 1.17783258E+00  2.04521831E-03
 1.17784421E+00  2.14885140E-03
 1.17785341E+00  2.25888228E-03
 1.17785965E+00  2.37168563E-03
 1.17786301E+00  2.48377521E-03
 1.17786934E+00  2.59029484E-03
 1.17788933E+00  2.68599147E-03
 1.17792913E+00  2.76632789E-03
 1.17799096E+00  2.82764798E-03
 1.17807385E+00  2.86864164E-03
 1.17817169E+00  2.89016206E-03
 1.17828028E+00  2.89291313E-03
 1.17839742E+00  2.87743450E-03
 1.17851760E+00  2.84399619E-03
 1.17863510E+00  2.79209639E-03
 1.17874391E+00  2.72247110E-03
 1.17883743E+00  2.63683658E-03
 1.17891443E+00  2.53618625E-03
 1.17897746E+00  2.42163251E-03
 1.17902764E+00  2.29433261E-03
 1.17906514E+00  2.15548074E-03
 1.17908689E+00  2.00824599E-03
 1.17908621E+00  1.85707156E-03
 1.17905961E+00  1.70538746E-03
 1.17900633E+00  1.55573013E-03
 1.17892574E+00  1.40914959E-03
 1.17881935E+00  1.26493707E-03
 1.17868775E+00  1.12311671E-03
 1.17853039E+00  9.84423694E-04
 1.17835040E+00  8.49301223E-04
 1.17815258E+00  7.18770158E-04
 1.17794132E+00  5.93534950E-04
 1.17772115E+00  4.74062270E-04
 1.17749395E+00  3.62505328E-04
 1.17725909E+00  2.61985641E-04
 1.17701776E+00  1.75450277E-04
 1.17677235E+00  1.05701822E-04
 1.17652610E+00  5.40158080E-05
 1.17628396E+00  2.02497262E-05
 1.17604953E+00  5.13885455E-06
 1.17582500E+00  9.99136620E-06
 1.17561354E+00  3.61924848E-05
 1.17541808E+00  8.57308377E-05
 1.17524157E+00  1.59627822E-04
 1.17508732E+00  2.57926999E-04
 1.17495676E+00  3.81189538E-04
 1.17485001E+00  5.29642046E-04
 1.17476758E+00  7.02644006E-04
 1.17470987E+00  8.98741815E-04
 1.17467786E+00  1.11432513E-03
 1.17467326E+00  1.34395214E-03
 1.17469673E+00  1.58219192E-03
 1.17474802E+00  1.82366149E-03
 1.17482674E+00  2.06343721E-03
 1.17493189E+00  2.29755745E-03
 1.17506269E+00  2.52157369E-03
 1.17521881E+00  2.73098302E-03
 1.17539945E+00  2.92264367E-03
 1.17560359E+00  3.09415781E-03
 1.17583000E+00  3.24388581E-03
 1.17607684E+00  3.37089367E-03
 1.17634211E+00  3.47336100E-03
 1.17662343E+00  3.54912269E-03
 1.17691767E+00  3.59763733E-03
 1.17722095E+00  3.61977716E-03
 1.17752834E+00  3.61803761E-03
 1.17783391E+00  3.59679694E-03
 1.17813154E+00  3.56034229E-03
 1.17841520E+00  3.51284651E-03
 1.17867935E+00  3.45934769E-03
 1.17891915E+00  3.40472668E-03
 1.17912963E+00  3.35358683E-03
 1.17930595E+00  3.30989354E-03
 1.17944402E+00  3.27506278E-03
 1.17954029E+00  3.24846472E-03
 1.17959230E+00  3.22931329E-03
 1.17959867E+00  3.21677024E-03
 1.17955836E+00  3.21097123E-03
 1.17947117E+00  3.21315553E-03
 1.17933882E+00  3.22294650E-03
 1.17916507E+00  3.23871660E-03
 1.17895631E+00  3.25889087E-03
 1.17872142E+00  3.28109234E-03
 1.17846990E+00  3.30324888E-03
 1.17821153E+00  3.32354813E-03
 1.17795608E+00  3.33819350E-03
 1.17771248E+00  3.34252180E-03
 1.17748950E+00  3.33302285E-03
 1.17729497E+00  3.30736051E-03
 1.17713371E+00  3.26581287E-03
 1.17700818E+00  3.21125628E-03
 1.17691957E+00  3.14607793E-03
 1.17686806E+00  3.07218216E-03
 1.17685480E+00  2.99142903E-03
 1.17688136E+00  2.90476610E-03
 1.17694618E+00  2.81417464E-03
 1.17704486E+00  2.72240887E-03
 1.17717077E+00  2.63067355E-03
 1.17731438E+00  2.53961360E-03
 1.17746608E+00  2.44986534E-03
 1.17761633E+00  2.36201029E-03
 1.17775349E+00  2.27872148E-03
 1.17786573E+00  2.20417600E-03
 1.17794264E+00  2.14111596E-03
 1.17797593E+00  2.09108928E-03
 1.17796279E+00  2.05428277E-03
 1.17790527E+00  2.02897490E-03
 1.17780587E+00  2.01409445E-03
 1.17766734E+00  2.00913304E-03
 1.17749144E+00  2.01249806E-03
 1.17727837E+00  2.02254369E-03
 1.17703188E+00  2.03724080E-03
 1.17675873E+00  2.05411508E-03
 1.17646541E+00  2.07224994E-03
 1.17615993E+00  2.09173778E-03
 1.17585024E+00  2.11213044E-03
 1.17554414E+00  2.13266672E-03
 1.17525372E+00  2.15145267E-03
 1.17499310E+00  2.16542073E-03
 1.17477370E+00  2.17254570E-03
 1.17460404E+00  2.17171566E-03
 1.17448699E+00  2.16205648E-03
 1.17441963E+00  2.14356786E-03
 1.17439964E+00  2.11602419E-03
 1.17442537E+00  2.07893913E-03
 1.17449464E+00  2.03298741E-03
 1.17460646E+00  1.97943412E-03
 1.17475696E+00  1.91971547E-03
 1.17493976E+00  1.85564860E-03
 1.17515084E+00  1.78848997E-03
 1.17538656E+00  1.71902723E-03
 1.17564267E+00  1.64867369E-03
 1.17591456E+00  1.57923530E-03
 1.17619298E+00  1.51283749E-03
 1.17646547E+00  1.45205436E-03
 1.17672262E+00  1.39887983E-03
 1.17695791E+00  1.35460279E-03
 1.17716859E+00  1.32022045E-03
 1.17735666E+00  1.29613850E-03
 1.17752290E+00  1.28258357E-03
 1.17766689E+00  1.27976951E-03
 1.17778979E+00  1.28744059E-03
 1.17789233E+00  1.30502945E-03
 1.17797670E+00  1.33159019E-03
 1.17804661E+00  1.36572297E-03
 1.17810261E+00  1.40599717E-03
 1.17814359E+00  1.45088141E-03
 1.17816941E+00  1.49853974E-03
 1.17818052E+00  1.54692104E-03
 1.17818086E+00  1.59357265E-03
 1.17817733E+00  1.63581546E-03
 1.17817411E+00  1.67143898E-03
 1.17817294E+00  1.69887912E-03
 1.17817365E+00  1.71742300E-03
