# x =
 5.85070162E+01
# y =
 3.25097170E+00
 VARIABLES = u,v
 1.02765463E+00  7.73569025E-02
 1.03418534E+00  8.36376448E-02
 1.07885961E+00  1.33676964E-01
 1.14755127E+00  1.90901799E-01
 1.21570734E+00  2.05816884E-01
 1.25960729E+00  1.59153239E-01
 1.25733637E+00  6.57845613E-02
 1.20254957E+00 -2.34648797E-02
 1.10764230E+00 -4.26017415E-02
 9.85817235E-01 -1.51868691E-02
 8.61215552E-01 -1.68183014E-02
 7.87067205E-01 -3.05687660E-02
 7.97566348E-01 -2.22143136E-02
 8.24150253E-01 -4.95033472E-02
 7.75019320E-01 -1.47946847E-01
 7.26701905E-01 -2.12823343E-01
 8.08631950E-01 -1.33625253E-01
 9.49961112E-01 -9.77858536E-03
 1.02566616E+00 -4.76771109E-03
 1.06820065E+00 -6.02416310E-02
 1.12423544E+00 -5.28843827E-02
 1.14872273E+00 -1.53790074E-02
 1.11866579E+00  9.24351079E-03
 1.06940786E+00  3.70872813E-02
 1.03323051E+00  5.41306368E-02
 1.02674052E+00  6.79504117E-02
 1.06204635E+00  1.12216685E-01
 1.12602857E+00  1.37104408E-01
 1.18097025E+00  7.77480090E-02
 1.20495127E+00  5.13449408E-03
 1.19465770E+00  1.89060532E-02
 1.16144676E+00  5.88974633E-02
 1.13667603E+00  2.83530222E-02
 1.13505911E+00 -1.76258417E-02
 1.15088119E+00 -5.85311017E-04
 1.17871154E+00  3.75440117E-02
 1.20336727E+00  4.56929822E-02
 1.21676184E+00  4.13225665E-02
 1.22451771E+00  3.67587641E-02
 1.22354741E+00  2.17674765E-02
 1.20982224E+00  2.34774504E-03
 1.18167815E+00 -1.06947813E-02
 1.13491204E+00 -1.61841607E-02
 1.07803686E+00 -1.50592077E-02
 1.02919214E+00 -9.96014025E-03
 1.00104009E+00 -1.33684200E-03
 1.00210918E+00  1.24938094E-02
 1.03056459E+00  2.82490404E-02
 1.07252729E+00  4.08676528E-02
 1.11909236E+00  4.59929778E-02
 1.16544310E+00  3.95174676E-02
 1.20562580E+00  2.38716913E-02
 1.23782703E+00  6.81226184E-03
 1.25619214E+00 -6.86015676E-03
 1.25188296E+00 -1.45590643E-02
 1.22625744E+00 -1.64268572E-02
 1.18621582E+00 -1.66821326E-02
 1.13903560E+00 -1.59256592E-02
 1.09424909E+00 -1.11838760E-02
 1.05595387E+00 -2.15484852E-04
 1.02300891E+00  2.02286634E-02
 9.99602857E-01  5.03836911E-02
 9.91979565E-01  8.55530305E-02
 1.00416293E+00  1.19619500E-01
 1.03997936E+00  1.44535242E-01
 1.09644692E+00  1.52745038E-01
 1.16180741E+00  1.39953548E-01
 1.21983224E+00  1.04849337E-01
 1.25092119E+00  5.00716537E-02
 1.23967419E+00 -1.92718518E-02
 1.18259994E+00 -9.50699925E-02
 1.09397693E+00 -1.63053331E-01
 1.00254308E+00 -2.06268640E-01
 9.32121341E-01 -2.10786308E-01
 8.96053799E-01 -1.70230303E-01
 8.92865182E-01 -9.52212362E-02
 9.04817682E-01 -1.03139782E-02
 9.23282148E-01  6.36099660E-02
 9.48651944E-01  1.11839333E-01
 9.77600100E-01  1.29628319E-01
 1.01105532E+00  1.25397513E-01
 1.04295191E+00  1.02204865E-01
 1.06004900E+00  6.07149766E-02
 1.06385314E+00  1.35955351E-02
 1.06353346E+00 -2.40940327E-02
 1.06576586E+00 -3.69048361E-02
 1.07905906E+00 -1.26693174E-02
 1.10354497E+00  3.48164941E-02
 1.13015167E+00  7.35723643E-02
 1.15588796E+00  8.25296691E-02
 1.17907210E+00  5.21510956E-02
 1.19222768E+00 -7.25193767E-03
 1.18893963E+00 -6.34246848E-02
 1.16308642E+00 -9.86663362E-02
 1.11118316E+00 -1.09852094E-01
 1.04525990E+00 -9.42836418E-02
 9.87636751E-01 -6.08823564E-02
 9.54651677E-01 -1.35339988E-02
 9.55812519E-01  4.95292479E-02
 9.88192681E-01  1.09335330E-01
 1.03499290E+00  1.39984002E-01
 1.08575568E+00  1.27172817E-01
 1.13588519E+00  7.13181572E-02
 1.17853721E+00  1.33232649E-02
 1.21116653E+00  4.76769661E-03
 1.22678481E+00  1.30834085E-02
 1.21466274E+00 -2.36282700E-02
 1.17687218E+00 -5.61741404E-02
 1.12315997E+00 -1.09583802E-02
 1.06418566E+00  6.38310336E-02
 1.01454430E+00  9.80133279E-02
 9.84507128E-01  1.16624032E-01
 9.77989031E-01  1.52703458E-01
 1.00075632E+00  1.76196386E-01
 1.05356972E+00  1.62143084E-01
 1.12269953E+00  1.27482882E-01
 1.18690496E+00  9.00033889E-02
 1.22629761E+00  5.57310433E-02
 1.22692175E+00  3.36603711E-02
 1.19419859E+00  2.38496382E-02
 1.15011646E+00  1.50790562E-02
 1.10874450E+00  8.61393364E-03
 1.07722683E+00  1.80287225E-02
 1.05912335E+00  6.38524767E-02
 1.04811003E+00  1.51645678E-01
 1.04535399E+00  2.02233999E-01
 1.05713867E+00  1.20840542E-01
 1.07468371E+00 -1.48780856E-02
 1.08405374E+00 -5.86626461E-02
 1.07379752E+00 -3.49779191E-02
 1.03483149E+00 -2.18706910E-02
 9.78559785E-01  3.80655997E-03
 9.32452205E-01  4.87350363E-02
 9.13161172E-01  6.60940059E-02
 9.27461247E-01  4.18185578E-02
 9.70476610E-01 -1.40232659E-04
 1.02125937E+00 -3.10240035E-02
 1.06788993E+00 -4.36437038E-02
 1.10753197E+00 -4.50081825E-02
 1.13229432E+00 -3.83952304E-02
 1.13872096E+00 -3.42469359E-02
 1.12201634E+00 -3.67168665E-02
 1.07613301E+00 -3.51035917E-02
 1.01432177E+00 -2.20425267E-02
 9.61380562E-01  9.13529478E-03
 9.36455359E-01  6.11193394E-02
 9.52869814E-01  1.23863473E-01
 1.00509147E+00  1.80840679E-01
 1.06882093E+00  2.11777679E-01
 1.12830493E+00  2.01680083E-01
 1.17461592E+00  1.49721049E-01
 1.19936085E+00  7.27766763E-02
 1.20336777E+00  1.84941761E-03
 1.18280530E+00 -4.00595172E-02
 1.13240293E+00 -4.47164897E-02
 1.06825641E+00 -2.04245188E-02
 1.01656218E+00  7.08970241E-03
 9.97773678E-01  2.35099157E-02
 1.02443010E+00  2.95177192E-02
 1.08089736E+00  2.99730620E-02
 1.12840621E+00  3.98530977E-02
 1.14463029E+00  6.33561486E-02
 1.12526158E+00  8.99277251E-02
 1.08485344E+00  1.13035226E-01
 1.06015783E+00  1.23701251E-01
 1.06669971E+00  1.16021350E-01
 1.09299510E+00  9.34287859E-02
 1.11587105E+00  5.52356099E-02
 1.09507674E+00  3.85446376E-04
 1.01018618E+00 -6.70041334E-02
 8.74086548E-01 -1.41081966E-01
 7.18395195E-01 -2.07723902E-01
 5.96008230E-01 -2.46957512E-01
 5.45078696E-01 -2.45785828E-01
 5.72597956E-01 -2.01346767E-01
 6.63197414E-01 -1.27733732E-01
 7.75371858E-01 -5.38967644E-02
 8.78580178E-01 -1.26008875E-03
 9.62815607E-01  2.14009285E-02
 1.02055236E+00  2.15954993E-02
 1.05877623E+00  2.38655090E-02
 1.08058153E+00  4.06460595E-02
 1.08596872E+00  6.90307173E-02
 1.10911669E+00  9.94530113E-02
 1.17755172E+00  1.10864004E-01
 1.23777998E+00  9.48570153E-02
 1.22006908E+00  6.04888714E-02
 1.17111642E+00  1.80382030E-02
 1.17004161E+00 -1.55604656E-02
 1.16169512E+00 -2.93142870E-02
 1.06609177E+00 -2.61038578E-02
 9.36838432E-01 -1.09455537E-02
 8.53259671E-01  6.28743338E-03
 8.13291202E-01  1.72932023E-02
 8.07932022E-01  2.16511806E-02
 8.44059918E-01  2.03626850E-02
 8.99365093E-01  1.72074958E-02
 9.51668976E-01  1.40479336E-02
 9.96433513E-01  8.52670901E-03
 1.02825294E+00  1.19039953E-03
 1.04715071E+00 -6.36947016E-03
 1.05037520E+00 -1.10556483E-02
 1.03207158E+00 -6.87629916E-03
 1.00549799E+00  8.65573600E-03
 9.93445193E-01  3.47934231E-02
 1.01256652E+00  6.99269103E-02
 1.07180216E+00  1.08262664E-01
 1.15276734E+00  1.39270109E-01
 1.21476764E+00  1.51253718E-01
 1.23313645E+00  1.36215254E-01
 1.20148225E+00  9.50968455E-02
 1.13438068E+00  4.56165903E-02
 1.07140856E+00  1.69110258E-02
 1.03600770E+00  2.83615394E-02
 1.03194439E+00  8.33664482E-02
 1.05993180E+00  1.61896944E-01
 1.10463227E+00  2.22816380E-01
 1.15292666E+00  2.39500120E-01
 1.19456553E+00  2.06090077E-01
 1.19109268E+00  1.34803379E-01
 1.11496258E+00  6.01699405E-02
 1.01891751E+00  2.80629061E-03
 9.75107008E-01 -3.57333632E-02
 9.46218465E-01 -5.55800274E-02
 8.65033998E-01 -6.80435285E-02
 7.96194650E-01 -7.55753207E-02
 8.27672069E-01 -6.74177832E-02
 9.12792085E-01 -4.50280537E-02
 9.75461803E-01 -1.34596916E-02
 1.01739213E+00  2.08266943E-02
 1.04580136E+00  4.45369205E-02
 1.05304513E+00  5.54279439E-02
 1.05995879E+00  5.99393980E-02
 1.08057228E+00  5.89287643E-02
 1.10672385E+00  5.32076196E-02
 1.13114203E+00  4.22047521E-02
 1.14127866E+00  2.09502047E-02
 1.13287787E+00 -9.06977273E-03
 1.11561870E+00 -4.13002556E-02
 1.09329261E+00 -7.11037632E-02
 1.06952380E+00 -9.24924147E-02
 1.04850456E+00 -1.00533890E-01
 1.02798111E+00 -9.42263059E-02
 1.00892446E+00 -7.32240678E-02
 9.94841686E-01 -3.90549296E-02
 9.86902857E-01  3.83064494E-03
 9.87744030E-01  4.93563459E-02
 9.99820251E-01  8.88692474E-02
 1.02253558E+00  1.12578261E-01
 1.05134322E+00  1.13191831E-01
 1.07475985E+00  8.89352996E-02
 1.07129873E+00  4.88088612E-02
 1.01801071E+00  9.85219117E-03
 9.10980398E-01 -1.49675265E-02
 7.77753520E-01 -2.03905967E-02
 6.93421137E-01 -1.41943884E-02
 7.35664124E-01 -1.57368376E-02
 8.59907138E-01 -3.45872944E-02
 9.53276608E-01 -6.78171363E-02
 1.00324696E+00 -1.02505657E-01
 1.03461515E+00 -1.14381582E-01
 1.03031812E+00 -9.14805529E-02
 1.00800053E+00 -3.93888068E-02
 1.01062391E+00  2.65335079E-02
 1.05285432E+00  7.87195220E-02
 1.11515891E+00  9.90981673E-02
 1.15359885E+00  8.72953326E-02
 1.14087940E+00  5.34255818E-02
 1.07752477E+00  2.03988572E-02
 1.00324862E+00  3.20251514E-03
 9.83184428E-01  1.80438749E-03
 1.01013700E+00  9.92811710E-03
 1.02544668E+00  1.20567728E-02
 1.00862084E+00  1.64585239E-03
 9.54745565E-01 -1.35645807E-02
 8.99464772E-01 -2.39498085E-02
 9.16419321E-01 -1.50589499E-02
 9.86170836E-01  1.93487882E-02
 1.03924230E+00  7.03078935E-02
 1.08836872E+00  1.23145958E-01
 1.15521342E+00  1.56968688E-01
 1.20254515E+00  1.56915159E-01
 1.20653707E+00  1.23031170E-01
 1.18677869E+00  6.81416826E-02
 1.16654773E+00  1.68092079E-02
 1.15232848E+00 -1.29711760E-02
 1.14693189E+00 -1.65661544E-02
 1.15098485E+00 -5.50435631E-04
 1.15480223E+00  1.58045865E-02
 1.15473056E+00  2.17470864E-02
 1.15465989E+00  1.84560961E-02
 1.15167829E+00  8.31595710E-03
 1.14231134E+00  2.45037543E-04
 1.12272553E+00 -2.91021806E-03
 1.08734397E+00 -7.14293494E-03
 1.04239187E+00 -1.13978549E-02
 1.00235864E+00 -1.32772351E-02
 9.77018517E-01 -1.10633150E-02
 9.73176356E-01 -5.08715317E-04
 9.90526115E-01  1.37767079E-02
 1.01947874E+00  2.10094189E-02
 1.05430936E+00  1.63879780E-02
 1.09133736E+00 -1.79968638E-04
 1.12168230E+00 -2.04847066E-02
 1.13760025E+00 -2.78096665E-02
 1.13245661E+00 -1.23328081E-02
 1.10320200E+00  2.68946766E-02
 1.06371257E+00  8.32349759E-02
 1.03852410E+00  1.40190080E-01
 1.04403207E+00  1.85180852E-01
 1.08521363E+00  2.11843125E-01
 1.14593315E+00  2.14008388E-01
 1.18897764E+00  1.89663047E-01
 1.18433602E+00  1.33686272E-01
 1.10992563E+00  3.72283862E-02
 9.45115497E-01 -1.01463232E-01
 7.17995412E-01 -2.60096893E-01
 5.68848561E-01 -3.52412000E-01
 6.39037263E-01 -2.90056700E-01
 8.17005361E-01 -1.44257943E-01
 8.80936879E-01 -5.96910507E-02
 8.71930747E-01 -3.06772081E-02
 9.19316392E-01  2.61425113E-03
 9.68510161E-01  1.76624951E-02
 9.73061315E-01  1.38757821E-02
 9.80879318E-01  2.80068152E-02
 1.00017245E+00  6.08082197E-02
 1.01032567E+00  8.88878746E-02
 1.01113903E+00  8.78845473E-02
 1.01638650E+00  5.81471411E-02
 1.03986528E+00  2.36944973E-02
 1.07029688E+00  6.73809199E-03
 1.08268045E+00  3.13903346E-02
 1.06413023E+00  1.01430237E-01
 1.00758732E+00  1.76309006E-01
 9.21063498E-01  1.71101090E-01
 8.31088581E-01  1.82635778E-02
 7.52370455E-01 -1.77121023E-01
 6.88748772E-01 -2.29237142E-01
 6.43346175E-01 -1.54747650E-01
 6.09911069E-01 -7.24921730E-02
 5.87249475E-01 -1.84322366E-02
 5.80772381E-01 -3.48042938E-02
 5.84912664E-01 -1.10524008E-01
 5.90790294E-01 -1.40645952E-01
 5.91248891E-01 -1.10787271E-01
 5.79561906E-01 -6.88213942E-02
 5.63974437E-01 -3.31050902E-02
 5.62214738E-01 -4.00193598E-02
 5.78169374E-01 -7.19521469E-02
 5.99271682E-01 -5.12901908E-02
 5.88698554E-01  3.07041805E-02
 5.17551344E-01  1.36154480E-01
 4.62960029E-01  2.06249112E-01
 5.28761365E-01  1.67584351E-01
 6.33644272E-01  8.14668736E-02
 6.33653853E-01  8.27250743E-02
 5.79825355E-01  1.41207431E-01
 5.81303802E-01  1.66772632E-01
 6.30519057E-01  1.83320269E-01
 7.02052820E-01  2.11296149E-01
 7.42415699E-01  2.13843106E-01
 6.64602878E-01  1.91609963E-01
 5.59503314E-01  1.98369108E-01
 5.84200490E-01  2.71956476E-01
 6.14902489E-01  3.48094539E-01
 4.66087780E-01  3.28027171E-01
 2.96295950E-01  2.42747520E-01
 3.39040652E-01  1.81558349E-01
 5.26610797E-01  1.64047937E-01
 7.05591542E-01  1.94061929E-01
 8.11147630E-01  2.38955551E-01
 7.67956346E-01  2.15155878E-01
 6.46403159E-01  1.30679493E-01
 6.32798381E-01  5.39251556E-02
 6.44565680E-01 -1.14137310E-02
 5.09985566E-01 -6.02115858E-02
 3.90380319E-01 -4.86168899E-02
 4.87997576E-01  3.41129941E-02
 6.61415228E-01  1.44934491E-01
 7.01805425E-01  2.04443776E-01
 6.24910381E-01  1.05583061E-01
 5.00588710E-01 -2.01098358E-01
 3.89097163E-01 -5.15055748E-01
 4.12408150E-01 -5.47788945E-01
 5.65016905E-01 -3.89905602E-01
 7.05196169E-01 -3.00698130E-01
 7.53413457E-01 -2.20724206E-01
 6.75514138E-01 -4.99832152E-02
 5.50904051E-01  6.99069937E-02
 5.58383846E-01  4.77653712E-02
 6.68478166E-01 -1.61761025E-03
 7.38516260E-01  4.05464359E-02
 7.95520066E-01  1.29563595E-01
 8.82339033E-01  1.76588117E-01
 9.59189991E-01  2.02341752E-01
 1.01043219E+00  2.24636073E-01
 9.82803230E-01  1.72083177E-01
 8.07902162E-01  1.86206672E-02
 5.92827635E-01 -1.03239205E-01
 4.99713824E-01 -4.61154423E-02
 4.55217162E-01  9.85238844E-02
 3.20117755E-01  1.46568138E-01
 1.97774353E-01  1.32983658E-01
 2.24787611E-01  1.45907961E-01
 3.07708035E-01  1.22346018E-01
 3.27509206E-01  2.46884677E-02
 3.31770318E-01 -7.17156540E-02
 3.76377346E-01 -1.10715972E-01
 4.09253710E-01 -1.25039910E-01
 3.88705075E-01 -1.63710550E-01
 3.51369923E-01 -2.07658197E-01
 3.38877912E-01 -2.16696081E-01
 3.65850652E-01 -1.77020703E-01
 4.43033952E-01 -8.04522835E-02
 5.51426513E-01  2.52755835E-02
 6.40471491E-01  5.51228815E-02
 6.88663447E-01  1.72935700E-02
 7.07943469E-01 -2.14110016E-02
 7.37504402E-01 -2.46989561E-02
 8.17397537E-01  3.12567376E-02
 8.65233782E-01  9.23852262E-02
 7.71431321E-01  5.76617305E-02
 6.75565385E-01 -9.66338859E-03
 7.77796232E-01  1.53474523E-02
 9.43263534E-01  6.43846096E-02
 9.52716286E-01  3.55265151E-02
 9.14487045E-01  1.29949290E-02
 9.89571541E-01  8.68398396E-02
 1.06398537E+00  1.60123466E-01
 1.01840343E+00  1.22497426E-01
 9.65819004E-01  5.44853124E-02
 1.02140737E+00  7.16937380E-02
 1.09966995E+00  1.24624809E-01
 1.09594581E+00  1.33416340E-01
 1.07823260E+00  1.22457501E-01
 1.13123691E+00  1.11669947E-01
 1.18839648E+00  7.07435390E-02
 1.17163963E+00  1.50080940E-03
 1.12343081E+00 -4.01971442E-02
 1.09827825E+00 -1.06392978E-02
 1.07889931E+00  3.61168618E-02
 1.05054173E+00  1.96727370E-02
 1.03395319E+00 -3.09701463E-03
 1.03903932E+00  6.24552290E-02
 1.06334795E+00  1.60358328E-01
 1.10620023E+00  2.00357434E-01
 1.14982990E+00  2.01177797E-01
 1.16361814E+00  1.89143320E-01
 1.13043790E+00  1.36911072E-01
 1.05289683E+00  5.08958482E-02
 9.66971019E-01  1.01296619E-02
 9.15153485E-01  7.30167798E-02
 8.54770372E-01  1.45197941E-01
 7.28251404E-01  9.57645811E-02
 6.47114263E-01  2.10114661E-02
 7.53888056E-01  8.35878687E-02
 9.43608430E-01  1.92789889E-01
 1.03285351E+00  1.96217739E-01
 1.04569028E+00  1.31380042E-01
 1.05853854E+00  6.96033743E-02
 1.04874030E+00  4.14915567E-02
 1.03118987E+00  1.02039635E-01
 1.07295571E+00  1.99331753E-01
 1.17343425E+00  2.01553679E-01
 1.20596432E+00  1.30882775E-01
 1.04420961E+00  7.65419062E-02
 8.34456078E-01  2.48779694E-02
 8.25599268E-01 -3.16436663E-02
 9.38081057E-01 -4.73275445E-02
 9.75336210E-01 -1.52496394E-02
 9.67122152E-01  1.87914746E-02
 9.63843429E-01  1.61680842E-02
 9.46999423E-01  2.23304130E-02
 9.58297994E-01  1.05845706E-01
 9.93464151E-01  2.09341895E-01
 9.93270400E-01  2.37168943E-01
 1.00016288E+00  2.17097642E-01
 1.06412991E+00  2.01820875E-01
 1.07652666E+00  1.59585972E-01
 9.27873243E-01  6.57790303E-02
 7.57425258E-01 -4.19073698E-02
 7.66986861E-01 -1.21551025E-01
 8.80839745E-01 -1.42175264E-01
 9.32923128E-01 -8.36506809E-02
 9.48435669E-01  2.24480221E-03
 9.75742143E-01  2.99186257E-02
 9.99511820E-01  1.91279423E-02
 1.04669686E+00  4.08633208E-02
 1.09935044E+00  8.77667158E-02
 1.08812691E+00  1.35327075E-01
 1.04186226E+00  1.75288651E-01
 1.02859977E+00  1.78769277E-01
 1.04525618E+00  1.62338214E-01
 1.07817399E+00  1.74682624E-01
 1.12631066E+00  1.91521650E-01
 1.16131159E+00  1.63747708E-01
 1.15685660E+00  9.91012707E-02
 1.10643782E+00  1.55409200E-02
 1.01178243E+00 -8.15335972E-02
 8.88252801E-01 -1.68601647E-01
 7.49707401E-01 -2.23092230E-01
 6.10071880E-01 -2.39240062E-01
 5.06369184E-01 -2.19447460E-01
 4.80129726E-01 -1.75952029E-01
 5.51563856E-01 -1.18644297E-01
 7.06419648E-01 -5.19174901E-02
 8.57239146E-01  1.59851889E-02
 9.06413393E-01  7.79218142E-02
 9.24156259E-01  1.23412366E-01
 1.04929114E+00  1.38815683E-01
 1.22182046E+00  1.22289953E-01
 1.30956579E+00  8.06207351E-02
 1.31169048E+00  2.24771439E-02
 1.24757027E+00 -3.81057552E-02
 1.14098584E+00 -8.73986608E-02
 1.07067730E+00 -1.15138858E-01
 1.03395645E+00 -1.09661411E-01
 9.70833580E-01 -6.56637982E-02
 9.16013564E-01  3.90995670E-03
 9.19602056E-01  7.46538467E-02
 9.54368194E-01  1.24586362E-01
 9.91900414E-01  1.38100775E-01
 1.03688038E+00  1.17392825E-01
 1.08310225E+00  8.16120949E-02
 1.10693271E+00  4.06508779E-02
 1.09405548E+00 -2.68089106E-03
 1.05343937E+00 -4.35513118E-02
 1.00525658E+00 -8.29572531E-02
 9.64386847E-01 -1.14100081E-01
 9.41380304E-01 -1.23630384E-01
 9.34451816E-01 -1.13483761E-01
 9.27195005E-01 -9.30194678E-02
 9.12613617E-01 -6.97898858E-02
 8.88968850E-01 -5.34088344E-02
 8.44100646E-01 -4.42481977E-02
 7.69980098E-01 -3.37786895E-02
 6.69811488E-01 -2.18870790E-02
 5.65693494E-01 -1.29313055E-02
 5.28508574E-01 -1.02395447E-02
 6.30293518E-01 -2.01800921E-02
 8.24344001E-01 -4.24386774E-02
 9.94204806E-01 -6.80423467E-02
 1.09201326E+00 -8.71176429E-02
 1.10881794E+00 -8.78471164E-02
 1.07279163E+00 -6.21250105E-02
 1.06763881E+00 -1.23979889E-02
 1.09559016E+00  4.69475802E-02
 1.09336376E+00  9.26310610E-02
 1.05309031E+00  1.07042516E-01
 9.81068536E-01  8.48025439E-02
 9.15617400E-01  3.74821034E-02
 9.29840999E-01 -7.82125598E-03
 9.82307869E-01 -3.34230784E-02
 9.79355144E-01 -3.47543243E-02
 9.59707335E-01 -1.60613194E-02
 9.93518817E-01  5.33001684E-03
 1.04595620E+00  2.11909807E-02
 1.07555067E+00  3.46034242E-02
 1.09784494E+00  4.41785008E-02
 1.11865029E+00  5.13780077E-02
 1.12400305E+00  5.36905394E-02
 1.10984722E+00  4.16018745E-02
 1.06805769E+00  1.57590879E-02
 9.83365466E-01 -1.73518454E-02
 8.54732740E-01 -5.25491465E-02
 6.97686375E-01 -8.14715400E-02
 5.46431270E-01 -9.92701865E-02
 4.50132562E-01 -1.06230134E-01
 4.43249635E-01 -1.00035166E-01
 5.32746148E-01 -8.01618263E-02
 6.87511045E-01 -5.33404121E-02
 8.42646978E-01 -2.87685821E-02
 9.50595478E-01 -1.45449594E-02
 9.93397272E-01 -1.52369874E-02
 9.85028862E-01 -2.37214297E-02
 9.75544525E-01 -2.42824535E-02
 9.90939395E-01 -7.95401210E-03
 1.02718369E+00  2.62728584E-02
 1.07643239E+00  6.99507847E-02
 1.11222697E+00  1.04255859E-01
 1.12612443E+00  1.18392626E-01
 1.13412854E+00  1.11729695E-01
 1.13432314E+00  8.76968843E-02
 1.12254788E+00  5.77907239E-02
 1.09575459E+00  2.91566042E-02
 1.04277621E+00  1.94028139E-03
 9.74220006E-01 -2.04613095E-02
 9.16704779E-01 -3.59684910E-02
 8.85900355E-01 -4.13697602E-02
 8.92718820E-01 -3.05864863E-02
 9.36770043E-01 -5.16906814E-03
 9.99662160E-01  2.79751929E-02
 1.06524663E+00  6.19381406E-02
 1.11475452E+00  8.75395468E-02
 1.11207254E+00  9.76164815E-02
 1.04351079E+00  8.93987753E-02
 9.81347702E-01  6.11016310E-02
 1.01278863E+00  1.67756778E-02
 1.07416042E+00 -2.67669934E-02
 1.04781302E+00 -4.76351235E-02
 9.86678512E-01 -3.37239780E-02
 9.89827888E-01  8.95648666E-03
 1.01854562E+00  4.12132506E-02
 1.02253304E+00  1.96000542E-02
 1.02767088E+00 -1.81067180E-02
 1.04430530E+00 -3.99945409E-03
 1.05262537E+00  1.98836215E-02
 1.04839710E+00 -1.57560159E-02
 1.03576100E+00 -5.94055511E-02
 1.01711700E+00 -4.00867600E-02
 1.00278573E+00  1.10502278E-02
 1.00816770E+00  4.91629477E-02
 1.04171216E+00  8.90907499E-02
 1.09903656E+00  1.37829318E-01
 1.15336778E+00  1.61550669E-01
 1.16256939E+00  1.31947574E-01
 1.10141701E+00  4.43142915E-02
 9.70764833E-01 -8.61710312E-02
 8.06366094E-01 -1.96901266E-01
 6.73544929E-01 -2.14460708E-01
 6.11007462E-01 -1.71303623E-01
 6.16338989E-01 -1.58758491E-01
 6.43641877E-01 -1.87011638E-01
 6.31746596E-01 -2.26033261E-01
 6.35597054E-01 -2.34052392E-01
 7.56291966E-01 -1.49747852E-01
 9.17866363E-01 -3.53462842E-02
 9.92973446E-01 -1.64205786E-02
 1.02622155E+00 -3.80588749E-02
 1.09220736E+00  1.12111531E-02
 1.14628067E+00  7.72593091E-02
 1.14859788E+00  8.44936087E-02
 1.13827443E+00  6.93015672E-02
 1.14642401E+00  6.50647584E-02
 1.15994718E+00  5.40993472E-02
 1.16717240E+00  3.42338622E-02
 1.17546798E+00  1.97540859E-02
 1.18731609E+00  1.23226228E-02
 1.19381812E+00  7.89442015E-03
 1.18767176E+00  3.74527946E-03
 1.16186440E+00 -2.86896310E-03
 1.11188511E+00 -1.31272058E-02
 1.05307325E+00 -2.39583177E-02
 1.01369352E+00 -2.91422998E-02
 1.01075943E+00 -2.59541844E-02
 1.04894704E+00 -1.52734168E-02
 1.11484017E+00  5.59418771E-04
 1.17602863E+00  1.61436842E-02
 1.21206359E+00  2.72647081E-02
 1.21746325E+00  3.14464401E-02
 1.19400068E+00  2.35258775E-02
 1.15753369E+00 -9.29444959E-04
 1.11626622E+00 -4.20719956E-02
 1.06794650E+00 -9.41825451E-02
 1.01792886E+00 -1.39071583E-01
 9.71240163E-01 -1.51002971E-01
 9.36813651E-01 -1.13637933E-01
 9.30201148E-01 -2.62955291E-02
 9.55003986E-01  8.64215004E-02
 1.00538030E+00  1.80026375E-01
 1.07323923E+00  2.26802576E-01
 1.14111314E+00  2.25469029E-01
 1.18460725E+00  2.07757689E-01
 1.17914456E+00  2.16423913E-01
 1.10409462E+00  2.09843599E-01
 9.54244890E-01  1.15011380E-01
 7.56850317E-01 -1.17816610E-02
 5.62649955E-01 -7.64909219E-02
 4.13297840E-01 -1.09864662E-01
 3.33777659E-01 -1.65107487E-01
 3.20370293E-01 -2.08874857E-01
 3.40592001E-01 -2.11644589E-01
 3.82065136E-01 -2.01528000E-01
 4.54112467E-01 -2.00996548E-01
 5.71727345E-01 -2.01421107E-01
 7.41872429E-01 -1.95621939E-01
 8.79257232E-01 -1.89393854E-01
 8.73054114E-01 -1.83210223E-01
 7.92906432E-01 -1.65391743E-01
 7.81472585E-01 -1.23670426E-01
 8.19227908E-01 -5.11558738E-02
 8.43979388E-01  4.94130966E-02
 8.87703114E-01  1.49486426E-01
 9.60587322E-01  2.04317949E-01
 1.02131372E+00  1.90181748E-01
 1.04877045E+00  1.13087439E-01
 1.03512086E+00  2.07565626E-02
 9.69853748E-01 -2.63617114E-02
 8.46802802E-01 -6.67457494E-02
 6.89081607E-01 -1.67833865E-01
 5.95274962E-01 -2.26957892E-01
 6.61423237E-01 -1.16521010E-01
 8.00289796E-01  3.95729063E-02
 8.46745286E-01  5.70970445E-02
 8.24748750E-01  1.45640404E-03
 8.32495466E-01  3.66792746E-03
 8.64238847E-01  3.13957217E-02
 9.19935206E-01  4.12379305E-02
 1.00169463E+00  4.45578673E-02
 1.04562361E+00  1.94895861E-02
 1.00741558E+00 -1.61429109E-02
 8.91012367E-01 -2.66563850E-03
 7.62710030E-01  3.52122913E-02
 7.27868840E-01  3.81474549E-02
 7.76586460E-01  8.70231458E-03
 8.13950046E-01 -4.01190226E-02
 7.85771162E-01 -1.07565172E-01
 6.55930337E-01 -1.70115141E-01
 4.80822038E-01 -2.07158497E-01
 4.06093835E-01 -2.14951792E-01
 4.59359428E-01 -1.90565662E-01
 5.84908997E-01 -1.38284723E-01
 7.44284629E-01 -6.27450850E-02
 8.62813331E-01  3.19720417E-02
 9.17477646E-01  1.23836211E-01
 9.57074329E-01  1.82415037E-01
 9.71400687E-01  1.84956499E-01
 9.39375485E-01  1.20306227E-01
 8.87428784E-01  8.81581227E-03
 8.29832884E-01 -1.02718139E-01
 7.70806353E-01 -1.79734990E-01
 7.33120929E-01 -2.03519938E-01
 7.60110680E-01 -1.75972441E-01
 8.70772004E-01 -1.25946646E-01
 9.62119460E-01 -7.04958805E-02
 9.07365029E-01 -1.68670383E-02
 8.01391133E-01  1.28883477E-02
 8.23902831E-01  1.56039626E-02
 9.33227539E-01  3.70824379E-02
 1.02133922E+00  1.19384528E-01
 1.11480113E+00  2.04879473E-01
 1.22322231E+00  1.99720492E-01
 1.29000910E+00  1.31005144E-01
 1.29569911E+00  7.07010548E-02
 1.24887807E+00  5.23829547E-03
 1.15588193E+00 -7.95767555E-02
 1.02473407E+00 -1.44638708E-01
 8.77064398E-01 -1.68438199E-01
 7.72019733E-01 -1.62427319E-01
 7.59039450E-01 -1.39167174E-01
 7.80486899E-01 -1.03257405E-01
 7.49008898E-01 -6.00770746E-02
 7.29584488E-01 -1.74920932E-02
 8.27550184E-01  2.06596870E-02
 9.64973978E-01  4.77528959E-02
 1.02357592E+00  5.74928500E-02
 1.04379154E+00  6.12601426E-02
 1.08962222E+00  7.86853667E-02
 1.12976843E+00  1.17904530E-01
 1.14032098E+00  1.70852965E-01
 1.14244678E+00  1.96200449E-01
 1.14261776E+00  1.47852589E-01
 1.14027893E+00  6.60972581E-02
 1.14294360E+00  3.14728472E-02
 1.13848028E+00  3.46183150E-02
 1.10177370E+00  3.10040950E-02
 1.02318317E+00  1.98832192E-02
 9.10618815E-01 -3.12681819E-03
 8.01803939E-01 -2.87117388E-02
 7.38997848E-01 -2.43231577E-02
 6.78874111E-01 -2.24315054E-02
 5.51668014E-01 -8.70154205E-02
 4.22380811E-01 -2.14625506E-01
 3.95987623E-01 -3.58883218E-01
 4.37792247E-01 -4.35749400E-01
 4.78455380E-01 -3.54188421E-01
 5.38229748E-01 -1.89432810E-01
 6.31701741E-01 -1.04099252E-01
 7.17671050E-01 -7.58960783E-02
 7.74038329E-01 -1.42026514E-02
 8.25751546E-01  4.62294329E-02
 9.02974976E-01  7.96837874E-02
 1.00424061E+00  1.23863816E-01
 1.10080720E+00  1.81349201E-01
 1.12872149E+00  2.22413962E-01
 1.02421592E+00  2.23792174E-01
 8.54417599E-01  1.84161319E-01
 7.53276796E-01  1.19121612E-01
 7.15837619E-01  4.62465033E-02
 6.83570588E-01 -9.65456537E-03
 6.83872493E-01 -3.05323496E-02
 7.33098958E-01 -1.98012618E-02
 8.10069348E-01  1.50725818E-03
 9.04323959E-01  6.71936984E-04
 9.58519254E-01 -3.83091835E-02
 9.03896066E-01 -9.93944101E-02
 7.94588801E-01 -1.27660387E-01
 7.42143660E-01 -5.95795405E-02
 7.64799697E-01  7.29142074E-02
 8.32939374E-01  1.75275359E-01
 9.02512488E-01  2.15481066E-01
 9.00759010E-01  1.92265555E-01
 8.62356823E-01  1.24677097E-01
 8.86194034E-01  7.58182673E-02
 9.18692268E-01  4.95518612E-02
 8.65227615E-01  1.86862592E-02
 7.78138092E-01  5.68233393E-02
 7.18054026E-01  2.12999098E-01
 6.20931546E-01  3.08352812E-01
 4.37289759E-01  1.35263995E-01
 2.74964535E-01 -1.71659461E-01
 2.60800069E-01 -3.29498781E-01
 3.36314138E-01 -2.88760966E-01
 3.89941503E-01 -1.00413130E-01
 4.67488351E-01  1.30313401E-01
 6.27525362E-01  1.92212184E-01
 7.78245237E-01  1.19136584E-01
 8.37221446E-01  1.21734610E-01
 8.86404272E-01  1.69414876E-01
 1.02190423E+00  1.73634704E-01
 1.15763847E+00  1.79717910E-01
 1.17160799E+00  1.88890357E-01
 1.13060061E+00  1.83702950E-01
 1.13977302E+00  1.90264736E-01
 1.15373683E+00  1.78047031E-01
 1.11366515E+00  1.05321970E-01
 1.05500092E+00  3.94818097E-02
 1.00843053E+00  6.32091637E-02
 9.69599318E-01  1.10178598E-01
 9.50835584E-01  7.63676326E-02
 9.66666340E-01  1.57186395E-02
 1.01240265E+00  1.77094835E-02
 1.07488189E+00  4.03588418E-02
 1.13514436E+00  2.87566344E-02
 1.17547991E+00  1.23988063E-02
 1.18663285E+00  1.41509532E-02
 1.17048300E+00  1.40649467E-02
 1.13980273E+00  2.45244151E-03
 1.10354658E+00 -1.29606901E-02
 1.06528507E+00 -2.70493998E-02
 1.02819201E+00 -3.10544268E-02
 9.92660915E-01 -9.77567483E-03
 9.69638828E-01  4.35492619E-02
 9.81806811E-01  1.21260608E-01
 1.05150902E+00  1.96870526E-01
 1.16664050E+00  2.30042296E-01
 1.19920944E+00  1.94231389E-01
 1.00861695E+00  8.69728094E-02
 7.13947155E-01 -6.14826708E-02
 5.47955925E-01 -1.91709825E-01
 4.94194262E-01 -2.62049999E-01
 4.62215515E-01 -2.58840973E-01
 5.33618745E-01 -1.95355498E-01
 7.47382077E-01 -1.17455211E-01
 9.66156506E-01 -5.42747639E-02
 1.06456419E+00 -1.30716195E-02
 1.08731914E+00 -4.14549600E-03
 1.11882687E+00 -2.40030716E-02
 1.07827193E+00 -7.46212263E-02
 8.69402408E-01 -1.62828346E-01
 6.02246661E-01 -2.55864100E-01
 4.39723111E-01 -3.02879095E-01
 4.29359320E-01 -2.72564616E-01
 5.68275067E-01 -1.59395069E-01
 7.64968345E-01 -2.47776865E-02
 8.60428062E-01  3.70427477E-02
 9.01512633E-01  3.35330925E-02
 1.03619529E+00  3.01493343E-02
 1.16267938E+00  2.48424407E-02
 1.13661220E+00  8.51704312E-03
 1.07264409E+00 -1.15762591E-03
 1.10786564E+00 -9.46942181E-03
 1.16838381E+00 -7.78856292E-03
 1.15860583E+00  2.55137043E-02
 1.13230161E+00  6.46054269E-02
 1.15100543E+00  7.41051470E-02
 1.18129271E+00  7.66933152E-02
 1.19126984E+00  1.08411770E-01
 1.17986197E+00  1.50723922E-01
 1.13379624E+00  1.68183024E-01
 1.05995936E+00  1.48024451E-01
 9.93785291E-01  8.91531678E-02
 9.52407334E-01  4.16055764E-02
 9.40310830E-01  7.50157676E-02
 9.60093495E-01  1.40344349E-01
 9.99960219E-01  1.38378480E-01
 1.05413974E+00  9.68723580E-02
 1.12334811E+00  8.02007427E-02
 1.19227319E+00  6.50951387E-02
 1.24109864E+00  3.16761031E-02
 1.25390883E+00  6.97480130E-03
 1.21867510E+00  8.15436207E-04
 1.14755381E+00  9.47925238E-04
 1.07218200E+00 -9.46345888E-05
 1.01528358E+00 -9.53247700E-04
 9.90673292E-01  1.34375602E-03
 9.98466194E-01  6.07407767E-03
 1.02071200E+00  1.32880364E-02
 1.05026590E+00  2.23620745E-02
 1.08915009E+00  2.91244476E-02
 1.13199239E+00  3.13290512E-02
 1.17599958E+00  2.84553995E-02
 1.21227449E+00  1.99920263E-02
 1.22511981E+00  7.72738895E-03
 1.21507131E+00 -5.00041414E-03
 1.19216040E+00 -1.44946794E-02
 1.16254048E+00 -1.72872500E-02
 1.13341565E+00 -1.20320420E-02
 1.10500448E+00 -1.59789391E-03
 1.06948178E+00  8.41967376E-03
 1.02873109E+00  1.49306366E-02
 9.91303343E-01  1.87087359E-02
 9.65006472E-01  2.58346898E-02
 9.60859735E-01  4.54574373E-02
 9.83687079E-01  7.76045401E-02
 1.02833744E+00  1.09044229E-01
 1.08583374E+00  1.10928061E-01
 1.14220836E+00  6.07396190E-02
 1.18449166E+00  3.69459724E-03
 1.20657525E+00  6.76743178E-03
 1.20971299E+00  3.02824470E-02
 1.20209529E+00  1.97264694E-04
 1.18897186E+00 -4.19468388E-02
 1.17063414E+00 -3.00605507E-02
 1.14506594E+00  9.01851226E-03
 1.10688292E+00  4.02983561E-02
 1.05792512E+00  7.97130539E-02
 1.00863954E+00  1.33201328E-01
 9.70714438E-01  1.80568386E-01
 9.58059625E-01  2.08426525E-01
 9.78597836E-01  2.11261245E-01
 1.02837788E+00  1.84174147E-01
 1.09357437E+00  1.32812678E-01
 1.15192668E+00  7.32865145E-02
 1.18526814E+00  1.93680891E-02
 1.18673072E+00 -1.93217657E-02
 1.16398378E+00 -3.99736420E-02
 1.13823780E+00 -4.83136557E-02
 1.12343090E+00 -4.55359289E-02
 1.12284640E+00 -3.00577431E-02
 1.13324867E+00 -6.59077904E-03
 1.14116382E+00  1.93272769E-02
 1.14137241E+00  3.96504882E-02
 1.13813323E+00  4.46925509E-02
 1.13011385E+00  3.62945695E-02
 1.11742816E+00  2.41613799E-02
 1.09876755E+00  1.41868430E-02
 1.06925937E+00  1.07116797E-02
 1.03602808E+00  1.35419964E-02
 1.01342655E+00  1.60973536E-02
 1.01050276E+00  1.76557930E-02
 1.03286281E+00  2.15052857E-02
 1.07591176E+00  2.70619246E-02
 1.12403484E+00  3.42304689E-02
 1.16678903E+00  4.11345261E-02
 1.19806040E+00  4.28412929E-02
 1.21196248E+00  3.90538150E-02
 1.20814402E+00  3.23218975E-02
 1.18450806E+00  2.35215453E-02
 1.13861444E+00  1.44557461E-02
 1.07997282E+00  7.07714849E-03
 1.02436176E+00  2.01935878E-03
 9.86033386E-01  1.11447447E-03
 9.76808859E-01  5.94367924E-03
 9.95379021E-01  1.44908528E-02
 1.02846338E+00  2.29378859E-02
 1.06794528E+00  2.82656044E-02
 1.10909666E+00  2.82987534E-02
 1.14793015E+00  2.36789532E-02
 1.18542928E+00  1.77311801E-02
 1.21558829E+00  1.18036808E-02
 1.22662024E+00  5.53922961E-03
 1.21387203E+00 -1.72447602E-03
 1.17591466E+00 -1.16661475E-02
 1.11533055E+00 -2.32346512E-02
 1.04323623E+00 -3.16957316E-02
 9.73548554E-01 -3.06323623E-02
 9.21424542E-01 -1.26456941E-02
 9.02001613E-01  2.55015296E-02
 9.22955488E-01  7.92848381E-02
 9.77358045E-01  1.34620213E-01
 1.04691140E+00  1.70440785E-01
 1.11454892E+00  1.71322712E-01
 1.16652308E+00  1.32863705E-01
 1.19530067E+00  6.61695438E-02
 1.20228569E+00 -3.26091111E-03
 1.18428141E+00 -5.64284617E-02
 1.13745740E+00 -8.43326161E-02
 1.07161912E+00 -8.57464217E-02
 1.00268349E+00 -7.13277920E-02
 9.48445886E-01 -4.53879158E-02
 9.26929874E-01 -5.81798523E-03
 9.39721779E-01  4.07555346E-02
 9.74531953E-01  8.66030718E-02
 1.02419362E+00  1.21318885E-01
 1.08193345E+00  1.31470736E-01
 1.13829687E+00  1.18673015E-01
 1.18760532E+00  9.51903991E-02
 1.21835465E+00  6.90041532E-02
 1.21784264E+00  4.72597617E-02
 1.19075653E+00  3.19208589E-02
 1.15181652E+00  1.70767775E-02
 1.11329381E+00  3.91282969E-03
 1.08656055E+00 -2.39134219E-03
 1.07265230E+00 -3.00834347E-03
 1.06159788E+00  4.28573381E-04
 1.05185640E+00  4.63047161E-03
 1.04630045E+00  3.76276434E-03
 1.04242542E+00 -1.98983954E-04
 1.03960586E+00  3.55587594E-05
 1.03452179E+00  8.27957679E-03
 1.02186417E+00  2.77340114E-02
 1.00961806E+00  6.05099956E-02
 1.01269255E+00  1.02651692E-01
 1.03802626E+00  1.44691329E-01
 1.08490937E+00  1.66092547E-01
 1.13747269E+00  1.23845679E-01
 1.16659365E+00 -7.52561598E-03
 1.15544871E+00 -1.49219694E-01
 1.10322033E+00 -1.91609109E-01
 1.02503307E+00 -1.82804044E-01
 9.53578525E-01 -2.24001529E-01
 9.10763425E-01 -2.45303730E-01
 9.01485271E-01 -1.52422837E-01
 9.19951159E-01 -2.77010274E-02
 9.44984351E-01  3.09766738E-02
 9.64327740E-01  8.06383593E-02
 9.78997704E-01  1.89795332E-01
 9.87994373E-01  2.87161121E-01
 9.95425723E-01  2.90009101E-01
 9.99546442E-01  2.44552652E-01
 9.89672834E-01  2.20026761E-01
 9.65578860E-01  2.05234402E-01
 9.31691170E-01  1.89299920E-01
 8.91533912E-01  2.09133578E-01
 8.51956464E-01  2.75690050E-01
 8.12124662E-01  3.29992517E-01
 7.65073796E-01  2.95230214E-01
 7.11867497E-01  1.43039716E-01
 6.59307599E-01 -9.79802289E-02
 6.20001602E-01 -3.08945034E-01
 6.12098397E-01 -3.41084914E-01
 6.42268798E-01 -2.45710092E-01
 7.00488995E-01 -1.89792232E-01
 7.59258371E-01 -1.74807620E-01
 7.78379117E-01 -1.50975635E-01
 7.35605966E-01 -1.37494743E-01
 6.40801063E-01 -1.05640483E-01
 5.46015805E-01 -2.11324644E-02
 5.14330680E-01  8.40307695E-02
 5.12005926E-01  1.32864135E-01
 4.62609960E-01  5.46166785E-02
 4.13819234E-01 -6.65472711E-02
 4.40242393E-01 -7.42303041E-02
 4.79485729E-01 -1.12133798E-02
 4.52096873E-01  1.29894907E-02
 3.96564751E-01  6.04141384E-02
 3.69516780E-01  1.82207527E-01
 3.57887049E-01  2.39389886E-01
 3.56687146E-01  1.07795040E-01
 4.15611230E-01 -8.75417107E-02
 5.61714677E-01 -1.49266991E-01
 7.30380669E-01 -9.33081672E-02
 8.38376735E-01 -9.38327892E-03
 9.10325187E-01  1.03599768E-01
 1.00069668E+00  2.09393881E-01
 1.04491369E+00  2.42970747E-01
 9.75323475E-01  2.18680965E-01
 8.85028470E-01  2.29983927E-01
 8.76682802E-01  3.44498125E-01
 8.44874384E-01  3.77716603E-01
 6.55412532E-01  8.46035481E-02
 4.43757073E-01 -3.19042132E-01
 4.09973973E-01 -4.51950801E-01
 4.90541353E-01 -3.88653169E-01
 5.55470966E-01 -3.34263745E-01
 6.33669549E-01 -2.29966748E-01
 7.40395096E-01 -6.08391566E-02
 7.97995149E-01  4.07704846E-02
 7.82131944E-01  3.40922638E-02
 7.81240906E-01  2.59728183E-02
 8.80185588E-01  1.24117605E-01
 9.92060253E-01  2.35026581E-01
 9.80832134E-01  2.01112299E-01
 9.32670577E-01  1.17035788E-01
 9.89125824E-01  1.40033555E-01
 1.06608561E+00  1.94219632E-01
 1.04486986E+00  1.76403073E-01
 9.87318029E-01  1.51339017E-01
 9.70323748E-01  1.81101768E-01
 9.63361840E-01  2.18685650E-01
 9.49646591E-01  2.19834233E-01
 9.81164762E-01  1.91460645E-01
 1.07596529E+00  1.35265077E-01
 1.13607356E+00  4.56618714E-02
 1.05935348E+00 -4.76041523E-02
 9.37318296E-01 -6.38556145E-02
 9.29409500E-01  5.29503234E-02
 9.95939116E-01  1.85669422E-01
 1.03531148E+00  1.58685883E-01
 1.07545340E+00  3.75397687E-02
 1.13500743E+00 -1.17788944E-02
 1.16086862E+00 -8.35853676E-03
 1.13383617E+00 -3.30350957E-03
 1.08265845E+00  3.17321587E-02
 1.03871548E+00  7.54715945E-02
 1.01159274E+00  8.26930023E-02
 9.99001236E-01  5.19945437E-02
 9.97474448E-01  1.30391004E-02
 9.93721111E-01  6.23492259E-03
 9.85929007E-01  1.99062959E-02
 9.92533597E-01  1.92747962E-02
 1.03669865E+00  4.47402640E-02
 1.12165082E+00  1.28266637E-01
 1.16087313E+00  1.54928139E-01
 1.05220750E+00  1.26344198E-02
 8.89231480E-01 -1.41723746E-01
 8.44494594E-01 -8.57969210E-02
 8.92071823E-01  5.72831035E-02
 9.34062009E-01  6.01360810E-02
 9.68167039E-01  5.35130941E-03
 9.85130347E-01  3.04726140E-02
 1.00088417E+00  6.96653166E-02
 1.08469891E+00  6.68150963E-02
 1.18810395E+00  4.92124103E-02
 1.20910416E+00  1.32191658E-02
 1.18665767E+00 -3.22502291E-02
 1.19122984E+00 -4.58980766E-02
 1.18660650E+00 -3.91657569E-02
 1.13535121E+00 -4.87776634E-02
 1.07219588E+00 -6.33924353E-02
 1.02777041E+00 -6.22717164E-02
 9.94552418E-01 -5.06478966E-02
 9.68382302E-01 -2.89717359E-02
 9.59688634E-01  7.18293837E-03
 9.72238741E-01  5.14692440E-02
 1.00170246E+00  9.70881108E-02
 1.04388468E+00  1.38698499E-01
 1.09048498E+00  1.68641145E-01
 1.12987963E+00  1.80474417E-01
 1.15661880E+00  1.68609571E-01
 1.16968319E+00  1.29270846E-01
 1.16617373E+00  6.44540146E-02
 1.14565450E+00 -1.58402801E-02
 1.11310915E+00 -8.95532077E-02
 1.07537463E+00 -1.28298465E-01
 1.04046256E+00 -1.14692804E-01
 1.01429028E+00 -5.21509384E-02
 9.91527723E-01  2.11632764E-02
 9.59672452E-01  4.42521669E-02
 9.13485907E-01 -1.41684243E-02
 8.56004717E-01 -1.37397214E-01
 8.01563021E-01 -2.41564003E-01
 7.74746044E-01 -2.20743211E-01
 7.88323237E-01 -1.15618688E-01
 8.39262212E-01 -5.10517258E-02
 9.11351895E-01 -2.48920154E-02
 9.74323602E-01  8.98212021E-03
 1.00845562E+00  5.39470849E-02
 1.01231023E+00  1.34838295E-01
 9.98921761E-01  2.16006476E-01
 9.96704364E-01  2.14429911E-01
 1.02104562E+00  1.77626446E-01
 1.06588181E+00  1.98925649E-01
 1.11041769E+00  2.40574784E-01
 1.11761913E+00  2.26644479E-01
 1.06576198E+00  1.31044710E-01
 9.57748159E-01 -5.69820663E-02
 8.10694974E-01 -2.48626296E-01
 6.63469477E-01 -2.97993410E-01
 5.55307637E-01 -2.47810739E-01
 5.22276885E-01 -2.32073905E-01
 6.18688961E-01 -2.25285380E-01
 8.53389626E-01 -1.72737003E-01
 1.07932546E+00 -1.11394613E-01
 1.11581383E+00 -5.84611653E-02
 1.03533166E+00 -1.82095649E-02
 1.02455079E+00 -1.78430170E-02
 1.05283332E+00 -3.30092032E-02
 1.03323159E+00 -1.28988497E-02
 9.98519162E-01  3.09002979E-02
 9.60379003E-01  6.81067598E-02
 9.35918734E-01  1.15799139E-01
 9.91405540E-01  1.83357221E-01
 1.10173487E+00  2.19824494E-01
 1.18519426E+00  1.78189576E-01
 1.22479644E+00  9.64961800E-02
 1.22003671E+00  3.65854610E-02
 1.17003026E+00 -2.55805186E-02
 1.11058617E+00 -1.26921563E-01
 1.06419235E+00 -2.02601832E-01
 1.02880183E+00 -1.80913727E-01
 1.00511592E+00 -1.04446785E-01
 9.84164069E-01 -4.66559521E-02
 9.67743075E-01 -1.17748900E-02
 9.72660789E-01  9.01317187E-03
 9.98291768E-01  9.55312209E-03
 1.03702022E+00  8.68372545E-03
 1.08222501E+00  1.89367515E-02
 1.12006657E+00  3.04925387E-02
 1.14600448E+00  3.88050634E-02
 1.16468067E+00  3.77174298E-02
 1.17383228E+00  2.71259557E-02
 1.17110822E+00  1.92919915E-02
 1.15791266E+00  1.76162912E-02
 1.13427672E+00  2.10793292E-02
 1.10472471E+00  3.01008788E-02
 1.07726168E+00  3.88380422E-02
 1.05459580E+00  4.19193602E-02
 1.03690739E+00  3.63756662E-02
 1.02563414E+00  1.70180819E-02
 1.02012044E+00 -1.84100700E-02
 1.01792052E+00 -6.50269947E-02
 1.01645722E+00 -1.13725266E-01
 1.01152546E+00 -1.55111027E-01
 9.99667600E-01 -1.79822504E-01
 9.83309433E-01 -1.80227431E-01
 9.68763291E-01 -1.52646464E-01
 9.60800444E-01 -9.50660514E-02
 9.63249741E-01 -1.13448250E-02
 9.78168743E-01  7.99215546E-02
 1.00453698E+00  1.52604838E-01
 1.04321589E+00  1.88630446E-01
 1.09545650E+00  1.85037246E-01
 1.15749748E+00  1.68486807E-01
 1.21981077E+00  1.71078158E-01
 1.26187780E+00  1.54003785E-01
 1.24682766E+00  6.07429656E-02
 1.11918963E+00 -4.34394089E-02
 8.69902658E-01 -5.72900005E-02
 6.76575064E-01 -7.72942458E-03
 7.50989088E-01  3.50883782E-02
 9.48251340E-01  5.81542800E-02
 9.83782556E-01  5.12689270E-02
 9.44129674E-01  3.52687850E-02
 1.01708283E+00  6.67428717E-02
 1.11157500E+00  1.03901428E-01
 1.13271307E+00  6.53860013E-02
 1.13532217E+00  3.26738378E-04
 1.13665705E+00 -1.10895268E-02
 1.10947408E+00 -1.29353754E-03
 1.06314510E+00 -1.65202527E-02
 1.02514828E+00 -3.00584202E-02
 1.01512696E+00 -1.88200840E-02
 1.03173220E+00  8.62591290E-04
 1.06043407E+00  1.86201764E-02
 1.09687572E+00  3.37527010E-02
 1.13784132E+00  3.88600698E-02
 1.17533829E+00  3.35736655E-02
 1.20601862E+00  2.65730712E-02
 1.22072411E+00  2.06544898E-02
 1.20797055E+00  1.50324796E-02
 1.17413416E+00  7.97695298E-03
 1.13530579E+00 -6.03854180E-03
 1.10278451E+00 -2.75027873E-02
 1.08517280E+00 -5.10021897E-02
 1.07956543E+00 -7.12671716E-02
 1.07129546E+00 -8.13188619E-02
 1.05592673E+00 -7.65622799E-02
 1.03750250E+00 -5.84390090E-02
 1.02103756E+00 -3.23163573E-02
 1.01760187E+00 -7.20570730E-03
 1.03119615E+00  9.33286432E-03
 1.05591942E+00  1.44449092E-02
 1.08706284E+00  1.03584829E-02
 1.11729182E+00  4.32737251E-03
 1.14006577E+00  9.72663869E-04
 1.15439725E+00  1.19174836E-03
 1.15907729E+00  5.08674140E-03
 1.15407297E+00  9.97434946E-03
 1.14064084E+00  1.54213449E-02
 1.11942464E+00  2.33731825E-02
 1.09408052E+00  3.14033846E-02
 1.07047219E+00  3.55945951E-02
 1.05463886E+00  3.28509062E-02
 1.05244786E+00  2.04654974E-02
 1.06557930E+00  1.77238015E-03
 1.09130359E+00 -1.51308104E-02
 1.12600961E+00 -2.52680875E-02
 1.16355860E+00 -2.63909509E-02
 1.19422500E+00 -1.97730309E-02
 1.20796522E+00 -1.12812793E-02
 1.19685516E+00 -3.51974422E-03
 1.15955257E+00  4.44377829E-03
 1.10992063E+00  1.35483162E-02
 1.07215025E+00  2.64435623E-02
 1.06360782E+00  4.27384420E-02
 1.09032905E+00  5.74305874E-02
 1.13950698E+00  6.47916305E-02
 1.18089626E+00  5.82098104E-02
 1.19550773E+00  3.41998478E-02
 1.17871107E+00 -4.11909910E-03
 1.13593593E+00 -4.70782675E-02
 1.08790525E+00 -8.00137236E-02
 1.04624565E+00 -9.17658150E-02
 1.01139427E+00 -7.88924908E-02
 9.89922814E-01 -4.81999749E-02
 9.84998380E-01 -1.59689555E-02
 1.00072242E+00  6.23425961E-03
 1.04309430E+00  1.40644323E-02
 1.09829806E+00  8.43584614E-03
 1.14062043E+00 -1.90691600E-03
 1.15188566E+00 -1.31406013E-02
 1.12168138E+00 -2.69261930E-02
 1.06087231E+00 -4.03977868E-02
 1.00054638E+00 -5.10845397E-02
 9.60038844E-01 -5.47515625E-02
 9.46420638E-01 -4.45810698E-02
 9.58440603E-01 -2.27837300E-02
 9.79854946E-01  2.39344558E-03
 1.00422486E+00  2.49988718E-02
 1.03562676E+00  3.91208398E-02
 1.06936499E+00  4.25473341E-02
 1.10140743E+00  3.85014791E-02
 1.12475026E+00  2.74168496E-02
 1.12703638E+00  9.54604463E-03
 1.11052750E+00 -8.94916007E-03
 1.08728191E+00 -2.05863434E-02
 1.06545233E+00 -1.88462678E-02
 1.05368732E+00  1.33444993E-04
 1.05549632E+00  2.89052422E-02
 1.06622777E+00  5.18971008E-02
 1.08582874E+00  5.90849131E-02
 1.11458084E+00  4.69772574E-02
 1.14333653E+00  2.14974717E-02
 1.16066303E+00 -1.20591140E-03
 1.15679003E+00 -1.17726003E-02
 1.12597800E+00 -8.76280275E-03
 1.07942460E+00  6.95856169E-03
 1.04068550E+00  2.78782362E-02
 1.02488439E+00  5.00413265E-02
 1.03745767E+00  7.41796581E-02
 1.07056068E+00  9.45437155E-02
 1.10168146E+00  1.04234528E-01
 1.11878881E+00  9.77733567E-02
 1.12225485E+00  7.07782419E-02
 1.11633535E+00  3.09605195E-02
 1.11439021E+00 -5.14174244E-03
 1.12148678E+00 -2.64146141E-02
 1.13062899E+00 -2.75891810E-02
 1.13652370E+00 -1.37972472E-02
 1.13116030E+00 -9.45464343E-04
 1.11111650E+00  3.23577535E-03
 1.08328858E+00  4.53387631E-04
 1.05536361E+00 -2.49346352E-03
 1.03688904E+00  8.99269869E-03
 1.03547981E+00  4.08971574E-02
 1.05086620E+00  8.69376495E-02
 1.07722163E+00  1.36744325E-01
 1.10405112E+00  1.73888905E-01
 1.12320549E+00  1.89100416E-01
 1.13265154E+00  1.86924613E-01
 1.13574296E+00  1.80880377E-01
 1.13895572E+00  1.90255103E-01
 1.13728485E+00  2.18177114E-01
 1.10887646E+00  2.39493111E-01
 1.01471450E+00  1.96205195E-01
 8.33109578E-01  4.40477326E-02
 6.49491209E-01 -1.21116469E-01
 5.82041317E-01 -1.56248059E-01
 5.76271481E-01 -1.32886379E-01
 5.17142238E-01 -1.92354407E-01
 4.72660305E-01 -2.47403036E-01
 5.45601200E-01 -1.72905842E-01
 6.77152483E-01 -5.10333870E-02
 7.88255948E-01  8.50328107E-03
 8.84160481E-01  1.48151421E-02
 9.62546001E-01 -1.77875143E-02
 1.00191503E+00 -9.13795930E-02
 1.01053237E+00 -1.63293209E-01
 1.00081567E+00 -1.94380115E-01
 9.76395333E-01 -1.77274365E-01
 9.47418423E-01 -1.22413948E-01
 9.24754806E-01 -6.11557108E-02
 9.23842270E-01 -9.24212918E-03
 9.59231224E-01  3.63191806E-02
 1.01942440E+00  6.97344631E-02
 1.07644611E+00  9.05097410E-02
 1.11026133E+00  9.36493564E-02
 1.10813875E+00  6.60690953E-02
 1.07653405E+00  1.93860247E-02
 1.04209101E+00 -2.07462993E-02
 1.01673816E+00 -3.74571568E-02
 9.99975451E-01 -1.92534932E-02
 9.92370055E-01  2.26546281E-02
 9.85579509E-01  5.55639736E-02
 9.79285344E-01  6.26854043E-02
 9.82966645E-01  4.27616008E-02
 9.93054215E-01  6.05678375E-03
 1.00186393E+00 -1.97109906E-02
 1.00500928E+00 -2.14133260E-02
 9.97517161E-01 -4.85970389E-03
 9.87959436E-01  2.12814736E-02
 9.95271667E-01  3.83243186E-02
 1.02765633E+00  3.60681312E-02
 1.08286552E+00  2.02820081E-02
 1.14520247E+00 -3.10879731E-03
 1.18491683E+00 -2.33190934E-02
 1.18349387E+00 -3.26642073E-02
 1.13839554E+00 -3.33757842E-02
 1.06023695E+00 -2.67564229E-02
 9.76286298E-01 -1.55550783E-02
 9.07205923E-01 -1.54412681E-03
 8.62657320E-01  1.84113093E-02
 8.51486320E-01  4.48528149E-02
 8.71020928E-01  7.45468528E-02
 9.11375824E-01  9.65819017E-02
 9.50163219E-01  8.65295176E-02
 9.25327268E-01  6.18793184E-03
 7.86837090E-01 -1.56252946E-01
 6.07428331E-01 -2.98174736E-01
 5.14186099E-01 -2.90132292E-01
 5.14328400E-01 -2.06821969E-01
 5.57477032E-01 -2.00575482E-01
 6.38527407E-01 -2.09712809E-01
 7.37996608E-01 -1.23850375E-01
 8.56762856E-01 -1.31884776E-02
 1.02186907E+00  3.77500915E-02
 1.14516573E+00  4.41589467E-02
 1.10894662E+00  1.63271948E-02
 9.77399064E-01 -4.22945956E-02
 8.83572796E-01 -8.93335869E-02
 8.41062275E-01 -9.01031496E-02
 8.35095935E-01 -4.27889029E-02
 8.76773818E-01  1.50317318E-02
 9.31880350E-01  3.00629479E-02
 9.76658097E-01  3.17058172E-02
 1.02546957E+00  8.41187515E-02
 1.07945610E+00  1.40903770E-01
 1.14066136E+00  1.29965848E-01
 1.20164964E+00  8.70902520E-02
 1.23584301E+00  6.37565759E-02
 1.23892173E+00  3.82341159E-02
 1.21997268E+00 -8.84833431E-03
 1.18325045E+00 -4.62875497E-02
 1.14125337E+00 -4.81326723E-02
 1.10267599E+00 -2.53243757E-02
 1.06809640E+00  5.90219842E-03
 1.04664798E+00  4.24705235E-02
 1.04741687E+00  7.85160149E-02
 1.06763454E+00  1.04945738E-01
 1.10015347E+00  1.18783265E-01
 1.13635735E+00  1.13724953E-01
 1.16556926E+00  8.33462828E-02
 1.18354428E+00  3.70657975E-02
 1.19204750E+00 -7.06496370E-03
 1.18872025E+00 -3.49464964E-02
 1.17204284E+00 -3.69718486E-02
 1.14874192E+00 -1.83835569E-02
 1.12804963E+00  1.72922971E-03
 1.11896631E+00  1.33862198E-02
 1.12762197E+00  1.48979328E-02
 1.14550957E+00  8.05792091E-03
 1.15389202E+00  3.33952089E-03
 1.14259586E+00  3.84565048E-03
 1.11075600E+00  4.50118900E-03
 1.06951212E+00  6.32939428E-03
 1.04259190E+00  1.01233342E-02
 1.04245803E+00  1.71988356E-02
 1.06722626E+00  3.21014481E-02
 1.10680839E+00  5.08896967E-02
 1.13958215E+00  6.41213528E-02
 1.15279911E+00  6.67153502E-02
 1.14838844E+00  5.59832947E-02
 1.13395688E+00  3.53287866E-02
 1.12594388E+00  1.50568624E-02
 1.13352562E+00  9.07383513E-04
 1.15247530E+00 -5.97879272E-03
 1.17438951E+00 -6.38880884E-03
 1.18436383E+00 -5.60227811E-03
 1.17391791E+00 -5.86255316E-03
 1.14677766E+00 -5.31762372E-03
 1.11057976E+00 -3.71970806E-03
 1.07890865E+00 -2.73794305E-05
 1.06143899E+00  5.41262713E-03
 1.05890512E+00  9.43428660E-03
 1.07005787E+00  1.12133500E-02
 1.08911780E+00  1.11148514E-02
 1.11132907E+00  9.11130065E-03
 1.13539971E+00  6.40622212E-03
 1.15555206E+00  3.55516866E-03
 1.16497102E+00  2.17635341E-04
 1.15799128E+00 -2.91458977E-03
 1.13047589E+00 -5.13502243E-03
 1.08917518E+00 -6.52491193E-03
 1.04908185E+00 -7.22527367E-03
 1.02183221E+00 -7.58571263E-03
 1.01522568E+00 -8.18368609E-03
 1.02877529E+00 -9.07938088E-03
 1.05225964E+00 -1.00006264E-02
 1.07940560E+00 -1.10808341E-02
 1.10637741E+00 -1.24983984E-02
 1.12486271E+00 -1.40654536E-02
 1.12821424E+00 -1.55989009E-02
 1.10968254E+00 -1.69886290E-02
 1.06510130E+00 -1.83343547E-02
 1.00748379E+00 -2.06531279E-02
 9.60702848E-01 -2.54372612E-02
 9.42150260E-01 -3.32771609E-02
 9.60704950E-01 -4.35769344E-02
 1.00720734E+00 -5.40280678E-02
 1.05509237E+00 -6.07733002E-02
 1.08809392E+00 -6.06814651E-02
 1.10110478E+00 -5.18411622E-02
 1.09461049E+00 -3.36446304E-02
 1.08117114E+00 -7.30477499E-03
 1.06593070E+00  2.60493482E-02
 1.04613424E+00  6.52224095E-02
 1.02958951E+00  1.07348352E-01
 1.02532227E+00  1.47700975E-01
 1.04117088E+00  1.77417157E-01
 1.08430277E+00  1.82104057E-01
 1.14207971E+00  1.42044972E-01
 1.18757984E+00  5.35991144E-02
 1.20188420E+00 -2.42936338E-02
 1.17352011E+00 -1.95892772E-02
 1.10527054E+00  2.44966422E-02
 1.01882489E+00  1.96584579E-02
 9.33683703E-01 -2.33684998E-03
 8.71512998E-01  1.94408969E-02
 8.71289015E-01  4.72887929E-02
 9.39517627E-01  3.76536205E-02
 9.68163011E-01  1.25800412E-03
 8.39759282E-01 -5.49418338E-02
 6.72385086E-01 -1.25965539E-01
 6.73015030E-01 -1.84395238E-01
 7.85810615E-01 -2.05419432E-01
 8.55251502E-01 -1.79811741E-01
 8.69986746E-01 -1.19397997E-01
 8.35777016E-01 -5.46311553E-02
 8.07359246E-01 -2.22013156E-03
 9.06031115E-01  3.69450452E-02
 1.03393179E+00  7.07403710E-02
 9.90630772E-01  1.06225922E-01
 8.45132849E-01  9.03191196E-02
 7.50959641E-01 -3.04009305E-02
 6.86032192E-01 -1.42434287E-01
 6.33040192E-01 -9.44249639E-02
 6.63098784E-01  1.57688606E-02
 7.75037026E-01  1.20771198E-02
 8.31154725E-01 -4.04162766E-02
 7.13077441E-01 -2.27924381E-02
 5.70636545E-01  1.22757888E-02
 6.45653386E-01  1.22059184E-02
 8.49166890E-01  1.34929877E-02
 9.75211632E-01  3.37904811E-02
 1.07239994E+00  7.89692261E-02
 1.20032463E+00  1.53609173E-01
 1.24165269E+00  1.64724638E-01
 1.12187034E+00  7.65100137E-03
 9.09276933E-01 -1.97405008E-01
 6.91420996E-01 -2.59573762E-01
 4.91756835E-01 -2.71606744E-01
 3.25895252E-01 -3.97938463E-01
 2.37268691E-01 -5.10071775E-01
 2.47134217E-01 -4.38815689E-01
 3.60174361E-01 -2.71161680E-01
 5.66378573E-01 -1.30777106E-01
 7.81492835E-01 -1.83599623E-03
 9.00262293E-01  1.22053697E-01
 9.28653939E-01  1.91833980E-01
 9.25952059E-01  1.94357828E-01
 8.71195474E-01  1.36572077E-01
 7.46875180E-01  2.82303266E-02
 6.36772883E-01 -7.00090039E-02
 6.18154354E-01 -9.34549645E-02
 6.55970672E-01 -8.63235922E-02
 6.72935487E-01 -1.32059556E-01
 6.38859369E-01 -1.88495117E-01
 5.38372270E-01 -1.86284959E-01
 3.76722406E-01 -2.00188171E-01
 2.28647641E-01 -2.97917386E-01
 2.11069764E-01 -3.35929846E-01
 4.02337554E-01 -1.60746523E-01
 6.95406843E-01  6.92620599E-02
 8.78692835E-01  1.07390393E-01
 9.28618169E-01  2.05621868E-02
 9.25740786E-01 -2.27376544E-02
 8.87633383E-01 -2.84145191E-02
 8.56979138E-01 -6.84619686E-03
 8.08490462E-01  3.50139903E-02
 6.57611164E-01  1.99857779E-02
 5.43936517E-01 -4.28813096E-03
 6.64403940E-01  7.66055842E-02
 8.89466967E-01  1.93885141E-01
 9.83709210E-01  2.24345830E-01
 9.46260814E-01  1.73814144E-01
 8.49790511E-01  7.39121169E-02
 7.54973248E-01 -5.26037603E-02
 7.77904092E-01 -1.32578011E-01
 8.59283828E-01 -1.16073987E-01
 8.21780012E-01 -2.17477541E-02
 7.46516877E-01  6.55819833E-02
 7.86521683E-01  4.51010287E-02
 8.38120834E-01 -1.53936145E-02
 7.85454590E-01  3.14955964E-02
 7.44717049E-01  1.19881134E-01
 8.36720442E-01  1.11717798E-01
 9.61892271E-01  2.45977832E-02
 9.89655164E-01 -8.79779101E-02
 9.82899550E-01 -1.53959288E-01
 1.03009027E+00 -7.41738132E-02
 1.05811107E+00  3.27027803E-02
 9.89163937E-01 -4.85190466E-02
 8.80750516E-01 -2.11719922E-01
 8.05945941E-01 -2.30588154E-01
 7.65731719E-01 -1.32110228E-01
 7.58343422E-01  3.68428144E-04
 7.96089566E-01  1.50894818E-01
 8.64236842E-01  2.38307262E-01
 9.45476735E-01  2.25666243E-01
 1.03361243E+00  1.65561222E-01
 1.11410594E+00  7.14397275E-02
 1.17200213E+00 -3.97511476E-02
 1.19266523E+00 -1.09491172E-01
 1.16664476E+00 -1.09261217E-01
 1.11801097E+00 -6.41287297E-02
 1.08954542E+00 -2.06845232E-02
 1.10126906E+00  5.18360335E-03
 1.14177269E+00  1.92971052E-02
 1.14360934E+00  2.24865163E-02
 1.03285229E+00  2.98382042E-02
 8.94156863E-01  4.79453462E-02
 8.82647528E-01  6.91978825E-02
 9.71438277E-01  1.12149445E-01
 1.05697797E+00  1.86703925E-01
 1.12367166E+00  2.33112912E-01
 1.14379850E+00  1.86127556E-01
 1.08604294E+00  9.43752832E-02
 9.91596115E-01  4.48923769E-02
 9.20832849E-01  5.17458291E-03
 9.13073975E-01 -8.54048979E-02
 9.25449924E-01 -1.80134935E-01
 8.73079520E-01 -2.20371540E-01
 8.10670586E-01 -2.12380149E-01
 8.44466543E-01 -1.64940159E-01
 9.31504125E-01 -8.29858361E-02
 9.95274816E-01  1.85932057E-03
 1.05036220E+00  5.94052356E-02
 1.10579576E+00  7.82548445E-02
 1.13429602E+00  6.83521869E-02
