# x =
 3.16513366E+01
# y =
 3.25097170E+00
 VARIABLES = u,v
 1.13436462E+00  8.34923806E-04
 1.13498123E+00  1.16102499E-03
 1.13654202E+00  6.98436569E-03
 1.14055270E+00  1.56390083E-02
 1.14901317E+00  2.11632080E-02
 1.16206820E+00  2.02557693E-02
 1.17572263E+00  1.29070374E-02
 1.18591216E+00  1.80503105E-03
 1.18845754E+00 -7.00091420E-03
 1.18052256E+00 -9.92528141E-03
 1.16359598E+00 -6.99939051E-03
 1.14356959E+00  2.93126114E-04
 1.12931210E+00  7.85029196E-03
 1.12735015E+00  1.30959300E-02
 1.13902231E+00  1.60710707E-02
 1.15852177E+00  1.62616394E-02
 1.17396321E+00  1.40494787E-02
 1.17778714E+00  9.54206913E-03
 1.16893645E+00  2.04773458E-03
 1.15230880E+00 -6.30689476E-03
 1.13950861E+00 -1.19263803E-02
 1.13693772E+00 -1.23080824E-02
 1.14378699E+00 -6.08082082E-03
 1.15672076E+00  4.20087897E-03
 1.16758529E+00  1.26766006E-02
 1.17209258E+00  1.57256452E-02
 1.17218718E+00  1.23268182E-02
 1.16939202E+00  4.51299141E-03
 1.16718343E+00 -2.13355950E-03
 1.16734998E+00 -4.61586027E-03
 1.16759393E+00 -3.15918016E-03
 1.16719772E+00  9.49478358E-04
 1.16566930E+00  4.10263569E-03
 1.16270894E+00  4.63372547E-03
 1.16008728E+00  3.80915649E-03
 1.15844282E+00  2.49849877E-03
 1.15753385E+00  2.35925405E-03
 1.15757992E+00  4.19657096E-03
 1.15808725E+00  6.75860693E-03
 1.15871694E+00  9.37055587E-03
 1.15961411E+00  1.13616089E-02
 1.16046787E+00  1.20705442E-02
 1.16099861E+00  1.18478885E-02
 1.16123985E+00  1.08111748E-02
 1.16119541E+00  8.94050995E-03
 1.16092088E+00  6.49444263E-03
 1.16052531E+00  3.55703275E-03
 1.15996218E+00  5.15073910E-04
 1.15911282E+00 -1.92033374E-03
 1.15804460E+00 -3.14903630E-03
 1.15692665E+00 -2.63885089E-03
 1.15588916E+00 -2.40534657E-04
 1.15514682E+00  3.68096591E-03
 1.15501042E+00  8.56696186E-03
 1.15591247E+00  1.34792022E-02
 1.15863233E+00  1.68983385E-02
 1.16393766E+00  1.71998363E-02
 1.17172468E+00  1.32933605E-02
 1.18058182E+00  5.26178902E-03
 1.18714012E+00 -4.52214655E-03
 1.18692670E+00 -1.20454988E-02
 1.17743541E+00 -1.42962528E-02
 1.15953094E+00 -1.00174763E-02
 1.13910782E+00 -7.41334013E-04
 1.12590697E+00  9.26839581E-03
 1.12647024E+00  1.70501134E-02
 1.14196865E+00  2.12633051E-02
 1.16655076E+00  2.12711798E-02
 1.18776371E+00  1.82160120E-02
 1.19727709E+00  1.23660451E-02
 1.19291054E+00  3.28989204E-03
 1.17738751E+00 -6.88575544E-03
 1.15989653E+00 -1.50490535E-02
 1.14584978E+00 -1.83179542E-02
 1.13564935E+00 -1.41556468E-02
 1.13068306E+00 -3.61055425E-03
 1.13003534E+00  9.21964593E-03
 1.13451314E+00  2.12474738E-02
 1.14737635E+00  2.98484637E-02
 1.16592434E+00  3.28198142E-02
 1.18426736E+00  2.97903433E-02
 1.19726661E+00  1.99974690E-02
 1.19940452E+00  3.50688481E-03
 1.18986876E+00 -1.48137330E-02
 1.17279878E+00 -2.76994390E-02
 1.15083709E+00 -2.94488700E-02
 1.12720911E+00 -1.71678733E-02
 1.10811799E+00  4.79168133E-03
 1.09938361E+00  2.59667379E-02
 1.10636832E+00  3.92565938E-02
 1.13149917E+00  4.15337117E-02
 1.16674326E+00  3.36670818E-02
 1.19711489E+00  2.21151715E-02
 1.21165506E+00  1.00158760E-02
 1.20516533E+00 -2.87361251E-03
 1.18294747E+00 -1.43610673E-02
 1.16011307E+00 -2.30352115E-02
 1.14380044E+00 -2.60400140E-02
 1.13158845E+00 -1.86375543E-02
 1.11454955E+00 -1.56421714E-03
 1.08466912E+00  2.06085573E-02
 1.07139773E+00  4.31924936E-02
 1.11435095E+00  5.93389076E-02
 1.18159384E+00  6.19572777E-02
 1.21388066E+00  4.66315558E-02
 1.21761172E+00  1.21802060E-02
 1.21608858E+00 -3.43694625E-02
 1.19323368E+00 -7.01918782E-02
 1.14205573E+00 -7.13313379E-02
 1.08351777E+00 -4.71152952E-02
 1.03802124E+00 -2.28086491E-02
 1.02659922E+00  8.54249637E-03
 1.06595192E+00  5.71385806E-02
 1.13491685E+00  8.96579549E-02
 1.18922978E+00  7.24193941E-02
 1.21389740E+00  2.60287318E-02
 1.21177388E+00 -1.11858748E-02
 1.18293028E+00 -3.38631063E-02
 1.14252905E+00 -4.48925072E-02
 1.10467748E+00 -3.96262450E-02
 1.07279272E+00 -2.61146538E-02
 1.05734431E+00 -9.62535790E-03
 1.06672658E+00  1.36156610E-02
 1.10165727E+00  3.72626799E-02
 1.15613567E+00  5.19044849E-02
 1.20200226E+00  5.08221735E-02
 1.20755923E+00  2.93896075E-02
 1.18592614E+00  1.30148750E-03
 1.17184031E+00 -1.16673304E-02
 1.16252297E+00 -1.36487426E-02
 1.14439913E+00 -1.88801605E-02
 1.12681256E+00 -1.76064489E-02
 1.11524768E+00  4.14362212E-04
 1.11156721E+00  1.81216554E-02
 1.12444274E+00  1.76140670E-02
 1.14903098E+00  8.13800974E-03
 1.17004901E+00  5.35000268E-03
 1.17864259E+00  5.34158456E-03
 1.16994781E+00  1.12538166E-03
 1.14952687E+00 -2.70140642E-03
 1.13426422E+00 -3.15417475E-03
 1.13229725E+00 -1.35922483E-05
 1.14298778E+00  9.22751268E-03
 1.16148656E+00  2.11935160E-02
 1.17480809E+00  2.76916003E-02
 1.17634454E+00  2.43966338E-02
 1.16848579E+00  1.04223817E-02
 1.15349751E+00 -9.38444169E-03
 1.13760798E+00 -2.42287287E-02
 1.12503702E+00 -2.77855086E-02
 1.11494065E+00 -1.94017628E-02
 1.11000078E+00 -2.78283642E-03
 1.11320960E+00  1.25687212E-02
 1.12585722E+00  2.08096813E-02
 1.14861710E+00  2.15311089E-02
 1.17444242E+00  1.56184425E-02
 1.19098423E+00  7.60433805E-03
 1.19027262E+00  6.38253347E-05
 1.16994726E+00 -7.61049579E-03
 1.13817616E+00 -1.29519811E-02
 1.11270975E+00 -1.32659973E-02
 1.10496740E+00 -6.64849689E-03
 1.11785358E+00  8.26093474E-03
 1.14589995E+00  2.58375037E-02
 1.17333026E+00  3.58209651E-02
 1.19030396E+00  3.18389449E-02
 1.19465852E+00  1.22451521E-02
 1.18442608E+00 -1.59834713E-02
 1.16318187E+00 -3.78744467E-02
 1.13329499E+00 -4.39904944E-02
 1.09587682E+00 -3.21098428E-02
 1.06429019E+00 -6.39762420E-03
 1.05631479E+00  2.04433398E-02
 1.08128920E+00  3.95519431E-02
 1.13634018E+00  4.70734889E-02
 1.19074580E+00  3.71916305E-02
 1.20407862E+00  1.16714320E-02
 1.18600208E+00 -1.35770567E-02
 1.17055856E+00 -2.22651418E-02
 1.14465147E+00 -2.08614593E-02
 1.09219294E+00 -2.48459092E-02
 1.05443294E+00 -2.20925562E-02
 1.07176982E+00  3.49926228E-03
 1.11909876E+00  3.05660040E-02
 1.15225694E+00  3.20550044E-02
 1.16970554E+00  1.76290865E-02
 1.18015080E+00  6.53842492E-03
 1.17730893E+00 -3.32035248E-03
 1.16658374E+00 -1.43088547E-02
 1.15303890E+00 -1.89063852E-02
 1.13137869E+00 -1.52077108E-02
 1.10752310E+00 -3.97099497E-03
 1.09285084E+00  1.43060546E-02
 1.09518826E+00  2.97238170E-02
 1.12071615E+00  3.05520006E-02
 1.15995917E+00  2.12188591E-02
 1.19074214E+00  1.31640359E-02
 1.19960733E+00  4.66456675E-03
 1.18178241E+00 -8.73973680E-03
 1.14434016E+00 -2.12523936E-02
 1.10846893E+00 -2.71281311E-02
 1.08644192E+00 -2.37537670E-02
 1.08021912E+00 -8.43775709E-03
 1.08967361E+00  1.40130085E-02
 1.10640879E+00  3.24306932E-02
 1.12646776E+00  3.95395577E-02
 1.15177674E+00  3.22551281E-02
 1.17505731E+00  1.38639761E-02
 1.18683253E+00 -5.10311897E-03
 1.17985948E+00 -1.83244482E-02
 1.14873313E+00 -2.41647243E-02
 1.10411639E+00 -2.18479034E-02
 1.06860061E+00 -1.46908280E-02
 1.05703276E+00 -3.91173273E-03
 1.07583988E+00  1.15689542E-02
 1.11764575E+00  2.69583078E-02
 1.15987191E+00  3.55340879E-02
 1.18868929E+00  3.23062463E-02
 1.19990641E+00  1.42717781E-02
 1.19142953E+00 -1.18142621E-02
 1.17024863E+00 -3.17848151E-02
 1.13976383E+00 -3.66815095E-02
 1.09996496E+00 -2.35744091E-02
 1.06510879E+00  1.85881528E-03
 1.05358360E+00  2.46242580E-02
 1.07579579E+00  3.58916761E-02
 1.13074623E+00  3.43333111E-02
 1.18588116E+00  2.17262099E-02
 1.19784127E+00  6.48113837E-03
 1.17863873E+00 -6.83258506E-03
 1.16572970E+00 -1.88228337E-02
 1.14322410E+00 -2.58260092E-02
 1.09115923E+00 -2.48499165E-02
 1.05322620E+00 -1.42450542E-02
 1.07307609E+00  6.43621806E-03
 1.12296653E+00  2.57636887E-02
 1.15523770E+00  2.91394248E-02
 1.16912100E+00  2.16485565E-02
 1.17482474E+00  1.61469006E-02
 1.16638922E+00  7.47131534E-03
 1.15108066E+00 -1.05207373E-02
 1.13751221E+00 -2.14686872E-02
 1.12488741E+00 -9.34599596E-03
 1.12577248E+00  1.34173464E-02
 1.14983121E+00  2.54303334E-02
 1.17228791E+00  2.43510296E-02
 1.16357412E+00  1.43263681E-02
 1.14384685E+00 -2.53673270E-03
 1.14774018E+00 -1.62036058E-02
 1.15322019E+00 -1.96230639E-02
 1.12673904E+00 -1.43855126E-02
 1.09104464E+00 -3.36782144E-03
 1.07918915E+00  7.32171865E-03
 1.08966718E+00  1.37713501E-02
 1.11679684E+00  1.69107848E-02
 1.15667219E+00  1.61892477E-02
 1.19053227E+00  1.18241502E-02
 1.20314840E+00  4.13522918E-03
 1.19173479E+00 -7.81340878E-03
 1.16185656E+00 -2.05202904E-02
 1.12887594E+00 -2.78761215E-02
 1.10280485E+00 -2.58412858E-02
 1.08601893E+00 -1.24703573E-02
 1.08176845E+00  8.03031704E-03
 1.08880861E+00  2.59873589E-02
 1.10747675E+00  3.49326703E-02
 1.13998951E+00  3.21805851E-02
 1.17643620E+00  1.92293118E-02
 1.20083324E+00  3.12682356E-03
 1.20130788E+00 -1.18025946E-02
 1.17105441E+00 -2.41529535E-02
 1.12027204E+00 -3.08455751E-02
 1.07369665E+00 -3.03833715E-02
 1.04776427E+00 -2.09372318E-02
 1.04981190E+00 -8.34676411E-04
 1.07742632E+00  2.37456709E-02
 1.11434569E+00  4.20747432E-02
 1.15118451E+00  4.64470574E-02
 1.18513325E+00  3.29891787E-02
 1.20639332E+00  7.34970291E-03
 1.20792459E+00 -1.62388911E-02
 1.18500309E+00 -2.89001330E-02
 1.13780851E+00 -2.78699470E-02
 1.09312253E+00 -1.55112979E-02
 1.08278100E+00 -1.67421105E-03
 1.09084220E+00  8.69152915E-03
 1.08507445E+00  1.63425765E-02
 1.08858087E+00  2.00598827E-02
 1.13314410E+00  2.07929341E-02
 1.18361894E+00  1.77368731E-02
 1.19492928E+00  7.23895606E-03
 1.18378337E+00 -7.78005719E-03
 1.17908865E+00 -2.09293905E-02
 1.16985795E+00 -2.76003146E-02
 1.14507889E+00 -2.37222062E-02
 1.11852374E+00 -1.09872184E-02
 1.10120449E+00  3.27772610E-03
 1.09848250E+00  1.48842479E-02
 1.11732176E+00  2.17450108E-02
 1.14989998E+00  2.23590730E-02
 1.17611646E+00  1.84418062E-02
 1.18386924E+00  1.02768143E-02
 1.16901293E+00 -2.49967277E-03
 1.13889253E+00 -1.46815499E-02
 1.11384718E+00 -1.93326527E-02
 1.10461914E+00 -1.26967808E-02
 1.11090933E+00  4.34906397E-03
 1.12865301E+00  1.92997749E-02
 1.14509107E+00  1.65986982E-02
 1.15379748E+00  4.46220968E-03
 1.15770418E+00  1.39038884E-03
 1.15689227E+00  1.11829127E-04
 1.15385315E+00 -1.10822295E-02
 1.15025169E+00 -1.56996768E-02
 1.14417631E+00  2.09608531E-03
 1.14137645E+00  2.40837001E-02
 1.15016521E+00  2.37477460E-02
 1.17107435E+00 -7.10228899E-04
 1.19548115E+00 -3.90288430E-02
 1.19550249E+00 -7.41936548E-02
 1.14330997E+00 -8.08191322E-02
 1.06716855E+00 -6.09852975E-02
 1.02068006E+00 -3.29202621E-02
 9.98024944E-01  2.31853114E-02
 9.79024394E-01  1.25387195E-01
 1.00509741E+00  2.19918503E-01
 1.10292141E+00  2.34656748E-01
 1.18869640E+00  1.63107099E-01
 1.16357081E+00  3.68069486E-02
 1.07161317E+00 -9.94716814E-02
 1.01180522E+00 -1.79971986E-01
 9.77583435E-01 -1.89231279E-01
 9.45350245E-01 -1.62062581E-01
 9.55553307E-01 -1.02572377E-01
 1.02406913E+00 -2.01071275E-02
 1.11898591E+00  3.54905406E-02
 1.20188670E+00  3.22366186E-02
 1.22451343E+00 -7.23556245E-03
 1.15305831E+00 -3.92584544E-02
 1.04609290E+00 -5.48143210E-02
 1.00355130E+00 -6.15070881E-02
 1.00969287E+00 -5.35619091E-02
 9.95778298E-01 -3.49701658E-02
 9.78556980E-01 -6.05055005E-03
 9.87131383E-01  4.26207586E-02
 1.02631201E+00  9.35304967E-02
 1.11666612E+00  1.16951621E-01
 1.22498244E+00  1.01955071E-01
 1.27837660E+00  4.80843599E-02
 1.27518856E+00 -2.83644020E-02
 1.24423282E+00 -9.64297372E-02
 1.17634945E+00 -1.51796770E-01
 1.07645991E+00 -2.01323033E-01
 9.83610979E-01 -2.12068895E-01
 9.27937813E-01 -1.53095186E-01
 9.13061923E-01 -6.06830836E-02
 9.32095852E-01  9.44078586E-03
 9.88592789E-01  5.56719411E-02
 1.07843308E+00  9.15579534E-02
 1.16362039E+00  9.76205342E-02
 1.20482821E+00  6.46699719E-02
 1.20895556E+00  1.89722251E-02
 1.20405891E+00 -1.33376477E-02
 1.19163366E+00 -2.97487394E-02
 1.16761275E+00 -3.72409054E-02
 1.13828338E+00 -3.84875352E-02
 1.10300252E+00 -3.96985638E-02
 1.07310348E+00 -4.38181418E-02
 1.06653016E+00 -4.47029712E-02
 1.06517788E+00 -4.26975380E-02
 1.04495906E+00 -3.96904067E-02
 1.03793300E+00 -2.80557513E-02
 1.08323718E+00 -4.49592263E-03
 1.13817912E+00  1.50404188E-02
 1.14145045E+00  1.15705252E-02
 1.12169418E+00 -5.90476880E-03
 1.12828697E+00 -1.60102756E-02
 1.13425393E+00 -1.83044971E-02
 1.10615942E+00 -1.79969741E-02
 1.07067523E+00 -1.39059209E-02
 1.05742892E+00 -1.01969637E-02
 1.06421877E+00 -5.28030392E-03
 1.08791572E+00  9.07132575E-03
 1.12496255E+00  2.79204819E-02
 1.15741594E+00  4.11738536E-02
 1.17012317E+00  4.79994740E-02
 1.15963217E+00  4.89523508E-02
 1.13536853E+00  4.37792998E-02
 1.11838695E+00  3.64884038E-02
 1.11979275E+00  3.09587993E-02
 1.13846439E+00  2.82100946E-02
 1.16744104E+00  2.65242118E-02
 1.18995230E+00  2.16894225E-02
 1.19695429E+00  1.24007622E-02
 1.19114153E+00  4.99291110E-04
 1.17561133E+00 -1.15390193E-02
 1.15842524E+00 -1.94725444E-02
 1.14427532E+00 -2.09921213E-02
 1.13025669E+00 -1.71463826E-02
 1.11656862E+00 -9.79969862E-03
 1.10349645E+00 -2.30426752E-03
 1.09217259E+00  2.72492772E-03
 1.08774990E+00  5.04131763E-03
 1.09216213E+00  5.46157572E-03
 1.10475451E+00  6.10643845E-03
 1.12468948E+00  8.25507121E-03
 1.14814073E+00  1.14477196E-02
 1.17001683E+00  1.48503064E-02
 1.18548978E+00  1.68510325E-02
 1.19004234E+00  1.67374791E-02
 1.18223275E+00  1.52112238E-02
 1.16672249E+00  1.25726283E-02
 1.15223942E+00  9.31548906E-03
 1.14540025E+00  5.85464763E-03
 1.14897625E+00  2.00801807E-03
 1.15943747E+00 -1.60938979E-03
 1.16731391E+00 -3.93187825E-03
 1.16741420E+00 -4.27961898E-03
 1.15960261E+00 -2.06978555E-03
 1.14623895E+00  2.55789792E-03
 1.13425656E+00  8.60741773E-03
 1.12736784E+00  1.51185926E-02
 1.12516476E+00  2.09683042E-02
 1.12955137E+00  2.46521765E-02
 1.14123044E+00  2.48230265E-02
 1.15966091E+00  2.04081082E-02
 1.18330973E+00  1.11127426E-02
 1.20233699E+00 -1.39505530E-03
 1.20258549E+00 -1.38153827E-02
 1.17659052E+00 -2.25678194E-02
 1.12633314E+00 -2.38645778E-02
 1.07062140E+00 -1.41985707E-02
 1.04067688E+00  7.73513377E-03
 1.05437666E+00  3.91763023E-02
 1.10905367E+00  7.02591076E-02
 1.17486576E+00  7.91987470E-02
 1.20689403E+00  4.82133342E-02
 1.20562111E+00  4.02825181E-04
 1.19918714E+00 -2.27689577E-02
 1.17621098E+00 -2.41379280E-02
 1.12585453E+00 -2.45207601E-02
 1.08350136E+00 -1.50839647E-02
 1.08135020E+00  9.25447585E-03
 1.10514886E+00  3.14722426E-02
 1.12778006E+00  3.96554695E-02
 1.15210586E+00  3.37493865E-02
 1.18293664E+00  1.74668513E-02
 1.19631568E+00 -1.63358648E-03
 1.17515631E+00 -1.30198884E-02
 1.14115090E+00 -1.46217343E-02
 1.12463632E+00 -1.13508690E-02
 1.12382071E+00 -3.99708339E-04
 1.12494885E+00  1.95762587E-02
 1.13044941E+00  3.38823763E-02
 1.14126250E+00  2.82260282E-02
 1.15736502E+00  1.17007043E-02
 1.18272671E+00  2.10961746E-03
 1.19695932E+00 -1.37415759E-03
 1.17335678E+00 -5.30995412E-03
 1.13116296E+00 -6.55787304E-03
 1.10858765E+00 -4.75427093E-03
 1.11004890E+00 -1.50950114E-03
 1.12800585E+00  5.51886912E-03
 1.15866733E+00  1.44871935E-02
 1.18400214E+00  2.03424768E-02
 1.19059387E+00  2.01430973E-02
 1.18028740E+00  1.21549373E-02
 1.15930865E+00 -4.76839951E-04
 1.14073948E+00 -1.00743672E-02
 1.13231823E+00 -1.22607319E-02
 1.13183642E+00 -6.23263319E-03
 1.13745734E+00  5.02338424E-03
 1.14410891E+00  1.39142811E-02
 1.14906296E+00  1.62689827E-02
 1.15535277E+00  1.24258737E-02
 1.16200446E+00  4.60247756E-03
 1.16682575E+00 -1.62372704E-03
 1.16818827E+00 -3.29125054E-03
 1.16292194E+00 -1.57579444E-03
 1.15302588E+00  2.14197743E-03
 1.14451754E+00  4.81889636E-03
 1.14078969E+00  4.84297049E-03
 1.14358993E+00  3.61624228E-03
 1.15094574E+00  1.96733193E-03
 1.15658042E+00  1.08171677E-03
 1.15742535E+00  1.68709605E-03
 1.15371724E+00  2.72578602E-03
 1.14708937E+00  3.64029345E-03
 1.14210386E+00  4.05001720E-03
 1.14102913E+00  3.51838263E-03
 1.14286768E+00  2.43750095E-03
 1.14686764E+00  1.04392236E-03
 1.15105149E+00 -5.72649143E-04
 1.15428737E+00 -2.05531457E-03
 1.15749355E+00 -3.14243252E-03
 1.16055904E+00 -3.30315379E-03
 1.16317809E+00 -1.84778404E-03
 1.16500920E+00  1.38055902E-03
 1.16477055E+00  5.80744264E-03
 1.16207032E+00  9.59486104E-03
 1.15730573E+00  1.01054268E-02
 1.15077520E+00  5.85724214E-03
 1.14335874E+00 -2.70125056E-03
 1.13618669E+00 -1.21967901E-02
 1.13034476E+00 -1.70489422E-02
 1.12733189E+00 -1.38501216E-02
 1.12866502E+00 -2.68493200E-03
 1.13533920E+00  1.19013593E-02
 1.14761677E+00  2.14326299E-02
 1.16441965E+00  2.06555968E-02
 1.18254142E+00  9.28444317E-03
 1.19583637E+00 -8.10559036E-03
 1.19692078E+00 -2.18519105E-02
 1.18160859E+00 -2.59553751E-02
 1.15170276E+00 -1.99767069E-02
 1.11886070E+00 -6.83438135E-03
 1.10115998E+00  5.87396509E-03
 1.10872291E+00  1.35986158E-02
 1.13850171E+00  1.64950262E-02
 1.16858279E+00  1.48718059E-02
 1.17079931E+00  1.13480342E-02
 1.15765219E+00  7.07224943E-03
 1.16075150E+00  5.54284391E-04
 1.16381503E+00 -6.60715210E-03
 1.14160045E+00 -1.18084477E-02
 1.12108878E+00 -1.30107604E-02
 1.13259825E+00 -8.03337473E-03
 1.15697491E+00  9.51310900E-04
 1.16612822E+00  8.40880813E-03
 1.16429759E+00  1.10732027E-02
 1.16046390E+00  7.68494395E-03
 1.15154758E+00  2.44982703E-04
 1.14146000E+00 -5.54773509E-03
 1.13561524E+00 -6.80899413E-03
 1.13218922E+00 -3.83355040E-03
 1.13146887E+00  1.79524295E-03
 1.13473358E+00  5.91684387E-03
 1.14222051E+00  6.42919988E-03
 1.15467195E+00  4.28043703E-03
 1.16808958E+00  2.90284647E-04
 1.17520552E+00 -3.55053446E-03
 1.17162539E+00 -5.96492347E-03
 1.15611084E+00 -7.48502226E-03
 1.13395739E+00 -7.61757179E-03
 1.11643107E+00 -5.80303360E-03
 1.11084405E+00 -1.95894873E-03
 1.11926026E+00  4.02773168E-03
 1.13821670E+00  1.01609526E-02
 1.15761223E+00  1.30361781E-02
 1.17108353E+00  1.05788408E-02
 1.17712517E+00  2.34697942E-03
 1.17480929E+00 -8.96459307E-03
 1.16685502E+00 -1.78591872E-02
 1.15439913E+00 -2.06710602E-02
 1.13669362E+00 -1.62746416E-02
 1.11913106E+00 -6.29858306E-03
 1.10942985E+00  4.36863062E-03
 1.11324422E+00  1.25255609E-02
 1.13365185E+00  1.71482350E-02
 1.16342525E+00  1.73172565E-02
 1.18729833E+00  1.38013606E-02
 1.19530560E+00  6.79795123E-03
 1.18377302E+00 -4.00212898E-03
 1.15770074E+00 -1.52616722E-02
 1.13183669E+00 -2.20264515E-02
 1.11504565E+00 -2.06899845E-02
 1.10928551E+00 -9.50945524E-03
 1.11504019E+00  7.36226273E-03
 1.12699968E+00  2.10569117E-02
 1.14271946E+00  2.58477217E-02
 1.16315773E+00  1.98587935E-02
 1.18156337E+00  6.07752707E-03
 1.18896170E+00 -7.01544247E-03
 1.17899177E+00 -1.45428276E-02
 1.14839731E+00 -1.60217773E-02
 1.10808816E+00 -1.21504747E-02
 1.07938016E+00 -7.00874724E-03
 1.07571576E+00 -2.37876180E-03
 1.10082526E+00  3.12245318E-03
 1.14384645E+00  8.23785989E-03
 1.17930887E+00  1.15231066E-02
 1.19213735E+00  1.15358327E-02
 1.18071534E+00  6.00164153E-03
 1.15243934E+00 -3.07418068E-03
 1.12752060E+00 -1.07244894E-02
 1.11693116E+00 -1.39086019E-02
 1.11854876E+00 -1.09814366E-02
 1.12920762E+00 -3.57421077E-03
 1.13915222E+00  3.11176262E-03
 1.14390389E+00  6.40810317E-03
 1.14838654E+00  6.21719287E-03
 1.15297252E+00  3.46702975E-03
 1.15796184E+00  1.39457706E-03
 1.16289887E+00  1.32376576E-03
 1.16280814E+00  1.99248686E-03
 1.15796977E+00  2.65534898E-03
 1.15226416E+00  1.90649282E-03
 1.14748433E+00 -7.50781660E-04
 1.14600427E+00 -3.78305730E-03
 1.14775652E+00 -6.02069266E-03
 1.14941098E+00 -6.28373732E-03
 1.15018628E+00 -3.73365498E-03
 1.15081470E+00  9.13600836E-04
 1.15182879E+00  6.08240036E-03
 1.15502557E+00  9.63777432E-03
 1.16055178E+00  9.92103378E-03
 1.16632112E+00  6.71579394E-03
 1.17031096E+00  1.52673416E-03
 1.17004498E+00 -2.74706463E-03
 1.16397974E+00 -4.18679277E-03
 1.15305082E+00 -2.48198183E-03
 1.14034016E+00  1.20106274E-03
 1.13056344E+00  4.08473513E-03
 1.12725716E+00  4.64108762E-03
 1.13121300E+00  3.08633822E-03
 1.13967090E+00  2.39996350E-04
 1.14680118E+00 -1.92828699E-03
 1.14894939E+00 -2.40725237E-03
 1.14577114E+00 -1.71274238E-03
 1.13982553E+00 -2.44673421E-04
 1.13692246E+00  1.12803401E-03
 1.14007823E+00  1.92116552E-03
 1.14840546E+00  2.62179280E-03
 1.15944516E+00  3.30451305E-03
 1.16812158E+00  3.96305197E-03
 1.17140426E+00  4.56585876E-03
 1.16970846E+00  4.60670331E-03
 1.16379963E+00  3.87668427E-03
 1.15605334E+00  2.43999713E-03
 1.14825856E+00  3.29779028E-04
 1.14052464E+00 -2.13266502E-03
 1.13438435E+00 -4.47779987E-03
 1.13153627E+00 -6.24060045E-03
 1.13307769E+00 -6.93155767E-03
 1.13965987E+00 -6.25615082E-03
 1.14841301E+00 -4.34174832E-03
 1.15410169E+00 -1.62578879E-03
 1.15348186E+00  1.50713282E-03
 1.14597144E+00  4.76554284E-03
 1.13591285E+00  7.99647574E-03
 1.13182774E+00  1.11470494E-02
 1.13849514E+00  1.36536239E-02
 1.15555661E+00  1.43525195E-02
 1.17714238E+00  1.16387109E-02
 1.19125406E+00  3.94142463E-03
 1.18870954E+00 -8.61284614E-03
 1.16447244E+00 -2.31645128E-02
 1.11474744E+00 -3.31778768E-02
 1.05130470E+00 -3.04398210E-02
 1.02056874E+00 -1.16024314E-02
 1.06665267E+00  1.83853589E-02
 1.14904770E+00  4.23096225E-02
 1.18906096E+00  3.99355837E-02
 1.19293388E+00  1.70100041E-02
 1.19784331E+00 -4.69377551E-03
 1.18712038E+00 -2.12565362E-02
 1.15199499E+00 -3.32714139E-02
 1.11361175E+00 -3.37336657E-02
 1.08130857E+00 -2.30100558E-02
 1.05986914E+00 -3.44955777E-03
 1.05977306E+00  2.25694586E-02
 1.08965275E+00  3.91023413E-02
 1.14632045E+00  2.99213692E-02
 1.19415759E+00  5.69734814E-03
 1.19279385E+00 -1.07913276E-02
 1.16701419E+00 -1.70860111E-02
 1.16561901E+00 -1.84070848E-02
 1.16111267E+00 -1.31303927E-02
 1.11212430E+00 -5.56100278E-03
 1.06659433E+00  6.40115010E-04
 1.08225032E+00  8.38308849E-03
 1.12810028E+00  1.64616067E-02
 1.15401919E+00  2.20253662E-02
 1.16597485E+00  2.28746567E-02
 1.17602828E+00  1.56626566E-02
 1.17504289E+00  2.71446745E-03
 1.16698165E+00 -9.19888976E-03
 1.15737183E+00 -1.60135673E-02
 1.14082061E+00 -1.53826754E-02
 1.12099441E+00 -8.50287845E-03
 1.10658054E+00 -1.05555891E-03
 1.10369655E+00  4.17350252E-03
 1.11810728E+00  7.07252793E-03
 1.14399195E+00  7.37217271E-03
 1.16591173E+00  6.77005580E-03
 1.17490177E+00  5.46829512E-03
 1.16763140E+00  1.78683495E-03
 1.14817591E+00 -3.21197369E-03
 1.13011564E+00 -7.52700755E-03
 1.12048219E+00 -9.58131850E-03
 1.11901370E+00 -7.53834809E-03
 1.12466954E+00 -2.41916505E-03
 1.13146086E+00  2.40488307E-03
 1.13705622E+00  5.16960336E-03
 1.14455277E+00  5.23311330E-03
 1.15293572E+00  3.25865235E-03
 1.16062167E+00  1.85913790E-03
 1.16577832E+00  2.07021542E-03
 1.16426430E+00  3.25441460E-03
 1.15654898E+00  4.86245934E-03
 1.14657650E+00  5.50849755E-03
 1.13655086E+00  4.62127745E-03
 1.12871833E+00  3.06041505E-03
 1.12399312E+00  1.28918031E-03
 1.12087012E+00 -9.33675390E-05
 1.11981327E+00 -5.89349516E-04
 1.12235529E+00 -4.95238680E-04
 1.12839804E+00  3.83708285E-05
 1.13769840E+00  8.56544444E-04
 1.14900173E+00  1.55630301E-03
 1.15952940E+00  1.80508704E-03
 1.16732622E+00  9.20002897E-04
 1.17088285E+00 -1.89695240E-03
 1.16822069E+00 -6.76963549E-03
 1.15811745E+00 -1.28343525E-02
 1.14047968E+00 -1.74980717E-02
 1.11683230E+00 -1.71128248E-02
 1.09213799E+00 -9.57751597E-03
 1.07589550E+00  4.61268102E-03
 1.08319896E+00  2.09948495E-02
 1.12228700E+00  3.19974399E-02
 1.16671201E+00  3.26014009E-02
 1.17851825E+00  2.19210597E-02
 1.17069795E+00  4.26279775E-03
 1.17422185E+00 -1.10854476E-02
 1.16598614E+00 -1.80706976E-02
 1.12026085E+00 -1.54309232E-02
 1.07976886E+00 -5.52430644E-03
 1.09115810E+00  4.53906993E-03
 1.12065359E+00  1.07594490E-02
 1.11819009E+00  1.34356297E-02
 1.11330672E+00  1.28310442E-02
 1.14737594E+00  1.13281783E-02
 1.18157989E+00  9.47152799E-03
 1.17127833E+00  4.89770854E-03
 1.15044388E+00 -1.99083400E-03
 1.15944638E+00 -9.52092217E-03
 1.16256410E+00 -1.50049478E-02
 1.11794415E+00 -1.29691557E-02
 1.06507535E+00  1.88435172E-03
 1.05827492E+00  3.22919197E-02
 1.08401785E+00  7.48998145E-02
 1.11341393E+00  1.14826611E-01
 1.14769159E+00  1.20133394E-01
 1.17728992E+00  6.53323678E-02
 1.17558031E+00 -1.33730926E-02
 1.13343794E+00 -5.19704109E-02
 1.07281852E+00 -5.49696107E-02
 1.03013177E+00 -5.54341010E-02
 1.02445613E+00 -4.14969648E-02
 1.05811844E+00 -7.36185813E-03
 1.11937945E+00  1.88345370E-02
 1.17675688E+00  2.02159813E-02
 1.21033389E+00  7.94627109E-03
 1.21704345E+00 -1.73232460E-04
 1.19524292E+00 -1.95466616E-03
 1.15470003E+00 -1.20602123E-03
 1.10398441E+00  3.06342355E-03
 1.04934369E+00  8.48613106E-03
 1.01979540E+00  2.07060718E-02
 1.04288275E+00  4.88077048E-02
 1.10157335E+00  7.35381037E-02
 1.15885762E+00  6.73914215E-02
 1.20401637E+00  3.92099926E-02
 1.23252220E+00  1.04525079E-02
 1.22465265E+00 -2.27456219E-02
 1.17614788E+00 -6.26755707E-02
 1.11385283E+00 -8.50627205E-02
 1.06836359E+00 -7.07961306E-02
 1.03768659E+00 -3.77335127E-02
 1.00841060E+00 -1.42964908E-02
 1.00494948E+00  2.47443795E-03
 1.05321232E+00  2.48406665E-02
 1.12441645E+00  4.27263272E-02
 1.17567824E+00  4.62528974E-02
 1.20127681E+00  3.58328779E-02
 1.20780703E+00  1.14724322E-02
 1.19896972E+00 -1.40382551E-02
 1.18728312E+00 -2.11777368E-02
 1.16355253E+00 -1.53760827E-02
 1.10718715E+00 -1.36181499E-02
 1.04908421E+00 -1.22239064E-02
 1.03520040E+00 -3.45102429E-03
 1.05198185E+00  7.44380045E-03
 1.06804130E+00  1.67826662E-02
 1.08849157E+00  2.26683066E-02
 1.11906943E+00  1.98757131E-02
 1.14802214E+00  9.95104942E-03
 1.17065878E+00 -3.17322972E-05
 1.18209160E+00 -6.25546591E-03
 1.17272481E+00 -6.47567858E-03
 1.14734687E+00 -1.71094034E-03
 1.12022754E+00  2.49281539E-03
 1.10144259E+00  4.22505575E-03
 1.09871991E+00  4.68859165E-03
 1.11024115E+00  4.25833839E-03
 1.12380796E+00  4.88964499E-03
 1.13465669E+00  6.95875279E-03
 1.14341374E+00  8.28470489E-03
 1.14908989E+00  8.58347696E-03
 1.15448827E+00  8.09513737E-03
 1.15856922E+00  6.75047419E-03
 1.15593062E+00  5.52133636E-03
 1.14850378E+00  4.46357548E-03
 1.14121370E+00  2.81599889E-03
 1.13716420E+00  7.86001741E-04
 1.13975834E+00 -1.07462487E-03
 1.14655167E+00 -1.79643415E-03
 1.14995938E+00  1.61609544E-04
 1.14708696E+00  5.30602852E-03
 1.13885245E+00  1.26904608E-02
 1.12931852E+00  1.98164660E-02
 1.12683064E+00  2.29591396E-02
 1.13494328E+00  1.97421866E-02
 1.15057822E+00  1.02817351E-02
 1.16659727E+00 -1.98691303E-03
 1.17148611E+00 -1.08489732E-02
 1.15875290E+00 -1.21024086E-02
 1.13101935E+00 -4.86985083E-03
 1.09926819E+00  7.99509539E-03
 1.08175862E+00  1.97687586E-02
 1.08989524E+00  2.60266958E-02
 1.12292613E+00  2.56331653E-02
 1.16759145E+00  1.89974595E-02
 1.19904923E+00  9.56545407E-03
 1.20157668E+00 -4.26214555E-04
 1.17426790E+00 -1.02277566E-02
 1.12886636E+00 -1.60922905E-02
 1.09101931E+00 -1.41597746E-02
 1.07661752E+00 -2.70464366E-03
 1.08644542E+00  1.67275654E-02
 1.11414794E+00  3.29751716E-02
 1.14196602E+00  3.29331195E-02
 1.15958361E+00  2.26872774E-02
 1.16842548E+00  1.64193721E-02
 1.16783358E+00  8.14318453E-03
 1.16120711E+00 -1.08711161E-02
 1.14957758E+00 -2.48540984E-02
 1.12878954E+00 -1.69318675E-02
 1.10501184E+00  2.35579125E-03
 1.08936888E+00  1.50205107E-02
 1.08943165E+00  2.03882063E-02
 1.11043942E+00  2.15013216E-02
 1.14447776E+00  1.69057914E-02
 1.17248572E+00  1.08282723E-02
 1.18293268E+00  6.55773342E-03
 1.17210251E+00  2.36287613E-03
 1.14561924E+00 -1.09589077E-03
 1.12066000E+00 -2.79263156E-03
 1.10675357E+00 -1.70795683E-03
 1.10436327E+00  4.28216490E-03
 1.11255870E+00  1.29024925E-02
 1.12397085E+00  1.89520733E-02
 1.13532555E+00  1.93728524E-02
 1.14926243E+00  1.27216651E-02
 1.16209503E+00  1.57740151E-03
 1.16897030E+00 -7.41227536E-03
 1.16606772E+00 -1.05197010E-02
 1.14925403E+00 -7.22011424E-03
 1.12452004E+00  7.79984048E-04
 1.10518080E+00  8.33826424E-03
 1.09943484E+00  1.26173634E-02
 1.11062194E+00  1.38896760E-02
 1.13332287E+00  1.23442028E-02
 1.15281797E+00  9.73517533E-03
 1.16086289E+00  6.83864811E-03
 1.15664281E+00  2.64136695E-03
 1.14320715E+00 -1.83472448E-03
 1.13061502E+00 -4.92036996E-03
 1.12420412E+00 -5.36864991E-03
 1.12287332E+00 -1.83560015E-03
 1.12741175E+00  4.26531043E-03
 1.13598840E+00  9.36891278E-03
 1.14631416E+00  1.13517987E-02
 1.15642758E+00  9.36448420E-03
 1.15478792E+00  4.61463138E-03
 1.13319379E+00  6.68906273E-04
 1.11429052E+00 -6.36352957E-04
 1.12654127E+00  5.89225573E-04
 1.14847780E+00  3.50915195E-03
 1.14249593E+00  5.72090288E-03
 1.12549269E+00  6.09591550E-03
 1.12806339E+00  5.35871903E-03
 1.13734714E+00  4.01476635E-03
 1.13727014E+00  3.14394320E-03
 1.13709446E+00  3.29684086E-03
 1.14197779E+00  3.75941916E-03
 1.14619163E+00  4.25518377E-03
 1.14810052E+00  4.54224741E-03
 1.14896788E+00  4.39561504E-03
 1.14821580E+00  4.20882167E-03
 1.14530305E+00  4.12556816E-03
 1.14069810E+00  4.09550911E-03
 1.13515178E+00  4.19629984E-03
 1.12975359E+00  4.30518374E-03
 1.12623302E+00  4.35578338E-03
 1.12646888E+00  4.41410599E-03
 1.13159653E+00  4.46288385E-03
 1.14122199E+00  4.51416288E-03
 1.15213397E+00  4.59239510E-03
 1.15919907E+00  4.67045875E-03
 1.15886295E+00  4.74503803E-03
 1.15031398E+00  4.81917429E-03
 1.13702275E+00  4.88257558E-03
 1.12621092E+00  4.93656337E-03
 1.12252833E+00  4.98069382E-03
 1.12692876E+00  5.01005488E-03
 1.13685187E+00  5.02438598E-03
 1.14567167E+00  5.02357327E-03
 1.14968397E+00  5.00886075E-03
 1.14915313E+00  4.98566359E-03
 1.14551036E+00  4.96261796E-03
 1.14279125E+00  4.95089654E-03
 1.14277126E+00  4.96112351E-03
 1.14373028E+00  5.00102221E-03
 1.14453425E+00  5.07310124E-03
 1.14328690E+00  5.17304113E-03
 1.13915581E+00  5.29180174E-03
 1.13387512E+00  5.41317773E-03
 1.12866496E+00  5.50926542E-03
 1.12481252E+00  5.54495680E-03
 1.12359178E+00  5.48546358E-03
 1.12495048E+00  5.30216768E-03
 1.12875315E+00  4.98460906E-03
 1.13463562E+00  4.54325293E-03
 1.14165755E+00  3.99985416E-03
 1.14870177E+00  3.39508592E-03
 1.15374934E+00  2.79890346E-03
 1.15436455E+00  2.29880629E-03
 1.14909239E+00  1.98602257E-03
 1.13817595E+00  1.94004110E-03
 1.12515739E+00  2.19523893E-03
 1.11597305E+00  2.73648324E-03
 1.11476259E+00  3.52422622E-03
 1.12262500E+00  4.47557028E-03
 1.13594927E+00  5.44207072E-03
 1.14690396E+00  6.23703573E-03
 1.15059270E+00  6.66302171E-03
 1.14624558E+00  6.54893646E-03
 1.13679783E+00  5.83048425E-03
 1.12950148E+00  4.55779186E-03
 1.12810135E+00  2.83571449E-03
 1.13152612E+00  8.67193668E-04
 1.13695684E+00 -9.99097451E-04
 1.13856703E+00 -2.33868166E-03
 1.13368346E+00 -2.72505286E-03
 1.12475596E+00 -1.82740616E-03
 1.11562662E+00  3.87943166E-04
 1.11236062E+00  3.63012963E-03
 1.11854016E+00  7.41976816E-03
 1.13261576E+00  1.09730859E-02
 1.15018005E+00  1.30724503E-02
 1.16378666E+00  1.24423108E-02
 1.16797284E+00  8.36447231E-03
 1.16172016E+00  1.23731705E-03
 1.14711074E+00 -6.50509324E-03
 1.12994008E+00 -1.10706285E-02
 1.11459461E+00 -9.87471717E-03
 1.10290903E+00 -2.43027916E-03
 1.09727143E+00  8.47817225E-03
 1.09862331E+00  1.72343326E-02
 1.10807578E+00  2.01378466E-02
 1.12653447E+00  1.63037828E-02
 1.14888132E+00  7.65638008E-03
 1.16652397E+00 -6.45929510E-04
 1.17280321E+00 -5.49702860E-03
 1.16382980E+00 -6.55088210E-03
 1.14353069E+00 -4.06060740E-03
 1.12281702E+00 -2.33014832E-04
 1.10882967E+00  3.90902835E-03
 1.10467953E+00  9.01738431E-03
 1.11013596E+00  1.37028604E-02
 1.11942592E+00  1.61428918E-02
 1.13011496E+00  1.48568319E-02
 1.14292593E+00  8.42864110E-03
 1.15471389E+00 -1.09883768E-03
 1.16233741E+00 -9.13786100E-03
 1.16241858E+00 -1.27174832E-02
 1.15127268E+00 -1.04212709E-02
 1.13312144E+00 -3.60011145E-03
 1.11749859E+00  3.32876605E-03
 1.11069404E+00  7.92471557E-03
 1.11611374E+00  9.86627430E-03
 1.13097154E+00  9.41941567E-03
 1.14580287E+00  8.62602547E-03
 1.15553599E+00  8.08903471E-03
 1.15943584E+00  6.55292127E-03
 1.15771909E+00  3.91164779E-03
 1.15431982E+00  1.49228178E-04
 1.15024660E+00 -4.05166240E-03
 1.14287155E+00 -6.41626538E-03
 1.13269074E+00 -5.16988797E-03
 1.12086215E+00  8.86223890E-04
 1.10959540E+00  1.22570895E-02
 1.10388731E+00  2.72330823E-02
 1.10692931E+00  4.13689146E-02
 1.11973635E+00  4.86236945E-02
 1.14168514E+00  4.42620326E-02
 1.16717502E+00  2.66032710E-02
 1.18387554E+00 -8.98461099E-04
 1.17705132E+00 -2.96642849E-02
 1.13885125E+00 -5.08925336E-02
 1.07452117E+00 -5.54211529E-02
 1.01094065E+00 -3.21684145E-02
 9.88463988E-01  2.06258814E-02
 1.02827551E+00  7.83291092E-02
 1.12044493E+00  1.03321420E-01
 1.21105493E+00  7.99586030E-02
 1.22797809E+00  1.53400803E-02
 1.18133875E+00 -6.14849893E-02
 1.13225743E+00 -1.03970262E-01
 1.08023220E+00 -1.00012187E-01
 1.01830675E+00 -6.90981926E-02
 9.88250133E-01 -2.04690473E-02
 1.01425444E+00  2.88397825E-02
 1.07758889E+00  5.77344400E-02
 1.14767491E+00  6.26065143E-02
 1.19762697E+00  4.46318585E-02
 1.20631873E+00  1.16871068E-02
 1.18100866E+00 -1.97728349E-02
 1.15243315E+00 -3.65917261E-02
 1.12222281E+00 -3.65671910E-02
 1.07902413E+00 -2.57288923E-02
 1.04176548E+00 -3.65015286E-03
 1.03153134E+00  2.91903278E-02
 1.05679729E+00  5.52205433E-02
 1.11919477E+00  5.70893916E-02
 1.18234564E+00  4.04016817E-02
 1.19643133E+00  2.09233781E-02
 1.18086701E+00  3.71166048E-03
 1.18232626E+00 -9.23997400E-03
 1.17337264E+00 -1.66619198E-02
 1.11730816E+00 -2.36585270E-02
 1.06324196E+00 -2.64006343E-02
 1.06728485E+00 -1.57259972E-02
 1.10110293E+00  2.44142493E-03
 1.11779588E+00  1.67770216E-02
 1.12631339E+00  2.26802674E-02
 1.14243810E+00  1.78640408E-02
 1.15589496E+00  9.46645118E-03
 1.16548169E+00  1.00232414E-02
 1.17262142E+00  1.13771814E-02
 1.16764478E+00 -2.02750630E-03
 1.15037105E+00 -1.79830645E-02
 1.12813868E+00 -1.78910380E-02
 1.10598875E+00 -9.89829067E-03
 1.09124336E+00 -6.64082812E-03
 1.08775721E+00 -2.69657219E-03
 1.09384158E+00  6.73993323E-03
 1.11026840E+00  1.41259613E-02
 1.13623210E+00  1.36986461E-02
 1.16370447E+00  8.93285513E-03
 1.18249240E+00  4.55353919E-03
 1.18406347E+00  1.39167818E-03
 1.16418459E+00 -9.61790071E-05
 1.13161358E+00  2.75110520E-04
 1.10475837E+00  4.92624868E-04
 1.09541912E+00  2.32046874E-04
 1.10717379E+00  9.38496346E-04
 1.13309199E+00  2.59993712E-03
 1.15481516E+00  5.09345136E-03
 1.16254944E+00  8.06082195E-03
 1.15702332E+00  1.01484019E-02
 1.14282541E+00  1.11514647E-02
 1.13238026E+00  1.16534019E-02
 1.13159182E+00  1.15800797E-02
 1.13662615E+00  1.09125097E-02
 1.14474458E+00  9.48976016E-03
 1.15031131E+00  6.75753118E-03
 1.15043174E+00  2.93365953E-03
 1.14883022E+00 -1.02189651E-03
 1.14696485E+00 -3.84021829E-03
 1.14608954E+00 -3.91705790E-03
 1.14738030E+00 -3.50196680E-04
 1.14878093E+00  6.36967159E-03
 1.14953213E+00  1.40427148E-02
 1.14989494E+00  1.91873741E-02
 1.14946777E+00  1.93499087E-02
 1.14890637E+00  1.40645441E-02
 1.14858724E+00  5.63092105E-03
 1.14820564E+00 -1.22401230E-03
 1.14788810E+00 -3.44043642E-03
 1.14760149E+00 -4.61886281E-04
 1.14724270E+00  5.94803601E-03
 1.14696689E+00  1.13777541E-02
 1.14679896E+00  1.33733585E-02
 1.14672065E+00  1.21773573E-02
 1.14675713E+00  8.88752742E-03
 1.14685559E+00  6.37676417E-03
 1.14697201E+00  6.01079716E-03
 1.14709214E+00  6.79139171E-03
 1.14720518E+00  8.01911793E-03
 1.14733165E+00  8.38311036E-03
 1.14749449E+00  7.23881859E-03
 1.14771696E+00  5.57427450E-03
 1.14804638E+00  3.89642324E-03
 1.14853626E+00  2.68502062E-03
 1.14924203E+00  2.41236571E-03
 1.15020849E+00  2.74920924E-03
 1.15142442E+00  3.57809096E-03
 1.15282509E+00  4.92230893E-03
 1.15432330E+00  6.58589263E-03
 1.15579114E+00  8.52585273E-03
 1.15705012E+00  1.04877300E-02
 1.15789774E+00  1.19707739E-02
 1.15812205E+00  1.25699443E-02
 1.15754078E+00  1.19247612E-02
 1.15608111E+00  9.92332190E-03
 1.15378721E+00  6.80850743E-03
 1.15077764E+00  2.95583796E-03
 1.14729025E+00 -9.98931610E-04
 1.14372393E+00 -4.01429268E-03
 1.14057773E+00 -4.96099603E-03
 1.13837784E+00 -3.04755634E-03
 1.13758446E+00  1.76173452E-03
 1.13840780E+00  8.01044934E-03
 1.14078179E+00  1.31542530E-02
 1.14449522E+00  1.52595099E-02
 1.14908396E+00  1.34619709E-02
 1.15370382E+00  8.59297364E-03
 1.15729858E+00  3.17145609E-03
 1.15879566E+00 -1.11884683E-03
 1.15734183E+00 -3.59628183E-03
 1.15278956E+00 -3.91933852E-03
 1.14576422E+00 -2.76266813E-03
 1.13731345E+00 -2.07611745E-04
 1.12918594E+00  4.18609213E-03
 1.12415470E+00  9.36068900E-03
 1.12518465E+00  1.36933083E-02
 1.13412414E+00  1.57198260E-02
 1.15048339E+00  1.41241166E-02
 1.16936781E+00  9.60332498E-03
 1.18279508E+00  4.51130242E-03
 1.18495876E+00  4.02358226E-04
 1.17386211E+00 -1.72542488E-03
 1.15350439E+00 -1.50502531E-03
 1.13351568E+00  2.08038724E-04
 1.12057596E+00  3.22671941E-03
 1.11738673E+00  7.71381768E-03
 1.12389626E+00  1.24135651E-02
 1.13539622E+00  1.56683051E-02
 1.14926293E+00  1.59494656E-02
 1.16490229E+00  1.20018063E-02
 1.17753914E+00  4.80088444E-03
 1.18190433E+00 -2.89458492E-03
 1.17373469E+00 -9.03392474E-03
 1.15064200E+00 -1.20711116E-02
 1.12029611E+00 -1.11535654E-02
 1.09733232E+00 -6.85079683E-03
 1.09164903E+00  5.88697267E-04
 1.10719832E+00  1.06274318E-02
 1.13761409E+00  2.02532514E-02
 1.16619535E+00  2.55062090E-02
 1.18257667E+00  2.33930365E-02
 1.18388954E+00  1.27597825E-02
 1.17121384E+00 -2.67171375E-03
 1.15329784E+00 -1.54305315E-02
 1.13452741E+00 -2.04324577E-02
 1.11412436E+00 -1.57995838E-02
 1.09672508E+00 -3.95563459E-03
 1.08703933E+00  7.99795351E-03
 1.08977537E+00  1.58686196E-02
 1.11011438E+00  1.89703166E-02
 1.14218420E+00  1.75351587E-02
 1.17244098E+00  1.45862134E-02
 1.19138386E+00  1.11840070E-02
 1.19296648E+00  5.87740726E-03
 1.17932415E+00 -1.84766817E-04
 1.16176334E+00 -5.36064517E-03
 1.14621506E+00 -7.91967054E-03
 1.13395796E+00 -5.30619899E-03
 1.12693530E+00  1.56278476E-03
 1.12332214E+00  9.12894357E-03
 1.12425132E+00  1.50987043E-02
 1.13374341E+00  1.75616603E-02
 1.14815480E+00  1.57825938E-02
 1.16049766E+00  1.11628883E-02
 1.16555048E+00  4.16622907E-03
 1.15902692E+00 -4.84076501E-03
 1.14480477E+00 -1.29321475E-02
 1.13365941E+00 -1.65900892E-02
 1.13121441E+00 -1.32216748E-02
 1.13843651E+00 -1.99287868E-03
 1.15188789E+00  1.24770940E-02
 1.16194597E+00  2.17539595E-02
 1.16384943E+00  2.05876618E-02
 1.15869732E+00  8.04899265E-03
 1.14817815E+00 -1.04942864E-02
 1.13749335E+00 -2.37579905E-02
 1.12989908E+00 -2.50877450E-02
 1.12497619E+00 -1.41787872E-02
 1.12490873E+00  4.09846357E-03
 1.13164988E+00  1.86637593E-02
 1.14560042E+00  2.30587473E-02
 1.16606193E+00  1.76597579E-02
 1.18532550E+00  5.54466820E-03
 1.19137848E+00 -5.44219261E-03
 1.17710649E+00 -1.06733065E-02
 1.14228055E+00 -1.09106523E-02
 1.09884115E+00 -6.35643727E-03
 1.06882634E+00  7.79684195E-04
 1.06650862E+00  9.03531624E-03
 1.09461999E+00  1.90592567E-02
 1.14216650E+00  2.72070624E-02
 1.18410375E+00  2.81468782E-02
 1.20445911E+00  1.89215879E-02
 1.20022779E+00 -8.93843220E-04
 1.17632827E+00 -2.36153617E-02
 1.14972317E+00 -3.58293670E-02
 1.13011529E+00 -3.03637955E-02
 1.11713380E+00 -8.66069217E-03
 1.11374744E+00  1.53710994E-02
 1.11894832E+00  2.22461632E-02
 1.13217768E+00  1.76606098E-02
 1.15415952E+00  1.98821987E-02
 1.16931145E+00  1.92267594E-02
 1.16174407E+00  1.88454503E-03
 1.14930139E+00 -1.55195055E-02
 1.15772419E+00 -1.49089940E-02
 1.16813800E+00 -6.08132945E-03
 1.15121468E+00 -3.75380294E-03
 1.12933262E+00 -3.98671653E-03
 1.13463508E+00 -5.86437026E-04
 1.15138701E+00  3.06358375E-03
 1.15565492E+00  5.76510864E-03
 1.15374121E+00  8.06281618E-03
 1.15292097E+00  7.24713886E-03
 1.14940157E+00  3.57853494E-03
 1.14600790E+00  3.70903721E-05
 1.14646099E+00 -1.90050576E-03
 1.14852251E+00 -1.08836862E-03
 1.15080496E+00  1.91044316E-03
 1.15224596E+00  4.32139569E-03
 1.15205790E+00  5.07908841E-03
 1.15143185E+00  4.48039937E-03
 1.15072892E+00  2.94312040E-03
 1.14987156E+00  2.00169717E-03
 1.14917348E+00  2.24792160E-03
 1.14826885E+00  2.92967921E-03
 1.14712850E+00  3.76041683E-03
 1.14620659E+00  4.24738246E-03
 1.14568528E+00  4.06288996E-03
 1.14583636E+00  3.65761582E-03
 1.14681803E+00  3.16025845E-03
 1.14845986E+00  2.56739579E-03
 1.15062220E+00  2.01390640E-03
 1.15307191E+00  1.37990938E-03
 1.15536044E+00  6.82121911E-04
 1.15700095E+00  1.12244241E-04
 1.15749371E+00 -2.35617741E-04
 1.15643960E+00 -2.32918777E-04
 1.15383253E+00  1.90101723E-04
 1.15006928E+00  9.67351882E-04
 1.14578528E+00  2.03481572E-03
 1.14200711E+00  3.27719096E-03
 1.14029445E+00  4.48167531E-03
 1.14223800E+00  5.41114113E-03
 1.14862276E+00  5.82203097E-03
 1.15866779E+00  5.52018313E-03
 1.16880832E+00  4.49233275E-03
 1.17367780E+00  2.91440927E-03
 1.16970240E+00  1.07763701E-03
 1.15642893E+00 -5.39686899E-04
 1.13826928E+00 -1.20136445E-03
 1.12378571E+00 -1.53498241E-04
 1.11880807E+00  2.96865800E-03
 1.12503235E+00  7.77699722E-03
 1.13978712E+00  1.25490406E-02
 1.15539701E+00  1.46999770E-02
 1.16692204E+00  1.25144407E-02
 1.17303645E+00  5.78779552E-03
 1.17278703E+00 -3.33547268E-03
 1.16791448E+00 -1.07049863E-02
 1.15894731E+00 -1.34763498E-02
 1.14506155E+00 -1.07872287E-02
 1.13035909E+00 -3.87129490E-03
 1.12095282E+00  3.63585894E-03
 1.12143405E+00  9.42321303E-03
 1.13451879E+00  1.29262254E-02
 1.15517472E+00  1.37651313E-02
 1.17224793E+00  1.28014883E-02
 1.17868142E+00  1.01316647E-02
 1.17212789E+00  4.92526520E-03
 1.15642786E+00 -1.67505257E-03
 1.14237783E+00 -7.69410543E-03
 1.13580792E+00 -1.12840812E-02
 1.13655392E+00 -1.04786054E-02
 1.14242397E+00 -5.48554232E-03
 1.14675078E+00  1.52220964E-03
 1.14674381E+00  8.98854981E-03
 1.14527183E+00  1.53320053E-02
 1.14434717E+00  1.86453558E-02
 1.14730111E+00  1.78228975E-02
 1.15532203E+00  1.18130627E-02
 1.16485638E+00  6.12048699E-04
 1.17236259E+00 -1.19314495E-02
 1.17388326E+00 -1.98304448E-02
 1.16690567E+00 -1.88779644E-02
 1.15339478E+00 -7.76222087E-03
 1.13887059E+00  9.05584401E-03
 1.13115262E+00  2.22973286E-02
 1.13522902E+00  2.61779211E-02
 1.15012080E+00  1.95889839E-02
 1.16734319E+00  6.30122509E-03
 1.17325579E+00 -4.46889573E-03
 1.16165722E+00 -7.63890979E-03
 1.13824601E+00 -3.71462878E-03
 1.12301358E+00  4.40388849E-03
 1.13822060E+00  9.77012925E-03
 1.16630539E+00  8.90202782E-03
 1.17108274E+00  3.72322087E-03
 1.16460197E+00 -3.28904218E-03
 1.17113238E+00 -7.46390899E-03
 1.16577213E+00 -6.25180435E-03
 1.12651449E+00 -1.50127882E-03
 1.09418102E+00  4.65509708E-03
 1.11496721E+00  8.91410152E-03
 1.16178806E+00  9.10722934E-03
 1.18420058E+00  6.30397153E-03
 1.18521635E+00  2.41620797E-03
 1.17965091E+00  3.63780939E-04
 1.16155341E+00  1.98989747E-03
 1.13962159E+00  6.42925712E-03
 1.12991435E+00  1.13171326E-02
 1.13498638E+00  1.29353168E-02
 1.14819383E+00  9.09690806E-03
 1.15688884E+00  5.48700415E-04
 1.15516682E+00 -9.76399996E-03
 1.14619088E+00 -1.67615422E-02
 1.13709555E+00 -1.70135695E-02
 1.13779833E+00 -1.00930196E-02
 1.14108352E+00  2.26039861E-03
 1.13224690E+00  1.54051737E-02
 1.12787791E+00  2.49933035E-02
 1.15108751E+00  2.73946128E-02
 1.18407789E+00  1.71337837E-02
 1.19740717E+00 -5.79081706E-03
 1.19078196E+00 -2.41715924E-02
 1.17150290E+00 -1.87189043E-02
 1.14230407E+00 -2.50557432E-03
 1.11662102E+00 -1.24588996E-03
 1.10648121E+00 -5.46236655E-03
 1.11287623E+00  3.91943992E-03
 1.13067239E+00  1.67753649E-02
 1.14836678E+00  2.06996099E-02
 1.15901846E+00  1.91722797E-02
 1.16295470E+00  1.35721395E-02
 1.16139762E+00  3.06913013E-03
 1.15935372E+00 -7.40729353E-03
 1.15876142E+00 -1.30181974E-02
 1.15652236E+00 -1.19722553E-02
 1.15315727E+00 -5.81208114E-03
 1.14985478E+00  6.96445107E-04
 1.14791953E+00  5.16201063E-03
 1.15056110E+00  7.52667802E-03
 1.15634813E+00  7.81949129E-03
 1.16052310E+00  7.78991831E-03
 1.16071556E+00  7.77991303E-03
 1.15570291E+00  6.30095561E-03
 1.14723436E+00  3.88561498E-03
 1.14063364E+00  1.61431995E-03
 1.13857174E+00  3.64441607E-04
 1.14117137E+00  1.50189523E-03
 1.14781245E+00  4.24509157E-03
 1.15554441E+00  6.14784561E-03
 1.16255694E+00  6.02914301E-03
 1.16868982E+00  3.52696384E-03
 1.17220265E+00 -5.16338637E-04
 1.17148525E+00 -3.65343647E-03
 1.16555622E+00 -4.65332409E-03
 1.15402045E+00 -3.59815770E-03
 1.14050423E+00 -8.08891802E-04
 1.13127577E+00  2.41065840E-03
 1.13050816E+00  5.21838557E-03
 1.13956133E+00  7.56005492E-03
 1.15453492E+00  8.65490729E-03
 1.16678519E+00  7.75452363E-03
 1.17094766E+00  4.48146944E-03
 1.16600639E+00 -1.19209529E-03
 1.15506413E+00 -7.38003674E-03
 1.14612104E+00 -1.09462762E-02
 1.14354003E+00 -9.85272098E-03
 1.14678653E+00 -3.59344311E-03
 1.15379428E+00  5.57922985E-03
 1.15924111E+00  1.29661621E-02
 1.16051240E+00  1.55144314E-02
 1.15928017E+00  1.24493175E-02
 1.15674301E+00  5.29906107E-03
 1.15528443E+00 -1.69687740E-03
 1.15613834E+00 -5.99886806E-03
 1.15767401E+00 -7.32309642E-03
 1.15922915E+00 -5.84263656E-03
 1.16025063E+00 -3.31373015E-03
 1.16021781E+00 -4.70156892E-04
 1.16000691E+00  3.39581809E-03
 1.15993603E+00  7.38801574E-03
 1.15988007E+00  1.02709917E-02
 1.16000961E+00  1.09608738E-02
 1.16004922E+00  8.19592690E-03
 1.15985630E+00  3.19256072E-03
 1.15959598E+00 -1.02511865E-03
 1.15924824E+00 -2.64100740E-03
 1.15886153E+00 -8.67286373E-04
 1.15851538E+00  3.19907734E-03
 1.15817311E+00  6.38057157E-03
 1.15785345E+00  7.07132152E-03
 1.15758934E+00  5.38615366E-03
 1.15737855E+00  2.15970357E-03
 1.15724087E+00 -3.24876545E-04
 1.15718954E+00 -9.38447714E-04
 1.15722476E+00 -2.19343365E-04
 1.15735705E+00  1.42343715E-03
 1.15759431E+00  2.98335245E-03
 1.15793452E+00  3.90130440E-03
 1.15837021E+00  4.69230043E-03
 1.15888465E+00  5.38515036E-03
 1.15944538E+00  5.93314226E-03
 1.15999926E+00  6.27269473E-03
 1.16046276E+00  5.84397116E-03
 1.16070638E+00  4.49729313E-03
 1.16054919E+00  2.45918611E-03
 1.15976032E+00 -4.10123591E-05
 1.15804722E+00 -2.40369798E-03
 1.15504412E+00 -3.80877366E-03
 1.15053658E+00 -3.51598654E-03
 1.14492145E+00 -1.05099455E-03
 1.13955590E+00  3.34829002E-03
 1.13722841E+00  8.17847816E-03
 1.14133077E+00  1.11426774E-02
 1.15340518E+00  1.06595908E-02
 1.17184810E+00  6.42171901E-03
 1.19025269E+00  1.28916952E-04
 1.19891489E+00 -4.80147817E-03
 1.19173491E+00 -6.13310793E-03
 1.16872234E+00 -3.35727218E-03
 1.13848885E+00  2.31087244E-03
 1.11686346E+00  7.67344835E-03
 1.11407193E+00  1.07798055E-02
 1.13152491E+00  1.13595084E-02
 1.16098909E+00  9.49876620E-03
 1.18449975E+00  6.50451769E-03
 1.19118541E+00  3.06430482E-03
 1.18058153E+00 -9.99597657E-04
 1.15895103E+00 -4.38693851E-03
 1.14151561E+00 -5.44888803E-03
 1.13677228E+00 -3.08596225E-03
 1.14315991E+00  3.18740251E-03
 1.15728832E+00  1.08693020E-02
 1.17029340E+00  1.53601239E-02
 1.17726797E+00  1.38473285E-02
 1.18045090E+00  5.80934623E-03
 1.17938255E+00 -5.66025036E-03
 1.17453903E+00 -1.40722008E-02
 1.16635340E+00 -1.54199863E-02
 1.15304569E+00 -9.07387702E-03
 1.13900715E+00  2.70036834E-03
 1.13219249E+00  1.40027999E-02
 1.13725081E+00  2.10586828E-02
 1.15582742E+00  2.31031334E-02
 1.18127042E+00  1.97383305E-02
 1.19964673E+00  1.26747851E-02
 1.20212389E+00  2.97936573E-03
 1.18623196E+00 -9.20744926E-03
 1.15683692E+00 -2.01643081E-02
 1.12743145E+00 -2.48496139E-02
 1.10690909E+00 -1.97614228E-02
 1.09822770E+00 -3.52422549E-03
 1.10327040E+00  1.83595450E-02
 1.11880313E+00  3.51178426E-02
 1.14305723E+00  3.95205938E-02
 1.17563022E+00  2.89765726E-02
 1.20700172E+00  7.57754337E-03
 1.22399163E+00 -1.34840009E-02
 1.21676885E+00 -2.71087104E-02
 1.18050418E+00 -3.12106936E-02
 1.12658827E+00 -2.55341443E-02
 1.07931170E+00 -1.45329948E-02
 1.05550928E+00 -3.25456120E-04
 1.06279026E+00  1.75934564E-02
 1.09626528E+00  3.44232250E-02
 1.13618053E+00  4.40333995E-02
 1.17038955E+00  4.14169908E-02
 1.19474122E+00  2.29467159E-02
 1.20268642E+00 -5.30688050E-03
 1.19392818E+00 -3.00210261E-02
 1.16795929E+00 -4.21608017E-02
 1.12615537E+00 -3.73216585E-02
 1.09278937E+00 -1.86374445E-02
 1.09403777E+00  2.17352506E-03
 1.11424420E+00  1.84158892E-02
 1.12407718E+00  2.85778554E-02
 1.14028691E+00  3.11452878E-02
 1.18631914E+00  2.86762757E-02
 1.22680316E+00  2.12296792E-02
 1.21926879E+00  6.20955803E-03
 1.18348701E+00 -1.15799806E-02
 1.15559267E+00 -2.43011170E-02
 1.13347306E+00 -2.60318845E-02
 1.11212893E+00 -1.24970757E-02
 1.10450143E+00  1.09137761E-02
 1.11463653E+00  3.08732628E-02
 1.14137822E+00  3.91969004E-02
 1.18300157E+00  3.27938486E-02
 1.21592018E+00  1.44936111E-02
 1.21309374E+00 -4.96190569E-03
 1.19008380E+00 -1.94658170E-02
 1.17755484E+00 -2.78434857E-02
 1.15954535E+00 -2.72748271E-02
 1.11315043E+00 -1.80775727E-02
 1.07348635E+00 -5.93272100E-04
 1.08174636E+00  2.44056370E-02
 1.11775643E+00  4.50167982E-02
 1.14554104E+00  4.77099665E-02
 1.16710403E+00  3.73011622E-02
 1.18856071E+00  2.55698289E-02
 1.20050855E+00  8.28298238E-03
 1.20263177E+00 -1.91388207E-02
 1.19571266E+00 -3.87952803E-02
 1.17466892E+00 -3.23510388E-02
 1.14635255E+00 -1.03361414E-02
 1.12468460E+00  6.79830831E-03
 1.11942984E+00  1.68499920E-02
 1.13661924E+00  2.23300104E-02
 1.16786968E+00  2.10920181E-02
 1.19241515E+00  1.75719167E-02
 1.19871069E+00  1.46866182E-02
 1.18504547E+00  1.01595677E-02
 1.15964352E+00  6.92326634E-03
 1.14289905E+00  9.05481543E-03
 1.14503835E+00  1.77579660E-02
 1.16312200E+00  3.13562264E-02
 1.18918544E+00  3.62784604E-02
 1.20581806E+00  1.68207940E-02
 1.20169353E+00 -1.67071248E-02
 1.17597746E+00 -4.01632123E-02
 1.12735729E+00 -4.68565176E-02
 1.06863245E+00 -3.69510140E-02
 1.04108475E+00 -1.03401434E-02
 1.07987395E+00  2.12669525E-02
 1.14917581E+00  4.46974459E-02
 1.18127651E+00  5.22084553E-02
 1.18143865E+00  3.98513239E-02
 1.18455870E+00  1.36786555E-02
 1.18170383E+00 -1.06437879E-02
 1.17073393E+00 -1.71925201E-02
 1.17079057E+00 -7.52659980E-03
 1.18320574E+00  3.66767875E-03
 1.19491379E+00  1.20829449E-02
 1.19233887E+00  1.58669140E-02
 1.17249774E+00  7.43446410E-03
 1.14297060E+00 -1.16836878E-02
 1.11338628E+00 -2.72087480E-02
 1.09811385E+00 -2.38360210E-02
 1.10655440E+00 -2.17026828E-03
 1.13583953E+00  2.35809827E-02
 1.17524695E+00  3.78427008E-02
 1.20670302E+00  2.67566208E-02
 1.21660221E+00 -4.33266755E-04
 1.20184938E+00 -1.75456566E-02
 1.16820419E+00 -2.45036919E-02
 1.13120936E+00 -3.17906663E-02
 1.10216543E+00 -2.93512404E-02
 1.08561993E+00 -9.95710336E-03
 1.08665055E+00  1.88671381E-02
 1.10518384E+00  4.80409773E-02
 1.14028661E+00  6.39718256E-02
 1.18829509E+00  5.28876810E-02
 1.22666259E+00  2.39750517E-02
 1.23177556E+00  5.58136371E-05
 1.21637173E+00 -1.38890795E-02
 1.20601448E+00 -2.11915471E-02
 1.18725571E+00 -2.02062849E-02
 1.14135450E+00 -1.57865852E-02
 1.10087557E+00 -1.12790261E-02
 1.10363183E+00 -3.33214804E-03
 1.13039972E+00  7.01169212E-03
 1.14622564E+00  1.72461217E-02
 1.15248401E+00  2.46208357E-02
 1.15703384E+00  2.43206077E-02
 1.15732015E+00  1.74549288E-02
 1.16146004E+00  9.57076490E-03
 1.17407135E+00  3.60219389E-03
 1.18777020E+00  1.57289297E-03
 1.19805739E+00  2.81313624E-03
 1.20038644E+00  2.90608681E-03
 1.19223872E+00  6.59168436E-04
 1.17793802E+00 -2.43800417E-03
 1.16128759E+00 -5.34672502E-03
 1.14630146E+00 -5.59962405E-03
 1.13763497E+00 -2.39461135E-03
 1.13657684E+00  2.40206418E-03
 1.14218946E+00  7.63072549E-03
 1.15188527E+00  1.18433614E-02
 1.16285827E+00  1.35930736E-02
 1.17311679E+00  1.28592322E-02
 1.18045433E+00  9.75740537E-03
 1.18322162E+00  4.71294354E-03
 1.17958150E+00 -1.30740972E-03
 1.16845468E+00 -7.27639389E-03
 1.15357233E+00 -1.14798235E-02
 1.14159545E+00 -1.19280889E-02
 1.13761333E+00 -7.37786060E-03
 1.14425811E+00  2.01094981E-03
 1.15806486E+00  1.30864845E-02
 1.17022776E+00  2.05988866E-02
 1.17561127E+00  2.08903748E-02
 1.17320923E+00  1.29903120E-02
 1.16539438E+00  3.02684633E-04
 1.15923142E+00 -9.90197690E-03
 1.15803930E+00 -1.30451524E-02
 1.16048909E+00 -8.28112339E-03
 1.16518128E+00  1.79928824E-03
 1.16846449E+00  1.05417037E-02
 1.16864989E+00  1.42841010E-02
 1.16759818E+00  1.34194418E-02
 1.16575153E+00  9.47171578E-03
 1.16371346E+00  6.56166785E-03
 1.16208887E+00  6.58993633E-03
 1.16000534E+00  7.93022070E-03
 1.15826189E+00  9.47592302E-03
 1.15860486E+00  9.30637915E-03
 1.16152807E+00  6.50868048E-03
 1.16675465E+00  2.67351095E-03
 1.17165031E+00 -1.16845393E-03
 1.17178746E+00 -3.94882918E-03
 1.16515319E+00 -4.63130996E-03
 1.15308479E+00 -3.46054874E-03
 1.14154855E+00 -6.14690402E-04
 1.13944127E+00  3.65582750E-03
 1.14942085E+00  8.63079485E-03
 1.16438108E+00  1.35743538E-02
 1.16449644E+00  1.70534038E-02
