# x =
 5.27522277E+01
# y =
 3.25097170E+00
 VARIABLES = u,v
 1.22448665E+00  1.96211063E-02
 1.21521381E+00  1.51748748E-02
 1.19034944E+00 -1.11574817E-02
 1.15156836E+00 -5.26767323E-02
 1.09996359E+00 -9.57362534E-02
 1.04221521E+00 -1.28216582E-01
 9.91093638E-01 -1.39631197E-01
 9.54147813E-01 -1.29271693E-01
 9.36036856E-01 -1.06313734E-01
 9.41126525E-01 -7.54712306E-02
 9.68453217E-01 -3.95382117E-02
 1.01278910E+00 -4.57892405E-03
 1.06625779E+00  2.53467440E-02
 1.11807893E+00  4.32172896E-02
 1.15811500E+00  4.11929857E-02
 1.18206665E+00  2.38718127E-02
 1.19057714E+00  3.30915737E-03
 1.18390140E+00 -1.13839534E-02
 1.16424980E+00 -1.31684182E-02
 1.13883186E+00 -3.53142577E-03
 1.11647705E+00  7.07424253E-03
 1.10696044E+00  1.46172961E-02
 1.11729996E+00  1.96564319E-02
 1.14128154E+00  2.11691995E-02
 1.16346866E+00  2.13574441E-02
 1.17362787E+00  1.92435791E-02
 1.16746644E+00  1.05120472E-02
 1.15050685E+00 -1.73154544E-03
 1.13874848E+00 -1.11027316E-02
 1.13942761E+00 -1.34693419E-02
 1.15071223E+00 -5.42514430E-03
 1.16916527E+00  9.89253390E-03
 1.18496076E+00  2.33225717E-02
 1.19290286E+00  2.99654500E-02
 1.19474827E+00  2.84607670E-02
 1.18793093E+00  1.98106072E-02
 1.17048622E+00  9.62279975E-03
 1.14204967E+00  7.68229086E-04
 1.10199529E+00 -6.98628057E-03
 1.05864872E+00 -1.17160969E-02
 1.02639831E+00 -1.22762585E-02
 1.01538868E+00 -7.47347065E-03
 1.03102198E+00  4.30846703E-03
 1.06849723E+00  1.91819003E-02
 1.11281155E+00  2.99307289E-02
 1.15353558E+00  3.17995928E-02
 1.18552109E+00  2.26983257E-02
 1.20705764E+00  6.84433971E-03
 1.22290175E+00 -5.80662396E-03
 1.23247408E+00 -9.42131085E-03
 1.22969614E+00 -3.08996266E-03
 1.21246418E+00  9.65816383E-03
 1.17924957E+00  1.97690639E-02
 1.13300809E+00  2.26224818E-02
 1.08404413E+00  1.95483501E-02
 1.04254560E+00  1.38501806E-02
 1.01868170E+00  1.25950010E-02
 1.02126449E+00  1.93290254E-02
 1.05183225E+00  3.17497004E-02
 1.10244400E+00  4.64841105E-02
 1.15796732E+00  5.74806132E-02
 1.20413327E+00  6.01535875E-02
 1.23111998E+00  5.36860648E-02
 1.23706148E+00  3.70686371E-02
 1.22838506E+00  1.08966145E-02
 1.20722588E+00 -2.30525730E-02
 1.17244861E+00 -6.22371713E-02
 1.12666071E+00 -9.87218764E-02
 1.07235448E+00 -1.20860641E-01
 1.01756970E+00 -1.17531506E-01
 9.76072243E-01 -7.88278275E-02
 9.56058973E-01 -2.53835556E-04
 9.61817638E-01  1.02552273E-01
 9.95471384E-01  1.70639579E-01
 1.05111520E+00  1.43969259E-01
 1.11467121E+00  6.50779314E-02
 1.16772221E+00  2.37484799E-02
 1.19321060E+00  8.51955350E-03
 1.18248663E+00 -2.52228127E-02
 1.14531000E+00 -5.22026640E-02
 1.10583410E+00 -5.26847106E-02
 1.08127499E+00 -4.16334246E-02
 1.07934635E+00 -2.06906373E-02
 1.09649507E+00  1.00582670E-02
 1.11527148E+00  3.77505925E-02
 1.12816761E+00  4.74370471E-02
 1.13748749E+00  2.92332310E-02
 1.14099698E+00 -5.20709283E-03
 1.14004817E+00 -2.95689225E-02
 1.13213673E+00 -3.18954491E-02
 1.10946272E+00 -1.47724562E-02
 1.07777126E+00  4.52948032E-04
 1.05022987E+00 -1.08814323E-02
 1.03606625E+00 -6.18259967E-03
 1.04354831E+00  7.45783398E-02
 1.07118982E+00  1.68844284E-01
 1.10698041E+00  1.73792706E-01
 1.14427805E+00  1.10430709E-01
 1.17914237E+00  4.36171438E-02
 1.20519198E+00 -9.31254991E-03
 1.21919182E+00 -2.44601557E-02
 1.21552205E+00 -5.71708834E-03
 1.18761190E+00 -3.42974371E-03
 1.13997002E+00 -1.59562616E-02
 1.08426570E+00 -1.21762059E-02
 1.03252753E+00  2.48753189E-03
 9.98949728E-01  2.81738670E-02
 9.94648868E-01  7.78306702E-02
 1.02346020E+00  1.38516071E-01
 1.08452641E+00  1.61536311E-01
 1.16403231E+00  1.04244904E-01
 1.22224751E+00  1.66823189E-02
 1.22298026E+00 -1.11596105E-02
 1.19651451E+00  6.03294013E-03
 1.19664551E+00  9.99251868E-03
 1.18914467E+00  7.63728911E-04
 1.11903369E+00 -1.50591419E-02
 1.03991996E+00 -1.03196439E-02
 1.02424599E+00  6.55761069E-02
 1.04277281E+00  1.57696869E-01
 1.04666315E+00  1.61719082E-01
 1.04880111E+00  9.74354898E-02
 1.06211890E+00  3.25777615E-02
 1.07120416E+00 -2.32742410E-02
 1.07176369E+00 -5.56670017E-02
 1.06303047E+00 -5.87140172E-02
 1.03739457E+00 -6.32253137E-02
 1.00370564E+00 -5.59482249E-02
 9.82080910E-01 -7.14754499E-03
 9.85585616E-01  3.97230915E-02
 1.02096078E+00  3.21519027E-02
 1.07844444E+00 -3.29558045E-03
 1.13215202E+00 -2.03635427E-02
 1.16641199E+00 -2.64687298E-02
 1.17575866E+00 -3.71146216E-02
 1.16011689E+00 -4.19317033E-02
 1.13127535E+00 -3.87744170E-02
 1.09548754E+00 -2.84094365E-02
 1.05314298E+00 -1.13972776E-03
 1.01515931E+00  4.18308113E-02
 9.94043164E-01  9.03822629E-02
 1.00054342E+00  1.36600210E-01
 1.04297494E+00  1.69916193E-01
 1.10877911E+00  1.82557228E-01
 1.17009552E+00  1.72843516E-01
 1.20703993E+00  1.38115917E-01
 1.20823485E+00  8.01794259E-02
 1.17810971E+00  1.36594399E-02
 1.13907751E+00 -4.07806708E-02
 1.10350050E+00 -6.61015839E-02
 1.07442254E+00 -5.35129450E-02
 1.05692363E+00 -1.43729208E-02
 1.04923771E+00  2.35939757E-02
 1.05497133E+00  4.25177304E-02
 1.08274275E+00  3.68023321E-02
 1.12437249E+00  1.39172979E-02
 1.16351236E+00 -2.80636550E-03
 1.18755374E+00 -2.71626016E-03
 1.18607713E+00  9.93305163E-03
 1.16527461E+00  2.95089621E-02
 1.14575020E+00  4.19119020E-02
 1.13690398E+00  4.04165097E-02
 1.13806008E+00  3.00847357E-02
 1.14026007E+00  1.03194904E-02
 1.12299871E+00 -1.84903691E-02
 1.07828391E+00 -5.42435367E-02
 1.01415108E+00 -9.70894104E-02
 9.44667283E-01 -1.36698896E-01
 8.93683696E-01 -1.56336871E-01
 8.77100348E-01 -1.46217262E-01
 8.95227270E-01 -1.03893137E-01
 9.40612532E-01 -4.22160451E-02
 9.95406846E-01  1.22895076E-02
 1.04580546E+00  4.17737137E-02
 1.08797293E+00  4.05624711E-02
 1.12033110E+00  1.73028752E-02
 1.14707580E+00 -3.62216273E-03
 1.16846722E+00 -8.35336627E-03
 1.17898012E+00  2.93258479E-03
 1.17999373E+00  2.37252354E-02
 1.17502577E+00  3.63758004E-02
 1.16807332E+00  3.27693784E-02
 1.16471550E+00  1.81735575E-02
 1.16010752E+00 -3.72325785E-03
 1.14232484E+00 -2.47773824E-02
 1.10618996E+00 -4.02513174E-02
 1.05238744E+00 -5.34569560E-02
 9.91262340E-01 -6.19708881E-02
 9.43088222E-01 -6.19511512E-02
 9.20104468E-01 -5.20514153E-02
 9.24761609E-01 -3.04580282E-02
 9.52974466E-01 -3.38584499E-03
 9.90830872E-01  1.68346267E-02
 1.02860107E+00  2.29084545E-02
 1.06337567E+00  1.28857697E-02
 1.09121770E+00 -5.77879400E-03
 1.11193194E+00 -1.66161843E-02
 1.12397448E+00 -9.92781568E-03
 1.12396541E+00  1.47786382E-02
 1.11863282E+00  4.90580728E-02
 1.11971758E+00  7.44914922E-02
 1.13555728E+00  8.03675333E-02
 1.17004703E+00  6.70431304E-02
 1.21185641E+00  4.08866536E-02
 1.23762812E+00  1.70411922E-02
 1.23365094E+00  4.53302320E-03
 1.19778061E+00  2.62980756E-03
 1.14200291E+00  9.47036518E-03
 1.09356896E+00  1.81586245E-02
 1.06893377E+00  2.45452579E-02
 1.07036269E+00  3.00182608E-02
 1.09309938E+00  3.13604384E-02
 1.12001890E+00  2.47217886E-02
 1.14064459E+00  7.39447796E-03
 1.15453298E+00 -2.32344830E-02
 1.15681139E+00 -6.04830941E-02
 1.14560687E+00 -9.09467462E-02
 1.11864530E+00 -1.05211463E-01
 1.07209533E+00 -9.80117977E-02
 1.01803487E+00 -7.26823111E-02
 9.77984630E-01 -4.17479213E-02
 9.67393690E-01 -1.30380631E-02
 9.94904374E-01  1.03283204E-02
 1.05014603E+00  2.61832309E-02
 1.10533086E+00  3.70567224E-02
 1.14291171E+00  4.19660447E-02
 1.15649221E+00  3.65116902E-02
 1.14898490E+00  2.27463392E-02
 1.13758171E+00  5.17828088E-03
 1.12987058E+00 -1.13496242E-02
 1.12281206E+00 -2.04497011E-02
 1.11838996E+00 -2.17172899E-02
 1.11527579E+00 -1.97403136E-02
 1.11518592E+00 -1.61237867E-02
 1.12489005E+00 -1.16976328E-02
 1.13779164E+00 -7.27550146E-03
 1.14043072E+00 -1.42651840E-03
 1.12544325E+00  4.78224345E-03
 1.09003519E+00  8.78976377E-03
 1.04640512E+00  1.21401029E-02
 1.01975573E+00  1.77498787E-02
 1.02419750E+00  2.72430041E-02
 1.06105289E+00  4.13810100E-02
 1.11834999E+00  5.63465601E-02
 1.16869885E+00  6.46473694E-02
 1.19481954E+00  6.20360001E-02
 1.19385850E+00  4.75495279E-02
 1.17012982E+00  2.34707293E-02
 1.14009859E+00 -3.54511195E-03
 1.11319697E+00 -2.85919975E-02
 1.08805315E+00 -4.90890859E-02
 1.06637255E+00 -6.18382389E-02
 1.04675864E+00 -6.54234888E-02
 1.03135039E+00 -5.86239652E-02
 1.02850307E+00 -4.08704568E-02
 1.03715098E+00 -1.78185690E-02
 1.05148739E+00  2.18377673E-03
 1.06806762E+00  1.54904583E-02
 1.08317381E+00  2.57566301E-02
 1.10163204E+00  5.10852504E-02
 1.13384360E+00  1.04499933E-01
 1.17764439E+00  1.41470913E-01
 1.21645137E+00  1.03527661E-01
 1.21582463E+00  3.07147237E-02
 1.14500209E+00 -2.13108792E-03
 1.04431067E+00 -1.93103895E-02
 9.87743643E-01 -6.66244402E-02
 9.70211386E-01 -1.10188009E-01
 9.52364450E-01 -1.12890952E-01
 9.38500283E-01 -8.55286358E-02
 9.33702849E-01 -3.80291822E-02
 9.49346745E-01  2.60892225E-02
 1.01543587E+00  8.71329607E-02
 1.10559170E+00  1.23380078E-01
 1.16381495E+00  1.24450311E-01
 1.19542339E+00  9.66713006E-02
 1.22182845E+00  6.01549997E-02
 1.22229928E+00  2.76244424E-02
 1.18313895E+00  4.07439200E-03
 1.12709414E+00 -8.83168195E-03
 1.08064313E+00 -1.81134752E-02
 1.06011262E+00 -2.33762010E-02
 1.07698574E+00 -1.73357196E-02
 1.12141268E+00 -2.94825887E-03
 1.16304100E+00  1.39398579E-02
 1.18315120E+00  2.69316970E-02
 1.17573618E+00  2.69143554E-02
 1.14436905E+00  1.60256832E-02
 1.10812014E+00  5.00104755E-03
 1.07526716E+00 -1.32190472E-03
 1.04286639E+00 -7.15265044E-04
 1.01662832E+00  5.92159288E-03
 1.00069271E+00  1.15395824E-02
 1.00120631E+00  1.43974561E-02
 1.02848410E+00  1.72257723E-02
 1.07569660E+00  1.92778246E-02
 1.12478880E+00  2.05491012E-02
 1.16303461E+00  2.03354768E-02
 1.17981165E+00  1.56854166E-02
 1.17438428E+00  8.16677022E-03
 1.15824508E+00  2.15407847E-03
 1.13647717E+00  1.83055312E-04
 1.11085449E+00  4.52762240E-03
 1.08878594E+00  1.54534371E-02
 1.07579471E+00  2.99566520E-02
 1.07889410E+00  4.52685183E-02
 1.10470757E+00  5.74798492E-02
 1.14360199E+00  5.86056980E-02
 1.17577770E+00  4.03094194E-02
 1.18699748E+00 -1.31439026E-03
 1.16870840E+00 -6.23291088E-02
 1.12609215E+00 -1.23664249E-01
 1.07854027E+00 -1.56942783E-01
 1.03710096E+00 -1.45670931E-01
 1.00525813E+00 -9.27469476E-02
 9.85980011E-01 -3.04078310E-02
 9.75431414E-01 -1.63134504E-03
 9.75294350E-01  9.48313721E-03
 9.92935426E-01  4.50275303E-02
 1.02560719E+00  7.40743878E-02
 1.06636236E+00  5.19123834E-02
 1.10768602E+00  1.36656295E-02
 1.13873647E+00  4.59165940E-03
 1.15559334E+00  5.45527785E-03
 1.16078178E+00 -1.00795569E-02
 1.15339200E+00 -2.51263614E-02
 1.13332804E+00 -2.42776982E-02
 1.10415571E+00 -2.31527688E-02
 1.06924411E+00 -2.67926572E-02
 1.03428253E+00  5.94264830E-03
 1.00522137E+00  9.94181172E-02
 9.79936716E-01  1.51027284E-01
 9.50951961E-01  3.88902039E-02
 9.12571877E-01 -1.38820560E-01
 8.59374533E-01 -2.03760596E-01
 7.87626927E-01 -1.89779496E-01
 6.98763399E-01 -1.96482886E-01
 5.96551047E-01 -2.08577459E-01
 4.91972290E-01 -2.17319751E-01
 4.13709638E-01 -2.13257797E-01
 3.96694071E-01 -1.42807228E-01
 4.57388778E-01 -5.00805238E-02
 5.81363976E-01 -2.70723193E-02
 7.01362936E-01 -3.44912333E-02
 7.47257559E-01  6.68308093E-03
 7.89588196E-01  8.46353998E-02
 9.29179592E-01  1.80940586E-01
 1.00817661E+00  3.15508119E-01
 8.27373554E-01  4.69331224E-01
 5.87306751E-01  5.56376751E-01
 5.95568213E-01  5.09236577E-01
 7.62366555E-01  4.11192276E-01
 8.77597244E-01  3.92981490E-01
 9.43919263E-01  3.80123786E-01
 9.58294290E-01  2.39265556E-01
 8.86926736E-01  6.23864445E-02
 7.93495849E-01 -1.55128763E-02
 6.90527653E-01 -4.02673841E-02
 5.43783768E-01 -7.80121535E-02
 4.10943901E-01 -1.03367302E-01
 3.51704283E-01 -1.11345530E-01
 3.34245948E-01 -1.40045776E-01
 3.25098768E-01 -1.90252185E-01
 3.84244340E-01 -1.94129940E-01
 5.74646334E-01 -8.91529688E-02
 8.19391310E-01  5.17339686E-02
 9.92865708E-01  1.03574316E-01
 1.06724049E+00  9.16178900E-02
 1.04956868E+00  9.43374333E-02
 9.45610893E-01  9.11753654E-02
 8.03193011E-01  6.38169208E-02
 6.39759044E-01  3.99831695E-02
 4.54652255E-01  1.72943880E-02
 3.51151424E-01 -2.93725962E-02
 4.37608825E-01 -1.06912367E-01
 6.43799161E-01 -1.77412159E-01
 8.25312293E-01 -1.88206254E-01
 9.41807364E-01 -1.52956000E-01
 9.94592738E-01 -1.14001561E-01
 1.00170427E+00 -5.96166799E-02
 1.03311904E+00  2.55058895E-02
 1.07144787E+00  1.12219817E-01
 1.04246053E+00  1.74582466E-01
 1.00267878E+00  2.13068671E-01
 1.02417009E+00  2.30161940E-01
 1.02324789E+00  2.23963752E-01
 9.12627992E-01  2.04180181E-01
 7.91162660E-01  1.99409572E-01
 7.96402799E-01  2.30915400E-01
 8.86242853E-01  2.69056092E-01
 9.64190226E-01  2.66938977E-01
 1.03175355E+00  2.44113706E-01
 1.07697254E+00  2.37667316E-01
 1.03334934E+00  2.04426438E-01
 8.78604182E-01  9.48808690E-02
 6.63776016E-01 -4.29651304E-02
 4.66174789E-01 -1.36096441E-01
 3.30011292E-01 -1.75416536E-01
 2.63845758E-01 -1.76633683E-01
 2.33817132E-01 -1.71779023E-01
 1.84335995E-01 -2.05155712E-01
 1.71974526E-01 -2.17748318E-01
 2.85953890E-01 -1.13300189E-01
 4.03050034E-01  1.97725161E-02
 3.55610949E-01  3.44616784E-02
 2.50248199E-01 -2.44284603E-02
 2.72263225E-01 -5.33559994E-02
 3.94518367E-01 -4.28998879E-02
 5.41421734E-01  1.23419294E-02
 7.16634594E-01  8.69755880E-02
 8.73065506E-01  1.01998078E-01
 9.33831811E-01  8.54810311E-02
 8.85845736E-01  1.13724245E-01
 7.89410533E-01  1.20773992E-01
 7.37463527E-01  2.87874043E-02
 7.45217687E-01 -6.29011700E-02
 7.71215034E-01 -3.42935170E-02
 8.07502181E-01  4.66316748E-02
 8.44775611E-01  6.93578696E-02
 9.00819937E-01  7.93667359E-02
 1.01811758E+00  1.35611093E-01
 1.12380407E+00  1.59671825E-01
 1.11602896E+00  8.76280197E-02
 1.08009489E+00  1.53591608E-02
 1.14337381E+00  4.94467567E-02
 1.21990944E+00  1.06745674E-01
 1.18257956E+00  6.35408595E-02
 1.11368624E+00 -6.79966290E-04
 1.12592211E+00  3.11119681E-02
 1.15917529E+00  8.50116826E-02
 1.13904944E+00  6.42129807E-02
 1.11006141E+00  1.92486444E-02
 1.11517931E+00  1.03098860E-02
 1.12436640E+00  8.27144594E-03
 1.11386170E+00 -1.06290279E-02
 1.09835150E+00 -2.58934840E-02
 1.08764688E+00 -2.70411783E-02
 1.07702846E+00 -1.59445297E-02
 1.06770731E+00  1.43497619E-02
 1.06565537E+00  6.65579012E-02
 1.07297332E+00  1.33014869E-01
 1.09067048E+00  2.01637347E-01
 1.11677464E+00  2.50443226E-01
 1.13772273E+00  2.41927002E-01
 1.13503997E+00  1.54494577E-01
 1.10252719E+00  4.50845147E-02
 1.05191117E+00  1.67759203E-03
 1.02269841E+00  1.47983997E-02
 1.05057054E+00  2.52425788E-02
 1.07675919E+00  2.51874725E-02
 1.01567438E+00  1.36570254E-02
 9.37069846E-01  4.59881512E-03
 9.59264689E-01  4.08053867E-02
 1.03236072E+00  8.90745133E-02
 1.06058045E+00  8.13159154E-02
 1.05770094E+00  4.91572300E-02
 1.05019661E+00  5.29610541E-02
 1.05190800E+00  8.38308109E-02
 1.10307544E+00  1.22787652E-01
 1.17314208E+00  1.63165498E-01
 1.18624416E+00  1.76083506E-01
 1.16764693E+00  1.43568708E-01
 1.17483311E+00  7.97952161E-02
 1.18082102E+00  2.33774723E-02
 1.15281875E+00  1.69754703E-02
 1.11096684E+00  3.36050804E-02
 1.07098041E+00  1.49050486E-02
 1.03001099E+00  3.36703576E-04
 9.95427203E-01  5.39624178E-02
 9.80330056E-01  1.32135663E-01
 9.91412050E-01  1.71310554E-01
 1.02937615E+00  1.85840665E-01
 1.08800341E+00  1.94115049E-01
 1.15130442E+00  1.67852661E-01
 1.18826218E+00  9.14614357E-02
 1.14579595E+00 -6.51773717E-03
 1.00157654E+00 -8.90981794E-02
 8.76480719E-01 -1.34322720E-01
 9.22821413E-01 -1.28879288E-01
 1.03828015E+00 -8.26701195E-02
 1.02727799E+00 -3.06269380E-02
 9.69126418E-01  6.37951508E-03
 1.01300684E+00  2.34666275E-02
 1.08988474E+00  2.32843033E-02
 1.11736436E+00  2.39628599E-02
 1.13322016E+00  3.06500067E-02
 1.15345766E+00  3.34134284E-02
 1.15554261E+00  3.12186033E-02
 1.14575438E+00  2.20137680E-02
 1.14038135E+00  8.11267088E-03
 1.14507331E+00  1.76862874E-03
 1.15919111E+00  4.86476924E-03
 1.17551912E+00  1.18962825E-02
 1.18485218E+00  1.75337100E-02
 1.16918383E+00  8.13324417E-03
 1.08841196E+00 -3.61831270E-02
 9.24153031E-01 -1.19483879E-01
 7.66697210E-01 -1.93698352E-01
 7.41097584E-01 -1.94219992E-01
 8.20617789E-01 -1.37194706E-01
 8.99220287E-01 -8.16198031E-02
 9.49212743E-01 -3.69979999E-02
 9.62672966E-01 -1.25411668E-03
 9.67108760E-01  2.67479906E-02
 1.04416693E+00  6.95022434E-02
 1.15805619E+00  1.07000691E-01
 1.20756430E+00  9.39709716E-02
 1.21538781E+00  4.77008122E-02
 1.22998781E+00  6.61380634E-03
 1.22298077E+00 -2.77943035E-02
 1.18011711E+00 -5.35639052E-02
 1.12579859E+00 -5.85214092E-02
 1.07358742E+00 -4.45249709E-02
 1.02928697E+00 -1.49561913E-02
 1.00303197E+00  2.92087528E-02
 9.99442726E-01  7.60384083E-02
 1.01535033E+00  1.08762240E-01
 1.04626979E+00  1.12355831E-01
 1.08555986E+00  7.74294349E-02
 1.12288924E+00  1.64151015E-02
 1.14756825E+00 -4.17737061E-02
 1.14900464E+00 -7.77252760E-02
 1.12220166E+00 -8.27120885E-02
 1.08012541E+00 -6.26638776E-02
 1.04715733E+00 -4.08415256E-02
 1.03930567E+00 -2.82080731E-02
 1.05979676E+00 -2.27718517E-02
 1.08898860E+00 -2.31732429E-02
 1.08800312E+00 -2.05919423E-02
 1.03662813E+00 -1.35967619E-02
 9.38954942E-01 -1.12191848E-02
 8.21735596E-01 -1.36435717E-02
 7.36142630E-01 -1.86580131E-02
 7.13975536E-01 -2.43942210E-02
 7.57629126E-01 -2.43951934E-02
 8.50731873E-01 -1.87056908E-02
 9.51880346E-01 -1.27306615E-02
 1.03335188E+00 -7.59661215E-03
 1.09084905E+00 -3.69100607E-03
 1.12399563E+00 -3.50952126E-04
 1.14610398E+00  6.16632293E-03
 1.16126140E+00  1.59516738E-02
 1.15889101E+00  2.55564098E-02
 1.14211668E+00  3.13869086E-02
 1.11756744E+00  2.85388783E-02
 1.09346871E+00  1.45488131E-02
 1.08398733E+00 -7.97920566E-03
 1.08515185E+00 -3.20135375E-02
 1.08023718E+00 -4.70781033E-02
 1.06242770E+00 -4.57360279E-02
 1.03081159E+00 -2.70496025E-02
 9.96794819E-01  1.47324995E-03
 9.85179939E-01  2.50402444E-02
 1.00645311E+00  3.35685525E-02
 1.05525749E+00  2.45152872E-02
 1.11647308E+00  2.61317355E-03
 1.16141570E+00 -1.91981708E-02
 1.17087461E+00 -3.36015751E-02
 1.14214397E+00 -4.09199009E-02
 1.08145853E+00 -4.34004961E-02
 1.00851155E+00 -4.81462543E-02
 9.39513407E-01 -5.75944319E-02
 8.82631113E-01 -6.72623817E-02
 8.49719977E-01 -7.43679952E-02
 8.47822010E-01 -7.50676410E-02
 8.80077079E-01 -6.74658111E-02
 9.42104513E-01 -5.47205326E-02
 9.98988562E-01 -3.89971909E-02
 1.01423283E+00 -2.25413966E-02
 1.01662607E+00 -8.15362997E-03
 1.05548522E+00  3.43745114E-03
 1.09540173E+00  1.15895513E-02
 1.08216936E+00  1.57431815E-02
 1.06168214E+00  1.60277090E-02
 1.09561381E+00  1.25424539E-02
 1.14968436E+00  6.40306614E-03
 1.17138328E+00 -4.43009748E-04
 1.16963661E+00 -6.14439260E-03
 1.15842082E+00 -9.34000418E-03
 1.13025435E+00 -1.08312883E-02
 1.09253175E+00 -1.29733738E-02
 1.05516351E+00 -1.66318535E-02
 1.01707386E+00 -2.07476831E-02
 9.84035019E-01 -2.13909866E-02
 9.64726734E-01 -1.28065666E-02
 9.64465533E-01  6.11980002E-03
 9.86513263E-01  2.99076474E-02
 1.02085103E+00  4.53929167E-02
 1.04761113E+00  3.52516561E-02
 1.05416363E+00 -6.25957610E-03
 1.03679036E+00 -6.59115416E-02
 1.00681542E+00 -1.05059639E-01
 9.89052109E-01 -8.46699744E-02
 9.94871857E-01 -3.93673706E-02
 1.01742657E+00 -3.33630248E-02
 1.03200131E+00 -3.21473376E-02
 1.01357916E+00  2.38492510E-02
 1.00685609E+00  8.25125947E-02
 1.07731399E+00  7.58968883E-02
 1.16787538E+00  3.81041014E-02
 1.18003715E+00  2.00601404E-02
 1.13768642E+00  1.13847924E-02
 1.09856913E+00 -1.35255598E-04
 1.05044408E+00 -3.50132337E-03
 9.93116996E-01 -1.31295199E-03
 9.68569551E-01  1.60464216E-03
 9.97008420E-01  1.11190300E-02
 1.05838079E+00  2.62782864E-02
 1.12059815E+00  4.16021002E-02
 1.16928129E+00  5.14855743E-02
 1.19900247E+00  4.75027853E-02
 1.20371029E+00  2.70532879E-02
 1.18878477E+00 -6.57931702E-03
 1.15487696E+00 -5.12279432E-02
 1.09750632E+00 -1.01591435E-01
 1.03220265E+00 -1.46803200E-01
 9.82496386E-01 -1.74991090E-01
 9.63791379E-01 -1.75513164E-01
 9.81179434E-01 -1.43243685E-01
 1.00604250E+00 -8.80583351E-02
 9.99906421E-01 -3.08276852E-02
 9.93381359E-01  1.26548943E-02
 1.04011177E+00  3.37347547E-02
 1.10135245E+00  3.48132089E-02
 1.11640503E+00  3.06050004E-02
 1.11954763E+00  2.78471146E-02
 1.15900888E+00  2.52564152E-02
 1.20389796E+00  2.26131142E-02
 1.21587343E+00  1.51167783E-02
 1.20906737E+00  3.77887382E-03
 1.19938804E+00 -3.23901175E-03
 1.18031109E+00 -5.25063714E-03
 1.15344746E+00 -4.23914730E-03
 1.12772736E+00 -1.63838519E-03
 1.10484543E+00 -2.02921625E-03
 1.08491314E+00 -5.53013973E-03
 1.06897595E+00 -8.15328453E-03
 1.05788675E+00 -9.41877208E-03
 1.05366288E+00 -9.31316859E-03
 1.05892158E+00 -6.64777468E-03
 1.07600715E+00 -1.74969021E-03
 1.10420350E+00  5.79712412E-03
 1.13876206E+00  1.63946180E-02
 1.17192756E+00  2.60504808E-02
 1.19372015E+00  2.87564415E-02
 1.19661682E+00  2.10633949E-02
 1.17853587E+00  2.44356945E-03
 1.14445395E+00 -2.20421187E-02
 1.10581842E+00 -4.22644928E-02
 1.07259568E+00 -5.09699750E-02
 1.05118137E+00 -4.47638012E-02
 1.04408961E+00 -2.38797855E-02
 1.04837869E+00  6.30200980E-03
 1.06345689E+00  4.21002983E-02
 1.09014719E+00  8.17096126E-02
 1.12357497E+00  1.20559744E-01
 1.15667277E+00  1.53956227E-01
 1.18011492E+00  1.75547149E-01
 1.18264014E+00  1.77486329E-01
 1.15985629E+00  1.57156267E-01
 1.11323383E+00  1.16248541E-01
 1.04390203E+00  5.78994474E-02
 9.56263900E-01 -1.07960693E-02
 8.59376207E-01 -7.93556411E-02
 7.65378346E-01 -1.36414333E-01
 6.93614453E-01 -1.70808408E-01
 6.69477389E-01 -1.75967923E-01
 7.18756805E-01 -1.57183528E-01
 8.45876010E-01 -1.28561041E-01
 9.87756187E-01 -1.01615244E-01
 1.05533878E+00 -8.36025713E-02
 1.05075557E+00 -7.39404823E-02
 1.03096769E+00 -6.29701235E-02
 1.01638994E+00 -4.64791543E-02
 1.02191534E+00 -2.41779005E-02
 1.03141433E+00  9.11820887E-03
 9.94855465E-01  5.57794964E-02
 9.55711866E-01  1.14247735E-01
 9.95998715E-01  1.75189482E-01
 1.08147556E+00  2.03760233E-01
 1.14354332E+00  1.66151267E-01
 1.18176893E+00  9.33272596E-02
 1.19535383E+00  4.04344994E-02
 1.16300635E+00 -1.42130574E-02
 1.08913543E+00 -1.08490711E-01
 9.86587248E-01 -1.87634526E-01
 8.73040168E-01 -1.85947400E-01
 8.03344850E-01 -1.32442187E-01
 8.25052843E-01 -7.89518756E-02
 8.87285666E-01 -2.38469407E-02
 9.08007902E-01  3.60540932E-02
 9.33684024E-01  8.13034729E-02
 1.04191345E+00  1.05957182E-01
 1.15137371E+00  1.06461232E-01
 1.15414151E+00  7.44841137E-02
 1.09960202E+00  2.38316606E-02
 1.07082426E+00 -1.87680395E-02
 1.05681245E+00 -3.58746773E-02
 1.04168036E+00 -2.26134538E-02
 1.04050830E+00 -7.05213093E-03
 1.04295159E+00 -2.96863301E-02
 1.04059271E+00 -6.56471472E-02
 1.04450196E+00 -6.44169930E-02
 1.05198814E+00 -5.52013516E-02
 1.05492096E+00 -8.31106817E-02
 1.04696832E+00 -1.11496409E-01
 1.01953880E+00 -9.46678449E-02
 9.82432922E-01 -5.46658579E-02
 9.58813557E-01 -2.16894752E-02
 9.59987627E-01  1.59366694E-02
 9.87526511E-01  6.64691472E-02
 1.02848199E+00  1.07121356E-01
 1.05394361E+00  1.15372791E-01
 1.04840486E+00  8.26452877E-02
 1.01325217E+00  7.07897606E-03
 9.61096968E-01 -9.18724215E-02
 9.19612040E-01 -1.75152438E-01
 9.05577454E-01 -2.15389889E-01
 9.18117661E-01 -2.02271402E-01
 9.48541537E-01 -1.47258028E-01
 9.76366295E-01 -8.53156473E-02
 9.90509833E-01 -3.80670589E-02
 9.96089229E-01 -9.74967634E-03
 1.00223241E+00  2.10010623E-03
 1.02534169E+00  1.44831017E-02
 1.07277213E+00  3.19080070E-02
 1.13552069E+00  4.32093527E-02
 1.19906498E+00  4.56149820E-02
 1.24157938E+00  3.56129944E-02
 1.24756589E+00  1.46101392E-02
 1.21593232E+00 -4.93915489E-03
 1.15371967E+00 -1.91956898E-02
 1.07797679E+00 -2.91911875E-02
 1.00348117E+00 -3.24791212E-02
 9.38047713E-01 -3.02907936E-02
 8.90067059E-01 -2.35208440E-02
 8.64081039E-01 -1.07579218E-02
 8.66061861E-01  5.28872566E-03
 9.02861029E-01  2.06015923E-02
 9.67596683E-01  3.36252964E-02
 1.04460486E+00  4.31063399E-02
 1.11808715E+00  4.82246526E-02
 1.17198654E+00  5.02924992E-02
 1.20111949E+00  5.25706968E-02
 1.21136822E+00  5.79775636E-02
 1.20397677E+00  6.47843813E-02
 1.18004824E+00  6.21984273E-02
 1.14696911E+00  2.39733080E-02
 1.11181582E+00 -6.35828360E-02
 1.08476325E+00 -1.35560659E-01
 1.07535109E+00 -1.09191391E-01
 1.07598227E+00 -3.99847309E-02
 1.06851220E+00 -3.24821680E-02
 1.04192523E+00 -4.38184409E-02
 9.92334678E-01  9.24623069E-03
 9.30147647E-01  1.05473229E-01
 8.78554244E-01  1.94352448E-01
 8.44472243E-01  1.93030540E-01
 8.15650872E-01  7.54503832E-03
 7.64958442E-01 -2.44632773E-01
 6.70895645E-01 -3.36297524E-01
 5.93808478E-01 -2.70730558E-01
 6.20409270E-01 -1.61887889E-01
 6.99284445E-01 -4.67899702E-02
 7.31219340E-01  1.34803251E-02
 7.57924882E-01  2.82654642E-02
 8.53152228E-01  1.03402329E-01
 9.88457194E-01  2.03992534E-01
 1.11801542E+00  2.35528309E-01
 1.20055875E+00  2.31578387E-01
 1.17747847E+00  2.27551171E-01
 1.07934495E+00  1.76578382E-01
 9.96012369E-01  5.95872755E-02
 9.20708490E-01 -5.03521403E-02
 8.19252163E-01 -7.43324621E-02
 7.43894223E-01 -4.51658142E-02
 7.46218108E-01 -3.20218777E-02
 8.18844352E-01 -3.22143665E-03
 9.34389311E-01  7.91162042E-02
 1.02393334E+00  1.37222454E-01
 1.00930707E+00  9.48416348E-02
 9.48569008E-01  1.24918056E-02
 9.54934751E-01 -1.28156860E-02
 9.60723422E-01  1.63136462E-02
 8.56335038E-01  6.82537972E-02
 7.46633773E-01  1.43374397E-01
 7.65682103E-01  2.09134068E-01
 8.37142487E-01  2.07824845E-01
 8.45582559E-01  1.22166934E-01
 8.17720154E-01  2.05334782E-02
 8.08864848E-01 -5.91190468E-04
 8.53583510E-01  2.86666235E-02
 9.95047702E-01  1.92712186E-02
 1.14175559E+00 -3.01835175E-03
 1.13514791E+00  7.81560573E-03
 1.04631165E+00  2.08588832E-02
 1.02889391E+00  2.20751812E-02
 1.00752794E+00  4.62827313E-02
 8.78896610E-01  1.09010890E-01
 7.53212950E-01  1.62926457E-01
 7.47860935E-01  1.49585744E-01
 7.99812300E-01  9.06335884E-02
 8.27810160E-01  4.89643440E-02
 8.82721500E-01  5.71185423E-02
 1.01450555E+00  1.27703233E-01
 1.14551583E+00  1.99161963E-01
 1.19212231E+00  1.67345348E-01
 1.18700731E+00  7.42686718E-02
 1.18742191E+00  3.40551456E-02
 1.18053368E+00  3.26159075E-02
 1.14945882E+00  2.43662607E-02
 1.10998834E+00  1.85708391E-02
 1.06594189E+00  2.98950779E-03
 1.02330533E+00 -1.95773147E-02
 1.00340273E+00 -1.15261318E-02
 1.01022168E+00  1.55010909E-02
 1.03565879E+00  2.74490312E-02
 1.07460530E+00  2.97754686E-02
 1.11691068E+00  3.07607604E-02
 1.15549331E+00  2.30188065E-02
 1.18936310E+00  8.83295846E-03
 1.20973453E+00 -4.85826102E-03
 1.20676047E+00 -1.61995848E-02
 1.18108418E+00 -2.34415166E-02
 1.13810129E+00 -2.48522883E-02
 1.08630866E+00 -1.76135951E-02
 1.03931740E+00  1.22977826E-03
 1.00917887E+00  2.91405744E-02
 1.00444771E+00  5.98326470E-02
 1.03283114E+00  8.64899661E-02
 1.09291274E+00  1.00852074E-01
 1.16290733E+00  9.58813781E-02
 1.20934241E+00  6.81824923E-02
 1.20705530E+00  1.74654949E-02
 1.14723987E+00 -4.86260837E-02
 1.05315235E+00 -1.07151167E-01
 9.74843706E-01 -1.28706610E-01
 9.44558503E-01 -9.81079445E-02
 9.71113018E-01 -2.53494031E-02
 1.04035866E+00  3.68225948E-02
 1.10983075E+00  2.79394690E-02
 1.15520501E+00 -1.39797063E-02
 1.17474304E+00 -1.00346630E-02
 1.16640836E+00 -3.98471924E-03
 1.14167628E+00 -6.58049866E-02
 1.10414450E+00 -1.26918631E-01
 1.04591626E+00 -1.03127098E-01
 9.81929938E-01 -4.00522441E-02
 9.36245758E-01 -6.69294799E-03
 9.27281883E-01  9.60634604E-03
 9.70084787E-01  2.80251842E-02
 1.04963378E+00  3.49032632E-02
 1.12609686E+00  3.32408497E-02
 1.17449112E+00  3.00461323E-02
 1.18363686E+00  1.73090470E-02
 1.15995429E+00 -3.08596590E-03
 1.13323891E+00 -2.24983418E-02
 1.11775394E+00 -3.45753766E-02
 1.11171024E+00 -3.14485783E-02
 1.11666088E+00 -1.52224036E-02
 1.12536003E+00  2.84953987E-03
 1.13709374E+00  1.69337940E-02
 1.16022552E+00  2.39638829E-02
 1.18490743E+00  2.34353836E-02
 1.19368821E+00  2.08505129E-02
 1.17549790E+00  1.75158079E-02
 1.12320041E+00  1.14386041E-02
 1.05181653E+00  5.35499154E-03
 9.94969581E-01  2.20821357E-03
 9.73161553E-01  4.62115555E-03
 9.93399716E-01  1.52472451E-02
 1.04721003E+00  2.87849796E-02
 1.10632444E+00  3.47791635E-02
 1.15370781E+00  2.75585192E-02
 1.18571240E+00  6.44182740E-03
 1.19865560E+00 -2.09345656E-02
 1.19801960E+00 -3.90258687E-02
 1.18390187E+00 -3.88725145E-02
 1.14941246E+00 -2.01784268E-02
 1.10280276E+00  9.90923343E-03
 1.05882264E+00  3.54594221E-02
 1.03045285E+00  4.66463359E-02
 1.03068639E+00  4.29708782E-02
 1.05556582E+00  2.85035859E-02
 1.08676384E+00  1.43934755E-02
 1.11414734E+00  6.83279544E-03
 1.13310367E+00  4.04245764E-03
 1.14451798E+00  3.96676198E-03
 1.15898012E+00  1.32909697E-03
 1.17759992E+00 -5.80082091E-03
 1.19244861E+00 -1.32349401E-02
 1.19925113E+00 -1.87416761E-02
 1.19178545E+00 -1.99365555E-02
 1.16819665E+00 -1.54212456E-02
 1.13513127E+00 -7.65006643E-03
 1.09768760E+00  1.89131183E-03
 1.06152436E+00  1.21289761E-02
 1.03366863E+00  2.12784322E-02
 1.01759068E+00  2.89517411E-02
 1.01492226E+00  3.49538353E-02
 1.02571024E+00  3.89452829E-02
 1.04845857E+00  4.09304049E-02
 1.08099938E+00  4.06310513E-02
 1.11926723E+00  3.77877818E-02
 1.15774968E+00  3.23765217E-02
 1.18957081E+00  2.48131056E-02
 1.20773034E+00  1.59813402E-02
 1.20926488E+00  6.60544684E-03
 1.19482035E+00 -2.48347637E-03
 1.16584662E+00 -9.85669876E-03
 1.12601100E+00 -1.34777325E-02
 1.08126678E+00 -1.01366052E-02
 1.03845408E+00  3.57329002E-03
 1.00640398E+00  2.84136911E-02
 9.93537933E-01  6.11412104E-02
 1.00251847E+00  9.27112911E-02
 1.03109948E+00  1.10149215E-01
 1.07534159E+00  1.04591718E-01
 1.12773942E+00  7.46228005E-02
 1.17687271E+00  2.99059406E-02
 1.21051332E+00 -1.04058605E-02
 1.21731474E+00 -3.28469916E-02
 1.19204160E+00 -3.31082715E-02
 1.14546298E+00 -1.69926300E-02
 1.09977042E+00 -1.30651907E-03
 1.07223245E+00  4.61073276E-03
 1.07211703E+00  1.26238994E-03
 1.09431829E+00 -7.62299608E-03
 1.11901603E+00 -1.13692812E-02
 1.13559877E+00 -5.84720959E-03
 1.14264650E+00  3.82925963E-03
 1.13916584E+00  1.46710146E-02
 1.13134617E+00  2.18108829E-02
 1.11958813E+00  2.28088925E-02
 1.09814977E+00  2.15138755E-02
 1.07325613E+00  1.94142234E-02
 1.05560297E+00  1.73935001E-02
 1.05338485E+00  1.69616120E-02
 1.07411275E+00  1.69032268E-02
 1.11155698E+00  1.64458616E-02
 1.14793524E+00  1.55266786E-02
 1.17248618E+00  1.34770929E-02
 1.17988395E+00  1.05048837E-02
 1.17043492E+00  7.20451617E-03
 1.15377821E+00  4.06274629E-03
 1.13365770E+00  1.51080198E-03
 1.10828697E+00 -3.41848472E-04
 1.08049143E+00 -1.29561910E-03
 1.05240042E+00 -1.12796846E-03
 1.02899037E+00  3.02909411E-04
 1.01958164E+00  3.05010286E-03
 1.02706042E+00  6.44207713E-03
 1.04983131E+00  9.26977839E-03
 1.08606895E+00  1.05229563E-02
 1.12972116E+00  9.39668684E-03
 1.17208199E+00  5.62357075E-03
 1.20423627E+00 -3.18957524E-04
 1.21638100E+00 -7.84465737E-03
 1.20201106E+00 -1.59920193E-02
 1.16445090E+00 -2.28236559E-02
 1.11445687E+00 -2.59565416E-02
 1.06229396E+00 -2.30797516E-02
 1.01762020E+00 -1.23991194E-02
 9.87800606E-01  6.13381951E-03
 9.75551856E-01  3.06633073E-02
 9.85920838E-01  5.83478904E-02
 1.02276222E+00  8.46726354E-02
 1.07863894E+00  1.02669503E-01
 1.13972374E+00  1.04807409E-01
 1.19150099E+00  8.58522677E-02
 1.21990219E+00  4.55661957E-02
 1.22106192E+00 -6.64707909E-03
 1.20098788E+00 -5.41177348E-02
 1.16246285E+00 -8.34534185E-02
 1.10902376E+00 -8.72618338E-02
 1.05068457E+00 -6.78416811E-02
 9.98169503E-01 -3.76881269E-02
 9.65315842E-01 -4.99921247E-03
 9.65500052E-01  2.65069164E-02
 9.96716194E-01  5.22254318E-02
 1.04577468E+00  7.12716244E-02
 1.10152229E+00  7.93213762E-02
 1.15236656E+00  6.96328921E-02
 1.18913508E+00  4.61833095E-02
 1.20903807E+00  1.86760440E-02
 1.20504858E+00 -4.40106983E-03
 1.17149882E+00 -1.47879537E-02
 1.11897230E+00 -1.30500166E-02
 1.06641507E+00 -8.05701196E-03
 1.03107335E+00 -3.21662913E-03
 1.02657678E+00  1.14088574E-03
 1.04912729E+00  4.11791569E-03
 1.07948866E+00  8.19897892E-03
 1.10706856E+00  1.20300305E-02
 1.12752260E+00  1.09236358E-02
 1.13776380E+00  6.39228658E-03
 1.14267793E+00  2.34772566E-03
 1.14057340E+00  1.61274723E-03
 1.12494593E+00  7.65694543E-03
 1.10317013E+00  1.94687926E-02
 1.08788431E+00  3.14138292E-02
 1.08882737E+00  3.94999070E-02
 1.11376845E+00  3.91289262E-02
 1.15414576E+00  2.24976356E-02
 1.18788649E+00 -1.59611126E-02
 1.20182620E+00 -7.46809088E-02
 1.19050500E+00 -1.39627300E-01
 1.15596067E+00 -1.73332510E-01
 1.11228277E+00 -1.41123018E-01
 1.06736376E+00 -7.59821429E-02
 1.02323943E+00 -3.47304052E-02
 9.88843001E-01  1.84459950E-02
 9.71533370E-01  1.40716902E-01
 9.76948216E-01  2.72946432E-01
 1.00769288E+00  3.24513089E-01
 1.04577495E+00  2.83487266E-01
 1.06141890E+00  1.71879686E-01
 1.03868313E+00  5.63399593E-02
 9.80724961E-01  4.02706053E-02
 9.24608001E-01  1.07495078E-01
 9.16458316E-01  1.58323757E-01
 9.21955219E-01  1.71982072E-01
 8.78949109E-01  1.48077338E-01
 8.43211654E-01  7.65411760E-02
 8.98304691E-01 -5.42606218E-03
 9.94686324E-01 -8.03051826E-02
 1.04146127E+00 -1.52326076E-01
 1.01000204E+00 -1.80210985E-01
 8.96768591E-01 -1.32260995E-01
 7.79321879E-01 -5.20634718E-02
 7.89832130E-01 -2.86109826E-03
 8.98625994E-01  1.34309739E-02
 9.80720604E-01  2.35568234E-02
 1.02181331E+00  3.69051311E-02
 1.03485678E+00  6.65806121E-02
 1.02767785E+00  9.56911729E-02
 1.05223457E+00  8.58465963E-02
 1.07180703E+00  7.85052738E-02
 9.96292846E-01  1.35163326E-01
 8.68105818E-01  1.97629376E-01
 7.72965245E-01  1.72084388E-01
 7.09759082E-01  6.11616958E-02
 6.71732743E-01 -8.86241661E-02
 6.75258050E-01 -2.08661466E-01
 7.07019566E-01 -2.10633267E-01
 7.51054072E-01 -1.39150924E-01
 8.06083704E-01 -1.17958662E-01
 8.65304155E-01 -1.14700918E-01
 9.22446445E-01 -4.49655692E-02
 9.66950341E-01  5.72021856E-02
 9.85491851E-01  1.50190191E-01
 9.85932854E-01  2.24602112E-01
 9.88414287E-01  2.48006230E-01
 1.00523899E+00  2.31212252E-01
 1.04195263E+00  2.27995442E-01
 1.08425556E+00  2.48530994E-01
 1.09981891E+00  2.63734171E-01
 1.07309085E+00  1.95103953E-01
 1.00647969E+00 -3.04283382E-02
 9.15927717E-01 -2.65601727E-01
 8.35627042E-01 -2.80520230E-01
 7.86653714E-01 -1.57091882E-01
 7.70867963E-01 -9.89269050E-02
 7.84022090E-01 -6.81461319E-02
 8.10028726E-01  3.12276946E-03
 8.43241846E-01  4.49996936E-02
 8.96535762E-01  4.31770371E-02
 9.87300388E-01  8.51916660E-02
 1.11315107E+00  2.09548459E-01
 1.17835930E+00  2.75582070E-01
 1.07271883E+00  1.20393082E-01
 8.93405505E-01 -1.04077203E-01
 8.24284984E-01 -1.37856672E-01
 8.49289006E-01 -5.90168291E-02
 8.84466060E-01 -4.69245099E-02
 9.50827050E-01 -5.86941493E-02
 1.03949162E+00 -4.65348691E-02
 1.08666448E+00 -4.31407272E-02
 1.07441203E+00 -2.77060501E-02
 1.03442935E+00 -2.98117594E-03
 1.01248710E+00 -1.26072936E-02
 1.02173463E+00 -2.12652443E-02
 1.04969192E+00  2.55251173E-02
 1.08918208E+00  8.90531039E-02
 1.12084495E+00  1.09451004E-01
 1.13468914E+00  9.44623912E-02
 1.14273826E+00  6.62491587E-02
 1.14746272E+00  2.53951169E-02
 1.14954082E+00 -1.18583206E-02
 1.15025386E+00 -2.68926213E-02
 1.14120804E+00 -2.09343062E-02
 1.12031383E+00 -2.77947620E-03
 1.09148118E+00  1.29161006E-02
 1.05742776E+00  1.61689821E-02
 1.02621260E+00  8.18336631E-03
 1.00865847E+00 -4.50570592E-03
 1.01381457E+00 -9.41166453E-03
 1.04744786E+00 -1.86778523E-03
 1.10613402E+00  1.02981966E-02
 1.17047398E+00  1.46145033E-02
 1.21111627E+00 -5.14865948E-03
 1.20714178E+00 -5.20218007E-02
 1.15293250E+00 -1.06226349E-01
 1.06699612E+00 -1.26230727E-01
 9.89221041E-01 -7.67659477E-02
 9.47137488E-01 -7.89482292E-03
 9.50427685E-01 -1.94600719E-03
 9.92731614E-01 -1.49482361E-02
 1.04672075E+00  3.51933006E-02
 1.09721831E+00  9.07470397E-02
 1.14368702E+00  7.02707730E-02
 1.18044873E+00  1.56453283E-02
 1.20765525E+00 -1.43881706E-02
 1.21940016E+00 -3.18956706E-02
 1.20178153E+00 -4.71664529E-02
 1.16036692E+00 -4.66078983E-02
 1.11157213E+00 -3.44282479E-02
 1.06865564E+00 -1.80709960E-02
 1.04608523E+00  5.43243094E-03
 1.04520622E+00  3.32377489E-02
 1.05375064E+00  5.94245954E-02
 1.06806824E+00  7.72706059E-02
 1.08809771E+00  7.86664174E-02
 1.11011774E+00  6.60041423E-02
 1.13380895E+00  4.93083639E-02
 1.15316511E+00  3.44407086E-02
 1.15745531E+00  2.51258792E-02
 1.14643197E+00  2.03048981E-02
 1.12543140E+00  1.25033180E-02
 1.09889360E+00  2.02143474E-04
 1.07437972E+00 -1.29868113E-02
 1.05783788E+00 -2.45124590E-02
 1.05149846E+00 -2.95553934E-02
 1.05981376E+00 -2.64354678E-02
 1.08451170E+00 -1.86574630E-02
 1.11649983E+00 -8.67433432E-03
 1.14129846E+00  4.56895170E-04
 1.14732891E+00  5.60251725E-03
 1.12845169E+00  6.46759495E-03
 1.09244419E+00  3.70768569E-03
 1.05886479E+00 -8.96097848E-04
 1.03951811E+00 -4.57498069E-03
 1.03766088E+00 -4.42360143E-03
 1.04976148E+00  3.69802366E-03
 1.06242973E+00  2.38756398E-02
 1.07030429E+00  5.79853870E-02
 1.07763054E+00  1.03679052E-01
 1.08757417E+00  1.49972308E-01
 1.10655386E+00  1.79858690E-01
 1.13517116E+00  1.80045429E-01
 1.16393818E+00  1.44014913E-01
 1.18300058E+00  7.69827993E-02
 1.18128110E+00 -3.84060278E-03
 1.15226722E+00 -8.35551079E-02
 1.10109247E+00 -1.49562291E-01
 1.04350256E+00 -1.87260749E-01
 1.00293502E+00 -1.87960119E-01
 9.96732310E-01 -1.48091084E-01
 1.02855870E+00 -7.62423338E-02
 1.08411865E+00 -1.38476821E-02
 1.13329652E+00 -5.52302194E-03
 1.15537114E+00 -3.06059003E-02
 1.14426370E+00 -3.69849568E-02
 1.10645511E+00 -2.84455977E-02
 1.06448254E+00 -2.47418715E-02
 1.03157322E+00 -8.81106226E-03
 1.00931090E+00  2.93464212E-02
 1.00300335E+00  8.26789206E-02
 1.01270142E+00  1.44440237E-01
 1.04122057E+00  1.84527022E-01
 1.09483290E+00  1.66838442E-01
 1.16074592E+00  1.08597843E-01
 1.21549041E+00  5.33251020E-02
 1.24110651E+00  4.00145992E-03
 1.22453506E+00 -4.63235842E-02
 1.17245328E+00 -7.88095541E-02
 1.11043100E+00 -8.14961552E-02
 1.05479088E+00 -5.34728291E-02
 1.01437924E+00  1.73453763E-03
 9.95133743E-01  4.77271548E-02
 9.92321559E-01  4.47139936E-02
 1.00783963E+00  2.95626902E-02
 1.04808267E+00  6.16836333E-02
 1.10326827E+00  9.47586150E-02
 1.15712206E+00  5.66251313E-02
 1.19429360E+00 -4.33404344E-03
 1.19994782E+00 -1.52426261E-02
 1.17767589E+00 -3.58015444E-03
 1.14672420E+00 -9.11446126E-03
 1.11880945E+00 -8.87814448E-03
 1.10173345E+00  1.45032740E-02
 1.10114543E+00  4.19447311E-02
 1.11272126E+00  5.88496694E-02
 1.13425810E+00  6.02943283E-02
 1.16025981E+00  3.93634911E-02
 1.16114892E+00  2.80641833E-03
 1.11419794E+00 -2.92628658E-02
 1.06158170E+00 -4.50683342E-02
 1.06164025E+00 -4.11777414E-02
 1.07816529E+00 -2.25666295E-02
 1.04742318E+00 -5.33924541E-03
 1.01358787E+00  3.00676341E-03
 1.04126708E+00  5.08768284E-03
 1.09349512E+00  4.38242411E-03
 1.11670654E+00  9.93882746E-03
 1.11917021E+00  2.52866817E-02
 1.11307524E+00  4.48284543E-02
 1.09808336E+00  6.45521412E-02
 1.09356604E+00  7.87777379E-02
 1.11508965E+00  8.31980739E-02
 1.15874427E+00  7.90199565E-02
 1.21010733E+00  6.64460782E-02
 1.24435353E+00  4.62456988E-02
 1.24583167E+00  2.10016332E-02
 1.21437014E+00 -6.78483000E-03
 1.15807153E+00 -3.08915968E-02
 1.09684994E+00 -4.29003476E-02
 1.04541701E+00 -3.73907276E-02
 1.00850077E+00 -1.33551771E-02
 9.92111182E-01  2.12148909E-02
 9.97238526E-01  5.09734276E-02
 1.02510358E+00  6.45894171E-02
 1.07752396E+00  5.72055279E-02
 1.13985805E+00  3.33904174E-02
 1.18835581E+00  7.52498936E-03
 1.20464392E+00 -1.13712611E-02
 1.17804997E+00 -2.07834740E-02
 1.12124966E+00 -2.02592447E-02
 1.06701741E+00 -1.52018837E-02
 1.03672735E+00 -6.90157473E-03
 1.03885889E+00  7.78862531E-03
 1.06836683E+00  2.52115496E-02
 1.10193714E+00  3.98422190E-02
 1.12862516E+00  4.65051991E-02
 1.15070563E+00  3.94341236E-02
 1.16605523E+00  2.21453590E-02
 1.17799649E+00  5.18059902E-03
 1.18435388E+00 -5.43657425E-03
 1.17488687E+00 -7.00201520E-03
 1.15382844E+00 -1.89812175E-03
 1.13237761E+00  9.41182399E-04
 1.11758036E+00 -2.06172430E-03
 1.11602524E+00 -9.01092583E-03
 1.12188675E+00 -1.76860538E-02
 1.11835247E+00 -2.26045614E-02
 1.09880413E+00 -2.13768501E-02
 1.06588251E+00 -1.65935728E-02
 1.03060188E+00 -9.66703644E-03
 1.01450048E+00 -2.83414365E-03
 1.02898043E+00  2.13091917E-03
 1.07123391E+00  6.19854062E-03
 1.12979483E+00  9.49400152E-03
 1.18193408E+00  1.18982766E-02
 1.21157447E+00  1.36606753E-02
 1.21527985E+00  1.41126842E-02
 1.19595211E+00  1.32235694E-02
 1.16626351E+00  1.16183011E-02
 1.13475507E+00  9.75765829E-03
 1.10261278E+00  8.34669148E-03
 1.07453217E+00  7.60142043E-03
 1.05357839E+00  7.13114390E-03
 1.04503221E+00  6.77932766E-03
 1.05709611E+00  6.38437201E-03
 1.08647188E+00  5.75909562E-03
 1.12240287E+00  4.94245209E-03
 1.15564478E+00  3.74058196E-03
 1.17651191E+00  1.90580178E-03
 1.18206548E+00 -2.74771314E-04
 1.17731223E+00 -2.19669774E-03
 1.16336484E+00 -3.12948414E-03
 1.14118286E+00 -2.08683480E-03
 1.11819131E+00  1.94009388E-03
 1.10243974E+00  9.54382927E-03
 1.10210741E+00  2.03882899E-02
 1.12279469E+00  3.23712138E-02
 1.15521536E+00  4.04451844E-02
 1.17991233E+00  3.81809033E-02
 1.18375771E+00  2.21185958E-02
 1.16069386E+00 -6.04764917E-03
 1.11636342E+00 -3.64207800E-02
 1.06963911E+00 -5.31702740E-02
 1.03258338E+00 -4.60670390E-02
 1.01080391E+00 -1.41349247E-02
 1.01218352E+00  3.10123924E-02
 1.03807792E+00  6.64220409E-02
 1.08678729E+00  7.67158393E-02
 1.14994949E+00  5.80718785E-02
 1.19217851E+00  1.74182303E-02
 1.17924996E+00 -2.55348584E-02
 1.14008210E+00 -5.83703791E-02
 1.12454507E+00 -7.87175473E-02
 1.10325306E+00 -8.51205559E-02
 1.02974739E+00 -8.26509485E-02
 9.54818796E-01 -7.21601958E-02
 9.45391021E-01 -4.88715396E-02
 9.76030375E-01 -1.77701678E-02
 1.00232318E+00  1.23550533E-02
 1.03513079E+00  3.35686141E-02
 1.08473014E+00  3.72782299E-02
 1.13411635E+00  2.64050230E-02
 1.17508982E+00  1.32631615E-02
 1.20165846E+00  4.48245062E-03
 1.20064798E+00  2.87365924E-03
 1.17359584E+00  6.50513405E-03
 1.13356227E+00  6.22638066E-03
 1.09091455E+00 -5.30754180E-04
 1.05665395E+00 -9.89965108E-03
 1.03654317E+00 -1.92746764E-02
 1.02825018E+00 -2.34891815E-02
 1.03447280E+00 -2.04323295E-02
 1.05790323E+00 -1.35907873E-02
 1.08997990E+00 -4.84039646E-03
 1.11836298E+00  3.62705207E-03
 1.13156939E+00  9.31395109E-03
 1.12123004E+00  1.23982710E-02
 1.09594097E+00  1.30816934E-02
 1.07699497E+00  1.16265193E-02
 1.07664311E+00  8.78918906E-03
 1.09809513E+00  4.60412517E-03
 1.13395788E+00 -7.72549163E-04
 1.16382394E+00 -6.89401000E-03
 1.17754128E+00 -1.28353997E-02
 1.17667541E+00 -1.70664063E-02
 1.16412311E+00 -1.85857358E-02
 1.14990712E+00 -1.68889919E-02
 1.13849616E+00 -1.18404257E-02
 1.12511872E+00 -4.22234360E-03
 1.10882114E+00  4.48838525E-03
 1.08844361E+00  1.26595905E-02
 1.06514431E+00  1.93362294E-02
 1.04693450E+00  2.53814374E-02
 1.04063777E+00  3.49161779E-02
 1.05164940E+00  5.36415525E-02
 1.08277180E+00  8.35907375E-02
 1.12879417E+00  1.20916782E-01
 1.17608787E+00  1.53107392E-01
 1.20645793E+00  1.62075978E-01
 1.20763502E+00  1.38449238E-01
 1.17993374E+00  8.68248264E-02
 1.14272603E+00  3.04903632E-02
 1.12696719E+00  4.46242755E-03
 1.14274842E+00  2.09540086E-02
 1.16746261E+00  5.58324381E-02
 1.13553817E+00  3.77210712E-02
 9.78847160E-01 -9.87217689E-02
 7.55890084E-01 -2.54649446E-01
 6.00755299E-01 -2.65472553E-01
 5.51085737E-01 -1.86244311E-01
 5.93507330E-01 -1.53964887E-01
 7.01767068E-01 -1.28754443E-01
 7.98368702E-01 -5.53846939E-02
 8.68938063E-01  4.52306261E-03
 9.59762807E-01  1.13879640E-02
 1.05523953E+00 -8.66448989E-03
 1.12569052E+00 -3.29006778E-02
 1.15189177E+00 -4.91954369E-02
 1.10362722E+00 -4.11702345E-02
 1.02712614E+00 -1.20874846E-02
 1.00754813E+00  1.35568378E-02
 1.02314173E+00  2.65737161E-02
 1.01480812E+00  3.24263386E-02
 1.01128273E+00  4.67812214E-02
 1.04893057E+00  8.93140416E-02
 1.10360092E+00  1.28456483E-01
 1.15198471E+00  1.10719563E-01
 1.18455392E+00  5.79391867E-02
 1.18316907E+00  1.88086963E-02
 1.15034200E+00 -1.84499552E-02
 1.11041479E+00 -6.98633241E-02
 1.07501868E+00 -1.06181292E-01
 1.04862954E+00 -1.05173807E-01
 1.03302606E+00 -8.16601916E-02
 1.01912233E+00 -5.63754116E-02
 1.00755141E+00 -3.54541596E-02
 1.00723099E+00 -2.25235219E-02
 1.01553801E+00 -1.76835037E-02
 1.02751683E+00 -1.07936257E-02
 1.03888195E+00  7.17065751E-04
 1.04290198E+00  1.13066684E-02
 1.04467878E+00  1.97812774E-02
 1.05766268E+00  2.37317660E-02
 1.08655862E+00  2.31620065E-02
 1.12913437E+00  2.32351107E-02
 1.17394142E+00  2.34689269E-02
 1.19946449E+00  2.05289432E-02
 1.19370105E+00  1.38754274E-02
 1.15733269E+00  2.83497539E-03
 1.10067992E+00 -1.00018058E-02
 1.04588483E+00 -1.86482478E-02
 1.00865222E+00 -2.11451347E-02
 9.93180046E-01 -1.93654141E-02
 9.97564085E-01 -1.83868119E-02
 1.01018031E+00 -2.67735549E-02
 1.02383909E+00 -4.89107981E-02
 1.03825511E+00 -8.22109418E-02
 1.04872369E+00 -1.16796890E-01
 1.05209016E+00 -1.36400431E-01
 1.04472580E+00 -1.29945400E-01
 1.02276391E+00 -9.55853155E-02
 9.97728505E-01 -4.16225729E-02
 9.90130969E-01  1.33085905E-02
 1.01272677E+00  5.54639264E-02
 1.06879427E+00  7.88109558E-02
 1.14089167E+00  8.12639138E-02
 1.19364262E+00  6.84906882E-02
 1.20521022E+00  4.32158299E-02
 1.17092955E+00  5.18327993E-03
 1.10344808E+00 -3.68186923E-02
 1.03607232E+00 -7.10788382E-02
 9.89871382E-01 -8.64894159E-02
 9.69256580E-01 -7.35542134E-02
 9.74758656E-01 -3.83490580E-02
 9.94588305E-01  9.46212875E-04
 1.02407592E+00  3.16123657E-02
 1.06863181E+00  4.56332332E-02
 1.12140407E+00  4.28408298E-02
 1.17220266E+00  3.37735025E-02
 1.20976924E+00  2.18740724E-02
 1.21909057E+00  5.19819797E-03
 1.20097001E+00 -1.23086597E-02
 1.16882576E+00 -2.75658732E-02
 1.13153539E+00 -3.50033838E-02
 1.09817685E+00 -2.62456140E-02
 1.07564880E+00 -4.45918500E-03
 1.06388488E+00  1.98273982E-02
 1.06799300E+00  3.96823021E-02
 1.09362673E+00  4.92406185E-02
 1.13329803E+00  4.80769096E-02
 1.17364759E+00  4.28257185E-02
 1.20224866E+00  3.50975199E-02
 1.20823216E+00  2.35469936E-02
 1.19407479E+00  1.05123951E-02
 1.17385534E+00 -2.48197834E-03
 1.15496624E+00 -1.23495312E-02
 1.14064361E+00 -1.42990435E-02
 1.13367317E+00 -1.04085560E-02
 1.13098355E+00 -6.83967784E-03
 1.13386165E+00 -6.97939534E-03
 1.14618513E+00 -1.27002284E-02
 1.16006285E+00 -2.14940444E-02
 1.16300190E+00 -2.60569720E-02
 1.14663859E+00 -2.31013493E-02
 1.10715511E+00 -1.30907261E-02
 1.05702877E+00  2.49808193E-03
 1.02162560E+00  1.89576878E-02
 1.01602053E+00  3.32963236E-02
 1.04334713E+00  4.50773819E-02
 1.09278574E+00  5.17846867E-02
 1.13792089E+00  5.12170199E-02
 1.16317757E+00  4.21705198E-02
 1.16747676E+00  2.41944813E-02
 1.15665244E+00  2.22167151E-03
 1.14822168E+00 -1.52383902E-02
 1.15085257E+00 -2.23181190E-02
 1.15985704E+00 -1.67351731E-02
 1.17065216E+00 -3.16580190E-03
 1.17359854E+00  7.46919859E-03
 1.16433605E+00  8.64190959E-03
 1.14871984E+00 -3.66692909E-04
 1.12984832E+00 -1.46160871E-02
 1.11173633E+00 -2.27110943E-02
 1.09838525E+00 -1.86843290E-02
 1.08954443E+00 -3.91754863E-03
 1.08875899E+00  1.69388177E-02
 1.10101713E+00  3.39195779E-02
 1.12691510E+00  4.09788982E-02
 1.16331379E+00  3.85409344E-02
 1.19794734E+00  2.76609038E-02
 1.21194976E+00  1.26116507E-02
 1.19345983E+00 -3.35147058E-03
 1.14148775E+00 -1.98496271E-02
 1.07186056E+00 -3.30818586E-02
 1.01507911E+00 -3.85462950E-02
 9.92518933E-01 -3.32892198E-02
 1.01117616E+00 -1.59460209E-02
 1.06180830E+00  6.80649050E-03
 1.11701615E+00  2.25943326E-02
 1.15897577E+00  2.32310517E-02
 1.18240914E+00  6.17005469E-03
 1.18388683E+00 -2.12396697E-02
 1.16986233E+00 -4.24975940E-02
 1.14161736E+00 -4.77114148E-02
 1.09497064E+00 -3.56292563E-02
 1.04272226E+00 -1.24504992E-02
 1.00456048E+00  6.49398123E-03
 9.96366092E-01  1.28680697E-02
 1.02986733E+00  7.97530656E-03
 1.09239146E+00 -3.93204392E-03
 1.15149433E+00 -1.24235793E-02
 1.18642137E+00 -1.20673512E-02
 1.18791478E+00 -5.72613814E-03
 1.16104619E+00  4.17613455E-03
 1.12979835E+00  1.26355432E-02
 1.10580079E+00  1.67972346E-02
 1.08809061E+00  1.91894633E-02
 1.07956885E+00  2.05012545E-02
 1.07691854E+00  2.13180124E-02
 1.08199193E+00  2.20065516E-02
 1.10372241E+00  2.03242978E-02
 1.13545891E+00  1.56539747E-02
 1.16258196E+00  8.70508771E-03
 1.17341581E+00  2.83753452E-05
 1.15570426E+00 -8.36996551E-03
 1.10892858E+00 -1.42004457E-02
 1.04642324E+00 -1.58171861E-02
 9.81336646E-01 -1.22910533E-02
 9.33527289E-01 -4.97666984E-03
 9.38375175E-01  1.02633022E-03
 1.01472630E+00 -1.28249137E-03
 1.11227471E+00 -1.59834230E-02
 1.15359951E+00 -4.19640475E-02
 1.14124228E+00 -6.99314702E-02
 1.11898313E+00 -8.45228535E-02
 1.08895854E+00 -7.62570256E-02
 1.05356983E+00 -4.49545143E-02
 1.01667932E+00 -2.18295770E-03
 9.66584152E-01  2.97889363E-02
 9.47115710E-01  3.66270886E-02
 1.01665060E+00  1.61269875E-02
 1.12371620E+00 -2.29613176E-02
 1.17318299E+00 -5.94239626E-02
 1.14953225E+00 -8.01301967E-02
 1.07447540E+00 -8.38925555E-02
 9.89609065E-01 -7.38971219E-02
 9.63849040E-01 -6.18640952E-02
 9.68807915E-01 -5.30316143E-02
 9.21882722E-01 -4.29101736E-02
 8.76485776E-01 -2.99477892E-02
 9.18494401E-01 -1.10409686E-02
 9.93775638E-01  1.33505429E-02
 1.03033008E+00  3.53905011E-02
 1.05959593E+00  5.07123593E-02
 1.11613293E+00  5.64748085E-02
 1.16334615E+00  4.98576180E-02
 1.16517912E+00  3.24937069E-02
 1.12741475E+00  7.16983562E-03
 1.05722754E+00 -2.30902098E-02
 9.55417128E-01 -5.45474758E-02
 8.40954804E-01 -8.57099104E-02
 7.48781302E-01 -1.18941709E-01
 7.13973374E-01 -1.56654992E-01
 7.57540064E-01 -1.92250788E-01
 8.68842659E-01 -2.05617546E-01
 9.77703540E-01 -1.58076824E-01
 1.00150337E+00 -2.31909142E-02
 9.75852686E-01  1.36103553E-01
 9.91513210E-01  2.11637900E-01
 1.01487617E+00  1.80461548E-01
 9.75039188E-01  8.03198196E-02
 8.89318972E-01 -2.67565949E-02
 7.90380665E-01 -5.47749727E-02
 7.28387917E-01 -3.40565417E-02
 7.73100593E-01 -7.16341320E-02
 8.66031608E-01 -1.35893199E-01
 8.77532387E-01 -1.49214245E-01
 8.09293850E-01 -1.31278207E-01
 7.26885104E-01 -1.03446383E-01
 6.71613782E-01 -7.34490993E-02
 7.02048287E-01 -7.32778075E-02
 7.88175563E-01 -7.90501345E-02
 8.33484158E-01 -2.98100336E-02
 8.92566895E-01  6.90394856E-02
 1.04644441E+00  1.67366910E-01
 1.14861154E+00  1.88330997E-01
 1.03624263E+00  6.25711140E-02
 8.49243963E-01 -9.47939087E-02
 7.96960826E-01 -9.56896903E-02
 7.89987410E-01 -3.36337061E-02
 6.88338304E-01 -9.24421256E-02
 6.44046960E-01 -1.56742824E-01
 8.14970110E-01 -6.93516722E-02
 1.03986755E+00  4.42362343E-02
 1.10419055E+00  3.49724559E-02
 1.04523785E+00 -2.34230217E-02
 9.66686942E-01 -3.25738039E-02
 8.76175943E-01 -2.71297171E-02
 8.09236220E-01 -4.32600036E-02
 7.89876873E-01 -6.61207228E-02
 7.74204360E-01 -9.64361327E-02
 7.83278305E-01 -1.04361548E-01
 8.59182684E-01 -4.17570314E-02
 9.36965531E-01  2.65663609E-02
 9.45517235E-01  1.37752057E-03
 9.33178046E-01 -5.94559873E-02
 9.76494614E-01 -5.16720134E-02
 1.05643148E+00 -1.58080511E-02
 1.12722556E+00 -1.98711743E-02
 1.18443097E+00 -3.38551391E-02
 1.21050745E+00 -3.00276010E-02
 1.18403153E+00 -2.69264553E-02
 1.11677934E+00 -2.55296961E-02
 1.03393537E+00 -9.06165867E-03
 9.67480818E-01  2.91266791E-02
 9.44582848E-01  8.67490416E-02
 9.72770905E-01  1.54038605E-01
 1.03849736E+00  2.07858413E-01
 1.10972068E+00  2.17875459E-01
 1.16381291E+00  1.68463738E-01
 1.19409096E+00  7.06805644E-02
 1.20272040E+00 -2.43902023E-02
 1.20562549E+00 -5.35054718E-02
 1.20711423E+00 -3.15831379E-02
 1.19767625E+00 -1.92386532E-02
 1.17606957E+00 -1.49452055E-02
 1.14079413E+00 -1.92622926E-03
 1.09618672E+00  2.82778897E-03
 1.05755333E+00  2.75600668E-03
 1.03127675E+00  2.48576649E-02
 1.01858206E+00  8.02418443E-02
 1.02382439E+00  1.39312976E-01
 1.04695867E+00  1.60751777E-01
 1.08697942E+00  1.64200924E-01
 1.14209826E+00  1.87562405E-01
 1.19970344E+00  1.92296727E-01
 1.23647263E+00  1.27009398E-01
 1.21911223E+00  1.87476308E-02
 1.12689186E+00 -8.65403083E-02
 1.00787276E+00 -1.83689003E-01
 9.41135057E-01 -2.57138360E-01
 9.26358958E-01 -2.50462136E-01
 9.23739808E-01 -1.36358166E-01
 9.35986098E-01 -8.49237761E-04
 9.65682490E-01  3.99963378E-02
 1.01595912E+00  1.85810657E-02
 1.10521321E+00  3.19750300E-02
 1.19263281E+00  6.54876299E-02
 1.21330955E+00  8.09013792E-02
 1.19042351E+00  7.85536291E-02
 1.17968768E+00  3.75694059E-02
 1.17796292E+00 -1.90034200E-02
 1.17408067E+00 -2.72489076E-02
 1.17777633E+00 -1.99034739E-03
