# x =
 4.31609136E+01
# y =
 3.25097170E+00
 VARIABLES = u,v
 1.02067520E+00  2.15769290E-02
 1.02083547E+00  1.85850473E-02
 1.05361337E+00  2.69228104E-02
 1.11022769E+00  4.11316281E-02
 1.16824815E+00  4.75812782E-02
 1.21038015E+00  3.96134037E-02
 1.22442243E+00  1.89407357E-02
 1.21061630E+00 -8.84484455E-03
 1.18362884E+00 -3.15592917E-02
 1.15070801E+00 -4.18153035E-02
 1.11427420E+00 -3.99280701E-02
 1.08273526E+00 -2.71019000E-02
 1.06195528E+00 -8.61958406E-03
 1.06048169E+00  1.13528173E-02
 1.08750574E+00  3.19401577E-02
 1.13303608E+00  4.81323024E-02
 1.17535275E+00  5.41282402E-02
 1.19890003E+00  4.60094142E-02
 1.19384449E+00  2.19798469E-02
 1.16626440E+00 -9.67679512E-03
 1.13832908E+00 -3.35352401E-02
 1.12148591E+00 -3.92200039E-02
 1.11745825E+00 -2.32590448E-02
 1.12584527E+00  5.59396410E-03
 1.13709533E+00  2.73036950E-02
 1.14818736E+00  3.01339816E-02
 1.16338137E+00  1.31061770E-02
 1.17682342E+00 -1.55856457E-02
 1.18056086E+00 -3.65404623E-02
 1.16898465E+00 -3.92523191E-02
 1.13736733E+00 -2.55196330E-02
 1.09644073E+00 -1.24006161E-03
 1.06818036E+00  1.96617262E-02
 1.06575370E+00  2.93869169E-02
 1.09314623E+00  3.05362835E-02
 1.14007944E+00  2.55413592E-02
 1.18134020E+00  2.04323877E-02
 1.20219810E+00  1.84945055E-02
 1.20109665E+00  1.63583876E-02
 1.18466490E+00  1.32162406E-02
 1.17163425E+00  8.50473097E-03
 1.17103510E+00  2.25950532E-03
 1.17796810E+00 -2.01014168E-03
 1.18515546E+00 -3.16251696E-03
 1.17878870E+00 -1.79905619E-03
 1.15307710E+00  2.14266543E-03
 1.11632940E+00  7.36059432E-03
 1.08003995E+00  1.29193580E-02
 1.06072111E+00  1.87588614E-02
 1.06915719E+00  2.36352126E-02
 1.10275836E+00  2.60773981E-02
 1.15051464E+00  2.51187401E-02
 1.19312926E+00  1.98506496E-02
 1.21608268E+00  1.02733996E-02
 1.21606036E+00 -2.20122957E-03
 1.19842029E+00 -1.47716936E-02
 1.17798007E+00 -2.37141877E-02
 1.16340965E+00 -2.61588484E-02
 1.15373748E+00 -2.14350718E-02
 1.14561669E+00 -1.26927022E-02
 1.13049482E+00 -5.55889239E-03
 1.10677483E+00 -2.30733842E-03
 1.08304949E+00  4.08834800E-05
 1.06764647E+00  1.16463204E-02
 1.07068057E+00  4.02585406E-02
 1.09687129E+00  6.31000414E-02
 1.13943163E+00  4.86513425E-02
 1.18492138E+00  1.60163289E-02
 1.21441989E+00  2.05549463E-03
 1.21350864E+00 -6.85572742E-03
 1.17972059E+00 -3.37369111E-02
 1.12463437E+00 -5.89093643E-02
 1.07219886E+00 -5.99770262E-02
 1.04033633E+00 -4.04597219E-02
 1.03628543E+00 -5.99802262E-03
 1.05801566E+00  3.74744343E-02
 1.09128347E+00  7.29297539E-02
 1.12792558E+00  8.48281233E-02
 1.16649482E+00  6.74528065E-02
 1.19884857E+00  2.82238606E-02
 1.21794101E+00 -1.37185789E-02
 1.21552594E+00 -4.53772196E-02
 1.18294493E+00 -6.12922034E-02
 1.13035224E+00 -5.95856715E-02
 1.08033957E+00 -4.66336450E-02
 1.04961446E+00 -2.43401324E-02
 1.04957176E+00  9.42500421E-03
 1.07696040E+00  4.64260033E-02
 1.11264318E+00  7.51002851E-02
 1.14619195E+00  8.48800340E-02
 1.17391697E+00  6.64485930E-02
 1.18975380E+00  2.63119147E-02
 1.19339116E+00 -1.64882286E-02
 1.18018480E+00 -4.88786161E-02
 1.14239454E+00 -6.23977991E-02
 1.08860671E+00 -5.52983905E-02
 1.03635606E+00 -3.63918109E-02
 1.00086046E+00 -8.79279470E-03
 9.96682839E-01  2.78379557E-02
 1.02621558E+00  6.47001767E-02
 1.07799893E+00  9.16229270E-02
 1.14259536E+00  9.83424759E-02
 1.20647672E+00  7.56536569E-02
 1.24235366E+00  3.12495225E-02
 1.23266846E+00 -1.49329653E-02
 1.20233870E+00 -4.91482861E-02
 1.18781857E+00 -6.29779430E-02
 1.16529685E+00 -5.77159581E-02
 1.09511842E+00 -4.59298651E-02
 1.01856191E+00 -2.94572013E-02
 9.96128907E-01  6.83195383E-04
 1.01441918E+00  5.55164164E-02
 1.04392812E+00  1.34259218E-01
 1.09279829E+00  1.72403904E-01
 1.15637971E+00  9.52220076E-02
 1.19468714E+00 -3.21333927E-02
 1.18024589E+00 -8.65399022E-02
 1.13970879E+00 -7.94230035E-02
 1.11479030E+00 -6.88212374E-02
 1.08783789E+00 -4.55312831E-02
 1.02985960E+00 -1.45078544E-02
 9.90835643E-01  8.48698275E-03
 1.02876820E+00  3.84093209E-02
 1.10841030E+00  6.07902330E-02
 1.16721520E+00  4.55342434E-02
 1.19780513E+00  5.69520068E-03
 1.20331145E+00 -3.18069225E-02
 1.17815722E+00 -5.30342317E-02
 1.14026308E+00 -4.60973326E-02
 1.10244274E+00 -2.32597137E-02
 1.06282285E+00 -1.20107074E-02
 1.03179106E+00  7.48892824E-03
 1.02096128E+00  6.82502958E-02
 1.04006361E+00  1.32532252E-01
 1.09732851E+00  1.44200418E-01
 1.17316723E+00  1.09370403E-01
 1.22994356E+00  5.61460072E-02
 1.24536504E+00  5.04023440E-03
 1.21500207E+00 -1.53521534E-02
 1.16715586E+00 -1.54910344E-02
 1.14789481E+00 -3.47182561E-02
 1.14244119E+00 -5.19537918E-02
 1.10878105E+00 -2.86493414E-02
 1.07806447E+00  5.01902993E-03
 1.09397281E+00  1.06823841E-02
 1.12694793E+00  8.06405812E-03
 1.13937722E+00  2.11268133E-02
 1.14609966E+00  2.97017531E-02
 1.16364149E+00  1.42935240E-02
 1.17155019E+00 -3.09814438E-03
 1.15271151E+00  1.95274082E-03
 1.12312377E+00  1.56535417E-02
 1.10482965E+00  1.66854705E-02
 1.10569054E+00  9.80399169E-03
 1.12844199E+00  2.94178001E-03
 1.16232950E+00 -7.53184410E-03
 1.18086944E+00 -2.05381411E-02
 1.17019471E+00 -3.26757252E-02
 1.13176878E+00 -4.44311942E-02
 1.07722234E+00 -5.13405806E-02
 1.03224680E+00 -4.59687365E-02
 1.01286419E+00 -2.51123677E-02
 1.01998501E+00  1.01740203E-02
 1.04965371E+00  4.98814892E-02
 1.08750804E+00  7.67636954E-02
 1.12355895E+00  7.95809928E-02
 1.15618187E+00  5.59642110E-02
 1.17778058E+00  1.54685722E-02
 1.18200673E+00 -2.08042237E-02
 1.16464082E+00 -3.88946720E-02
 1.12381429E+00 -3.54546071E-02
 1.07762570E+00 -1.59259912E-02
 1.05569194E+00  3.06216527E-03
 1.07426042E+00  1.22017718E-02
 1.13085439E+00  1.20238409E-02
 1.18826853E+00  3.35637831E-03
 1.19421961E+00 -7.47105270E-03
 1.15961824E+00 -1.79002015E-02
 1.12858858E+00 -3.10812819E-02
 1.08698588E+00 -4.21520088E-02
 1.01747916E+00 -4.38743822E-02
 9.70299994E-01 -3.18479107E-02
 9.92115700E-01 -3.52517576E-03
 1.05350401E+00  3.06127805E-02
 1.10322163E+00  5.09321754E-02
 1.13921978E+00  4.73232510E-02
 1.17110343E+00  2.12309171E-02
 1.18821348E+00 -8.74580264E-03
 1.19171738E+00 -1.58617064E-02
 1.18431995E+00 -9.11431126E-03
 1.15865439E+00 -1.48349968E-02
 1.12350733E+00 -1.83358990E-02
 1.09718628E+00  1.78742770E-03
 1.09226639E+00  2.32979913E-02
 1.11686005E+00  2.10308979E-02
 1.15822320E+00  7.71774856E-03
 1.18606537E+00  1.82550177E-03
 1.18334611E+00 -2.90385236E-03
 1.14731615E+00 -1.38055955E-02
 1.09169110E+00 -2.27851223E-02
 1.04933118E+00 -2.32351467E-02
 1.03861185E+00 -1.35128591E-02
 1.05933312E+00  8.57471502E-03
 1.10345114E+00  3.67204076E-02
 1.14815677E+00  5.70475541E-02
 1.17942660E+00  6.05772362E-02
 1.19726689E+00  4.38438682E-02
 1.19802645E+00  1.13724586E-02
 1.18284888E+00 -2.30953095E-02
 1.15188864E+00 -4.98292623E-02
 1.10148312E+00 -6.36015112E-02
 1.04380907E+00 -5.90430625E-02
 9.99863928E-01 -3.61443648E-02
 9.85397085E-01  3.31153126E-03
 1.01099370E+00  5.31813791E-02
 1.06776204E+00  8.95810008E-02
 1.12897272E+00  8.74107661E-02
 1.17650304E+00  5.51854139E-02
 1.20049350E+00  2.01831141E-02
 1.19827440E+00 -7.61943448E-03
 1.18067424E+00 -2.44425169E-02
 1.15215427E+00 -2.86951054E-02
 1.11294844E+00 -2.92710001E-02
 1.07759617E+00 -1.80622294E-02
 1.06284156E+00  1.82836014E-02
 1.07977952E+00  5.21779616E-02
 1.12972108E+00  4.80811201E-02
 1.17924457E+00  2.17895967E-02
 1.18397926E+00  5.43663928E-03
 1.15827245E+00 -5.67303181E-03
 1.14156482E+00 -2.18469137E-02
 1.11532906E+00 -3.32618763E-02
 1.05610359E+00 -3.51344172E-02
 1.00954856E+00 -2.68437027E-02
 1.02363895E+00 -3.51910079E-03
 1.07253586E+00  2.74989213E-02
 1.11063145E+00  4.97618944E-02
 1.13950659E+00  5.30248416E-02
 1.16726802E+00  3.28941325E-02
 1.17776579E+00 -2.32595268E-03
 1.16449257E+00 -3.19047588E-02
 1.12961258E+00 -4.38269465E-02
 1.07677816E+00 -3.61279038E-02
 1.03869052E+00 -1.43321622E-02
 1.05312478E+00  5.30623073E-03
 1.09929597E+00  1.44630241E-02
 1.12888406E+00  1.54725922E-02
 1.13847885E+00  1.17565196E-02
 1.14169879E+00  1.22336907E-02
 1.14199991E+00  2.07200702E-02
 1.15323611E+00  3.22170448E-02
 1.16671536E+00  4.36740931E-02
 1.15823118E+00  5.06741088E-02
 1.15692671E+00  4.99891045E-02
 1.19954889E+00  4.33157368E-02
 1.23764369E+00  3.00823299E-02
 1.20720142E+00  9.35049259E-03
 1.14489575E+00 -1.73552951E-02
 1.11259462E+00 -4.75898567E-02
 1.08243282E+00 -7.37172529E-02
 1.01756660E+00 -8.45951576E-02
 9.63426953E-01 -7.33805433E-02
 9.67744592E-01 -3.93824293E-02
 1.00765742E+00  7.63103191E-03
 1.04877179E+00  4.88360306E-02
 1.09553985E+00  7.04383150E-02
 1.15100912E+00  6.67180520E-02
 1.19576882E+00  4.20121724E-02
 1.21605578E+00  1.18465463E-02
 1.20481103E+00 -1.38027233E-02
 1.15667780E+00 -3.18225435E-02
 1.08755393E+00 -3.95623800E-02
 1.02943818E+00 -3.97854623E-02
 1.00592560E+00 -3.17631012E-02
 1.02862713E+00 -1.14587529E-02
 1.08566582E+00  1.45144218E-02
 1.14227020E+00  3.49316836E-02
 1.17723130E+00  4.08750557E-02
 1.18434385E+00  2.55839972E-02
 1.16483153E+00 -3.96999684E-03
 1.13575836E+00 -2.95354735E-02
 1.10399569E+00 -4.02707271E-02
 1.06546973E+00 -3.23460110E-02
 1.02974301E+00 -9.59715565E-03
 1.00802522E+00  1.35880552E-02
 1.01099579E+00  2.99136906E-02
 1.05034113E+00  3.97294736E-02
 1.11435486E+00  4.15511664E-02
 1.17447805E+00  3.77644435E-02
 1.21156387E+00  2.83799591E-02
 1.21389811E+00  9.68065055E-03
 1.18480130E+00 -1.33439188E-02
 1.14599554E+00 -3.15569221E-02
 1.10882512E+00 -3.82736002E-02
 1.07597367E+00 -2.80715374E-02
 1.05454258E+00 -4.77692954E-03
 1.04598544E+00  1.93675076E-02
 1.05550915E+00  3.66877825E-02
 1.09131971E+00  4.32341388E-02
 1.14204887E+00  3.81170353E-02
 1.18562338E+00  2.66317612E-02
 1.20564034E+00  1.09454114E-02
 1.19069990E+00 -9.08186520E-03
 1.14847749E+00 -2.75347305E-02
 1.10463551E+00 -3.74159776E-02
 1.07396660E+00 -3.28950847E-02
 1.06160971E+00 -1.01717622E-02
 1.06786344E+00  2.25943040E-02
 1.08125773E+00  4.87184211E-02
 1.09820998E+00  5.72323616E-02
 1.12289457E+00  4.38127345E-02
 1.14877099E+00  1.48815821E-02
 1.16769512E+00 -1.19288147E-02
 1.17214629E+00 -2.65686717E-02
 1.15396897E+00 -2.78657046E-02
 1.12183532E+00 -1.86071553E-02
 1.09607929E+00 -9.43029508E-03
 1.08794496E+00 -5.16117183E-03
 1.10016682E+00 -2.82259458E-03
 1.12100243E+00 -2.36073469E-03
 1.12544158E+00 -1.47943518E-03
 1.10576097E+00  2.09852002E-03
 1.07659502E+00  9.01708151E-03
 1.07309476E+00  2.94025075E-02
 1.12776460E+00  6.35162024E-02
 1.18581474E+00  6.06877810E-02
 1.15571496E+00 -3.18374972E-02
 1.06607141E+00 -1.58236553E-01
 9.98640458E-01 -2.19082428E-01
 9.62151105E-01 -2.22243000E-01
 9.52190190E-01 -2.12167578E-01
 9.56422354E-01 -1.68975505E-01
 9.27238095E-01 -8.46982074E-02
 8.78182627E-01  8.65586235E-03
 8.67349748E-01  9.32751507E-02
 8.98962577E-01  1.66180008E-01
 9.53772093E-01  2.21446140E-01
 9.93924758E-01  2.45703513E-01
 9.63563385E-01  2.30058021E-01
 9.00935754E-01  1.91733619E-01
 8.93998380E-01  1.60323137E-01
 9.20969909E-01  1.52287794E-01
 9.26130346E-01  1.66329844E-01
 9.34828048E-01  1.61869363E-01
 9.70545017E-01  9.11301572E-02
 1.00931200E+00  8.12238190E-03
 1.03604458E+00  7.46735119E-04
 1.04824234E+00  9.93533180E-03
 1.03435132E+00 -6.28434281E-02
 9.82235698E-01 -1.61310965E-01
 8.93126123E-01 -1.95315852E-01
 7.94519822E-01 -1.81603067E-01
 7.30298016E-01 -1.47975435E-01
 7.30768684E-01 -8.97853694E-02
 8.06330699E-01 -2.66073410E-02
 9.35729414E-01  3.02176378E-02
 1.06549973E+00  8.65735331E-02
 1.15364405E+00  1.04052687E-01
 1.17275267E+00  3.57895471E-02
 1.09981397E+00 -9.75745311E-02
 9.49959503E-01 -2.37445928E-01
 7.93459219E-01 -3.24362961E-01
 7.02841850E-01 -3.10627040E-01
 6.50192568E-01 -2.48483387E-01
 5.65798232E-01 -2.41001528E-01
 5.08338769E-01 -2.40844504E-01
 5.69671096E-01 -1.48308366E-01
 7.05769555E-01 -2.97404913E-02
 8.40920906E-01  1.87461948E-02
 9.63910254E-01  3.02800738E-02
 1.05919175E+00  4.84835183E-02
 1.11168318E+00  5.55594747E-02
 1.14246046E+00  5.15839795E-02
 1.16046377E+00  6.92302172E-02
 1.15846934E+00  1.15794081E-01
 1.13682070E+00  1.41557572E-01
 1.09213754E+00  9.43536768E-02
 1.03584062E+00  2.22225190E-02
 9.95942325E-01  1.01168760E-02
 9.86818589E-01  3.32445574E-02
 1.01424101E+00  3.13625881E-02
 1.07592767E+00  1.69401693E-02
 1.14471891E+00  2.61282079E-03
 1.16850766E+00 -2.77737647E-02
 1.11235606E+00 -6.50386852E-02
 1.04475155E+00 -8.03610860E-02
 1.06651271E+00 -5.65418649E-02
 1.11260090E+00 -1.21811135E-02
 1.05100517E+00  1.86915104E-02
 8.98985227E-01  4.58877229E-02
 7.24803672E-01  9.05279636E-02
 5.63769404E-01  1.19104576E-01
 4.88496569E-01  1.00222366E-01
 5.36115640E-01  8.20043736E-02
 6.63743931E-01  1.18207379E-01
 8.05874838E-01  1.51763704E-01
 8.88666377E-01  1.04034967E-01
 9.10603476E-01  3.42749734E-02
 9.37482237E-01  3.71705759E-02
 9.75956200E-01  8.30413145E-02
 1.01648734E+00  1.13668365E-01
 1.08665025E+00  1.34470264E-01
 1.17368259E+00  1.37489283E-01
 1.19820965E+00  8.72647649E-02
 1.08838206E+00 -1.18018387E-02
 8.90114242E-01 -8.70137270E-02
 7.21618804E-01 -6.38133123E-02
 6.39931566E-01  3.71149470E-03
 6.69059354E-01  1.02877181E-02
 7.95773405E-01 -2.25953805E-03
 9.37358275E-01  4.51950692E-02
 1.05373690E+00  9.25184000E-02
 1.14465737E+00  7.09783728E-02
 1.17912982E+00  2.57083351E-02
 1.15580242E+00  1.04643066E-02
 1.12215100E+00  1.48225319E-02
 1.11909250E+00  2.49807082E-02
 1.13781610E+00  4.28422373E-02
 1.14345416E+00  5.46020235E-02
 1.14129500E+00  5.32595649E-02
 1.14918774E+00  4.82123720E-02
 1.15954019E+00  3.74500777E-02
 1.17003030E+00  1.81976873E-02
 1.17580097E+00  1.63610221E-03
 1.16341701E+00 -4.40886112E-03
 1.14759088E+00 -8.65144714E-03
 1.15185476E+00 -2.15741303E-02
 1.15900579E+00 -3.09864165E-02
 1.14094327E+00 -1.91840876E-02
 1.10919528E+00  2.94707423E-03
 1.08630516E+00  2.06050657E-02
 1.07464077E+00  5.37175435E-02
 1.07901321E+00  1.20705878E-01
 1.10949504E+00  1.83878207E-01
 1.16142591E+00  1.90419116E-01
 1.21239876E+00  1.41193135E-01
 1.23241349E+00  6.54568824E-02
 1.20137641E+00 -5.25784567E-03
 1.11713865E+00 -3.28847516E-02
 1.00528904E+00 -3.37929957E-02
 9.14594944E-01 -5.79462726E-02
 8.78071728E-01 -7.33663905E-02
 9.04960457E-01 -2.44622668E-02
 9.80277139E-01  5.33674727E-02
 1.06148617E+00  1.04799669E-01
 1.12248319E+00  1.25786767E-01
 1.15956104E+00  1.16341543E-01
 1.17381038E+00  7.70500410E-02
 1.18197516E+00  3.45794287E-02
 1.18909670E+00  9.54578135E-03
 1.18431481E+00  5.64009640E-03
 1.17184275E+00  1.73258935E-02
 1.15877889E+00  2.60873293E-02
 1.15254170E+00  2.48815269E-02
 1.16555838E+00  1.97972116E-02
 1.18947149E+00  1.15901575E-02
 1.20132950E+00  4.30224383E-03
 1.18952700E+00 -1.37677996E-03
 1.15037913E+00 -1.22626035E-02
 1.09552095E+00 -2.46805739E-02
 1.05373882E+00 -2.98308347E-02
 1.04043555E+00 -2.36747609E-02
 1.05641330E+00 -3.50323065E-03
 1.09561791E+00  2.37119709E-02
 1.13858411E+00  4.20360617E-02
 1.17300751E+00  4.27543744E-02
 1.19756613E+00  2.44612449E-02
 1.20731971E+00 -6.75074529E-03
 1.20138674E+00 -3.52901841E-02
 1.17856783E+00 -5.14479926E-02
 1.13566816E+00 -5.36836149E-02
 1.08457249E+00 -4.37462560E-02
 1.04567176E+00 -3.00498975E-02
 1.03373924E+00 -1.72363130E-02
 1.05689389E+00 -4.26482234E-03
 1.10332753E+00  6.78464888E-03
 1.14405520E+00  1.47022026E-02
 1.16155857E+00  1.73682119E-02
 1.15169660E+00  1.06663550E-02
 1.12457615E+00 -1.99761198E-03
 1.10731694E+00 -1.26398256E-02
 1.11319493E+00 -1.61270113E-02
 1.13815913E+00 -9.41500553E-03
 1.17275911E+00  3.44252491E-03
 1.19610381E+00  1.17388287E-02
 1.19736897E+00  1.02018032E-02
 1.18200283E+00 -7.82315399E-04
 1.15614471E+00 -1.64299169E-02
 1.13193624E+00 -2.60028347E-02
 1.11729795E+00 -2.39674534E-02
 1.10915430E+00 -1.19955783E-02
 1.10541538E+00  5.53665053E-03
 1.10215907E+00  1.96295350E-02
 1.09719693E+00  2.48169485E-02
 1.09483212E+00  2.21816075E-02
 1.09807535E+00  1.47495451E-02
 1.10935141E+00  8.87284471E-03
 1.12913518E+00  8.26993017E-03
 1.15244253E+00  1.12789246E-02
 1.17252875E+00  1.49387498E-02
 1.18180740E+00  1.41566198E-02
 1.17484728E+00  6.47687493E-03
 1.15220599E+00 -5.46434130E-03
 1.12126939E+00 -1.72276858E-02
 1.09466562E+00 -2.23489886E-02
 1.08214760E+00 -1.70575870E-02
 1.08734441E+00 -3.08665140E-03
 1.10623958E+00  1.39068758E-02
 1.12709966E+00  2.47329013E-02
 1.14212169E+00  2.32403343E-02
 1.14867381E+00  9.34277428E-03
 1.14529844E+00 -1.14070288E-02
 1.13516748E+00 -2.80041589E-02
 1.11948747E+00 -3.30966566E-02
 1.09796997E+00 -2.54895951E-02
 1.07920113E+00 -8.28791024E-03
 1.07500788E+00  9.70509727E-03
 1.09301659E+00  2.24603730E-02
 1.13482184E+00  2.80269487E-02
 1.18473170E+00  2.29484545E-02
 1.21427309E+00  6.29957762E-03
 1.20557787E+00 -2.08833291E-02
 1.15511081E+00 -5.43766309E-02
 1.07921285E+00 -7.67874731E-02
 1.01386421E+00 -7.07474858E-02
 9.82226397E-01 -4.91107593E-02
 9.89788185E-01 -3.57736273E-02
 1.02958956E+00 -1.98970797E-02
 1.07680004E+00  1.58390719E-02
 1.11695507E+00  4.54312686E-02
 1.14977285E+00  3.82955796E-02
 1.17160679E+00  1.06785552E-02
 1.18466357E+00 -9.05756607E-03
 1.18673595E+00 -2.08392942E-02
 1.16878004E+00 -2.86182274E-02
 1.13787923E+00 -2.86413889E-02
 1.10931616E+00 -2.62713977E-02
 1.09430487E+00 -2.50814663E-02
 1.10223521E+00 -2.11149509E-02
 1.12588581E+00 -1.48282822E-02
 1.14346167E+00 -7.84430915E-03
 1.14388082E+00 -2.21853636E-03
 1.12564002E+00 -2.31798617E-03
 1.09595374E+00 -6.54722006E-03
 1.07463822E+00 -9.21077051E-03
 1.07143125E+00 -7.79142424E-03
 1.08401281E+00 -1.32193330E-03
 1.10923010E+00  7.48892534E-03
 1.13685607E+00  1.16309305E-02
 1.16008349E+00  7.99793110E-03
 1.17897102E+00 -2.44549506E-03
 1.18733156E+00 -1.67662082E-02
 1.17859715E+00 -2.85350242E-02
 1.14960856E+00 -3.36426232E-02
 1.09987382E+00 -3.18410241E-02
 1.04361974E+00 -2.37619854E-02
 1.00525552E+00 -1.24541189E-02
 1.00124209E+00 -4.08195594E-04
 1.03719696E+00  1.14716859E-02
 1.09930180E+00  2.03298551E-02
 1.15561351E+00  2.31239775E-02
 1.18496110E+00  1.75638119E-02
 1.18053358E+00  2.44407203E-03
 1.14817456E+00 -1.79165308E-02
 1.11096735E+00 -3.52738545E-02
 1.08234793E+00 -4.35486595E-02
 1.06418166E+00 -3.96091374E-02
 1.06291656E+00 -2.61141602E-02
 1.07883240E+00 -1.14815603E-02
 1.11169743E+00 -8.56488773E-04
 1.15963298E+00  4.21122992E-03
 1.19351576E+00  3.77216028E-03
 1.18174751E+00  1.57096251E-03
 1.14431778E+00 -1.32317124E-03
 1.11914652E+00 -6.72407260E-03
 1.09043979E+00 -1.32300524E-02
 1.03504363E+00 -1.89834554E-02
 9.97460595E-01 -2.18998255E-02
 1.02619387E+00 -1.89542858E-02
 1.08921304E+00 -1.17252567E-02
 1.13083765E+00 -5.04230019E-03
 1.14591060E+00 -1.61546056E-03
 1.14163968E+00 -2.89016645E-03
 1.11714119E+00 -7.68858352E-03
 1.09175139E+00 -1.15897914E-02
 1.07936829E+00 -1.27482725E-02
 1.07641406E+00 -1.17712917E-02
 1.08283168E+00 -9.45659939E-03
 1.09528268E+00 -8.24545429E-03
 1.11262294E+00 -9.10991449E-03
 1.13951414E+00 -1.07711296E-02
 1.16746578E+00 -1.26714502E-02
 1.18141473E+00 -1.39603528E-02
 1.17211941E+00 -1.40411644E-02
 1.13487634E+00 -1.36031491E-02
 1.08211070E+00 -1.28353746E-02
 1.04091213E+00 -1.17195690E-02
 1.02806692E+00 -1.04826499E-02
 1.04854947E+00 -8.95898784E-03
 1.09343352E+00 -7.24596447E-03
 1.13741926E+00 -5.75767200E-03
 1.16560625E+00 -4.74856608E-03
 1.17632761E+00 -4.51131483E-03
 1.17194820E+00 -5.18386821E-03
 1.16486769E+00 -6.61166812E-03
 1.15975966E+00 -8.60677977E-03
 1.15035620E+00 -1.08330977E-02
 1.13546302E+00 -1.26934903E-02
 1.11321389E+00 -1.34969357E-02
 1.08541269E+00 -1.25505949E-02
 1.06204960E+00 -9.31413814E-03
 1.04865841E+00 -3.74225654E-03
 1.04801665E+00  3.67796792E-03
 1.06288566E+00  1.21404331E-02
 1.09030765E+00  2.03251644E-02
 1.12360784E+00  2.61861783E-02
 1.15453709E+00  2.75295868E-02
 1.17447494E+00  2.29569583E-02
 1.17844464E+00  1.27261209E-02
 1.16908746E+00  1.78969982E-04
 1.15494018E+00 -9.19714071E-03
 1.14222417E+00 -1.15121737E-02
 1.13437321E+00 -5.66650399E-03
 1.13273283E+00  5.07445089E-03
 1.13456568E+00  1.35832229E-02
 1.13989350E+00  1.54767254E-02
 1.15029864E+00  1.02265363E-02
 1.16085682E+00  7.99639025E-04
 1.16452878E+00 -5.79994688E-03
 1.15605611E+00 -5.82270613E-03
 1.13280434E+00  1.32844991E-06
 1.10339480E+00  9.28009159E-03
 1.08464784E+00  1.66002709E-02
 1.08648270E+00  1.89047935E-02
 1.11063045E+00  1.70249242E-02
 1.14772776E+00  1.18207944E-02
 1.17709375E+00  5.69099145E-03
 1.18647965E+00  2.86024895E-04
 1.17489038E+00 -4.79564294E-03
 1.14877025E+00 -8.37958572E-03
 1.12496674E+00 -9.02073094E-03
 1.11342256E+00 -5.95446317E-03
 1.11369971E+00  1.31728330E-03
 1.12400498E+00  9.95176561E-03
 1.13658773E+00  1.50247863E-02
 1.14688764E+00  1.42780076E-02
 1.15605849E+00  8.98637422E-03
 1.15901108E+00  6.46849952E-03
 1.15068446E+00  1.81455088E-02
 1.13164939E+00  4.86661512E-02
 1.10931977E+00  9.25123391E-02
 1.11164388E+00  1.30983458E-01
 1.15865565E+00  1.35720713E-01
 1.19198935E+00  9.09220467E-02
 1.13547396E+00  1.18316350E-03
 1.04491902E+00 -1.03411056E-01
 1.02150096E+00 -1.72274577E-01
 1.02903723E+00 -1.75164809E-01
 9.99943531E-01 -1.15113727E-01
 9.77506214E-01 -3.35733067E-02
 1.00975489E+00  5.35943983E-03
 1.07390910E+00  2.42954864E-03
 1.14370222E+00  2.37757640E-03
 1.19677534E+00  7.86420880E-04
 1.19929379E+00 -1.16460361E-02
 1.16386117E+00 -1.46845106E-02
 1.13348630E+00 -5.46620512E-03
 1.09668638E+00  2.92213863E-03
 1.03268820E+00  5.02986302E-03
 9.92753984E-01  1.41652282E-02
 1.02999545E+00  4.67528530E-02
 1.10999671E+00  8.09582625E-02
 1.17117025E+00  8.09874948E-02
 1.20442550E+00  5.03853263E-02
 1.21353129E+00  9.34118133E-03
 1.19263754E+00 -2.96162102E-02
 1.15759055E+00 -4.91128745E-02
 1.11953757E+00 -5.12060206E-02
 1.07481595E+00 -5.56495894E-02
 1.03335869E+00 -5.05691904E-02
 1.00822572E+00 -1.70136410E-02
 1.01111793E+00  2.02131461E-02
 1.05374409E+00  3.05817011E-02
 1.12235526E+00  2.55852758E-02
 1.18476486E+00  2.55952668E-02
 1.21940950E+00  2.24992980E-02
 1.21418335E+00  6.57630903E-03
 1.17551232E+00 -1.34296320E-02
 1.13109936E+00 -2.98165896E-02
 1.09565003E+00 -3.86670797E-02
 1.07150181E+00 -3.33947694E-02
 1.06133296E+00 -1.62136295E-02
 1.05823612E+00  2.48377166E-03
 1.06261108E+00  1.66127495E-02
 1.08311376E+00  2.28494424E-02
 1.11303361E+00  2.12654324E-02
 1.13979041E+00  1.76733935E-02
 1.15344421E+00  1.36434556E-02
 1.14406463E+00  7.27164667E-03
 1.11841108E+00 -7.07320467E-06
 1.09697514E+00 -7.20546762E-03
 1.09046702E+00 -1.23574158E-02
 1.10177791E+00 -1.17764974E-02
 1.12534115E+00 -7.18361176E-03
 1.14354330E+00 -3.60430571E-03
 1.14830159E+00 -3.65568778E-03
 1.14218790E+00 -8.69466083E-03
 1.12796659E+00 -1.65078735E-02
 1.11429072E+00 -2.10190899E-02
 1.10532547E+00 -1.95619547E-02
 1.09723752E+00 -1.28875465E-02
 1.08994144E+00 -3.37175609E-03
 1.08332636E+00  3.72316445E-03
 1.07791287E+00  5.68345994E-03
 1.07841635E+00  3.73072596E-03
 1.08646887E+00  3.37064942E-04
 1.10126776E+00 -5.75772556E-06
 1.12224822E+00  5.09646395E-03
 1.14622602E+00  1.39091513E-02
 1.16885244E+00  2.23295710E-02
 1.18580518E+00  2.39677054E-02
 1.19205830E+00  1.50769311E-02
 1.18374419E+00 -3.10605038E-03
 1.16009705E+00 -2.50711037E-02
 1.12328571E+00 -4.13295911E-02
 1.07748313E+00 -4.53454108E-02
 1.02993989E+00 -3.59402713E-02
 9.92234589E-01 -1.64920152E-02
 9.77333533E-01  4.49241027E-03
 9.94776522E-01  2.10891748E-02
 1.04610295E+00  3.15599584E-02
 1.11696598E+00  3.51686548E-02
 1.18109368E+00  3.42045494E-02
 1.21802808E+00  2.92091109E-02
 1.21754126E+00  1.84955557E-02
 1.18564629E+00  4.37278483E-03
 1.14507688E+00 -9.40933405E-03
 1.11022837E+00 -1.91892149E-02
 1.08622672E+00 -2.10311989E-02
 1.07721475E+00 -1.63980138E-02
 1.07904452E+00 -1.09459129E-02
 1.09326697E+00 -7.78392177E-03
 1.12625796E+00 -8.19925578E-03
 1.16829262E+00 -1.07849217E-02
 1.20260235E+00 -1.05857255E-02
 1.21524248E+00 -6.05872520E-03
 1.19453208E+00  8.91508929E-04
 1.14789328E+00  8.13136139E-03
 1.09877308E+00  1.19827255E-02
 1.06055980E+00  1.16270103E-02
 1.03819179E+00  1.10085526E-02
 1.02863473E+00  1.62570144E-02
 1.01651987E+00  3.48507381E-02
 9.97399852E-01  6.94979433E-02
 9.78561060E-01  1.13731204E-01
 9.65424965E-01  1.49876008E-01
 9.68552230E-01  1.60324559E-01
 9.95194495E-01  1.59611412E-01
 1.04570232E+00  1.73133438E-01
 1.12754975E+00  1.76014536E-01
 1.23412541E+00  1.29643968E-01
 1.30608518E+00  5.33195793E-02
 1.28144360E+00 -1.67807450E-02
 1.20339341E+00 -7.83600675E-02
 1.15838456E+00 -1.27222808E-01
 1.12887036E+00 -1.40611362E-01
 1.06740642E+00 -1.12319666E-01
 1.00587110E+00 -7.12853177E-02
 9.76793253E-01 -4.82888597E-02
 9.72599913E-01 -1.95577173E-02
 9.97996521E-01  5.29068352E-02
 1.06630994E+00  1.28387183E-01
 1.16101529E+00  1.41146988E-01
 1.20767087E+00  9.30517589E-02
 1.13404907E+00  1.59980514E-02
 1.00713035E+00 -4.34072510E-02
 9.56240064E-01 -2.59975019E-02
 9.74195330E-01  3.23102906E-02
 9.95808797E-01  3.81979933E-02
 1.00950189E+00  4.38219179E-03
 9.91814526E-01 -1.35430660E-02
 9.55442466E-01 -1.59304789E-02
 9.68456131E-01  1.98990864E-03
 1.02447743E+00  3.36914613E-02
 1.07669542E+00  3.82209634E-02
 1.12407359E+00  2.11858470E-02
 1.16166987E+00  1.54206232E-02
 1.18201409E+00  1.51260672E-02
 1.19776619E+00  1.13788363E-02
 1.19120062E+00  1.00805230E-02
 1.13471083E+00  7.97427797E-03
 1.05735599E+00  6.46240073E-03
 1.00795046E+00  1.51481792E-02
 9.98118593E-01  3.16590516E-02
 1.02624005E+00  4.83452551E-02
 1.08631221E+00  6.31439666E-02
 1.15009341E+00  7.22387807E-02
 1.19369349E+00  6.93941151E-02
 1.20964225E+00  5.28816957E-02
 1.20042548E+00  2.83013887E-02
 1.18174110E+00  5.46020320E-03
 1.15971161E+00 -8.63496022E-03
 1.13005862E+00 -1.09938181E-02
 1.09766219E+00 -4.30117880E-03
 1.06726936E+00  2.78796191E-03
 1.04664784E+00  5.73426793E-03
 1.04874583E+00  4.80515240E-03
 1.07056221E+00  1.35834388E-03
 1.09849452E+00  1.00517667E-04
 1.12427788E+00  2.42109524E-03
 1.14085486E+00  5.15333642E-03
 1.14864041E+00  6.85617863E-03
 1.15742457E+00  5.77344693E-03
 1.16825587E+00  1.44653690E-03
 1.17553634E+00 -3.07995904E-03
 1.17490351E+00 -5.29533542E-03
 1.15903131E+00 -2.96516773E-03
 1.12716915E+00  5.79814953E-03
 1.08860288E+00  2.01028185E-02
 1.05513523E+00  3.63998663E-02
 1.04141437E+00  4.94196551E-02
 1.05743508E+00  5.46888889E-02
 1.10096049E+00  5.01195913E-02
 1.15575724E+00  3.70269961E-02
 1.19502813E+00  2.00569133E-02
 1.19953327E+00  2.85927408E-03
 1.16504823E+00 -1.20387126E-02
 1.10689570E+00 -2.14344330E-02
 1.05829558E+00 -2.33715900E-02
 1.04046080E+00 -1.60393903E-02
 1.05727299E+00  1.06995851E-03
 1.09982901E+00  2.17620000E-02
 1.14206776E+00  3.59701385E-02
 1.16902570E+00  3.64437327E-02
 1.18065887E+00  2.03585338E-02
 1.17481897E+00 -5.50432639E-03
 1.15647421E+00 -2.60568571E-02
 1.12727179E+00 -3.14318268E-02
 1.08310844E+00 -1.83360003E-02
 1.03684487E+00  1.01660323E-02
 1.00917277E+00  4.21218060E-02
 1.01429307E+00  6.87281159E-02
 1.06008130E+00  8.43327697E-02
 1.13045057E+00  7.79527726E-02
 1.18942319E+00  4.71508862E-02
 1.21422798E+00  1.46651553E-02
 1.19725661E+00  6.48246182E-03
 1.14944075E+00  7.64751740E-03
 1.10358230E+00 -1.10710001E-02
 1.07833267E+00 -2.97159384E-02
 1.07521357E+00 -1.68143650E-02
 1.09213464E+00  1.05055956E-02
 1.11418382E+00  2.58856432E-02
 1.13462148E+00  2.99691879E-02
 1.15797822E+00  2.40288931E-02
 1.17651673E+00  7.31325556E-03
 1.18064130E+00 -8.98271313E-03
 1.16319418E+00 -1.65711988E-02
 1.11747721E+00 -1.48958428E-02
 1.05857106E+00 -5.57233953E-03
 1.01690557E+00  5.12870939E-03
 1.01149065E+00  1.43741654E-02
 1.04935558E+00  2.35965256E-02
 1.11629714E+00  3.00478572E-02
 1.17636045E+00  3.08170577E-02
 1.20765334E+00  2.37635766E-02
 1.20511286E+00  6.69930017E-03
 1.17381557E+00 -1.47160231E-02
 1.13609601E+00 -2.95126751E-02
 1.10395171E+00 -3.08618175E-02
 1.07600343E+00 -1.63416673E-02
 1.05739308E+00  8.23695393E-03
 1.04962021E+00  2.90207509E-02
 1.05658312E+00  3.77196441E-02
 1.08681178E+00  3.29516598E-02
 1.13035624E+00  1.86695063E-02
 1.16656819E+00  6.07521639E-03
 1.18154406E+00  1.09378501E-03
 1.16675589E+00  2.43881660E-03
 1.13239816E+00  7.75161731E-03
 1.10586888E+00  1.07196162E-02
 1.10169572E+00  8.57919378E-03
 1.12096249E+00  4.51241034E-03
 1.15359488E+00  2.61582290E-04
 1.17427048E+00 -1.58680108E-03
 1.17029888E+00  3.74182079E-04
 1.14557489E+00  3.78280350E-03
 1.10812798E+00  7.54089785E-03
 1.07607263E+00  1.09583204E-02
 1.06010738E+00  1.29785269E-02
 1.05743845E+00  1.41268215E-02
 1.06570259E+00  1.46209685E-02
 1.07808845E+00  1.42547517E-02
 1.09039204E+00  1.32819582E-02
 1.10604519E+00  1.16251155E-02
 1.12455866E+00  9.32883839E-03
 1.14436963E+00  6.78670506E-03
 1.16317550E+00  4.36530358E-03
 1.17473781E+00  2.51006531E-03
 1.17653646E+00  1.43648907E-03
 1.16926147E+00  1.06026488E-03
 1.15322570E+00  1.31298080E-03
 1.13122905E+00  2.04404039E-03
 1.10714371E+00  3.06824644E-03
 1.08458869E+00  4.25735102E-03
 1.06866157E+00  5.31520413E-03
 1.06390824E+00  5.90622900E-03
 1.07144137E+00  5.95233659E-03
 1.08970959E+00  5.51984939E-03
 1.11588850E+00  4.70440257E-03
 1.14486420E+00  3.68980976E-03
 1.16893271E+00  2.63160754E-03
 1.17989251E+00  1.63656773E-03
 1.17113112E+00  9.51188955E-04
 1.14125100E+00  8.40654062E-04
 1.10058722E+00  1.36272562E-03
 1.06766912E+00  2.45438885E-03
 1.05627033E+00  3.99859507E-03
 1.07211849E+00  5.77855209E-03
 1.10745023E+00  7.58265341E-03
 1.14164842E+00  9.22103318E-03
 1.16203755E+00  1.03964821E-02
 1.16554350E+00  1.08191000E-02
 1.15434540E+00  1.03949913E-02
 1.14011616E+00  9.17265204E-03
 1.12778400E+00  7.29133667E-03
 1.11422934E+00  5.03539838E-03
 1.10164237E+00  2.78427883E-03
 1.09145997E+00  9.60581288E-04
 1.08691173E+00  4.57568724E-05
 1.09522919E+00  4.29960395E-04
 1.11464858E+00  2.16043836E-03
 1.13745325E+00  4.94559172E-03
 1.15823714E+00  8.27411813E-03
 1.17091113E+00  1.12949579E-02
 1.17270022E+00  1.27411261E-02
 1.16593806E+00  1.13179278E-02
 1.15025192E+00  6.32713160E-03
 1.12527953E+00 -1.70373413E-03
 1.09615379E+00 -1.00226368E-02
 1.06963587E+00 -1.44238132E-02
 1.05291705E+00 -1.20519763E-02
 1.05267011E+00 -2.41125559E-03
 1.06810772E+00  1.12811453E-02
 1.09240816E+00  2.26094166E-02
 1.12076656E+00  2.72497248E-02
 1.14894737E+00  2.39771502E-02
 1.17276187E+00  1.47152755E-02
 1.19046752E+00  5.00769143E-03
 1.19759817E+00 -1.90748055E-03
 1.18872467E+00 -5.85597702E-03
 1.16488036E+00 -7.29764860E-03
 1.13085512E+00 -8.66875379E-03
 1.09250219E+00 -1.05055435E-02
 1.05791962E+00 -1.06308280E-02
 1.03342861E+00 -7.97435285E-03
 1.02261241E+00 -1.49854865E-03
 1.02997345E+00  8.61640715E-03
 1.05719068E+00  1.94921669E-02
 1.09778357E+00  2.78417509E-02
 1.14038283E+00  3.01843770E-02
 1.17349493E+00  2.39570066E-02
 1.18733014E+00  9.62119964E-03
 1.17997065E+00 -8.62130939E-03
 1.15729394E+00 -2.38150635E-02
 1.12312624E+00 -3.03240988E-02
 1.08173562E+00 -2.55105798E-02
 1.04272241E+00 -1.09715841E-02
 1.01600943E+00  7.35269621E-03
 1.01227021E+00  2.51248401E-02
 1.03937454E+00  3.98375181E-02
 1.08935328E+00  4.84416434E-02
 1.14299049E+00  4.95900996E-02
 1.18502679E+00  4.13742763E-02
 1.20440929E+00  2.22659245E-02
 1.19944663E+00 -2.52475188E-03
 1.18006510E+00 -2.39117537E-02
 1.15025602E+00 -3.46386766E-02
 1.11088994E+00 -3.00425179E-02
 1.07117089E+00 -1.32330464E-02
 1.04074644E+00  5.55844443E-03
 1.03060365E+00  1.99269294E-02
 1.05112609E+00  2.71423849E-02
 1.09452008E+00  2.66089155E-02
 1.14032303E+00  2.24697759E-02
 1.17384304E+00  1.57128160E-02
 1.18497271E+00  4.53274794E-03
 1.17382474E+00 -7.97880144E-03
 1.15340108E+00 -1.76481871E-02
 1.12913412E+00 -2.04988120E-02
 1.10143926E+00 -1.24459196E-02
 1.07766713E+00  3.23682583E-03
 1.06373315E+00  1.77939079E-02
 1.06709952E+00  2.56969217E-02
 1.09559407E+00  2.38903801E-02
 1.13945604E+00  1.33288437E-02
 1.17779162E+00  3.74877217E-04
 1.19633815E+00 -1.17760029E-02
 1.18701925E+00 -2.25578093E-02
 1.15617328E+00 -2.92452809E-02
 1.12446173E+00 -2.98352809E-02
 1.10075619E+00 -2.04379709E-02
 1.08141552E+00  5.21147327E-03
 1.05605361E+00  4.96444930E-02
 1.01646477E+00  1.10152969E-01
 1.00497035E+00  1.75159772E-01
 1.07422467E+00  2.17747852E-01
 1.16913119E+00  1.91201724E-01
 1.19298769E+00  6.87979822E-02
 1.15192563E+00 -6.82772284E-02
 1.09065803E+00 -1.00712593E-01
 1.01723946E+00 -6.07353672E-02
 9.62591057E-01 -4.41078485E-02
 9.70696789E-01 -2.08842007E-02
 1.04078095E+00  4.72554363E-02
 1.11141505E+00  8.83888496E-02
 1.10574660E+00  4.83123893E-02
 1.04521895E+00 -1.44163157E-02
 1.00791046E+00 -2.67621666E-02
 9.95285164E-01 -1.66454642E-02
 9.85885999E-01 -3.79867624E-02
 9.76411242E-01 -6.52543822E-02
 9.44691077E-01 -6.36830721E-02
 9.19336459E-01 -4.11436229E-02
 9.62113386E-01 -3.04615392E-03
 1.04381819E+00  3.24548651E-02
 1.10209277E+00  3.08829804E-02
 1.14757536E+00  7.09374326E-03
 1.19688885E+00  2.06124469E-03
 1.21617669E+00  1.04807046E-02
 1.18605017E+00  1.19875708E-02
 1.14234892E+00  4.61303247E-03
 1.12252260E+00 -2.12172781E-02
 1.10212075E+00 -6.94109237E-02
 1.04446313E+00 -1.18485208E-01
 9.88707708E-01 -1.29591843E-01
 9.89119989E-01 -7.24592280E-02
 1.02184679E+00  1.05669438E-02
 1.04654889E+00  4.42093432E-02
 1.07498492E+00  4.76202976E-02
 1.11764741E+00  7.41052213E-02
 1.14806434E+00  9.18965930E-02
 1.14727946E+00  6.42978668E-02
 1.12941805E+00  2.57935696E-02
 1.11585215E+00  8.86642045E-03
 1.11437834E+00 -4.37636333E-03
 1.12782803E+00 -3.20820675E-02
 1.15087555E+00 -5.19596554E-02
 1.16540611E+00 -4.16591365E-02
 1.16348557E+00 -2.27554768E-02
 1.14842234E+00 -2.25788350E-02
 1.12329489E+00 -2.74421446E-02
 1.09715114E+00 -1.60002409E-02
 1.07541310E+00  1.68158154E-03
 1.05659384E+00  1.21331425E-02
 1.04513256E+00  1.98131453E-02
 1.04637973E+00  2.71398302E-02
 1.06326737E+00  3.16547221E-02
 1.09830520E+00  3.52949221E-02
 1.14422990E+00  3.73098461E-02
 1.18612990E+00  3.32908677E-02
 1.21293869E+00  2.24373342E-02
 1.21753041E+00  6.09859530E-03
 1.20071096E+00 -1.29279949E-02
 1.17255411E+00 -2.91868680E-02
 1.13943780E+00 -3.90457401E-02
 1.10457553E+00 -4.16048998E-02
 1.07287238E+00 -3.73984397E-02
 1.04654756E+00 -2.92776812E-02
 1.03052742E+00 -1.94313546E-02
 1.03130885E+00 -8.34505543E-03
 1.04566277E+00  3.83511831E-03
 1.06502190E+00  1.78109113E-02
 1.08273811E+00  3.26676886E-02
 1.09357828E+00  4.53444477E-02
 1.10088377E+00  5.27861897E-02
 1.11536253E+00  5.17636617E-02
 1.14012777E+00  4.08601575E-02
 1.17105244E+00  2.19847769E-02
 1.19863729E+00 -3.40096768E-04
 1.20676597E+00 -1.94647036E-02
 1.18775396E+00 -2.98177512E-02
 1.14600261E+00 -2.90715974E-02
 1.09384602E+00 -1.93794003E-02
 1.05247551E+00 -6.98630637E-03
 1.03701498E+00  3.53989256E-03
 1.05017572E+00  1.02822895E-02
 1.08427344E+00  1.32331664E-02
 1.12040523E+00  1.53381226E-02
 1.14564083E+00  1.71393121E-02
 1.15750415E+00  1.67795352E-02
 1.15855652E+00  1.45643143E-02
 1.15939492E+00  1.09412762E-02
 1.16389884E+00  7.27772869E-03
 1.16686067E+00  6.51446391E-03
 1.16585995E+00  8.63940005E-03
 1.15697467E+00  1.16858260E-02
 1.14033291E+00  1.47936930E-02
 1.12361716E+00  1.68876990E-02
 1.11130067E+00  1.73942403E-02
 1.10652669E+00  1.70154694E-02
 1.11218338E+00  1.53902201E-02
 1.12597911E+00  1.18911729E-02
 1.14288009E+00  7.71677568E-03
 1.15657982E+00  4.62373526E-03
 1.16104180E+00  4.01358776E-03
 1.15407901E+00  6.89690671E-03
 1.13992101E+00  1.21359717E-02
 1.12750055E+00  1.68801332E-02
 1.12264356E+00  1.95002876E-02
 1.12671539E+00  1.95150928E-02
 1.13667144E+00  1.75218641E-02
 1.14441354E+00  1.56303185E-02
 1.14600419E+00  1.47323368E-02
 1.14257212E+00  1.42598005E-02
 1.13572753E+00  1.35477324E-02
 1.12982441E+00  1.12224915E-02
 1.12680114E+00  6.76789900E-03
 1.12455119E+00  1.13281349E-03
 1.12254425E+00 -4.64062155E-03
 1.12004635E+00 -9.06250727E-03
 1.11675886E+00 -1.09037582E-02
 1.11464459E+00 -9.89307636E-03
 1.11439809E+00 -5.99299760E-03
 1.11587679E+00  3.09316953E-04
 1.11925049E+00  8.14288875E-03
 1.12366668E+00  1.63974609E-02
 1.12821258E+00  2.29111362E-02
 1.13226922E+00  2.50943232E-02
 1.13482504E+00  2.11770315E-02
 1.13511701E+00  1.08977630E-02
 1.13295899E+00 -2.84752276E-03
 1.12852451E+00 -1.47119039E-02
 1.12231319E+00 -2.05677964E-02
 1.11528591E+00 -1.83283130E-02
 1.10900931E+00 -9.08077916E-03
 1.10540539E+00  2.68474694E-03
 1.10637848E+00  1.38884573E-02
 1.11332471E+00  2.29411053E-02
 1.12616427E+00  2.79278951E-02
 1.14321976E+00  2.83224443E-02
 1.16190253E+00  2.30220804E-02
 1.17818416E+00  1.09282164E-02
 1.18602803E+00 -4.39029958E-03
 1.17928307E+00 -1.68088265E-02
 1.15475176E+00 -2.14930818E-02
 1.11502502E+00 -1.53489712E-02
 1.07309044E+00 -8.21956795E-04
 1.04877172E+00  1.45974504E-02
 1.05557600E+00  2.59771067E-02
 1.09594682E+00  3.07764085E-02
 1.15496578E+00  2.78885325E-02
 1.20265591E+00  1.97275106E-02
 1.21852107E+00  7.28420413E-03
 1.19616497E+00 -9.13516369E-03
 1.14340667E+00 -2.40063090E-02
 1.08533064E+00 -3.01049005E-02
 1.03858330E+00 -2.20674885E-02
 1.00920555E+00  2.43945546E-03
 1.00578484E+00  3.57817779E-02
 1.02913336E+00  6.27413101E-02
 1.07889991E+00  7.29548738E-02
 1.15100441E+00  6.22201268E-02
 1.21174765E+00  3.50136297E-02
 1.22464590E+00  5.43517222E-03
 1.20754837E+00 -1.77702644E-02
 1.19710089E+00 -3.20612023E-02
 1.17155710E+00 -3.57596553E-02
 1.10182913E+00 -3.23009289E-02
 1.03575223E+00 -2.21185663E-02
 1.03078310E+00 -2.37035154E-03
 1.06387925E+00  2.18959337E-02
 1.09072683E+00  4.25186010E-02
 1.11731543E+00  5.23825614E-02
 1.15336748E+00  4.49154122E-02
 1.18359528E+00  2.34443104E-02
 1.20159779E+00 -4.39678491E-04
 1.20301213E+00 -1.93827869E-02
 1.17714375E+00 -2.90348687E-02
 1.13264528E+00 -2.83749313E-02
 1.09150016E+00 -2.25020023E-02
 1.06893121E+00 -1.26837674E-02
 1.07511491E+00  2.47225811E-03
 1.10459294E+00  1.87312015E-02
 1.13560116E+00  3.09627852E-02
 1.15699727E+00  3.42313622E-02
 1.16674200E+00  2.39973751E-02
 1.16417265E+00  5.26361525E-03
 1.15733706E+00 -1.02509840E-02
 1.14810662E+00 -1.54262965E-02
 1.13170124E+00 -7.50648051E-03
 1.11410440E+00  9.12515043E-03
 1.10414690E+00  2.22580703E-02
 1.10816842E+00  2.57633669E-02
 1.13139643E+00  2.03289483E-02
 1.16388407E+00  9.23218835E-03
 1.18450902E+00  1.14516009E-03
 1.18156945E+00  3.84113273E-04
 1.15326850E+00  4.78013476E-03
 1.11206298E+00  1.26348929E-02
 1.08496088E+00  1.98961153E-02
 1.08697143E+00  2.38135031E-02
 1.11726861E+00  2.52551710E-02
 1.16333500E+00  2.26274921E-02
 1.19795304E+00  1.40821492E-02
 1.20459755E+00 -5.35952944E-04
 1.18335855E+00 -2.04080130E-02
 1.14132254E+00 -3.88701090E-02
 1.09773496E+00 -4.54287748E-02
 1.06588757E+00 -3.37754472E-02
 1.04847355E+00 -3.42321108E-03
 1.05213647E+00  3.61009489E-02
 1.07892071E+00  6.66804112E-02
 1.12679912E+00  7.61499424E-02
 1.18863283E+00  6.12269095E-02
 1.23132100E+00  2.88726031E-02
 1.22073658E+00 -2.92577314E-03
 1.17977210E+00 -2.27752752E-02
 1.15239541E+00 -2.83653950E-02
 1.11967449E+00 -2.12481944E-02
 1.05227509E+00 -1.06681829E-02
 1.00042619E+00 -8.17064010E-04
 1.02152198E+00  1.07751502E-02
 1.08405995E+00  2.16838127E-02
 1.13203250E+00  2.97170890E-02
 1.16325315E+00  3.18021683E-02
 1.18438482E+00  2.24915917E-02
 1.18793043E+00  5.47096705E-03
 1.18446041E+00 -9.62541446E-03
 1.18074589E+00 -1.68844877E-02
 1.16895455E+00 -1.27111569E-02
 1.15108924E+00 -4.53956429E-04
 1.13196973E+00  9.23620888E-03
 1.11696421E+00  1.13497132E-02
 1.11549646E+00  6.34724043E-03
 1.12365812E+00 -2.83237625E-03
 1.12821726E+00 -8.23952600E-03
 1.12322939E+00 -6.26422358E-03
 1.10709619E+00  6.99849424E-04
 1.08706122E+00  1.02262823E-02
 1.08026953E+00  1.74754044E-02
 1.09422272E+00  1.94525729E-02
 1.12569190E+00  1.74956029E-02
 1.16511331E+00  1.24692005E-02
 1.19385074E+00  6.12356281E-03
 1.20035262E+00  1.24499489E-04
 1.18490437E+00 -5.65341515E-03
 1.15387321E+00 -9.95962462E-03
 1.12223061E+00 -1.10098396E-02
 1.10056637E+00 -7.69738474E-03
 1.09068454E+00  7.80231253E-04
 1.09241654E+00  1.23859453E-02
 1.10039619E+00  2.28074164E-02
 1.11213660E+00  2.88112607E-02
 1.12989550E+00  2.84224920E-02
 1.15047808E+00  2.22352200E-02
 1.16914638E+00  1.36941871E-02
 1.18080677E+00  4.95320169E-03
 1.17905715E+00 -2.99094619E-03
 1.16582780E+00 -8.87389487E-03
 1.14946641E+00 -1.24955200E-02
 1.13554737E+00 -1.27998390E-02
 1.12861968E+00 -8.16491473E-03
 1.13024240E+00  1.30816873E-04
 1.13690375E+00  9.21164849E-03
 1.14789979E+00  1.63983214E-02
 1.16338333E+00  1.89016310E-02
 1.17786208E+00  1.59858502E-02
 1.18449017E+00  9.18461840E-03
 1.17722653E+00 -5.18541170E-04
 1.15191260E+00 -1.15470770E-02
 1.11431697E+00 -2.00592934E-02
 1.07786199E+00 -2.18756323E-02
 1.05239210E+00 -1.36820654E-02
 1.04434329E+00  5.41775946E-03
 1.05532559E+00  2.96678566E-02
 1.07959932E+00  4.86217963E-02
 1.11380599E+00  5.47444599E-02
 1.15526631E+00  4.47382724E-02
 1.19359951E+00  2.20108245E-02
 1.21658541E+00 -3.08220468E-03
 1.21354385E+00 -2.36743200E-02
 1.17782734E+00 -3.68810118E-02
 1.11935622E+00 -4.05853194E-02
 1.06065791E+00 -3.65024285E-02
 1.01878202E+00 -2.44220562E-02
 1.00440444E+00 -2.55239371E-03
 1.01766332E+00  2.40810202E-02
 1.04551144E+00  4.74028470E-02
 1.08139759E+00  6.02466198E-02
 1.12361744E+00  5.64471524E-02
 1.16363305E+00  3.82175702E-02
 1.19405601E+00  1.50456560E-02
 1.20511156E+00 -6.78674385E-03
 1.18607657E+00 -2.30962981E-02
 1.14393929E+00 -3.12401418E-02
 1.09746371E+00 -3.29429543E-02
 1.06099485E+00 -2.71594734E-02
 1.04613415E+00 -1.15624541E-02
 1.05430728E+00  9.26272096E-03
 1.07449950E+00  2.79947219E-02
 1.10244213E+00  3.79962934E-02
 1.13697927E+00  3.35864612E-02
 1.16891586E+00  1.76430873E-02
 1.18954191E+00  7.37013904E-05
 1.18933075E+00 -1.32206749E-02
 1.16031850E+00 -1.94210917E-02
 1.11430952E+00 -1.84653322E-02
 1.07595443E+00 -1.53851441E-02
 1.06153093E+00 -1.14072829E-02
 1.07832103E+00 -4.48773615E-03
 1.11632169E+00  3.54318309E-03
 1.14821207E+00  1.06657256E-02
 1.15982371E+00  1.44029399E-02
 1.15165363E+00  1.11265882E-02
 1.13171828E+00  3.03062663E-03
 1.12077477E+00 -3.77575215E-03
 1.12792221E+00 -5.91074779E-03
 1.14582669E+00 -1.73727561E-03
 1.16522505E+00  6.74833394E-03
 1.17007546E+00  1.33491208E-02
 1.15230519E+00  1.53831528E-02
 1.11966943E+00  1.37609868E-02
 1.08482243E+00  1.05328386E-02
 1.06652991E+00  1.03492230E-02
 1.07716521E+00  1.51102988E-02
 1.11391498E+00  2.24604983E-02
 1.16278074E+00  2.89392509E-02
 1.19964353E+00  2.94078399E-02
 1.20831572E+00  2.12656004E-02
 1.18818316E+00  7.04119459E-03
 1.15193749E+00 -6.80744289E-03
 1.12538030E+00 -1.13074103E-02
 1.12329537E+00 -3.00415190E-03
 1.14288297E+00  1.17321233E-02
 1.17005292E+00  1.46754602E-02
 1.17775057E+00 -1.29856042E-02
 1.15176509E+00 -5.60616682E-02
 1.09837469E+00 -7.94479542E-02
 1.03475550E+00 -7.60758745E-02
 9.91382668E-01 -5.30541243E-02
 9.87328617E-01 -1.70761369E-02
 1.02092825E+00  1.19770002E-02
 1.07922483E+00  2.46796074E-02
 1.13496697E+00  2.62621656E-02
 1.16916044E+00  1.26386998E-02
 1.17901668E+00 -1.56045974E-02
 1.16673557E+00 -4.08880460E-02
 1.14470738E+00 -4.79557809E-02
 1.12032848E+00 -4.21242018E-02
 1.09224548E+00 -3.54989382E-02
 1.06737966E+00 -1.87142528E-02
 1.05364648E+00  1.88848520E-02
 1.05875705E+00  5.32714922E-02
 1.09105560E+00  5.59752306E-02
 1.14108678E+00  3.92027263E-02
 1.18682980E+00  2.74708131E-02
 1.21299137E+00  1.64475894E-02
 1.21033849E+00 -2.39007418E-03
 1.18375514E+00 -2.11050254E-02
 1.15343188E+00 -3.50379144E-02
 1.12985094E+00 -4.23414934E-02
 1.11448380E+00 -3.69795883E-02
 1.10780045E+00 -2.13444845E-02
 1.10262841E+00 -4.73226240E-03
 1.09824264E+00  6.98366775E-03
 1.10135088E+00  9.88826662E-03
 1.10985365E+00  5.65244371E-03
 1.11940310E+00  2.44692206E-03
 1.12632148E+00  3.53407989E-03
 1.12489270E+00  7.94332121E-03
 1.11892711E+00  1.44767594E-02
 1.11924598E+00  1.87095932E-02
 1.13026687E+00  1.90233508E-02
 1.15158406E+00  1.75194062E-02
 1.17590165E+00  1.35404076E-02
 1.18814994E+00  6.37737674E-03
 1.18053469E+00 -3.82081267E-03
 1.15441060E+00 -1.72958408E-02
 1.11724948E+00 -3.01476782E-02
 1.08462351E+00 -3.57974547E-02
 1.06714822E+00 -3.07229332E-02
 1.06678208E+00 -1.47292575E-02
 1.08141313E+00  6.65748740E-03
 1.10222201E+00  2.27513451E-02
 1.12327138E+00  2.66828552E-02
 1.14373023E+00  1.71613610E-02
 1.16022591E+00 -8.93946938E-04
 1.17064804E+00 -1.60149789E-02
 1.17218073E+00 -2.11051463E-02
 1.16106917E+00 -1.54380665E-02
 1.14283315E+00 -2.19268088E-03
 1.12860752E+00  9.83643360E-03
 1.12623930E+00  1.58216443E-02
 1.14009279E+00  1.66262427E-02
 1.16430851E+00  1.29242142E-02
 1.18362872E+00  7.90851367E-03
 1.18910305E+00  2.88434183E-03
 1.17837152E+00 -4.29716576E-03
 1.15400647E+00 -1.23760357E-02
 1.12659119E+00 -1.89240494E-02
 1.10207476E+00 -2.19293950E-02
 1.08113535E+00 -1.84498906E-02
 1.06808479E+00 -9.16285565E-03
 1.06575156E+00  2.10575118E-03
 1.07712033E+00  1.28760065E-02
 1.10567507E+00  2.08817022E-02
 1.14446436E+00  2.43953142E-02
 1.17985132E+00  2.35855850E-02
 1.20155309E+00  1.78380219E-02
 1.20257089E+00  6.76792314E-03
 1.18531951E+00 -6.56378902E-03
 1.16191874E+00 -1.75865852E-02
 1.13967891E+00 -2.24475309E-02
 1.12182414E+00 -1.86475925E-02
 1.11130166E+00 -8.41735456E-03
 1.10650708E+00  2.11645790E-03
 1.10912263E+00  9.10933142E-03
 1.12326165E+00  1.11085797E-02
 1.14431819E+00  9.03601625E-03
 1.16383984E+00  7.14810165E-03
 1.17465665E+00  7.13287321E-03
 1.17045759E+00  7.94658424E-03
 1.15439423E+00  9.37202435E-03
 1.13775920E+00  1.01686973E-02
 1.12696398E+00  1.01478897E-02
 1.12485791E+00  1.08973954E-02
 1.13183649E+00  1.17401452E-02
 1.14263840E+00  1.10557345E-02
 1.15543670E+00  8.07252982E-03
 1.17102119E+00  2.08194724E-03
 1.18408491E+00 -5.48338007E-03
 1.18819983E+00 -1.12371483E-02
 1.17867861E+00 -1.31297174E-02
 1.15305627E+00 -1.02240903E-02
 1.12030658E+00 -2.67473277E-03
 1.09747891E+00  7.47480538E-03
 1.09520661E+00  1.85664419E-02
 1.11632754E+00  2.91887226E-02
 1.15175254E+00  3.64140939E-02
 1.18058365E+00  3.73008236E-02
 1.19028751E+00  2.98695685E-02
 1.17926285E+00  1.39653399E-02
 1.15364053E+00 -5.53905705E-03
 1.13028997E+00 -2.03657445E-02
 1.11875040E+00 -2.47322994E-02
 1.11819504E+00 -1.67689329E-02
 1.12707069E+00 -1.21746714E-03
 1.13824902E+00  1.12514065E-02
 1.14825890E+00  1.41937734E-02
 1.15998119E+00  6.86799163E-03
 1.17037388E+00 -6.38876237E-03
 1.17521269E+00 -1.52343936E-02
 1.17171194E+00 -1.42107942E-02
 1.15697787E+00 -4.54986718E-03
 1.13807380E+00  1.01319931E-02
 1.12892363E+00  2.17567718E-02
 1.13709495E+00  2.56371991E-02
 1.16316056E+00  2.27687505E-02
 1.19569455E+00  1.40907939E-02
 1.21234949E+00  2.88248376E-03
 1.20030441E+00 -8.15054529E-03
 1.15971693E+00 -1.85338754E-02
 1.10357575E+00 -2.43396937E-02
 1.05873422E+00 -2.07525719E-02
 1.04238151E+00 -5.47443786E-03
 1.05697140E+00  2.08258783E-02
 1.09567315E+00  4.86776262E-02
 1.13843792E+00  6.27852771E-02
 1.17195806E+00  5.44133938E-02
 1.19345749E+00  2.45689421E-02
 1.19818674E+00 -1.04685102E-02
 1.18656071E+00 -2.82377145E-02
 1.15777089E+00 -3.66920235E-02
 1.10917090E+00 -5.58709068E-02
 1.05470310E+00 -6.39310412E-02
 1.01713445E+00 -3.11104100E-02
 1.01327649E+00  2.42550188E-02
 1.05244100E+00  6.92271507E-02
 1.12096131E+00  9.11722029E-02
 1.18524241E+00  8.06917727E-02
 1.22299943E+00  4.23958268E-02
 1.22461320E+00  1.96914995E-03
 1.19354734E+00 -2.97832076E-02
 1.15169751E+00 -5.24658149E-02
 1.11063108E+00 -5.49296340E-02
 1.07139860E+00 -3.49801212E-02
 1.04264078E+00 -7.98886600E-03
 1.02950596E+00  1.14353700E-02
 1.03959621E+00  2.74122684E-02
 1.08296303E+00  4.97051555E-02
 1.14697602E+00  6.27330978E-02
 1.20502578E+00  4.73306993E-02
 1.23755536E+00  1.99561005E-02
 1.23093519E+00  4.65240807E-03
 1.19079343E+00 -6.34028571E-03
 1.14260206E+00 -2.57658858E-02
 1.10087950E+00 -3.98847808E-02
 1.07131815E+00 -3.42123382E-02
 1.05951778E+00 -1.64510583E-02
 1.06157056E+00  2.06313740E-03
 1.07932288E+00  1.73732170E-02
 1.11874559E+00  2.45094818E-02
 1.16678913E+00  2.23692487E-02
 1.20219188E+00  1.69943016E-02
 1.20887546E+00  9.98137797E-03
 1.17636086E+00  1.45270271E-04
 1.11863164E+00 -9.91753828E-03
 1.06990463E+00 -1.81093481E-02
 1.05086215E+00 -2.14273884E-02
 1.06816519E+00 -1.59566382E-02
 1.11347828E+00 -4.82759361E-03
 1.15859186E+00  4.41466694E-03
 1.18809208E+00  7.19542355E-03
 1.20111400E+00  1.12924857E-03
 1.19473246E+00 -1.12047732E-02
 1.17442907E+00 -2.17014643E-02
 1.14158957E+00 -2.59142913E-02
 1.09155197E+00 -2.28132145E-02
 1.03749844E+00 -1.16283048E-02
 1.00070447E+00  5.12578005E-03
 9.96622695E-01  2.53859260E-02
 1.03545912E+00  4.72738424E-02
 1.10408111E+00  6.23864447E-02
 1.16944804E+00  6.05633840E-02
 1.21018927E+00  3.77981083E-02
 1.21702590E+00 -7.12906849E-04
 1.19438694E+00 -3.13766165E-02
 1.16526987E+00 -2.97621341E-02
 1.14106194E+00 -2.03385483E-02
 1.12083368E+00 -4.35364170E-02
 1.10760598E+00 -6.86445041E-02
 1.09847599E+00 -4.59188868E-02
 1.09538758E+00 -4.95730711E-03
 1.10674286E+00  7.24520619E-03
 1.12469284E+00  3.79952574E-03
 1.13468780E+00  1.14815154E-02
 1.13107620E+00  4.96691324E-02
 1.11685294E+00  1.33880695E-01
 1.12006583E+00  2.00439342E-01
 1.16487964E+00  1.50959200E-01
 1.18625335E+00  1.72030829E-02
 1.09951257E+00 -1.02638161E-01
 9.74505257E-01 -1.85635859E-01
 9.34122359E-01 -2.20696993E-01
 9.45687479E-01 -1.92267419E-01
 9.35737625E-01 -1.34602048E-01
 9.36994304E-01 -7.68747092E-02
 9.76915030E-01 -2.77817564E-02
 1.01938840E+00  2.76748949E-03
 1.04505041E+00  2.38966875E-02
 1.06720850E+00  4.84272160E-02
 1.09561582E+00  8.17480797E-02
 1.12589362E+00  1.26275449E-01
 1.15431275E+00  1.68655681E-01
 1.18787678E+00  1.79843783E-01
 1.22005095E+00  1.33360896E-01
 1.19887418E+00  4.04426919E-02
 1.08374980E+00 -5.53776702E-02
 9.63346396E-01 -1.16259925E-01
 9.63180818E-01 -1.16282046E-01
 1.02507459E+00 -7.54183481E-02
 1.02944313E+00 -4.94608880E-02
 1.03395330E+00 -3.80564274E-02
 1.12000372E+00 -1.29323584E-02
 1.20873024E+00  1.04244061E-02
 1.21601181E+00  1.61962601E-02
 1.18232694E+00  2.60286995E-03
 1.16075488E+00 -3.73820594E-02
 1.13520027E+00 -7.78694147E-02
 1.09155297E+00 -7.77860271E-02
 1.04946932E+00 -5.25294017E-02
 1.01878260E+00 -4.03097536E-02
 1.00547849E+00 -3.30824047E-02
 1.02371180E+00 -1.41938456E-02
 1.06864155E+00  5.44446138E-03
 1.12042802E+00  1.91734441E-02
 1.16501011E+00  2.61482048E-02
 1.19079218E+00  1.89348441E-02
 1.19617534E+00  1.79047598E-03
 1.19247458E+00 -1.09742687E-02
 1.18256998E+00 -1.15348042E-02
 1.16475219E+00  3.59288651E-03
 1.14474947E+00  2.94128765E-02
 1.12739256E+00  5.09869535E-02
 1.12020722E+00  6.06259616E-02
 1.13285487E+00  5.81663448E-02
 1.16040731E+00  4.60495451E-02
 1.18863348E+00  3.31590867E-02
 1.20842289E+00  2.37627265E-02
 1.21347898E+00  1.54465998E-02
 1.20541047E+00  7.64522386E-03
 1.19520078E+00 -1.73903004E-03
 1.18601062E+00 -1.28918064E-02
 1.17444727E+00 -2.15152228E-02
 1.15809247E+00 -2.59222499E-02
 1.13138215E+00 -2.55226416E-02
 1.09477137E+00 -1.95434216E-02
 1.05763411E+00 -9.42701587E-03
 1.02992422E+00  4.09564001E-03
 1.02319977E+00  2.08465199E-02
 1.04515851E+00  3.86385924E-02
 1.09318674E+00  5.42247991E-02
 1.15453756E+00  6.29086570E-02
 1.20840845E+00  5.90904960E-02
 1.23771531E+00  4.01214448E-02
 1.23482536E+00  8.07385299E-03
 1.20441680E+00 -2.82293050E-02
 1.16359368E+00 -5.48547091E-02
 1.12445973E+00 -6.15239086E-02
 1.09273260E+00 -4.49786963E-02
 1.07416792E+00 -1.24387845E-02
 1.06891177E+00  1.93246127E-02
 1.08045998E+00  3.88322655E-02
 1.11404761E+00  4.23560806E-02
 1.15944299E+00  3.28082369E-02
 1.19854308E+00  2.17994328E-02
 1.21684605E+00  1.48607782E-02
 1.20428446E+00  1.01643107E-02
 1.16949026E+00  7.25765368E-03
 1.13704516E+00  2.73335831E-03
 1.12092718E+00 -3.33788984E-03
 1.12475087E+00 -5.54980746E-03
 1.14291457E+00 -3.99078732E-03
 1.15649290E+00 -9.24305677E-04
 1.15765262E+00  2.34301885E-03
 1.15134717E+00  2.83450919E-03
 1.14172247E+00  1.49595413E-03
 1.13855230E+00  2.75535212E-03
 1.14583938E+00  7.82085674E-03
 1.15708653E+00  1.61647013E-02
 1.16901474E+00  2.58464206E-02
