# x =
 2.58965481E+01
# y =
 3.25097170E+00
 VARIABLES = u,v
 1.16453367E+00  7.87606411E-03
 1.16455249E+00  8.92314538E-03
 1.16458985E+00  7.34652547E-03
 1.16464200E+00  4.22328535E-03
 1.16470479E+00  2.12859191E-03
 1.16477264E+00  2.42450457E-03
 1.16483833E+00  4.80308140E-03
 1.16489814E+00  8.34972367E-03
 1.16495047E+00  1.10388273E-02
 1.16499229E+00  1.17284192E-02
 1.16501964E+00  1.07400434E-02
 1.16502517E+00  8.43056282E-03
 1.16499852E+00  5.75037499E-03
 1.16493282E+00  3.39028841E-03
 1.16482471E+00  1.29386580E-03
 1.16467353E+00 -2.36968249E-06
 1.16448274E+00  1.25520100E-04
 1.16425558E+00  2.00483576E-03
 1.16399473E+00  5.78203726E-03
 1.16370572E+00  1.02269648E-02
 1.16339519E+00  1.31488486E-02
 1.16307141E+00  1.31113519E-02
 1.16274465E+00  9.67062473E-03
 1.16242337E+00  4.20466696E-03
 1.16211494E+00 -2.46072028E-04
 1.16182767E+00 -1.78312298E-03
 1.16156990E+00 -3.05933789E-05
 1.16135094E+00  3.94577439E-03
 1.16118040E+00  7.36106816E-03
 1.16106346E+00  8.68183089E-03
 1.16100010E+00  8.06072704E-03
 1.16098463E+00  6.15766196E-03
 1.16100589E+00  4.74783402E-03
 1.16105311E+00  4.66240961E-03
 1.16111812E+00  5.25176518E-03
 1.16119622E+00  6.06506783E-03
 1.16128870E+00  6.27950751E-03
 1.16139983E+00  5.49431381E-03
 1.16153920E+00  4.34338454E-03
 1.16172826E+00  3.18403701E-03
 1.16199527E+00  2.37230216E-03
 1.16236696E+00  2.25995135E-03
 1.16286299E+00  2.68828264E-03
 1.16348295E+00  3.60009453E-03
 1.16420419E+00  4.99158218E-03
 1.16499419E+00  6.71044849E-03
 1.16580339E+00  8.67648507E-03
 1.16655535E+00  1.06352748E-02
 1.16715904E+00  1.21567821E-02
 1.16752034E+00  1.28657847E-02
 1.16755753E+00  1.24335710E-02
 1.16723573E+00  1.07626002E-02
 1.16657088E+00  8.05679896E-03
 1.16560655E+00  4.64141758E-03
 1.16443315E+00  1.07212960E-03
 1.16320856E+00 -1.74456835E-03
 1.16213147E+00 -2.81823376E-03
 1.16141389E+00 -1.43123069E-03
 1.16124359E+00  2.50123437E-03
 1.16170495E+00  7.79296019E-03
 1.16277056E+00  1.23125452E-02
 1.16435882E+00  1.43913005E-02
 1.16629015E+00  1.31764884E-02
 1.16823794E+00  9.12244325E-03
 1.16979656E+00  4.06523259E-03
 1.17055402E+00 -6.95876110E-04
 1.17018705E+00 -4.41033223E-03
 1.16865863E+00 -6.14257733E-03
 1.16624279E+00 -5.50141247E-03
 1.16338552E+00 -1.94986347E-03
 1.16081629E+00  4.88731900E-03
 1.15967320E+00  1.32512311E-02
 1.16113420E+00  2.01555663E-02
 1.16582042E+00  2.32203104E-02
 1.17324973E+00  2.09381542E-02
 1.18093607E+00  1.42929792E-02
 1.18507416E+00  6.58915385E-03
 1.18308728E+00  3.36983467E-05
 1.17452984E+00 -4.18940140E-03
 1.16228254E+00 -5.36792473E-03
 1.15209982E+00 -4.20271309E-03
 1.14785472E+00 -6.21708319E-04
 1.15062481E+00  5.92048876E-03
 1.15865288E+00  1.37485655E-02
 1.16692189E+00  2.02885488E-02
 1.17247567E+00  2.32092787E-02
 1.17510219E+00  2.05124370E-02
 1.17514898E+00  1.30672162E-02
 1.17475124E+00  4.18475498E-03
 1.17439619E+00 -3.84422760E-03
 1.17222976E+00 -9.35630542E-03
 1.16754175E+00 -1.11651209E-02
 1.15978815E+00 -9.58859642E-03
 1.14955147E+00 -4.25783691E-03
 1.13985208E+00  5.21905956E-03
 1.13406932E+00  1.63228915E-02
 1.13552631E+00  2.52072584E-02
 1.14618814E+00  2.85492004E-02
 1.16443338E+00  2.39379668E-02
 1.18389998E+00  1.27776706E-02
 1.19513396E+00 -1.80360249E-04
 1.19138015E+00 -1.15163523E-02
 1.17122450E+00 -1.88214547E-02
 1.14126921E+00 -2.02563675E-02
 1.11515538E+00 -1.60820668E-02
 1.10263769E+00 -6.02366107E-03
 1.10764662E+00  9.72064660E-03
 1.12880162E+00  2.61443417E-02
 1.15702623E+00  3.60700050E-02
 1.18477481E+00  3.41673509E-02
 1.20554457E+00  1.82540190E-02
 1.20565767E+00 -5.69089622E-03
 1.17896805E+00 -2.52020859E-02
 1.14843858E+00 -3.21578815E-02
 1.14278865E+00 -2.40406568E-02
 1.14600226E+00 -5.13563218E-03
 1.12751389E+00  1.26472229E-02
 1.11039798E+00  2.24545499E-02
 1.12879325E+00  2.37122026E-02
 1.16289511E+00  1.75601704E-02
 1.18215596E+00  9.88046493E-03
 1.18681569E+00  3.27841126E-03
 1.17931946E+00 -4.22027558E-03
 1.15981041E+00 -1.10617179E-02
 1.14182588E+00 -1.55483047E-02
 1.13506641E+00 -1.58866430E-02
 1.13909683E+00 -8.92879788E-03
 1.15000964E+00  2.71542063E-03
 1.15818896E+00  1.25043477E-02
 1.15923167E+00  1.64576546E-02
 1.15626000E+00  1.23411721E-02
 1.15144888E+00  2.34857136E-03
 1.14924242E+00 -6.51028936E-03
 1.15182354E+00 -1.05601633E-02
 1.15603363E+00 -9.42846197E-03
 1.16038770E+00 -4.03116514E-03
 1.16346556E+00  1.55999143E-03
 1.16389311E+00  5.44058401E-03
 1.16292001E+00  8.50722947E-03
 1.16098702E+00  1.00268675E-02
 1.15797554E+00  9.71640662E-03
 1.15442624E+00  7.20810729E-03
 1.15027162E+00  1.35599107E-03
 1.14600685E+00 -5.58864318E-03
 1.14285327E+00 -9.37252559E-03
 1.14168823E+00 -7.51535317E-03
 1.14329593E+00  7.93651983E-04
 1.14785883E+00  1.23363522E-02
 1.15462870E+00  2.03009350E-02
 1.16254644E+00  2.07093815E-02
 1.16991662E+00  1.31259735E-02
 1.17403402E+00  7.79651575E-04
 1.17211886E+00 -8.97545397E-03
 1.16261715E+00 -1.17864389E-02
 1.14642146E+00 -7.55355995E-03
 1.12894161E+00  1.54009626E-03
 1.11858595E+00  9.82834329E-03
 1.12109624E+00  1.39678252E-02
 1.13759101E+00  1.42449698E-02
 1.16196055E+00  1.09956809E-02
 1.18179214E+00  6.28081881E-03
 1.18876081E+00  1.25759850E-03
 1.18053842E+00 -4.73257782E-03
 1.16068364E+00 -9.88859238E-03
 1.13982759E+00 -1.16375748E-02
 1.12466032E+00 -8.29231001E-03
 1.11675630E+00  1.19082031E-03
 1.11784896E+00  1.35566521E-02
 1.12615431E+00  2.23270488E-02
 1.14085306E+00  2.34031897E-02
 1.16207316E+00  1.54829135E-02
 1.18141556E+00  1.67348982E-03
 1.18723956E+00 -1.04174640E-02
 1.17359884E+00 -1.61353611E-02
 1.14260130E+00 -1.45543136E-02
 1.11482540E+00 -7.09510500E-03
 1.11570758E+00  1.10090384E-03
 1.13208545E+00  7.21192270E-03
 1.13456434E+00  1.15081104E-02
 1.13791549E+00  1.32812877E-02
 1.16465325E+00  1.29318708E-02
 1.18724759E+00  1.02137329E-02
 1.17441811E+00  3.66730520E-03
 1.14484669E+00 -4.49944102E-03
 1.12794579E+00 -1.01626267E-02
 1.12144524E+00 -1.05548985E-02
 1.11865949E+00 -4.01409852E-03
 1.12431502E+00  6.81889710E-03
 1.13526559E+00  1.55353709E-02
 1.14722319E+00  1.83653508E-02
 1.16216059E+00  1.43650697E-02
 1.17685919E+00  5.46950319E-03
 1.18543490E+00 -2.66529852E-03
 1.18366524E+00 -6.90954100E-03
 1.16817155E+00 -7.26058394E-03
 1.14395825E+00 -4.08857589E-03
 1.12272460E+00  1.93106586E-04
 1.11210615E+00  4.40669283E-03
 1.11569604E+00  9.30870440E-03
 1.13084402E+00  1.35884229E-02
 1.14748213E+00  1.55276713E-02
 1.15995617E+00  1.38315471E-02
 1.16726602E+00  7.20956220E-03
 1.16852066E+00 -2.21499797E-03
 1.16639824E+00 -9.80303793E-03
 1.16133336E+00 -1.25433108E-02
 1.15118389E+00 -9.00784227E-03
 1.13963456E+00 -6.52915906E-04
 1.13249950E+00  7.87242524E-03
 1.13391787E+00  1.37351298E-02
 1.14661158E+00  1.60236626E-02
 1.16499728E+00  1.42588653E-02
 1.17707968E+00  9.84526112E-03
 1.17591094E+00  3.40253910E-03
 1.16010919E+00 -5.17668361E-03
 1.13564226E+00 -1.31100131E-02
 1.11643107E+00 -1.66502051E-02
 1.11059958E+00 -1.31805082E-02
 1.11879557E+00 -1.65541997E-03
 1.13760194E+00  1.36055269E-02
 1.15694274E+00  2.42920584E-02
 1.17064770E+00  2.51487509E-02
 1.17841456E+00  1.48775945E-02
 1.17871737E+00 -2.18369859E-03
 1.17250787E+00 -1.60599557E-02
 1.16012314E+00 -2.07589048E-02
 1.14037230E+00 -1.55547121E-02
 1.11936321E+00 -3.21422716E-03
 1.10683628E+00  8.46864021E-03
 1.10930109E+00  1.50303367E-02
 1.12945037E+00  1.67271916E-02
 1.15880781E+00  1.36697885E-02
 1.17987115E+00  8.34311266E-03
 1.18199095E+00  2.05807558E-03
 1.16322020E+00 -6.06038722E-03
 1.13245832E+00 -1.28744892E-02
 1.10989422E+00 -1.40516018E-02
 1.10699222E+00 -7.67359634E-03
 1.12344729E+00  5.49313067E-03
 1.15158534E+00  1.62216475E-02
 1.17358926E+00  1.33310963E-02
 1.17941246E+00  3.71770561E-03
 1.17082129E+00  1.41908891E-03
 1.15248917E+00 -1.72752219E-04
 1.13583047E+00 -1.14325648E-02
 1.12748979E+00 -1.93937426E-02
 1.12526972E+00 -9.54130406E-03
 1.12835476E+00  8.07060180E-03
 1.13369128E+00  1.77245768E-02
 1.13964434E+00  1.92682409E-02
 1.14896381E+00  1.56849285E-02
 1.15975074E+00  6.67953171E-03
 1.16793591E+00 -2.68486459E-03
 1.17061642E+00 -8.09043186E-03
 1.16442780E+00 -1.00324564E-02
 1.15125064E+00 -8.90521871E-03
 1.13765422E+00 -6.20343157E-03
 1.12784115E+00 -2.61437411E-03
 1.12456993E+00  2.99865547E-03
 1.12854727E+00  9.24799846E-03
 1.13674881E+00  1.36691932E-02
 1.14772454E+00  1.43841384E-02
 1.16071981E+00  9.54678103E-03
 1.17136699E+00  5.24955981E-04
 1.17478713E+00 -8.55630818E-03
 1.16731836E+00 -1.49519169E-02
 1.14768974E+00 -1.69155335E-02
 1.12318545E+00 -1.40855137E-02
 1.10694531E+00 -8.42189188E-03
 1.10747377E+00 -8.98110845E-04
 1.12698215E+00  8.01038754E-03
 1.15776884E+00  1.57016901E-02
 1.18275511E+00  1.92820581E-02
 1.19149898E+00  1.63726226E-02
 1.18235172E+00  5.73613012E-03
 1.16044982E+00 -8.97419763E-03
 1.13990234E+00 -2.06756041E-02
 1.12869919E+00 -2.45576615E-02
 1.12632567E+00 -1.87135749E-02
 1.13138983E+00 -6.00019219E-03
 1.13776352E+00  5.90854230E-03
 1.14285218E+00  1.24839378E-02
 1.14992062E+00  1.29455184E-02
 1.15815340E+00  8.37872002E-03
 1.16605597E+00  3.37072465E-03
 1.17171485E+00  5.08987069E-05
 1.17057046E+00 -2.62127728E-03
 1.16271162E+00 -4.13552317E-03
 1.15183965E+00 -4.59903928E-03
 1.14026901E+00 -3.58641366E-03
 1.13106518E+00  6.75923066E-04
 1.12674789E+00  6.58875035E-03
 1.12766121E+00  1.06222238E-02
 1.13492427E+00  1.06564258E-02
 1.14858033E+00  5.42782913E-03
 1.16380686E+00 -3.09094315E-03
 1.17363353E+00 -9.85185884E-03
 1.17292533E+00 -1.20344835E-02
 1.15982397E+00 -9.10161904E-03
 1.14017400E+00 -2.39293185E-03
 1.12584801E+00  4.00073519E-03
 1.12403441E+00  7.77093468E-03
 1.13579295E+00  8.90415609E-03
 1.15515730E+00  7.34965018E-03
 1.16879060E+00  4.38439779E-03
 1.16936470E+00  6.91446464E-04
 1.15773339E+00 -4.08912309E-03
 1.13951985E+00 -8.23672746E-03
 1.12693096E+00 -9.39198679E-03
 1.12687750E+00 -6.28257087E-03
 1.13792337E+00  1.14039204E-03
 1.15606349E+00  8.77499183E-03
 1.17207785E+00  9.77264047E-03
 1.17904093E+00  6.89292256E-04
 1.17485908E+00 -1.71795105E-02
 1.15524408E+00 -3.55261075E-02
 1.11884322E+00 -4.00762550E-02
 1.07053818E+00 -2.13845197E-02
 1.02382093E+00  2.25896346E-02
 1.01273260E+00  8.56585749E-02
 1.06810109E+00  1.45223677E-01
 1.16043494E+00  1.59626033E-01
 1.22605362E+00  9.65270847E-02
 1.24068375E+00 -8.08227848E-03
 1.20515870E+00 -8.19885228E-02
 1.13886690E+00 -1.16324283E-01
 1.08823801E+00 -1.30675826E-01
 1.05505904E+00 -1.11966019E-01
 1.01319715E+00 -6.12865763E-02
 9.96881414E-01  2.14743876E-04
 1.04596495E+00  5.88274536E-02
 1.13307356E+00  9.07421029E-02
 1.21129393E+00  7.19311476E-02
 1.24829333E+00  1.10967742E-02
 1.21652882E+00 -5.91865388E-02
 1.13415579E+00 -1.02160748E-01
 1.05983368E+00 -8.85754787E-02
 1.01281689E+00 -4.01193797E-02
 9.89087970E-01 -9.20158936E-03
 1.00002826E+00  1.44638020E-02
 1.04121176E+00  6.16464854E-02
 1.10542004E+00  9.13100030E-02
 1.18979984E+00  6.07258627E-02
 1.25570055E+00  5.10948002E-03
 1.25894362E+00 -2.83279537E-02
 1.21298430E+00 -5.06540903E-02
 1.15823007E+00 -8.11498089E-02
 1.10666148E+00 -9.59225764E-02
 1.06396875E+00 -7.46115996E-02
 1.03792823E+00 -3.56153446E-02
 1.02271388E+00 -2.31382883E-04
 1.03365633E+00  3.24428542E-02
 1.09173034E+00  6.23552630E-02
 1.15874044E+00  6.98029274E-02
 1.18152540E+00  4.12613561E-02
 1.17590759E+00 -9.29879017E-04
 1.17886688E+00 -2.48073714E-02
 1.17513990E+00 -3.27867403E-02
 1.14674498E+00 -3.93473297E-02
 1.11862739E+00 -3.51384327E-02
 1.11063286E+00 -1.46124821E-02
 1.10569036E+00  1.70530658E-03
 1.08683602E+00 -3.16282715E-03
 1.07508154E+00 -1.59161345E-02
 1.09603316E+00 -1.43608476E-02
 1.12892756E+00 -8.10732199E-04
 1.14270904E+00  1.33100442E-02
 1.14891234E+00  2.57524403E-02
 1.16653374E+00  2.96763871E-02
 1.18380531E+00  1.92630195E-02
 1.18683332E+00 -8.31884082E-04
 1.17510364E+00 -2.36586811E-02
 1.14549537E+00 -4.04012030E-02
 1.09892730E+00 -4.36328264E-02
 1.05120252E+00 -3.23835441E-02
 1.03069094E+00 -1.10445881E-02
 1.06105776E+00  1.11364275E-02
 1.12194426E+00  2.67444717E-02
 1.16729830E+00  3.24101106E-02
 1.18773169E+00  2.65172555E-02
 1.19249363E+00  1.15821836E-02
 1.18322714E+00 -9.48508015E-03
 1.17150257E+00 -3.21600314E-02
 1.15119279E+00 -4.18599282E-02
 1.10524543E+00 -2.58323636E-02
 1.06929084E+00  4.07421072E-03
 1.09041706E+00  2.39140170E-02
 1.14165435E+00  2.68028496E-02
 1.17099618E+00  1.58455058E-02
 1.17722719E+00 -1.86055376E-03
 1.17140795E+00 -1.00741792E-02
 1.15247767E+00 -6.37296966E-03
 1.13629117E+00 -1.86340376E-03
 1.13468188E+00  2.07959064E-03
 1.14195454E+00  4.83827708E-03
 1.15319603E+00  3.69434956E-03
 1.16047243E+00  2.70238209E-03
 1.15976149E+00  4.22005570E-03
 1.15649718E+00  6.91060824E-03
 1.15293185E+00  7.78700907E-03
 1.15104965E+00  2.91640733E-03
 1.15270986E+00 -1.73327636E-03
 1.15504293E+00  3.46075833E-03
 1.15700549E+00  1.19560068E-02
 1.15896713E+00  1.17072684E-02
 1.16027588E+00  4.73889978E-03
 1.16173258E+00 -2.11846585E-03
 1.16360181E+00 -4.14702883E-03
 1.16507027E+00  3.73350059E-03
 1.16594358E+00  1.24139752E-02
 1.16584973E+00  6.00216173E-03
 1.16449646E+00 -5.42272952E-03
 1.16217518E+00 -2.68067647E-03
 1.15908817E+00  5.67367933E-03
 1.15555324E+00  5.26864433E-03
 1.15223640E+00  3.20553710E-03
 1.14983856E+00  7.47629315E-03
 1.14905838E+00  1.31752394E-02
 1.15044096E+00  1.64555279E-02
 1.15396035E+00  1.79387233E-02
 1.15899900E+00  1.59833627E-02
 1.16457132E+00  8.49400448E-03
 1.16909670E+00 -3.60514525E-03
 1.17017102E+00 -1.60552704E-02
 1.16538659E+00 -2.27519057E-02
 1.15376397E+00 -1.96400166E-02
 1.13698986E+00 -6.14314464E-03
 1.12136364E+00  1.33085087E-02
 1.11598218E+00  2.97839745E-02
 1.12638390E+00  3.70060345E-02
 1.15199689E+00  3.27696947E-02
 1.18282516E+00  1.86458723E-02
 1.20150778E+00  1.31381348E-03
 1.19716869E+00 -1.39036957E-02
 1.16912654E+00 -2.31357552E-02
 1.12908642E+00 -1.92281985E-02
 1.10030979E+00  1.84604741E-04
 1.09706135E+00  2.25951622E-02
 1.12011405E+00  3.10633094E-02
 1.15885747E+00  2.56130170E-02
 1.18976471E+00  1.60957929E-02
 1.19894531E+00  5.33082604E-03
 1.18702939E+00 -2.73507033E-03
 1.16133098E+00 -2.98876891E-03
 1.13962466E+00  1.92842932E-03
 1.13192527E+00  5.84692961E-03
 1.13565153E+00  4.37446366E-03
 1.14757575E+00  3.82419906E-03
 1.15913798E+00  1.45275852E-02
 1.16573889E+00  2.60903243E-02
 1.17093537E+00  2.16317389E-02
 1.17410538E+00  8.97457058E-03
 1.17437674E+00  2.80793198E-03
 1.17111683E+00  8.10130180E-04
 1.16107470E+00 -9.75109204E-04
 1.14751808E+00  7.16249276E-05
 1.13814642E+00  2.64581444E-03
 1.13734141E+00  4.57363741E-03
 1.14725258E+00  6.87221016E-03
 1.16366079E+00  9.27618694E-03
 1.17605831E+00  1.08332423E-02
 1.17858476E+00  1.07464075E-02
 1.17058609E+00  7.81159646E-03
 1.15590903E+00  3.00994627E-03
 1.14429025E+00 -1.07593819E-03
 1.14105360E+00 -2.92932661E-03
 1.14545427E+00 -1.77997345E-03
 1.15470683E+00  1.52255217E-03
 1.16197622E+00  4.30357081E-03
 1.16360449E+00  5.21612012E-03
 1.16123651E+00  4.29144890E-03
 1.15660670E+00  2.11151456E-03
 1.15334203E+00  4.62210851E-04
 1.15341248E+00  1.53985310E-04
 1.15505698E+00  6.31059601E-04
 1.15726217E+00  1.51709067E-03
 1.15866569E+00  2.00610319E-03
 1.15836632E+00  1.70319337E-03
 1.15757159E+00  1.17238719E-03
 1.15682529E+00  6.71019217E-04
 1.15637794E+00  4.48805031E-04
 1.15661259E+00  7.43497794E-04
 1.15700905E+00  1.31987613E-03
 1.15734159E+00  2.09446443E-03
 1.15772210E+00  3.08787312E-03
 1.15803383E+00  4.20488113E-03
 1.15840111E+00  5.46472771E-03
 1.15885630E+00  6.78994153E-03
 1.15920528E+00  7.97178189E-03
 1.15936758E+00  8.85420416E-03
 1.15924504E+00  9.27880326E-03
 1.15877200E+00  9.16131466E-03
 1.15801520E+00  8.54545991E-03
 1.15702907E+00  7.49790551E-03
 1.15589685E+00  6.15559933E-03
 1.15478626E+00  4.77886815E-03
 1.15388249E+00  3.67916918E-03
 1.15338712E+00  3.17569544E-03
 1.15348311E+00  3.52361732E-03
 1.15422710E+00  4.75152227E-03
 1.15555275E+00  6.64677411E-03
 1.15733456E+00  8.86233163E-03
 1.15933766E+00  1.08277911E-02
 1.16117783E+00  1.16552228E-02
 1.16239597E+00  1.04200358E-02
 1.16253302E+00  6.61356792E-03
 1.16123962E+00  5.61135681E-04
 1.15849348E+00 -5.88878609E-03
 1.15463113E+00 -9.87616870E-03
 1.15021118E+00 -9.45012723E-03
 1.14614263E+00 -4.23800803E-03
 1.14382661E+00  3.66748334E-03
 1.14471470E+00  1.00404728E-02
 1.14955939E+00  1.20848664E-02
 1.15775029E+00  9.11006838E-03
 1.16624550E+00  2.53382626E-03
 1.17044858E+00 -3.79824939E-03
 1.16741275E+00 -7.58287812E-03
 1.15703245E+00 -8.58480311E-03
 1.14359983E+00 -7.01048306E-03
 1.13496735E+00 -4.50399389E-03
 1.13600566E+00 -1.74784148E-03
 1.14703716E+00  1.93793112E-03
 1.16320237E+00  5.84603121E-03
 1.17460589E+00  9.00153334E-03
 1.17534819E+00  1.04982839E-02
 1.16542535E+00  9.14801567E-03
 1.14927092E+00  5.84360423E-03
 1.13661710E+00  2.98025221E-03
 1.13321763E+00  1.94006374E-03
 1.13870768E+00  3.31753613E-03
 1.15026016E+00  6.17256795E-03
 1.16087141E+00  7.87437636E-03
 1.16635573E+00  7.15672845E-03
 1.16733135E+00  4.23731402E-03
 1.16407731E+00  2.51631978E-05
 1.15868369E+00 -3.30258788E-03
 1.15236143E+00 -4.54268609E-03
 1.14414553E+00 -3.94480494E-03
 1.13641623E+00 -1.82473138E-03
 1.13290065E+00  7.99587059E-04
 1.13609354E+00  3.15669165E-03
 1.14761390E+00  5.17110847E-03
 1.16382359E+00  6.07168192E-03
 1.17687403E+00  5.00816250E-03
 1.18162530E+00  1.58032012E-03
 1.17595257E+00 -4.15493211E-03
 1.16215764E+00 -1.02806714E-02
 1.14761942E+00 -1.36233922E-02
 1.13693551E+00 -1.21250409E-02
 1.13157075E+00 -5.33957698E-03
 1.13260821E+00  4.40404408E-03
 1.13836744E+00  1.23147703E-02
 1.14829569E+00  1.52488534E-02
 1.16288218E+00  1.23857992E-02
 1.17765579E+00  5.25394327E-03
 1.18617170E+00 -1.86022283E-03
 1.18370056E+00 -6.35664302E-03
 1.16781292E+00 -7.87787933E-03
 1.14422982E+00 -6.47832526E-03
 1.12508841E+00 -3.79480190E-03
 1.11827675E+00 -4.91701694E-04
 1.12656328E+00  4.10406563E-03
 1.14596704E+00  8.83648278E-03
 1.16490753E+00  1.20650418E-02
 1.17664139E+00  1.24338444E-02
 1.18022021E+00  8.63327991E-03
 1.17613748E+00  2.19978743E-03
 1.16944861E+00 -3.20578069E-03
 1.16223399E+00 -5.34134721E-03
 1.15262873E+00 -3.29824518E-03
 1.14299144E+00  1.63697269E-03
 1.13638359E+00  5.73903041E-03
 1.13555837E+00  7.08288642E-03
 1.14386118E+00  5.76832580E-03
 1.15800351E+00  2.68110873E-03
 1.16993475E+00  3.52073016E-04
 1.17476705E+00 -3.43854256E-05
 1.17025477E+00  7.61764907E-04
 1.15921750E+00  2.20299791E-03
 1.15004481E+00  3.14132452E-03
 1.14701699E+00  2.99155328E-03
 1.14998512E+00  2.50267362E-03
 1.15700378E+00  1.96852741E-03
 1.16236296E+00  1.65347545E-03
 1.16341274E+00  1.80139797E-03
 1.16183868E+00  2.00150036E-03
 1.15880977E+00  2.10377459E-03
 1.15688485E+00  2.15834318E-03
 1.15735197E+00  2.08374980E-03
 1.15851306E+00  2.01308169E-03
 1.15971243E+00  2.01831547E-03
 1.16036826E+00  2.03266369E-03
 1.15994181E+00  2.07529987E-03
 1.15935865E+00  2.13195010E-03
 1.15895292E+00  2.17849928E-03
 1.15860450E+00  2.24607619E-03
 1.15850268E+00  2.33741937E-03
 1.15837130E+00  2.44581239E-03
 1.15807768E+00  2.57261872E-03
 1.15780983E+00  2.70164462E-03
 1.15755836E+00  2.82083801E-03
 1.15737825E+00  2.92595938E-03
 1.15734449E+00  3.01156626E-03
 1.15739682E+00  3.07852841E-03
 1.15752229E+00  3.12881664E-03
 1.15770858E+00  3.16450934E-03
 1.15788625E+00  3.19525691E-03
 1.15799639E+00  3.23428273E-03
 1.15797404E+00  3.29472455E-03
 1.15775241E+00  3.38787845E-03
 1.15730828E+00  3.51431840E-03
 1.15665528E+00  3.66352491E-03
 1.15582375E+00  3.82150508E-03
 1.15488088E+00  3.96676778E-03
 1.15394730E+00  4.06646236E-03
 1.15317547E+00  4.08257307E-03
 1.15272690E+00  3.97580159E-03
 1.15274244E+00  3.71338830E-03
 1.15327861E+00  3.28649026E-03
 1.15430173E+00  2.71154328E-03
 1.15573814E+00  2.01954674E-03
 1.15744019E+00  1.26536813E-03
 1.15914787E+00  5.36600731E-04
 1.16053781E+00 -5.90046462E-05
 1.16126545E+00 -4.06387146E-04
 1.16103102E+00 -4.01618212E-04
 1.15972555E+00  1.00881185E-05
 1.15744115E+00  8.24118046E-04
 1.15436496E+00  1.99092058E-03
 1.15085507E+00  3.38537346E-03
 1.14751883E+00  4.77079482E-03
 1.14508699E+00  5.84874845E-03
 1.14428172E+00  6.35004628E-03
 1.14563806E+00  6.10816693E-03
 1.14914261E+00  5.18917609E-03
 1.15418014E+00  3.85770118E-03
 1.15976708E+00  2.32897587E-03
 1.16433939E+00  7.47513854E-04
 1.16551604E+00 -8.30796466E-04
 1.16090516E+00 -2.42543828E-03
 1.14949166E+00 -3.76286731E-03
 1.13284831E+00 -4.21663931E-03
 1.11705646E+00 -2.89518516E-03
 1.11099042E+00  1.09920640E-03
 1.12023219E+00  7.72007121E-03
 1.14468341E+00  1.54002507E-02
 1.17545377E+00  2.05429544E-02
 1.19655388E+00  1.86626510E-02
 1.19757061E+00  8.11248365E-03
 1.17678713E+00 -7.95004063E-03
 1.14267078E+00 -1.93059354E-02
 1.11386030E+00 -1.50650119E-02
 1.10207503E+00 -2.48976452E-03
 1.10900673E+00  3.06426784E-03
 1.12983127E+00  7.75343923E-03
 1.15056816E+00  2.22431318E-02
 1.16332324E+00  3.22152209E-02
 1.16892370E+00  2.17673871E-02
 1.16772385E+00  1.77167946E-03
 1.16400984E+00 -1.05181964E-02
 1.15910875E+00 -1.42766924E-02
 1.14919007E+00 -1.20768274E-02
 1.13651423E+00 -3.74726893E-03
 1.12567479E+00  4.67445905E-03
 1.12036648E+00  8.62011574E-03
 1.12529284E+00  9.12409142E-03
 1.13857834E+00  7.21737676E-03
 1.15274363E+00  5.38573180E-03
 1.16345028E+00  4.60663617E-03
 1.16801836E+00  2.94775041E-03
 1.16596971E+00  5.70402318E-04
 1.16098816E+00 -1.77621072E-03
 1.15421679E+00 -3.50334649E-03
 1.14504581E+00 -2.93867380E-03
 1.13611433E+00 -5.05898847E-04
 1.13027548E+00  1.69574484E-03
 1.13029947E+00  2.70094484E-03
 1.13875885E+00  1.92283765E-03
 1.15236481E+00 -2.33147262E-04
 1.16380718E+00 -1.91884071E-03
 1.16846211E+00 -2.39250782E-03
 1.16431585E+00 -1.90164560E-03
 1.15398633E+00 -7.07718765E-04
 1.14504573E+00  2.43584043E-04
 1.14143526E+00  5.50812454E-04
 1.14308368E+00  6.72342500E-04
 1.14833147E+00  7.23452452E-04
 1.15218830E+00  8.95149045E-04
 1.15243654E+00  1.29558305E-03
 1.15077218E+00  1.55925409E-03
 1.14832942E+00  1.56694162E-03
 1.14738253E+00  1.34820292E-03
 1.14900241E+00  8.63100782E-04
 1.15145576E+00  2.68202386E-04
 1.15381565E+00 -2.93972139E-04
 1.15515775E+00 -7.54950084E-04
 1.15460557E+00 -9.73954818E-04
 1.15272127E+00 -8.56847560E-04
 1.14984079E+00 -3.89868660E-04
 1.14622762E+00  4.02980234E-04
 1.14263518E+00  1.43828736E-03
 1.13972105E+00  2.55957052E-03
 1.13873270E+00  3.52016017E-03
 1.14118589E+00  4.01371853E-03
 1.14755358E+00  3.74283600E-03
 1.15677770E+00  2.49260350E-03
 1.16508918E+00  2.66205411E-04
 1.16694610E+00 -2.68691428E-03
 1.15895270E+00 -5.96376920E-03
 1.14134130E+00 -8.92338585E-03
 1.11990277E+00 -1.05861507E-02
 1.10495179E+00 -9.93377208E-03
 1.10337034E+00 -6.42047989E-03
 1.11661177E+00 -4.20520915E-04
 1.13968629E+00  6.04986073E-03
 1.16104138E+00  9.89656860E-03
 1.17306627E+00  9.05969459E-03
 1.17380360E+00  3.27671345E-03
 1.16446741E+00 -4.92300816E-03
 1.15163038E+00 -1.06590576E-02
 1.13911189E+00 -1.07763832E-02
 1.12716830E+00 -4.70872850E-03
 1.11939130E+00  5.34637281E-03
 1.11889708E+00  1.42111509E-02
 1.12816913E+00  1.86440159E-02
 1.14878753E+00  1.81134333E-02
 1.17263045E+00  1.32410195E-02
 1.18591913E+00  6.91212470E-03
 1.18123413E+00  8.53259729E-04
 1.15957141E+00 -4.84546801E-03
 1.13723998E+00 -8.49028245E-03
 1.13490806E+00 -8.32610332E-03
 1.13714798E+00 -2.59249437E-03
 1.11587991E+00  1.06537137E-02
 1.09524458E+00  3.00320956E-02
 1.11246297E+00  5.08920952E-02
 1.14895801E+00  6.68612216E-02
 1.17274601E+00  6.82091300E-02
 1.18623953E+00  4.14299194E-02
 1.19060692E+00 -1.73058944E-02
 1.16751279E+00 -7.63660131E-02
 1.11214173E+00 -9.08973228E-02
 1.05185662E+00 -6.27798582E-02
 1.02454749E+00 -2.18583621E-02
 1.04837982E+00  1.83465960E-02
 1.11893802E+00  4.18898894E-02
 1.19808499E+00  3.93662919E-02
 1.22916351E+00  2.46719183E-02
 1.21480964E+00  6.43629854E-03
 1.19328949E+00 -1.09897349E-02
 1.15183245E+00 -2.04684067E-02
 1.07807936E+00 -2.23697570E-02
 1.02015923E+00 -1.30480716E-02
 1.02155386E+00  1.16173252E-02
 1.06154554E+00  3.81335865E-02
 1.10054389E+00  4.84118586E-02
 1.13974701E+00  3.98047388E-02
 1.18528995E+00  1.84257726E-02
 1.21081901E+00 -7.73516954E-03
 1.19994492E+00 -2.61675463E-02
 1.17356460E+00 -3.33849488E-02
 1.15490712E+00 -3.50202500E-02
 1.13092344E+00 -2.70084768E-02
 1.08400777E+00 -6.09842961E-03
 1.04852001E+00  1.41410535E-02
 1.06658140E+00  2.00774793E-02
 1.11578468E+00  1.78486487E-02
 1.15297576E+00  1.96596963E-02
 1.17381924E+00  2.13194760E-02
 1.18110417E+00  1.49623141E-02
 1.17172282E+00  4.81864944E-03
 1.15901043E+00 -4.42038366E-03
 1.15060463E+00 -1.10812778E-02
 1.14151397E+00 -1.11265225E-02
 1.13257624E+00 -4.91237462E-03
 1.12396364E+00  2.40769376E-03
 1.11807352E+00  8.28301543E-03
 1.12270040E+00  1.13690294E-02
 1.13596463E+00  1.11951184E-02
 1.15006686E+00  9.90948071E-03
 1.16054529E+00  7.71590318E-03
 1.16281480E+00  3.39762755E-03
 1.15728928E+00 -1.74021620E-03
 1.15055491E+00 -5.94875413E-03
 1.14485226E+00 -7.59396114E-03
 1.13989320E+00 -4.84679259E-03
 1.13678519E+00  9.03401040E-04
 1.13464646E+00  5.91567206E-03
 1.13430982E+00  8.11633938E-03
 1.13845870E+00  6.70081128E-03
 1.14540256E+00  2.68382451E-03
 1.15145857E+00 -6.02045994E-04
 1.15422170E+00 -1.63383029E-03
 1.15165602E+00 -8.30804668E-04
 1.14523410E+00  1.14773193E-03
 1.13971753E+00  2.40679780E-03
 1.13738771E+00  2.11453283E-03
 1.13844969E+00  1.14884706E-03
 1.14184745E+00 -4.12254119E-05
 1.14414501E+00 -7.24099044E-04
 1.14385696E+00 -4.43997787E-04
 1.14194003E+00  2.25217461E-04
 1.13914495E+00  1.07265116E-03
 1.13722841E+00  1.97807098E-03
 1.13722648E+00  2.63254330E-03
 1.13854831E+00  3.00478910E-03
 1.14135853E+00  2.71450194E-03
 1.14570681E+00  1.17321507E-03
 1.15104221E+00 -1.69994330E-03
 1.15663839E+00 -5.43629685E-03
 1.15982716E+00 -8.53303156E-03
 1.15692945E+00 -8.77956764E-03
 1.14626667E+00 -4.91245776E-03
 1.12899764E+00  2.80356689E-03
 1.11112903E+00  1.18293172E-02
 1.10221491E+00  1.77962762E-02
 1.10820371E+00  1.78140202E-02
 1.12923481E+00  1.13875360E-02
 1.15740919E+00  9.74848931E-04
 1.17786336E+00 -8.09890656E-03
 1.18106124E+00 -1.23366378E-02
 1.16572724E+00 -1.09490119E-02
 1.13921407E+00 -5.11296691E-03
 1.11780632E+00  1.31332004E-03
 1.11126225E+00  6.11647733E-03
 1.11976310E+00  9.33118032E-03
 1.13772242E+00  1.06269469E-02
 1.15165917E+00  1.06695518E-02
 1.15426482E+00  9.39305716E-03
 1.14757212E+00  5.58849180E-03
 1.13534935E+00  3.70434129E-04
 1.12615186E+00 -4.03733845E-03
 1.12449956E+00 -5.96318141E-03
 1.12752524E+00 -3.91070631E-03
 1.13328989E+00  1.14736381E-03
 1.13823790E+00  6.04846374E-03
 1.14024108E+00  8.97021345E-03
 1.14160377E+00  9.14194639E-03
 1.14288647E+00  6.72376923E-03
 1.14416226E+00  3.56361231E-03
 1.14558092E+00  4.77524990E-04
 1.14530071E+00 -2.66152882E-03
 1.14271344E+00 -4.89747166E-03
 1.13841610E+00 -5.39363514E-03
 1.13279649E+00 -3.41941425E-03
 1.12733247E+00  1.63938764E-03
 1.12395021E+00  7.90520427E-03
 1.12422246E+00  1.19271012E-02
 1.12931694E+00  1.15579991E-02
 1.13887962E+00  6.16659222E-03
 1.14983377E+00 -2.01656790E-03
 1.15744724E+00 -8.12966422E-03
 1.15836436E+00 -9.30991137E-03
 1.15173083E+00 -5.25930818E-03
 1.14068565E+00  2.04414811E-03
 1.13180067E+00  7.89024174E-03
 1.12924486E+00  9.62007279E-03
 1.13377189E+00  7.48650142E-03
 1.14291687E+00  2.90610531E-03
 1.15050788E+00 -6.79571871E-04
 1.15315082E+00 -1.42206056E-03
 1.15123495E+00 -7.26663823E-05
 1.14636454E+00  2.47209600E-03
 1.14265088E+00  4.29831251E-03
 1.14211058E+00  4.38174795E-03
 1.14344596E+00  3.58264110E-03
 1.14571335E+00  2.40820642E-03
 1.14704834E+00  1.59186153E-03
 1.14648505E+00  1.60108059E-03
 1.14528177E+00  1.81830236E-03
 1.14395349E+00  1.98603945E-03
 1.14293911E+00  1.99101639E-03
 1.14265109E+00  1.66351657E-03
 1.14241892E+00  1.30887441E-03
 1.14201024E+00  1.06311288E-03
 1.14153800E+00  8.76848293E-04
 1.14088911E+00  8.13351056E-04
 1.14029946E+00  7.93776407E-04
 1.13989783E+00  7.65773928E-04
 1.13957163E+00  7.80507242E-04
 1.13935337E+00  8.26029601E-04
 1.13922214E+00  9.07411097E-04
 1.13913421E+00  1.04299908E-03
 1.13913628E+00  1.21352800E-03
 1.13922431E+00  1.41402739E-03
 1.13937432E+00  1.64326820E-03
 1.13958109E+00  1.88972345E-03
 1.13981329E+00  2.14889246E-03
 1.14004369E+00  2.41489409E-03
 1.14025719E+00  2.67790972E-03
 1.14043275E+00  2.92781586E-03
 1.14055714E+00  3.15221119E-03
 1.14062761E+00  3.34009727E-03
 1.14065146E+00  3.48376639E-03
 1.14065836E+00  3.57955233E-03
 1.14069404E+00  3.62828147E-03
 1.14080209E+00  3.63082444E-03
 1.14101692E+00  3.58777337E-03
 1.14134923E+00  3.50056233E-03
 1.14178020E+00  3.37029921E-03
 1.14227913E+00  3.20096022E-03
 1.14279288E+00  2.99925407E-03
 1.14322647E+00  2.77105127E-03
 1.14346162E+00  2.52265484E-03
 1.14337758E+00  2.26088524E-03
 1.14287222E+00  1.99244718E-03
 1.14191248E+00  1.72663181E-03
 1.14053947E+00  1.47379870E-03
 1.13882785E+00  1.24086108E-03
 1.13691247E+00  1.03075638E-03
 1.13501871E+00  8.40742598E-04
 1.13342230E+00  6.62643796E-04
 1.13241375E+00  4.89327570E-04
 1.13224486E+00  3.16139933E-04
 1.13301164E+00  1.41404379E-04
 1.13464334E+00 -3.12823587E-05
 1.13698345E+00 -1.96907521E-04
 1.13972609E+00 -3.47249261E-04
 1.14234935E+00 -4.64711118E-04
 1.14421390E+00 -5.26609217E-04
 1.14467007E+00 -5.11095239E-04
 1.14319838E+00 -4.00949285E-04
 1.13969560E+00 -1.94342061E-04
 1.13451498E+00  9.41368531E-05
 1.12827207E+00  4.44009503E-04
 1.12201083E+00  8.23673965E-04
 1.11739204E+00  1.18386774E-03
 1.11622978E+00  1.46650631E-03
 1.11976233E+00  1.61078794E-03
 1.12796794E+00  1.56399616E-03
 1.13840111E+00  1.30644951E-03
 1.14689565E+00  8.53573180E-04
 1.15044486E+00  2.40184851E-04
 1.14805257E+00 -4.66083602E-04
 1.14187211E+00 -1.15187070E-03
 1.13689842E+00 -1.67693601E-03
 1.13606701E+00 -1.89406078E-03
 1.13951711E+00 -1.67647678E-03
 1.14506532E+00 -9.73802650E-04
 1.14781503E+00  1.80881006E-04
 1.14548818E+00  1.70982517E-03
 1.13945059E+00  3.45854302E-03
 1.13270388E+00  5.15964516E-03
 1.13048220E+00  6.48370269E-03
 1.13551692E+00  7.09897146E-03
 1.14624951E+00  6.74358868E-03
 1.15871552E+00  5.37191162E-03
 1.16634281E+00  3.17675031E-03
 1.16488773E+00  4.87339208E-04
 1.15470715E+00 -2.14479860E-03
 1.13974243E+00 -3.84577197E-03
 1.12755005E+00 -3.67775555E-03
 1.12317623E+00 -1.05374715E-03
 1.12713093E+00  3.88152581E-03
 1.13679358E+00  9.61212994E-03
 1.14579109E+00  1.36765719E-02
 1.15035007E+00  1.43455955E-02
 1.15076717E+00  1.11601267E-02
 1.14825681E+00  5.64526308E-03
 1.14629774E+00  1.07818355E-03
 1.14630914E+00 -4.87825174E-04
 1.14637222E+00  1.26905038E-03
 1.14540515E+00  5.08087410E-03
 1.14197990E+00  7.83775931E-03
 1.13585725E+00  7.86477760E-03
 1.12958291E+00  5.45236856E-03
 1.12565319E+00  1.56716003E-03
 1.12655892E+00 -1.51423642E-03
 1.13387721E+00 -2.56996169E-03
 1.14627646E+00 -2.08558473E-03
 1.15958349E+00 -4.57221897E-04
 1.16778725E+00  1.35158209E-03
 1.16657663E+00  2.78329292E-03
 1.15535362E+00  4.32123416E-03
 1.13864566E+00  5.93625986E-03
 1.12526164E+00  7.47928797E-03
 1.12105830E+00  8.76045960E-03
 1.12729332E+00  9.08546831E-03
 1.14067945E+00  8.18853712E-03
 1.15288155E+00  6.20411028E-03
 1.15899024E+00  3.26559799E-03
 1.15880003E+00 -1.09115592E-04
 1.15351781E+00 -3.14498928E-03
 1.14761854E+00 -5.03797958E-03
 1.14306328E+00 -4.96213261E-03
 1.13809039E+00 -2.39653985E-03
 1.13260845E+00  2.44816414E-03
 1.12633294E+00  8.68285376E-03
 1.12020468E+00  1.51302409E-02
 1.11796940E+00  2.01909486E-02
 1.12199436E+00  2.16953806E-02
 1.13320509E+00  1.76232224E-02
 1.15068754E+00  7.04837823E-03
 1.16886653E+00 -8.77869921E-03
 1.17700298E+00 -2.45739418E-02
 1.16326190E+00 -3.25071011E-02
 1.12407706E+00 -2.72256633E-02
 1.07078505E+00 -7.76986339E-03
 1.03770098E+00  1.96844163E-02
 1.06213393E+00  4.26337389E-02
 1.12774541E+00  5.16118996E-02
 1.18426838E+00  4.17026476E-02
 1.21365166E+00  1.24025788E-02
 1.20981391E+00 -2.64303194E-02
 1.16618678E+00 -5.45360081E-02
 1.10330626E+00 -5.37519229E-02
 1.04815856E+00 -3.23328223E-02
 1.02068336E+00 -1.29226091E-02
 1.03424858E+00  8.51489125E-03
 1.08298216E+00  4.13037977E-02
 1.14497551E+00  6.10689621E-02
 1.19193343E+00  4.41448462E-02
 1.20961701E+00  7.99588536E-03
 1.20016556E+00 -1.80366302E-02
 1.16317578E+00 -2.94543156E-02
 1.10854318E+00 -2.87821541E-02
 1.06631396E+00 -1.45656102E-02
 1.06145092E+00  4.22265377E-03
 1.08457456E+00  2.02836258E-02
 1.10919666E+00  3.34245633E-02
 1.13679549E+00  3.77221041E-02
 1.17462178E+00  2.83162689E-02
 1.19725501E+00  7.24477692E-03
 1.18425923E+00 -1.93630748E-02
 1.15936758E+00 -3.61640053E-02
 1.15236641E+00 -2.78332760E-02
 1.14509882E+00 -4.74244349E-03
 1.11105722E+00  9.34489530E-03
 1.08349804E+00  1.24026673E-02
 1.10408935E+00  1.16880747E-02
 1.14678325E+00  6.74601033E-03
 1.16797389E+00  2.89461437E-03
 1.16791961E+00  4.56650833E-03
 1.15738416E+00  7.75018008E-03
 1.14542187E+00  9.98782537E-03
 1.15186869E+00  9.09217378E-03
 1.16235165E+00  3.88213324E-03
 1.14260713E+00 -2.55795875E-03
 1.11362916E+00 -7.89972986E-03
 1.11304773E+00 -1.02904100E-02
 1.12494676E+00 -8.01895328E-03
 1.12527002E+00 -2.07773133E-03
 1.12692059E+00  5.03156352E-03
 1.14143193E+00  1.00533629E-02
 1.15676054E+00  1.03686274E-02
 1.16323356E+00  5.61454196E-03
 1.16409338E+00 -1.86845347E-03
 1.16201941E+00 -7.62275483E-03
 1.15488876E+00 -8.80106318E-03
 1.14301355E+00 -5.10529350E-03
 1.13073805E+00  1.58590535E-03
 1.12256295E+00  6.96866072E-03
 1.12242160E+00  8.66309909E-03
 1.13260232E+00  7.01766903E-03
 1.14885902E+00  3.25411363E-03
 1.16222940E+00  3.11903569E-04
 1.16699121E+00 -2.72091997E-04
 1.16129574E+00  7.04189293E-04
 1.14854788E+00  2.57138439E-03
 1.13781976E+00  3.95461853E-03
 1.13394087E+00  4.11316693E-03
 1.13661948E+00  3.86443007E-03
 1.14361869E+00  3.55171774E-03
 1.14879256E+00  3.51383066E-03
 1.14923193E+00  4.00283602E-03
 1.14681743E+00  4.47726539E-03
 1.14291321E+00  4.76085390E-03
 1.14034625E+00  4.93134572E-03
 1.14056712E+00  4.92551237E-03
 1.14174852E+00  4.95547448E-03
 1.14317257E+00  5.10764693E-03
 1.14419878E+00  5.26515713E-03
 1.14423493E+00  5.44926293E-03
 1.14429089E+00  5.64791762E-03
 1.14471928E+00  5.82247264E-03
 1.14536686E+00  6.00972123E-03
 1.14640743E+00  6.19407675E-03
 1.14749210E+00  6.33474906E-03
 1.14843227E+00  6.43591769E-03
 1.14939223E+00  6.49858464E-03
 1.15031531E+00  6.51712864E-03
 1.15121765E+00  6.49711877E-03
 1.15213800E+00  6.43523279E-03
 1.15297200E+00  6.32270245E-03
 1.15368991E+00  6.16801185E-03
 1.15429135E+00  5.98946833E-03
 1.15474828E+00  5.80457393E-03
 1.15507470E+00  5.63608340E-03
 1.15527807E+00  5.50576223E-03
 1.15534963E+00  5.42798138E-03
 1.15529907E+00  5.41310723E-03
 1.15513549E+00  5.46329062E-03
 1.15486845E+00  5.56921679E-03
 1.15451432E+00  5.70879670E-03
 1.15407951E+00  5.84106360E-03
 1.15356496E+00  5.91115395E-03
 1.15297833E+00  5.86448104E-03
 1.15233285E+00  5.65628481E-03
 1.15165473E+00  5.26859481E-03
 1.15098365E+00  4.71506600E-03
 1.15035633E+00  4.02501547E-03
 1.14980795E+00  3.25433447E-03
 1.14937713E+00  2.50201255E-03
 1.14909890E+00  1.89218674E-03
 1.14900854E+00  1.55448834E-03
 1.14913747E+00  1.60082583E-03
 1.14949640E+00  2.07350066E-03
 1.15007632E+00  2.93975201E-03
 1.15085314E+00  4.13117843E-03
 1.15178039E+00  5.51570593E-03
 1.15278872E+00  6.86620716E-03
 1.15379289E+00  7.90523713E-03
 1.15469866E+00  8.35110529E-03
 1.15541641E+00  7.97967153E-03
 1.15588394E+00  6.75323187E-03
 1.15607129E+00  4.83721555E-03
 1.15597015E+00  2.51263694E-03
 1.15560989E+00  2.49597919E-04
 1.15507625E+00 -1.21123939E-03
 1.15449285E+00 -1.08406025E-03
 1.15399461E+00  1.10036408E-03
 1.15370012E+00  5.16027862E-03
 1.15365415E+00  9.70645658E-03
 1.15382250E+00  1.25322886E-02
 1.15414532E+00  1.21143305E-02
 1.15450717E+00  8.11303645E-03
 1.15469876E+00  2.03744309E-03
 1.15447257E+00 -2.98653517E-03
 1.15359579E+00 -4.93468163E-03
 1.15192350E+00 -3.37240069E-03
 1.14955534E+00  6.12385274E-04
 1.14685428E+00  4.17256078E-03
 1.14434276E+00  5.71252434E-03
 1.14278959E+00  5.33315575E-03
 1.14330204E+00  3.62406456E-03
 1.14690166E+00  2.29079186E-03
 1.15377496E+00  2.07357747E-03
 1.16263250E+00  2.23056022E-03
 1.16972870E+00  2.31892691E-03
 1.16992298E+00  1.62031154E-03
 1.16020451E+00 -8.89750367E-05
 1.14123239E+00 -1.87547295E-03
 1.11933772E+00 -2.95429889E-03
 1.10523794E+00 -2.56007995E-03
 1.10601485E+00 -2.12527112E-04
 1.12285518E+00  3.53418381E-03
 1.14947373E+00  7.35825295E-03
 1.17244796E+00  9.46218413E-03
 1.18297918E+00  8.54744280E-03
 1.17910933E+00  4.52274844E-03
 1.16408872E+00 -1.11839136E-03
 1.14805153E+00 -5.59052047E-03
 1.13686002E+00 -6.97301102E-03
 1.13051185E+00 -4.76204792E-03
 1.12946563E+00  9.84000830E-05
 1.13130096E+00  5.05382409E-03
 1.13568829E+00  8.48469400E-03
 1.14552102E+00  1.00366393E-02
 1.15827084E+00  9.55083655E-03
 1.16906611E+00  7.78912250E-03
 1.17408812E+00  5.05681988E-03
 1.16951757E+00  1.09241871E-03
 1.15752221E+00 -2.91932024E-03
 1.14542796E+00 -5.27270849E-03
 1.13748950E+00 -4.68868583E-03
 1.13576100E+00 -3.69454848E-04
 1.14000623E+00  6.10253251E-03
 1.14599188E+00  1.13018828E-02
 1.15206504E+00  1.30259082E-02
 1.15883046E+00  1.04590617E-02
 1.16451661E+00  4.74812979E-03
 1.16767990E+00 -7.56606041E-04
 1.16668916E+00 -4.10010301E-03
 1.15954952E+00 -4.95345537E-03
 1.14918552E+00 -3.40113169E-03
 1.14162416E+00 -8.76695189E-04
 1.14062519E+00  1.94997404E-03
 1.14779632E+00  5.38600653E-03
 1.16014041E+00  8.31880520E-03
 1.16998361E+00  9.36962300E-03
 1.17251051E+00  7.56785807E-03
 1.16599362E+00  2.31750450E-03
 1.15024065E+00 -4.25239272E-03
 1.12935048E+00 -8.13321773E-03
 1.10861992E+00 -6.94786211E-03
 1.09578858E+00 -3.04549318E-04
 1.10766787E+00  8.96662490E-03
 1.15249889E+00  1.50570738E-02
 1.19498166E+00  1.45761949E-02
 1.18979768E+00  7.41009812E-03
 1.16298588E+00 -3.58704563E-03
 1.16569460E+00 -1.21764588E-02
 1.17167858E+00 -1.45807361E-02
 1.13923042E+00 -1.06812028E-02
 1.09886424E+00 -2.20458656E-03
 1.09027541E+00  6.24764872E-03
 1.10895488E+00  1.18489407E-02
 1.14333692E+00  1.46430683E-02
 1.17580309E+00  1.44420428E-02
 1.17737907E+00  1.22798364E-02
 1.16255506E+00  8.58463736E-03
 1.16880289E+00  2.54100113E-03
 1.17495144E+00 -4.17717349E-03
 1.14667901E+00 -8.79415741E-03
 1.11518934E+00 -9.30173158E-03
 1.11938139E+00 -4.27294372E-03
 1.13953609E+00  4.20740313E-03
 1.14668859E+00  1.11989568E-02
 1.14930225E+00  1.36880540E-02
 1.15774898E+00  1.07103572E-02
 1.16461883E+00  4.00773621E-03
 1.16798155E+00 -1.57034678E-03
 1.16935106E+00 -3.46773237E-03
 1.16478877E+00 -1.88020039E-03
 1.15554694E+00  2.01419401E-03
 1.14743719E+00  4.95808157E-03
 1.14384467E+00  5.39806754E-03
 1.14711709E+00  4.32671320E-03
 1.15537188E+00  2.44670931E-03
 1.16217471E+00  1.22545481E-03
 1.16442715E+00  1.41530771E-03
 1.16202185E+00  2.04225084E-03
 1.15632693E+00  2.72862793E-03
 1.15181079E+00  3.15069031E-03
 1.15047632E+00  3.00652639E-03
 1.15110143E+00  2.83604269E-03
 1.15287483E+00  2.83076768E-03
 1.15383309E+00  2.90863171E-03
 1.15301680E+00  3.16171040E-03
 1.15173146E+00  3.40609464E-03
 1.15045428E+00  3.53098422E-03
 1.14961799E+00  3.60661186E-03
 1.14961743E+00  3.58837538E-03
 1.14973378E+00  3.47488837E-03
 1.14971997E+00  3.29577867E-03
 1.14968819E+00  3.02412167E-03
 1.14951603E+00  2.67554817E-03
 1.14944265E+00  2.28969236E-03
 1.14961386E+00  1.90578719E-03
 1.14993744E+00  1.58983060E-03
 1.15047162E+00  1.40773715E-03
 1.15121420E+00  1.40968317E-03
 1.15210493E+00  1.62150228E-03
 1.15314324E+00  2.03406506E-03
 1.15427077E+00  2.61715155E-03
 1.15539255E+00  3.30931595E-03
 1.15641000E+00  3.99978933E-03
 1.15719169E+00  4.54783005E-03
 1.15760461E+00  4.80681079E-03
 1.15754341E+00  4.65055195E-03
 1.15696087E+00  4.02931988E-03
 1.15588191E+00  2.97719567E-03
 1.15438143E+00  1.56912332E-03
 1.15260743E+00 -4.74957576E-05
 1.15080865E+00 -1.61527926E-03
 1.14929678E+00 -2.81787935E-03
 1.14839658E+00 -3.33575076E-03
 1.14838816E+00 -2.91631591E-03
 1.14939516E+00 -1.52030357E-03
 1.15136513E+00  6.58486392E-04
 1.15414801E+00  3.29522219E-03
 1.15742751E+00  5.85035274E-03
 1.16063738E+00  7.47489836E-03
 1.16307066E+00  7.26883087E-03
 1.16401636E+00  4.69442168E-03
 1.16291308E+00 -4.20295053E-05
 1.15966111E+00 -5.35311392E-03
 1.15467175E+00 -8.71663743E-03
 1.14864132E+00 -8.39180565E-03
 1.14273487E+00 -3.99174509E-03
 1.13880585E+00  2.75579656E-03
 1.13883883E+00  8.27402514E-03
 1.14406010E+00  1.02475275E-02
 1.15412125E+00  8.18116667E-03
 1.16572260E+00  3.32501218E-03
 1.17354463E+00 -1.05432204E-03
 1.17388635E+00 -3.11784293E-03
 1.16584506E+00 -2.96179531E-03
 1.15288474E+00 -1.23471575E-03
 1.14230427E+00  1.42061174E-04
 1.13872173E+00  3.48960171E-04
 1.14293052E+00  2.54501117E-04
 1.15213572E+00  3.70324773E-04
 1.15943121E+00  1.50525444E-03
 1.16106632E+00  3.88878939E-03
 1.15762280E+00  6.40726454E-03
 1.15124353E+00  8.08864206E-03
 1.14694724E+00  7.97645468E-03
 1.14715304E+00  5.47366299E-03
 1.15014839E+00  1.23186442E-03
 1.15393276E+00 -3.10276369E-03
 1.15508562E+00 -5.28532820E-03
 1.15193085E+00 -3.78673409E-03
 1.14647699E+00  1.30678292E-03
 1.14161072E+00  7.74691296E-03
 1.14120547E+00  1.16341836E-02
 1.14721066E+00  1.05498071E-02
 1.15732374E+00  4.47646265E-03
 1.16566710E+00 -3.86111412E-03
 1.16441300E+00 -9.21740437E-03
 1.15091689E+00 -8.54474048E-03
 1.13159423E+00 -2.10663583E-03
 1.12424317E+00  7.05528712E-03
 1.14517125E+00  1.29411554E-02
 1.17239955E+00  1.21041972E-02
 1.16940861E+00  5.09609136E-03
 1.15368825E+00 -4.94497884E-03
 1.15913364E+00 -1.18213565E-02
 1.16324624E+00 -1.18584019E-02
 1.13923241E+00 -5.60349606E-03
 1.12107827E+00  4.19806588E-03
 1.14479029E+00  1.19124329E-02
 1.17877327E+00  1.40721637E-02
 1.17792956E+00  1.10433476E-02
 1.15673349E+00  4.49666196E-03
 1.14529665E+00 -1.67959417E-03
 1.14259134E+00 -5.17133050E-03
 1.14750873E+00 -6.59403479E-03
 1.15665396E+00 -6.53017989E-03
 1.15291330E+00 -6.50143879E-03
 1.14442035E+00 -7.07291276E-03
 1.15261337E+00 -6.79249646E-03
 1.16543323E+00 -4.98469976E-03
 1.16253402E+00 -1.18708207E-03
 1.14919459E+00  4.50763161E-03
 1.13647411E+00  1.03597418E-02
 1.13438741E+00  1.44323163E-02
 1.15362404E+00  1.48410332E-02
 1.17339271E+00  1.03064699E-02
 1.16043905E+00  1.47281791E-03
 1.13675198E+00 -8.63144190E-03
 1.14301985E+00 -1.54233758E-02
 1.16062869E+00 -1.55998076E-02
 1.15788229E+00 -8.46235131E-03
 1.14936139E+00  2.90591958E-03
 1.15222561E+00  1.21883843E-02
 1.15651881E+00  1.53227155E-02
 1.15598273E+00  1.15832790E-02
 1.15601646E+00  3.35929223E-03
 1.15784900E+00 -3.41628780E-03
 1.15928513E+00 -5.47303274E-03
 1.16032432E+00 -3.19354231E-03
 1.16142866E+00  1.85588641E-03
 1.16231891E+00  5.69652148E-03
 1.16276904E+00  6.37492679E-03
 1.16271194E+00  5.13957546E-03
 1.16210582E+00  2.90015981E-03
 1.16097236E+00  1.45728227E-03
 1.15938760E+00  1.74717271E-03
 1.15750108E+00  2.56268396E-03
 1.15556392E+00  3.42247185E-03
 1.15388999E+00  3.92535010E-03
 1.15280885E+00  3.69617017E-03
 1.15260708E+00  3.40526069E-03
 1.15341071E+00  3.29711060E-03
 1.15516795E+00  3.27730100E-03
 1.15773199E+00  3.46750832E-03
 1.16079160E+00  3.64699270E-03
 1.16378969E+00  3.68645690E-03
 1.16603242E+00  3.68155873E-03
 1.16681945E+00  3.58582546E-03
 1.16559744E+00  3.40586328E-03
 1.16227387E+00  3.18187380E-03
 1.15726358E+00  2.87880823E-03
 1.15126455E+00  2.51070568E-03
 1.14544056E+00  2.11559925E-03
 1.14163553E+00  1.72499278E-03
 1.14182027E+00  1.39991323E-03
 1.14721132E+00  1.20027556E-03
 1.15745824E+00  1.16976073E-03
 1.16927558E+00  1.33203934E-03
 1.17736891E+00  1.67928354E-03
 1.17804784E+00  2.18592562E-03
 1.17039863E+00  2.80100179E-03
 1.15784426E+00  3.43174020E-03
 1.14762377E+00  3.96053450E-03
 1.14433516E+00  4.26400682E-03
 1.14881255E+00  4.23521127E-03
 1.15837797E+00  3.83255536E-03
 1.16628333E+00  3.08533112E-03
 1.16882428E+00  2.05703577E-03
 1.16644881E+00  8.72286347E-04
 1.16092535E+00 -2.52618142E-04
 1.15676384E+00 -1.05289048E-03
 1.15617798E+00 -1.26160074E-03
 1.15774699E+00 -6.69656734E-04
 1.16044587E+00  7.49915253E-04
 1.16224589E+00  2.82520354E-03
 1.16209307E+00  5.27082045E-03
 1.16136196E+00  7.61668084E-03
 1.16060350E+00  9.12791722E-03
 1.16027356E+00  9.02436438E-03
 1.16080030E+00  6.83296191E-03
 1.16142648E+00  2.71275828E-03
 1.16186842E+00 -2.00366371E-03
 1.16222023E+00 -5.18391407E-03
 1.16232762E+00 -5.34426069E-03
 1.16241884E+00 -2.12802873E-03
 1.16261646E+00  3.05938272E-03
 1.16278804E+00  7.26747926E-03
 1.16296050E+00  8.60967860E-03
 1.16310409E+00  6.72439340E-03
 1.16316193E+00  2.69305671E-03
 1.16317480E+00 -7.35423411E-04
 1.16314139E+00 -2.03119835E-03
 1.16305234E+00 -1.32265341E-03
 1.16292908E+00  7.53162091E-04
 1.16277620E+00  2.45785160E-03
 1.16260147E+00  2.96495829E-03
 1.16242010E+00  2.87245583E-03
 1.16223846E+00  2.52467116E-03
 1.16206096E+00  2.58666458E-03
 1.16189096E+00  3.31414356E-03
 1.16172485E+00  3.96586991E-03
 1.16154896E+00  4.12227634E-03
 1.16134277E+00  3.47911150E-03
 1.16108647E+00  1.90235382E-03
 1.16076562E+00  2.65087935E-05
 1.16038050E+00 -1.19289986E-03
 1.15994784E+00 -6.94585750E-04
 1.15948975E+00  2.22988788E-03
 1.15903885E+00  7.33461374E-03
 1.15864687E+00  1.31072924E-02
 1.15837537E+00  1.71102358E-02
 1.15828885E+00  1.75196988E-02
 1.15844442E+00  1.36583126E-02
 1.15886587E+00  6.33255486E-03
 1.15954223E+00 -1.91101527E-03
 1.16044603E+00 -8.47166728E-03
 1.16152022E+00 -1.05659765E-02
 1.16266563E+00 -4.08246793E-03
 1.16375871E+00  1.10040186E-02
 1.16466606E+00  2.13004768E-02
 1.16526925E+00  1.19515581E-02
 1.16551831E+00 -4.95123737E-03
 1.16543587E+00 -6.64411503E-03
 1.16507989E+00  7.57868603E-04
 1.16457221E+00  2.07130164E-03
 1.16412779E+00  2.50521004E-03
 1.16400580E+00  6.90441133E-03
 1.16445319E+00  9.09923566E-03
 1.16563412E+00  7.06328308E-03
 1.16749105E+00  3.86966357E-03
 1.16972057E+00  1.34075220E-03
 1.17186221E+00 -5.82273940E-04
 1.17321402E+00 -2.23479255E-03
 1.17273509E+00 -2.97093393E-03
 1.16942426E+00 -2.28507844E-03
 1.16299776E+00  1.50850561E-05
 1.15446016E+00  4.22923912E-03
 1.14698541E+00  9.20779994E-03
 1.14501198E+00  1.27209707E-02
 1.15116616E+00  1.32480741E-02
 1.16495823E+00  1.00396900E-02
 1.18109563E+00  3.94276858E-03
 1.19059172E+00 -2.52902723E-03
 1.18772148E+00 -7.55294894E-03
 1.17198409E+00 -1.00452430E-02
 1.14943369E+00 -9.20387378E-03
 1.13223361E+00 -5.30118258E-03
 1.12816960E+00  1.48805720E-03
 1.13844813E+00  1.07134302E-02
 1.15874090E+00  1.95565650E-02
 1.17804043E+00  2.41542701E-02
 1.18946880E+00  2.17021509E-02
 1.19212716E+00  1.12357317E-02
 1.18622919E+00 -3.71465319E-03
 1.17600387E+00 -1.60675549E-02
 1.16364051E+00 -2.09716660E-02
 1.14826923E+00 -1.66165054E-02
 1.13391307E+00 -5.11960241E-03
 1.12597458E+00  7.02276726E-03
 1.12869959E+00  1.58211758E-02
 1.14535163E+00  2.02877702E-02
 1.17063487E+00  1.98474467E-02
 1.19276420E+00  1.63100953E-02
 1.20385297E+00  1.01912595E-02
 1.20012913E+00  5.56967259E-04
 1.18458613E+00 -9.74644940E-03
 1.16785731E+00 -1.64671986E-02
 1.15590341E+00 -1.63101705E-02
 1.14972952E+00 -6.95618119E-03
 1.14970799E+00  8.25462666E-03
 1.15224722E+00  2.14868043E-02
 1.15660261E+00  2.76999982E-02
 1.16542899E+00  2.47543612E-02
 1.17642060E+00  1.43790013E-02
 1.18574529E+00  3.08825010E-03
 1.19004563E+00 -5.47658158E-03
 1.18543799E+00 -1.07259673E-02
 1.17398927E+00 -1.16255580E-02
 1.16253977E+00 -9.16830060E-03
 1.15517690E+00 -3.30935267E-03
 1.15429825E+00  7.18731955E-03
 1.15996204E+00  1.89420164E-02
 1.16824962E+00  2.64715712E-02
 1.17734203E+00  2.59052944E-02
 1.18678112E+00  1.50553621E-02
 1.19293794E+00 -2.01990369E-03
 1.19213668E+00 -1.60826957E-02
 1.18161966E+00 -2.14326872E-02
 1.16029305E+00 -1.63556617E-02
 1.13481418E+00 -3.72843798E-03
 1.11702934E+00  8.04987261E-03
 1.11480983E+00  1.43238621E-02
 1.13081657E+00  1.50149908E-02
 1.15892387E+00  1.09712153E-02
 1.18455739E+00  6.25022307E-03
 1.19851817E+00  2.63959611E-03
 1.19848324E+00 -1.41426129E-03
 1.18705701E+00 -5.05844288E-03
 1.17409215E+00 -7.31554582E-03
 1.16465542E+00 -7.13053961E-03
 1.15763148E+00 -2.33269238E-03
 1.15322045E+00  5.62717409E-03
 1.14924408E+00  1.27723386E-02
 1.14582512E+00  1.66451112E-02
 1.14692143E+00  1.55824506E-02
 1.15144190E+00  1.03383819E-02
 1.15608959E+00  4.56058019E-03
 1.15879298E+00  2.70722038E-04
 1.15709386E+00 -1.77075068E-03
 1.15328596E+00 -4.31426889E-04
 1.15360878E+00  3.91291003E-03
 1.16050244E+00  1.03264896E-02
 1.17307783E+00  1.65706523E-02
 1.18670471E+00  1.50749658E-02
 1.19257410E+00  6.52513012E-04
 1.18621444E+00 -1.31098666E-02
 1.16916941E+00 -8.05454112E-03
 1.14765989E+00  4.37655822E-03
 1.13297086E+00  3.01129401E-03
 1.13229007E+00 -1.27556406E-03
 1.14561548E+00  8.70453430E-03
 1.16704687E+00  2.10281047E-02
 1.18444040E+00  2.04646852E-02
 1.19007392E+00  1.04888320E-02
 1.18368306E+00 -2.32914421E-03
 1.16980782E+00 -1.00630174E-02
 1.15892501E+00 -1.90174933E-03
 1.15677326E+00  1.25530921E-02
 1.16171852E+00  1.20427775E-02
 1.16989614E+00 -2.28830615E-04
 1.17341786E+00 -9.71065365E-03
 1.16856151E+00 -1.22905005E-02
 1.15872351E+00 -3.89089219E-03
 1.14868451E+00  1.01261552E-02
 1.14584037E+00  1.42681647E-02
 1.15433654E+00  1.35537899E-02
 1.17142782E+00  2.03317232E-02
 1.19102073E+00  2.07084099E-02
 1.20361123E+00  3.28892913E-04
 1.20268013E+00 -1.97879142E-02
 1.18838774E+00 -1.43504093E-02
 1.16621903E+00  8.33006521E-04
 1.14687527E+00  4.98973580E-05
 1.13774037E+00 -4.07330225E-03
 1.14010485E+00  7.48687697E-03
 1.15132766E+00  2.25423051E-02
 1.16367291E+00  2.65004085E-02
 1.17258255E+00  2.23835904E-02
 1.17825942E+00  1.28578789E-02
 1.18038627E+00 -1.38617357E-03
 1.18063709E+00 -1.31769306E-02
 1.17906775E+00 -1.61633678E-02
 1.17312995E+00 -9.16437643E-03
 1.16457064E+00  3.85120709E-03
 1.15708977E+00  1.43134506E-02
 1.15346949E+00  1.73654184E-02
 1.15648730E+00  1.30184716E-02
 1.16433173E+00  4.08777744E-03
 1.17125493E+00 -2.46197018E-03
 1.17422230E+00 -3.01654760E-03
 1.17234380E+00  1.07729187E-03
 1.16697335E+00  7.78151237E-03
 1.16277298E+00  1.26738272E-02
 1.16177192E+00  1.33153901E-02
 1.16307518E+00  1.11105345E-02
 1.16583276E+00  7.02924181E-03
 1.16768183E+00  2.90793813E-03
 1.16758303E+00  6.99516577E-05
 1.16684643E+00 -2.19511397E-03
 1.16595230E+00 -3.50228964E-03
 1.16551974E+00 -3.16690748E-03
 1.16599666E+00 -9.70010727E-04
 1.16657056E+00  3.53748380E-03
 1.16697965E+00  8.96225579E-03
 1.16729116E+00  1.25350448E-02
 1.16733948E+00  1.25342305E-02
 1.16739289E+00  8.33879195E-03
 1.16757738E+00  1.59866654E-03
 1.16775516E+00 -3.88076563E-03
 1.16796102E+00 -5.75665531E-03
 1.16815847E+00 -3.54934285E-03
 1.16828791E+00  1.44907489E-03
 1.16839462E+00  5.78496719E-03
 1.16846986E+00  7.56290438E-03
 1.16849085E+00  6.96984695E-03
 1.16846062E+00  4.80582345E-03
 1.16835734E+00  3.25337949E-03
 1.16816549E+00  3.32678737E-03
 1.16788401E+00  4.21174350E-03
 1.16751157E+00  5.35252898E-03
 1.16705861E+00  5.74225455E-03
 1.16654515E+00  4.89500337E-03
 1.16599930E+00  3.60498135E-03
 1.16546442E+00  2.32698162E-03
 1.16499355E+00  1.50910816E-03
 1.16464023E+00  1.58570401E-03
 1.16445196E+00  2.34129014E-03
 1.16445621E+00  3.64516261E-03
 1.16465641E+00  5.38732922E-03
 1.16504110E+00  7.23317686E-03
 1.16557421E+00  8.88141297E-03
 1.16618210E+00  9.74726930E-03
 1.16676704E+00  9.09416597E-03
 1.16722566E+00  6.58755580E-03
 1.16746745E+00  2.49335277E-03
 1.16745386E+00 -1.80548256E-03
 1.16720371E+00 -4.13533929E-03
 1.16676106E+00 -3.05244609E-03
 1.16621753E+00  1.65340705E-03
 1.16574014E+00  8.29465283E-03
 1.16553784E+00  1.35328605E-02
 1.16582885E+00  1.51223814E-02
 1.16679652E+00  1.24552049E-02
 1.16849155E+00  6.60759755E-03
 1.17082364E+00  5.95515213E-04
 1.17363478E+00 -3.68202078E-03
 1.17664775E+00 -5.81479677E-03
 1.17941051E+00 -5.60846866E-03
