# x =
 1.24687083E+01
# y =
 3.25097170E+00
 VARIABLES = u,v
 1.17035327E+00  6.27458435E-03
 1.17034213E+00  6.27036473E-03
 1.17036622E+00  6.26635664E-03
 1.17042631E+00  6.26145246E-03
 1.17052227E+00  6.25508662E-03
 1.17065282E+00  6.24593187E-03
 1.17081535E+00  6.23207176E-03
 1.17100564E+00  6.21258831E-03
 1.17121804E+00  6.18690192E-03
 1.17144624E+00  6.15444961E-03
 1.17168347E+00  6.11466825E-03
 1.17192282E+00  6.06538757E-03
 1.17215766E+00  6.00338234E-03
 1.17238157E+00  5.92670071E-03
 1.17258889E+00  5.83461069E-03
 1.17277589E+00  5.72792602E-03
 1.17294036E+00  5.60935202E-03
 1.17308080E+00  5.48119751E-03
 1.17319607E+00  5.34536405E-03
 1.17328429E+00  5.20447027E-03
 1.17334307E+00  5.06099618E-03
 1.17337175E+00  4.91791514E-03
 1.17337120E+00  4.77863885E-03
 1.17334318E+00  4.64516422E-03
 1.17329086E+00  4.51864948E-03
 1.17321744E+00  4.40055646E-03
 1.17312614E+00  4.29251155E-03
 1.17302198E+00  4.19737496E-03
 1.17291060E+00  4.11908759E-03
 1.17279683E+00  4.06041417E-03
 1.17268435E+00  4.02305517E-03
 1.17257397E+00  4.00802123E-03
 1.17246382E+00  4.01504732E-03
 1.17235250E+00  4.04398312E-03
 1.17223919E+00  4.09476152E-03
 1.17212393E+00  4.16597896E-03
 1.17200834E+00  4.25552313E-03
 1.17189292E+00  4.36073551E-03
 1.17177748E+00  4.47822528E-03
 1.17166351E+00  4.60500733E-03
 1.17155295E+00  4.73834200E-03
 1.17144813E+00  4.87471668E-03
 1.17135160E+00  5.01015778E-03
 1.17126326E+00  5.14019754E-03
 1.17118115E+00  5.25986524E-03
 1.17110484E+00  5.36492279E-03
 1.17103506E+00  5.45206231E-03
 1.17097417E+00  5.51867005E-03
 1.17092670E+00  5.56316298E-03
 1.17089581E+00  5.58436138E-03
 1.17088343E+00  5.58133593E-03
 1.17089206E+00  5.55387420E-03
 1.17092333E+00  5.50234793E-03
 1.17097851E+00  5.42814571E-03
 1.17105840E+00  5.33379528E-03
 1.17116059E+00  5.22242789E-03
 1.17128033E+00  5.09787786E-03
 1.17141288E+00  4.96456305E-03
 1.17155349E+00  4.82725027E-03
 1.17169895E+00  4.69130011E-03
 1.17184788E+00  4.56222584E-03
 1.17199763E+00  4.44484186E-03
 1.17214490E+00  4.34284722E-03
 1.17228725E+00  4.25808424E-03
 1.17242211E+00  4.19058874E-03
 1.17254793E+00  4.13992727E-03
 1.17266397E+00  4.10544336E-03
 1.17276763E+00  4.08657743E-03
 1.17285547E+00  4.08299833E-03
 1.17292537E+00  4.09285719E-03
 1.17297611E+00  4.11293769E-03
 1.17300852E+00  4.13971311E-03
 1.17302553E+00  4.16882555E-03
 1.17302943E+00  4.19579157E-03
 1.17302206E+00  4.21610183E-03
 1.17300585E+00  4.22377725E-03
 1.17298273E+00  4.21232017E-03
 1.17295474E+00  4.17649745E-03
 1.17292381E+00  4.11264826E-03
 1.17288950E+00  4.02000161E-03
 1.17284976E+00  3.90066680E-03
 1.17280267E+00  3.75696521E-03
 1.17274634E+00  3.59130514E-03
 1.17268037E+00  3.40631191E-03
 1.17260591E+00  3.20423794E-03
 1.17252299E+00  2.98921023E-03
 1.17243110E+00  2.76701107E-03
 1.17233019E+00  2.54303409E-03
 1.17221993E+00  2.32314767E-03
 1.17210068E+00  2.11349603E-03
 1.17197337E+00  1.92030804E-03
 1.17183721E+00  1.75193057E-03
 1.17169067E+00  1.61780338E-03
 1.17153309E+00  1.52560556E-03
 1.17136454E+00  1.48105567E-03
 1.17118680E+00  1.48679342E-03
 1.17100343E+00  1.54207095E-03
 1.17081739E+00  1.64598351E-03
 1.17063120E+00  1.79751750E-03
 1.17044770E+00  1.99466508E-03
 1.17026927E+00  2.23527640E-03
 1.17009872E+00  2.51498657E-03
 1.16993919E+00  2.82728050E-03
 1.16979242E+00  3.16594746E-03
 1.16965928E+00  3.52419194E-03
 1.16954071E+00  3.89436014E-03
 1.16943753E+00  4.26831088E-03
 1.16935153E+00  4.63554979E-03
 1.16928535E+00  4.98418623E-03
 1.16924055E+00  5.30411737E-03
 1.16921783E+00  5.58734467E-03
 1.16921735E+00  5.82897291E-03
 1.16923816E+00  6.02759674E-03
 1.16927930E+00  6.18192814E-03
 1.16933961E+00  6.29060629E-03
 1.16941643E+00  6.35306133E-03
 1.16950609E+00  6.36867371E-03
 1.16960421E+00  6.33911898E-03
 1.16970546E+00  6.26831008E-03
 1.16980435E+00  6.15980114E-03
 1.16989529E+00  6.01779232E-03
 1.16997185E+00  5.84733205E-03
 1.17002723E+00  5.65401519E-03
 1.17005478E+00  5.44621416E-03
 1.17004795E+00  5.23398445E-03
 1.17000093E+00  5.02552516E-03
 1.16990911E+00  4.82686929E-03
 1.16976904E+00  4.64070887E-03
 1.16957867E+00  4.46608437E-03
 1.16933724E+00  4.30244754E-03
 1.16904505E+00  4.14996767E-03
 1.16870348E+00  4.00867978E-03
 1.16831519E+00  3.87960417E-03
 1.16788508E+00  3.76212185E-03
 1.16742051E+00  3.65421797E-03
 1.16693119E+00  3.55570308E-03
 1.16642913E+00  3.46687486E-03
 1.16592729E+00  3.38778757E-03
 1.16543910E+00  3.31830241E-03
 1.16497840E+00  3.25501667E-03
 1.16455848E+00  3.19226896E-03
 1.16419163E+00  3.12658885E-03
 1.16388821E+00  3.05657778E-03
 1.16365455E+00  2.98349545E-03
 1.16349335E+00  2.91186867E-03
 1.16340558E+00  2.84504100E-03
 1.16339087E+00  2.78503581E-03
 1.16344901E+00  2.73453702E-03
 1.16357968E+00  2.69522435E-03
 1.16377834E+00  2.66908157E-03
 1.16403646E+00  2.65820923E-03
 1.16434286E+00  2.66120036E-03
 1.16468284E+00  2.67441050E-03
 1.16504106E+00  2.69434760E-03
 1.16540187E+00  2.71767225E-03
 1.16574681E+00  2.74373742E-03
 1.16605694E+00  2.77443132E-03
 1.16631546E+00  2.80964792E-03
 1.16650877E+00  2.84785831E-03
 1.16663039E+00  2.88723899E-03
 1.16668045E+00  2.92452203E-03
 1.16666011E+00  2.95781303E-03
 1.16657114E+00  2.98649957E-03
 1.16641472E+00  3.00805555E-03
 1.16619075E+00  3.01964965E-03
 1.16590441E+00  3.01949064E-03
 1.16556557E+00  3.00659333E-03
 1.16518468E+00  2.98321114E-03
 1.16477485E+00  2.95441533E-03
 1.16434967E+00  2.92458343E-03
 1.16392284E+00  2.89756729E-03
 1.16351360E+00  2.87651839E-03
 1.16314357E+00  2.86294018E-03
 1.16283061E+00  2.85916652E-03
 1.16258812E+00  2.86785214E-03
 1.16242097E+00  2.88948676E-03
 1.16232538E+00  2.92354748E-03
 1.16229776E+00  2.96878999E-03
 1.16233494E+00  3.02328396E-03
 1.16243328E+00  3.08699361E-03
 1.16259082E+00  3.16114209E-03
 1.16280044E+00  3.24523081E-03
 1.16305059E+00  3.33754914E-03
 1.16333185E+00  3.43511759E-03
 1.16363414E+00  3.53313103E-03
 1.16394660E+00  3.62753598E-03
 1.16425801E+00  3.71486495E-03
 1.16455033E+00  3.79037277E-03
 1.16480150E+00  3.84935087E-03
 1.16499441E+00  3.88756781E-03
 1.16511711E+00  3.90139230E-03
 1.16516544E+00  3.88999256E-03
 1.16514410E+00  3.85487084E-03
 1.16505692E+00  3.79747828E-03
 1.16490660E+00  3.71935395E-03
 1.16469799E+00  3.62153683E-03
 1.16443508E+00  3.50418403E-03
 1.16412606E+00  3.36911288E-03
 1.16378305E+00  3.21947304E-03
 1.16341451E+00  3.05815077E-03
 1.16302800E+00  2.88864202E-03
 1.16263261E+00  2.71438049E-03
 1.16223822E+00  2.53864464E-03
 1.16186125E+00  2.36656864E-03
 1.16152265E+00  2.20422307E-03
 1.16123834E+00  2.05658204E-03
 1.16101908E+00  1.92755048E-03
 1.16086957E+00  1.81889463E-03
 1.16078677E+00  1.73007651E-03
 1.16076860E+00  1.66079957E-03
 1.16081421E+00  1.61092742E-03
 1.16091978E+00  1.57981497E-03
 1.16108147E+00  1.56700112E-03
 1.16129218E+00  1.57067887E-03
 1.16154156E+00  1.58774787E-03
 1.16182287E+00  1.61564597E-03
 1.16213081E+00  1.65166251E-03
 1.16245811E+00  1.69264562E-03
 1.16279629E+00  1.73526546E-03
 1.16313124E+00  1.77465648E-03
 1.16344454E+00  1.80499513E-03
 1.16372208E+00  1.82168132E-03
 1.16395422E+00  1.82144115E-03
 1.16413581E+00  1.80284668E-03
 1.16426778E+00  1.76661725E-03
 1.16435002E+00  1.71344000E-03
 1.16438094E+00  1.64386403E-03
 1.16436142E+00  1.55900441E-03
 1.16429225E+00  1.45993648E-03
 1.16417627E+00  1.34898080E-03
 1.16401839E+00  1.22968322E-03
 1.16381977E+00  1.10514300E-03
 1.16357966E+00  9.78608559E-04
 1.16329896E+00  8.53777084E-04
 1.16297976E+00  7.34583759E-04
 1.16262913E+00  6.26487457E-04
 1.16225833E+00  5.35875477E-04
 1.16187526E+00  4.67865722E-04
 1.16148462E+00  4.26139035E-04
 1.16108855E+00  4.12375159E-04
 1.16068519E+00  4.25981973E-04
 1.16027459E+00  4.66386819E-04
 1.15985917E+00  5.33178321E-04
 1.15943985E+00  6.25440775E-04
 1.15901860E+00  7.42396054E-04
 1.15859773E+00  8.82019309E-04
 1.15817989E+00  1.04110747E-03
 1.15777319E+00  1.21708594E-03
 1.15738950E+00  1.40735313E-03
 1.15704002E+00  1.60893898E-03
 1.15673509E+00  1.81869000E-03
 1.15648104E+00  2.03181574E-03
 1.15627985E+00  2.24252984E-03
 1.15613566E+00  2.44648746E-03
 1.15605380E+00  2.64092818E-03
 1.15603828E+00  2.82523064E-03
 1.15609362E+00  3.00101967E-03
 1.15622139E+00  3.16923988E-03
 1.15642032E+00  3.32969958E-03
 1.15669133E+00  3.48146915E-03
 1.15703516E+00  3.62180923E-03
 1.15744939E+00  3.74754030E-03
 1.15792887E+00  3.85449490E-03
 1.15846265E+00  3.93485719E-03
 1.15903429E+00  3.97884600E-03
 1.15962751E+00  3.97736343E-03
 1.16022599E+00  3.92331453E-03
 1.16081293E+00  3.81559512E-03
 1.16137292E+00  3.65959590E-03
 1.16188917E+00  3.46303190E-03
 1.16234439E+00  3.23791261E-03
 1.16272524E+00  3.00320109E-03
 1.16302095E+00  2.78140257E-03
 1.16322248E+00  2.59624687E-03
 1.16332299E+00  2.46868027E-03
 1.16331490E+00  2.40738245E-03
 1.16319114E+00  2.40795482E-03
 1.16295074E+00  2.45882614E-03
 1.16259883E+00  2.53611593E-03
 1.16214699E+00  2.59870819E-03
 1.16161436E+00  2.59524617E-03
 1.16102318E+00  2.47146207E-03
 1.16039867E+00  2.18033481E-03
 1.15977156E+00  1.70293097E-03
 1.15917611E+00  1.05088668E-03
 1.15865053E+00  2.51679051E-04
 1.15823653E+00 -6.39550576E-04
 1.15797488E+00 -1.52666767E-03
 1.15790405E+00 -2.28929488E-03
 1.15805821E+00 -2.80019486E-03
 1.15846317E+00 -2.94867090E-03
 1.15913334E+00 -2.69052192E-03
 1.16006724E+00 -2.05282247E-03
 1.16124112E+00 -1.09649550E-03
 1.16260310E+00  5.67740678E-05
 1.16406606E+00  1.19469396E-03
 1.16550955E+00  2.05856216E-03
 1.16679222E+00  2.39022819E-03
 1.16775734E+00  1.99386812E-03
 1.16824196E+00  8.62966465E-04
 1.16807962E+00 -8.03225553E-04
 1.16708374E+00 -2.68753466E-03
 1.16505417E+00 -4.28349290E-03
 1.16179211E+00 -4.81587345E-03
 1.15725834E+00 -3.49501398E-03
 1.15191500E+00  6.32086087E-05
 1.14697754E+00  5.45807636E-03
 1.14472838E+00  1.08889865E-02
 1.14784054E+00  1.36447450E-02
 1.15745239E+00  1.19008991E-02
 1.17208426E+00  5.37871493E-03
 1.18625504E+00 -3.78649933E-03
 1.19180430E+00 -1.13647094E-02
 1.18362019E+00 -1.43932351E-02
 1.16181297E+00 -1.18186450E-02
 1.13399215E+00 -4.53411831E-03
 1.11397306E+00  4.14927942E-03
 1.11075141E+00  1.19277661E-02
 1.12569668E+00  1.77058202E-02
 1.15159152E+00  1.96720323E-02
 1.17264440E+00  1.68640214E-02
 1.17924948E+00  8.73452800E-03
 1.17084935E+00 -4.25938278E-03
 1.15288921E+00 -1.67905718E-02
 1.13871060E+00 -2.11443290E-02
 1.13558485E+00 -1.33362588E-02
 1.14179639E+00  4.92086469E-03
 1.15378465E+00  2.15654349E-02
 1.16314388E+00  2.17530016E-02
 1.16557782E+00  1.31106644E-02
 1.16403928E+00  1.31415388E-02
 1.16048325E+00  1.31987039E-02
 1.15843156E+00 -4.09167758E-04
 1.15984062E+00 -1.26975626E-02
 1.16211294E+00 -7.53110269E-03
 1.16423108E+00  9.43290373E-04
 1.16554076E+00 -4.62466529E-03
 1.16533987E+00 -1.13370682E-02
 1.16506536E+00 -1.75665893E-03
 1.16527658E+00  1.18012913E-02
 1.16574195E+00  1.23527280E-02
 1.16668898E+00  7.20499353E-03
 1.16763758E+00  6.41652186E-03
 1.16821794E+00  5.17122601E-03
 1.16849931E+00  1.15850487E-04
 1.16825439E+00 -3.19687056E-03
 1.16737827E+00 -1.48922039E-03
 1.16593877E+00  1.98398508E-03
 1.16394943E+00  3.26153301E-03
 1.16155077E+00  1.65100449E-03
 1.15899530E+00 -2.34246176E-03
 1.15661492E+00 -7.28906972E-03
 1.15483407E+00 -9.72683476E-03
 1.15407063E+00 -7.92543639E-03
 1.15462518E+00 -2.78492450E-03
 1.15650230E+00  3.72005555E-03
 1.15937011E+00  8.08537564E-03
 1.16268281E+00  8.08873194E-03
 1.16557010E+00  4.05915143E-03
 1.16671488E+00 -2.18052033E-03
 1.16478281E+00 -7.11607876E-03
 1.15915763E+00 -8.44359871E-03
 1.15059196E+00 -6.19447593E-03
 1.14223658E+00 -1.72474905E-03
 1.13873738E+00  1.97282828E-03
 1.14301791E+00  3.14454066E-03
 1.15502841E+00  2.11445720E-03
 1.17011314E+00 -2.54620658E-04
 1.17993132E+00 -1.99922941E-03
 1.17921189E+00 -2.10636559E-03
 1.16744008E+00 -1.23290165E-03
 1.14968191E+00  1.26475247E-04
 1.13639038E+00  1.07473618E-03
 1.13391251E+00  1.13159169E-03
 1.14253888E+00  9.06943273E-04
 1.15796054E+00  6.54908943E-04
 1.17033357E+00  5.77741670E-04
 1.17401777E+00  8.66464952E-04
 1.16970446E+00  1.18202939E-03
 1.16042782E+00  1.39689877E-03
 1.15331464E+00  1.55549240E-03
 1.15221839E+00  1.59163896E-03
 1.15549449E+00  1.61101311E-03
 1.16125562E+00  1.66972650E-03
 1.16558443E+00  1.70736097E-03
 1.16636183E+00  1.73614437E-03
 1.16539013E+00  1.74358866E-03
 1.16370997E+00  1.70660263E-03
 1.16277520E+00  1.64782120E-03
 1.16352543E+00  1.56910622E-03
 1.16467027E+00  1.46692383E-03
 1.16566644E+00  1.35104624E-03
 1.16629550E+00  1.22233528E-03
 1.16620541E+00  1.08394747E-03
 1.16600685E+00  9.43843065E-04
 1.16596611E+00  8.05769716E-04
 1.16595874E+00  6.73630177E-04
 1.16609926E+00  5.52474346E-04
 1.16622278E+00  4.46105505E-04
 1.16621621E+00  3.58074343E-04
 1.16618284E+00  2.91728545E-04
 1.16609828E+00  2.49263738E-04
 1.16597132E+00  2.32291914E-04
 1.16584671E+00  2.42893042E-04
 1.16569846E+00  2.82953630E-04
 1.16553117E+00  3.52977964E-04
 1.16536053E+00  4.52104112E-04
 1.16518002E+00  5.77608400E-04
 1.16499589E+00  7.24891020E-04
 1.16481636E+00  8.89188377E-04
 1.16464471E+00  1.06563379E-03
 1.16448487E+00  1.24880371E-03
 1.16433809E+00  1.43357561E-03
 1.16420508E+00  1.61496033E-03
 1.16408833E+00  1.78859402E-03
 1.16399541E+00  1.95251006E-03
 1.16393822E+00  2.10656804E-03
 1.16392580E+00  2.25085183E-03
 1.16396460E+00  2.38542903E-03
 1.16405907E+00  2.50903813E-03
 1.16420925E+00  2.61907588E-03
 1.16441521E+00  2.71436105E-03
 1.16467597E+00  2.79470426E-03
 1.16498409E+00  2.85974478E-03
 1.16532829E+00  2.90984009E-03
 1.16569570E+00  2.94487857E-03
 1.16607214E+00  2.96449507E-03
 1.16644737E+00  2.97054991E-03
 1.16681485E+00  2.96600432E-03
 1.16716618E+00  2.95286336E-03
 1.16749302E+00  2.93227531E-03
 1.16778920E+00  2.90314172E-03
 1.16804888E+00  2.86216341E-03
 1.16826928E+00  2.80707975E-03
 1.16844973E+00  2.73663571E-03
 1.16858601E+00  2.64998962E-03
 1.16867275E+00  2.54776006E-03
 1.16870791E+00  2.43039274E-03
 1.16869201E+00  2.29849388E-03
 1.16863017E+00  2.15532464E-03
 1.16853237E+00  2.00571019E-03
 1.16840753E+00  1.85484157E-03
 1.16826403E+00  1.70812565E-03
 1.16811237E+00  1.56887868E-03
 1.16796231E+00  1.43854735E-03
 1.16782312E+00  1.31978711E-03
 1.16770265E+00  1.21582266E-03
 1.16760199E+00  1.12977289E-03
 1.16751710E+00  1.06540927E-03
 1.16744396E+00  1.02509335E-03
 1.16737876E+00  1.00999022E-03
 1.16732065E+00  1.02245992E-03
 1.16727229E+00  1.06480223E-03
 1.16723310E+00  1.13799147E-03
 1.16720038E+00  1.24182839E-03
 1.16717312E+00  1.37323276E-03
 1.16714956E+00  1.52651260E-03
 1.16712917E+00  1.69619217E-03
 1.16711230E+00  1.87691905E-03
 1.16709387E+00  2.06338681E-03
 1.16706593E+00  2.25130068E-03
 1.16702329E+00  2.43589561E-03
 1.16696305E+00  2.61250035E-03
 1.16688715E+00  2.77882925E-03
 1.16680279E+00  2.93405048E-03
 1.16671515E+00  3.07782187E-03
 1.16662772E+00  3.21015510E-03
 1.16654492E+00  3.32931808E-03
 1.16646951E+00  3.43219494E-03
 1.16640537E+00  3.51736786E-03
 1.16635711E+00  3.58462287E-03
 1.16632460E+00  3.63439354E-03
 1.16630496E+00  3.66853614E-03
 1.16629558E+00  3.68830096E-03
 1.16629390E+00  3.69454213E-03
 1.16630109E+00  3.69003013E-03
 1.16632173E+00  3.67815155E-03
 1.16635755E+00  3.66161222E-03
 1.16640825E+00  3.64242206E-03
 1.16647285E+00  3.61996239E-03
 1.16654803E+00  3.59129506E-03
 1.16663190E+00  3.55420436E-03
 1.16672376E+00  3.50714158E-03
 1.16681977E+00  3.44929710E-03
 1.16691496E+00  3.38137830E-03
 1.16700468E+00  3.30333370E-03
 1.16708418E+00  3.21474647E-03
 1.16715160E+00  3.11706320E-03
 1.16720763E+00  3.01249055E-03
 1.16725151E+00  2.90365871E-03
 1.16728170E+00  2.79351340E-03
 1.16729608E+00  2.68284537E-03
 1.16729108E+00  2.57087206E-03
 1.16726457E+00  2.45806532E-03
 1.16721569E+00  2.34569104E-03
 1.16714263E+00  2.23590360E-03
 1.16704378E+00  2.13223933E-03
 1.16691785E+00  2.03704780E-03
 1.16676362E+00  1.95163526E-03
 1.16658222E+00  1.87802652E-03
 1.16637670E+00  1.81776525E-03
 1.16615020E+00  1.77175132E-03
 1.16590648E+00  1.74021736E-03
 1.16564971E+00  1.72068183E-03
 1.16538401E+00  1.70861254E-03
 1.16511479E+00  1.69981881E-03
 1.16484833E+00  1.69055920E-03
 1.16459031E+00  1.67853572E-03
 1.16434623E+00  1.66351438E-03
 1.16412125E+00  1.64516542E-03
 1.16391964E+00  1.62381164E-03
 1.16374522E+00  1.60233923E-03
 1.16360127E+00  1.58483268E-03
 1.16348997E+00  1.57578458E-03
 1.16341288E+00  1.57918715E-03
 1.16337126E+00  1.59514061E-03
 1.16336574E+00  1.61996445E-03
 1.16339565E+00  1.64911861E-03
 1.16345896E+00  1.67579618E-03
 1.16355206E+00  1.68974799E-03
 1.16366982E+00  1.67941119E-03
 1.16380663E+00  1.63275798E-03
 1.16395651E+00  1.54000208E-03
 1.16411286E+00  1.39976006E-03
 1.16426921E+00  1.21928169E-03
 1.16441956E+00  1.01078756E-03
 1.16455897E+00  7.94578443E-04
 1.16468506E+00  6.01635421E-04
 1.16479758E+00  4.69026877E-04
 1.16489677E+00  4.35072291E-04
 1.16498300E+00  5.32410925E-04
 1.16505583E+00  7.74385078E-04
 1.16511393E+00  1.15300347E-03
 1.16515772E+00  1.64763424E-03
 1.16518903E+00  2.21688915E-03
 1.16520975E+00  2.78950285E-03
 1.16522272E+00  3.27607831E-03
 1.16523058E+00  3.58322915E-03
 1.16523590E+00  3.63048362E-03
 1.16524351E+00  3.38487812E-03
 1.16525925E+00  2.86572742E-03
 1.16528765E+00  2.11916227E-03
 1.16533181E+00  1.23805353E-03
 1.16539178E+00  3.85495878E-04
 1.16546464E+00 -2.37079070E-04
 1.16554796E+00 -4.26358761E-04
 1.16563996E+00 -2.15280001E-05
 1.16573894E+00  1.00424328E-03
 1.16584435E+00  2.53065420E-03
 1.16595447E+00  4.35449432E-03
 1.16606673E+00  6.13666311E-03
 1.16618046E+00  7.34109287E-03
 1.16629568E+00  7.39494833E-03
 1.16641241E+00  5.94429884E-03
 1.16653065E+00  3.09015069E-03
 1.16664771E+00 -2.15348731E-04
 1.16675895E+00 -2.43746345E-03
 1.16686129E+00 -2.50653346E-03
 1.16695295E+00 -1.58544685E-04
 1.16703354E+00  3.61201572E-03
 1.16710475E+00  6.70360914E-03
 1.16716710E+00  7.78126731E-03
 1.16722009E+00  6.60263332E-03
 1.16726420E+00  3.94555538E-03
 1.16729953E+00  1.76949471E-03
 1.16732610E+00  1.14992558E-03
 1.16734385E+00  1.95624337E-03
 1.16735011E+00  3.67276560E-03
 1.16734037E+00  4.98657087E-03
 1.16731059E+00  5.25171881E-03
 1.16725714E+00  4.87800447E-03
 1.16717801E+00  4.16161002E-03
 1.16707317E+00  3.69151364E-03
 1.16694165E+00  3.77289041E-03
 1.16678207E+00  4.00516243E-03
 1.16659402E+00  4.22711388E-03
 1.16637719E+00  4.30479517E-03
 1.16613255E+00  4.11320976E-03
 1.16586234E+00  3.87250023E-03
 1.16556778E+00  3.66463622E-03
 1.16525012E+00  3.46197547E-03
 1.16491221E+00  3.30989804E-03
 1.16455834E+00  3.14343206E-03
 1.16419534E+00  2.93014452E-03
 1.16383248E+00  2.71338371E-03
 1.16347875E+00  2.49027021E-03
 1.16314282E+00  2.27456734E-03
 1.16283328E+00  2.08814297E-03
 1.16255765E+00  1.92424897E-03
 1.16232331E+00  1.78912335E-03
 1.16213698E+00  1.69185555E-03
 1.16200237E+00  1.63190786E-03
 1.16192092E+00  1.61305505E-03
 1.16189277E+00  1.63707865E-03
 1.16191680E+00  1.70190229E-03
 1.16199230E+00  1.80662850E-03
 1.16211854E+00  1.94867762E-03
 1.16229164E+00  2.12208068E-03
 1.16250475E+00  2.31852588E-03
 1.16274859E+00  2.52706544E-03
 1.16301089E+00  2.73438046E-03
 1.16327908E+00  2.92700378E-03
 1.16354059E+00  3.09220880E-03
 1.16378134E+00  3.21835121E-03
 1.16398746E+00  3.29652457E-03
 1.16414628E+00  3.32126439E-03
 1.16424711E+00  3.29223908E-03
 1.16428434E+00  3.21749589E-03
 1.16425690E+00  3.11153263E-03
 1.16416493E+00  2.98967176E-03
 1.16400966E+00  2.86527468E-03
 1.16379203E+00  2.74439395E-03
 1.16351261E+00  2.62424791E-03
 1.16317650E+00  2.50007376E-03
 1.16279294E+00  2.36164576E-03
 1.16237310E+00  2.18692374E-03
 1.16193134E+00  1.94806104E-03
 1.16148258E+00  1.61670774E-03
 1.16104187E+00  1.17057781E-03
 1.16062764E+00  6.10212781E-04
 1.16025921E+00 -4.04493906E-05
 1.15995333E+00 -7.47935102E-04
 1.15972325E+00 -1.46142094E-03
 1.15957491E+00 -2.10487064E-03
 1.15950721E+00 -2.58957552E-03
 1.15951821E+00 -2.82323954E-03
 1.15960542E+00 -2.72682110E-03
 1.15976641E+00 -2.27112779E-03
 1.15999982E+00 -1.48011489E-03
 1.16029887E+00 -4.08130208E-04
 1.16065194E+00  8.40157406E-04
 1.16104704E+00  2.09024747E-03
 1.16146967E+00  3.12862715E-03
 1.16190466E+00  3.73872824E-03
 1.16233658E+00  3.74632925E-03
 1.16274450E+00  3.10895049E-03
 1.16310502E+00  1.93072608E-03
 1.16339876E+00  4.03375447E-04
 1.16361106E+00 -1.13965666E-03
 1.16373590E+00 -2.16005727E-03
 1.16377614E+00 -2.07598840E-03
 1.16373473E+00 -5.26873393E-04
 1.16361441E+00  2.38731342E-03
 1.16341879E+00  5.70695971E-03
 1.16315024E+00  7.88271140E-03
 1.16281668E+00  7.83895847E-03
 1.16243099E+00  5.31808967E-03
 1.16200441E+00  1.33364509E-03
 1.16154930E+00 -1.98114335E-03
 1.16107915E+00 -3.26777250E-03
 1.16060798E+00 -2.27274191E-03
 1.16015661E+00  2.29752185E-04
 1.15974983E+00  2.27280321E-03
 1.15940736E+00  2.77963839E-03
 1.15914344E+00  1.88917852E-03
 1.15896387E+00  1.24177599E-04
 1.15886501E+00 -1.19270399E-03
 1.15884375E+00 -1.41328803E-03
 1.15889784E+00 -9.56741190E-04
 1.15902296E+00 -1.29001630E-04
 1.15921561E+00  4.68475952E-04
 1.15946732E+00  5.19125760E-04
 1.15976490E+00  4.18689722E-04
 1.16009822E+00  3.25009488E-04
 1.16045729E+00  3.70607298E-04
 1.16083053E+00  6.78473213E-04
 1.16120553E+00  1.02218457E-03
 1.16156293E+00  1.31048531E-03
 1.16187884E+00  1.55975476E-03
 1.16213489E+00  1.71769645E-03
 1.16231851E+00  1.84886929E-03
 1.16242477E+00  1.99011630E-03
 1.16245769E+00  2.10816038E-03
 1.16242027E+00  2.21550500E-03
 1.16231385E+00  2.30617868E-03
 1.16214173E+00  2.36810036E-03
 1.16190590E+00  2.41699008E-03
 1.16161171E+00  2.45554210E-03
 1.16126746E+00  2.48298146E-03
 1.16087627E+00  2.50079374E-03
 1.16043950E+00  2.50086657E-03
 1.15996107E+00  2.47743335E-03
 1.15944785E+00  2.42934820E-03
 1.15891695E+00  2.35982523E-03
 1.15839465E+00  2.27920460E-03
 1.15790552E+00  2.19696074E-03
 1.15747377E+00  2.12181317E-03
 1.15712452E+00  2.06507915E-03
 1.15687918E+00  2.03723310E-03
 1.15675892E+00  2.05007894E-03
 1.15678069E+00  2.11476791E-03
 1.15694517E+00  2.23297035E-03
 1.15723712E+00  2.39805208E-03
 1.15762717E+00  2.59868932E-03
 1.15806607E+00  2.81561069E-03
 1.15848379E+00  3.02192770E-03
 1.15879720E+00  3.18656839E-03
 1.15892202E+00  3.27577443E-03
 1.15878742E+00  3.25952409E-03
 1.15835847E+00  3.12282144E-03
 1.15764394E+00  2.86710172E-03
 1.15668617E+00  2.50539944E-03
 1.15557899E+00  2.06935078E-03
 1.15449102E+00  1.61597090E-03
 1.15363976E+00  1.21858998E-03
 1.15324762E+00  9.54090142E-04
 1.15350342E+00  8.88525791E-04
 1.15448832E+00  1.04938851E-03
 1.15616003E+00  1.42136982E-03
 1.15841334E+00  1.96796347E-03
 1.16103352E+00  2.61516570E-03
 1.16363287E+00  3.23106509E-03
 1.16572161E+00  3.65351448E-03
 1.16678795E+00  3.72262483E-03
 1.16639155E+00  3.31887810E-03
 1.16436801E+00  2.44156814E-03
 1.16085124E+00  1.21596229E-03
 1.15611560E+00 -1.71398130E-04
 1.15068740E+00 -1.43435460E-03
 1.14547264E+00 -2.14378284E-03
 1.14157770E+00 -1.86569342E-03
 1.14012329E+00 -3.66575470E-04
 1.14199831E+00  2.18382512E-03
 1.14734434E+00  4.87084487E-03
 1.15548887E+00  6.28615952E-03
 1.16529717E+00  5.44963884E-03
 1.17487875E+00  2.13253418E-03
 1.18126144E+00 -2.70066810E-03
 1.18127510E+00 -7.01319706E-03
 1.17296009E+00 -9.33492174E-03
 1.15687612E+00 -9.01804158E-03
 1.13829089E+00 -6.15368934E-03
 1.12569263E+00 -1.93498879E-03
 1.12499955E+00  2.69876388E-03
 1.13767192E+00  6.98675060E-03
 1.15819981E+00  9.13458389E-03
 1.17494591E+00  7.46877593E-03
 1.18051811E+00  1.54735281E-03
 1.17357589E+00 -6.96027915E-03
 1.15843787E+00 -1.16890555E-02
 1.14597200E+00 -6.66907205E-03
 1.14214889E+00  7.50576247E-04
 1.14625815E+00 -1.10583764E-03
 1.15545002E+00 -4.99908926E-03
 1.16245293E+00  1.53124673E-03
 1.16369382E+00  9.77880046E-03
 1.16145085E+00  7.31141898E-03
 1.15737532E+00  5.52437234E-04
 1.15474419E+00 -1.38732319E-03
 1.15525711E+00 -8.32947596E-04
 1.15669825E+00 -2.47249631E-04
 1.15817612E+00  1.73057751E-03
 1.15894591E+00  3.74793248E-03
 1.15831137E+00  4.13452585E-03
 1.15748809E+00  3.47549962E-03
 1.15692100E+00  2.38007713E-03
 1.15644416E+00  1.61589867E-03
 1.15629377E+00  1.57223523E-03
 1.15609135E+00  1.72500167E-03
 1.15563866E+00  1.86792898E-03
 1.15515716E+00  1.82120946E-03
 1.15460925E+00  1.42151609E-03
 1.15404769E+00  9.78980782E-04
 1.15356853E+00  6.14129030E-04
 1.15310810E+00  2.98760255E-04
 1.15267790E+00  1.01777824E-04
 1.15230971E+00 -6.29319885E-05
 1.15198686E+00 -2.41963708E-04
 1.15172302E+00 -3.83631716E-04
 1.15152553E+00 -5.00401562E-04
 1.15138542E+00 -5.82288210E-04
 1.15130764E+00 -6.08879152E-04
 1.15129588E+00 -5.98071961E-04
 1.15134658E+00 -5.51945470E-04
 1.15145659E+00 -4.69724981E-04
 1.15162099E+00 -3.60731418E-04
 1.15183213E+00 -2.26639880E-04
 1.15208309E+00 -7.08554314E-05
 1.15236652E+00  9.91469134E-05
 1.15267034E+00  2.75253478E-04
 1.15298040E+00  4.46611468E-04
 1.15328487E+00  6.03930312E-04
 1.15357454E+00  7.41393037E-04
 1.15384593E+00  8.57412241E-04
 1.15410128E+00  9.55048916E-04
 1.15434176E+00  1.03674161E-03
 1.15456731E+00  1.10377972E-03
 1.15477745E+00  1.15746993E-03
 1.15496945E+00  1.19757975E-03
 1.15514307E+00  1.22572571E-03
 1.15530001E+00  1.24498314E-03
 1.15543875E+00  1.25550112E-03
 1.15555703E+00  1.25633288E-03
 1.15565324E+00  1.24665953E-03
 1.15572668E+00  1.22575120E-03
 1.15578311E+00  1.19703914E-03
 1.15583166E+00  1.16700127E-03
 1.15587408E+00  1.13938273E-03
 1.15590277E+00  1.11559214E-03
 1.15589674E+00  1.09438981E-03
 1.15582855E+00  1.07090614E-03
 1.15569346E+00  1.04187770E-03
 1.15552192E+00  1.00563572E-03
 1.15539188E+00  9.59049731E-04
 1.15540329E+00  8.99656702E-04
 1.15558436E+00  8.24876808E-04
 1.15584633E+00  7.32053765E-04
 1.15593580E+00  6.22674529E-04
 1.15550968E+00  5.01079624E-04
 1.15442821E+00  3.71104932E-04
 1.15288448E+00  2.36262445E-04
 1.15153767E+00  9.75000851E-05
 1.15133793E+00 -4.69539232E-05
 1.15273728E+00 -1.96667027E-04
 1.15537407E+00 -3.49603750E-04
 1.15778406E+00 -5.03897154E-04
 1.15778183E+00 -6.56419433E-04
 1.15437660E+00 -8.05209382E-04
 1.14850330E+00 -9.49411956E-04
 1.14360965E+00 -1.08566308E-03
 1.14456749E+00 -1.20965157E-03
 1.15273543E+00 -1.31803587E-03
 1.16388502E+00 -1.40803156E-03
 1.16643249E+00 -1.47957289E-03
 1.15068798E+00 -1.53516561E-03
 1.13488682E+00 -1.57633080E-03
 1.14579617E+00 -1.60395274E-03
 1.16526341E+00 -1.61878048E-03
 1.16059749E+00 -1.62042876E-03
 1.14686937E+00 -1.60946621E-03
 1.14959495E+00 -1.58719463E-03
 1.15703917E+00 -1.55329586E-03
 1.15540442E+00 -1.50689838E-03
 1.15274107E+00 -1.44719877E-03
 1.15411200E+00 -1.37337323E-03
 1.15515569E+00 -1.28663532E-03
 1.15484224E+00 -1.18991895E-03
 1.15489284E+00 -1.08549310E-03
 1.15524192E+00 -9.75474337E-04
 1.15542377E+00 -8.62034158E-04
 1.15555833E+00 -7.46762089E-04
 1.15571816E+00 -6.32229440E-04
 1.15586233E+00 -5.21667852E-04
 1.15598836E+00 -4.17147552E-04
 1.15610410E+00 -3.20318909E-04
 1.15620962E+00 -2.32909560E-04
 1.15630494E+00 -1.56377950E-04
 1.15638726E+00 -9.29242362E-05
 1.15645072E+00 -4.52987414E-05
 1.15649105E+00 -1.52820999E-05
 1.15650524E+00 -3.93131716E-06
 1.15649126E+00 -1.18206805E-05
 1.15644937E+00 -3.84800148E-05
 1.15637959E+00 -8.29003552E-05
 1.15628217E+00 -1.43339104E-04
 1.15616088E+00 -2.16281690E-04
 1.15602141E+00 -2.96932608E-04
 1.15587017E+00 -3.80040465E-04
 1.15571397E+00 -4.60031398E-04
 1.15555687E+00 -5.31880960E-04
 1.15540040E+00 -5.91365698E-04
 1.15524742E+00 -6.34122864E-04
 1.15510104E+00 -6.56240683E-04
 1.15496378E+00 -6.55179507E-04
 1.15483857E+00 -6.29329013E-04
 1.15472619E+00 -5.77984065E-04
 1.15462573E+00 -5.01094150E-04
 1.15453772E+00 -3.97894495E-04
 1.15446252E+00 -2.67367854E-04
 1.15439837E+00 -1.10057419E-04
 1.15434163E+00  7.21480102E-05
 1.15428479E+00  2.76012904E-04
 1.15421678E+00  4.96657224E-04
 1.15412696E+00  7.29226352E-04
 1.15400502E+00  9.68845675E-04
 1.15384082E+00  1.20946065E-03
 1.15362591E+00  1.44487075E-03
 1.15335209E+00  1.66935196E-03
 1.15301243E+00  1.87800847E-03
 1.15260475E+00  2.06855278E-03
 1.15213044E+00  2.24091325E-03
 1.15159258E+00  2.39498569E-03
 1.15099572E+00  2.53051499E-03
 1.15034317E+00  2.64642190E-03
 1.14963741E+00  2.74046537E-03
 1.14888514E+00  2.81182316E-03
 1.14809663E+00  2.86071856E-03
 1.14728458E+00  2.88675878E-03
 1.14646518E+00  2.88991479E-03
 1.14565457E+00  2.86998007E-03
 1.14486872E+00  2.82669139E-03
 1.14412662E+00  2.76217365E-03
 1.14344771E+00  2.67999124E-03
 1.14284958E+00  2.58267883E-03
 1.14234719E+00  2.47190267E-03
 1.14194886E+00  2.34749888E-03
 1.14165679E+00  2.20731350E-03
 1.14147240E+00  2.05033611E-03
 1.14139645E+00  1.87668033E-03
 1.14142977E+00  1.68661018E-03
 1.14157412E+00  1.48163651E-03
 1.14182617E+00  1.26329822E-03
 1.14217804E+00  1.03338514E-03
 1.14262109E+00  7.96375130E-04
 1.14314397E+00  5.58436161E-04
 1.14373441E+00  3.25926642E-04
 1.14437961E+00  1.05271637E-04
 1.14506163E+00 -9.90554816E-05
 1.14575996E+00 -2.84480222E-04
 1.14645687E+00 -4.47378384E-04
 1.14713792E+00 -5.83701040E-04
 1.14779537E+00 -6.89878864E-04
 1.14842833E+00 -7.62076141E-04
 1.14903524E+00 -7.98025857E-04
 1.14961358E+00 -7.96910132E-04
 1.15016059E+00 -7.57061824E-04
 1.15067148E+00 -6.77187819E-04
 1.15114530E+00 -5.57819034E-04
 1.15158441E+00 -4.01197781E-04
 1.15198885E+00 -2.12874451E-04
 1.15235892E+00 -1.42980691E-06
 1.15269534E+00  2.24517465E-04
 1.15299908E+00  4.56385570E-04
 1.15327719E+00  6.85655710E-04
 1.15354051E+00  9.04983768E-04
 1.15379614E+00  1.10675650E-03
 1.15404746E+00  1.28384896E-03
 1.15429217E+00  1.43224021E-03
 1.15452154E+00  1.55009373E-03
 1.15472892E+00  1.63671453E-03
 1.15491005E+00  1.69243054E-03
 1.15506036E+00  1.71630584E-03
 1.15517781E+00  1.70671412E-03
 1.15525925E+00  1.66515005E-03
 1.15530091E+00  1.59585181E-03
 1.15530523E+00  1.50531917E-03
 1.15527813E+00  1.40289467E-03
 1.15522548E+00  1.29745213E-03
 1.15515294E+00  1.19705534E-03
 1.15506022E+00  1.11089884E-03
 1.15494187E+00  1.04718601E-03
 1.15479595E+00  1.01191767E-03
 1.15462287E+00  1.00796823E-03
 1.15442404E+00  1.03135641E-03
 1.15420432E+00  1.07265580E-03
 1.15396693E+00  1.12264065E-03
 1.15371451E+00  1.17364080E-03
 1.15345621E+00  1.22264725E-03
 1.15320519E+00  1.27271376E-03
 1.15297673E+00  1.32705453E-03
 1.15278971E+00  1.39123592E-03
 1.15266318E+00  1.47840939E-03
 1.15261479E+00  1.60499923E-03
 1.15266203E+00  1.78761469E-03
 1.15281784E+00  2.03929782E-03
 1.15308517E+00  2.35816007E-03
 1.15345561E+00  2.72747595E-03
 1.15390810E+00  3.12535345E-03
 1.15440451E+00  3.51992750E-03
 1.15488635E+00  3.86509118E-03
 1.15528126E+00  4.10807132E-03
 1.15551776E+00  4.19318274E-03
 1.15553743E+00  4.07177686E-03
 1.15531380E+00  3.72444686E-03
 1.15485955E+00  3.16234144E-03
 1.15421366E+00  2.41414597E-03
 1.15345623E+00  1.53768297E-03
 1.15273040E+00  6.30093552E-04
 1.15221876E+00 -1.87086837E-04
 1.15210722E+00 -7.82424065E-04
 1.15255252E+00 -1.03703022E-03
 1.15361597E+00 -8.90717243E-04
 1.15525079E+00 -3.51690185E-04
 1.15735446E+00  5.25494332E-04
 1.15972824E+00  1.60645325E-03
 1.16202447E+00  2.63860634E-03
 1.16380821E+00  3.30834573E-03
 1.16462644E+00  3.33726718E-03
 1.16409024E+00  2.56618339E-03
 1.16205222E+00  1.10619518E-03
 1.15862744E+00 -6.81762172E-04
 1.15406030E+00 -2.42327276E-03
 1.14882305E+00 -3.72325238E-03
 1.14372876E+00 -4.15093978E-03
 1.13977377E+00 -3.39467110E-03
 1.13796734E+00 -1.26111617E-03
 1.13911370E+00  2.12321820E-03
 1.14335971E+00  5.86589791E-03
 1.15013280E+00  8.56911796E-03
 1.15845208E+00  9.04995334E-03
 1.16666796E+00  6.57208750E-03
 1.17216819E+00  1.34260971E-03
 1.17215849E+00 -5.24987418E-03
 1.16490855E+00 -1.13161086E-02
 1.15090588E+00 -1.40432034E-02
 1.13478937E+00 -8.85332239E-03
 1.12403801E+00  5.65942319E-03
 1.12385831E+00  1.81808846E-02
 1.13552199E+00  1.48574089E-02
 1.15415558E+00  4.68564625E-03
 1.16948059E+00  5.21828374E-03
 1.17495973E+00  9.30204798E-03
 1.16938885E+00  3.61058689E-03
 1.15654404E+00 -4.74365225E-03
 1.14597130E+00 -7.04498795E-03
 1.14290674E+00 -5.92235472E-03
 1.14670652E+00 -2.78712490E-03
 1.15485697E+00  3.02222423E-03
 1.16096215E+00  8.45486994E-03
 1.16188584E+00  1.04466750E-02
 1.15964758E+00  8.23152142E-03
 1.15571283E+00  3.31235503E-03
 1.15297526E+00 -7.89692132E-04
 1.15294744E+00 -2.24023475E-03
 1.15369897E+00 -1.13523418E-03
 1.15446363E+00  1.66707237E-03
 1.15460636E+00  3.74539333E-03
 1.15353403E+00  3.96126283E-03
 1.15233676E+00  3.05099196E-03
 1.15143584E+00  1.53332083E-03
 1.15071909E+00  5.01112509E-04
 1.15041962E+00  5.12894172E-04
 1.15021961E+00  8.48066710E-04
 1.14994464E+00  1.22733442E-03
 1.14977378E+00  1.40780912E-03
 1.14965869E+00  1.16275666E-03
 1.14963192E+00  8.90489092E-04
 1.14976155E+00  7.36805162E-04
 1.14997780E+00  6.50447930E-04
 1.15027075E+00  7.09197880E-04
 1.15064372E+00  7.87566167E-04
 1.15106648E+00  8.15878699E-04
 1.15153949E+00  8.57621457E-04
 1.15205691E+00  8.92186973E-04
 1.15259827E+00  9.28902483E-04
 1.15314367E+00  9.90239323E-04
 1.15366390E+00  1.04747106E-03
 1.15413408E+00  1.09645140E-03
 1.15453969E+00  1.14038420E-03
 1.15487537E+00  1.17089103E-03
 1.15514729E+00  1.19261727E-03
 1.15535994E+00  1.20869191E-03
 1.15551467E+00  1.21740515E-03
 1.15561533E+00  1.21983582E-03
 1.15566377E+00  1.21499416E-03
 1.15566607E+00  1.20251918E-03
 1.15563217E+00  1.18453492E-03
 1.15556450E+00  1.16332020E-03
 1.15546205E+00  1.14224746E-03
 1.15532557E+00  1.12448519E-03
 1.15515695E+00  1.11264263E-03
 1.15496770E+00  1.11084046E-03
 1.15477707E+00  1.12361310E-03
 1.15459765E+00  1.15466322E-03
 1.15443618E+00  1.20680275E-03
 1.15429407E+00  1.28016467E-03
 1.15416457E+00  1.37243370E-03
 1.15404446E+00  1.48149258E-03
 1.15393424E+00  1.60535367E-03
 1.15383056E+00  1.74227394E-03
 1.15373104E+00  1.89133807E-03
 1.15363302E+00  2.05022167E-03
 1.15353344E+00  2.21547584E-03
 1.15343834E+00  2.38440802E-03
 1.15336004E+00  2.55418636E-03
 1.15330911E+00  2.72199404E-03
 1.15329481E+00  2.88511897E-03
 1.15332009E+00  3.03894286E-03
 1.15338121E+00  3.17772261E-03
 1.15347911E+00  3.29698421E-03
 1.15361815E+00  3.39343651E-03
 1.15380207E+00  3.46568003E-03
 1.15403707E+00  3.51452981E-03
 1.15432576E+00  3.54048263E-03
 1.15466698E+00  3.54379341E-03
 1.15506368E+00  3.52551777E-03
 1.15551918E+00  3.48670521E-03
 1.15603311E+00  3.42948922E-03
 1.15660205E+00  3.35708701E-03
 1.15721394E+00  3.27191202E-03
 1.15784904E+00  3.17620366E-03
 1.15848885E+00  3.07276596E-03
 1.15911602E+00  2.96470805E-03
 1.15971481E+00  2.85659152E-03
 1.16027358E+00  2.75406309E-03
 1.16077890E+00  2.66165422E-03
 1.16121696E+00  2.58273768E-03
 1.16158016E+00  2.51940681E-03
 1.16186439E+00  2.47206209E-03
 1.16206824E+00  2.44123525E-03
 1.16219305E+00  2.42768338E-03
 1.16223640E+00  2.43146063E-03
 1.16219401E+00  2.45250403E-03
 1.16206803E+00  2.48987977E-03
 1.16186602E+00  2.54172659E-03
 1.16160136E+00  2.60669037E-03
 1.16129444E+00  2.68347124E-03
 1.16096492E+00  2.77025225E-03
 1.16063159E+00  2.86489011E-03
 1.16031662E+00  2.96401863E-03
 1.16004150E+00  3.06329388E-03
 1.15982630E+00  3.15901308E-03
 1.15968843E+00  3.24807632E-03
 1.15963528E+00  3.32799510E-03
 1.15966591E+00  3.39791182E-03
 1.15977834E+00  3.45876126E-03
 1.15996960E+00  3.51428234E-03
 1.16023920E+00  3.57315666E-03
 1.16058961E+00  3.64466339E-03
 1.16101610E+00  3.72875786E-03
 1.16150786E+00  3.81000167E-03
 1.16205284E+00  3.84866634E-03
 1.16263470E+00  3.79475222E-03
 1.16323732E+00  3.63288893E-03
 1.16384503E+00  3.40413791E-03
 1.16443488E+00  3.23269723E-03
 1.16498107E+00  3.28874684E-03
 1.16546198E+00  3.64402395E-03
 1.16586079E+00  4.20980074E-03
 1.16617146E+00  4.67138194E-03
 1.16639854E+00  4.57170309E-03
 1.16654579E+00  3.69465712E-03
 1.16661607E+00  2.21598917E-03
 1.16661199E+00  8.39792120E-04
 1.16653331E+00  6.17154707E-04
 1.16638578E+00  2.02552881E-03
 1.16618022E+00  4.61818160E-03
 1.16592421E+00  6.74649501E-03
 1.16562580E+00  6.08054668E-03
 1.16529366E+00  1.97453381E-03
 1.16493669E+00 -3.53837841E-03
 1.16457248E+00 -4.90025121E-03
 1.16422408E+00  2.53520403E-03
 1.16390895E+00  1.00211264E-02
 1.16363911E+00  4.71901912E-03
 1.16341829E+00 -4.66442380E-03
 1.16324053E+00 -2.44833587E-03
 1.16310204E+00  4.13792013E-03
 1.16300132E+00  2.85424872E-03
 1.16293481E+00 -6.69286285E-04
 1.16290075E+00  1.87926811E-04
 1.16289398E+00  1.56624561E-03
 1.16290636E+00  1.03820371E-03
 1.16293585E+00  6.93543253E-04
 1.16298324E+00  1.02097892E-03
 1.16304802E+00  1.19087035E-03
 1.16312894E+00  1.23131645E-03
 1.16321729E+00  1.36210526E-03
 1.16329845E+00  1.52323445E-03
 1.16336316E+00  1.67650880E-03
 1.16340697E+00  1.83773205E-03
 1.16342974E+00  2.00719966E-03
 1.16343790E+00  2.18173194E-03
 1.16343546E+00  2.36136739E-03
 1.16342380E+00  2.54571537E-03
 1.16340781E+00  2.73288429E-03
 1.16339208E+00  2.91979547E-03
 1.16338189E+00  3.10408930E-03
 1.16338335E+00  3.28378151E-03
 1.16339606E+00  3.45658395E-03
 1.16341518E+00  3.62054711E-03
 1.16343742E+00  3.77317680E-03
 1.16346052E+00  3.91165770E-03
 1.16348671E+00  4.03460857E-03
 1.16352289E+00  4.14139860E-03
 1.16357192E+00  4.23097595E-03
 1.16363328E+00  4.30208810E-03
 1.16370579E+00  4.35247475E-03
 1.16378531E+00  4.37892297E-03
 1.16386934E+00  4.37922246E-03
 1.16395730E+00  4.35208695E-03
 1.16404474E+00  4.29670131E-03
 1.16412606E+00  4.21344886E-03
 1.16419659E+00  4.10323808E-03
 1.16425211E+00  3.96773161E-03
 1.16429302E+00  3.81084321E-03
 1.16432371E+00  3.63808142E-03
 1.16434699E+00  3.45545184E-03
 1.16436450E+00  3.26927052E-03
 1.16437647E+00  3.08484225E-03
 1.16438052E+00  2.90631074E-03
 1.16437638E+00  2.73837330E-03
 1.16436559E+00  2.58565262E-03
 1.16434813E+00  2.45172908E-03
 1.16432422E+00  2.33971586E-03
 1.16429357E+00  2.25160103E-03
 1.16425513E+00  2.18847731E-03
 1.16421091E+00  2.15235889E-03
 1.16416481E+00  2.14539624E-03
 1.16411950E+00  2.16804397E-03
 1.16407708E+00  2.21924203E-03
 1.16403797E+00  2.29580784E-03
 1.16400046E+00  2.39232025E-03
 1.16396421E+00  2.50341648E-03
 1.16392989E+00  2.62377209E-03
 1.16389759E+00  2.74726627E-03
 1.16386801E+00  2.86811342E-03
 1.16384133E+00  2.98074061E-03
 1.16381710E+00  3.08029472E-03
 1.16379650E+00  3.16486145E-03
 1.16378153E+00  3.23480176E-03
 1.16377376E+00  3.29071125E-03
 1.16377459E+00  3.33324325E-03
 1.16378413E+00  3.36171709E-03
 1.16380104E+00  3.37403266E-03
 1.16382452E+00  3.36987846E-03
 1.16385388E+00  3.35025110E-03
 1.16388797E+00  3.31600746E-03
 1.16392574E+00  3.26889322E-03
 1.16396549E+00  3.21022522E-03
 1.16400492E+00  3.14105054E-03
 1.16404267E+00  3.06491078E-03
 1.16407781E+00  2.98654824E-03
 1.16410928E+00  2.90952455E-03
 1.16413623E+00  2.83628610E-03
 1.16415760E+00  2.76655110E-03
 1.16417207E+00  2.69732920E-03
 1.16417898E+00  2.62657057E-03
 1.16417806E+00  2.55312716E-03
 1.16416893E+00  2.47610787E-03
 1.16415152E+00  2.39599377E-03
 1.16412607E+00  2.31262486E-03
 1.16409312E+00  2.22552862E-03
 1.16405413E+00  2.13669176E-03
 1.16401124E+00  2.04935456E-03
 1.16396663E+00  1.96692484E-03
 1.16392252E+00  1.89290076E-03
 1.16388115E+00  1.82831785E-03
 1.16384439E+00  1.77215941E-03
 1.16381407E+00  1.72479339E-03
 1.16379164E+00  1.68742522E-03
 1.16377754E+00  1.66171139E-03
 1.16377141E+00  1.65053238E-03
 1.16377257E+00  1.65543530E-03
 1.16378014E+00  1.67682823E-03
 1.16379362E+00  1.71637190E-03
 1.16381285E+00  1.77567623E-03
 1.16383688E+00  1.85561141E-03
 1.16386419E+00  1.95646867E-03
 1.16389308E+00  2.07592402E-03
 1.16392129E+00  2.20938226E-03
 1.16394672E+00  2.35238870E-03
 1.16396727E+00  2.50031959E-03
 1.16398008E+00  2.64850307E-03
 1.16398195E+00  2.79276914E-03
 1.16397019E+00  2.92753373E-03
 1.16394264E+00  3.04604509E-03
 1.16389839E+00  3.14194253E-03
 1.16383778E+00  3.20894775E-03
 1.16376109E+00  3.24190360E-03
 1.16366853E+00  3.23760247E-03
 1.16356037E+00  3.19417440E-03
 1.16343661E+00  3.11228086E-03
 1.16329798E+00  2.99667879E-03
 1.16314583E+00  2.85703520E-03
 1.16298116E+00  2.70974754E-03
 1.16280508E+00  2.57630105E-03
 1.16261887E+00  2.47762905E-03
 1.16242392E+00  2.43129396E-03
 1.16222274E+00  2.44738106E-03
 1.16201857E+00  2.52588346E-03
 1.16181413E+00  2.66037705E-03
 1.16161171E+00  2.83404044E-03
 1.16141283E+00  3.01258156E-03
 1.16121816E+00  3.15050586E-03
 1.16102873E+00  3.20099754E-03
 1.16084603E+00  3.12380492E-03
 1.16067145E+00  2.90238369E-03
 1.16050671E+00  2.54685599E-03
 1.16035341E+00  2.07901629E-03
 1.16021301E+00  1.54239032E-03
 1.16008786E+00  1.01569323E-03
 1.15998085E+00  5.97579024E-04
 1.15989473E+00  3.91767919E-04
 1.15983219E+00  4.87583809E-04
 1.15979499E+00  9.15954853E-04
 1.15978409E+00  1.64573898E-03
 1.15980088E+00  2.61706779E-03
 1.15984698E+00  3.71824277E-03
 1.15992403E+00  4.76075452E-03
 1.16003394E+00  5.51624385E-03
 1.16017791E+00  5.75322579E-03
 1.16035641E+00  5.28830389E-03
 1.16056998E+00  4.09288423E-03
 1.16081866E+00  2.30670068E-03
 1.16110179E+00  1.66574447E-04
 1.16141793E+00 -1.93286426E-03
 1.16176407E+00 -3.37277629E-03
 1.16213585E+00 -3.49290569E-03
 1.16252864E+00 -1.88429175E-03
 1.16293764E+00  1.33896077E-03
 1.16335821E+00  5.08685260E-03
 1.16378620E+00  7.60161634E-03
 1.16421702E+00  7.65810948E-03
 1.16464591E+00  4.95573906E-03
 1.16506889E+00  6.39235976E-04
 1.16548233E+00 -2.87643181E-03
 1.16588299E+00 -4.05725597E-03
 1.16626790E+00 -2.62517151E-03
 1.16663327E+00  5.22855246E-04
 1.16697489E+00  3.13059520E-03
 1.16728947E+00  3.95752640E-03
 1.16757453E+00  3.14912599E-03
 1.16782853E+00  1.29550807E-03
 1.16805110E+00 -9.53136681E-05
 1.16824181E+00 -2.83332331E-04
 1.16840022E+00  2.56754903E-04
 1.16852677E+00  1.17918974E-03
 1.16862210E+00  1.79994063E-03
 1.16868694E+00  1.76317927E-03
 1.16872196E+00  1.52661706E-03
 1.16872660E+00  1.27407694E-03
 1.16869947E+00  1.16020351E-03
 1.16863979E+00  1.32932856E-03
 1.16854749E+00  1.52863608E-03
 1.16842386E+00  1.66567164E-03
 1.16827183E+00  1.77465515E-03
 1.16809437E+00  1.80683859E-03
 1.16789493E+00  1.84156651E-03
 1.16767843E+00  1.92009299E-03
 1.16745062E+00  1.99628827E-03
 1.16721805E+00  2.07808636E-03
 1.16698778E+00  2.15487170E-03
 1.16676544E+00  2.20808302E-03
 1.16655565E+00  2.25313859E-03
 1.16636361E+00  2.28921259E-03
 1.16619460E+00  2.31064442E-03
 1.16605393E+00  2.32124132E-03
 1.16594726E+00  2.31766128E-03
 1.16587880E+00  2.29829765E-03
 1.16585156E+00  2.26542887E-03
 1.16586855E+00  2.21826800E-03
 1.16593186E+00  2.15660692E-03
 1.16604191E+00  2.08178721E-03
 1.16619742E+00  1.99515413E-03
 1.16639395E+00  1.89954896E-03
 1.16662432E+00  1.79915512E-03
 1.16688079E+00  1.69793094E-03
 1.16715527E+00  1.59981754E-03
 1.16743985E+00  1.50887485E-03
 1.16772758E+00  1.42871351E-03
 1.16801119E+00  1.36293708E-03
 1.16828390E+00  1.31486290E-03
 1.16854160E+00  1.28642164E-03
 1.16878198E+00  1.27849133E-03
 1.16900357E+00  1.29146460E-03
 1.16920544E+00  1.32526965E-03
 1.16938476E+00  1.38018708E-03
 1.16953739E+00  1.45666936E-03
 1.16966144E+00  1.55377329E-03
 1.16975683E+00  1.66929227E-03
 1.16982470E+00  1.80004209E-03
 1.16986824E+00  1.94156213E-03
 1.16989018E+00  2.08931045E-03
 1.16989293E+00  2.23876641E-03
 1.16988138E+00  2.38454961E-03
 1.16986111E+00  2.52121724E-03
 1.16983679E+00  2.64383805E-03
 1.16981192E+00  2.74828620E-03
 1.16978619E+00  2.83261508E-03
 1.16975597E+00  2.89681066E-03
 1.16971849E+00  2.94110070E-03
 1.16967201E+00  2.96586459E-03
 1.16961618E+00  2.97111007E-03
 1.16955314E+00  2.95629110E-03
 1.16948396E+00  2.92243434E-03
 1.16940931E+00  2.87191921E-03
 1.16933260E+00  2.80728510E-03
 1.16925834E+00  2.73189763E-03
 1.16919180E+00  2.64915827E-03
 1.16913862E+00  2.56243230E-03
 1.16910088E+00  2.47674792E-03
 1.16907803E+00  2.39785022E-03
 1.16907121E+00  2.33041775E-03
 1.16908246E+00  2.27790864E-03
 1.16911502E+00  2.24129855E-03
 1.16917394E+00  2.21907769E-03
 1.16926204E+00  2.20989432E-03
 1.16938015E+00  2.21261801E-03
 1.16952993E+00  2.22608663E-03
 1.16971189E+00  2.24975661E-03
 1.16992507E+00  2.28172601E-03
 1.17016696E+00  2.31893814E-03
 1.17043019E+00  2.35916891E-03
 1.17070360E+00  2.40017854E-03
 1.17097598E+00  2.43962453E-03
 1.17123628E+00  2.47518569E-03
 1.17147495E+00  2.50263956E-03
 1.17168502E+00  2.51664090E-03
 1.17185870E+00  2.51336215E-03
 1.17198856E+00  2.49050821E-03
 1.17207061E+00  2.44800064E-03
 1.17210286E+00  2.38832680E-03
 1.17208541E+00  2.31378457E-03
 1.17202016E+00  2.22646417E-03
 1.17190700E+00  2.12930018E-03
 1.17174503E+00  2.02520321E-03
 1.17153719E+00  1.91833861E-03
 1.17128965E+00  1.81408265E-03
 1.17101222E+00  1.71689472E-03
 1.17071893E+00  1.63099847E-03
 1.17042343E+00  1.56106467E-03
 1.17013896E+00  1.51190520E-03
 1.16988081E+00  1.48981641E-03
 1.16966379E+00  1.50202393E-03
 1.16950159E+00  1.55404793E-03
 1.16940589E+00  1.64955141E-03
 1.16938180E+00  1.78999417E-03
 1.16942888E+00  1.97413983E-03
 1.16954580E+00  2.20030887E-03
 1.16973037E+00  2.46644158E-03
 1.16998165E+00  2.76902014E-03
 1.17030023E+00  3.10370974E-03
 1.17068185E+00  3.46418218E-03
 1.17111814E+00  3.84201347E-03
 1.17159973E+00  4.22842650E-03
 1.17211440E+00  4.61384644E-03
 1.17264981E+00  4.98771266E-03
 1.17319369E+00  5.33898898E-03
 1.17372907E+00  5.65532030E-03
 1.17423704E+00  5.92381787E-03
 1.17470153E+00  6.13329208E-03
 1.17510972E+00  6.27484381E-03
 1.17545602E+00  6.34290417E-03
 1.17574193E+00  6.33548826E-03
 1.17596867E+00  6.25177278E-03
 1.17613708E+00  6.09185939E-03
 1.17624809E+00  5.85696803E-03
 1.17630106E+00  5.54912766E-03
 1.17629968E+00  5.17382860E-03
 1.17625152E+00  4.74003240E-03
 1.17616253E+00  4.25835882E-03
 1.17603948E+00  3.74177587E-03
 1.17588981E+00  3.20448250E-03
 1.17572123E+00  2.66136677E-03
 1.17554723E+00  2.12972487E-03
 1.17538472E+00  1.62763001E-03
 1.17524685E+00  1.17117605E-03
 1.17514289E+00  7.73533565E-04
 1.17507587E+00  4.42398297E-04
 1.17504190E+00  1.80106819E-04
 1.17503821E+00 -1.19833460E-05
 1.17506338E+00 -1.33059278E-04
 1.17511491E+00 -1.82313902E-04
 1.17519167E+00 -1.58366617E-04
 1.17528963E+00 -6.42927107E-05
 1.17540221E+00  9.27343580E-05
 1.17552650E+00  3.04726203E-04
 1.17566092E+00  5.61270487E-04
 1.17580308E+00  8.51166487E-04
 1.17595014E+00  1.16276395E-03
 1.17609378E+00  1.47986459E-03
 1.17622166E+00  1.78421575E-03
 1.17632541E+00  2.06055889E-03
 1.17640040E+00  2.29734688E-03
 1.17644613E+00  2.49012872E-03
 1.17646764E+00  2.64155539E-03
 1.17646840E+00  2.75402290E-03
 1.17645015E+00  2.82925221E-03
 1.17641674E+00  2.86871894E-03
 1.17637147E+00  2.87194189E-03
 1.17631880E+00  2.84241954E-03
 1.17626430E+00  2.78699991E-03
 1.17620894E+00  2.71023112E-03
 1.17615090E+00  2.61690354E-03
 1.17608935E+00  2.51211816E-03
 1.17602418E+00  2.40112454E-03
 1.17595929E+00  2.29530452E-03
 1.17590231E+00  2.20978639E-03
 1.17585761E+00  2.15555985E-03
 1.17582672E+00  2.13949298E-03
 1.17580975E+00  2.16218683E-03
 1.17580371E+00  2.21709441E-03
 1.17580700E+00  2.29919720E-03
 1.17581954E+00  2.40516321E-03
 1.17583842E+00  2.53030491E-03
 1.17586017E+00  2.67144105E-03
 1.17588153E+00  2.82308692E-03
 1.17589918E+00  2.97782248E-03
 1.17591354E+00  3.13312035E-03
 1.17592801E+00  3.28885071E-03
 1.17594472E+00  3.44416842E-03
 1.17596491E+00  3.59780231E-03
 1.17598796E+00  3.74294824E-03
 1.17601076E+00  3.86836803E-03
 1.17603216E+00  3.96697881E-03
 1.17605260E+00  4.03531695E-03
 1.17607189E+00  4.07303972E-03
 1.17609057E+00  4.08472042E-03
 1.17610847E+00  4.07320903E-03
 1.17612452E+00  4.03963380E-03
 1.17613996E+00  3.98829879E-03
 1.17615718E+00  3.92383619E-03
 1.17617767E+00  3.85147424E-03
 1.17620249E+00  3.77727913E-03
 1.17623070E+00  3.70273422E-03
 1.17625938E+00  3.62612399E-03
 1.17628662E+00  3.54723434E-03
 1.17631134E+00  3.46681414E-03
 1.17633265E+00  3.38863751E-03
 1.17635070E+00  3.31977827E-03
 1.17636499E+00  3.26438823E-03
 1.17637449E+00  3.22405358E-03
 1.17637952E+00  3.19997948E-03
 1.17638101E+00  3.19118364E-03
 1.17638013E+00  3.19746056E-03
 1.17637850E+00  3.21954243E-03
 1.17637674E+00  3.25500516E-03
 1.17637475E+00  3.29994686E-03
 1.17637350E+00  3.35054051E-03
 1.17637478E+00  3.40249688E-03
 1.17638126E+00  3.45373902E-03
 1.17639672E+00  3.50415010E-03
 1.17642456E+00  3.55206784E-03
 1.17646766E+00  3.59480766E-03
 1.17652926E+00  3.62886440E-03
 1.17661227E+00  3.64932619E-03
 1.17671931E+00  3.65286773E-03
 1.17685270E+00  3.63790485E-03
 1.17701310E+00  3.60290841E-03
 1.17719984E+00  3.54741486E-03
 1.17741179E+00  3.47123850E-03
 1.17764722E+00  3.37411583E-03
 1.17790438E+00  3.25750766E-03
 1.17818141E+00  3.12406155E-03
 1.17847484E+00  2.97682482E-03
 1.17877967E+00  2.81956231E-03
 1.17908978E+00  2.65580576E-03
 1.17939774E+00  2.48881463E-03
 1.17969583E+00  2.32279699E-03
 1.17997637E+00  2.16263168E-03
 1.18023108E+00  2.01365573E-03
 1.18045183E+00  1.88165104E-03
 1.18063118E+00  1.77142655E-03
 1.18076279E+00  1.68640983E-03
 1.18084281E+00  1.62881412E-03
 1.18086967E+00  1.59934833E-03
 1.18084271E+00  1.59818685E-03
 1.18076203E+00  1.62528224E-03
 1.18062793E+00  1.68002956E-03
 1.18044095E+00  1.76148300E-03
 1.18020420E+00  1.86753935E-03
 1.17992329E+00  1.99494446E-03
 1.17960539E+00  2.14023177E-03
 1.17925977E+00  2.29940861E-03
 1.17889626E+00  2.46799545E-03
 1.17852500E+00  2.64114250E-03
 1.17815771E+00  2.81275988E-03
 1.17780643E+00  2.97613163E-03
 1.17748205E+00  3.12555086E-03
 1.17719373E+00  3.25664822E-03
 1.17694665E+00  3.36716685E-03
 1.17674233E+00  3.45705440E-03
 1.17658165E+00  3.52640178E-03
 1.17646507E+00  3.57526250E-03
 1.17639337E+00  3.60388575E-03
 1.17636795E+00  3.61224167E-03
 1.17638705E+00  3.60169685E-03
 1.17644605E+00  3.57486830E-03
 1.17653964E+00  3.53396928E-03
 1.17666067E+00  3.48151149E-03
 1.17680159E+00  3.42031385E-03
 1.17695468E+00  3.35340528E-03
 1.17710907E+00  3.28569516E-03
 1.17725250E+00  3.22319903E-03
 1.17737475E+00  3.17062925E-03
 1.17746802E+00  3.13126348E-03
 1.17752945E+00  3.10615889E-03
 1.17756113E+00  3.09391824E-03
 1.17756487E+00  3.09343850E-03
 1.17754205E+00  3.10402575E-03
 1.17749375E+00  3.12464086E-03
 1.17741960E+00  3.15471492E-03
 1.17732198E+00  3.19260659E-03
 1.17720558E+00  3.23573882E-03
 1.17707349E+00  3.28276935E-03
 1.17692902E+00  3.33275474E-03
 1.17677560E+00  3.38449088E-03
 1.17661675E+00  3.43661807E-03
 1.17646018E+00  3.48580726E-03
 1.17631621E+00  3.52733265E-03
 1.17619235E+00  3.55794167E-03
 1.17609333E+00  3.57580013E-03
 1.17601965E+00  3.58073653E-03
 1.17596694E+00  3.57471356E-03
 1.17593193E+00  3.55919831E-03
 1.17591255E+00  3.53509875E-03
 1.17590580E+00  3.50410832E-03
 1.17590977E+00  3.46773560E-03
 1.17592103E+00  3.42805013E-03
 1.17593486E+00  3.38765640E-03
 1.17594994E+00  3.34757076E-03
 1.17596665E+00  3.30789267E-03
 1.17598487E+00  3.26910037E-03
 1.17600425E+00  3.23190570E-03
 1.17602064E+00  3.19853000E-03
 1.17602689E+00  3.17250835E-03
 1.17601864E+00  3.15606738E-03
 1.17599394E+00  3.15024412E-03
 1.17595284E+00  3.15526312E-03
 1.17589865E+00  3.16992313E-03
 1.17583348E+00  3.19338231E-03
 1.17575822E+00  3.22519437E-03
 1.17567593E+00  3.26377556E-03
 1.17558989E+00  3.30720276E-03
 1.17550373E+00  3.35328606E-03
 1.17542150E+00  3.39944803E-03
 1.17534415E+00  3.44422134E-03
 1.17527035E+00  3.48693108E-03
 1.17519977E+00  3.52634998E-03
 1.17513275E+00  3.56091290E-03
 1.17507155E+00  3.58830241E-03
 1.17502065E+00  3.60539503E-03
 1.17498257E+00  3.61000610E-03
 1.17495816E+00  3.60090726E-03
 1.17494812E+00  3.57729865E-03
 1.17495179E+00  3.53930563E-03
 1.17496902E+00  3.48712369E-03
 1.17500027E+00  3.42092904E-03
 1.17504384E+00  3.34189853E-03
 1.17509694E+00  3.25181271E-03
 1.17515693E+00  3.15291178E-03
 1.17522089E+00  3.04804911E-03
 1.17528733E+00  2.93992364E-03
 1.17535612E+00  2.83115688E-03
 1.17542603E+00  2.72493601E-03
 1.17549512E+00  2.62478737E-03
 1.17556100E+00  2.53460034E-03
 1.17562036E+00  2.45854501E-03
 1.17567085E+00  2.40010906E-03
 1.17571120E+00  2.36186202E-03
 1.17574002E+00  2.34545620E-03
