# x =
 5.08339649E+01
# y =
 3.25097170E+00
 VARIABLES = u,v
 1.20149175E+00 -3.88985201E-02
 1.19967173E+00 -3.08466180E-02
 1.16544565E+00 -3.48346195E-02
 1.10783031E+00 -4.71762395E-02
 1.04575255E+00 -5.77453522E-02
 9.95639150E-01 -6.06205897E-02
 9.69072253E-01 -5.54739806E-02
 9.68502673E-01 -4.32121935E-02
 9.85667370E-01 -2.86313495E-02
 1.01719171E+00 -1.39610290E-02
 1.06243173E+00  2.23415754E-03
 1.11317536E+00  1.77203913E-02
 1.16043656E+00  2.96346214E-02
 1.19271163E+00  3.54270381E-02
 1.19781861E+00  3.19749697E-02
 1.17957198E+00  2.19786314E-02
 1.15298335E+00  1.23686593E-02
 1.12873743E+00  7.42062176E-03
 1.11537752E+00  9.27712112E-03
 1.11480863E+00  1.58160390E-02
 1.11954664E+00  2.01781113E-02
 1.12889259E+00  1.91010581E-02
 1.14566461E+00  1.31298857E-02
 1.16450718E+00  4.29445644E-03
 1.17916419E+00 -2.20240366E-03
 1.18285890E+00 -3.83427080E-03
 1.16885883E+00 -1.88130527E-03
 1.14450922E+00  2.70172250E-03
 1.12661804E+00  7.55802786E-03
 1.12474248E+00  1.10040940E-02
 1.14188290E+00  1.33824161E-02
 1.17051366E+00  1.34970422E-02
 1.19148568E+00  9.92196278E-03
 1.19430055E+00  2.27962265E-03
 1.17820559E+00 -9.16172297E-03
 1.14596425E+00 -2.06899337E-02
 1.10876372E+00 -2.62099840E-02
 1.07379685E+00 -2.18326901E-02
 1.04226324E+00 -6.74344716E-03
 1.02086609E+00  1.45548863E-02
 1.01597612E+00  3.28092424E-02
 1.03276030E+00  4.17866659E-02
 1.07554058E+00  3.95999147E-02
 1.13526602E+00  2.89320137E-02
 1.19337006E+00  1.77213047E-02
 1.23549084E+00  1.04961104E-02
 1.25185844E+00  7.28858114E-03
 1.24383874E+00  6.97030336E-03
 1.22470063E+00  5.36660494E-03
 1.20119226E+00  1.14739844E-03
 1.17425083E+00 -2.96609365E-03
 1.14484956E+00 -5.61278959E-03
 1.10944862E+00 -4.94028804E-03
 1.07141415E+00 -1.05880757E-04
 1.04175497E+00  7.00201079E-03
 1.02674997E+00  1.57275162E-02
 1.03140778E+00  2.57092035E-02
 1.05790114E+00  3.54297883E-02
 1.10060754E+00  4.34276155E-02
 1.15125283E+00  4.67156726E-02
 1.19939017E+00  4.14312835E-02
 1.23325117E+00  2.61721139E-02
 1.24488903E+00  2.80208328E-03
 1.23327536E+00 -2.18300949E-02
 1.20339514E+00 -3.76042142E-02
 1.16051954E+00 -3.91971814E-02
 1.11050443E+00 -2.93983740E-02
 1.06167855E+00 -2.28099913E-02
 1.02205865E+00 -3.14620717E-02
 1.00140763E+00 -2.34108754E-02
 1.00789560E+00  4.17097954E-02
 1.03755744E+00  1.19040006E-01
 1.07787505E+00  1.33449473E-01
 1.11738650E+00  9.68521490E-02
 1.14548573E+00  5.03008350E-02
 1.15748565E+00 -1.01637795E-02
 1.15642217E+00 -7.68035413E-02
 1.14152607E+00 -1.13783444E-01
 1.11224317E+00 -1.04589383E-01
 1.07817339E+00 -6.50848070E-02
 1.05230267E+00 -2.36128655E-02
 1.04712990E+00  7.02825672E-03
 1.07185870E+00  2.47919267E-02
 1.11812572E+00  2.93113902E-02
 1.16413237E+00  3.08721093E-02
 1.19517149E+00  3.15673484E-02
 1.20317257E+00  2.28831951E-02
 1.18852075E+00  6.74052093E-03
 1.16380644E+00 -1.19328220E-02
 1.13445024E+00 -2.63872239E-02
 1.10026171E+00 -2.35372117E-02
 1.06927875E+00  1.37343451E-03
 1.04937839E+00  4.40383208E-02
 1.04924337E+00  9.67952921E-02
 1.07792644E+00  1.39449759E-01
 1.12732519E+00  1.34164189E-01
 1.17736488E+00  5.90985107E-02
 1.21321609E+00 -2.65657440E-02
 1.22379309E+00 -3.63783955E-02
 1.20770054E+00  6.57192859E-05
 1.17604912E+00  2.15823233E-03
 1.13404634E+00 -2.01503127E-02
 1.08399929E+00 -3.44514900E-02
 1.03646933E+00 -3.18335085E-02
 1.00209445E+00  1.65711064E-02
 9.92788752E-01  9.88623365E-02
 1.01958114E+00  1.56086679E-01
 1.07490207E+00  1.61027171E-01
 1.13791583E+00  1.10614498E-01
 1.19225951E+00  3.54584472E-02
 1.22459624E+00 -1.48926956E-04
 1.23012890E+00  5.67341984E-03
 1.21611940E+00  9.72138649E-03
 1.18395461E+00  1.31425635E-03
 1.13343267E+00 -2.26834533E-02
 1.07683490E+00 -3.49679739E-02
 1.02949326E+00  1.89131701E-02
 1.00651089E+00  1.06121676E-01
 1.01982916E+00  1.45428205E-01
 1.05859387E+00  1.22192007E-01
 1.09532046E+00  5.03418926E-02
 1.11213968E+00 -3.53884290E-02
 1.10066986E+00 -6.73709050E-02
 1.06700152E+00 -5.17881518E-02
 1.03463607E+00 -4.73556613E-02
 1.01490920E+00 -4.81454386E-02
 1.00727411E+00 -3.32871720E-02
 1.01338726E+00 -8.45618727E-03
 1.02785428E+00  3.12548598E-02
 1.05008691E+00  6.03111241E-02
 1.08592110E+00  3.29744032E-02
 1.12673508E+00 -2.69791491E-02
 1.15749829E+00 -6.43501388E-02
 1.16731918E+00 -7.38244746E-02
 1.14735782E+00 -6.31972494E-02
 1.10434258E+00 -3.14893397E-02
 1.05911600E+00  2.94422815E-03
 1.02525667E+00  2.89852456E-02
 1.01064817E+00  5.62182224E-02
 1.01857011E+00  9.79840607E-02
 1.04217444E+00  1.61242478E-01
 1.07900009E+00  2.03184981E-01
 1.12907138E+00  1.65217649E-01
 1.18048713E+00  8.59706782E-02
 1.21786656E+00  4.27822515E-02
 1.22786438E+00  2.18146527E-02
 1.20110395E+00 -1.27602037E-02
 1.14899738E+00 -3.71534425E-02
 1.09876694E+00 -3.46053027E-02
 1.06872920E+00 -2.13007450E-02
 1.06761423E+00 -4.47678548E-03
 1.09003232E+00  1.75584147E-02
 1.11397823E+00  3.98772171E-02
 1.12906906E+00  5.11988640E-02
 1.13700970E+00  4.28787466E-02
 1.13935218E+00  2.15534527E-02
 1.14501082E+00  2.54714118E-03
 1.15545674E+00 -5.07842445E-03
 1.16191778E+00  2.72307784E-03
 1.16352904E+00  2.00447212E-02
 1.16093035E+00  2.98453655E-02
 1.15398984E+00  2.36641619E-02
 1.14622091E+00  1.54340500E-03
 1.13369091E+00 -3.52663747E-02
 1.10756429E+00 -7.77844315E-02
 1.06607775E+00 -1.17036484E-01
 1.01313247E+00 -1.43863920E-01
 9.61565132E-01 -1.34702454E-01
 9.32464893E-01 -7.50468026E-02
 9.38692541E-01 -3.75390662E-03
 9.81020435E-01  2.32060495E-02
 1.04648318E+00  1.62196211E-02
 1.10859116E+00  1.62516319E-02
 1.14875535E+00  2.22434200E-02
 1.16178745E+00  2.62564561E-02
 1.15476550E+00  2.53468076E-02
 1.14880933E+00  3.18957089E-03
 1.15522293E+00 -2.19602367E-02
 1.17150562E+00 -1.26495886E-02
 1.19079723E+00  1.41217066E-02
 1.19725242E+00  2.19507718E-02
 1.18374466E+00  1.26085281E-02
 1.15600076E+00 -5.93651116E-03
 1.11792387E+00 -3.42279161E-02
 1.07704831E+00 -5.96079340E-02
 1.03904254E+00 -7.15508294E-02
 1.00304135E+00 -7.08415133E-02
 9.73700092E-01 -5.95109523E-02
 9.57550735E-01 -4.34617827E-02
 9.58362290E-01 -2.62058910E-02
 9.79451114E-01 -6.54297828E-03
 1.01629001E+00  1.22306309E-02
 1.05748116E+00  2.59990460E-02
 1.09440250E+00  3.17739733E-02
 1.12105500E+00  2.65509450E-02
 1.13659485E+00  1.51510802E-02
 1.14684970E+00  8.01035971E-03
 1.15466763E+00  1.15022071E-02
 1.16059966E+00  2.75744010E-02
 1.16746803E+00  4.98229346E-02
 1.17647259E+00  6.38276172E-02
 1.18945426E+00  6.13855727E-02
 1.20747788E+00  4.20218475E-02
 1.22132233E+00  1.15699900E-02
 1.21646236E+00 -1.60314559E-02
 1.18472163E+00 -3.23465152E-02
 1.12653319E+00 -3.67172167E-02
 1.05907813E+00 -3.02798753E-02
 1.01293212E+00 -1.94107213E-02
 1.00691258E+00 -7.92775587E-03
 1.04339757E+00  4.75133501E-03
 1.10570464E+00  1.48919180E-02
 1.15772935E+00  1.83236556E-02
 1.17618707E+00  1.17095472E-02
 1.15683278E+00 -7.94862952E-03
 1.10856320E+00 -3.45553038E-02
 1.05839203E+00 -5.55825242E-02
 1.02257536E+00 -6.23662908E-02
 1.00176752E+00 -5.04333892E-02
 9.97881564E-01 -2.38900347E-02
 1.00529925E+00  4.22310475E-03
 1.02344133E+00  2.58825453E-02
 1.05958633E+00  3.82910895E-02
 1.10579492E+00  4.03652006E-02
 1.14720843E+00  3.64022717E-02
 1.17201116E+00  2.75156169E-02
 1.16913337E+00  1.16434475E-02
 1.14469923E+00 -6.72642881E-03
 1.11961481E+00 -2.11839279E-02
 1.10578334E+00 -2.62355432E-02
 1.10810579E+00 -1.70927260E-02
 1.12427146E+00  1.24904476E-03
 1.14019520E+00  1.64647625E-02
 1.14994650E+00  2.13411135E-02
 1.15536576E+00  1.36514126E-02
 1.15307159E+00 -1.51558559E-03
 1.14218642E+00 -1.09401646E-02
 1.12125672E+00 -8.06881899E-03
 1.08745815E+00  5.83669136E-03
 1.05201238E+00  2.61122325E-02
 1.03392180E+00  4.19061270E-02
 1.04446269E+00  4.70248767E-02
 1.08638225E+00  4.25224659E-02
 1.14409182E+00  2.97052493E-02
 1.18608011E+00  1.31788393E-02
 1.19305638E+00 -3.81518897E-03
 1.16177394E+00 -2.17173047E-02
 1.10606851E+00 -3.77514393E-02
 1.05859248E+00 -4.84330989E-02
 1.03853113E+00 -5.10785619E-02
 1.04598924E+00 -4.30068019E-02
 1.07070061E+00 -2.74483713E-02
 1.08727636E+00 -1.19194953E-02
 1.08316770E+00 -1.05956971E-03
 1.06534549E+00  3.63909039E-03
 1.04492650E+00  6.89599006E-03
 1.04227528E+00  1.89253468E-02
 1.06769299E+00  4.38344234E-02
 1.11298736E+00  7.79244535E-02
 1.16565306E+00  1.09940786E-01
 1.20559681E+00  1.21416874E-01
 1.21807136E+00  1.01785860E-01
 1.20221781E+00  5.28051044E-02
 1.16208209E+00 -1.24700087E-02
 1.10935549E+00 -6.94497678E-02
 1.05451518E+00 -1.00308036E-01
 1.00262936E+00 -9.93758345E-02
 9.62923328E-01 -7.03994253E-02
 9.44063884E-01 -2.93297929E-02
 9.53758612E-01  1.28870692E-02
 9.97664999E-01  5.27569546E-02
 1.06501786E+00  8.37313081E-02
 1.13341679E+00  1.02516502E-01
 1.18431037E+00  1.03464539E-01
 1.20425862E+00  7.89987897E-02
 1.19427017E+00  3.70295580E-02
 1.17056744E+00 -5.29030633E-03
 1.14224721E+00 -3.42651767E-02
 1.11338240E+00 -3.92600457E-02
 1.09116395E+00 -2.40055943E-02
 1.07809106E+00 -5.95429196E-03
 1.08082093E+00  6.00733793E-03
 1.10761645E+00  9.78000615E-03
 1.14818520E+00  5.26528669E-03
 1.18199795E+00  3.51733918E-05
 1.19352672E+00 -4.72582509E-03
 1.17202885E+00 -1.39869416E-02
 1.12428848E+00 -2.40313333E-02
 1.07386821E+00 -2.91828071E-02
 1.03447559E+00 -2.48470937E-02
 1.01175014E+00 -5.69745588E-03
 1.00947972E+00  2.27786766E-02
 1.02194467E+00  4.68865434E-02
 1.04872896E+00  5.87186607E-02
 1.09349078E+00  5.47770564E-02
 1.14466726E+00  3.77864773E-02
 1.18481927E+00  1.88543423E-02
 1.19984878E+00  4.17981726E-03
 1.17924449E+00 -4.97640510E-03
 1.13290146E+00 -6.03836060E-03
 1.08746923E+00  3.02968133E-04
 1.05997073E+00  1.44082910E-02
 1.05823874E+00  3.78054667E-02
 1.07950192E+00  6.33386109E-02
 1.10594655E+00  7.94327771E-02
 1.12929156E+00  7.74938346E-02
 1.15051960E+00  5.24267891E-02
 1.16502893E+00  1.03821661E-02
 1.17137842E+00 -3.24688660E-02
 1.16487895E+00 -6.49579830E-02
 1.13648258E+00 -8.11152125E-02
 1.09189691E+00 -7.97084993E-02
 1.04564896E+00 -6.74842580E-02
 1.00874818E+00 -4.70119553E-02
 9.91522653E-01 -1.74006944E-02
 9.95098136E-01  1.56918091E-02
 1.01018731E+00  4.55717578E-02
 1.03337947E+00  6.47719777E-02
 1.06394527E+00  6.52759857E-02
 1.09702485E+00  5.03338975E-02
 1.12934973E+00  3.11193833E-02
 1.15419242E+00  1.42868700E-02
 1.16220029E+00  3.03307369E-03
 1.15362755E+00 -6.35339587E-03
 1.13456890E+00 -2.37239061E-02
 1.10951929E+00 -4.64030122E-02
 1.08391950E+00 -5.65844147E-02
 1.06037062E+00 -2.34516076E-02
 1.03691054E+00  7.01239344E-02
 1.01458459E+00  1.50867711E-01
 9.94108985E-01  1.12993015E-01
 9.68790934E-01 -1.55568936E-02
 9.29687062E-01 -1.35669869E-01
 8.70466664E-01 -2.11549110E-01
 7.89611291E-01 -2.24279645E-01
 6.99588294E-01 -1.99534300E-01
 6.23540949E-01 -2.18980331E-01
 5.77763166E-01 -2.57823505E-01
 5.70092663E-01 -2.33721526E-01
 5.97717273E-01 -1.70669973E-01
 6.44973261E-01 -1.10400215E-01
 7.02110101E-01 -3.38816127E-02
 7.65875223E-01  6.21394367E-02
 8.30514289E-01  1.54901886E-01
 8.92861076E-01  2.34763944E-01
 9.42605936E-01  3.02042412E-01
 9.60596348E-01  3.60446886E-01
 9.32105076E-01  4.21802667E-01
 8.60755699E-01  4.87250100E-01
 8.03684084E-01  5.01711835E-01
 8.33218549E-01  4.05999884E-01
 9.23080514E-01  2.70758442E-01
 9.84163499E-01  2.03820978E-01
 9.62949147E-01  1.34555211E-01
 8.29727709E-01 -4.19028247E-02
 6.33188772E-01 -2.04375551E-01
 4.89598958E-01 -1.99805153E-01
 4.03080405E-01 -1.29808188E-01
 3.19627767E-01 -1.46482331E-01
 2.80608465E-01 -1.83243836E-01
 3.27992643E-01 -1.36974305E-01
 4.44324347E-01 -5.01931525E-02
 6.16942250E-01  2.70852972E-02
 8.20437487E-01  8.96168929E-02
 9.97721604E-01  1.04578822E-01
 1.09485577E+00  6.69724654E-02
 1.07890607E+00  1.65769764E-02
 9.67408544E-01 -3.36074001E-02
 8.22311082E-01 -7.66027215E-02
 6.88078044E-01 -8.22908972E-02
 5.93585173E-01 -4.56762977E-02
 5.58935645E-01 -2.37656030E-02
 5.76292542E-01 -7.38230086E-02
 6.48897866E-01 -1.34831472E-01
 7.80308656E-01 -1.04748042E-01
 9.18323694E-01 -2.84816296E-02
 1.00346457E+00 -9.19401688E-04
 1.04394471E+00 -5.19582663E-03
 1.07468070E+00 -2.10518871E-03
 1.09173098E+00  2.60262904E-02
 1.08509948E+00  1.13272854E-01
 1.06051818E+00  2.15123639E-01
 1.01659408E+00  2.37664611E-01
 9.72624583E-01  2.09104580E-01
 9.59128830E-01  2.09132935E-01
 9.53634648E-01  2.32001738E-01
 9.19745208E-01  2.59117647E-01
 8.90081810E-01  2.86630057E-01
 9.13527504E-01  2.82764718E-01
 9.71256867E-01  2.48229469E-01
 1.01931332E+00  2.14206601E-01
 1.02679173E+00  1.68415113E-01
 9.51679470E-01  9.03200402E-02
 7.71740902E-01 -3.52529640E-03
 5.26933073E-01 -8.94366032E-02
 3.37758877E-01 -1.40994406E-01
 3.19977829E-01 -1.33252861E-01
 3.65933193E-01 -9.79745381E-02
 2.77039979E-01 -9.54671286E-02
 1.45439551E-01 -1.17689089E-01
 1.60856653E-01 -1.24350740E-01
 2.56735438E-01 -1.12646536E-01
 3.25885554E-01 -8.25173622E-02
 3.96579259E-01 -4.21345419E-02
 4.75224519E-01 -1.96346492E-02
 5.52455009E-01  2.97006192E-03
 6.63074225E-01  5.97480611E-02
 7.90417809E-01  1.08176548E-01
 8.80807290E-01  9.76537336E-02
 9.34720123E-01  8.53859852E-02
 9.59149477E-01  1.35622989E-01
 9.15733814E-01  1.52612536E-01
 7.92865054E-01  2.63234195E-02
 6.84211875E-01 -1.09173509E-01
 6.96948067E-01 -6.73202798E-02
 7.77566256E-01  5.16001945E-02
 8.13894491E-01  7.40973247E-02
 8.52991435E-01  7.45222462E-02
 9.68042474E-01  1.50228800E-01
 1.07254255E+00  1.89672330E-01
 1.08134440E+00  9.70717496E-02
 1.07499790E+00 -1.24200217E-02
 1.14712353E+00 -4.21252438E-03
 1.22196595E+00  5.84839263E-02
 1.19623236E+00  6.33254246E-02
 1.13754539E+00  3.69932421E-02
 1.14414226E+00  2.54760444E-02
 1.17444111E+00  1.97970949E-02
 1.17060592E+00  3.31970491E-02
 1.15913781E+00  5.57593799E-02
 1.16009856E+00  4.09518931E-02
 1.15563426E+00  2.41072711E-03
 1.14151558E+00 -1.86694637E-02
 1.12086002E+00 -2.78623323E-02
 1.08907091E+00 -3.38274644E-02
 1.05310197E+00 -2.26300815E-02
 1.02924829E+00  9.78615357E-03
 1.02742921E+00  5.99193163E-02
 1.05201746E+00  1.25346792E-01
 1.09662034E+00  1.90460837E-01
 1.14242072E+00  2.30753419E-01
 1.17408993E+00  2.28982148E-01
 1.17853439E+00  1.79410727E-01
 1.13829517E+00  9.93539959E-02
 1.05568000E+00  2.55863444E-02
 9.85268458E-01 -1.69566900E-02
 9.87396844E-01 -1.96923362E-02
 1.02252630E+00  7.58786534E-03
 1.01134238E+00  3.40388739E-02
 9.84864146E-01  4.34277812E-02
 1.00515776E+00  3.78660146E-02
 1.04305234E+00  2.38902341E-02
 1.06199900E+00  2.02069289E-02
 1.07393046E+00  3.37743010E-02
 1.08241718E+00  5.46121110E-02
 1.08262461E+00  7.74743780E-02
 1.08609614E+00  9.43313404E-02
 1.10321877E+00  1.00405020E-01
 1.13476725E+00  1.01282173E-01
 1.17150783E+00  9.73595753E-02
 1.19519084E+00  8.72711033E-02
 1.19591631E+00  7.26618758E-02
 1.17329743E+00  5.31835534E-02
 1.13182515E+00  3.27346842E-02
 1.08500368E+00  1.92771782E-02
 1.04299760E+00  1.77626962E-02
 1.01040869E+00  3.09413280E-02
 9.95698506E-01  5.72127689E-02
 1.00492798E+00  8.90555372E-02
 1.04087210E+00  1.18428970E-01
 1.10158032E+00  1.36113015E-01
 1.16636740E+00  1.29578425E-01
 1.20333143E+00  8.93094226E-02
 1.19103994E+00  1.57951969E-02
 1.12457973E+00 -7.27252841E-02
 1.03033627E+00 -1.26014402E-01
 9.59763110E-01 -9.71125184E-02
 9.42819839E-01 -2.93491175E-02
 9.78588593E-01 -6.68142048E-03
 1.02951924E+00 -1.56054963E-02
 1.04022459E+00 -4.77652433E-03
 1.03824125E+00  1.44580312E-02
 1.08921719E+00  2.87053467E-02
 1.14839830E+00  3.35945811E-02
 1.14558120E+00  7.85653515E-03
 1.11952938E+00 -2.15223681E-02
 1.12328539E+00 -3.47808942E-03
 1.13355494E+00  3.74521920E-02
 1.12688228E+00  5.00925565E-02
 1.12994559E+00  4.10186111E-02
 1.16200173E+00  2.69808625E-02
 1.19993597E+00  1.76923826E-03
 1.21413116E+00 -2.80692603E-02
 1.19419150E+00 -5.23513655E-02
 1.13734980E+00 -7.28757792E-02
 1.05656218E+00 -8.75133214E-02
 9.84853201E-01 -9.21069971E-02
 9.42754864E-01 -8.40389470E-02
 9.34808896E-01 -5.99319539E-02
 9.57449886E-01 -2.45952185E-02
 9.92597849E-01  1.08072356E-02
 1.03021271E+00  3.79261845E-02
 1.07200812E+00  5.05474762E-02
 1.11510966E+00  4.85522420E-02
 1.15922962E+00  3.89916893E-02
 1.19899842E+00  2.55659576E-02
 1.22054003E+00  9.51435292E-03
 1.21891251E+00 -6.56664267E-03
 1.19476478E+00 -2.19968772E-02
 1.15045720E+00 -3.32251365E-02
 1.09619743E+00 -3.42798913E-02
 1.04443968E+00 -2.49157180E-02
 1.00715068E+00 -8.18465525E-03
 9.96843778E-01  1.23222649E-02
 1.01931070E+00  3.04358846E-02
 1.06570402E+00  4.06660967E-02
 1.11679021E+00  3.96108365E-02
 1.15536281E+00  2.38214409E-02
 1.16869420E+00 -6.31414463E-03
 1.15312282E+00 -4.12040237E-02
 1.11735866E+00 -6.62007999E-02
 1.06980604E+00 -7.02759148E-02
 1.02402907E+00 -4.94712789E-02
 1.01401881E+00 -1.40488423E-02
 1.06323407E+00  1.40587773E-02
 1.13104804E+00  2.13347807E-02
 1.14817948E+00  5.30573851E-03
 1.10310214E+00 -2.53618071E-02
 1.02119249E+00 -4.92398635E-02
 9.31485248E-01 -5.47386226E-02
 8.81877411E-01 -4.32829953E-02
 8.81298961E-01 -2.07673035E-02
 8.94773549E-01 -2.00275065E-03
 9.13771594E-01  5.36822584E-03
 9.39998810E-01  5.18038297E-03
 9.83914782E-01  5.97412175E-04
 1.06910132E+00 -1.59969900E-03
 1.15456650E+00  2.03667556E-03
 1.17301768E+00  7.06935681E-03
 1.15009967E+00  1.12837139E-02
 1.14384305E+00  1.23758672E-02
 1.14626578E+00  8.69548963E-03
 1.14026328E+00  2.94029769E-03
 1.13457088E+00 -3.39626213E-03
 1.12270172E+00 -9.54711644E-03
 1.09820979E+00 -1.41593018E-02
 1.07121207E+00 -1.75195120E-02
 1.04791164E+00 -1.96789440E-02
 1.03296242E+00 -2.02040350E-02
 1.02964237E+00 -1.92318530E-02
 1.03467697E+00 -1.67271668E-02
 1.04792881E+00 -1.30607005E-02
 1.07041173E+00 -9.20750233E-03
 1.09865148E+00 -6.09796660E-03
 1.12788152E+00 -4.65351160E-03
 1.14930645E+00 -5.33299094E-03
 1.15092927E+00 -7.99327050E-03
 1.12593051E+00 -1.24845736E-02
 1.07510503E+00 -1.84463562E-02
 1.01052881E+00 -2.51085346E-02
 9.54002077E-01 -3.15640026E-02
 9.22624794E-01 -3.66415640E-02
 9.24402885E-01 -3.91716757E-02
 9.54509926E-01 -3.87619217E-02
 9.94769188E-01 -3.56401931E-02
 1.03310576E+00 -3.00840290E-02
 1.06492911E+00 -2.26423327E-02
 1.08696620E+00 -1.41343427E-02
 1.10271670E+00 -5.45971280E-03
 1.11072768E+00  1.98975946E-03
 1.10529207E+00  6.63193325E-03
 1.09304595E+00  7.52848283E-03
 1.08543393E+00  4.32884180E-03
 1.09105647E+00 -2.78031495E-03
 1.11568763E+00 -1.25679222E-02
 1.14783618E+00 -2.25591424E-02
 1.16300633E+00 -2.96163027E-02
 1.14835564E+00 -3.10401227E-02
 1.10371883E+00 -2.56315327E-02
 1.04481995E+00 -1.53296099E-02
 1.00311001E+00 -4.47334768E-03
 9.93437251E-01  3.94297629E-03
 1.00778807E+00  8.97849698E-03
 1.01946015E+00  1.25074742E-02
 9.97872793E-01  1.84462334E-02
 9.77752387E-01  2.58701008E-02
 1.01929285E+00  2.72766651E-02
 1.07889279E+00  8.54573345E-03
 1.08093095E+00 -3.75325545E-02
 1.05425591E+00 -7.47981869E-02
 1.04909975E+00 -5.61642280E-02
 1.04441291E+00 -1.16369349E-02
 1.02201592E+00  1.06804802E-04
 1.00854460E+00 -8.83365009E-04
 1.02242306E+00  2.37154387E-02
 1.05531877E+00  5.02956783E-02
 1.09697897E+00  5.31026272E-02
 1.14227631E+00  4.13823452E-02
 1.17698872E+00  2.09501499E-02
 1.17176561E+00 -8.05776793E-03
 1.11158594E+00 -3.42155845E-02
 1.04398274E+00 -4.49434094E-02
 1.03293051E+00 -3.50109892E-02
 1.04622530E+00 -1.00488864E-02
 1.01996457E+00  1.55326769E-02
 1.00042791E+00  3.28990653E-02
 1.05407638E+00  3.89838365E-02
 1.13886476E+00  3.38115003E-02
 1.19274210E+00  2.39014401E-02
 1.21460153E+00  1.10304793E-02
 1.20719490E+00 -8.09603901E-03
 1.16782781E+00 -3.17636556E-02
 1.12020398E+00 -5.75325029E-02
 1.08306095E+00 -8.12364878E-02
 1.05792162E+00 -9.51409763E-02
 1.04220075E+00 -9.65579210E-02
 1.02475529E+00 -8.67044769E-02
 1.00431344E+00 -6.59913477E-02
 9.92215421E-01 -3.74564456E-02
 9.94221272E-01 -6.63197628E-03
 1.01630440E+00  2.07785048E-02
 1.05933422E+00  3.81561356E-02
 1.11233091E+00  4.07472586E-02
 1.16388167E+00  3.10783776E-02
 1.20183019E+00  1.67585009E-02
 1.21499064E+00  3.68700169E-03
 1.20133470E+00 -4.11103684E-03
 1.16926738E+00 -6.07636975E-03
 1.13474781E+00 -6.14624464E-03
 1.11091684E+00 -4.99410951E-03
 1.10352571E+00 -1.18257655E-03
 1.10840783E+00  3.10997477E-03
 1.11183567E+00  5.48133460E-03
 1.10741830E+00  3.06221302E-03
 1.09728969E+00 -7.27100683E-03
 1.08550655E+00 -2.17223103E-02
 1.08168958E+00 -3.19552652E-02
 1.08925219E+00 -3.30412032E-02
 1.10323789E+00 -2.30396911E-02
 1.12162657E+00 -5.35247630E-03
 1.14114070E+00  1.07941489E-02
 1.15864994E+00  2.02573152E-02
 1.17457560E+00  2.23006065E-02
 1.18519246E+00  1.76138722E-02
 1.18477190E+00  1.07103139E-02
 1.17082175E+00  3.84404239E-03
 1.14289254E+00 -3.90316739E-03
 1.10645612E+00 -1.09982008E-02
 1.07252132E+00 -1.58270941E-02
 1.04962622E+00 -1.61844336E-02
 1.04292063E+00 -8.29158627E-03
 1.05269015E+00  8.22849595E-03
 1.07302828E+00  3.11398459E-02
 1.09962521E+00  5.84572014E-02
 1.12948506E+00  8.69539073E-02
 1.15686876E+00  1.13134742E-01
 1.17618970E+00  1.33886251E-01
 1.17952523E+00  1.43987201E-01
 1.15745793E+00  1.37075075E-01
 1.10696430E+00  1.07738356E-01
 1.03079145E+00  5.25181638E-02
 9.35733481E-01 -2.62448865E-02
 8.36513431E-01 -1.16869618E-01
 7.56236108E-01 -1.95358283E-01
 7.20506222E-01 -2.31889725E-01
 7.47845179E-01 -2.09729507E-01
 8.39535890E-01 -1.36417037E-01
 9.64648548E-01 -5.80621410E-02
 1.06976082E+00 -3.28152545E-02
 1.11814510E+00 -4.59903143E-02
 1.10162709E+00 -4.20599141E-02
 1.05553408E+00 -2.70335561E-02
 1.03993687E+00 -2.09611352E-02
 1.04313349E+00 -4.12272683E-03
 1.01791096E+00  3.21551388E-02
 1.00041513E+00  7.93915314E-02
 1.03860274E+00  1.31051255E-01
 1.09802758E+00  1.61808247E-01
 1.13691816E+00  1.42387808E-01
 1.16812251E+00  8.76367860E-02
 1.20362035E+00  3.37420540E-02
 1.21317720E+00 -1.85237016E-02
 1.17075980E+00 -7.76082546E-02
 1.09597023E+00 -1.26794025E-01
 1.02257928E+00 -1.51893531E-01
 9.67425332E-01 -1.46787508E-01
 9.43737870E-01 -1.04216077E-01
 9.54215586E-01 -3.62219873E-02
 9.82314397E-01  2.90203846E-02
 1.02093082E+00  7.09746998E-02
 1.06900960E+00  7.76285496E-02
 1.11162264E+00  5.39982020E-02
 1.13407986E+00  2.35562452E-02
 1.12574537E+00 -9.03406753E-04
 1.08392251E+00 -1.72818776E-02
 1.04184760E+00 -2.55118429E-02
 1.04170298E+00 -3.48409268E-02
 1.06197409E+00 -4.56344758E-02
 1.05756524E+00 -4.84275200E-02
 1.05440579E+00 -4.36589856E-02
 1.08939531E+00 -3.40130731E-02
 1.11814396E+00 -2.29212107E-02
 1.08977886E+00 -1.86173079E-02
 1.03639877E+00 -2.03510940E-02
 1.00858647E+00 -2.05763222E-02
 1.00225798E+00 -1.69431722E-02
 1.00432498E+00 -8.10880848E-03
 1.02064151E+00  5.85495327E-03
 1.04337418E+00  2.00093427E-02
 1.06297340E+00  3.14560309E-02
 1.08202070E+00  3.74615483E-02
 1.09704253E+00  2.82795172E-02
 1.10209604E+00 -6.08447051E-03
 1.09328714E+00 -6.66350347E-02
 1.06654344E+00 -1.41026620E-01
 1.02925297E+00 -1.92205033E-01
 9.97407262E-01 -1.80096906E-01
 9.81767054E-01 -1.22532072E-01
 9.87856962E-01 -7.03171899E-02
 1.01047814E+00 -3.19489539E-02
 1.03354270E+00 -1.90116655E-03
 1.04895482E+00  9.48800836E-03
 1.05779737E+00  1.00092611E-02
 1.06719504E+00  1.73971666E-02
 1.09224786E+00  3.51464838E-02
 1.13766315E+00  4.49134085E-02
 1.19357743E+00  2.32772219E-02
 1.24233792E+00 -6.55326156E-03
 1.25782993E+00 -5.25601461E-03
 1.22431651E+00  2.08626454E-03
 1.14519777E+00 -2.44145718E-02
 1.04052618E+00 -5.82222683E-02
 9.46402129E-01 -6.05552132E-02
 8.90296984E-01 -4.11607566E-02
 8.82013143E-01 -1.62592195E-02
 9.15576563E-01  1.54324529E-02
 9.66636871E-01  4.53067047E-02
 1.01957006E+00  6.03218484E-02
 1.07131185E+00  5.88871335E-02
 1.11751268E+00  4.70648015E-02
 1.16043315E+00  3.53605693E-02
 1.19475993E+00  3.04556277E-02
 1.20644163E+00  3.20381665E-02
 1.19655649E+00  3.40887987E-02
 1.17361989E+00  2.48332286E-02
 1.14603870E+00 -6.43037701E-04
 1.12647913E+00 -3.75363857E-02
 1.11758444E+00 -7.60982482E-02
 1.11226814E+00 -1.00332812E-01
 1.10977008E+00 -9.96075259E-02
 1.10953755E+00 -7.30856022E-02
 1.10576978E+00 -2.50968254E-02
 1.09349592E+00  3.10432091E-02
 1.06453929E+00  7.84046150E-02
 1.00973267E+00  9.68290318E-02
 9.31245514E-01  5.34361080E-02
 8.40132817E-01 -6.61533259E-02
 7.49509268E-01 -1.97875367E-01
 6.79442656E-01 -2.46133716E-01
 6.58070726E-01 -2.02835051E-01
 6.96917474E-01 -1.16534528E-01
 7.48829557E-01 -2.61266577E-02
 7.54703760E-01  2.39031154E-02
 7.62191457E-01  5.96957609E-02
 8.56483071E-01  1.54106654E-01
 9.96727083E-01  2.43805267E-01
 1.10176012E+00  2.27274284E-01
 1.17642801E+00  1.78264993E-01
 1.22693387E+00  1.96931339E-01
 1.21500114E+00  2.03588672E-01
 1.13001845E+00  1.00582970E-01
 1.00850950E+00 -2.61630946E-02
 8.98254225E-01 -6.20138433E-02
 8.31631280E-01 -4.99257107E-02
 8.25424475E-01 -5.71873205E-02
 8.70289366E-01 -4.52299341E-02
 9.27605016E-01  1.85252167E-02
 9.70900273E-01  9.07308761E-02
 9.88538637E-01  1.26849791E-01
 9.68520207E-01  1.06217308E-01
 9.13917918E-01  2.38529216E-02
 8.27933686E-01 -4.95559034E-02
 7.21079415E-01 -1.39649087E-02
 6.54581366E-01  9.20468485E-02
 6.89050518E-01  1.54241328E-01
 7.80005321E-01  1.50322289E-01
 8.35808226E-01  9.18858930E-02
 8.48717852E-01  6.91726983E-03
 8.51390759E-01 -2.71869039E-02
 8.70545003E-01 -1.50330532E-02
 9.50884891E-01 -2.19865208E-02
 1.06570720E+00 -3.07428841E-02
 1.12788088E+00 -1.19245836E-02
 1.12687557E+00  9.17351953E-03
 1.08908946E+00  2.13283651E-02
 1.02631557E+00  3.85256084E-02
 9.74322521E-01  6.57338784E-02
 9.37119154E-01  9.41629297E-02
 8.85444351E-01  1.08987062E-01
 8.44705000E-01  9.29464416E-02
 8.55058033E-01  4.23570035E-02
 9.08681432E-01  1.22380925E-02
 9.89463618E-01  6.78235652E-02
 1.08842607E+00  1.49578761E-01
 1.18026871E+00  1.48668339E-01
 1.23484504E+00  8.82861366E-02
 1.23645630E+00  4.00506095E-02
 1.19586625E+00  8.98544174E-03
 1.14375711E+00  2.19393489E-03
 1.10014922E+00  1.41872845E-02
 1.07369945E+00  1.69387267E-03
 1.06405394E+00 -1.59241194E-02
 1.05585038E+00  9.34156984E-03
 1.04724484E+00  4.17972980E-02
 1.04954685E+00  3.18011231E-02
 1.06448237E+00  6.65992412E-03
 1.09383663E+00  4.67073577E-03
 1.13340903E+00  1.47918996E-02
 1.16770165E+00  2.21396099E-02
 1.18934914E+00  3.00251310E-02
 1.19605418E+00  3.23197747E-02
 1.18335051E+00  2.15887218E-02
 1.15344394E+00  2.95232826E-03
 1.11460680E+00 -1.45926824E-02
 1.07721810E+00 -2.01820001E-02
 1.05341389E+00 -7.07699233E-03
 1.05214312E+00  2.20550145E-02
 1.07155980E+00  5.61528177E-02
 1.10134643E+00  7.73154909E-02
 1.13349770E+00  7.35288128E-02
 1.16085598E+00  4.41295188E-02
 1.17468665E+00  3.03400187E-04
 1.16960998E+00 -3.56788242E-02
 1.14015369E+00 -4.94210898E-02
 1.08541632E+00 -3.90997558E-02
 1.02405126E+00 -1.23295663E-02
 9.85748985E-01  1.17297699E-02
 9.91235401E-01  2.17398318E-02
 1.04723185E+00  1.79153101E-02
 1.13200531E+00  2.45519934E-03
 1.19959411E+00 -1.55382292E-02
 1.22071236E+00 -3.12502273E-02
 1.18780986E+00 -4.68974643E-02
 1.11496249E+00 -5.80515117E-02
 1.04255562E+00 -5.92219943E-02
 9.94615664E-01 -4.62043565E-02
 9.74075353E-01 -1.46575872E-02
 9.81945603E-01  2.76588420E-02
 1.00531563E+00  6.41621745E-02
 1.03926995E+00  8.36072369E-02
 1.09028196E+00  7.98420969E-02
 1.14549158E+00  5.68061810E-02
 1.18557773E+00  2.95892100E-02
 1.19553782E+00  7.07901108E-03
 1.16296733E+00 -8.07646411E-03
 1.10422349E+00 -1.42211212E-02
 1.05782579E+00 -1.54953532E-02
 1.04716338E+00 -1.21841658E-02
 1.08031014E+00 -6.02086641E-04
 1.14273952E+00  1.48035145E-02
 1.19444389E+00  2.68347915E-02
 1.21335382E+00  2.96189338E-02
 1.19817481E+00  1.79861240E-02
 1.15477435E+00 -2.34373635E-03
 1.10627711E+00 -1.72946109E-02
 1.06518599E+00 -1.90323670E-02
 1.02895442E+00 -5.64391408E-03
 1.00528722E+00  1.69465486E-02
 1.00036325E+00  3.37414461E-02
 1.01965600E+00  3.69902914E-02
 1.07089318E+00  2.76222743E-02
 1.13919399E+00  9.98581644E-03
 1.19485061E+00 -4.95807659E-03
 1.21755697E+00 -1.11530260E-02
 1.19604184E+00 -1.03914930E-02
 1.14125868E+00 -4.58579494E-03
 1.08630591E+00  1.22949722E-03
 1.05102804E+00  4.28400946E-03
 1.04124356E+00  6.98000142E-03
 1.05453225E+00  9.89366034E-03
 1.07280162E+00  1.36542262E-02
 1.08892677E+00  1.82583981E-02
 1.10828920E+00  2.09087499E-02
 1.12793519E+00  2.07044126E-02
 1.14646896E+00  1.80468131E-02
 1.15966452E+00  1.29614785E-02
 1.15729540E+00  6.71764222E-03
 1.14393653E+00  3.03722315E-04
 1.13300944E+00 -5.95716763E-03
 1.13158360E+00 -1.09307877E-02
 1.14362833E+00 -1.35773574E-02
 1.16168639E+00 -1.35721882E-02
 1.16686048E+00 -1.07987635E-02
 1.15044626E+00 -5.49345890E-03
 1.11405696E+00  1.64986071E-03
 1.06634721E+00  9.80179496E-03
 1.02649660E+00  1.79784456E-02
 1.00658472E+00  2.48272441E-02
 1.00812157E+00  2.90479571E-02
 1.02999977E+00  3.00561791E-02
 1.06386824E+00  2.78542825E-02
 1.10348282E+00  2.26738896E-02
 1.14729281E+00  1.51903453E-02
 1.18781753E+00  6.49231198E-03
 1.21644484E+00 -2.11499985E-03
 1.22499729E+00 -8.91874985E-03
 1.20564474E+00 -1.22397617E-02
 1.16257889E+00 -1.13721648E-02
 1.10944729E+00 -6.41915384E-03
 1.05775877E+00  2.30775904E-03
 1.01793242E+00  1.39785675E-02
 9.95409752E-01  2.72081760E-02
 9.88215236E-01  4.03536505E-02
 9.98345125E-01  5.12423064E-02
 1.02855120E+00  5.77085898E-02
 1.07306891E+00  5.88440576E-02
 1.12294006E+00  5.47685486E-02
 1.16688713E+00  4.58329269E-02
 1.19214423E+00  3.30258777E-02
 1.19564055E+00  1.80002114E-02
 1.18239722E+00  2.68429127E-03
 1.15536246E+00 -1.03526737E-02
 1.11946220E+00 -1.85914469E-02
 1.08388577E+00 -2.11598125E-02
 1.05727197E+00 -1.85484976E-02
 1.04978387E+00 -1.16332782E-02
 1.06844447E+00 -2.20791635E-03
 1.10409233E+00  6.97476855E-03
 1.13708287E+00  1.30604056E-02
 1.15313972E+00  1.34187288E-02
 1.14466424E+00  7.09823715E-03
 1.11753989E+00 -2.39605650E-03
 1.09136486E+00 -8.62272196E-03
 1.07606756E+00 -7.09169059E-03
 1.07208806E+00  3.56629655E-03
 1.07835976E+00  1.93293184E-02
 1.08637573E+00  3.13299176E-02
 1.09400954E+00  3.44313064E-02
 1.10712936E+00  2.81823393E-02
 1.12453326E+00  1.56843319E-02
 1.14350132E+00  4.69465420E-03
 1.16038042E+00 -5.85818670E-04
 1.16689125E+00 -9.03053594E-04
 1.15994627E+00  2.03901002E-03
 1.14111576E+00  3.77582780E-03
 1.11109143E+00  2.17909043E-03
 1.07417523E+00 -7.54815528E-04
 1.03918221E+00 -3.44341218E-03
 1.01592583E+00 -3.40376309E-03
 1.01367433E+00  6.36432182E-04
 1.03746297E+00  6.89354903E-03
 1.08126813E+00  1.36990701E-02
 1.13055172E+00  1.89693326E-02
 1.17338734E+00  2.08388594E-02
 1.20125822E+00  1.91347320E-02
 1.21048396E+00  1.39242313E-02
 1.20453311E+00  5.83973786E-03
 1.18326816E+00 -3.87892973E-03
 1.14487510E+00 -1.37651269E-02
 1.09558078E+00 -2.08505542E-02
 1.04458337E+00 -2.14883328E-02
 1.00313973E+00 -1.32472598E-02
 9.84155785E-01  4.16128540E-03
 9.90964147E-01  2.65140082E-02
 1.01867391E+00  4.60069676E-02
 1.06353399E+00  5.64513517E-02
 1.11875508E+00  5.43592622E-02
 1.17262032E+00  4.04531590E-02
 1.21326559E+00  2.02127104E-02
 1.22739092E+00 -2.43456221E-03
 1.20536810E+00 -2.49113183E-02
 1.15413651E+00 -4.29805978E-02
 1.09248702E+00 -5.33325292E-02
 1.03629156E+00 -5.19514848E-02
 9.98280418E-01 -3.51915429E-02
 9.83244982E-01 -6.58820295E-03
 9.85499806E-01  2.55039321E-02
 1.00560688E+00  5.36953694E-02
 1.04668475E+00  7.14044798E-02
 1.10124242E+00  7.64771753E-02
 1.15864615E+00  7.19699642E-02
 1.20522321E+00  5.86216669E-02
 1.22496374E+00  3.67628212E-02
 1.21560412E+00  1.09758755E-02
 1.18586878E+00 -1.33561478E-02
 1.14167563E+00 -2.97353058E-02
 1.09136361E+00 -3.17997532E-02
 1.04703698E+00 -2.11887145E-02
 1.01846000E+00 -5.36634082E-03
 1.01738128E+00  1.03675934E-02
 1.05119166E+00  2.17602946E-02
 1.10618568E+00  2.69767236E-02
 1.15562290E+00  2.84023721E-02
 1.17945082E+00  2.54463406E-02
 1.16688857E+00  1.63910688E-02
 1.12734319E+00  5.16880708E-03
 1.08966327E+00 -2.66603493E-03
 1.06973286E+00 -2.44822976E-03
 1.07024287E+00  8.89475227E-03
 1.08918025E+00  2.53775330E-02
 1.11208154E+00  3.43592170E-02
 1.13351277E+00  2.82312916E-02
 1.15851190E+00  4.71964044E-03
 1.18143083E+00 -3.14884608E-02
 1.19515235E+00 -6.71539021E-02
 1.19210714E+00 -9.25966584E-02
 1.16104564E+00 -1.01844590E-01
 1.10472084E+00 -8.67447912E-02
 1.03811729E+00 -4.30544929E-02
 9.76492031E-01  2.98524697E-02
 9.41750785E-01  1.25936869E-01
 9.62591315E-01  2.18723233E-01
 1.04537168E+00  2.70646035E-01
 1.12859003E+00  2.57392542E-01
 1.12747189E+00  1.76489701E-01
 1.05158143E+00  6.51706803E-02
 9.69580181E-01 -9.43808427E-03
 9.19166983E-01 -9.08518441E-03
 9.28193486E-01  6.09163867E-02
 9.66404883E-01  1.39603376E-01
 9.54623241E-01  1.36039754E-01
 9.29000314E-01  6.26733325E-02
 9.73071033E-01 -6.34108117E-04
 1.04095430E+00 -5.09046131E-02
 1.05896124E+00 -9.81044138E-02
 1.03509615E+00 -1.16600944E-01
 9.82586868E-01 -1.08188279E-01
 9.07575412E-01 -7.81909489E-02
 8.49400555E-01 -2.37419479E-02
 8.40786828E-01  2.32730647E-02
 8.87433226E-01  3.03778930E-02
 9.72362040E-01  2.82650420E-02
 1.05502767E+00  6.06040659E-02
 1.10941429E+00  8.49175410E-02
 1.12886204E+00  4.64564250E-02
 1.11044694E+00  1.74995739E-02
 1.06681056E+00  8.61452640E-02
 1.00570804E+00  1.70485681E-01
 9.28812553E-01  1.46313756E-01
 8.62502452E-01  4.71308814E-02
 8.28377896E-01 -4.20106262E-02
 7.96652753E-01 -9.45427265E-02
 7.38007301E-01 -8.19678149E-02
 7.21074642E-01 -3.37849537E-02
 8.25160528E-01 -3.78718161E-02
 9.55078272E-01 -6.23001416E-02
 9.70370992E-01 -2.11295359E-02
 9.38815402E-01  5.26399811E-02
 9.83033591E-01  1.06202006E-01
 1.04326466E+00  1.58488770E-01
 1.03817063E+00  2.16195535E-01
 1.02374204E+00  2.51111881E-01
 1.05729353E+00  2.47339371E-01
 1.12033231E+00  2.03648527E-01
 1.18732828E+00  1.22639739E-01
 1.21413822E+00  1.96092708E-02
 1.14503659E+00 -7.76933226E-02
 1.03489330E+00 -1.45290933E-01
 9.92841756E-01 -1.69795957E-01
 9.94824809E-01 -1.55703111E-01
 9.66536337E-01 -1.24161660E-01
 9.25951663E-01 -8.78158383E-02
 8.99319784E-01 -4.90863957E-02
 8.92506413E-01 -5.27532749E-03
 9.34717552E-01  5.50231669E-02
 1.01075368E+00  1.28183864E-01
 1.07425487E+00  1.92733224E-01
 1.14905760E+00  2.24973098E-01
 1.25556239E+00  1.98572284E-01
 1.27686805E+00  1.06649913E-01
 1.10301537E+00 -2.27516765E-02
 8.89025615E-01 -1.27084338E-01
 8.65371098E-01 -1.41185468E-01
 9.55499490E-01 -9.03359813E-02
 9.78402700E-01 -5.60744079E-02
 9.79394647E-01 -4.73831826E-02
 1.02463902E+00 -4.31762384E-02
 1.05877151E+00 -4.19763537E-02
 1.06444522E+00 -1.92091968E-02
 1.05660940E+00  2.58440819E-02
 1.02692037E+00  6.09107221E-02
 1.00936898E+00  8.99625474E-02
 1.05266808E+00  1.20322345E-01
 1.12482337E+00  1.15759650E-01
 1.16259205E+00  5.39113554E-02
 1.17051384E+00 -7.96883389E-03
 1.17341352E+00 -6.07577378E-04
 1.16300417E+00  2.97849527E-02
 1.14133345E+00  1.63745771E-03
 1.11869456E+00 -4.10522766E-02
 1.09063011E+00 -2.64990769E-02
 1.06008075E+00  9.23376894E-03
 1.03707549E+00  1.84124824E-02
 1.02836304E+00  1.77510648E-02
 1.04146859E+00  2.01075433E-02
 1.07582156E+00  1.61003170E-02
 1.12155318E+00  1.01897092E-02
 1.16951467E+00  9.62144607E-03
 1.20826835E+00  8.01824296E-03
 1.22316137E+00 -1.21572092E-02
 1.20354796E+00 -6.08756142E-02
 1.14603640E+00 -9.64411668E-02
 1.06288243E+00 -6.45032186E-02
 9.97879014E-01 -2.75910436E-03
 9.95035149E-01  1.73140685E-02
 1.02307201E+00  1.61590949E-02
 1.02251424E+00  3.66674919E-02
 1.03035229E+00  5.52528831E-02
 1.10479632E+00  4.96337533E-02
 1.18761474E+00  3.52769961E-02
 1.20212328E+00  2.01729213E-02
 1.17926419E+00  5.31739203E-04
 1.17003714E+00 -1.95293287E-02
 1.15907003E+00 -3.05792645E-02
 1.13049625E+00 -2.66305714E-02
 1.10097763E+00 -1.10098175E-02
 1.07732732E+00  7.52691425E-03
 1.06263265E+00  2.36217795E-02
 1.06891898E+00  3.41106482E-02
 1.09346849E+00  3.93608733E-02
 1.12196907E+00  4.47820161E-02
 1.14503561E+00  5.09843588E-02
 1.15487135E+00  5.42063500E-02
 1.15147273E+00  5.20863152E-02
 1.14459706E+00  4.11145217E-02
 1.13655484E+00  2.08730219E-02
 1.12488949E+00 -3.81099991E-03
 1.11084590E+00 -2.77143054E-02
 1.09377290E+00 -4.46157729E-02
 1.07663566E+00 -4.91637090E-02
 1.06702420E+00 -4.03879315E-02
 1.06640231E+00 -2.17790800E-02
 1.07299776E+00 -5.30018011E-04
 1.08605758E+00  1.70076582E-02
 1.10229981E+00  2.72133958E-02
 1.11832239E+00  2.95663350E-02
 1.13198198E+00  2.72664535E-02
 1.13923845E+00  2.17169593E-02
 1.13675821E+00  1.29169532E-02
 1.12598079E+00  3.89136872E-03
 1.11112545E+00 -1.87194719E-03
 1.09636175E+00 -2.50145557E-04
 1.08608358E+00  1.29437887E-02
 1.08316460E+00  3.54535249E-02
 1.08812576E+00  6.01547276E-02
 1.10233697E+00  8.10344181E-02
 1.12596170E+00  9.20655966E-02
 1.15351236E+00  8.84789100E-02
 1.17654849E+00  6.90139384E-02
 1.18723517E+00  3.23367020E-02
 1.17962623E+00 -2.00177853E-02
 1.15489066E+00 -7.67667493E-02
 1.12087733E+00 -1.21495156E-01
 1.08397761E+00 -1.40812620E-01
 1.05043185E+00 -1.27442266E-01
 1.02860569E+00 -8.88617751E-02
 1.02478573E+00 -4.52376311E-02
 1.04413650E+00 -1.05663567E-02
 1.08695610E+00  8.44104825E-03
 1.13764231E+00  1.17993696E-02
 1.17105681E+00  9.92735559E-03
 1.16936467E+00  7.01205664E-03
 1.12660622E+00  1.61399866E-03
 1.05957467E+00 -2.63776744E-04
 1.00484804E+00  7.18514299E-03
 9.86098888E-01  2.93946110E-02
 1.01003935E+00  7.07139797E-02
 1.06740330E+00  1.17734771E-01
 1.12853419E+00  1.45648287E-01
 1.17592088E+00  1.38753085E-01
 1.20715322E+00  9.17220991E-02
 1.21782859E+00  1.84224257E-02
 1.21190441E+00 -4.86109668E-02
 1.18847006E+00 -8.86991007E-02
 1.13992931E+00 -9.55014032E-02
 1.07756887E+00 -7.23798595E-02
 1.02198027E+00 -3.83531207E-02
 9.89875757E-01 -3.77170708E-03
 9.95891788E-01  3.19143687E-02
 1.03461986E+00  6.29921346E-02
 1.08243103E+00  8.64453649E-02
 1.12496162E+00  9.64190120E-02
 1.15430070E+00  8.26356405E-02
 1.16661188E+00  5.11541863E-02
 1.16919159E+00  1.80105224E-02
 1.16191821E+00 -5.19126802E-03
 1.13960195E+00 -8.97890350E-03
 1.11109117E+00  3.58190168E-03
 1.08937212E+00  1.66111045E-02
 1.08564644E+00  2.30051940E-02
 1.10922681E+00  2.23224616E-02
 1.14938721E+00  1.50799714E-02
 1.18035033E+00  8.35933360E-03
 1.18718430E+00  3.34578122E-03
 1.16534063E+00 -5.18074019E-03
 1.12400854E+00 -1.56685602E-02
 1.08865054E+00 -2.52004353E-02
 1.07252114E+00 -3.11445589E-02
 1.07479167E+00 -2.84454979E-02
 1.09118295E+00 -1.83081293E-02
 1.10717809E+00 -6.83013052E-03
 1.11504342E+00  3.30561171E-03
 1.11765070E+00  1.05963632E-02
 1.11257922E+00  1.52319079E-02
 1.09990249E+00  2.07898960E-02
 1.08302283E+00  2.78456124E-02
 1.06740096E+00  3.42404181E-02
 1.07684957E+00  3.87373184E-02
 1.13062090E+00  3.91392679E-02
 1.18956907E+00  3.43596431E-02
 1.19841266E+00  2.56066439E-02
 1.18484405E+00  1.34245952E-02
 1.20112092E+00 -1.25344269E-03
 1.20807338E+00 -1.62692210E-02
 1.15230107E+00 -2.89720266E-02
 1.07099900E+00 -3.46347592E-02
 1.01832138E+00 -2.77254475E-02
 9.96469404E-01 -5.85662784E-03
 1.00303498E+00  2.85784984E-02
 1.04157530E+00  6.54644213E-02
 1.09339336E+00  8.91493061E-02
 1.14093991E+00  8.88566655E-02
 1.17829652E+00  6.24223020E-02
 1.19882637E+00  2.05402012E-02
 1.20090928E+00 -1.48594415E-02
 1.18038246E+00 -2.91965313E-02
 1.13222427E+00 -1.90480581E-02
 1.07068386E+00  7.70706557E-03
 1.02036752E+00  3.05967399E-02
 1.00055986E+00  3.81962503E-02
 1.02368135E+00  3.13050401E-02
 1.07866125E+00  1.49416889E-02
 1.13386680E+00  2.60834797E-03
 1.17031929E+00  4.80856554E-04
 1.18191668E+00  3.73741571E-03
 1.17349707E+00  9.20804138E-03
 1.16630155E+00  1.09020115E-02
 1.16809247E+00  5.93658103E-03
 1.17144798E+00 -1.01108816E-03
 1.17187132E+00 -7.86611265E-03
 1.15954732E+00 -1.29346215E-02
 1.13204370E+00 -1.43527003E-02
 1.10003851E+00 -1.38469852E-02
 1.06961237E+00 -1.20883876E-02
 1.04668715E+00 -8.85467247E-03
 1.03738445E+00 -4.89792033E-03
 1.04099699E+00 -1.32567876E-04
 1.05690310E+00  5.05595609E-03
 1.08408171E+00  9.42719385E-03
 1.11830212E+00  1.20917531E-02
 1.15497476E+00  1.21669548E-02
 1.18729551E+00  9.31947332E-03
 1.20678583E+00  4.13238682E-03
 1.20682374E+00 -2.51815674E-03
 1.18457699E+00 -9.14511737E-03
 1.14568858E+00 -1.34016501E-02
 1.10293496E+00 -1.28423830E-02
 1.06762058E+00 -5.82188931E-03
 1.04797971E+00  7.48954587E-03
 1.04618333E+00  2.33892643E-02
 1.05711657E+00  3.56650975E-02
 1.07866233E+00  3.96067264E-02
 1.11011793E+00  3.31800699E-02
 1.14547952E+00  1.86605628E-02
 1.17800334E+00  2.52604414E-03
 1.19914666E+00 -1.07509159E-02
 1.20008683E+00 -1.91749915E-02
 1.18309172E+00 -2.18209832E-02
 1.15840578E+00 -2.04343899E-02
 1.13376524E+00 -1.52329107E-02
 1.11612829E+00 -5.09935167E-03
 1.10912053E+00  7.50358056E-03
 1.11037941E+00  1.87783353E-02
 1.12072878E+00  2.49291795E-02
 1.14080255E+00  2.20472710E-02
 1.16127304E+00  1.07218517E-02
 1.16929964E+00 -4.49020937E-03
 1.15496388E+00 -1.98703115E-02
 1.11382980E+00 -3.12109558E-02
 1.05899740E+00 -3.32851112E-02
 1.01688787E+00 -2.26267646E-02
 1.00462719E+00  2.56362001E-03
 1.02804985E+00  3.93723688E-02
 1.07865560E+00  7.32612377E-02
 1.13146908E+00  8.40130185E-02
 1.17074193E+00  6.10054223E-02
 1.19165099E+00  9.39502386E-03
 1.19009429E+00 -3.91594769E-02
 1.17059799E+00 -4.67140306E-02
 1.13417246E+00 -3.47924743E-02
 1.07806548E+00 -4.95534702E-02
 1.01559365E+00 -6.20010151E-02
 9.67284076E-01 -2.70648564E-02
 9.50025711E-01  1.68796408E-02
 9.76439997E-01  2.08338882E-02
 1.03737158E+00  9.10120399E-03
 1.10502163E+00  1.64736489E-02
 1.16037327E+00  2.97814934E-02
 1.19225963E+00  3.28108307E-02
 1.19786819E+00  3.03816113E-02
 1.18858982E+00  2.03550658E-02
 1.16719010E+00 -1.36561755E-03
 1.12998683E+00 -2.77997575E-02
 1.08545977E+00 -5.11379791E-02
 1.04411899E+00 -6.43539466E-02
 1.01813286E+00 -6.16146265E-02
 1.02141270E+00 -4.34552563E-02
 1.04879476E+00 -1.73170274E-02
 1.08141917E+00  4.64909056E-03
 1.10771507E+00  1.32497165E-02
 1.12034001E+00  6.14040136E-03
 1.12042313E+00 -9.79732871E-03
 1.12082890E+00 -1.96814396E-02
 1.12488283E+00 -1.50282030E-02
 1.12830478E+00  3.71706465E-03
 1.13152762E+00  2.93317937E-02
 1.13251686E+00  4.64698823E-02
 1.13250618E+00  4.68345900E-02
 1.13785616E+00  3.22348355E-02
 1.14621646E+00  7.96296775E-03
 1.15086684E+00 -1.43048824E-02
 1.14875113E+00 -2.72347252E-02
 1.13754007E+00 -3.14965791E-02
 1.12073966E+00 -2.79403284E-02
 1.10784959E+00 -2.05953328E-02
 1.10313442E+00 -1.19297865E-02
 1.10611640E+00 -2.65928933E-04
 1.11341930E+00  1.25642155E-02
 1.11706338E+00  2.37318161E-02
 1.11346304E+00  3.09256829E-02
 1.10564224E+00  3.12936141E-02
 1.10006265E+00  2.77921968E-02
 1.10700905E+00  2.74670719E-02
 1.13150324E+00  3.39119214E-02
 1.16920175E+00  4.71973317E-02
 1.20761705E+00  6.08118211E-02
 1.22764396E+00  6.30203254E-02
 1.21805869E+00  5.01512790E-02
 1.18162243E+00  2.94623888E-02
 1.13636393E+00  2.03623882E-02
 1.11017134E+00  3.82185742E-02
 1.11010530E+00  4.40732399E-02
 1.10978102E+00 -1.93514401E-02
 1.04215337E+00 -1.25120176E-01
 8.54875590E-01 -2.03616526E-01
 6.66567911E-01 -2.27111168E-01
 6.59787872E-01 -1.84014352E-01
 7.75653689E-01 -1.00888374E-01
 8.55853273E-01 -4.72324741E-02
 9.25148258E-01 -2.69938754E-02
 1.02737891E+00 -3.40661136E-03
 1.09732442E+00  1.01218330E-02
 1.11055616E+00  2.78622500E-03
 1.11558837E+00 -5.55398666E-03
 1.14191708E+00 -8.49895086E-03
 1.14836763E+00 -1.13020152E-02
 1.08484605E+00 -1.48917853E-02
 1.00757944E+00 -1.18287929E-02
 1.00257174E+00  6.86531569E-03
 1.04104075E+00  3.53525871E-02
 1.06364083E+00  6.03294198E-02
 1.08585928E+00  7.31893466E-02
 1.12392690E+00  6.69092190E-02
 1.15779384E+00  4.41255415E-02
 1.18038714E+00  1.80042168E-02
 1.18857095E+00 -5.40875928E-03
 1.16988120E+00 -2.53291555E-02
 1.12948615E+00 -4.07022898E-02
 1.08551382E+00 -5.50918277E-02
 1.05069008E+00 -6.77963522E-02
 1.03493167E+00 -7.31831876E-02
 1.03610045E+00 -7.10720961E-02
 1.03904957E+00 -6.29015038E-02
 1.03859764E+00 -5.01669308E-02
 1.03691190E+00 -3.68919642E-02
 1.03484198E+00 -2.37143514E-02
 1.03856111E+00 -8.54733388E-03
 1.04897966E+00  7.82157645E-03
 1.06053780E+00  2.36493277E-02
 1.07522090E+00  3.65312303E-02
 1.09680225E+00  4.23711691E-02
 1.12570881E+00  3.94649122E-02
 1.16125617E+00  2.88810802E-02
 1.19305369E+00  1.27100301E-02
 1.20378145E+00 -5.10353110E-03
 1.18440633E+00 -2.09232692E-02
 1.13570568E+00 -3.28045724E-02
 1.07207843E+00 -3.98944530E-02
 1.02060827E+00 -4.29408644E-02
 9.99207261E-01 -4.26622105E-02
 1.01152881E+00 -3.95748137E-02
 1.04633502E+00 -3.56181246E-02
 1.07657597E+00 -3.29821175E-02
 1.08561640E+00 -3.34624696E-02
 1.07242685E+00 -3.74941045E-02
 1.04523781E+00 -4.06227038E-02
 1.02557494E+00 -3.53357857E-02
 1.02504951E+00 -1.71495360E-02
 1.04102974E+00  1.40288562E-02
 1.07106905E+00  5.09578958E-02
 1.10611129E+00  7.99340794E-02
 1.14064106E+00  9.16676841E-02
 1.17623744E+00  8.29540847E-02
 1.20445175E+00  5.63029445E-02
 1.21358493E+00  2.16714872E-02
 1.19609281E+00 -1.37248276E-02
 1.14743217E+00 -4.62088186E-02
 1.07985444E+00 -6.97777402E-02
 1.01908826E+00 -8.03713607E-02
 9.83411409E-01 -7.38522222E-02
 9.82733950E-01 -4.70515631E-02
 1.01385424E+00 -8.37105439E-03
 1.05794648E+00  2.65760779E-02
 1.10343803E+00  4.56385302E-02
 1.14597740E+00  4.14089551E-02
 1.17887876E+00  1.91480300E-02
 1.20073835E+00 -4.03944869E-03
 1.20605445E+00 -1.79790712E-02
 1.18622959E+00 -1.95369804E-02
 1.14880683E+00 -9.68505793E-03
 1.11012216E+00  2.42369456E-03
 1.08373470E+00  1.36718256E-02
 1.08145315E+00  2.71769137E-02
 1.10079157E+00  4.00201150E-02
 1.12570412E+00  4.91143579E-02
 1.14826857E+00  5.07177559E-02
 1.16587467E+00  3.89620632E-02
 1.17612547E+00  1.75234414E-02
 1.18299693E+00 -3.38778612E-03
 1.18484712E+00 -1.74785406E-02
 1.17549243E+00 -2.05611336E-02
 1.15965999E+00 -1.38975367E-02
 1.14610873E+00 -5.58606721E-03
 1.14117630E+00  6.63786312E-04
 1.15011379E+00  4.66134931E-03
 1.16622542E+00  4.86637933E-03
 1.17322862E+00  2.19090298E-03
 1.16291923E+00 -3.75105589E-03
 1.13467545E+00 -1.46551433E-02
 1.09585207E+00 -2.56353934E-02
 1.06392879E+00 -2.87697254E-02
 1.04914740E+00 -1.91745116E-02
 1.05247784E+00  4.71475249E-03
 1.07214164E+00  3.53097052E-02
 1.09929520E+00  5.75176371E-02
 1.12804840E+00  6.21187692E-02
 1.15767612E+00  4.72593765E-02
 1.18268199E+00  1.96461180E-02
 1.19760553E+00 -4.73016631E-03
 1.19788272E+00 -1.63906053E-02
 1.17958694E+00 -1.48182690E-02
 1.15036748E+00 -4.42704878E-03
 1.12570084E+00  2.91833677E-03
 1.11606190E+00  1.18418410E-03
 1.12594617E+00 -6.94875860E-03
 1.14726821E+00 -1.78474384E-02
 1.16029052E+00 -2.38802015E-02
 1.15440514E+00 -2.10930291E-02
 1.12995822E+00 -1.24070136E-02
 1.09625546E+00  3.27527241E-04
 1.07389872E+00  1.38588084E-02
 1.07422420E+00  2.53666216E-02
 1.09571259E+00  3.51094924E-02
 1.13244081E+00  4.07329386E-02
 1.16963244E+00  3.89585047E-02
 1.19704445E+00  2.83524725E-02
 1.21291813E+00  8.61486068E-03
 1.21284521E+00 -1.53747910E-02
 1.19534890E+00 -3.46089600E-02
 1.16030107E+00 -4.25996689E-02
 1.10806281E+00 -3.62411065E-02
 1.05269670E+00 -1.82626090E-02
 1.01621443E+00  2.47209186E-03
 1.01427952E+00  1.96090117E-02
 1.05352320E+00  2.97331559E-02
 1.11945978E+00  3.03954009E-02
 1.17927013E+00  2.27642631E-02
 1.21037787E+00  6.77024284E-03
 1.20339927E+00 -1.79602819E-02
 1.16343075E+00 -4.46096778E-02
 1.11435543E+00 -6.31760166E-02
 1.07055596E+00 -6.56789719E-02
 1.03632321E+00 -4.74954544E-02
 1.02212010E+00 -1.53787969E-02
 1.03232864E+00  1.47277227E-02
 1.06939891E+00  3.23575768E-02
 1.13061186E+00  3.32971035E-02
 1.17915147E+00  2.07953733E-02
 1.17611439E+00  7.35703416E-03
 1.15303727E+00 -7.76115265E-04
 1.16263230E+00 -4.26499742E-03
 1.16762281E+00 -3.16166363E-03
 1.11156221E+00 -1.38011778E-03
 1.04482437E+00  5.19786068E-04
 1.03702901E+00  6.73646816E-03
 1.06168147E+00  1.55427697E-02
 1.07548087E+00  2.30688343E-02
 1.09458756E+00  2.64257479E-02
 1.13244802E+00  2.17635246E-02
 1.16838133E+00  1.09641068E-02
 1.18777353E+00  7.39945349E-04
 1.18409485E+00 -5.58531661E-03
 1.14897221E+00 -6.81069603E-03
 1.09354218E+00 -4.10266417E-03
 1.04516668E+00 -2.58187424E-03
 1.02191544E+00 -4.69763119E-03
 1.03201496E+00 -1.02684503E-02
 1.06827822E+00 -2.02920141E-02
 1.10586647E+00 -3.42146878E-02
 1.13053193E+00 -5.07265457E-02
 1.13899290E+00 -6.76152781E-02
 1.12802644E+00 -7.65021145E-02
 1.10359421E+00 -6.69506655E-02
 1.06869783E+00 -3.60342120E-02
 1.02386375E+00  8.01034181E-03
 9.89042473E-01  3.80445777E-02
 9.90286289E-01  2.57647114E-02
 1.03854743E+00 -6.79615944E-03
 1.12334238E+00 -1.70919380E-02
 1.18731569E+00 -2.56094013E-02
 1.16303939E+00 -6.71977688E-02
 1.08562239E+00 -1.03964600E-01
 1.04204774E+00 -8.97615520E-02
 1.02794903E+00 -4.97949633E-02
 1.00736759E+00 -2.37521134E-02
 9.84603539E-01 -8.14427868E-03
 9.55427249E-01  4.89768326E-03
 9.44101643E-01  1.02488348E-02
 1.00206665E+00  1.47603195E-02
 1.09554881E+00  2.37214825E-02
 1.15374183E+00  3.09206592E-02
 1.18742606E+00  3.23160686E-02
 1.22217440E+00  2.38946515E-02
 1.22159591E+00  4.25548202E-03
 1.15640804E+00 -2.16322134E-02
 1.05168862E+00 -5.02660877E-02
 9.43388862E-01 -7.83296143E-02
 8.55432020E-01 -1.01646677E-01
 8.16992501E-01 -1.18846564E-01
 8.53685800E-01 -1.29416849E-01
 9.54876017E-01 -1.31527331E-01
 1.04675564E+00 -1.18684167E-01
 1.04877014E+00 -7.57999127E-02
 1.00862014E+00  2.39834833E-02
 1.02845489E+00  1.81076121E-01
 1.06295022E+00  2.84646793E-01
 1.02512971E+00  2.07120989E-01
 9.56851432E-01  4.36045034E-02
 9.14472840E-01 -2.13125116E-02
 8.87651782E-01 -2.73499282E-02
 8.74001356E-01 -7.96055096E-02
 8.73261299E-01 -1.27214601E-01
 8.57879164E-01 -1.27123715E-01
 8.15217727E-01 -1.20682813E-01
 7.61985302E-01 -1.21285055E-01
 7.46470035E-01 -1.12986305E-01
 8.17331287E-01 -9.34889627E-02
 9.15122214E-01 -7.03020625E-02
 9.42632152E-01 -4.16562351E-02
 9.67251664E-01  2.71103579E-02
 1.08745302E+00  1.52593014E-01
 1.17368534E+00  2.26769777E-01
 1.06496977E+00  1.24336753E-01
 8.75852518E-01 -4.94283836E-02
 7.91952973E-01 -1.04720755E-01
 7.84091274E-01 -8.51379955E-02
 7.80987030E-01 -1.01899084E-01
 8.19558496E-01 -1.07179597E-01
 9.03197688E-01 -6.20529338E-02
 9.82794225E-01 -2.00558515E-02
 1.04084927E+00 -5.83310708E-03
 1.07721845E+00  4.09248559E-04
 1.08860893E+00  1.07275925E-02
 1.06227649E+00  1.57747583E-02
 9.89263249E-01  4.35618861E-03
 9.01267050E-01 -1.78846729E-02
 8.49059330E-01 -4.19812853E-02
 8.60943297E-01 -6.04416523E-02
 9.36189115E-01 -6.25518786E-02
 1.01024135E+00 -5.11896075E-02
 9.98717815E-01 -4.07653444E-02
 9.56452905E-01 -3.70575332E-02
 9.99530650E-01 -4.10999965E-02
 1.08804822E+00 -5.03962647E-02
 1.13409928E+00 -5.45033551E-02
 1.15765495E+00 -4.93327444E-02
 1.17654039E+00 -3.71021660E-02
 1.15734808E+00 -1.63564171E-02
 1.09932426E+00  1.25157069E-02
 1.04599219E+00  4.87014047E-02
 1.03391340E+00  9.25379856E-02
 1.04198599E+00  1.36317650E-01
 1.03049646E+00  1.67578189E-01
 1.03059318E+00  1.77742741E-01
 1.08886245E+00  1.62124481E-01
 1.17247134E+00  1.25228291E-01
 1.23041571E+00  8.06609879E-02
 1.25875240E+00  3.83582380E-02
 1.25882295E+00  4.13513085E-03
 1.22794109E+00 -1.90186586E-02
 1.18471752E+00 -3.40151555E-02
 1.14593664E+00 -4.03607950E-02
 1.11514543E+00 -3.48324033E-02
 1.09006808E+00 -2.04791043E-02
 1.06067866E+00 -1.46859200E-03
 1.02737948E+00  1.95064592E-02
 1.00213519E+00  4.23443819E-02
 9.93183932E-01  8.05708197E-02
 1.00993487E+00  1.43203805E-01
 1.05528474E+00  1.89346333E-01
 1.11895013E+00  1.67535061E-01
 1.18702886E+00  1.10508977E-01
 1.24089151E+00  8.00652623E-02
 1.26058420E+00  5.20421505E-02
 1.23193042E+00 -1.87628899E-02
 1.14643669E+00 -1.12910279E-01
 1.02009251E+00 -1.96050692E-01
 9.25793712E-01 -2.29059278E-01
 9.39141788E-01 -1.66131241E-01
 1.01134406E+00 -5.00934629E-02
 1.03832458E+00  2.37102439E-02
 1.04252371E+00  5.24368531E-02
 1.08621528E+00  7.15158756E-02
 1.13868780E+00  6.69750697E-02
 1.17027775E+00  4.09338635E-02
 1.19486063E+00  2.20017158E-02
 1.20811432E+00  1.74321935E-02
 1.19937779E+00  1.69919292E-02
 1.17421701E+00  7.46199031E-03
 1.14376976E+00 -8.81206848E-03
 1.12072965E+00 -1.88664016E-02
 1.11040344E+00 -2.13710930E-02
