# x =
 4.12426507E+01
# y =
 3.25097170E+00
 VARIABLES = u,v
 1.13304584E+00  4.34043674E-02
 1.13365052E+00  3.96662578E-02
 1.15898519E+00  3.26047185E-02
 1.19764334E+00  2.19685588E-02
 1.22349572E+00  6.58100492E-03
 1.22139751E+00 -1.20078823E-02
 1.18884900E+00 -2.81934902E-02
 1.13559306E+00 -3.78235924E-02
 1.08675949E+00 -3.74334546E-02
 1.05735550E+00 -2.47921091E-02
 1.04914321E+00 -2.09436807E-03
 1.06142556E+00  2.43292351E-02
 1.08423756E+00  4.54771254E-02
 1.11216398E+00  5.35574971E-02
 1.14697403E+00  4.50895152E-02
 1.18085694E+00  2.38870942E-02
 1.20383860E+00  6.82803556E-05
 1.20791414E+00 -1.89572477E-02
 1.18628824E+00 -2.94828799E-02
 1.14927424E+00 -3.05197699E-02
 1.11962012E+00 -2.58355751E-02
 1.11167055E+00 -1.64919662E-02
 1.13064364E+00 -1.47475734E-03
 1.16581081E+00  1.46663188E-02
 1.19036347E+00  2.59221844E-02
 1.18997680E+00  2.69746621E-02
 1.16525978E+00  1.37578677E-02
 1.12635027E+00 -7.83466846E-03
 1.09714615E+00 -2.47095645E-02
 1.09041266E+00 -2.88120421E-02
 1.10290515E+00 -1.74268340E-02
 1.12803214E+00  4.00926027E-03
 1.15046426E+00  2.13090163E-02
 1.16141452E+00  2.68977147E-02
 1.16464359E+00  2.09569293E-02
 1.16331696E+00  7.06830047E-03
 1.16405938E+00 -4.80862752E-03
 1.17045364E+00 -9.62708857E-03
 1.17796857E+00 -9.58090032E-03
 1.18415817E+00 -6.31568859E-03
 1.18649080E+00 -3.99073428E-03
 1.18318517E+00 -4.43484956E-03
 1.17677086E+00 -4.37665453E-03
 1.16793792E+00 -2.34247291E-03
 1.15647076E+00  2.92369696E-03
 1.14357088E+00  1.19691713E-02
 1.13002582E+00  2.20561306E-02
 1.11903559E+00  3.06981835E-02
 1.11567622E+00  3.56865243E-02
 1.12255106E+00  3.49110234E-02
 1.13943685E+00  2.84011340E-02
 1.16145454E+00  1.79950886E-02
 1.17957372E+00  6.71662900E-03
 1.18740330E+00 -2.74260080E-03
 1.18282157E+00 -9.07797960E-03
 1.16916392E+00 -1.26772411E-02
 1.15522910E+00 -1.54341053E-02
 1.14612854E+00 -1.78379119E-02
 1.14177225E+00 -1.86187110E-02
 1.13849145E+00 -1.58257752E-02
 1.12896706E+00 -6.70821991E-03
 1.11328241E+00  9.13244266E-03
 1.10215861E+00  2.86305019E-02
 1.11455179E+00  4.63142860E-02
 1.16315559E+00  5.47464691E-02
 1.21162600E+00  4.89157440E-02
 1.20736996E+00  2.87314281E-02
 1.17719753E+00 -7.74047525E-05
 1.17571255E+00 -2.65614358E-02
 1.17500505E+00 -4.19137192E-02
 1.13276493E+00 -4.16010651E-02
 1.07993802E+00 -2.55261892E-02
 1.05561044E+00  4.44183268E-04
 1.05760847E+00  3.13295315E-02
 1.08206352E+00  6.24642619E-02
 1.12717482E+00  8.34740140E-02
 1.17324949E+00  8.38022497E-02
 1.20201768E+00  5.74253702E-02
 1.20650711E+00  7.17339913E-03
 1.18874867E+00 -4.21074432E-02
 1.16123772E+00 -6.01088988E-02
 1.13065535E+00 -5.66100032E-02
 1.09821191E+00 -5.81356353E-02
 1.07157879E+00 -4.71871798E-02
 1.05748238E+00 -8.00568200E-04
 1.06349350E+00  4.93499628E-02
 1.09718533E+00  6.49357073E-02
 1.14891280E+00  5.82488841E-02
 1.19749832E+00  5.23427162E-02
 1.22709771E+00  3.75984959E-02
 1.22669506E+00  4.66867119E-03
 1.19805623E+00 -3.20636275E-02
 1.15732106E+00 -5.85983448E-02
 1.11353859E+00 -6.69749893E-02
 1.07084908E+00 -5.01693044E-02
 1.03769562E+00 -1.88621503E-02
 1.01891413E+00  8.04599483E-03
 1.02236192E+00  4.09494521E-02
 1.05703869E+00  9.41181815E-02
 1.11449802E+00  1.27935413E-01
 1.17551023E+00  9.66884577E-02
 1.22389403E+00  3.56085335E-02
 1.24527140E+00  4.07294957E-03
 1.23666390E+00 -1.18336736E-02
 1.20815297E+00 -4.29915574E-02
 1.16435739E+00 -6.85956078E-02
 1.10893188E+00 -6.87148033E-02
 1.05474799E+00 -5.08975626E-02
 1.01509743E+00 -1.48492777E-02
 1.00420380E+00  4.85268852E-02
 1.03324803E+00  1.28344247E-01
 1.09067752E+00  1.67417404E-01
 1.14901212E+00  1.08902534E-01
 1.18773153E+00  1.57663671E-03
 1.19326832E+00 -5.94741561E-02
 1.16620290E+00 -8.10509295E-02
 1.12463775E+00 -1.04051003E-01
 1.07841442E+00 -1.04963811E-01
 1.03257010E+00 -7.03209368E-02
 1.00319133E+00 -2.21341217E-02
 1.00387668E+00  2.79842495E-02
 1.04344794E+00  6.46810479E-02
 1.11972041E+00  6.60188998E-02
 1.18967153E+00  3.43230595E-02
 1.20163813E+00 -9.72768623E-03
 1.17762492E+00 -4.59249416E-02
 1.16871665E+00 -5.58130637E-02
 1.14755246E+00 -4.20568575E-02
 1.07676708E+00 -2.48464019E-02
 1.01476205E+00  2.20054437E-04
 1.02784063E+00  4.53784469E-02
 1.08303800E+00  9.37533354E-02
 1.12275126E+00  1.23119389E-01
 1.15301978E+00  1.22093239E-01
 1.18785485E+00  8.44929782E-02
 1.21274665E+00  3.12852356E-02
 1.22562044E+00 -1.22754070E-03
 1.22658507E+00 -1.63399550E-02
 1.20426460E+00 -3.50856773E-02
 1.16384968E+00 -4.17137173E-02
 1.12187391E+00 -2.00063263E-02
 1.09048874E+00  6.03458195E-03
 1.08117495E+00  1.16208615E-02
 1.09287291E+00  8.15995702E-03
 1.11124069E+00  1.40059425E-02
 1.12951037E+00  2.00576532E-02
 1.14492362E+00  1.36952975E-02
 1.15273498E+00  2.28138554E-03
 1.15385654E+00 -5.94512756E-03
 1.14787368E+00 -8.37084195E-03
 1.13589260E+00 -3.70694087E-04
 1.13731971E+00  1.39325092E-02
 1.16777856E+00  2.18417494E-02
 1.19460904E+00  1.74768337E-02
 1.17397389E+00  8.45999094E-04
 1.13431133E+00 -2.24671110E-02
 1.12615066E+00 -3.92875007E-02
 1.12185718E+00 -4.23221484E-02
 1.07964391E+00 -3.19580566E-02
 1.03108345E+00 -1.13429901E-02
 1.01819451E+00  1.06373010E-02
 1.03715749E+00  2.78469741E-02
 1.07849183E+00  3.92815263E-02
 1.13573485E+00  4.24956483E-02
 1.18411949E+00  3.69333311E-02
 1.20245532E+00  2.23415117E-02
 1.18663722E+00 -1.77434083E-03
 1.14779209E+00 -2.81097988E-02
 1.11160247E+00 -4.50507265E-02
 1.09425374E+00 -4.46100878E-02
 1.09819312E+00 -2.38001744E-02
 1.11946845E+00  8.06331008E-03
 1.14251443E+00  3.15326017E-02
 1.15907112E+00  3.44182794E-02
 1.17073091E+00  1.40453164E-02
 1.17217035E+00 -2.09350188E-02
 1.15942437E+00 -4.95127032E-02
 1.12933776E+00 -5.90833983E-02
 1.07860707E+00 -4.80593044E-02
 1.02253770E+00 -1.95551155E-02
 9.87961721E-01  1.34977833E-02
 9.92100436E-01  4.17006211E-02
 1.04103319E+00  6.05858812E-02
 1.11785334E+00  5.68019302E-02
 1.18456119E+00  2.51383176E-02
 1.21709153E+00 -8.10866618E-03
 1.20895381E+00 -1.25195293E-02
 1.16970834E+00 -6.51179118E-03
 1.12968324E+00 -2.44737814E-02
 1.10603160E+00 -4.27694117E-02
 1.09880920E+00 -2.46458017E-02
 1.10729995E+00  9.33249509E-03
 1.12055150E+00  2.77201005E-02
 1.13449399E+00  3.17523034E-02
 1.15528311E+00  2.40628404E-02
 1.17529179E+00  4.35168835E-03
 1.18281689E+00 -1.37880242E-02
 1.16979988E+00 -2.01186777E-02
 1.12970177E+00 -1.42137996E-02
 1.07694757E+00  8.13943500E-04
 1.04158843E+00  1.58571147E-02
 1.04130424E+00  2.61516341E-02
 1.08066050E+00  3.27690069E-02
 1.14435642E+00  3.34656086E-02
 1.19622773E+00  2.71534693E-02
 1.21448650E+00  1.29310500E-02
 1.19552176E+00 -1.10669384E-02
 1.14682865E+00 -3.82278791E-02
 1.09368750E+00 -5.66462145E-02
 1.05152765E+00 -5.80075136E-02
 1.02189956E+00 -3.76062350E-02
 1.01101331E+00  1.02349764E-04
 1.01957236E+00  4.10474554E-02
 1.04975020E+00  7.37896621E-02
 1.10663666E+00  8.87930025E-02
 1.17418228E+00  7.53340531E-02
 1.22458263E+00  3.46542846E-02
 1.23792156E+00 -7.21540860E-03
 1.20310971E+00 -2.07081607E-02
 1.13562350E+00 -1.94914388E-02
 1.07442662E+00 -3.42656197E-02
 1.04384835E+00 -4.42415222E-02
 1.05189042E+00 -1.74216021E-02
 1.09077443E+00  2.40664031E-02
 1.13108892E+00  4.70557245E-02
 1.15755215E+00  4.76560388E-02
 1.17113216E+00  2.55421225E-02
 1.16933592E+00 -1.40224250E-02
 1.15774901E+00 -4.77053748E-02
 1.13690008E+00 -5.94530415E-02
 1.09968272E+00 -4.67899369E-02
 1.05800810E+00 -1.66170052E-02
 1.03244369E+00  1.18966624E-02
 1.03665816E+00  2.84802315E-02
 1.07892306E+00  3.42882046E-02
 1.14357782E+00  2.98257629E-02
 1.19485573E+00  2.13083696E-02
 1.21130804E+00  1.12470257E-02
 1.18705003E+00 -4.48526030E-03
 1.13406579E+00 -2.18490822E-02
 1.08584168E+00 -3.39434024E-02
 1.06116579E+00 -3.57010000E-02
 1.06040272E+00 -2.18008565E-02
 1.07867075E+00  2.82499755E-03
 1.09771791E+00  2.49838792E-02
 1.10935470E+00  3.68984683E-02
 1.12044974E+00  3.54382695E-02
 1.13213742E+00  2.44067477E-02
 1.14761510E+00  1.58884708E-02
 1.16667805E+00  1.54091836E-02
 1.18014046E+00  2.10744194E-02
 1.18695511E+00  2.84252226E-02
 1.19025821E+00  2.76816398E-02
 1.19002087E+00  1.44110171E-02
 1.18759180E+00 -7.63706262E-03
 1.17870875E+00 -3.32218223E-02
 1.15420434E+00 -5.33942654E-02
 1.11221474E+00 -6.16506980E-02
 1.05796248E+00 -5.75324798E-02
 1.00478274E+00 -4.18062290E-02
 9.73760218E-01 -1.82608862E-02
 9.78509674E-01  9.01619762E-03
 1.02043450E+00  3.72359240E-02
 1.08716705E+00  6.00178193E-02
 1.15265682E+00  6.99869287E-02
 1.19704781E+00  6.17746876E-02
 1.21154459E+00  3.33964421E-02
 1.19661990E+00 -6.64732838E-03
 1.16569181E+00 -4.19726954E-02
 1.12713033E+00 -6.00442121E-02
 1.08374032E+00 -5.41120991E-02
 1.04650560E+00 -2.77496215E-02
 1.02603967E+00  4.47953076E-03
 1.03302670E+00  3.27349720E-02
 1.07592414E+00  5.17671262E-02
 1.13955176E+00  5.53420606E-02
 1.19289604E+00  4.26170550E-02
 1.21368132E+00  1.33727433E-02
 1.18971327E+00 -2.88029984E-02
 1.13045784E+00 -6.00641754E-02
 1.06780344E+00 -5.55589951E-02
 1.02131994E+00 -2.99419780E-02
 9.98822423E-01 -1.23206902E-02
 1.00689966E+00  1.06159510E-02
 1.03927837E+00  5.82896846E-02
 1.09226374E+00  9.53508959E-02
 1.16162195E+00  8.17167559E-02
 1.21348410E+00  3.91674338E-02
 1.21480625E+00  6.97039444E-03
 1.18889148E+00 -1.38349349E-02
 1.17581620E+00 -2.86286938E-02
 1.15170470E+00 -3.11516793E-02
 1.08230330E+00 -2.69803294E-02
 1.01738974E+00 -2.00302894E-02
 1.01906425E+00 -4.91408174E-03
 1.06101627E+00  1.50102483E-02
 1.09393760E+00  3.26819134E-02
 1.12259068E+00  4.18635489E-02
 1.15531677E+00  3.49738709E-02
 1.17683920E+00  1.50231945E-02
 1.18390058E+00 -6.34139410E-03
 1.17471309E+00 -2.22634403E-02
 1.14041577E+00 -2.83839514E-02
 1.09132786E+00 -2.39160747E-02
 1.04980476E+00 -1.46550566E-02
 1.03177991E+00 -2.42300418E-03
 1.04759130E+00  1.34851920E-02
 1.08813099E+00  2.81705496E-02
 1.12621645E+00  3.61924326E-02
 1.14705599E+00  3.27390928E-02
 1.14785027E+00  1.41302987E-02
 1.13378431E+00 -1.27357981E-02
 1.12357701E+00 -3.37027242E-02
 1.12472509E+00 -3.99242672E-02
 1.13107812E+00 -2.83820858E-02
 1.13840108E+00 -5.67493926E-03
 1.13771606E+00  1.20654878E-02
 1.12587985E+00  1.67356406E-02
 1.11111950E+00  1.01629895E-02
 1.09920176E+00  1.00455933E-03
 1.09629264E+00  5.45137593E-03
 1.10683339E+00  2.79399308E-02
 1.12705894E+00  5.51930304E-02
 1.14999573E+00  6.00448923E-02
 1.16605251E+00  1.26031842E-02
 1.16617368E+00 -7.40208737E-02
 1.14617157E+00 -1.54584290E-01
 1.10650483E+00 -2.06891184E-01
 1.05294529E+00 -2.18325234E-01
 9.92471974E-01 -1.82197026E-01
 9.33789040E-01 -1.15578207E-01
 8.92572023E-01 -2.77268179E-02
 8.84560581E-01  7.75281841E-02
 9.15427569E-01  1.74138002E-01
 9.72696052E-01  2.32993392E-01
 1.00873983E+00  2.34914857E-01
 9.73830150E-01  1.75280297E-01
 9.03809147E-01  9.54295409E-02
 8.72682494E-01  5.75923341E-02
 8.61630351E-01  6.41887296E-02
 8.32584067E-01  7.83547602E-02
 8.51520833E-01  8.11007782E-02
 9.73714444E-01  5.33883673E-02
 1.10011846E+00  2.75321536E-03
 1.10742496E+00 -3.04819485E-02
 1.04844303E+00 -5.11673659E-02
 1.03054913E+00 -8.67467905E-02
 1.01924323E+00 -1.29354829E-01
 9.57964353E-01 -1.66689292E-01
 8.79209745E-01 -1.82318927E-01
 8.10959540E-01 -1.46959525E-01
 7.70960778E-01 -6.56862752E-02
 7.99662335E-01  2.59464058E-02
 8.92703472E-01  9.57899912E-02
 1.00618085E+00  1.17009149E-01
 1.11851749E+00  1.05306832E-01
 1.20308777E+00  9.57074290E-02
 1.20583874E+00  3.26942754E-02
 1.09766974E+00 -1.47330417E-01
 9.23580584E-01 -3.27937939E-01
 7.67402353E-01 -3.51129873E-01
 6.75616048E-01 -2.75352525E-01
 6.59091195E-01 -2.31746075E-01
 6.87832732E-01 -2.01528314E-01
 6.98934601E-01 -1.43764767E-01
 7.16897789E-01 -7.62297581E-02
 8.11097916E-01  8.46539866E-03
 9.35289063E-01  8.03880301E-02
 1.01633610E+00  7.37640612E-02
 1.07699070E+00  3.09473415E-02
 1.14431541E+00  3.69801651E-02
 1.18491408E+00  7.29286456E-02
 1.17452950E+00  9.06731438E-02
 1.13634165E+00  9.08353196E-02
 1.09762268E+00  6.76038452E-02
 1.06083933E+00  2.07514609E-02
 1.02828266E+00 -1.68095131E-02
 1.01644212E+00 -2.73809709E-02
 1.03385469E+00 -1.43154991E-02
 1.06887534E+00  3.16619169E-03
 1.10251854E+00 -8.66934017E-03
 1.11930186E+00 -4.28566101E-02
 1.11017053E+00 -6.23306138E-02
 1.08676694E+00 -5.57427908E-02
 1.07559215E+00 -2.39484441E-02
 1.08203225E+00  9.86092659E-03
 1.08707569E+00  1.12312094E-02
 1.04809484E+00  3.11094795E-02
 9.25853909E-01  1.31189819E-01
 7.84592527E-01  1.88285069E-01
 7.35784366E-01  5.67238729E-02
 7.61423963E-01 -1.01684428E-01
 7.89988951E-01 -5.03269726E-02
 8.34624963E-01  8.52353354E-02
 9.03395011E-01  8.39354750E-02
 9.50646988E-01  3.56153874E-02
 9.57991423E-01  7.36963773E-02
 9.57837925E-01  1.25028383E-01
 9.90652829E-01  1.30415467E-01
 1.06097854E+00  1.37406116E-01
 1.14753021E+00  1.59483275E-01
 1.21937806E+00  1.46815414E-01
 1.22180620E+00  6.86614766E-02
 1.10255409E+00 -2.65336700E-02
 8.67231349E-01 -6.86853119E-02
 6.49099461E-01 -6.44308314E-02
 6.26194730E-01 -4.85952381E-02
 7.76652771E-01 -1.45374151E-02
 9.52454369E-01  3.39507206E-02
 1.09705715E+00  6.37253581E-02
 1.16839386E+00  5.83555356E-02
 1.15541589E+00  3.32743652E-02
 1.14194947E+00  1.48012410E-02
 1.14797151E+00  1.04188443E-02
 1.14362647E+00  1.58368345E-02
 1.14787078E+00  2.75088047E-02
 1.15903609E+00  3.28652251E-02
 1.15620044E+00  2.71730059E-02
 1.14263469E+00  1.85900295E-02
 1.12950185E+00  9.79870521E-03
 1.13101650E+00  3.59124605E-03
 1.14808966E+00  1.90706263E-03
 1.16653773E+00 -1.31804256E-04
 1.17490855E+00 -3.90444342E-03
 1.16320439E+00 -8.18997786E-03
 1.13945688E+00 -1.28490337E-02
 1.12550568E+00 -1.44268638E-02
 1.11626052E+00 -7.83982467E-03
 1.09731382E+00  1.11165863E-02
 1.08313460E+00  4.44726511E-02
 1.09104306E+00  8.87321732E-02
 1.11564731E+00  1.31583221E-01
 1.14791096E+00  1.55224368E-01
 1.18415412E+00  1.47079000E-01
 1.21320470E+00  1.03788104E-01
 1.21471553E+00  3.56089951E-02
 1.17080223E+00 -3.43165644E-02
 1.07734203E+00 -8.74289235E-02
 9.55509404E-01 -1.12168573E-01
 8.72327037E-01 -1.01687798E-01
 8.96326791E-01 -6.02775787E-02
 9.81753034E-01  5.48201621E-03
 1.02974863E+00  8.23045603E-02
 1.06131126E+00  1.31560641E-01
 1.13287432E+00  1.18295163E-01
 1.19971325E+00  6.67460490E-02
 1.21454170E+00  2.93055230E-02
 1.19319106E+00  1.13380159E-02
 1.15355718E+00 -1.21628702E-03
 1.11887534E+00 -4.08806645E-03
 1.12550036E+00 -3.35702623E-03
 1.15976983E+00 -6.10731030E-04
 1.17641848E+00  1.63282656E-02
 1.17851382E+00  3.48011178E-02
 1.18526117E+00  3.31821520E-02
 1.18623610E+00  1.52549741E-02
 1.17611039E+00 -6.98557619E-03
 1.15567099E+00 -2.46711073E-02
 1.11778879E+00 -2.59405893E-02
 1.07275795E+00 -1.35421474E-02
 1.04401543E+00 -2.60710696E-03
 1.04495743E+00  9.10151574E-03
 1.08077412E+00  2.74230765E-02
 1.13922780E+00  3.55820548E-02
 1.19028435E+00  1.89340094E-02
 1.21556487E+00 -5.48547002E-03
 1.21015659E+00 -1.48995582E-02
 1.17883818E+00 -2.08023833E-02
 1.14158210E+00 -4.11991530E-02
 1.10992419E+00 -5.46334244E-02
 1.08439115E+00 -3.52156357E-02
 1.06911964E+00 -6.02959885E-04
 1.06370773E+00  2.07233259E-02
 1.07052375E+00  2.68471042E-02
 1.09612632E+00  2.10914926E-02
 1.13200733E+00  4.49826504E-03
 1.16165063E+00 -1.03862937E-02
 1.17339384E+00 -1.45363909E-02
 1.15966316E+00 -9.15291361E-03
 1.12985482E+00  1.86349033E-03
 1.10811989E+00  9.84139562E-03
 1.10755930E+00  1.05670034E-02
 1.12975295E+00  7.04287641E-03
 1.16516439E+00  1.42966531E-03
 1.19012230E+00 -2.23332366E-03
 1.19248964E+00 -1.79016090E-03
 1.17494392E+00  7.46308930E-05
 1.14472457E+00  2.25600644E-03
 1.11888013E+00  3.83962545E-03
 1.10720019E+00  3.90604163E-03
 1.10691858E+00  3.85666218E-03
 1.11531190E+00  4.23358986E-03
 1.12511468E+00  4.85721795E-03
 1.13201994E+00  5.96976254E-03
 1.13934011E+00  6.99161565E-03
 1.14711014E+00  7.44862489E-03
 1.15496366E+00  7.28966351E-03
 1.16189518E+00  6.25359091E-03
 1.16320322E+00  4.33059811E-03
 1.15796501E+00  1.69915280E-03
 1.14819667E+00 -1.42200078E-03
 1.13532219E+00 -4.51922089E-03
 1.12259259E+00 -6.77623535E-03
 1.11295189E+00 -6.94914843E-03
 1.10788739E+00 -3.73114320E-03
 1.10975705E+00  3.23183334E-03
 1.11979595E+00  1.26814900E-02
 1.13559546E+00  2.07943064E-02
 1.15255714E+00  2.22156678E-02
 1.16561277E+00  1.38326917E-02
 1.16948785E+00 -3.61460289E-03
 1.16049798E+00 -2.35633314E-02
 1.13843314E+00 -3.50224039E-02
 1.10697131E+00 -3.11220189E-02
 1.07753317E+00 -1.16406102E-02
 1.07535722E+00  1.52295113E-02
 1.11932853E+00  3.36994976E-02
 1.17766371E+00  3.38795559E-02
 1.19662334E+00  1.48676955E-02
 1.17871011E+00 -1.59769074E-02
 1.15327494E+00 -4.21477181E-02
 1.12192060E+00 -5.33517305E-02
 1.08859598E+00 -4.85699949E-02
 1.05620585E+00 -3.09706587E-02
 1.01624718E+00 -1.09686639E-02
 9.98950948E-01  5.31515922E-03
 1.04523366E+00  1.83599097E-02
 1.12553872E+00  2.59054979E-02
 1.18217193E+00  2.72750769E-02
 1.20417168E+00  2.09952834E-02
 1.19576473E+00  3.56317956E-03
 1.16023112E+00 -2.00902058E-02
 1.12458160E+00 -4.00269895E-02
 1.10785139E+00 -4.92308266E-02
 1.10853812E+00 -4.30785287E-02
 1.12150370E+00 -2.56579310E-02
 1.13209973E+00 -9.18487096E-03
 1.13400464E+00 -4.73899428E-04
 1.13385822E+00 -9.41087004E-04
 1.13102721E+00 -7.81561344E-03
 1.12519422E+00 -1.18919134E-02
 1.11592825E+00 -9.21400697E-03
 1.09835560E+00 -2.16301026E-03
 1.07943031E+00  7.18304287E-03
 1.07343896E+00  1.38864638E-02
 1.08757832E+00  1.54389823E-02
 1.12344089E+00  1.39299801E-02
 1.16934597E+00  9.20683814E-03
 1.20124684E+00  1.19866651E-03
 1.20472152E+00 -9.32244104E-03
 1.17737542E+00 -2.24341503E-02
 1.12905292E+00 -3.46411127E-02
 1.08397376E+00 -4.01219581E-02
 1.05783810E+00 -3.55043287E-02
 1.05406710E+00 -1.99641290E-02
 1.07091640E+00  2.10389420E-03
 1.09620004E+00  2.14983850E-02
 1.12285520E+00  3.17335716E-02
 1.15101552E+00  3.01310950E-02
 1.17319981E+00  1.83723898E-02
 1.18178214E+00  3.44047208E-03
 1.17011115E+00 -1.02026354E-02
 1.13257563E+00 -2.11137376E-02
 1.08184261E+00 -2.72964666E-02
 1.04290501E+00 -2.88093887E-02
 1.03263881E+00 -2.45154734E-02
 1.05869566E+00 -1.23154242E-02
 1.11017828E+00  3.98259166E-03
 1.15783464E+00  1.75131841E-02
 1.18403740E+00  2.29504472E-02
 1.18428870E+00  1.65933393E-02
 1.16163924E+00  1.57033650E-03
 1.13307101E+00 -1.29906583E-02
 1.10716224E+00 -2.17107973E-02
 1.08246824E+00 -2.27731294E-02
 1.06550459E+00 -1.72833656E-02
 1.06132542E+00 -1.10946811E-02
 1.07493124E+00 -6.62201359E-03
 1.11227272E+00 -2.60240933E-03
 1.16001270E+00  3.75482990E-04
 1.19274729E+00  2.70209373E-03
 1.19416845E+00  3.72175215E-03
 1.15769096E+00  7.91458835E-04
 1.09796424E+00 -4.86652400E-03
 1.04948266E+00 -9.91719425E-03
 1.03267362E+00 -1.23802778E-02
 1.05115201E+00 -1.06007223E-02
 1.09458348E+00 -5.85819542E-03
 1.13397421E+00 -2.36290281E-03
 1.15337867E+00 -2.06303869E-03
 1.15428133E+00 -4.97347260E-03
 1.14033868E+00 -9.96866936E-03
 1.12539388E+00 -1.37685604E-02
 1.11600047E+00 -1.47564439E-02
 1.10657090E+00 -1.34762428E-02
 1.09927701E+00 -1.03710202E-02
 1.09673336E+00 -6.85367049E-03
 1.10153075E+00 -3.74431171E-03
 1.12023813E+00 -5.13102760E-04
 1.14777432E+00  2.58515447E-03
 1.17095073E+00  5.14933132E-03
 1.18174390E+00  6.73776995E-03
 1.17503057E+00  6.30034218E-03
 1.15443493E+00  3.54217643E-03
 1.13330625E+00 -1.11349032E-03
 1.11859389E+00 -7.12607769E-03
 1.11126809E+00 -1.32650513E-02
 1.11021807E+00 -1.77185211E-02
 1.10865051E+00 -1.86590052E-02
 1.10472982E+00 -1.47115793E-02
 1.10291154E+00 -5.78780743E-03
 1.10554821E+00  5.72711020E-03
 1.11584019E+00  1.57016819E-02
 1.13421301E+00  2.09608636E-02
 1.15516136E+00  2.00519935E-02
 1.17288988E+00  1.42822274E-02
 1.18113320E+00  7.64664227E-03
 1.17522583E+00  2.63903464E-03
 1.15628989E+00 -6.50309640E-05
 1.13150566E+00 -5.82142246E-04
 1.11236880E+00 -7.49493457E-04
 1.10763497E+00 -1.03099851E-03
 1.11984833E+00 -3.49166240E-04
 1.14321950E+00  9.75288366E-04
 1.16437218E+00  2.49577384E-03
 1.17465165E+00  3.57491788E-03
 1.17204064E+00  2.94429469E-03
 1.15885419E+00  1.31863147E-03
 1.14394865E+00  7.18621784E-04
 1.13202008E+00  2.08611176E-03
 1.12260405E+00  5.69685901E-03
 1.11817277E+00  1.04048636E-02
 1.11983709E+00  1.34854975E-02
 1.12889960E+00  1.34827699E-02
 1.14733082E+00  1.03040380E-02
 1.16791615E+00  4.54363388E-03
 1.17822062E+00 -1.85719549E-03
 1.17068930E+00 -7.42299649E-03
 1.14341422E+00 -1.14251124E-02
 1.10692245E+00 -1.24774703E-02
 1.08229559E+00 -9.59596354E-03
 1.08197719E+00 -2.63680780E-03
 1.10705040E+00  7.28134034E-03
 1.14613075E+00  1.54592885E-02
 1.17482482E+00  1.60919133E-02
 1.17925996E+00  8.76414217E-03
 1.16071015E+00  1.47483158E-03
 1.13083788E+00  1.55471390E-02
 1.11371767E+00  6.76671100E-02
 1.12190724E+00  1.22801289E-01
 1.14989123E+00  1.23808843E-01
 1.18227600E+00  7.46134360E-02
 1.19196880E+00  9.29463118E-03
 1.16397269E+00 -6.43379191E-02
 1.10427628E+00 -1.28224954E-01
 1.03219743E+00 -1.48388177E-01
 9.81411086E-01 -1.14490948E-01
 9.74045160E-01 -5.23678838E-02
 1.01063730E+00 -3.52027223E-03
 1.07675127E+00  1.87571660E-02
 1.14067005E+00  2.23410936E-02
 1.18042077E+00  9.80050547E-03
 1.19149802E+00 -5.98463448E-03
 1.17543528E+00 -1.49576895E-02
 1.14623948E+00 -2.15148804E-02
 1.11207869E+00 -2.34888323E-02
 1.07223177E+00 -1.66573601E-02
 1.03789716E+00  4.06116056E-03
 1.02233874E+00  4.27837686E-02
 1.03665370E+00  7.39656953E-02
 1.08936557E+00  6.41922781E-02
 1.16298996E+00  3.00197392E-02
 1.22160810E+00  8.31299651E-03
 1.24099660E+00 -4.25859676E-03
 1.21010867E+00 -2.04801407E-02
 1.14221957E+00 -3.18087939E-02
 1.07580640E+00 -3.56196047E-02
 1.03376784E+00 -3.36800103E-02
 1.02180766E+00 -2.04983130E-02
 1.03871613E+00  1.04147688E-03
 1.06656824E+00  2.11161557E-02
 1.09766118E+00  3.30845905E-02
 1.13627349E+00  3.14593574E-02
 1.17245219E+00  1.77132784E-02
 1.19458817E+00  9.39053910E-04
 1.19217443E+00 -1.38957005E-02
 1.15413984E+00 -2.46666720E-02
 1.09461345E+00 -2.93756031E-02
 1.04545044E+00 -2.96547167E-02
 1.02701081E+00 -2.48159724E-02
 1.04896076E+00 -1.25385083E-02
 1.10044461E+00  3.05467384E-03
 1.14850115E+00  1.52394131E-02
 1.17511112E+00  1.88462662E-02
 1.17823979E+00  1.02821731E-02
 1.16166917E+00 -5.90417613E-03
 1.14340829E+00 -1.86021685E-02
 1.13109365E+00 -2.15100577E-02
 1.11879305E+00 -1.32571845E-02
 1.10829977E+00  2.08737331E-03
 1.10000102E+00  1.38007081E-02
 1.09619648E+00  1.64080866E-02
 1.10540126E+00  1.09047393E-02
 1.12373981E+00  1.43572840E-04
 1.13969213E+00 -8.65423243E-03
 1.14672180E+00 -1.16908266E-02
 1.13988814E+00 -1.07999429E-02
 1.12317404E+00 -7.38298132E-03
 1.11001746E+00 -4.54448512E-03
 1.10658841E+00 -3.96502743E-03
 1.11255527E+00 -3.65377260E-03
 1.12417312E+00 -2.79015717E-03
 1.13123025E+00 -6.35385358E-04
 1.12957345E+00  3.27529019E-03
 1.12332489E+00  7.44187724E-03
 1.11814821E+00  1.11139132E-02
 1.12324134E+00  1.40070059E-02
 1.14275834E+00  1.53404418E-02
 1.17119622E+00  1.47832034E-02
 1.19738346E+00  1.14623042E-02
 1.20506045E+00  4.18314683E-03
 1.18365349E+00 -6.88892293E-03
 1.13429917E+00 -2.00090493E-02
 1.07001556E+00 -3.10052318E-02
 1.01459998E+00 -3.40466883E-02
 9.85726175E-01 -2.54293092E-02
 9.89748999E-01 -5.12009036E-03
 1.02292038E+00  2.14189047E-02
 1.06908607E+00  4.40780711E-02
 1.11711508E+00  5.53926804E-02
 1.16260530E+00  5.23571620E-02
 1.19738592E+00  3.73287363E-02
 1.21637200E+00  1.85809415E-02
 1.21291068E+00  1.50237089E-03
 1.17998326E+00 -1.21641320E-02
 1.12857961E+00 -2.08539703E-02
 1.08078510E+00 -2.57334032E-02
 1.05396328E+00 -2.59107249E-02
 1.06025818E+00 -1.84152460E-02
 1.09448573E+00 -5.50496093E-03
 1.13455565E+00  8.16982715E-03
 1.16771900E+00  1.83546641E-02
 1.18901369E+00  2.05503652E-02
 1.19504992E+00  1.54354711E-02
 1.19122879E+00  8.37081463E-03
 1.17623209E+00  2.54319636E-03
 1.14305411E+00  4.72080172E-04
 1.09820463E+00  5.14357297E-03
 1.05332070E+00  1.74000084E-02
 1.01874050E+00  3.85149845E-02
 1.00512678E+00  6.84682122E-02
 1.00882495E+00  9.95909508E-02
 1.01467793E+00  1.20534287E-01
 1.01629823E+00  1.24241965E-01
 1.01405265E+00  1.10172932E-01
 1.01509739E+00  9.09213933E-02
 1.03564689E+00  8.26800935E-02
 1.08080269E+00  7.25360794E-02
 1.14215745E+00  3.70359595E-02
 1.20530523E+00 -7.17199598E-03
 1.24726388E+00 -3.29262430E-02
 1.25255868E+00 -5.29971253E-02
 1.22027147E+00 -8.43503670E-02
 1.15919397E+00 -1.07504350E-01
 1.08994883E+00 -9.94937087E-02
 1.03059704E+00 -6.42626911E-02
 9.91749740E-01 -1.41745460E-02
 9.82886773E-01  3.58864807E-02
 1.00611213E+00  6.93003271E-02
 1.06075098E+00  1.04495648E-01
 1.13995724E+00  1.66196069E-01
 1.21194714E+00  1.94254382E-01
 1.23415385E+00  1.13790602E-01
 1.18310705E+00 -1.03093483E-02
 1.06775750E+00 -6.54091530E-02
 9.59909864E-01 -6.05209337E-02
 9.48234107E-01 -4.46574335E-02
 9.92820153E-01 -2.49037477E-02
 9.90553227E-01 -2.34676707E-02
 9.63851153E-01 -3.39686330E-02
 9.75140094E-01 -8.68740102E-03
 1.01700410E+00  3.53926504E-02
 1.08539893E+00  5.15541441E-02
 1.15839780E+00  4.59958149E-02
 1.17930017E+00  3.18704547E-02
 1.16705825E+00  1.13249812E-02
 1.17756959E+00  8.07755829E-04
 1.18496523E+00  8.40917676E-04
 1.14917221E+00 -4.09632795E-03
 1.09802013E+00 -7.37707446E-03
 1.06365221E+00  2.87635606E-03
 1.04204083E+00  1.98472306E-02
 1.03306657E+00  3.52641530E-02
 1.04897737E+00  4.56254868E-02
 1.09033326E+00  4.53609567E-02
 1.14353988E+00  3.54788225E-02
 1.19089966E+00  2.41263011E-02
 1.21621888E+00  1.48382812E-02
 1.20909343E+00  8.33907241E-03
 1.17607085E+00  4.94572074E-03
 1.13784625E+00  1.62740818E-03
 1.10728285E+00 -1.63741915E-03
 1.08950443E+00 -1.88103638E-03
 1.08500626E+00  3.70969146E-04
 1.08486958E+00  3.82684297E-03
 1.08803267E+00  7.24674323E-03
 1.10087794E+00  8.08672854E-03
 1.12125470E+00  6.62032517E-03
 1.14551276E+00  5.31963398E-03
 1.16831924E+00  4.87811666E-03
 1.18008787E+00  5.34536834E-03
 1.18043131E+00  6.07059590E-03
 1.17558058E+00  5.01757158E-03
 1.16747978E+00  1.98170260E-03
 1.15760571E+00 -1.24429374E-03
 1.14580394E+00 -2.29702293E-03
 1.12824374E+00  2.01746330E-03
 1.10659807E+00  1.31239186E-02
 1.08727144E+00  2.91032551E-02
 1.07601883E+00  4.46930632E-02
 1.07944433E+00  5.21367830E-02
 1.09993474E+00  4.62241196E-02
 1.13163835E+00  2.66907654E-02
 1.16126490E+00 -2.63649822E-04
 1.17082972E+00 -2.28572877E-02
 1.14910125E+00 -3.28710701E-02
 1.09890042E+00 -2.78982125E-02
 1.04349852E+00 -1.14044308E-02
 1.02024662E+00  6.47017030E-03
 1.04945919E+00  1.93334658E-02
 1.12375782E+00  2.58577360E-02
 1.19958791E+00  2.53067326E-02
 1.21811313E+00  2.05636010E-02
 1.19222457E+00  1.26367251E-02
 1.17400421E+00  2.96988616E-04
 1.14275589E+00 -1.15171527E-02
 1.06999573E+00 -1.56221708E-02
 1.01007767E+00 -7.01494644E-03
 1.01714287E+00  1.67458878E-02
 1.06204951E+00  4.76028458E-02
 1.09594721E+00  6.95066679E-02
 1.12351460E+00  7.23628424E-02
 1.15746865E+00  5.32778136E-02
 1.18205520E+00  1.93929327E-02
 1.18947371E+00 -1.15565777E-02
 1.17756581E+00 -2.88109582E-02
 1.13816261E+00 -3.05106682E-02
 1.08425419E+00 -1.93832183E-02
 1.04412558E+00 -6.23339465E-03
 1.03624860E+00  3.37640669E-03
 1.06921796E+00  1.11098395E-02
 1.12846789E+00  1.59127168E-02
 1.17734995E+00  1.86060032E-02
 1.19444349E+00  1.83523165E-02
 1.17556478E+00  1.08811357E-02
 1.12980795E+00 -8.93489884E-04
 1.08572821E+00 -1.01364703E-02
 1.05899160E+00 -1.23921091E-02
 1.04878940E+00 -4.17221958E-03
 1.05628262E+00  1.12639268E-02
 1.07446529E+00  2.43163374E-02
 1.10057048E+00  2.97841800E-02
 1.13942524E+00  2.63519442E-02
 1.18009828E+00  1.56590588E-02
 1.20499362E+00  4.41428464E-03
 1.20188434E+00 -3.95444349E-03
 1.16265961E+00 -9.78214262E-03
 1.10093945E+00 -1.18202247E-02
 1.04825320E+00 -1.02473101E-02
 1.02455159E+00 -4.75321380E-03
 1.03733894E+00  6.11127443E-03
 1.07807007E+00  1.87404336E-02
 1.11900561E+00  2.68411657E-02
 1.14494542E+00  2.63378784E-02
 1.15529005E+00  1.53754255E-02
 1.15190399E+00 -1.50772143E-03
 1.14706625E+00 -1.42718661E-02
 1.14494028E+00 -1.69324356E-02
 1.13843406E+00 -8.39140725E-03
 1.12915539E+00  7.12470155E-03
 1.11974350E+00  1.93265021E-02
 1.11335888E+00  2.24976922E-02
 1.11766916E+00  1.70379912E-02
 1.12958697E+00  6.17848995E-03
 1.13847440E+00 -2.18619913E-03
 1.13904980E+00 -3.85821334E-03
 1.12836915E+00 -4.07147798E-04
 1.10984428E+00  6.04906288E-03
 1.09474369E+00  1.08869934E-02
 1.08845635E+00  1.15860112E-02
 1.09092653E+00  9.92946261E-03
 1.10106868E+00  7.09348409E-03
 1.11325825E+00  4.98789849E-03
 1.12472241E+00  4.81370355E-03
 1.13688253E+00  5.23493820E-03
 1.14841717E+00  5.71173540E-03
 1.15803123E+00  5.92879932E-03
 1.16381851E+00  5.54918064E-03
 1.16165221E+00  5.40679389E-03
 1.15044933E+00  5.83432912E-03
 1.13171042E+00  6.70080059E-03
 1.10751056E+00  8.07732236E-03
 1.08266391E+00  9.59751784E-03
 1.06421613E+00  1.09562208E-02
 1.05931495E+00  1.20839704E-02
 1.07327712E+00  1.27268150E-02
 1.10625581E+00  1.27142105E-02
 1.14853131E+00  1.20097854E-02
 1.18343122E+00  1.05888678E-02
 1.19820390E+00  8.55033934E-03
 1.18714048E+00  6.12387152E-03
 1.15579471E+00  3.66011926E-03
 1.12076861E+00  1.61753302E-03
 1.09300493E+00  4.61417235E-04
 1.07662461E+00  5.49298455E-04
 1.07316364E+00  1.94650689E-03
 1.07733206E+00  4.38900245E-03
 1.08822208E+00  7.42247878E-03
 1.10915271E+00  1.02915066E-02
 1.13475947E+00  1.18058679E-02
 1.15687820E+00  1.07169042E-02
 1.16784864E+00  6.32653185E-03
 1.15998248E+00 -9.51383998E-04
 1.13744705E+00 -8.66059071E-03
 1.11371998E+00 -1.29857186E-02
 1.09709405E+00 -1.13269055E-02
 1.09221704E+00 -3.18931626E-03
 1.09870988E+00  8.63563373E-03
 1.10849819E+00  1.85023527E-02
 1.11890389E+00  2.26574175E-02
 1.13170389E+00  2.01252184E-02
 1.14457446E+00  1.26807162E-02
 1.15590068E+00  5.27081244E-03
 1.16231097E+00  7.30207049E-04
 1.15777622E+00 -9.38329429E-04
 1.14308813E+00 -4.10885061E-04
 1.12350574E+00 -2.00044748E-04
 1.10277195E+00 -1.11854595E-03
 1.08548844E+00 -1.47872116E-03
 1.07483012E+00 -3.88184855E-04
 1.07099154E+00  3.23178511E-03
 1.07620821E+00  9.47788193E-03
 1.09254821E+00  1.62106091E-02
 1.11712336E+00  2.12011786E-02
 1.14467822E+00  2.21162661E-02
 1.16926030E+00  1.72090340E-02
 1.18427908E+00  6.90987723E-03
 1.18659134E+00 -6.06065613E-03
 1.17661720E+00 -1.73097842E-02
 1.15416318E+00 -2.32560953E-02
 1.12082228E+00 -2.23417162E-02
 1.08309756E+00 -1.57323329E-02
 1.04961225E+00 -7.23189801E-03
 1.02929438E+00  7.02669288E-04
 1.02923880E+00  7.34228051E-03
 1.04822134E+00  1.24131661E-02
 1.07808069E+00  1.70054859E-02
 1.11229195E+00  2.06972213E-02
 1.14503135E+00  2.13582068E-02
 1.17071547E+00  1.82060168E-02
 1.18675633E+00  1.09375910E-02
 1.18807920E+00  2.94138015E-04
 1.16961792E+00 -1.08433578E-02
 1.13550034E+00 -1.91384729E-02
 1.09523838E+00 -2.12201160E-02
 1.05851532E+00 -1.45365816E-02
 1.03538880E+00  6.36704654E-04
 1.02990518E+00  1.97282581E-02
 1.03954347E+00  3.51594352E-02
 1.06408100E+00  4.09542919E-02
 1.10196027E+00  3.44670367E-02
 1.14435210E+00  1.83023128E-02
 1.18015732E+00  1.14448155E-04
 1.19779294E+00 -1.49137542E-02
 1.18816165E+00 -2.45997491E-02
 1.15595102E+00 -2.78190179E-02
 1.11646654E+00 -2.64947796E-02
 1.08104614E+00 -2.06638118E-02
 1.05790522E+00 -8.70576253E-03
 1.05084557E+00  6.51663506E-03
 1.05578373E+00  2.04277737E-02
 1.07318351E+00  2.87578740E-02
 1.10516907E+00  2.73834970E-02
 1.14292998E+00  1.78553208E-02
 1.17385402E+00  6.39692891E-03
 1.18627427E+00 -3.11276715E-03
 1.17078849E+00 -8.25013765E-03
 1.13417177E+00 -8.11898270E-03
 1.09598928E+00 -5.05426771E-03
 1.06903164E+00  6.52156734E-04
 1.06038365E+00  9.88631926E-03
 1.07044123E+00  1.97228285E-02
 1.08895814E+00  2.62074597E-02
 1.11210243E+00  2.58205314E-02
 1.14091310E+00  1.56823330E-02
 1.16820389E+00 -1.31257623E-03
 1.18618608E+00 -1.77509828E-02
 1.18663080E+00 -2.84841394E-02
 1.16109950E+00 -3.02096902E-02
 1.11636589E+00 -2.20916578E-02
 1.07034535E+00 -6.57065872E-03
 1.03663925E+00  1.77635432E-02
 1.02640822E+00  5.64057941E-02
 1.04450807E+00  1.15622117E-01
 1.08430464E+00  1.86678305E-01
 1.13808862E+00  2.06065989E-01
 1.19091096E+00  1.08497549E-01
 1.20539835E+00 -3.79053082E-02
 1.15253998E+00 -1.07126277E-01
 1.06853421E+00 -1.01939476E-01
 1.01901493E+00 -7.49456985E-02
 1.00925746E+00 -1.82231068E-02
 1.01864575E+00  5.18674624E-02
 1.05925031E+00  8.71825412E-02
 1.12217815E+00  7.37071946E-02
 1.14643529E+00  3.10420212E-02
 1.08783838E+00 -7.83119665E-03
 1.00282553E+00 -3.15888676E-02
 9.81748416E-01 -4.66707381E-02
 9.96588712E-01 -5.10291870E-02
 9.77199133E-01 -4.90222564E-02
 9.55234537E-01 -4.09224651E-02
 9.75690215E-01 -1.66129929E-02
 1.02548153E+00  1.49282992E-02
 1.09466670E+00  3.52087208E-02
 1.16461657E+00  3.52282424E-02
 1.19559854E+00  1.26052283E-02
 1.19348377E+00 -1.10241000E-02
 1.19100533E+00 -5.23700244E-03
 1.17880760E+00  8.41980593E-03
 1.14026456E+00 -1.22112268E-02
 1.09059248E+00 -4.96460373E-02
 1.04499642E+00 -6.62881287E-02
 1.01192003E+00 -5.99012741E-02
 1.00472349E+00 -3.27026830E-02
 1.02396193E+00  6.47689556E-03
 1.05678225E+00  3.01968819E-02
 1.09470510E+00  3.68518029E-02
 1.13000702E+00  4.23860495E-02
 1.15486891E+00  3.80214815E-02
 1.16709667E+00  1.42862749E-02
 1.16170845E+00 -1.70230607E-02
 1.13564788E+00 -4.30217203E-02
 1.10294428E+00 -5.46684391E-02
 1.08516196E+00 -4.51919896E-02
 1.09494605E+00 -2.76141154E-02
 1.13125363E+00 -2.31920362E-02
 1.16315461E+00 -2.04252236E-02
 1.15178599E+00  2.50505808E-03
 1.12392065E+00  2.50715009E-02
 1.13151735E+00  1.86992987E-02
 1.14209464E+00 -1.52150736E-03
 1.10433223E+00 -1.07986513E-02
 1.05737637E+00 -1.01158678E-02
 1.05375912E+00 -2.96400803E-03
 1.07242716E+00  1.12123431E-02
 1.08421362E+00  2.31676524E-02
 1.10540839E+00  2.65322313E-02
 1.14784323E+00  2.30208717E-02
 1.19193022E+00  1.47289701E-02
 1.21857879E+00  6.44664948E-03
 1.21963462E+00  5.04678494E-04
 1.18939255E+00 -5.34065392E-03
 1.13785593E+00 -1.11687761E-02
 1.09047667E+00 -1.69749549E-02
 1.06352259E+00 -2.24062201E-02
 1.06185656E+00 -2.46389288E-02
 1.07803696E+00 -2.25176498E-02
 1.09018574E+00 -1.62319182E-02
 1.08769578E+00 -5.77608834E-03
 1.07422286E+00  7.40127903E-03
 1.05831135E+00  2.11976882E-02
 1.05790861E+00  3.34984949E-02
 1.08091729E+00  4.16993754E-02
 1.11976088E+00  4.36742289E-02
 1.16406094E+00  3.87432864E-02
 1.19693127E+00  2.75043218E-02
 1.20692308E+00  1.12782621E-02
 1.19528464E+00 -7.41232234E-03
 1.16743845E+00 -2.42721428E-02
 1.13511800E+00 -3.43660102E-02
 1.10804046E+00 -3.37071186E-02
 1.08891599E+00 -2.09937047E-02
 1.08000814E+00 -8.57406307E-04
 1.08050891E+00  1.76664412E-02
 1.09072484E+00  2.77829060E-02
 1.11301102E+00  2.63859764E-02
 1.14215551E+00  1.62394142E-02
 1.16896141E+00  5.98244661E-03
 1.18528222E+00  4.15316938E-04
 1.18427959E+00 -9.31122665E-05
 1.16932427E+00  3.20186705E-03
 1.15234736E+00  5.37181281E-03
 1.14040714E+00  4.90129547E-03
 1.13640194E+00  4.57132503E-03
 1.13872933E+00  5.27980695E-03
 1.13913636E+00  8.34474141E-03
 1.13534355E+00  1.39107540E-02
 1.13104521E+00  1.90880211E-02
 1.12835957E+00  2.25287285E-02
 1.13130580E+00  2.37186248E-02
 1.14064139E+00  2.17919940E-02
 1.15135721E+00  1.75229536E-02
 1.15957328E+00  1.25297357E-02
 1.16133495E+00  8.57549397E-03
 1.15365808E+00  7.46179915E-03
 1.13838536E+00  9.88358020E-03
 1.12107932E+00  1.44516727E-02
 1.10969688E+00  1.83532945E-02
 1.11034415E+00  1.97363921E-02
 1.12411707E+00  1.80826405E-02
 1.14526697E+00  1.42886732E-02
 1.16243202E+00  1.08421618E-02
 1.16820419E+00  8.92695691E-03
 1.16115686E+00  8.15284377E-03
 1.14532068E+00  7.92165653E-03
 1.13097222E+00  6.77311289E-03
 1.12379806E+00  4.14572559E-03
 1.12322352E+00  9.35454415E-04
 1.12710541E+00 -2.16648261E-03
 1.12943931E+00 -4.17938577E-03
 1.12766597E+00 -4.37801319E-03
 1.12468048E+00 -2.97359089E-03
 1.12238068E+00 -1.18200832E-04
 1.12369393E+00  3.84215056E-03
 1.12994651E+00  8.25483252E-03
 1.13843720E+00  1.24575249E-02
 1.14705014E+00  1.51476393E-02
 1.15347897E+00  1.47774333E-02
 1.15544737E+00  1.05883826E-02
 1.15279816E+00  3.04820958E-03
 1.14578097E+00 -5.06663838E-03
 1.13528695E+00 -9.36558084E-03
 1.12317147E+00 -6.93970071E-03
 1.11173890E+00  2.62614378E-03
 1.10499864E+00  1.59269353E-02
 1.10759930E+00  2.62310668E-02
 1.12225336E+00  2.90421252E-02
 1.14821482E+00  2.32028788E-02
 1.17805088E+00  1.09587296E-02
 1.19943888E+00 -1.53286023E-03
 1.20331363E+00 -1.03996873E-02
 1.18623887E+00 -1.48389120E-02
 1.15363190E+00 -1.45629406E-02
 1.11951021E+00 -1.14910454E-02
 1.09398642E+00 -6.27207873E-03
 1.08206892E+00  2.10317766E-03
 1.08601396E+00  1.16677514E-02
 1.10181015E+00  1.94041231E-02
 1.12726645E+00  2.26171569E-02
 1.16095188E+00  1.86257899E-02
 1.19159823E+00  8.74700425E-03
 1.20451390E+00 -2.34702688E-03
 1.18878276E+00 -1.12773057E-02
 1.14006173E+00 -1.52760875E-02
 1.07408466E+00 -1.24533050E-02
 1.02176872E+00 -3.31448344E-03
 1.00418800E+00  1.20072222E-02
 1.02943519E+00  3.24338950E-02
 1.08703282E+00  5.18039269E-02
 1.14651610E+00  6.17577326E-02
 1.18890941E+00  5.60840207E-02
 1.20888304E+00  3.25002324E-02
 1.20462663E+00 -1.85001379E-03
 1.18626421E+00 -3.22428342E-02
 1.15721262E+00 -4.82311531E-02
 1.11331116E+00 -4.50902085E-02
 1.06552813E+00 -2.51591187E-02
 1.02965764E+00  5.74110916E-04
 1.01943776E+00  2.50838459E-02
 1.04724529E+00  4.54488808E-02
 1.10323171E+00  5.61205233E-02
 1.15997906E+00  5.43877120E-02
 1.19933626E+00  3.82623387E-02
 1.21080722E+00  8.27912440E-03
 1.19526557E+00 -1.93021012E-02
 1.16961463E+00 -2.59140478E-02
 1.14130972E+00 -2.10929581E-02
 1.11020036E+00 -2.37297600E-02
 1.08428362E+00 -2.04394642E-02
 1.06948036E+00  7.08734631E-03
 1.07347089E+00  3.70523517E-02
 1.10512280E+00  4.17549006E-02
 1.15278018E+00  3.19511388E-02
 1.19206601E+00  2.67025837E-02
 1.20672859E+00  2.02577018E-02
 1.18818754E+00  6.09408927E-03
 1.14624596E+00 -8.31780334E-03
 1.10894276E+00 -1.82149017E-02
 1.09156970E+00 -2.12937221E-02
 1.09612103E+00 -1.30710563E-02
 1.11771440E+00  2.74006754E-03
 1.13825760E+00  1.60086438E-02
 1.14931358E+00  2.06875487E-02
 1.15481555E+00  1.42844645E-02
 1.15426873E+00  6.87039411E-04
 1.15061341E+00 -9.28251305E-03
 1.14470594E+00 -1.02734394E-02
 1.13182351E+00 -2.92932817E-03
 1.11810423E+00  9.51888904E-03
 1.11490856E+00  1.88392878E-02
 1.12795934E+00  2.07606409E-02
 1.15868587E+00  1.68688513E-02
 1.19409283E+00  8.69719507E-03
 1.20951679E+00  2.37551281E-04
 1.19119845E+00 -5.76696074E-03
 1.13911859E+00 -9.84227751E-03
 1.07058782E+00 -1.03274486E-02
 1.02002433E+00 -5.45786680E-03
 1.00911124E+00  5.21568271E-03
 1.04075064E+00  2.14065858E-02
 1.10198298E+00  3.73932214E-02
 1.16076470E+00  4.39375947E-02
 1.19622117E+00  3.54507991E-02
 1.20439593E+00  1.13642342E-02
 1.18602244E+00 -1.99332247E-02
 1.15438096E+00 -4.24397706E-02
 1.11713247E+00 -4.57918938E-02
 1.07380356E+00 -2.78411717E-02
 1.03794175E+00  4.12866223E-03
 1.02567443E+00  3.28868361E-02
 1.04705096E+00  4.76578348E-02
 1.10404267E+00  4.67452326E-02
 1.16520210E+00  3.33037874E-02
 1.18800295E+00  1.83701037E-02
 1.18561809E+00  7.69348052E-03
 1.19373853E+00 -4.23992311E-04
 1.19121846E+00 -5.58862022E-03
 1.15145249E+00 -9.58707113E-03
 1.11480201E+00 -1.20824821E-02
 1.12502003E+00 -8.63129879E-03
 1.15573907E+00 -9.74923818E-04
 1.16358323E+00  6.06143655E-03
 1.15340863E+00  9.41417418E-03
 1.14014445E+00  6.00323799E-03
 1.12142549E+00 -1.62143601E-03
 1.10594466E+00 -5.87021366E-03
 1.10218429E+00 -3.29798243E-03
 1.10498917E+00  6.00564942E-03
 1.11245471E+00  1.85916355E-02
 1.12347950E+00  2.64496141E-02
 1.13594094E+00  2.54898271E-02
 1.15114559E+00  1.67119947E-02
 1.16590300E+00  3.15918141E-03
 1.17398662E+00 -8.52913409E-03
 1.17207599E+00 -1.41106966E-02
 1.15855306E+00 -1.37521808E-02
 1.13767505E+00 -8.61821425E-03
 1.11927120E+00 -2.22973157E-03
 1.10997417E+00  3.15397626E-03
 1.11246037E+00  8.00682592E-03
 1.12425140E+00  1.19053420E-02
 1.13688479E+00  1.48001491E-02
 1.14554186E+00  1.61123563E-02
 1.14983891E+00  1.39769619E-02
 1.15066677E+00  8.80156812E-03
 1.15230893E+00  2.43927126E-03
 1.15584006E+00 -3.56658893E-03
 1.15814726E+00 -7.25724088E-03
 1.15791991E+00 -7.96424634E-03
 1.15367640E+00 -6.55013251E-03
 1.14557017E+00 -3.12292565E-03
 1.13746980E+00  2.11429860E-03
 1.13296527E+00  7.79106748E-03
 1.13526270E+00  1.24170857E-02
 1.14620225E+00  1.43033389E-02
 1.16313907E+00  1.20319852E-02
 1.17810338E+00  6.53857158E-03
 1.18016193E+00  4.61750332E-04
 1.16234759E+00 -4.19554200E-03
 1.12547462E+00 -5.86968511E-03
 1.08204021E+00 -3.80455153E-03
 1.05361996E+00  1.27997837E-03
 1.05449467E+00  9.00923493E-03
 1.08732876E+00  1.86413054E-02
 1.14097967E+00  2.68027377E-02
 1.19037018E+00  2.91689357E-02
 1.21851428E+00  2.26408741E-02
 1.22016926E+00  6.39160075E-03
 1.19670486E+00 -1.48046171E-02
 1.16088555E+00 -3.18783970E-02
 1.12019811E+00 -3.84352545E-02
 1.07549728E+00 -3.18130843E-02
 1.03595538E+00 -1.44388454E-02
 1.01119115E+00  5.62418617E-03
 1.01061015E+00  2.31079459E-02
 1.04300170E+00  3.60024960E-02
 1.09823067E+00  4.23586006E-02
 1.15289293E+00  4.28759945E-02
 1.19023004E+00  3.67274389E-02
 1.19998550E+00  2.17101790E-02
 1.18654890E+00  1.15009125E-03
 1.16945206E+00 -1.88796003E-02
 1.15580537E+00 -3.28562855E-02
 1.13993816E+00 -3.55225384E-02
 1.11083700E+00 -2.71756732E-02
 1.05956638E+00 -1.32892353E-02
 1.02571588E+00  2.72705192E-03
 1.06346514E+00  1.81182514E-02
 1.13564551E+00  2.93448882E-02
 1.16990729E+00  3.47308585E-02
 1.17794830E+00  3.14915157E-02
 1.19248964E+00  1.73792407E-02
 1.19516484E+00 -2.53220815E-03
 1.17640430E+00 -1.91347477E-02
 1.15487410E+00 -2.55647892E-02
 1.13863375E+00 -1.79805233E-02
 1.12417721E+00 -6.99353602E-04
 1.11059116E+00  1.47084856E-02
 1.10497569E+00  2.17175074E-02
 1.11485851E+00  1.91879304E-02
 1.13525167E+00  9.90598152E-03
 1.15555703E+00  2.58985833E-03
 1.16840695E+00  1.10754225E-03
 1.16745165E+00  3.31675771E-03
 1.15451460E+00  7.45350527E-03
 1.13993613E+00  9.28224515E-03
 1.12811469E+00  7.07247070E-03
 1.11924850E+00  3.84697156E-03
 1.11392503E+00  1.14886899E-03
 1.10913810E+00  6.30611379E-04
 1.10563333E+00  3.42952694E-03
 1.10844299E+00  7.73489484E-03
 1.11823480E+00  1.18249559E-02
 1.13410115E+00  1.40659345E-02
 1.15417653E+00  1.29788810E-02
 1.17287404E+00  9.01190777E-03
 1.18476576E+00  4.14834844E-03
 1.18566938E+00  1.27729748E-03
 1.17261695E+00  2.40296356E-03
 1.14786894E+00  7.55272572E-03
 1.12240965E+00  1.45343373E-02
 1.11113738E+00  1.89201421E-02
 1.12089134E+00  1.67472639E-02
 1.14442876E+00  4.82054874E-03
 1.15210792E+00 -2.04736744E-02
 1.11347695E+00 -5.49446713E-02
 1.06093786E+00 -7.28503930E-02
 1.05165113E+00 -4.81508788E-02
 1.05992106E+00 -4.16228212E-03
 1.03825111E+00  1.44885284E-02
 1.02863209E+00  1.31213097E-02
 1.08137728E+00  1.44954804E-02
 1.15638757E+00  9.80150873E-03
 1.19631657E+00 -5.65653198E-03
 1.19908009E+00 -1.94509340E-02
 1.17320299E+00 -2.72461540E-02
 1.12277797E+00 -3.10638992E-02
 1.07512093E+00 -3.09199920E-02
 1.05301114E+00 -2.35837521E-02
 1.05926059E+00 -6.05821616E-03
 1.08757682E+00  1.66623463E-02
 1.11967042E+00  3.54943826E-02
 1.14538749E+00  4.39643111E-02
 1.16643383E+00  3.77268822E-02
 1.18013215E+00  1.99460435E-02
 1.18691680E+00  1.06765471E-03
 1.18452445E+00 -1.27890123E-02
 1.16551165E+00 -1.95461517E-02
 1.13610978E+00 -1.93140994E-02
 1.11026744E+00 -1.70260063E-02
 1.09751641E+00 -1.42076215E-02
 1.10500947E+00 -8.80410641E-03
 1.12690831E+00 -2.23744626E-03
 1.14525352E+00  3.95282469E-03
 1.15084536E+00  7.76245637E-03
 1.14259027E+00  5.84428683E-03
 1.12555505E+00  1.42003023E-04
 1.11448319E+00 -3.92313659E-03
 1.11624519E+00 -3.50352002E-03
 1.12795134E+00  2.55538686E-03
 1.14640463E+00  1.15594720E-02
 1.16341012E+00  1.66976572E-02
 1.17393875E+00  1.47188663E-02
 1.17937248E+00  6.18608925E-03
 1.17763610E+00 -6.25251945E-03
 1.16703549E+00 -1.65076951E-02
 1.14753622E+00 -2.08910813E-02
 1.11910732E+00 -1.94303577E-02
 1.08963896E+00 -1.27805343E-02
 1.07214291E+00 -3.79143200E-03
 1.07496839E+00  5.38210518E-03
 1.10060035E+00  1.43073827E-02
 1.13982443E+00  2.06821634E-02
 1.17304128E+00  2.20339626E-02
 1.18728748E+00  1.67239739E-02
 1.17873830E+00  4.08922994E-03
 1.15357812E+00 -1.14871392E-02
 1.12953009E+00 -2.21921159E-02
 1.11693268E+00 -2.28202800E-02
 1.11656017E+00 -1.17692566E-02
 1.12675796E+00  6.00964580E-03
 1.13885901E+00  1.96392810E-02
 1.14907031E+00  2.24706797E-02
 1.16032883E+00  1.34185418E-02
 1.16966554E+00 -3.52948393E-03
 1.17354326E+00 -1.82122601E-02
 1.16879405E+00 -2.47781790E-02
 1.15096676E+00 -2.32186007E-02
 1.12550405E+00 -1.49347542E-02
 1.10481012E+00 -5.23339786E-03
 1.09679218E+00  3.10786309E-03
 1.10577783E+00  1.13369651E-02
 1.12840910E+00  1.81498762E-02
 1.15267808E+00  2.23451694E-02
 1.17160399E+00  2.26177955E-02
 1.18308698E+00  1.64559075E-02
 1.18572684E+00  5.99787918E-03
 1.18268050E+00 -3.48782494E-03
 1.17440491E+00 -8.57240558E-03
 1.15849728E+00 -7.03913867E-03
 1.13888121E+00 -4.49730510E-04
 1.12179668E+00  5.67258904E-03
 1.11277522E+00  8.52297574E-03
 1.11718962E+00  7.89179529E-03
 1.13267756E+00  4.75366393E-03
 1.15047763E+00  2.65436969E-03
 1.16514281E+00  2.93970568E-03
 1.17344938E+00  4.18468205E-03
 1.17472728E+00  5.65974326E-03
 1.17296432E+00  5.94906770E-03
 1.16894779E+00  4.58196562E-03
 1.16111385E+00  3.21617986E-03
 1.15181658E+00  2.93016269E-03
 1.14388737E+00  4.61893619E-03
 1.14046059E+00  8.76366748E-03
 1.14519127E+00  1.40356835E-02
 1.15569734E+00  1.78954373E-02
 1.16531442E+00  1.72693334E-02
 1.16989965E+00  1.02649984E-02
 1.16696260E+00 -2.34223817E-03
 1.15708805E+00 -1.60703817E-02
 1.14516035E+00 -2.38150088E-02
 1.13385682E+00 -2.09685691E-02
 1.12442517E+00 -7.15712469E-03
 1.12077042E+00  1.25444628E-02
 1.12613975E+00  2.81664917E-02
 1.14252144E+00  3.32286314E-02
 1.16948232E+00  2.65916519E-02
 1.19743166E+00  1.19156121E-02
 1.21125832E+00 -1.60403746E-03
 1.20150149E+00 -8.40684398E-03
 1.16695648E+00 -8.16687302E-03
 1.12055504E+00 -2.12627712E-03
 1.08715911E+00  4.80026570E-03
 1.08236043E+00  1.00833390E-02
 1.10836631E+00  1.47791781E-02
 1.15279010E+00  1.74389218E-02
 1.18802198E+00  1.67792517E-02
 1.19760326E+00  1.17810982E-02
 1.18111841E+00  1.02282568E-03
 1.14790094E+00 -1.13341388E-02
 1.12083623E+00 -1.76440616E-02
 1.11282925E+00 -1.34421883E-02
 1.12167921E+00  2.23662046E-03
 1.14301824E+00  2.32946687E-02
 1.16448566E+00  3.73518877E-02
 1.17890366E+00  3.70055556E-02
 1.18881041E+00  2.13901046E-02
 1.19108604E+00 -3.69679224E-03
 1.18296840E+00 -2.48883137E-02
 1.16315969E+00 -3.36020252E-02
 1.12954724E+00 -2.81151336E-02
 1.09283684E+00 -9.73643146E-03
 1.07193206E+00  1.39184144E-02
 1.07846342E+00  3.64641077E-02
 1.11573418E+00  5.32454921E-02
 1.16992110E+00  5.24814701E-02
 1.21175875E+00  2.74924325E-02
 1.22251125E+00 -4.48875849E-03
 1.19729211E+00 -2.04987571E-02
 1.14539628E+00 -2.94203540E-02
 1.09325105E+00 -4.92275588E-02
 1.05749523E+00 -5.84773918E-02
 1.04188079E+00 -3.03057473E-02
 1.04850551E+00  1.60338070E-02
 1.06998795E+00  4.88480711E-02
 1.10325624E+00  6.24857040E-02
 1.15067237E+00  5.64428207E-02
 1.19958354E+00  3.15669406E-02
 1.23158011E+00  3.33406147E-03
 1.23208422E+00 -1.72745410E-02
 1.19079708E+00 -2.88478870E-02
 1.12065157E+00 -3.04015453E-02
 1.05351631E+00 -2.59308730E-02
 1.01159495E+00 -1.58483290E-02
 1.00747454E+00  3.79796701E-03
 1.04073424E+00  2.78233526E-02
 1.09205911E+00  4.73226863E-02
 1.14860969E+00  5.49286492E-02
 1.20097838E+00  4.36524268E-02
 1.22412912E+00  1.71362969E-02
 1.20386080E+00 -1.18442812E-02
 1.16731083E+00 -3.52057815E-02
 1.15002120E+00 -4.79704413E-02
 1.13289298E+00 -4.81676377E-02
 1.08285766E+00 -4.02721202E-02
 1.04147949E+00 -2.52663712E-02
 1.06425447E+00 -2.14038609E-03
 1.12363819E+00  2.27072831E-02
 1.16950254E+00  4.08947443E-02
 1.19907966E+00  4.51014191E-02
 1.21325058E+00  2.98523521E-02
 1.20214046E+00  1.82455167E-03
 1.17442739E+00 -2.31734725E-02
 1.13720454E+00 -3.49240575E-02
 1.09052103E+00 -2.89248307E-02
 1.05051342E+00 -8.90014172E-03
 1.03790116E+00  1.15001026E-02
 1.06465000E+00  2.48645367E-02
 1.12951128E+00  3.01851024E-02
 1.19304146E+00  2.55383779E-02
 1.20497663E+00  1.36909264E-02
 1.18681627E+00 -3.53685591E-03
 1.18869589E+00 -2.50060636E-02
 1.17929997E+00 -3.73302750E-02
 1.11485704E+00 -2.79842198E-02
 1.04610086E+00 -1.05156106E-02
 1.03472982E+00 -3.07623817E-03
 1.05654232E+00  1.55460010E-02
 1.07115594E+00  6.92333620E-02
 1.09337179E+00  1.12090672E-01
 1.13841286E+00  8.60600254E-02
 1.18588614E+00  2.69888194E-02
 1.21830426E+00 -3.75557180E-04
 1.22687172E+00 -9.63684139E-03
 1.20088590E+00 -3.00825391E-02
 1.15063979E+00 -4.37440728E-02
 1.10470922E+00 -4.00104579E-02
 1.08136303E+00 -3.03223420E-02
 1.08896704E+00 -1.68804973E-02
 1.12189304E+00  8.89249291E-05
 1.15654184E+00  1.42445236E-02
 1.17904543E+00  1.99798904E-02
 1.18463600E+00  1.79110560E-02
 1.16348153E+00  2.60073976E-02
 1.12268450E+00  6.37164655E-02
 1.10283493E+00  1.09898497E-01
 1.13933656E+00  1.20032014E-01
 1.19098375E+00  7.20570886E-02
 1.18500256E+00 -3.34910786E-02
 1.13608182E+00 -1.50006798E-01
 1.09351552E+00 -2.01059057E-01
 1.04951630E+00 -1.84770254E-01
 9.99865594E-01 -1.47389074E-01
 9.72401885E-01 -9.28807015E-02
 9.77486762E-01 -2.83221322E-02
 1.00377397E+00  1.84264644E-02
 1.03794663E+00  4.40446239E-02
 1.07441841E+00  5.97053201E-02
 1.11181886E+00  7.65609550E-02
 1.14731726E+00  9.87061892E-02
 1.18115208E+00  1.18191862E-01
 1.20951433E+00  1.22725818E-01
 1.22272542E+00  9.66162124E-02
 1.21620174E+00  3.54105678E-02
 1.18865524E+00 -4.53598799E-02
 1.14226238E+00 -1.14874857E-01
 1.08709831E+00 -1.38351745E-01
 1.03729041E+00 -1.17732469E-01
 1.00840051E+00 -8.32333207E-02
 1.01330506E+00 -4.39198099E-02
 1.05484319E+00 -5.56650476E-03
 1.11861879E+00  1.45601944E-02
 1.17742620E+00  1.34273256E-02
 1.20967354E+00 -3.64247675E-04
 1.20447346E+00 -1.77030821E-02
 1.16711111E+00 -3.41392897E-02
 1.11989740E+00 -4.95913879E-02
 1.07655483E+00 -5.84613257E-02
 1.04194631E+00 -5.43724149E-02
 1.02297987E+00 -3.47837016E-02
 1.02000094E+00 -8.91006125E-04
 1.03775912E+00  3.00853683E-02
 1.08389887E+00  3.64305152E-02
 1.14559113E+00  2.62324001E-02
 1.19929805E+00  2.14824437E-02
 1.22708754E+00  1.95487864E-02
 1.21671502E+00  1.21538588E-02
 1.17840102E+00  6.76004702E-03
 1.14225609E+00  8.10758829E-03
 1.12508160E+00  1.61755261E-02
 1.13077548E+00  3.13901199E-02
 1.15312689E+00  4.03138213E-02
 1.17024238E+00  2.78994165E-02
 1.17337687E+00  1.29884274E-02
 1.16927771E+00  2.33281176E-02
 1.16320556E+00  3.84716612E-02
 1.16636512E+00  2.50166126E-02
 1.18247234E+00  1.46033292E-03
 1.20143074E+00 -3.08470947E-03
 1.21501937E+00 -1.86202767E-03
 1.21370092E+00 -1.18938144E-02
 1.19080666E+00 -2.34142619E-02
 1.15054093E+00 -2.78145918E-02
 1.10252134E+00 -2.75833279E-02
 1.06094394E+00 -2.12461545E-02
 1.03833597E+00 -5.71704919E-03
 1.03985598E+00  1.67067769E-02
 1.06350216E+00  4.01592396E-02
 1.09979063E+00  5.71825319E-02
 1.14084275E+00  6.18574817E-02
 1.18121747E+00  5.20177122E-02
 1.21202654E+00  3.11387709E-02
 1.22557855E+00  7.80496311E-03
 1.21462127E+00 -1.13548844E-02
 1.17506840E+00 -2.27691502E-02
 1.11958936E+00 -2.51592894E-02
 1.07179113E+00 -2.11922644E-02
 1.04957234E+00 -1.17562934E-02
 1.06261696E+00  3.51297914E-03
 1.10244533E+00  2.02138675E-02
 1.14336029E+00  3.25087174E-02
 1.17023194E+00  3.50882845E-02
 1.17931724E+00  2.39832554E-02
 1.17309577E+00  3.98523345E-03
 1.16602028E+00 -1.36351683E-02
 1.16315643E+00 -2.16086062E-02
 1.15887134E+00 -1.68914421E-02
 1.15420345E+00 -2.89217815E-03
 1.14904460E+00  9.72944284E-03
 1.14554023E+00  1.56686230E-02
 1.15138664E+00  1.54419309E-02
 1.16389168E+00  1.07379808E-02
 1.17414089E+00  7.39861715E-03
 1.17771776E+00  7.73660796E-03
 1.17144412E+00  8.98925881E-03
 1.15893075E+00  1.06156854E-02
 1.15120052E+00  1.16074875E-02
 1.15312699E+00  1.16004760E-02
 1.16402549E+00  1.29538371E-02
 1.18049823E+00  1.55447471E-02
