# x =
 8.63218270E+00
# y =
 3.25097170E+00
 VARIABLES = u,v
 1.17103270E+00  4.51524336E-03
 1.17102079E+00  4.50660209E-03
 1.17106171E+00  4.46088423E-03
 1.17115692E+00  4.38041695E-03
 1.17130664E+00  4.26786147E-03
 1.17150933E+00  4.12767178E-03
 1.17176144E+00  3.96619554E-03
 1.17205660E+00  3.78802180E-03
 1.17238593E+00  3.59705973E-03
 1.17273970E+00  3.39840588E-03
 1.17310767E+00  3.19788720E-03
 1.17347959E+00  3.00410848E-03
 1.17384592E+00  2.82779924E-03
 1.17419718E+00  2.67720264E-03
 1.17452477E+00  2.55787239E-03
 1.17482292E+00  2.47260041E-03
 1.17508808E+00  2.42055210E-03
 1.17531776E+00  2.40103986E-03
 1.17551017E+00  2.41381217E-03
 1.17566214E+00  2.45710545E-03
 1.17576961E+00  2.52891125E-03
 1.17583128E+00  2.62551769E-03
 1.17584814E+00  2.74145714E-03
 1.17582282E+00  2.87261207E-03
 1.17576039E+00  3.01526117E-03
 1.17566580E+00  3.16471348E-03
 1.17554397E+00  3.31566075E-03
 1.17540241E+00  3.46022009E-03
 1.17524936E+00  3.58866839E-03
 1.17509199E+00  3.69356736E-03
 1.17493586E+00  3.77000492E-03
 1.17478210E+00  3.81593672E-03
 1.17462785E+00  3.83286866E-03
 1.17447086E+00  3.82217481E-03
 1.17430968E+00  3.78481988E-03
 1.17414432E+00  3.72296351E-03
 1.17397725E+00  3.63877230E-03
 1.17380908E+00  3.53607691E-03
 1.17363934E+00  3.42033687E-03
 1.17346982E+00  3.29561608E-03
 1.17330278E+00  3.16557493E-03
 1.17314113E+00  3.03463134E-03
 1.17298822E+00  2.90767307E-03
 1.17284335E+00  2.79216727E-03
 1.17270319E+00  2.69737359E-03
 1.17256669E+00  2.63027667E-03
 1.17243451E+00  2.59540887E-03
 1.17231005E+00  2.59444540E-03
 1.17220006E+00  2.62553192E-03
 1.17210935E+00  2.68696306E-03
 1.17204094E+00  2.77738426E-03
 1.17199862E+00  2.89412376E-03
 1.17198479E+00  3.03440049E-03
 1.17200156E+00  3.19376716E-03
 1.17205045E+00  3.36612962E-03
 1.17212832E+00  3.54673869E-03
 1.17222873E+00  3.73123625E-03
 1.17234523E+00  3.91444298E-03
 1.17247130E+00  4.09068795E-03
 1.17260295E+00  4.25185518E-03
 1.17273892E+00  4.38810767E-03
 1.17287598E+00  4.49181266E-03
 1.17300989E+00  4.55772607E-03
 1.17313747E+00  4.58332545E-03
 1.17325508E+00  4.56949932E-03
 1.17336060E+00  4.51712116E-03
 1.17345318E+00  4.42686632E-03
 1.17352916E+00  4.30084324E-03
 1.17358378E+00  4.14149114E-03
 1.17361398E+00  3.95306124E-03
 1.17361800E+00  3.74165144E-03
 1.17359707E+00  3.51243826E-03
 1.17355554E+00  3.27053633E-03
 1.17349675E+00  3.02203419E-03
 1.17342340E+00  2.77361826E-03
 1.17333888E+00  2.53430626E-03
 1.17324572E+00  2.31470461E-03
 1.17314677E+00  2.12338261E-03
 1.17304479E+00  1.96658567E-03
 1.17293928E+00  1.84773779E-03
 1.17282762E+00  1.76686412E-03
 1.17270729E+00  1.72392211E-03
 1.17257582E+00  1.71904596E-03
 1.17243295E+00  1.75126389E-03
 1.17228063E+00  1.81947195E-03
 1.17211934E+00  1.92061539E-03
 1.17194875E+00  2.04970235E-03
 1.17176922E+00  2.20248425E-03
 1.17158057E+00  2.37453301E-03
 1.17138373E+00  2.56054170E-03
 1.17118041E+00  2.75463005E-03
 1.17096996E+00  2.94834912E-03
 1.17075072E+00  3.13157710E-03
 1.17052220E+00  3.29616643E-03
 1.17028475E+00  3.43622483E-03
 1.17004110E+00  3.54888219E-03
 1.16979635E+00  3.63475742E-03
 1.16955472E+00  3.69424416E-03
 1.16931978E+00  3.72723832E-03
 1.16909549E+00  3.73429299E-03
 1.16888509E+00  3.71552729E-03
 1.16869237E+00  3.67272865E-03
 1.16852151E+00  3.60922161E-03
 1.16837462E+00  3.52687841E-03
 1.16825265E+00  3.42725029E-03
 1.16815655E+00  3.31244478E-03
 1.16808707E+00  3.18496785E-03
 1.16804631E+00  3.05023503E-03
 1.16803753E+00  2.91569817E-03
 1.16806256E+00  2.78676193E-03
 1.16812215E+00  2.66675454E-03
 1.16821646E+00  2.55642062E-03
 1.16834431E+00  2.45332897E-03
 1.16850456E+00  2.35583030E-03
 1.16869586E+00  2.26323867E-03
 1.16891481E+00  2.17412137E-03
 1.16915662E+00  2.08769314E-03
 1.16941572E+00  2.00238573E-03
 1.16968540E+00  1.91597161E-03
 1.16995879E+00  1.82878704E-03
 1.17022896E+00  1.74260683E-03
 1.17048783E+00  1.65885467E-03
 1.17072678E+00  1.57869510E-03
 1.17093731E+00  1.50072804E-03
 1.17111095E+00  1.42138135E-03
 1.17124007E+00  1.33905204E-03
 1.17131823E+00  1.25382577E-03
 1.17134013E+00  1.16698966E-03
 1.17130187E+00  1.08192418E-03
 1.17120092E+00  1.00103358E-03
 1.17103600E+00  9.25703593E-04
 1.17080698E+00  8.58747730E-04
 1.17051525E+00  8.02988531E-04
 1.17016465E+00  7.61067181E-04
 1.16976174E+00  7.35536186E-04
 1.16931583E+00  7.26270634E-04
 1.16883886E+00  7.31098208E-04
 1.16834393E+00  7.48350533E-04
 1.16784486E+00  7.76679623E-04
 1.16735599E+00  8.15980669E-04
 1.16689115E+00  8.67691594E-04
 1.16646340E+00  9.31799912E-04
 1.16608386E+00  1.00713343E-03
 1.16575953E+00  1.09277353E-03
 1.16549376E+00  1.18707974E-03
 1.16528835E+00  1.28878636E-03
 1.16514402E+00  1.39700654E-03
 1.16506229E+00  1.50895497E-03
 1.16504509E+00  1.62078407E-03
 1.16509033E+00  1.72899366E-03
 1.16519221E+00  1.83009824E-03
 1.16534275E+00  1.92169194E-03
 1.16553068E+00  2.00254251E-03
 1.16574435E+00  2.07060055E-03
 1.16597191E+00  2.12332658E-03
 1.16619813E+00  2.15839178E-03
 1.16640683E+00  2.17314126E-03
 1.16658389E+00  2.16560483E-03
 1.16671811E+00  2.13461051E-03
 1.16680503E+00  2.07863328E-03
 1.16684647E+00  1.99635656E-03
 1.16684435E+00  1.88713885E-03
 1.16680034E+00  1.75089470E-03
 1.16671500E+00  1.58892674E-03
 1.16658667E+00  1.40396771E-03
 1.16641768E+00  1.19939648E-03
 1.16621364E+00  9.79552144E-04
 1.16597873E+00  7.49964889E-04
 1.16571815E+00  5.16960009E-04
 1.16543702E+00  2.87734288E-04
 1.16514034E+00  7.00006946E-05
 1.16483885E+00 -1.28989320E-04
 1.16454647E+00 -3.02528488E-04
 1.16427357E+00 -4.44220759E-04
 1.16402702E+00 -5.48602867E-04
 1.16380746E+00 -6.11606296E-04
 1.16360878E+00 -6.30433671E-04
 1.16342637E+00 -6.03570102E-04
 1.16325718E+00 -5.30510195E-04
 1.16309737E+00 -4.10884696E-04
 1.16294497E+00 -2.44914451E-04
 1.16279567E+00 -3.49906102E-05
 1.16264330E+00  2.14346232E-04
 1.16248622E+00  4.96385565E-04
 1.16232486E+00  8.02131821E-04
 1.16215930E+00  1.12204533E-03
 1.16198951E+00  1.44626909E-03
 1.16181027E+00  1.76396202E-03
 1.16161243E+00  2.06447713E-03
 1.16139084E+00  2.33792989E-03
 1.16114390E+00  2.57596969E-03
 1.16087334E+00  2.77401052E-03
 1.16058590E+00  2.93074053E-03
 1.16028687E+00  3.04567951E-03
 1.15998018E+00  3.11887344E-03
 1.15967287E+00  3.14960387E-03
 1.15937243E+00  3.13632351E-03
 1.15908737E+00  3.08050707E-03
 1.15882739E+00  2.98624725E-03
 1.15859822E+00  2.85847667E-03
 1.15840295E+00  2.70406826E-03
 1.15824600E+00  2.53000673E-03
 1.15813251E+00  2.34330788E-03
 1.15807015E+00  2.15402762E-03
 1.15806920E+00  1.97339953E-03
 1.15813662E+00  1.81081814E-03
 1.15827625E+00  1.67341971E-03
 1.15849029E+00  1.56343346E-03
 1.15877769E+00  1.47834215E-03
 1.15913705E+00  1.41589331E-03
 1.15956678E+00  1.37427826E-03
 1.16006144E+00  1.35203858E-03
 1.16061318E+00  1.34921258E-03
 1.16121229E+00  1.36320380E-03
 1.16184661E+00  1.38926659E-03
 1.16250406E+00  1.42429189E-03
 1.16317246E+00  1.46506269E-03
 1.16383739E+00  1.50829534E-03
 1.16448313E+00  1.55073807E-03
 1.16509291E+00  1.58510123E-03
 1.16564913E+00  1.60164416E-03
 1.16613629E+00  1.59336378E-03
 1.16654184E+00  1.55590903E-03
 1.16685623E+00  1.48898183E-03
 1.16707357E+00  1.39695370E-03
 1.16718977E+00  1.28323116E-03
 1.16720203E+00  1.15023255E-03
 1.16710937E+00  1.00150535E-03
 1.16691249E+00  8.39852490E-04
 1.16661615E+00  6.69691078E-04
 1.16622938E+00  4.96870048E-04
 1.16576394E+00  3.24284116E-04
 1.16523481E+00  1.53420606E-04
 1.16465882E+00 -1.36210242E-05
 1.16405400E+00 -1.74418010E-04
 1.16344092E+00 -3.23159749E-04
 1.16284086E+00 -4.51336143E-04
 1.16227303E+00 -5.53131228E-04
 1.16175320E+00 -6.25167893E-04
 1.16129051E+00 -6.66229897E-04
 1.16088783E+00 -6.78408268E-04
 1.16054682E+00 -6.62997541E-04
 1.16026862E+00 -6.20472657E-04
 1.16005519E+00 -5.53469406E-04
 1.15990979E+00 -4.65100025E-04
 1.15983048E+00 -3.59339836E-04
 1.15981067E+00 -2.41220629E-04
 1.15984304E+00 -1.13508383E-04
 1.15991742E+00  2.24599188E-05
 1.16002331E+00  1.64185253E-04
 1.16015010E+00  3.08434857E-04
 1.16028158E+00  4.49976763E-04
 1.16039924E+00  5.81616339E-04
 1.16048860E+00  6.98059288E-04
 1.16054002E+00  7.95891077E-04
 1.16055314E+00  8.72674828E-04
 1.16053655E+00  9.27951951E-04
 1.16049785E+00  9.61020257E-04
 1.16044271E+00  9.70742307E-04
 1.16037508E+00  9.57701178E-04
 1.16029445E+00  9.23221884E-04
 1.16020330E+00  8.69276892E-04
 1.16010566E+00  7.98739209E-04
 1.15999903E+00  7.13456232E-04
 1.15987868E+00  6.14632895E-04
 1.15974027E+00  5.04492424E-04
 1.15958124E+00  3.85965051E-04
 1.15941116E+00  2.63227090E-04
 1.15924992E+00  1.41640024E-04
 1.15911591E+00  2.53442018E-05
 1.15902840E+00 -8.29302114E-05
 1.15900842E+00 -1.81467535E-04
 1.15907404E+00 -2.70087745E-04
 1.15924554E+00 -3.48512825E-04
 1.15954077E+00 -4.16075422E-04
 1.15996137E+00 -4.72732777E-04
 1.16049442E+00 -5.18466357E-04
 1.16111589E+00 -5.53772153E-04
 1.16178502E+00 -5.79690115E-04
 1.16244472E+00 -5.96334132E-04
 1.16302770E+00 -6.03342927E-04
 1.16346263E+00 -6.00730493E-04
 1.16368660E+00 -5.88824263E-04
 1.16366525E+00 -5.69278206E-04
 1.16339705E+00 -5.44786771E-04
 1.16290376E+00 -5.16959327E-04
 1.16224428E+00 -4.86273637E-04
 1.16153038E+00 -4.52094122E-04
 1.16090820E+00 -4.12322324E-04
 1.16053082E+00 -3.65268181E-04
 1.16053012E+00 -3.09809410E-04
 1.16096125E+00 -2.44439467E-04
 1.16179409E+00 -1.67999673E-04
 1.16295848E+00 -7.92120466E-05
 1.16431196E+00  2.32447899E-05
 1.16559831E+00  1.39114385E-04
 1.16650151E+00  2.67087939E-04
 1.16670569E+00  4.05909256E-04
 1.16596806E+00  5.54368750E-04
 1.16427256E+00  7.12402354E-04
 1.16185049E+00  8.80977269E-04
 1.15907145E+00  1.05993786E-03
 1.15653056E+00  1.24818357E-03
 1.15514751E+00  1.44411667E-03
 1.15587648E+00  1.64510656E-03
 1.15923583E+00  1.84887548E-03
 1.16487922E+00  2.05347095E-03
 1.17088906E+00  2.25581500E-03
 1.17431017E+00  2.45243097E-03
 1.17314368E+00  2.63987751E-03
 1.16705092E+00  2.81463936E-03
 1.15828467E+00  2.97432798E-03
 1.15133075E+00  3.11750719E-03
 1.14917892E+00  3.24230736E-03
 1.15260073E+00  3.34662743E-03
 1.16011255E+00  3.42807306E-03
 1.16763707E+00  3.48373484E-03
 1.17266563E+00  3.51148445E-03
 1.17478692E+00  3.50995508E-03
 1.17396909E+00  3.47779572E-03
 1.17167230E+00  3.41419045E-03
 1.16847258E+00  3.31868444E-03
 1.16375513E+00  3.19118549E-03
 1.15875925E+00  3.03296660E-03
 1.15526862E+00  2.84647875E-03
 1.15473461E+00  2.63477523E-03
 1.15844771E+00  2.40177759E-03
 1.16481861E+00  2.15207593E-03
 1.17008541E+00  1.89071639E-03
 1.17194177E+00  1.62359192E-03
 1.16950505E+00  1.35709156E-03
 1.16412630E+00  1.09740813E-03
 1.15964172E+00  8.50530185E-04
 1.15804897E+00  6.22102538E-04
 1.15924690E+00  4.16977026E-04
 1.16232738E+00  2.39040357E-04
 1.16470011E+00  9.11806589E-05
 1.16514685E+00 -2.46855484E-05
 1.16444428E+00 -1.07403942E-04
 1.16313703E+00 -1.56145969E-04
 1.16238927E+00 -1.70719369E-04
 1.16278872E+00 -1.52646946E-04
 1.16355569E+00 -1.05222892E-04
 1.16438347E+00 -3.35046022E-05
 1.16500176E+00  5.56524828E-05
 1.16515807E+00  1.54857983E-04
 1.16526711E+00  2.56440432E-04
 1.16546884E+00  3.52104669E-04
 1.16569085E+00  4.33830781E-04
 1.16600265E+00  4.94297927E-04
 1.16626147E+00  5.27574945E-04
 1.16639168E+00  5.30876425E-04
 1.16646759E+00  5.04169970E-04
 1.16647340E+00  4.48297097E-04
 1.16642456E+00  3.64672863E-04
 1.16635184E+00  2.54145867E-04
 1.16623015E+00  1.17014223E-04
 1.16606413E+00 -4.37690746E-05
 1.16586910E+00 -2.22919362E-04
 1.16564422E+00 -4.14195732E-04
 1.16540121E+00 -6.09560983E-04
 1.16515074E+00 -8.00909842E-04
 1.16489845E+00 -9.80196186E-04
 1.16465854E+00 -1.13704063E-03
 1.16444676E+00 -1.26039268E-03
 1.16427452E+00 -1.34096977E-03
 1.16415097E+00 -1.37175015E-03
 1.16407983E+00 -1.35043398E-03
 1.16405883E+00 -1.27926417E-03
 1.16408623E+00 -1.16078386E-03
 1.16416055E+00 -9.97678475E-04
 1.16427869E+00 -7.92649114E-04
 1.16443775E+00 -5.47566164E-04
 1.16463168E+00 -2.67377584E-04
 1.16485142E+00  4.02904870E-05
 1.16508957E+00  3.68305363E-04
 1.16533869E+00  7.08581354E-04
 1.16559021E+00  1.05268136E-03
 1.16583495E+00  1.39206629E-03
 1.16605967E+00  1.71465665E-03
 1.16624857E+00  2.00654005E-03
 1.16638933E+00  2.25640569E-03
 1.16647351E+00  2.45579959E-03
 1.16649769E+00  2.60105552E-03
 1.16646436E+00  2.69369380E-03
 1.16637598E+00  2.73513803E-03
 1.16623468E+00  2.72664048E-03
 1.16604439E+00  2.67058422E-03
 1.16580909E+00  2.56906600E-03
 1.16553598E+00  2.42726187E-03
 1.16523540E+00  2.25324902E-03
 1.16491612E+00  2.05400069E-03
 1.16458696E+00  1.83689729E-03
 1.16425798E+00  1.61029993E-03
 1.16393997E+00  1.38307472E-03
 1.16364786E+00  1.16779997E-03
 1.16339918E+00  9.79336455E-04
 1.16320786E+00  8.29654523E-04
 1.16308379E+00  7.27539846E-04
 1.16303160E+00  6.77281920E-04
 1.16304975E+00  6.77983133E-04
 1.16313660E+00  7.28843712E-04
 1.16329074E+00  8.29383320E-04
 1.16350878E+00  9.77712842E-04
 1.16378713E+00  1.17202682E-03
 1.16411866E+00  1.40754379E-03
 1.16449277E+00  1.67658016E-03
 1.16490020E+00  1.97264931E-03
 1.16533137E+00  2.28899324E-03
 1.16577528E+00  2.61770973E-03
 1.16622004E+00  2.95023768E-03
 1.16664940E+00  3.27423082E-03
 1.16704440E+00  3.57493854E-03
 1.16738972E+00  3.84059671E-03
 1.16767425E+00  4.06278237E-03
 1.16789245E+00  4.23762749E-03
 1.16804527E+00  4.36651560E-03
 1.16813374E+00  4.45058113E-03
 1.16815860E+00  4.49036411E-03
 1.16812242E+00  4.48754129E-03
 1.16802775E+00  4.44332523E-03
 1.16788092E+00  4.36158465E-03
 1.16769192E+00  4.24868412E-03
 1.16746934E+00  4.10911780E-03
 1.16722215E+00  3.94712527E-03
 1.16696073E+00  3.76785335E-03
 1.16669624E+00  3.57702816E-03
 1.16644455E+00  3.38450184E-03
 1.16622438E+00  3.20291608E-03
 1.16605048E+00  3.04182294E-03
 1.16593313E+00  2.90753583E-03
 1.16587644E+00  2.80221722E-03
 1.16587750E+00  2.72303572E-03
 1.16593337E+00  2.66791417E-03
 1.16604153E+00  2.63580019E-03
 1.16619775E+00  2.62434901E-03
 1.16639801E+00  2.63182781E-03
 1.16663440E+00  2.65466033E-03
 1.16689529E+00  2.68757464E-03
 1.16717088E+00  2.72823258E-03
 1.16745124E+00  2.77561003E-03
 1.16772517E+00  2.82789940E-03
 1.16798085E+00  2.88277212E-03
 1.16820142E+00  2.93401499E-03
 1.16836700E+00  2.97240327E-03
 1.16846218E+00  2.99171139E-03
 1.16847652E+00  2.98857033E-03
 1.16840630E+00  2.96240561E-03
 1.16825551E+00  2.91658047E-03
 1.16802830E+00  2.85343980E-03
 1.16772857E+00  2.77415803E-03
 1.16736259E+00  2.68179525E-03
 1.16693680E+00  2.57934271E-03
 1.16646202E+00  2.47063185E-03
 1.16595330E+00  2.36038936E-03
 1.16542399E+00  2.25015828E-03
 1.16488769E+00  2.13948830E-03
 1.16435968E+00  2.02886615E-03
 1.16385606E+00  1.91941242E-03
 1.16339817E+00  1.81501947E-03
 1.16301051E+00  1.72218182E-03
 1.16271281E+00  1.64499739E-03
 1.16251933E+00  1.58539075E-03
 1.16243713E+00  1.54417375E-03
 1.16246487E+00  1.51981330E-03
 1.16260064E+00  1.51156656E-03
 1.16284235E+00  1.51961528E-03
 1.16318505E+00  1.54207215E-03
 1.16362307E+00  1.57648013E-03
 1.16414536E+00  1.62027799E-03
 1.16473550E+00  1.67055364E-03
 1.16537789E+00  1.72675776E-03
 1.16605562E+00  1.79013395E-03
 1.16674955E+00  1.86090257E-03
 1.16743926E+00  1.93854440E-03
 1.16809865E+00  2.02107010E-03
 1.16869829E+00  2.10472166E-03
 1.16921370E+00  2.18717646E-03
 1.16962626E+00  2.26743274E-03
 1.16992579E+00  2.34444533E-03
 1.17011153E+00  2.41807774E-03
 1.17018341E+00  2.48771748E-03
 1.17014150E+00  2.55209328E-03
 1.16998807E+00  2.61136596E-03
 1.16972551E+00  2.66627244E-03
 1.16936249E+00  2.71718930E-03
 1.16891378E+00  2.76438025E-03
 1.16839349E+00  2.80663749E-03
 1.16781762E+00  2.84144378E-03
 1.16720432E+00  2.86697374E-03
 1.16657305E+00  2.88196522E-03
 1.16595044E+00  2.88575477E-03
 1.16536711E+00  2.87868045E-03
 1.16484835E+00  2.86043244E-03
 1.16441303E+00  2.83011923E-03
 1.16407021E+00  2.78739841E-03
 1.16381826E+00  2.73192072E-03
 1.16365570E+00  2.66375101E-03
 1.16358200E+00  2.58354146E-03
 1.16359531E+00  2.49134102E-03
 1.16369533E+00  2.38705151E-03
 1.16387579E+00  2.27137651E-03
 1.16412497E+00  2.14569876E-03
 1.16443426E+00  2.01265996E-03
 1.16479470E+00  1.87613963E-03
 1.16519580E+00  1.73985593E-03
 1.16562609E+00  1.60730183E-03
 1.16606517E+00  1.48184135E-03
 1.16648695E+00  1.36625655E-03
 1.16687145E+00  1.26350658E-03
 1.16720507E+00  1.17652547E-03
 1.16748339E+00  1.10715570E-03
 1.16771256E+00  1.05651560E-03
 1.16789672E+00  1.02519492E-03
 1.16803752E+00  1.01321231E-03
 1.16813835E+00  1.02093437E-03
 1.16820031E+00  1.04877169E-03
 1.16822813E+00  1.09580763E-03
 1.16822965E+00  1.15989237E-03
 1.16820579E+00  1.23758720E-03
 1.16815429E+00  1.32401168E-03
 1.16807410E+00  1.41421489E-03
 1.16796501E+00  1.50331769E-03
 1.16783571E+00  1.58598312E-03
 1.16770188E+00  1.65715211E-03
 1.16757315E+00  1.71209843E-03
 1.16745386E+00  1.74678231E-03
 1.16734339E+00  1.75927665E-03
 1.16723371E+00  1.74942721E-03
 1.16712019E+00  1.71760599E-03
 1.16700181E+00  1.66462393E-03
 1.16687409E+00  1.59088102E-03
 1.16673373E+00  1.49641108E-03
 1.16657750E+00  1.38308402E-03
 1.16640232E+00  1.25440280E-03
 1.16621410E+00  1.11469823E-03
 1.16602513E+00  9.69664392E-04
 1.16584637E+00  8.25059252E-04
 1.16568765E+00  6.86577797E-04
 1.16555314E+00  5.61331249E-04
 1.16544077E+00  4.56758976E-04
 1.16535285E+00  3.79292494E-04
 1.16529473E+00  3.34025671E-04
 1.16527062E+00  3.23020252E-04
 1.16528660E+00  3.45482819E-04
 1.16534548E+00  4.00363172E-04
 1.16544677E+00  4.86449830E-04
 1.16559446E+00  6.02645611E-04
 1.16579356E+00  7.48408343E-04
 1.16604548E+00  9.21093147E-04
 1.16634879E+00  1.11620731E-03
 1.16669441E+00  1.32930000E-03
 1.16706615E+00  1.55504695E-03
 1.16744923E+00  1.78790170E-03
 1.16783008E+00  2.02225587E-03
 1.16819569E+00  2.25022221E-03
 1.16853634E+00  2.46280761E-03
 1.16884076E+00  2.65258575E-03
 1.16909727E+00  2.81389962E-03
 1.16930016E+00  2.94430810E-03
 1.16944712E+00  3.04473771E-03
 1.16953751E+00  3.11601183E-03
 1.16957243E+00  3.15877496E-03
 1.16954899E+00  3.17409374E-03
 1.16946167E+00  3.16257865E-03
 1.16931002E+00  3.12682381E-03
 1.16909755E+00  3.07122942E-03
 1.16883125E+00  2.99938543E-03
 1.16852309E+00  2.91513222E-03
 1.16818394E+00  2.82277620E-03
 1.16782372E+00  2.72685080E-03
 1.16745612E+00  2.63445218E-03
 1.16709519E+00  2.55423700E-03
 1.16675371E+00  2.49297991E-03
 1.16644262E+00  2.45545125E-03
 1.16616537E+00  2.44348557E-03
 1.16591906E+00  2.45555632E-03
 1.16570116E+00  2.49041642E-03
 1.16550941E+00  2.54721639E-03
 1.16534352E+00  2.62431066E-03
 1.16520622E+00  2.72033976E-03
 1.16509600E+00  2.83227863E-03
 1.16500805E+00  2.95552753E-03
 1.16493887E+00  3.08674049E-03
 1.16488363E+00  3.22280025E-03
 1.16483805E+00  3.35999891E-03
 1.16479838E+00  3.49429753E-03
 1.16475526E+00  3.61917004E-03
 1.16469634E+00  3.72638936E-03
 1.16461248E+00  3.80968389E-03
 1.16449753E+00  3.86481581E-03
 1.16435129E+00  3.89006691E-03
 1.16417992E+00  3.88680788E-03
 1.16398798E+00  3.85606419E-03
 1.16377858E+00  3.79836560E-03
 1.16355549E+00  3.71522794E-03
 1.16332066E+00  3.60802263E-03
 1.16307836E+00  3.47942266E-03
 1.16283467E+00  3.33336519E-03
 1.16259164E+00  3.17230768E-03
 1.16234955E+00  2.99815463E-03
 1.16210906E+00  2.81345454E-03
 1.16187101E+00  2.62117378E-03
 1.16164104E+00  2.42658774E-03
 1.16142860E+00  2.23672031E-03
 1.16123969E+00  2.05680990E-03
 1.16107746E+00  1.89029521E-03
 1.16094233E+00  1.73872009E-03
 1.16083055E+00  1.60109340E-03
 1.16074000E+00  1.47689135E-03
 1.16067008E+00  1.36619924E-03
 1.16061773E+00  1.26807909E-03
 1.16057982E+00  1.18166338E-03
 1.16055272E+00  1.10527769E-03
 1.16053213E+00  1.03642607E-03
 1.16051770E+00  9.74247524E-04
 1.16051178E+00  9.18754251E-04
 1.16051558E+00  8.69388543E-04
 1.16052960E+00  8.25217390E-04
 1.16055181E+00  7.83458759E-04
 1.16057740E+00  7.39787299E-04
 1.16060400E+00  6.91450893E-04
 1.16063126E+00  6.37230483E-04
 1.16065909E+00  5.77172180E-04
 1.16068911E+00  5.13239769E-04
 1.16072222E+00  4.46978470E-04
 1.16075846E+00  3.79389978E-04
 1.16080051E+00  3.12547655E-04
 1.16085219E+00  2.48643859E-04
 1.16091717E+00  1.90293707E-04
 1.16099933E+00  1.40600448E-04
 1.16110062E+00  1.01188054E-04
 1.16122118E+00  7.27169766E-05
 1.16136230E+00  5.63352420E-05
 1.16152592E+00  5.34836655E-05
 1.16171436E+00  6.68074118E-05
 1.16193082E+00  1.00050365E-04
 1.16217698E+00  1.55603774E-04
 1.16245285E+00  2.34517849E-04
 1.16275822E+00  3.36950616E-04
 1.16309178E+00  4.61569254E-04
 1.16345154E+00  6.07103466E-04
 1.16383511E+00  7.72441024E-04
 1.16423819E+00  9.55254184E-04
 1.16465489E+00  1.15267637E-03
 1.16507848E+00  1.36130438E-03
 1.16550101E+00  1.57707406E-03
 1.16591389E+00  1.79660587E-03
 1.16630818E+00  2.01694745E-03
 1.16667391E+00  2.23450887E-03
 1.16700059E+00  2.44530790E-03
 1.16727781E+00  2.64460904E-03
 1.16749547E+00  2.82701130E-03
 1.16764465E+00  2.98811527E-03
 1.16771833E+00  3.12468135E-03
 1.16771181E+00  3.23441581E-03
 1.16762283E+00  3.31638575E-03
 1.16745088E+00  3.36999249E-03
 1.16719691E+00  3.39485573E-03
 1.16686302E+00  3.39158583E-03
 1.16645270E+00  3.36145983E-03
 1.16597264E+00  3.30681350E-03
 1.16543283E+00  3.23116178E-03
 1.16484596E+00  3.13832531E-03
 1.16422755E+00  3.03260052E-03
 1.16359434E+00  2.91897912E-03
 1.16296367E+00  2.80286691E-03
 1.16235417E+00  2.69039317E-03
 1.16178427E+00  2.58801756E-03
 1.16127083E+00  2.50131953E-03
 1.16082796E+00  2.43460834E-03
 1.16046426E+00  2.39038050E-03
 1.16018321E+00  2.36920976E-03
 1.15998655E+00  2.37110465E-03
 1.15987472E+00  2.39571618E-03
 1.15984839E+00  2.44233028E-03
 1.15990848E+00  2.51003996E-03
 1.16005087E+00  2.59619720E-03
 1.16026675E+00  2.69645768E-03
 1.16054517E+00  2.80584652E-03
 1.16087140E+00  2.91832332E-03
 1.16122948E+00  3.02739109E-03
 1.16160224E+00  3.12632590E-03
 1.16196719E+00  3.20702807E-03
 1.16229908E+00  3.26095777E-03
 1.16257424E+00  3.28084700E-03
 1.16277131E+00  3.26116354E-03
 1.16287499E+00  3.19949778E-03
 1.16287680E+00  3.09652510E-03
 1.16276985E+00  2.95339154E-03
 1.16255000E+00  2.77149291E-03
 1.16221794E+00  2.55234856E-03
 1.16177907E+00  2.29714779E-03
 1.16124962E+00  2.00939412E-03
 1.16065815E+00  1.69468180E-03
 1.16004326E+00  1.35869808E-03
 1.15945234E+00  1.00813931E-03
 1.15893319E+00  6.50098852E-04
 1.15852809E+00  2.91883990E-04
 1.15826985E+00 -5.67060662E-05
 1.15817553E+00 -3.84660400E-04
 1.15824591E+00 -6.82728266E-04
 1.15845770E+00 -9.43737976E-04
 1.15874948E+00 -1.16419659E-03
 1.15903236E+00 -1.34444274E-03
 1.15921525E+00 -1.48476626E-03
 1.15922016E+00 -1.58525863E-03
 1.15901158E+00 -1.64639564E-03
 1.15860422E+00 -1.66807698E-03
 1.15803194E+00 -1.65246914E-03
 1.15736671E+00 -1.60377488E-03
 1.15674948E+00 -1.52526075E-03
 1.15635963E+00 -1.42050682E-03
 1.15638461E+00 -1.29363916E-03
 1.15698370E+00 -1.14913314E-03
 1.15820139E+00 -9.94628950E-04
 1.15996158E+00 -8.39767824E-04
 1.16213775E+00 -6.92164707E-04
 1.16450954E+00 -5.57316032E-04
 1.16671606E+00 -4.37544842E-04
 1.16832696E+00 -3.31527305E-04
 1.16890546E+00 -2.38618919E-04
 1.16810468E+00 -1.58997195E-04
 1.16587222E+00 -9.22192214E-05
 1.16247349E+00 -3.85715005E-05
 1.15835965E+00  3.07282281E-06
 1.15428226E+00  3.51016394E-05
 1.15141349E+00  5.77690654E-05
 1.15100279E+00  7.04792245E-05
 1.15382686E+00  7.31117819E-05
 1.15967621E+00  6.58729948E-05
 1.16650377E+00  5.19890896E-05
 1.17100546E+00  3.70028163E-05
 1.17087917E+00  2.44004073E-05
 1.16556436E+00  1.57901868E-05
 1.15722475E+00  1.08380933E-05
 1.15041674E+00  6.50631201E-06
 1.14803488E+00  8.68544615E-07
 1.15060445E+00 -6.76413210E-06
 1.15643136E+00 -1.80118850E-05
 1.16125637E+00 -3.39022527E-05
 1.16273568E+00 -5.55713342E-05
 1.16113980E+00 -8.42215118E-05
 1.15758147E+00 -1.17988482E-04
 1.15490737E+00 -1.52947447E-04
 1.15451369E+00 -1.85526869E-04
 1.15550333E+00 -2.12457635E-04
 1.15721885E+00 -2.32664413E-04
 1.15836137E+00 -2.47297069E-04
 1.15825445E+00 -2.55892912E-04
 1.15776003E+00 -2.56838710E-04
 1.15722574E+00 -2.48582279E-04
 1.15694791E+00 -2.28625803E-04
 1.15720230E+00 -1.95734604E-04
 1.15751376E+00 -1.49947897E-04
 1.15771138E+00 -8.98822266E-05
 1.15786296E+00 -1.40751388E-05
 1.15788014E+00  7.76979368E-05
 1.15791677E+00  1.84610178E-04
 1.15805112E+00  3.02799117E-04
 1.15819410E+00  4.25719009E-04
 1.15835924E+00  5.47265766E-04
 1.15852542E+00  6.61751483E-04
 1.15865928E+00  7.64106420E-04
 1.15879411E+00  8.50789734E-04
 1.15892993E+00  9.17695805E-04
 1.15905530E+00  9.60708944E-04
 1.15917556E+00  9.78043609E-04
 1.15928016E+00  9.69252326E-04
 1.15936259E+00  9.34895899E-04
 1.15942458E+00  8.76501888E-04
 1.15945958E+00  7.94199999E-04
 1.15946132E+00  6.87379462E-04
 1.15942657E+00  5.57709481E-04
 1.15935188E+00  4.08741547E-04
 1.15923931E+00  2.45958415E-04
 1.15909557E+00  7.72447745E-05
 1.15892582E+00 -8.98920666E-05
 1.15873444E+00 -2.48349401E-04
 1.15852475E+00 -3.89794363E-04
 1.15829750E+00 -5.06164610E-04
 1.15805490E+00 -5.90112534E-04
 1.15779994E+00 -6.35437484E-04
 1.15753254E+00 -6.39747401E-04
 1.15725160E+00 -6.03889978E-04
 1.15695583E+00 -5.29253957E-04
 1.15664410E+00 -4.17769829E-04
 1.15632003E+00 -2.70829738E-04
 1.15599126E+00 -8.90690505E-05
 1.15566504E+00  1.24002154E-04
 1.15534951E+00  3.62379808E-04
 1.15505423E+00  6.19368759E-04
 1.15478816E+00  8.86549984E-04
 1.15456115E+00  1.15539907E-03
 1.15438184E+00  1.41750911E-03
 1.15425191E+00  1.66199466E-03
 1.15416668E+00  1.87712047E-03
 1.15411724E+00  2.05289838E-03
 1.15408806E+00  2.18144726E-03
 1.15405654E+00  2.25931112E-03
 1.15399620E+00  2.28741520E-03
 1.15387990E+00  2.26698367E-03
 1.15368552E+00  2.19949100E-03
 1.15340581E+00  2.08679881E-03
 1.15305035E+00  1.93034664E-03
 1.15264060E+00  1.73479028E-03
 1.15221640E+00  1.50775318E-03
 1.15184319E+00  1.25688046E-03
 1.15160236E+00  9.91109583E-04
 1.15157681E+00  7.19993957E-04
 1.15183627E+00  4.53281040E-04
 1.15240918E+00  2.03820410E-04
 1.15327703E+00 -1.40889864E-05
 1.15439508E+00 -1.88642121E-04
 1.15567473E+00 -3.10974575E-04
 1.15696103E+00 -3.77233566E-04
 1.15805908E+00 -3.88846707E-04
 1.15876555E+00 -3.47585603E-04
 1.15890485E+00 -2.55373386E-04
 1.15840575E+00 -1.15016885E-04
 1.15731112E+00  7.09180561E-05
 1.15571994E+00  2.96242467E-04
 1.15383040E+00  5.51349407E-04
 1.15199059E+00  8.26918122E-04
 1.15062909E+00  1.11244768E-03
 1.15017888E+00  1.39653153E-03
 1.15098174E+00  1.66737210E-03
 1.15308936E+00  1.90944791E-03
 1.15623590E+00  2.10534970E-03
 1.15997605E+00  2.24079937E-03
 1.16357057E+00  2.30520393E-03
 1.16585663E+00  2.29381595E-03
 1.16559343E+00  2.20817564E-03
 1.16201394E+00  2.05020825E-03
 1.15533529E+00  1.82193622E-03
 1.14761385E+00  1.52659870E-03
 1.14216567E+00  1.16722597E-03
 1.14130587E+00  7.50991092E-04
 1.14561323E+00  2.88984222E-04
 1.15295229E+00 -2.08305397E-04
 1.15880065E+00 -7.29227646E-04
 1.16029360E+00 -1.26093073E-03
 1.15692769E+00 -1.78991306E-03
 1.15040425E+00 -2.29803919E-03
 1.14497675E+00 -2.76459094E-03
 1.14298956E+00 -3.17242932E-03
 1.14418098E+00 -3.50856388E-03
 1.14745346E+00 -3.76640708E-03
 1.14998395E+00 -3.94639141E-03
 1.15038833E+00 -4.04899430E-03
 1.14956126E+00 -4.07439121E-03
 1.14815266E+00 -4.02406848E-03
 1.14744423E+00 -3.89901265E-03
 1.14809741E+00 -3.70442330E-03
 1.14924131E+00 -3.44945868E-03
 1.15051415E+00 -3.14183404E-03
 1.15160429E+00 -2.78993693E-03
 1.15221709E+00 -2.40348764E-03
 1.15280208E+00 -1.99304101E-03
 1.15350677E+00 -1.57469242E-03
 1.15424153E+00 -1.16800535E-03
 1.15507339E+00 -7.88699920E-04
 1.15583163E+00 -4.48271067E-04
 1.15642356E+00 -1.52043679E-04
 1.15692612E+00  1.01672568E-04
 1.15731726E+00  3.13745656E-04
 1.15761145E+00  4.83825154E-04
 1.15783668E+00  6.12705159E-04
 1.15795628E+00  6.99997936E-04
 1.15797046E+00  7.48463306E-04
 1.15789426E+00  7.63710584E-04
 1.15772828E+00  7.48010679E-04
 1.15749185E+00  7.02674912E-04
 1.15720204E+00  6.30005029E-04
 1.15686971E+00  5.32995603E-04
 1.15651805E+00  4.20495302E-04
 1.15617200E+00  3.05586099E-04
 1.15585126E+00  1.97370949E-04
 1.15557213E+00  1.01101493E-04
 1.15533895E+00  1.74562956E-05
 1.15514494E+00 -5.87302979E-05
 1.15498488E+00 -1.30766965E-04
 1.15485504E+00 -1.99808478E-04
 1.15475330E+00 -2.68542447E-04
 1.15468210E+00 -3.38344650E-04
 1.15463844E+00 -4.11562403E-04
 1.15461525E+00 -4.91326879E-04
 1.15461045E+00 -5.75283703E-04
 1.15462265E+00 -6.57739489E-04
 1.15465086E+00 -7.33676919E-04
 1.15469440E+00 -7.98633368E-04
 1.15474271E+00 -8.52964359E-04
 1.15477886E+00 -9.01428268E-04
 1.15479202E+00 -9.45299962E-04
 1.15477677E+00 -9.83117574E-04
 1.15473566E+00 -1.01225877E-03
 1.15468085E+00 -1.02710379E-03
 1.15462095E+00 -1.02438184E-03
 1.15456113E+00 -1.00322647E-03
 1.15450893E+00 -9.60138389E-04
 1.15446945E+00 -8.91752629E-04
 1.15444923E+00 -7.96228682E-04
 1.15445584E+00 -6.73010392E-04
 1.15448753E+00 -5.27439663E-04
 1.15453680E+00 -3.69701214E-04
 1.15459699E+00 -2.09130943E-04
 1.15466193E+00 -5.43506027E-05
 1.15473263E+00  8.80417202E-05
 1.15481689E+00  2.14702730E-04
 1.15491699E+00  3.20392672E-04
 1.15503117E+00  3.98932248E-04
 1.15515660E+00  4.47046536E-04
 1.15528620E+00  4.62392193E-04
 1.15541603E+00  4.44391037E-04
 1.15554499E+00  3.94175345E-04
 1.15566641E+00  3.09810171E-04
 1.15577208E+00  1.87904203E-04
 1.15585545E+00  2.83116478E-05
 1.15591084E+00 -1.66566907E-04
 1.15593966E+00 -3.90593623E-04
 1.15594944E+00 -6.33374500E-04
 1.15594542E+00 -8.85477598E-04
 1.15593129E+00 -1.13826309E-03
 1.15590911E+00 -1.38160115E-03
 1.15587724E+00 -1.60618274E-03
 1.15583666E+00 -1.80292761E-03
 1.15579020E+00 -1.96357303E-03
 1.15573711E+00 -2.08507824E-03
 1.15567583E+00 -2.16836281E-03
 1.15560398E+00 -2.21473592E-03
 1.15551828E+00 -2.22593699E-03
 1.15542009E+00 -2.20175600E-03
 1.15531406E+00 -2.13990421E-03
 1.15520264E+00 -2.04154055E-03
 1.15508721E+00 -1.91052021E-03
 1.15496748E+00 -1.75111050E-03
 1.15484048E+00 -1.56961875E-03
 1.15470535E+00 -1.37183741E-03
 1.15456283E+00 -1.16306392E-03
 1.15441168E+00 -9.52292338E-04
 1.15425080E+00 -7.50019799E-04
 1.15407919E+00 -5.64864715E-04
 1.15389569E+00 -4.03511924E-04
 1.15370237E+00 -2.67730505E-04
 1.15350374E+00 -1.54488857E-04
 1.15330341E+00 -6.15059244E-05
 1.15310465E+00  1.28467919E-05
 1.15290965E+00  7.00894331E-05
 1.15271884E+00  1.10226382E-04
 1.15253380E+00  1.35695387E-04
 1.15235677E+00  1.50946733E-04
 1.15218862E+00  1.58417665E-04
 1.15203001E+00  1.60304290E-04
 1.15188105E+00  1.58962486E-04
 1.15174132E+00  1.56697393E-04
 1.15161226E+00  1.59595998E-04
 1.15149657E+00  1.76218118E-04
 1.15139606E+00  2.12567134E-04
 1.15131226E+00  2.72309479E-04
 1.15124600E+00  3.55844237E-04
 1.15119704E+00  4.59560495E-04
 1.15116592E+00  5.80813249E-04
 1.15115360E+00  7.17902042E-04
 1.15116003E+00  8.67795547E-04
 1.15118494E+00  1.02786367E-03
 1.15122790E+00  1.19416867E-03
 1.15128810E+00  1.36150471E-03
 1.15136564E+00  1.52723408E-03
 1.15146124E+00  1.69003082E-03
 1.15157499E+00  1.84785891E-03
 1.15170668E+00  1.99831816E-03
 1.15185569E+00  2.13629900E-03
 1.15202075E+00  2.25444137E-03
 1.15220076E+00  2.34769337E-03
 1.15239469E+00  2.41314048E-03
 1.15260085E+00  2.44959718E-03
 1.15281724E+00  2.45861644E-03
 1.15304163E+00  2.44120305E-03
 1.15327149E+00  2.39772918E-03
 1.15350465E+00  2.33041196E-03
 1.15373917E+00  2.24196054E-03
 1.15397275E+00  2.13586003E-03
 1.15420293E+00  2.01655709E-03
 1.15442710E+00  1.88677208E-03
 1.15464238E+00  1.74815523E-03
 1.15484611E+00  1.60336272E-03
 1.15503581E+00  1.45569640E-03
 1.15520883E+00  1.31011877E-03
 1.15536257E+00  1.17317776E-03
 1.15549464E+00  1.04981918E-03
 1.15560280E+00  9.43342869E-04
 1.15568536E+00  8.56041365E-04
 1.15574115E+00  7.88409229E-04
 1.15576932E+00  7.41083112E-04
 1.15576945E+00  7.15030362E-04
 1.15574170E+00  7.09865395E-04
 1.15568677E+00  7.24653166E-04
 1.15560624E+00  7.57779611E-04
 1.15550260E+00  8.06774772E-04
 1.15537920E+00  8.69993461E-04
 1.15524025E+00  9.46236703E-04
 1.15509047E+00  1.03347973E-03
 1.15493486E+00  1.12911881E-03
 1.15477855E+00  1.22934232E-03
 1.15462655E+00  1.32928348E-03
 1.15448379E+00  1.42518681E-03
 1.15435488E+00  1.51457747E-03
 1.15424354E+00  1.59606907E-03
 1.15415269E+00  1.66979338E-03
 1.15408478E+00  1.73577541E-03
 1.15404184E+00  1.79369497E-03
 1.15402604E+00  1.84376388E-03
 1.15403951E+00  1.88615763E-03
 1.15408308E+00  1.92160858E-03
 1.15415637E+00  1.95141039E-03
 1.15425783E+00  1.97599582E-03
 1.15438461E+00  1.99539279E-03
 1.15453359E+00  2.00995086E-03
 1.15470149E+00  2.02027117E-03
 1.15488423E+00  2.02822247E-03
 1.15507766E+00  2.03663257E-03
 1.15527795E+00  2.04726697E-03
 1.15548197E+00  2.06078681E-03
 1.15568860E+00  2.07670590E-03
 1.15589837E+00  2.09306154E-03
 1.15611183E+00  2.10821995E-03
 1.15632931E+00  2.12100989E-03
 1.15655022E+00  2.12982820E-03
 1.15677276E+00  2.13332446E-03
 1.15699623E+00  2.12989222E-03
 1.15722062E+00  2.11773046E-03
 1.15744540E+00  2.09638220E-03
 1.15767026E+00  2.06623529E-03
 1.15789449E+00  2.02754587E-03
 1.15811705E+00  1.98047294E-03
 1.15833870E+00  1.92404435E-03
 1.15856109E+00  1.85630482E-03
 1.15878474E+00  1.77634363E-03
 1.15900910E+00  1.68416532E-03
 1.15923157E+00  1.58035917E-03
 1.15944744E+00  1.46658155E-03
 1.15965263E+00  1.34418291E-03
 1.15984368E+00  1.21421597E-03
 1.16001707E+00  1.07872064E-03
 1.16017010E+00  9.40059596E-04
 1.16029968E+00  8.00690510E-04
 1.16040256E+00  6.63257842E-04
 1.16047750E+00  5.29421497E-04
 1.16052442E+00  4.00079739E-04
 1.16054343E+00  2.76585714E-04
 1.16053480E+00  1.60582282E-04
 1.16049730E+00  5.42202274E-05
 1.16042842E+00 -3.96978690E-05
 1.16032707E+00 -1.19032180E-04
 1.16019323E+00 -1.82275909E-04
 1.16002753E+00 -2.27950144E-04
 1.15983199E+00 -2.55055385E-04
 1.15960827E+00 -2.62666228E-04
 1.15935788E+00 -2.49903481E-04
 1.15908406E+00 -2.16854781E-04
 1.15879094E+00 -1.64311150E-04
 1.15848298E+00 -9.33502172E-05
 1.15816516E+00 -5.52600730E-06
 1.15784168E+00  9.75205009E-05
 1.15751605E+00  2.14116406E-04
 1.15719275E+00  3.41982949E-04
 1.15687680E+00  4.78439459E-04
 1.15657360E+00  6.20708533E-04
 1.15628918E+00  7.65855653E-04
 1.15602898E+00  9.11205189E-04
 1.15579782E+00  1.05455462E-03
 1.15560062E+00  1.19406882E-03
 1.15544193E+00  1.32838579E-03
 1.15532587E+00  1.45643945E-03
 1.15525626E+00  1.57729472E-03
 1.15523573E+00  1.69012480E-03
 1.15526582E+00  1.79425179E-03
 1.15534728E+00  1.88956594E-03
 1.15547977E+00  1.97654825E-03
 1.15566192E+00  2.05608122E-03
 1.15589144E+00  2.12952758E-03
 1.15616503E+00  2.19842583E-03
 1.15647861E+00  2.26443125E-03
 1.15682787E+00  2.32962381E-03
 1.15720828E+00  2.39615888E-03
 1.15761523E+00  2.46578668E-03
 1.15804436E+00  2.53962619E-03
 1.15849205E+00  2.61757773E-03
 1.15895515E+00  2.69842296E-03
 1.15943056E+00  2.78081570E-03
 1.15991483E+00  2.86342557E-03
 1.16040338E+00  2.94517692E-03
 1.16089065E+00  3.02540796E-03
 1.16137144E+00  3.10275004E-03
 1.16184076E+00  3.17528883E-03
 1.16229332E+00  3.24135898E-03
 1.16272409E+00  3.29914229E-03
 1.16312762E+00  3.34694418E-03
 1.16349839E+00  3.38318472E-03
 1.16383233E+00  3.40532327E-03
 1.16412623E+00  3.41038234E-03
 1.16437661E+00  3.39621860E-03
 1.16457978E+00  3.36156762E-03
 1.16473125E+00  3.30662921E-03
 1.16482582E+00  3.23316669E-03
 1.16485976E+00  3.14292420E-03
 1.16483092E+00  3.03763627E-03
 1.16473851E+00  2.91946021E-03
 1.16458390E+00  2.79050922E-03
 1.16436998E+00  2.65373304E-03
 1.16410159E+00  2.51284337E-03
 1.16378736E+00  2.37109420E-03
 1.16343876E+00  2.23170534E-03
 1.16306852E+00  2.09814239E-03
 1.16268999E+00  1.97395777E-03
 1.16231515E+00  1.86365678E-03
 1.16195416E+00  1.77232708E-03
 1.16161787E+00  1.70410501E-03
 1.16131657E+00  1.66210164E-03
 1.16105835E+00  1.64813652E-03
 1.16084989E+00  1.66244674E-03
 1.16069570E+00  1.70502045E-03
 1.16059849E+00  1.77558846E-03
 1.16056225E+00  1.87296218E-03
 1.16059082E+00  1.99540121E-03
 1.16068437E+00  2.13990685E-03
 1.16083956E+00  2.30213735E-03
 1.16104874E+00  2.47740897E-03
 1.16129968E+00  2.66043985E-03
 1.16157990E+00  2.84526101E-03
 1.16187689E+00  3.02554269E-03
 1.16217656E+00  3.19415498E-03
 1.16246555E+00  3.34362250E-03
 1.16273128E+00  3.46735771E-03
 1.16296318E+00  3.56002924E-03
 1.16315716E+00  3.61820315E-03
 1.16331438E+00  3.64045471E-03
 1.16343692E+00  3.62596071E-03
 1.16352728E+00  3.57432303E-03
 1.16358549E+00  3.48556267E-03
 1.16360897E+00  3.35996784E-03
 1.16359953E+00  3.19975374E-03
 1.16356242E+00  3.00904337E-03
 1.16350323E+00  2.79281615E-03
 1.16343002E+00  2.55735608E-03
 1.16335011E+00  2.30953931E-03
 1.16327024E+00  2.05657899E-03
 1.16320235E+00  1.80718354E-03
 1.16316052E+00  1.57058205E-03
 1.16315573E+00  1.35487032E-03
 1.16319569E+00  1.16651763E-03
 1.16328072E+00  1.00886538E-03
 1.16340387E+00  8.82225870E-04
 1.16355924E+00  7.86588602E-04
 1.16374197E+00  7.21885252E-04
 1.16394731E+00  6.88273065E-04
 1.16417287E+00  6.86579580E-04
 1.16441299E+00  7.15444966E-04
 1.16465946E+00  7.71593834E-04
 1.16490780E+00  8.51898913E-04
 1.16515451E+00  9.52362060E-04
 1.16539601E+00  1.06876866E-03
 1.16562881E+00  1.19677495E-03
 1.16584357E+00  1.32933500E-03
 1.16602691E+00  1.45801134E-03
 1.16616948E+00  1.57609752E-03
 1.16626544E+00  1.67882454E-03
 1.16631339E+00  1.76494055E-03
 1.16631776E+00  1.83684926E-03
 1.16628139E+00  1.89648117E-03
 1.16620578E+00  1.94514488E-03
 1.16609520E+00  1.98424685E-03
 1.16595398E+00  2.01414668E-03
 1.16578818E+00  2.03681513E-03
 1.16560565E+00  2.05553107E-03
 1.16541034E+00  2.07167627E-03
 1.16520399E+00  2.08607229E-03
 1.16498990E+00  2.09969165E-03
 1.16477227E+00  2.11357784E-03
 1.16455903E+00  2.13182799E-03
 1.16436152E+00  2.16065284E-03
 1.16418800E+00  2.20411409E-03
 1.16404386E+00  2.26430330E-03
 1.16393286E+00  2.34086879E-03
 1.16385552E+00  2.43033379E-03
 1.16381310E+00  2.53011266E-03
 1.16380778E+00  2.63852073E-03
 1.16383891E+00  2.75268709E-03
 1.16390478E+00  2.87006370E-03
 1.16400278E+00  2.98739909E-03
 1.16412905E+00  3.10077595E-03
 1.16428174E+00  3.20881103E-03
 1.16446033E+00  3.31164609E-03
 1.16466268E+00  3.40886254E-03
 1.16488546E+00  3.49969947E-03
 1.16512332E+00  3.58121663E-03
 1.16536883E+00  3.64846916E-03
 1.16561635E+00  3.69833270E-03
 1.16586227E+00  3.72924452E-03
 1.16610392E+00  3.74043021E-03
 1.16634060E+00  3.73286436E-03
 1.16657113E+00  3.70688390E-03
 1.16679345E+00  3.66216674E-03
 1.16700644E+00  3.60011800E-03
 1.16720893E+00  3.52271145E-03
 1.16739995E+00  3.43202347E-03
 1.16757883E+00  3.33046341E-03
 1.16774299E+00  3.21876061E-03
 1.16788862E+00  3.09634759E-03
 1.16801246E+00  2.96354009E-03
 1.16811179E+00  2.82126277E-03
 1.16818583E+00  2.67140959E-03
 1.16823565E+00  2.51713648E-03
 1.16826104E+00  2.36061550E-03
 1.16826067E+00  2.20309693E-03
 1.16823276E+00  2.04599281E-03
 1.16817440E+00  1.89016365E-03
 1.16808395E+00  1.73672159E-03
 1.16796125E+00  1.58717804E-03
 1.16780591E+00  1.44197283E-03
 1.16761849E+00  1.30100553E-03
 1.16740078E+00  1.16434969E-03
 1.16715596E+00  1.03203330E-03
 1.16689071E+00  9.04854319E-04
 1.16661449E+00  7.84340755E-04
 1.16633703E+00  6.71481157E-04
 1.16606795E+00  5.66859474E-04
 1.16581544E+00  4.70780720E-04
 1.16558571E+00  3.83031126E-04
 1.16538572E+00  3.03876619E-04
 1.16522243E+00  2.34120253E-04
 1.16510075E+00  1.74473512E-04
 1.16502455E+00  1.25866619E-04
 1.16499579E+00  8.91416770E-05
 1.16501472E+00  6.48768199E-05
 1.16508274E+00  5.39614302E-05
 1.16520111E+00  5.73598570E-05
 1.16536792E+00  7.57884940E-05
 1.16557826E+00  1.09759626E-04
 1.16582327E+00  1.59171053E-04
 1.16609001E+00  2.23348554E-04
 1.16636548E+00  3.01651305E-04
 1.16663684E+00  3.93483037E-04
 1.16689040E+00  4.98393366E-04
 1.16711355E+00  6.16154717E-04
 1.16729426E+00  7.46110407E-04
 1.16742210E+00  8.87189573E-04
 1.16749220E+00  1.03822933E-03
 1.16750413E+00  1.19777900E-03
 1.16745885E+00  1.36437879E-03
 1.16735848E+00  1.53659152E-03
 1.16720357E+00  1.71251914E-03
 1.16699335E+00  1.89001573E-03
 1.16673168E+00  2.06699274E-03
 1.16642641E+00  2.24138694E-03
 1.16608738E+00  2.41147826E-03
 1.16572789E+00  2.57588499E-03
 1.16536116E+00  2.73305791E-03
 1.16500016E+00  2.88132982E-03
 1.16466175E+00  3.01898527E-03
 1.16436385E+00  3.14415577E-03
 1.16412192E+00  3.25520964E-03
 1.16394828E+00  3.35075723E-03
 1.16384773E+00  3.42934784E-03
 1.16381802E+00  3.48966817E-03
 1.16385665E+00  3.53060729E-03
 1.16396108E+00  3.55128534E-03
 1.16412919E+00  3.55143463E-03
 1.16436060E+00  3.53137548E-03
 1.16465012E+00  3.49173309E-03
 1.16498840E+00  3.43356432E-03
 1.16536695E+00  3.35838840E-03
 1.16577572E+00  3.26806718E-03
 1.16620424E+00  3.16492317E-03
 1.16664195E+00  3.05159431E-03
 1.16707246E+00  2.93065516E-03
 1.16747631E+00  2.80463791E-03
 1.16783779E+00  2.67613064E-03
 1.16814519E+00  2.54757956E-03
 1.16839387E+00  2.42120662E-03
 1.16858681E+00  2.29904195E-03
 1.16872615E+00  2.18284336E-03
 1.16881313E+00  2.07420687E-03
 1.16885006E+00  1.97487172E-03
 1.16883799E+00  1.88654646E-03
 1.16878178E+00  1.81042888E-03
 1.16868976E+00  1.74720328E-03
 1.16856729E+00  1.69697101E-03
 1.16841934E+00  1.65919859E-03
 1.16825184E+00  1.63324381E-03
 1.16807127E+00  1.61836397E-03
 1.16788998E+00  1.61345309E-03
 1.16772431E+00  1.61736446E-03
 1.16758639E+00  1.62903245E-03
 1.16748423E+00  1.64764522E-03
 1.16742043E+00  1.67326906E-03
 1.16739099E+00  1.70664235E-03
 1.16739315E+00  1.74837151E-03
 1.16742557E+00  1.79878917E-03
 1.16748491E+00  1.85752249E-03
 1.16756846E+00  1.92337986E-03
 1.16767112E+00  1.99538218E-03
 1.16778550E+00  2.07254981E-03
 1.16790810E+00  2.15326196E-03
 1.16803726E+00  2.23569033E-03
 1.16817012E+00  2.31762273E-03
 1.16830316E+00  2.39664322E-03
 1.16842800E+00  2.47131077E-03
 1.16853247E+00  2.54081718E-03
 1.16860837E+00  2.60391526E-03
 1.16865126E+00  2.65912386E-03
 1.16866030E+00  2.70449771E-03
 1.16863972E+00  2.73753207E-03
 1.16859268E+00  2.75644652E-03
 1.16852099E+00  2.76012201E-03
 1.16842906E+00  2.74745819E-03
 1.16832143E+00  2.71796542E-03
 1.16820395E+00  2.67173665E-03
 1.16808392E+00  2.60955669E-03
 1.16796494E+00  2.53394646E-03
 1.16784841E+00  2.44878721E-03
 1.16773698E+00  2.35817656E-03
 1.16763412E+00  2.26631096E-03
 1.16754667E+00  2.17682962E-03
 1.16748450E+00  2.09251642E-03
 1.16745422E+00  2.01644176E-03
 1.16745933E+00  1.95149655E-03
 1.16750122E+00  1.89937454E-03
 1.16757765E+00  1.86107199E-03
 1.16768694E+00  1.83683339E-03
 1.16782809E+00  1.82633163E-03
 1.16799736E+00  1.83009423E-03
 1.16818998E+00  1.84902998E-03
 1.16840016E+00  1.88271444E-03
 1.16862080E+00  1.92960725E-03
 1.16884695E+00  1.98692356E-03
 1.16907515E+00  2.05039133E-03
 1.16930048E+00  2.11595452E-03
 1.16951713E+00  2.17973791E-03
 1.16971735E+00  2.23704188E-03
 1.16989150E+00  2.28329273E-03
 1.17003239E+00  2.31438077E-03
 1.17013549E+00  2.32697065E-03
 1.17019813E+00  2.32018845E-03
 1.17022059E+00  2.29522847E-03
 1.17020352E+00  2.25349066E-03
 1.17014767E+00  2.19652015E-03
 1.17005606E+00  2.12529542E-03
 1.16993299E+00  2.04001176E-03
 1.16978455E+00  1.94242743E-03
 1.16961884E+00  1.83554745E-03
 1.16944378E+00  1.72229659E-03
 1.16926750E+00  1.60629119E-03
 1.16909950E+00  1.49104630E-03
 1.16895007E+00  1.37996356E-03
 1.16883097E+00  1.27828562E-03
 1.16875487E+00  1.19212775E-03
 1.16873227E+00  1.12651223E-03
 1.16877090E+00  1.08532590E-03
 1.16887512E+00  1.07013016E-03
 1.16904544E+00  1.08007726E-03
 1.16928121E+00  1.11460770E-03
 1.16958108E+00  1.17341680E-03
 1.16994233E+00  1.25591263E-03
 1.17036142E+00  1.36195309E-03
 1.17083154E+00  1.49014755E-03
 1.17134254E+00  1.63799974E-03
 1.17188321E+00  1.80391271E-03
 1.17244050E+00  1.98635834E-03
 1.17300015E+00  2.18344838E-03
 1.17354726E+00  2.39306069E-03
 1.17406441E+00  2.61110391E-03
 1.17453323E+00  2.83207715E-03
 1.17493789E+00  3.05157581E-03
 1.17526595E+00  3.26621274E-03
 1.17551076E+00  3.47394278E-03
 1.17567149E+00  3.67444891E-03
 1.17574848E+00  3.86675628E-03
 1.17574279E+00  4.04918574E-03
 1.17565618E+00  4.22047056E-03
 1.17549026E+00  4.37891186E-03
 1.17525143E+00  4.52316684E-03
 1.17495049E+00  4.65222426E-03
 1.17459907E+00  4.76352971E-03
 1.17421125E+00  4.85367097E-03
 1.17380220E+00  4.91955358E-03
 1.17338770E+00  4.95837530E-03
 1.17298805E+00  4.96895743E-03
 1.17262558E+00  4.95163707E-03
 1.17231926E+00  4.90596945E-03
 1.17208382E+00  4.83098950E-03
 1.17192637E+00  4.72567605E-03
 1.17184627E+00  4.58847563E-03
 1.17184252E+00  4.41899217E-03
 1.17191413E+00  4.21807384E-03
 1.17205963E+00  3.98643067E-03
 1.17227860E+00  3.72552262E-03
 1.17256552E+00  3.43795774E-03
 1.17291020E+00  3.12751142E-03
 1.17330345E+00  2.80060601E-03
 1.17373463E+00  2.46585068E-03
 1.17419210E+00  2.13206347E-03
 1.17466365E+00  1.80807813E-03
 1.17513077E+00  1.50195533E-03
 1.17557145E+00  1.22044216E-03
 1.17596805E+00  9.70699255E-04
 1.17630786E+00  7.59666899E-04
 1.17658609E+00  5.92434498E-04
 1.17680661E+00  4.72911604E-04
 1.17697254E+00  4.03599116E-04
 1.17708589E+00  3.85676007E-04
 1.17714977E+00  4.20964778E-04
 1.17716577E+00  5.11118532E-04
 1.17713972E+00  6.55101270E-04
 1.17708121E+00  8.49348713E-04
 1.17699634E+00  1.08732292E-03
 1.17689056E+00  1.35932022E-03
 1.17677030E+00  1.65533932E-03
 1.17664251E+00  1.96528477E-03
 1.17652098E+00  2.27802376E-03
 1.17642409E+00  2.58288998E-03
 1.17636511E+00  2.86964945E-03
 1.17635229E+00  3.12929271E-03
 1.17638731E+00  3.35701399E-03
 1.17646388E+00  3.55141289E-03
 1.17657712E+00  3.71186433E-03
 1.17672378E+00  3.83825786E-03
 1.17689818E+00  3.92907307E-03
 1.17709535E+00  3.98144036E-03
 1.17730755E+00  3.99577201E-03
 1.17752440E+00  3.97523714E-03
 1.17774035E+00  3.92398156E-03
 1.17795221E+00  3.84840308E-03
 1.17815545E+00  3.75472451E-03
 1.17834478E+00  3.64897743E-03
 1.17850922E+00  3.54051633E-03
 1.17863332E+00  3.43990000E-03
 1.17870645E+00  3.35584923E-03
 1.17872270E+00  3.29489088E-03
 1.17868042E+00  3.25828092E-03
 1.17858417E+00  3.24229681E-03
 1.17843751E+00  3.24374348E-03
 1.17824278E+00  3.26010337E-03
 1.17800602E+00  3.28957184E-03
 1.17773412E+00  3.33233878E-03
 1.17743597E+00  3.38608471E-03
 1.17712273E+00  3.44657762E-03
 1.17680193E+00  3.51179664E-03
 1.17647893E+00  3.57997283E-03
 1.17616110E+00  3.64952244E-03
 1.17585698E+00  3.71904616E-03
 1.17557883E+00  3.78276546E-03
 1.17534221E+00  3.83211483E-03
 1.17515882E+00  3.86132309E-03
 1.17503627E+00  3.86710401E-03
 1.17497911E+00  3.84987183E-03
 1.17498709E+00  3.81447915E-03
 1.17505989E+00  3.76437217E-03
 1.17519743E+00  3.70167120E-03
 1.17539622E+00  3.62977850E-03
 1.17565114E+00  3.55126533E-03
 1.17595467E+00  3.46969536E-03
 1.17629640E+00  3.38947709E-03
 1.17666710E+00  3.31130804E-03
 1.17705776E+00  3.23372023E-03
 1.17745729E+00  3.15583951E-03
 1.17785326E+00  3.07714174E-03
 1.17823046E+00  3.00032340E-03
 1.17857165E+00  2.93102174E-03
 1.17886261E+00  2.87243944E-03
 1.17909285E+00  2.82585232E-03
 1.17925597E+00  2.79169166E-03
 1.17935049E+00  2.76819018E-03
 1.17937573E+00  2.75475988E-03
 1.17933123E+00  2.75193788E-03
 1.17921830E+00  2.75789637E-03
 1.17903899E+00  2.77014223E-03
 1.17879879E+00  2.78640832E-03
 1.17850669E+00  2.80431564E-03
 1.17817170E+00  2.82418203E-03
 1.17780404E+00  2.84851303E-03
 1.17741543E+00  2.87870170E-03
 1.17701857E+00  2.91540433E-03
 1.17662984E+00  2.95819339E-03
 1.17626768E+00  3.00495238E-03
 1.17594740E+00  3.05484843E-03
 1.17568048E+00  3.10813225E-03
 1.17547247E+00  3.16428297E-03
 1.17532272E+00  3.22306709E-03
 1.17523025E+00  3.28386871E-03
 1.17519436E+00  3.34552361E-03
 1.17521376E+00  3.40850922E-03
 1.17528794E+00  3.47425264E-03
 1.17541262E+00  3.54355941E-03
 1.17558011E+00  3.61698464E-03
 1.17578404E+00  3.69403667E-03
 1.17601745E+00  3.77302774E-03
 1.17627250E+00  3.85300342E-03
 1.17654084E+00  3.93353965E-03
 1.17680882E+00  4.01404876E-03
 1.17705966E+00  4.09435178E-03
 1.17728030E+00  4.17382605E-03
 1.17746179E+00  4.25133121E-03
 1.17760132E+00  4.32637175E-03
 1.17770298E+00  4.39866701E-03
 1.17776995E+00  4.46780414E-03
 1.17780427E+00  4.53345177E-03
 1.17780898E+00  4.59468082E-03
 1.17778585E+00  4.65005455E-03
 1.17773951E+00  4.69851410E-03
 1.17767707E+00  4.73923696E-03
 1.17760199E+00  4.77160034E-03
 1.17751643E+00  4.79538649E-03
 1.17742329E+00  4.81017289E-03
 1.17732597E+00  4.81535081E-03
 1.17723342E+00  4.81057914E-03
 1.17715863E+00  4.79557380E-03
 1.17711054E+00  4.77021889E-03
 1.17709429E+00  4.73466869E-03
 1.17711073E+00  4.68897678E-03
 1.17715502E+00  4.63320689E-03
 1.17722384E+00  4.56768211E-03
 1.17731550E+00  4.49291216E-03
 1.17742598E+00  4.40973259E-03
 1.17755163E+00  4.31933997E-03
 1.17768751E+00  4.22302524E-03
 1.17782734E+00  4.12221542E-03
 1.17796934E+00  4.01856388E-03
 1.17811443E+00  3.91384066E-03
 1.17826235E+00  3.80998982E-03
 1.17841202E+00  3.70908465E-03
 1.17855827E+00  3.61310193E-03
 1.17869214E+00  3.52391316E-03
 1.17880799E+00  3.44329611E-03
 1.17890309E+00  3.37280144E-03
 1.17897625E+00  3.31369963E-03
 1.17902952E+00  3.26696965E-03
 1.17906363E+00  3.23325492E-03
 1.17907786E+00  3.21288731E-03
 1.17907428E+00  3.20597315E-03
 1.17905561E+00  3.21229507E-03
 1.17902453E+00  3.23106704E-03
 1.17898403E+00  3.26090185E-03
 1.17893352E+00  3.29977500E-03
 1.17886966E+00  3.34505138E-03
 1.17879049E+00  3.39384549E-03
 1.17869506E+00  3.44313328E-03
 1.17858453E+00  3.48977533E-03
 1.17846267E+00  3.53076392E-03
 1.17833134E+00  3.56326538E-03
 1.17819077E+00  3.58486482E-03
 1.17804167E+00  3.59408768E-03
 1.17788387E+00  3.59028087E-03
 1.17771815E+00  3.57316807E-03
 1.17754644E+00  3.54275301E-03
 1.17736877E+00  3.49890803E-03
 1.17718452E+00  3.44145465E-03
 1.17699410E+00  3.37118117E-03
 1.17679862E+00  3.28976962E-03
 1.17660172E+00  3.19949039E-03
 1.17640938E+00  3.10341548E-03
 1.17622678E+00  3.00471361E-03
 1.17605837E+00  2.90657593E-03
 1.17590801E+00  2.81286684E-03
 1.17577811E+00  2.72754745E-03
 1.17567183E+00  2.65405386E-03
 1.17559273E+00  2.59505509E-03
 1.17554278E+00  2.55150564E-03
 1.17552317E+00  2.52278362E-03
 1.17553427E+00  2.50806525E-03
 1.17557541E+00  2.50642306E-03
 1.17564683E+00  2.51711098E-03
 1.17574899E+00  2.53976386E-03
 1.17588044E+00  2.57283784E-03
 1.17603798E+00  2.61378198E-03
 1.17621627E+00  2.66005856E-03
 1.17640761E+00  2.70862814E-03
 1.17660438E+00  2.75642561E-03
 1.17679921E+00  2.80042696E-03
 1.17698426E+00  2.83633884E-03
 1.17715229E+00  2.85931787E-03
 1.17729621E+00  2.86549921E-03
 1.17740955E+00  2.85212579E-03
 1.17748861E+00  2.81845491E-03
 1.17753191E+00  2.76582836E-03
 1.17753875E+00  2.69561719E-03
 1.17750921E+00  2.60919166E-03
 1.17744268E+00  2.50825340E-03
 1.17733811E+00  2.39432082E-03
 1.17719712E+00  2.27019716E-03
 1.17702375E+00  2.13985794E-03
 1.17682365E+00  2.00690183E-03
 1.17660478E+00  1.87515183E-03
 1.17637523E+00  1.74870354E-03
 1.17614310E+00  1.63173252E-03
 1.17591826E+00  1.52981667E-03
 1.17571090E+00  1.44928778E-03
 1.17553019E+00  1.39519940E-03
 1.17538375E+00  1.37118169E-03
 1.17527517E+00  1.37877866E-03
 1.17520437E+00  1.41718365E-03
 1.17517101E+00  1.48537927E-03
 1.17517462E+00  1.58218337E-03
 1.17521540E+00  1.70559165E-03
 1.17529474E+00  1.85333375E-03
 1.17541123E+00  2.02150047E-03
 1.17556109E+00  2.20454962E-03
 1.17574060E+00  2.39692786E-03
 1.17594475E+00  2.59253702E-03
 1.17616844E+00  2.78466496E-03
 1.17640659E+00  2.96632482E-03
 1.17665082E+00  3.12913976E-03
 1.17689113E+00  3.26407122E-03
 1.17711941E+00  3.36352539E-03
 1.17732955E+00  3.42171257E-03
 1.17751961E+00  3.43552850E-03
 1.17769181E+00  3.40478275E-03
 1.17784768E+00  3.32986848E-03
 1.17798792E+00  3.21160344E-03
 1.17811315E+00  3.05160829E-03
 1.17822258E+00  2.85185099E-03
 1.17831720E+00  2.61668697E-03
 1.17839946E+00  2.35282706E-03
 1.17846949E+00  2.06757295E-03
 1.17852672E+00  1.76947066E-03
 1.17857070E+00  1.46784505E-03
 1.17860104E+00  1.17241328E-03
 1.17862093E+00  8.94819252E-04
 1.17863618E+00  6.47482116E-04
 1.17865026E+00  4.41087518E-04
 1.17866463E+00  2.84019182E-04
 1.17867830E+00  1.80749368E-04
