# x =
 7.67305130E+00
# y =
 3.25097170E+00
 VARIABLES = u,v
 1.17130760E+00  4.95906117E-03
 1.17131614E+00  4.94349196E-03
 1.17136500E+00  4.90001503E-03
 1.17145408E+00  4.83053426E-03
 1.17158127E+00  4.73706631E-03
 1.17174449E+00  4.62307370E-03
 1.17194112E+00  4.49349830E-03
 1.17216788E+00  4.35191984E-03
 1.17242135E+00  4.20144013E-03
 1.17269682E+00  4.04598122E-03
 1.17298859E+00  3.88995430E-03
 1.17329166E+00  3.73999368E-03
 1.17360123E+00  3.60438064E-03
 1.17391242E+00  3.48943547E-03
 1.17422084E+00  3.39938194E-03
 1.17452209E+00  3.33619042E-03
 1.17481181E+00  3.29892398E-03
 1.17508649E+00  3.28678565E-03
 1.17534309E+00  3.29931663E-03
 1.17557849E+00  3.33487297E-03
 1.17578997E+00  3.39164493E-03
 1.17597569E+00  3.46646301E-03
 1.17613470E+00  3.55476898E-03
 1.17626749E+00  3.65310180E-03
 1.17637582E+00  3.75832742E-03
 1.17646173E+00  3.86655841E-03
 1.17652751E+00  3.97343823E-03
 1.17657585E+00  4.07257523E-03
 1.17660928E+00  4.15611936E-03
 1.17663014E+00  4.21802659E-03
 1.17664008E+00  4.25423281E-03
 1.17663885E+00  4.26290722E-03
 1.17662474E+00  4.24500959E-03
 1.17659589E+00  4.20141915E-03
 1.17655064E+00  4.13273786E-03
 1.17648853E+00  4.04059607E-03
 1.17641035E+00  3.92672503E-03
 1.17631604E+00  3.79422021E-03
 1.17620503E+00  3.64753826E-03
 1.17607741E+00  3.49015217E-03
 1.17593312E+00  3.32530631E-03
 1.17577276E+00  3.15692179E-03
 1.17559733E+00  2.98934295E-03
 1.17540611E+00  2.82891326E-03
 1.17519757E+00  2.68336615E-03
 1.17497134E+00  2.55870143E-03
 1.17472810E+00  2.45901565E-03
 1.17447060E+00  2.38616309E-03
 1.17420369E+00  2.33924756E-03
 1.17393159E+00  2.31746317E-03
 1.17365802E+00  2.32027349E-03
 1.17338698E+00  2.34619037E-03
 1.17312179E+00  2.39367799E-03
 1.17286617E+00  2.45984656E-03
 1.17262401E+00  2.54047179E-03
 1.17239725E+00  2.63230158E-03
 1.17218660E+00  2.73229687E-03
 1.17199276E+00  2.83678297E-03
 1.17181632E+00  2.94169119E-03
 1.17165931E+00  3.04096864E-03
 1.17152499E+00  3.12719005E-03
 1.17141536E+00  3.19462508E-03
 1.17133144E+00  3.23939059E-03
 1.17127381E+00  3.25980104E-03
 1.17124190E+00  3.25686449E-03
 1.17123539E+00  3.23147715E-03
 1.17125401E+00  3.18425816E-03
 1.17129559E+00  3.11675746E-03
 1.17135685E+00  3.03055993E-03
 1.17143410E+00  2.92856204E-03
 1.17152297E+00  2.81495278E-03
 1.17161949E+00  2.69294300E-03
 1.17172010E+00  2.56551453E-03
 1.17182022E+00  2.43627295E-03
 1.17191473E+00  2.30921239E-03
 1.17199849E+00  2.19027530E-03
 1.17206612E+00  2.08676693E-03
 1.17211286E+00  2.00435265E-03
 1.17213479E+00  1.94692210E-03
 1.17212830E+00  1.91627364E-03
 1.17209042E+00  1.91162267E-03
 1.17201912E+00  1.93232659E-03
 1.17191305E+00  1.97804380E-03
 1.17177202E+00  2.04753343E-03
 1.17159715E+00  2.13953573E-03
 1.17139100E+00  2.25156989E-03
 1.17115784E+00  2.37994908E-03
 1.17090379E+00  2.52198761E-03
 1.17063659E+00  2.67526582E-03
 1.17036498E+00  2.83673974E-03
 1.17009822E+00  3.00294852E-03
 1.16984567E+00  3.16849224E-03
 1.16961623E+00  3.32655999E-03
 1.16941833E+00  3.47184026E-03
 1.16925917E+00  3.60061510E-03
 1.16914340E+00  3.71098710E-03
 1.16907348E+00  3.80336285E-03
 1.16905076E+00  3.87784562E-03
 1.16907583E+00  3.93407845E-03
 1.16914995E+00  3.97245166E-03
 1.16927468E+00  3.99322132E-03
 1.16944905E+00  3.99753483E-03
 1.16966974E+00  3.98740903E-03
 1.16993192E+00  3.96360193E-03
 1.17022852E+00  3.92633241E-03
 1.17055225E+00  3.87631928E-03
 1.17089555E+00  3.81464472E-03
 1.17124850E+00  3.74423398E-03
 1.17160038E+00  3.66946588E-03
 1.17194152E+00  3.59338248E-03
 1.17226380E+00  3.51771186E-03
 1.17256316E+00  3.44289624E-03
 1.17283917E+00  3.36758675E-03
 1.17309103E+00  3.29099122E-03
 1.17331729E+00  3.21300466E-03
 1.17351527E+00  3.13287620E-03
 1.17368025E+00  3.05012084E-03
 1.17380940E+00  2.96399622E-03
 1.17390116E+00  2.87351750E-03
 1.17395219E+00  2.77941647E-03
 1.17395904E+00  2.68352253E-03
 1.17391800E+00  2.58738447E-03
 1.17382537E+00  2.49233618E-03
 1.17368158E+00  2.39829333E-03
 1.17348993E+00  2.30385061E-03
 1.17325205E+00  2.20876897E-03
 1.17296839E+00  2.11379515E-03
 1.17263727E+00  2.02012670E-03
 1.17225442E+00  1.92999935E-03
 1.17181804E+00  1.84504444E-03
 1.17132881E+00  1.76623649E-03
 1.17078769E+00  1.69544204E-03
 1.17019797E+00  1.63457996E-03
 1.16956418E+00  1.58523579E-03
 1.16889244E+00  1.54873835E-03
 1.16819452E+00  1.52471925E-03
 1.16748628E+00  1.51142005E-03
 1.16678410E+00  1.50735815E-03
 1.16610459E+00  1.51124395E-03
 1.16546143E+00  1.52237574E-03
 1.16486495E+00  1.54092956E-03
 1.16432684E+00  1.56629544E-03
 1.16385880E+00  1.59728001E-03
 1.16346979E+00  1.63312858E-03
 1.16316757E+00  1.67292306E-03
 1.16295663E+00  1.71598594E-03
 1.16283853E+00  1.76187334E-03
 1.16281638E+00  1.80897226E-03
 1.16289276E+00  1.85496675E-03
 1.16306533E+00  1.89796410E-03
 1.16332712E+00  1.93627496E-03
 1.16366458E+00  1.96887775E-03
 1.16405755E+00  1.99556201E-03
 1.16448555E+00  2.01563658E-03
 1.16492802E+00  2.02810337E-03
 1.16536316E+00  2.03229203E-03
 1.16577080E+00  2.02740949E-03
 1.16613117E+00  2.01290172E-03
 1.16642657E+00  1.98849005E-03
 1.16664741E+00  1.95330323E-03
 1.16679040E+00  1.90621601E-03
 1.16685420E+00  1.84649327E-03
 1.16683897E+00  1.77373682E-03
 1.16674193E+00  1.68836952E-03
 1.16655790E+00  1.59174309E-03
 1.16628844E+00  1.48536712E-03
 1.16594079E+00  1.37112872E-03
 1.16552506E+00  1.25170635E-03
 1.16505654E+00  1.13021492E-03
 1.16455022E+00  1.01027471E-03
 1.16402074E+00  8.95819765E-04
 1.16348896E+00  7.90232007E-04
 1.16297763E+00  6.96424264E-04
 1.16250629E+00  6.17360687E-04
 1.16209035E+00  5.55701660E-04
 1.16173457E+00  5.13665009E-04
 1.16143394E+00  4.93144894E-04
 1.16118411E+00  4.95283631E-04
 1.16098174E+00  5.20634818E-04
 1.16082525E+00  5.69820304E-04
 1.16071699E+00  6.43140426E-04
 1.16065377E+00  7.39872391E-04
 1.16062810E+00  8.58276760E-04
 1.16063593E+00  9.95265150E-04
 1.16067278E+00  1.14643878E-03
 1.16073451E+00  1.30718217E-03
 1.16081731E+00  1.47274286E-03
 1.16090857E+00  1.63804880E-03
 1.16099032E+00  1.79829828E-03
 1.16104994E+00  1.94889660E-03
 1.16107973E+00  2.08587293E-03
 1.16108001E+00  2.20709941E-03
 1.16106034E+00  2.31194098E-03
 1.16102745E+00  2.40019737E-03
 1.16098537E+00  2.47194256E-03
 1.16093984E+00  2.52663900E-03
 1.16089423E+00  2.56319477E-03
 1.16085421E+00  2.58197663E-03
 1.16082730E+00  2.58456751E-03
 1.16081352E+00  2.57301208E-03
 1.16080883E+00  2.55034805E-03
 1.16080992E+00  2.51948507E-03
 1.16081391E+00  2.48318803E-03
 1.16082495E+00  2.44559983E-03
 1.16085325E+00  2.41125791E-03
 1.16090385E+00  2.38371701E-03
 1.16097771E+00  2.36533433E-03
 1.16107329E+00  2.35582974E-03
 1.16118395E+00  2.35253698E-03
 1.16130576E+00  2.35314863E-03
 1.16143737E+00  2.35597158E-03
 1.16157295E+00  2.36021885E-03
 1.16170594E+00  2.36674540E-03
 1.16183028E+00  2.37588790E-03
 1.16193991E+00  2.38799813E-03
 1.16203517E+00  2.40570125E-03
 1.16212148E+00  2.43246714E-03
 1.16220224E+00  2.47154789E-03
 1.16227958E+00  2.52518766E-03
 1.16235280E+00  2.59117365E-03
 1.16241725E+00  2.66305289E-03
 1.16247120E+00  2.73357188E-03
 1.16251521E+00  2.79348443E-03
 1.16254805E+00  2.83060441E-03
 1.16256914E+00  2.83199942E-03
 1.16257670E+00  2.78428177E-03
 1.16256759E+00  2.67624288E-03
 1.16254261E+00  2.50504570E-03
 1.16250476E+00  2.27652437E-03
 1.16245533E+00  2.00245771E-03
 1.16239481E+00  1.70384182E-03
 1.16232085E+00  1.41324090E-03
 1.16222801E+00  1.17032718E-03
 1.16211272E+00  1.01628328E-03
 1.16197284E+00  9.86611707E-04
 1.16180600E+00  1.09783143E-03
 1.16161124E+00  1.34492816E-03
 1.16138713E+00  1.70986194E-03
 1.16113187E+00  2.15309249E-03
 1.16084664E+00  2.60335105E-03
 1.16053442E+00  2.96981268E-03
 1.16019855E+00  3.15768270E-03
 1.15984312E+00  3.08553309E-03
 1.15947101E+00  2.72101377E-03
 1.15908407E+00  2.08576479E-03
 1.15868627E+00  1.22779815E-03
 1.15828322E+00  2.41888360E-04
 1.15788157E+00 -7.05786683E-04
 1.15748974E+00 -1.41074253E-03
 1.15711582E+00 -1.66677856E-03
 1.15676752E+00 -1.31134957E-03
 1.15645390E+00 -3.20303358E-04
 1.15618425E+00  1.17919443E-03
 1.15596746E+00  2.97504072E-03
 1.15581189E+00  4.71596591E-03
 1.15572361E+00  5.84990490E-03
 1.15570637E+00  5.78813199E-03
 1.15576307E+00  4.16614504E-03
 1.15589520E+00  1.08570256E-03
 1.15610273E+00 -2.47914424E-03
 1.15638390E+00 -4.95694830E-03
 1.15673307E+00 -5.25037573E-03
 1.15714029E+00 -3.08455081E-03
 1.15759170E+00  5.29034271E-04
 1.15806990E+00  3.44735443E-03
 1.15855696E+00  4.31257319E-03
 1.15903623E+00  2.88474259E-03
 1.15949346E+00 -3.32273948E-05
 1.15991884E+00 -2.43144371E-03
 1.16030663E+00 -3.20774581E-03
 1.16065761E+00 -2.49901065E-03
 1.16098345E+00 -8.43273428E-04
 1.16130371E+00  4.00487480E-04
 1.16163889E+00  5.56432325E-04
 1.16200620E+00  3.30006297E-05
 1.16241099E+00 -8.68328946E-04
 1.16284486E+00 -1.53551148E-03
 1.16329526E+00 -1.64264552E-03
 1.16374032E+00 -1.57831205E-03
 1.16414049E+00 -1.47206526E-03
 1.16444704E+00 -1.41804144E-03
 1.16460898E+00 -1.50017153E-03
 1.16458281E+00 -1.45582319E-03
 1.16435639E+00 -1.18872243E-03
 1.16394984E+00 -7.41569514E-04
 1.16339639E+00 -9.58220251E-05
 1.16275378E+00  6.30814796E-04
 1.16211554E+00  1.32013905E-03
 1.16159407E+00  1.91183563E-03
 1.16130891E+00  2.29210337E-03
 1.16136382E+00  2.37749396E-03
 1.16179630E+00  2.14776944E-03
 1.16257418E+00  1.61257002E-03
 1.16362898E+00  8.24720117E-04
 1.16482942E+00 -1.07246582E-04
 1.16595602E+00 -1.00704672E-03
 1.16674424E+00 -1.65214071E-03
 1.16693273E+00 -1.81938631E-03
 1.16632644E+00 -1.33758759E-03
 1.16492073E+00 -1.85976898E-04
 1.16292209E+00  1.48849952E-03
 1.16066912E+00  3.44077060E-03
 1.15870767E+00  5.26886879E-03
 1.15787689E+00  6.34568767E-03
 1.15903057E+00  6.01392132E-03
 1.16255428E+00  3.90626502E-03
 1.16794700E+00  2.35133064E-04
 1.17315570E+00 -3.73114063E-03
 1.17516342E+00 -6.02121268E-03
 1.17208822E+00 -5.29533013E-03
 1.16399983E+00 -1.30969840E-03
 1.15398145E+00  4.47155555E-03
 1.14751904E+00  9.10679833E-03
 1.14807863E+00  1.06499458E-02
 1.15598578E+00  8.62122952E-03
 1.16785913E+00  4.00877138E-03
 1.17675932E+00 -5.08931706E-04
 1.17845988E+00 -3.31684638E-03
 1.17275065E+00 -4.22814587E-03
 1.16253104E+00 -3.35508382E-03
 1.15440285E+00 -1.81191128E-03
 1.15215946E+00 -7.52763071E-05
 1.15536907E+00  2.27485458E-03
 1.16197355E+00  4.62143020E-03
 1.16713765E+00  6.12369640E-03
 1.16824115E+00  6.06664165E-03
 1.16635888E+00  3.67503655E-03
 1.16276884E+00 -1.73444747E-04
 1.16015232E+00 -3.39052151E-03
 1.15995370E+00 -4.68565626E-03
 1.16096050E+00 -3.48048740E-03
 1.16245930E+00 -4.78440537E-04
 1.16343253E+00  2.20023210E-03
 1.16323090E+00  3.44960809E-03
 1.16273108E+00  3.27054801E-03
 1.16230454E+00  2.08009086E-03
 1.16211534E+00  1.21627347E-03
 1.16240983E+00  1.24595299E-03
 1.16276948E+00  1.65476144E-03
 1.16301550E+00  2.11024844E-03
 1.16323215E+00  1.98994277E-03
 1.16334118E+00  1.01873428E-03
 1.16345771E+00 -2.75752405E-04
 1.16365288E+00 -1.55238169E-03
 1.16384486E+00 -2.44865061E-03
 1.16404015E+00 -2.61047980E-03
 1.16422220E+00 -2.09873983E-03
 1.16435493E+00 -9.71674401E-04
 1.16445640E+00  6.67091981E-04
 1.16452142E+00  2.54575263E-03
 1.16453697E+00  4.36201143E-03
 1.16450837E+00  5.56429734E-03
 1.16443269E+00  5.48193143E-03
 1.16430922E+00  3.73482793E-03
 1.16414349E+00  4.25737296E-04
 1.16393681E+00 -3.41619135E-03
 1.16369105E+00 -6.09145476E-03
 1.16341229E+00 -6.42381897E-03
 1.16310818E+00 -4.12391342E-03
 1.16278806E+00 -2.73907013E-04
 1.16246363E+00  2.82408842E-03
 1.16214662E+00  3.71131476E-03
 1.16184883E+00  2.13205627E-03
 1.16158400E+00 -1.05077135E-03
 1.16136616E+00 -3.67637258E-03
 1.16120763E+00 -4.55397346E-03
 1.16111843E+00 -3.81838907E-03
 1.16110380E+00 -2.02961798E-03
 1.16116436E+00 -6.25103410E-04
 1.16129957E+00 -3.10797311E-04
 1.16150784E+00 -6.34030057E-04
 1.16178690E+00 -1.26633340E-03
 1.16213418E+00 -1.55769655E-03
 1.16254269E+00 -1.17324874E-03
 1.16300114E+00 -5.56709765E-04
 1.16349638E+00  1.07855586E-04
 1.16401232E+00  6.62520778E-04
 1.16453187E+00  9.58258239E-04
 1.16503765E+00  1.22451046E-03
 1.16550937E+00  1.53683891E-03
 1.16592612E+00  1.84991135E-03
 1.16626973E+00  2.19844665E-03
 1.16652588E+00  2.49652549E-03
 1.16668756E+00  2.69775889E-03
 1.16675493E+00  2.84216411E-03
 1.16672972E+00  2.91932805E-03
 1.16661485E+00  2.93746990E-03
 1.16641378E+00  2.91254572E-03
 1.16612978E+00  2.82825151E-03
 1.16577237E+00  2.68700170E-03
 1.16535691E+00  2.49883723E-03
 1.16490055E+00  2.26638693E-03
 1.16442407E+00  2.00155086E-03
 1.16394939E+00  1.71551140E-03
 1.16349880E+00  1.41649795E-03
 1.16309965E+00  1.11862485E-03
 1.16278099E+00  8.36768457E-04
 1.16256752E+00  5.83094692E-04
 1.16247827E+00  3.67885601E-04
 1.16252178E+00  1.95606584E-04
 1.16269610E+00  6.51773953E-05
 1.16299783E+00 -2.42727579E-05
 1.16342260E+00 -7.34347258E-05
 1.16396507E+00 -8.28152186E-05
 1.16462058E+00 -5.15358725E-05
 1.16537642E+00  1.78476875E-05
 1.16621247E+00  1.19824330E-04
 1.16710790E+00  2.50006651E-04
 1.16803825E+00  4.03236468E-04
 1.16897744E+00  5.74002155E-04
 1.16989868E+00  7.56641270E-04
 1.17076738E+00  9.40893940E-04
 1.17154543E+00  1.11386940E-03
 1.17220075E+00  1.26571160E-03
 1.17270856E+00  1.38973049E-03
 1.17305692E+00  1.48445622E-03
 1.17324715E+00  1.55414079E-03
 1.17328136E+00  1.60209107E-03
 1.17316188E+00  1.63049717E-03
 1.17289281E+00  1.64225199E-03
 1.17247714E+00  1.63893476E-03
 1.17192690E+00  1.62440398E-03
 1.17126245E+00  1.60445428E-03
 1.17050303E+00  1.58163587E-03
 1.16967072E+00  1.55725346E-03
 1.16878981E+00  1.53307125E-03
 1.16788581E+00  1.51107866E-03
 1.16699442E+00  1.49775570E-03
 1.16615701E+00  1.50286065E-03
 1.16540754E+00  1.53276361E-03
 1.16477155E+00  1.59071723E-03
 1.16426094E+00  1.67655162E-03
 1.16387284E+00  1.78547788E-03
 1.16360488E+00  1.91389991E-03
 1.16345584E+00  2.05946417E-03
 1.16342242E+00  2.21767149E-03
 1.16350316E+00  2.38412464E-03
 1.16368834E+00  2.55332605E-03
 1.16396057E+00  2.71863669E-03
 1.16430663E+00  2.87694772E-03
 1.16471275E+00  3.02731743E-03
 1.16516300E+00  3.16778632E-03
 1.16564020E+00  3.29580000E-03
 1.16611549E+00  3.40581718E-03
 1.16655266E+00  3.48954483E-03
 1.16692396E+00  3.54151053E-03
 1.16721063E+00  3.55883644E-03
 1.16740657E+00  3.54013950E-03
 1.16752036E+00  3.48694655E-03
 1.16755867E+00  3.40028408E-03
 1.16752559E+00  3.28058957E-03
 1.16742828E+00  3.13105294E-03
 1.16727180E+00  2.95604981E-03
 1.16706735E+00  2.76075736E-03
 1.16683167E+00  2.55151947E-03
 1.16657399E+00  2.33296600E-03
 1.16630077E+00  2.10852216E-03
 1.16602049E+00  1.88310150E-03
 1.16574285E+00  1.66256467E-03
 1.16548884E+00  1.45421584E-03
 1.16528769E+00  1.26690272E-03
 1.16515985E+00  1.10768790E-03
 1.16511720E+00  9.81625630E-04
 1.16516214E+00  8.92667072E-04
 1.16528464E+00  8.42749728E-04
 1.16547718E+00  8.33491846E-04
 1.16573523E+00  8.66491776E-04
 1.16604912E+00  9.41659480E-04
 1.16640968E+00  1.05786758E-03
 1.16680406E+00  1.21272374E-03
 1.16721579E+00  1.40231021E-03
 1.16763694E+00  1.62271297E-03
 1.16806433E+00  1.86972627E-03
 1.16849212E+00  2.13793804E-03
 1.16891275E+00  2.42106947E-03
 1.16930992E+00  2.71144807E-03
 1.16965976E+00  3.00040022E-03
 1.16994590E+00  3.28040156E-03
 1.17015905E+00  3.54553319E-03
 1.17029506E+00  3.79184335E-03
 1.17035840E+00  4.01759877E-03
 1.17035161E+00  4.22114597E-03
 1.17027500E+00  4.40051024E-03
 1.17013497E+00  4.55373444E-03
 1.16993958E+00  4.67836960E-03
 1.16969890E+00  4.77319016E-03
 1.16942560E+00  4.83805306E-03
 1.16912616E+00  4.87207340E-03
 1.16880295E+00  4.87444602E-03
 1.16846161E+00  4.84466263E-03
 1.16810996E+00  4.78257390E-03
 1.16776119E+00  4.69046036E-03
 1.16743386E+00  4.57224900E-03
 1.16714129E+00  4.43064358E-03
 1.16689155E+00  4.26711390E-03
 1.16669006E+00  4.08123468E-03
 1.16653688E+00  3.87045110E-03
 1.16643280E+00  3.63341084E-03
 1.16637999E+00  3.37016794E-03
 1.16637609E+00  3.08115887E-03
 1.16641699E+00  2.76840395E-03
 1.16649713E+00  2.43422047E-03
 1.16660890E+00  2.08152837E-03
 1.16674810E+00  1.71661863E-03
 1.16691278E+00  1.34799138E-03
 1.16709841E+00  9.84537395E-04
 1.16729868E+00  6.35238424E-04
 1.16750369E+00  3.06632001E-04
 1.16770012E+00  2.88395139E-06
 1.16787814E+00 -2.70556610E-04
 1.16803178E+00 -5.07745870E-04
 1.16815754E+00 -7.03381402E-04
 1.16825597E+00 -8.51910555E-04
 1.16832714E+00 -9.49912311E-04
 1.16836991E+00 -9.95949183E-04
 1.16838520E+00 -9.87650120E-04
 1.16837415E+00 -9.23337197E-04
 1.16833887E+00 -8.03969958E-04
 1.16828256E+00 -6.33072273E-04
 1.16820536E+00 -4.18865062E-04
 1.16810559E+00 -1.73850648E-04
 1.16798272E+00  8.92731974E-05
 1.16783726E+00  3.57814980E-04
 1.16767326E+00  6.19258882E-04
 1.16749787E+00  8.62813074E-04
 1.16731560E+00  1.07741978E-03
 1.16712832E+00  1.25290060E-03
 1.16693605E+00  1.38364992E-03
 1.16673585E+00  1.46728685E-03
 1.16652617E+00  1.50305356E-03
 1.16630731E+00  1.49149644E-03
 1.16607834E+00  1.43102519E-03
 1.16583908E+00  1.31868369E-03
 1.16558992E+00  1.15573407E-03
 1.16533186E+00  9.46994776E-04
 1.16507046E+00  6.99965190E-04
 1.16481461E+00  4.25994741E-04
 1.16457284E+00  1.36095697E-04
 1.16435317E+00 -1.59050626E-04
 1.16416075E+00 -4.45438284E-04
 1.16399757E+00 -7.08488477E-04
 1.16386753E+00 -9.35288576E-04
 1.16377570E+00 -1.11528114E-03
 1.16372615E+00 -1.24477262E-03
 1.16372337E+00 -1.32612933E-03
 1.16376971E+00 -1.36167626E-03
 1.16386536E+00 -1.35352560E-03
 1.16401240E+00 -1.30236709E-03
 1.16421285E+00 -1.20643154E-03
 1.16446594E+00 -1.06789836E-03
 1.16476841E+00 -8.92069463E-04
 1.16511197E+00 -6.82951500E-04
 1.16548368E+00 -4.45631081E-04
 1.16587085E+00 -1.84969419E-04
 1.16626119E+00  9.43914031E-05
 1.16664256E+00  3.82250098E-04
 1.16700474E+00  6.65303313E-04
 1.16733694E+00  9.33386780E-04
 1.16762885E+00  1.17933924E-03
 1.16787471E+00  1.40163786E-03
 1.16807182E+00  1.60487021E-03
 1.16821893E+00  1.79199196E-03
 1.16831612E+00  1.96436406E-03
 1.16836109E+00  2.12397008E-03
 1.16835004E+00  2.27097554E-03
 1.16828329E+00  2.40752330E-03
 1.16816461E+00  2.53732582E-03
 1.16800049E+00  2.65975569E-03
 1.16780129E+00  2.77215668E-03
 1.16757693E+00  2.87226878E-03
 1.16733692E+00  2.95804370E-03
 1.16709388E+00  3.03236369E-03
 1.16686096E+00  3.10207580E-03
 1.16664987E+00  3.17072962E-03
 1.16647035E+00  3.23922776E-03
 1.16632572E+00  3.30623643E-03
 1.16621369E+00  3.36669908E-03
 1.16613207E+00  3.41755665E-03
 1.16607887E+00  3.45769352E-03
 1.16605360E+00  3.48370435E-03
 1.16605815E+00  3.49242815E-03
 1.16609067E+00  3.48097336E-03
 1.16614634E+00  3.44655066E-03
 1.16622143E+00  3.39110766E-03
 1.16631107E+00  3.32011045E-03
 1.16641066E+00  3.23814857E-03
 1.16651594E+00  3.14925457E-03
 1.16661756E+00  3.05511203E-03
 1.16670344E+00  2.95451536E-03
 1.16676442E+00  2.84854662E-03
 1.16679416E+00  2.73995568E-03
 1.16679171E+00  2.63067429E-03
 1.16676194E+00  2.52346439E-03
 1.16670827E+00  2.41994243E-03
 1.16663275E+00  2.32054140E-03
 1.16653790E+00  2.22843198E-03
 1.16642450E+00  2.14798562E-03
 1.16629534E+00  2.08220219E-03
 1.16615480E+00  2.03322098E-03
 1.16600337E+00  2.00041105E-03
 1.16583982E+00  1.98033075E-03
 1.16566329E+00  1.97058232E-03
 1.16547307E+00  1.96948732E-03
 1.16527315E+00  1.97516772E-03
 1.16507117E+00  1.98676048E-03
 1.16487174E+00  2.00260549E-03
 1.16467695E+00  2.02045416E-03
 1.16448664E+00  2.04012164E-03
 1.16429703E+00  2.06241523E-03
 1.16410617E+00  2.08805453E-03
 1.16391391E+00  2.11779467E-03
 1.16371800E+00  2.15040975E-03
 1.16351649E+00  2.18291737E-03
 1.16330748E+00  2.21334072E-03
 1.16308908E+00  2.24018646E-03
 1.16286372E+00  2.26194341E-03
 1.16263702E+00  2.27785184E-03
 1.16241374E+00  2.28627784E-03
 1.16219808E+00  2.28498091E-03
 1.16199189E+00  2.27320312E-03
 1.16179422E+00  2.25078644E-03
 1.16160625E+00  2.21734295E-03
 1.16143071E+00  2.17257006E-03
 1.16126969E+00  2.11505239E-03
 1.16112613E+00  2.04244554E-03
 1.16100182E+00  1.95344455E-03
 1.16089734E+00  1.84757467E-03
 1.16081572E+00  1.72492921E-03
 1.16076101E+00  1.58683465E-03
 1.16073595E+00  1.43498103E-03
 1.16074248E+00  1.27165343E-03
 1.16077982E+00  1.10110836E-03
 1.16084448E+00  9.28910760E-04
 1.16093388E+00  7.61079225E-04
 1.16104597E+00  6.03929533E-04
 1.16117860E+00  4.62791443E-04
 1.16133053E+00  3.41876704E-04
 1.16149961E+00  2.45696645E-04
 1.16168299E+00  1.78425780E-04
 1.16187949E+00  1.43058258E-04
 1.16208866E+00  1.41895327E-04
 1.16230991E+00  1.76031031E-04
 1.16254266E+00  2.45586482E-04
 1.16278437E+00  3.51294596E-04
 1.16303083E+00  4.93815973E-04
 1.16327869E+00  6.72033555E-04
 1.16352493E+00  8.83219610E-04
 1.16376659E+00  1.12259178E-03
 1.16400142E+00  1.38319807E-03
 1.16422633E+00  1.65799275E-03
 1.16443760E+00  1.93986079E-03
 1.16463277E+00  2.22083212E-03
 1.16480985E+00  2.49318682E-03
 1.16496672E+00  2.74953543E-03
 1.16510139E+00  2.98335944E-03
 1.16521096E+00  3.19113033E-03
 1.16529176E+00  3.37174521E-03
 1.16534113E+00  3.52449775E-03
 1.16535721E+00  3.64891627E-03
 1.16533886E+00  3.74353340E-03
 1.16528621E+00  3.80581447E-03
 1.16519989E+00  3.83533284E-03
 1.16508123E+00  3.83336399E-03
 1.16493351E+00  3.80145083E-03
 1.16476132E+00  3.74238151E-03
 1.16456988E+00  3.65882172E-03
 1.16436481E+00  3.55337474E-03
 1.16415096E+00  3.43118161E-03
 1.16393229E+00  3.29856601E-03
 1.16371308E+00  3.16068339E-03
 1.16349737E+00  3.02143041E-03
 1.16328812E+00  2.88163971E-03
 1.16308773E+00  2.73916006E-03
 1.16289774E+00  2.59262628E-03
 1.16271911E+00  2.44151333E-03
 1.16255387E+00  2.28576925E-03
 1.16240452E+00  2.12684100E-03
 1.16227235E+00  1.96513347E-03
 1.16215769E+00  1.80037398E-03
 1.16205973E+00  1.63446766E-03
 1.16197606E+00  1.47018644E-03
 1.16190411E+00  1.31049965E-03
 1.16184072E+00  1.15849670E-03
 1.16178059E+00  1.01446513E-03
 1.16171710E+00  8.76604518E-04
 1.16164279E+00  7.44743554E-04
 1.16154929E+00  6.19903091E-04
 1.16142850E+00  5.04421248E-04
 1.16127316E+00  4.02580745E-04
 1.16107679E+00  3.17215708E-04
 1.16083513E+00  2.49784151E-04
 1.16054787E+00  2.02501943E-04
 1.16021951E+00  1.76845296E-04
 1.15986038E+00  1.73666750E-04
 1.15948835E+00  1.93146484E-04
 1.15913028E+00  2.32058970E-04
 1.15881931E+00  2.84608532E-04
 1.15858802E+00  3.45085987E-04
 1.15846339E+00  4.07868299E-04
 1.15845934E+00  4.68784144E-04
 1.15857306E+00  5.25560450E-04
 1.15878980E+00  5.74781041E-04
 1.15907619E+00  6.12563311E-04
 1.15937019E+00  6.36388416E-04
 1.15959112E+00  6.44036303E-04
 1.15965645E+00  6.34484145E-04
 1.15949565E+00  6.07761763E-04
 1.15907833E+00  5.62164027E-04
 1.15841989E+00  4.95309513E-04
 1.15755801E+00  4.06653712E-04
 1.15656991E+00  2.97124846E-04
 1.15559588E+00  1.70049177E-04
 1.15481301E+00  3.13449398E-05
 1.15440670E+00 -1.13575341E-04
 1.15453651E+00 -2.59682853E-04
 1.15526039E+00 -4.01168997E-04
 1.15652699E+00 -5.32797129E-04
 1.15823375E+00 -6.49416540E-04
 1.16018605E+00 -7.46391214E-04
 1.16205108E+00 -8.22246569E-04
 1.16342354E+00 -8.77852272E-04
 1.16389288E+00 -9.14313661E-04
 1.16313362E+00 -9.32924628E-04
 1.16109409E+00 -9.33578180E-04
 1.15802074E+00 -9.14712483E-04
 1.15433004E+00 -8.76723130E-04
 1.15071597E+00 -8.21450091E-04
 1.14826887E+00 -7.50782206E-04
 1.14815217E+00 -6.67690932E-04
 1.15108644E+00 -5.74680756E-04
 1.15687013E+00 -4.73892376E-04
 1.16357859E+00 -3.69831934E-04
 1.16810835E+00 -2.68026964E-04
 1.16829634E+00 -1.72844832E-04
 1.16361089E+00 -8.75380149E-05
 1.15607075E+00 -1.24885558E-05
 1.14993666E+00  5.47458929E-05
 1.14791501E+00  1.15940882E-04
 1.15049667E+00  1.72299103E-04
 1.15610092E+00  2.24963247E-04
 1.16074958E+00  2.74038651E-04
 1.16225602E+00  3.20770534E-04
 1.16087819E+00  3.67271701E-04
 1.15765645E+00  4.13956046E-04
 1.15524887E+00  4.60634591E-04
 1.15495942E+00  5.07121007E-04
 1.15595007E+00  5.53143843E-04
 1.15761146E+00  6.00650662E-04
 1.15873898E+00  6.53191464E-04
 1.15870589E+00  7.12784544E-04
 1.15831953E+00  7.80188048E-04
 1.15790423E+00  8.54733332E-04
 1.15773227E+00  9.33739619E-04
 1.15805827E+00  1.01522516E-03
 1.15843698E+00  1.09782468E-03
 1.15870490E+00  1.17905758E-03
 1.15892155E+00  1.25641425E-03
 1.15900037E+00  1.32699087E-03
 1.15908077E+00  1.38741947E-03
 1.15923604E+00  1.43597623E-03
 1.15938625E+00  1.47202685E-03
 1.15954628E+00  1.49446851E-03
 1.15969795E+00  1.50200724E-03
 1.15980880E+00  1.49233083E-03
 1.15990568E+00  1.46211210E-03
 1.15998706E+00  1.40933327E-03
 1.16004305E+00  1.33320454E-03
 1.16007972E+00  1.23355091E-03
 1.16009016E+00  1.11147358E-03
 1.16007027E+00  9.68165843E-04
 1.16002239E+00  8.04876569E-04
 1.15994382E+00  6.24339018E-04
 1.15983305E+00  4.30212802E-04
 1.15969062E+00  2.26821689E-04
 1.15951651E+00  1.93814422E-05
 1.15931274E+00 -1.86997263E-04
 1.15908299E+00 -3.87259774E-04
 1.15883070E+00 -5.75564101E-04
 1.15855952E+00 -7.45662127E-04
 1.15827329E+00 -8.91054561E-04
 1.15797544E+00 -1.00507180E-03
 1.15766967E+00 -1.08199109E-03
 1.15735967E+00 -1.11739707E-03
 1.15704792E+00 -1.10818658E-03
 1.15673616E+00 -1.05285460E-03
 1.15642596E+00 -9.50852189E-04
 1.15611880E+00 -8.02415262E-04
 1.15581715E+00 -6.08792564E-04
 1.15552426E+00 -3.72247607E-04
 1.15524251E+00 -9.69664790E-05
 1.15497361E+00  2.10813664E-04
 1.15471897E+00  5.43320903E-04
 1.15447922E+00  8.91161670E-04
 1.15425532E+00  1.24404624E-03
 1.15404844E+00  1.59118336E-03
 1.15385868E+00  1.92098784E-03
 1.15368576E+00  2.22191765E-03
 1.15352981E+00  2.48340975E-03
 1.15339131E+00  2.69662963E-03
 1.15327225E+00  2.85600687E-03
 1.15317585E+00  2.95905160E-03
 1.15310482E+00  3.00441069E-03
 1.15306132E+00  2.99156007E-03
 1.15304686E+00  2.91998744E-03
 1.15306179E+00  2.78920565E-03
 1.15310668E+00  2.60194036E-03
 1.15318198E+00  2.36394109E-03
 1.15328670E+00  2.08255961E-03
 1.15341907E+00  1.76753718E-03
 1.15357679E+00  1.42923247E-03
 1.15375713E+00  1.07834247E-03
 1.15395851E+00  7.28105698E-04
 1.15418012E+00  3.92527014E-04
 1.15442021E+00  8.38830280E-05
 1.15467638E+00 -1.88015492E-04
 1.15494563E+00 -4.18599831E-04
 1.15522399E+00 -6.08262696E-04
 1.15550801E+00 -7.57777307E-04
 1.15579455E+00 -8.67961097E-04
 1.15607954E+00 -9.39123057E-04
 1.15635872E+00 -9.70294791E-04
 1.15662799E+00 -9.64016951E-04
 1.15688332E+00 -9.25846147E-04
 1.15712198E+00 -8.60913234E-04
 1.15734227E+00 -7.75636379E-04
 1.15754219E+00 -6.76651625E-04
 1.15771959E+00 -5.70665972E-04
 1.15787212E+00 -4.68718135E-04
 1.15799686E+00 -3.84061697E-04
 1.15809144E+00 -3.27080072E-04
 1.15815382E+00 -3.05017681E-04
 1.15818140E+00 -3.19473755E-04
 1.15817153E+00 -3.66130899E-04
 1.15812181E+00 -4.41359938E-04
 1.15803014E+00 -5.42398792E-04
 1.15789591E+00 -6.66066320E-04
 1.15771982E+00 -8.10610420E-04
 1.15750287E+00 -9.71566888E-04
 1.15724666E+00 -1.14219426E-03
 1.15695356E+00 -1.31856638E-03
 1.15662643E+00 -1.49749978E-03
 1.15626913E+00 -1.67540917E-03
 1.15588629E+00 -1.84852305E-03
 1.15548211E+00 -2.00832961E-03
 1.15506075E+00 -2.14306193E-03
 1.15462680E+00 -2.24437650E-03
 1.15418498E+00 -2.30715228E-03
 1.15374036E+00 -2.33028802E-03
 1.15329845E+00 -2.31778311E-03
 1.15286437E+00 -2.27248405E-03
 1.15244313E+00 -2.19605107E-03
 1.15204021E+00 -2.09213835E-03
 1.15166114E+00 -1.96412157E-03
 1.15131108E+00 -1.81692911E-03
 1.15099479E+00 -1.65701855E-03
 1.15071604E+00 -1.48742256E-03
 1.15047770E+00 -1.30931699E-03
 1.15028248E+00 -1.12497184E-03
 1.15013289E+00 -9.37337810E-04
 1.15003096E+00 -7.52930396E-04
 1.14997860E+00 -5.81369435E-04
 1.14997725E+00 -4.29405308E-04
 1.15002805E+00 -3.01155546E-04
 1.15013254E+00 -1.98903008E-04
 1.15029226E+00 -1.21712461E-04
 1.15050784E+00 -6.95233285E-05
 1.15077878E+00 -4.32687572E-05
 1.15110253E+00 -4.14961006E-05
 1.15147436E+00 -6.21353077E-05
 1.15188843E+00 -1.02457040E-04
 1.15233734E+00 -1.58795421E-04
 1.15281136E+00 -2.29950361E-04
 1.15329915E+00 -3.16378872E-04
 1.15378800E+00 -4.17222339E-04
 1.15426459E+00 -5.30712716E-04
 1.15471685E+00 -6.52994944E-04
 1.15513404E+00 -7.78035942E-04
 1.15550530E+00 -9.01643767E-04
 1.15582052E+00 -1.02143044E-03
 1.15607110E+00 -1.13565940E-03
 1.15624966E+00 -1.24427987E-03
 1.15635113E+00 -1.34666614E-03
 1.15637256E+00 -1.44133455E-03
 1.15631126E+00 -1.52819878E-03
 1.15616605E+00 -1.60748323E-03
 1.15593950E+00 -1.67939077E-03
 1.15563803E+00 -1.74430012E-03
 1.15527306E+00 -1.80071199E-03
 1.15486076E+00 -1.84571447E-03
 1.15441840E+00 -1.87711603E-03
 1.15396385E+00 -1.89332743E-03
 1.15351566E+00 -1.89412305E-03
 1.15309116E+00 -1.88080862E-03
 1.15270710E+00 -1.85357894E-03
 1.15237812E+00 -1.81162044E-03
 1.15211255E+00 -1.75408966E-03
 1.15191368E+00 -1.67944733E-03
 1.15178287E+00 -1.58694275E-03
 1.15172024E+00 -1.47683478E-03
 1.15172815E+00 -1.34878263E-03
 1.15181067E+00 -1.20271277E-03
 1.15196640E+00 -1.03946742E-03
 1.15218921E+00 -8.60761538E-04
 1.15247043E+00 -6.70643589E-04
 1.15279702E+00 -4.75136713E-04
 1.15315617E+00 -2.80187974E-04
 1.15353523E+00 -9.15354991E-05
 1.15391645E+00  8.59007581E-05
 1.15428059E+00  2.48490602E-04
 1.15461123E+00  3.92014718E-04
 1.15489568E+00  5.12106408E-04
 1.15513043E+00  6.05740458E-04
 1.15532048E+00  6.70552686E-04
 1.15547035E+00  7.05255082E-04
 1.15558374E+00  7.09613692E-04
 1.15566280E+00  6.82583080E-04
 1.15570620E+00  6.23067787E-04
 1.15571738E+00  5.31972581E-04
 1.15570337E+00  4.12039656E-04
 1.15566815E+00  2.68454594E-04
 1.15561593E+00  1.08949167E-04
 1.15555054E+00 -5.87370480E-05
 1.15547546E+00 -2.26989769E-04
 1.15540180E+00 -3.87643703E-04
 1.15534525E+00 -5.33168844E-04
 1.15531673E+00 -6.56273307E-04
 1.15532274E+00 -7.50496339E-04
 1.15536268E+00 -8.12636580E-04
 1.15542773E+00 -8.42073859E-04
 1.15551134E+00 -8.39010502E-04
 1.15560912E+00 -8.04362782E-04
 1.15571476E+00 -7.38139915E-04
 1.15582368E+00 -6.39636870E-04
 1.15592896E+00 -5.11022178E-04
 1.15602177E+00 -3.56988347E-04
 1.15609942E+00 -1.83677622E-04
 1.15616253E+00  5.70106026E-07
 1.15621086E+00  1.87678647E-04
 1.15624382E+00  3.70130796E-04
 1.15625492E+00  5.38805056E-04
 1.15623277E+00  6.84841218E-04
 1.15617073E+00  8.01479286E-04
 1.15606617E+00  8.84742431E-04
 1.15591932E+00  9.36475278E-04
 1.15573553E+00  9.63435224E-04
 1.15551853E+00  9.72137536E-04
 1.15527054E+00  9.67881873E-04
 1.15499816E+00  9.52861103E-04
 1.15470930E+00  9.24838329E-04
 1.15441272E+00  8.82000229E-04
 1.15411854E+00  8.21359904E-04
 1.15383272E+00  7.34170178E-04
 1.15355823E+00  6.09380912E-04
 1.15330015E+00  4.36177542E-04
 1.15306474E+00  2.06667101E-04
 1.15286064E+00 -7.52303426E-05
 1.15269926E+00 -3.93999253E-04
 1.15258880E+00 -7.30511562E-04
 1.15253420E+00 -1.05848052E-03
 1.15253940E+00 -1.34138733E-03
 1.15260546E+00 -1.53844000E-03
 1.15273303E+00 -1.60704921E-03
 1.15292265E+00 -1.51048386E-03
 1.15317113E+00 -1.23506935E-03
 1.15347275E+00 -7.91355725E-04
 1.15382020E+00 -2.04992531E-04
 1.15420388E+00  4.74046661E-04
 1.15461416E+00  1.16362604E-03
 1.15504132E+00  1.76195752E-03
 1.15547346E+00  2.16191925E-03
 1.15589726E+00  2.27029841E-03
 1.15629850E+00  2.04541532E-03
 1.15666218E+00  1.50271750E-03
 1.15697529E+00  6.89172754E-04
 1.15722781E+00 -2.94321181E-04
 1.15741272E+00 -1.26686932E-03
 1.15752658E+00 -2.00266259E-03
 1.15756753E+00 -2.27390772E-03
 1.15753472E+00 -1.90070227E-03
 1.15742860E+00 -8.52126373E-04
 1.15725073E+00  7.38285058E-04
 1.15700626E+00  2.64506425E-03
 1.15670397E+00  4.49158903E-03
 1.15635461E+00  5.67993870E-03
 1.15597145E+00  5.57068186E-03
 1.15556909E+00  3.76992510E-03
 1.15516301E+00  3.93245893E-04
 1.15477126E+00 -3.48988426E-03
 1.15441265E+00 -6.15690196E-03
 1.15410365E+00 -6.40676903E-03
 1.15385718E+00 -3.94109601E-03
 1.15367973E+00  1.29173650E-04
 1.15357153E+00  3.45279602E-03
 1.15353174E+00  4.53662565E-03
 1.15355899E+00  3.11058962E-03
 1.15365216E+00  4.56319241E-05
 1.15381108E+00 -2.46492597E-03
 1.15403074E+00 -3.21714251E-03
 1.15430184E+00 -2.35678248E-03
 1.15461476E+00 -4.58961883E-04
 1.15495759E+00  1.01006238E-03
 1.15531787E+00  1.32996149E-03
 1.15568280E+00  9.61253894E-04
 1.15603424E+00  2.35630075E-04
 1.15635157E+00 -1.89199684E-04
 1.15661791E+00  2.77468863E-05
 1.15682083E+00  4.38388502E-04
 1.15695597E+00  8.62575704E-04
 1.15702725E+00  1.15128046E-03
 1.15703834E+00  1.16432742E-03
 1.15699226E+00  1.14646932E-03
 1.15689251E+00  1.18810497E-03
 1.15674090E+00  1.25630712E-03
 1.15654381E+00  1.39876254E-03
 1.15631161E+00  1.53858979E-03
 1.15605201E+00  1.63264551E-03
 1.15577291E+00  1.72038949E-03
 1.15548298E+00  1.78944763E-03
 1.15519126E+00  1.84613133E-03
 1.15491361E+00  1.90668297E-03
 1.15467014E+00  1.95674112E-03
 1.15447627E+00  1.99605930E-03
 1.15434270E+00  2.02779511E-03
 1.15427331E+00  2.04621747E-03
 1.15426398E+00  2.05174955E-03
 1.15431195E+00  2.04448763E-03
 1.15441595E+00  2.02226773E-03
 1.15457270E+00  1.98458515E-03
 1.15477990E+00  1.93044470E-03
 1.15503211E+00  1.85893837E-03
 1.15532103E+00  1.77056864E-03
 1.15564276E+00  1.66786696E-03
 1.15599525E+00  1.55517542E-03
 1.15637504E+00  1.43676887E-03
 1.15677778E+00  1.31658423E-03
 1.15719292E+00  1.19777770E-03
 1.15760506E+00  1.08229551E-03
 1.15800315E+00  9.72797523E-04
 1.15838018E+00  8.72294287E-04
 1.15873308E+00  7.82645354E-04
 1.15906448E+00  7.05297386E-04
 1.15937515E+00  6.40941973E-04
 1.15966380E+00  5.89527558E-04
 1.15993173E+00  5.52116483E-04
 1.16017990E+00  5.30223034E-04
 1.16041023E+00  5.23926852E-04
 1.16062576E+00  5.32112356E-04
 1.16082446E+00  5.51960220E-04
 1.16100113E+00  5.78782416E-04
 1.16115190E+00  6.08207726E-04
 1.16127388E+00  6.36185555E-04
 1.16136850E+00  6.58185176E-04
 1.16144137E+00  6.70176607E-04
 1.16149477E+00  6.68327576E-04
 1.16152815E+00  6.49345605E-04
 1.16153997E+00  6.12403747E-04
 1.16152583E+00  5.58589428E-04
 1.16148326E+00  4.89428705E-04
 1.16141193E+00  4.06859327E-04
 1.16130914E+00  3.12073503E-04
 1.16117221E+00  2.05549169E-04
 1.16099960E+00  8.96304929E-05
 1.16079067E+00 -3.17879040E-05
 1.16054983E+00 -1.54191883E-04
 1.16028562E+00 -2.71786204E-04
 1.16000587E+00 -3.78947627E-04
 1.15971784E+00 -4.70306187E-04
 1.15942695E+00 -5.38956471E-04
 1.15913597E+00 -5.77625038E-04
 1.15884991E+00 -5.80143267E-04
 1.15857539E+00 -5.41674863E-04
 1.15831767E+00 -4.60455526E-04
 1.15808235E+00 -3.37661866E-04
 1.15787389E+00 -1.74702985E-04
 1.15769551E+00  2.67734536E-05
 1.15755325E+00  2.64949501E-04
 1.15745443E+00  5.38350676E-04
 1.15740434E+00  8.43325906E-04
 1.15740677E+00  1.17425674E-03
 1.15746233E+00  1.52548699E-03
 1.15756821E+00  1.89044527E-03
 1.15772235E+00  2.26215911E-03
 1.15792317E+00  2.63349700E-03
 1.15816819E+00  2.99515621E-03
 1.15845553E+00  3.33675353E-03
 1.15878231E+00  3.64939265E-03
 1.15914497E+00  3.92589446E-03
 1.15954234E+00  4.16214335E-03
 1.15997442E+00  4.35727393E-03
 1.16044043E+00  4.51046811E-03
 1.16093886E+00  4.62088019E-03
 1.16146509E+00  4.68819484E-03
 1.16201147E+00  4.71187477E-03
 1.16257080E+00  4.69356191E-03
 1.16313563E+00  4.63696693E-03
 1.16369708E+00  4.54549041E-03
 1.16424612E+00  4.42320270E-03
 1.16477218E+00  4.27485778E-03
 1.16526382E+00  4.10562386E-03
 1.16571206E+00  3.92324056E-03
 1.16610949E+00  3.73698507E-03
 1.16644839E+00  3.55452137E-03
 1.16672156E+00  3.38167784E-03
 1.16692157E+00  3.22131850E-03
 1.16704071E+00  3.07306581E-03
 1.16707397E+00  2.93695083E-03
 1.16701876E+00  2.81362887E-03
 1.16687359E+00  2.70358660E-03
 1.16663957E+00  2.60813969E-03
 1.16632069E+00  2.52708653E-03
 1.16592424E+00  2.45889762E-03
 1.16546302E+00  2.40355726E-03
 1.16495448E+00  2.36138515E-03
 1.16441742E+00  2.33241758E-03
 1.16387146E+00  2.31649009E-03
 1.16333532E+00  2.31058304E-03
 1.16282561E+00  2.30970250E-03
 1.16235894E+00  2.31072497E-03
 1.16195027E+00  2.31231047E-03
 1.16160927E+00  2.31545086E-03
 1.16134169E+00  2.32397826E-03
 1.16115041E+00  2.34067864E-03
 1.16103609E+00  2.36714563E-03
 1.16100127E+00  2.40541860E-03
 1.16104911E+00  2.45655615E-03
 1.16117681E+00  2.52188362E-03
 1.16137625E+00  2.60281627E-03
 1.16163449E+00  2.69770352E-03
 1.16193272E+00  2.80295086E-03
 1.16225201E+00  2.91499166E-03
 1.16257360E+00  3.03029325E-03
 1.16287500E+00  3.14764729E-03
 1.16313381E+00  3.26796992E-03
 1.16333014E+00  3.39032353E-03
 1.16344811E+00  3.51239964E-03
 1.16348244E+00  3.63139505E-03
 1.16343713E+00  3.74303547E-03
 1.16331740E+00  3.84416396E-03
 1.16312921E+00  3.93266493E-03
 1.16287653E+00  4.00471654E-03
 1.16256050E+00  4.05621885E-03
 1.16218943E+00  4.08383112E-03
 1.16177763E+00  4.08479494E-03
 1.16133959E+00  4.05915588E-03
 1.16089317E+00  4.00938902E-03
 1.16045603E+00  3.93745138E-03
 1.16004546E+00  3.84499350E-03
 1.15968663E+00  3.73316696E-03
 1.15940813E+00  3.60191790E-03
 1.15923312E+00  3.45228645E-03
 1.15917865E+00  3.28605245E-03
 1.15924998E+00  3.10375322E-03
 1.15944028E+00  2.90572768E-03
 1.15974319E+00  2.69224153E-03
 1.16015287E+00  2.46356066E-03
 1.16066221E+00  2.22221449E-03
 1.16126599E+00  1.97249934E-03
 1.16195205E+00  1.71820842E-03
 1.16270212E+00  1.46313973E-03
 1.16350117E+00  1.21099992E-03
 1.16433360E+00  9.64844575E-04
 1.16518232E+00  7.28820240E-04
 1.16602958E+00  5.07739458E-04
 1.16684849E+00  3.05270974E-04
 1.16760647E+00  1.24710280E-04
 1.16827747E+00 -3.06884096E-05
 1.16884216E+00 -1.58044967E-04
 1.16929091E+00 -2.53741224E-04
 1.16962548E+00 -3.13726123E-04
 1.16984658E+00 -3.35138286E-04
 1.16995366E+00 -3.16104624E-04
 1.16994965E+00 -2.55655786E-04
 1.16983716E+00 -1.54347918E-04
 1.16962457E+00 -1.36975270E-05
 1.16932591E+00  1.63508664E-04
 1.16895131E+00  3.72039904E-04
 1.16851029E+00  6.04827656E-04
 1.16801511E+00  8.53977823E-04
 1.16747965E+00  1.11105994E-03
 1.16692620E+00  1.36830266E-03
 1.16638308E+00  1.61892709E-03
 1.16587255E+00  1.85596253E-03
 1.16541057E+00  2.07306991E-03
 1.16500546E+00  2.26578576E-03
 1.16465599E+00  2.43094935E-03
 1.16436242E+00  2.56664941E-03
 1.16412716E+00  2.67185001E-03
 1.16394996E+00  2.74449685E-03
 1.16383160E+00  2.78218089E-03
 1.16376906E+00  2.78473672E-03
 1.16375571E+00  2.75397388E-03
 1.16379011E+00  2.69368801E-03
 1.16387293E+00  2.61006704E-03
 1.16400293E+00  2.50925118E-03
 1.16417751E+00  2.39736244E-03
 1.16438626E+00  2.28212179E-03
 1.16461262E+00  2.17133694E-03
 1.16484555E+00  2.07203594E-03
 1.16507926E+00  1.98990800E-03
 1.16531340E+00  1.92665837E-03
 1.16555498E+00  1.88061276E-03
 1.16580822E+00  1.85001740E-03
 1.16607396E+00  1.83325439E-03
 1.16635501E+00  1.82994199E-03
 1.16665214E+00  1.84140161E-03
 1.16696655E+00  1.86674542E-03
 1.16729956E+00  1.90345009E-03
 1.16764419E+00  1.94980436E-03
 1.16798799E+00  2.00349137E-03
 1.16831918E+00  2.06258757E-03
 1.16862667E+00  2.12543652E-03
 1.16890581E+00  2.18703767E-03
 1.16915814E+00  2.24058329E-03
 1.16938061E+00  2.28115291E-03
 1.16956685E+00  2.30558761E-03
 1.16971000E+00  2.31415538E-03
 1.16980011E+00  2.31078634E-03
 1.16983101E+00  2.29831890E-03
 1.16980032E+00  2.27856056E-03
 1.16970203E+00  2.25365088E-03
 1.16953052E+00  2.22451544E-03
 1.16928369E+00  2.19306738E-03
 1.16896263E+00  2.16191514E-03
 1.16857775E+00  2.13071343E-03
 1.16814753E+00  2.09759201E-03
 1.16768963E+00  2.06083219E-03
 1.16722096E+00  2.01880362E-03
 1.16675648E+00  1.97285221E-03
 1.16630676E+00  1.92683191E-03
 1.16588464E+00  1.88266175E-03
 1.16550347E+00  1.84084378E-03
 1.16517055E+00  1.80099300E-03
 1.16489011E+00  1.76083273E-03
 1.16466379E+00  1.71941231E-03
 1.16449090E+00  1.67699107E-03
 1.16437575E+00  1.63218049E-03
 1.16432553E+00  1.58350390E-03
 1.16434157E+00  1.52995212E-03
 1.16442060E+00  1.47079663E-03
 1.16455429E+00  1.40820461E-03
 1.16472774E+00  1.34664407E-03
 1.16492759E+00  1.28990244E-03
 1.16514167E+00  1.24130267E-03
 1.16535390E+00  1.20307383E-03
 1.16554842E+00  1.17574889E-03
 1.16571073E+00  1.16090008E-03
 1.16582854E+00  1.16072357E-03
 1.16589909E+00  1.17615227E-03
 1.16592736E+00  1.20787368E-03
 1.16591827E+00  1.25581561E-03
 1.16587662E+00  1.31911228E-03
 1.16580428E+00  1.39842173E-03
 1.16569908E+00  1.49516431E-03
 1.16556423E+00  1.60945742E-03
 1.16540699E+00  1.74048425E-03
 1.16523326E+00  1.88584969E-03
 1.16505079E+00  2.04135233E-03
 1.16486635E+00  2.20331764E-03
 1.16468581E+00  2.36846281E-03
 1.16452207E+00  2.53289541E-03
 1.16439154E+00  2.69306277E-03
 1.16430658E+00  2.84531637E-03
 1.16427572E+00  2.98607321E-03
 1.16429963E+00  3.11362828E-03
 1.16437066E+00  3.22761776E-03
 1.16448296E+00  3.32772557E-03
 1.16463213E+00  3.41378243E-03
 1.16481272E+00  3.48481551E-03
 1.16502117E+00  3.53902679E-03
 1.16525059E+00  3.57586351E-03
 1.16549122E+00  3.59574132E-03
 1.16573793E+00  3.59928059E-03
 1.16598733E+00  3.58790610E-03
 1.16623531E+00  3.56285340E-03
 1.16647756E+00  3.52517592E-03
 1.16670378E+00  3.47723782E-03
 1.16689917E+00  3.42195107E-03
 1.16705345E+00  3.36172098E-03
 1.16716028E+00  3.29846456E-03
 1.16721751E+00  3.23254442E-03
 1.16722891E+00  3.16285208E-03
 1.16719691E+00  3.08869381E-03
 1.16712263E+00  3.00975924E-03
 1.16701073E+00  2.92601668E-03
 1.16686653E+00  2.83818979E-03
 1.16669728E+00  2.74639399E-03
 1.16651249E+00  2.65030458E-03
 1.16631818E+00  2.55050603E-03
 1.16611840E+00  2.44785909E-03
 1.16591912E+00  2.34334312E-03
 1.16572735E+00  2.23806492E-03
 1.16555350E+00  2.13186833E-03
 1.16541104E+00  2.02372903E-03
 1.16530996E+00  1.91343025E-03
 1.16525674E+00  1.80138813E-03
 1.16525530E+00  1.68885415E-03
 1.16530546E+00  1.57816649E-03
 1.16540702E+00  1.47111370E-03
 1.16556010E+00  1.36896158E-03
 1.16576181E+00  1.27331807E-03
 1.16600783E+00  1.18547456E-03
 1.16629180E+00  1.10668333E-03
 1.16660484E+00  1.03812193E-03
 1.16693906E+00  9.79608028E-04
 1.16728678E+00  9.30008918E-04
 1.16763853E+00  8.88250233E-04
 1.16798375E+00  8.53280289E-04
 1.16830964E+00  8.24792343E-04
 1.16860175E+00  8.03294564E-04
 1.16884839E+00  7.88651370E-04
 1.16904132E+00  7.80321878E-04
 1.16917601E+00  7.77953159E-04
 1.16925247E+00  7.80926995E-04
 1.16927155E+00  7.89000622E-04
 1.16923440E+00  8.02243602E-04
 1.16914373E+00  8.19864669E-04
 1.16900287E+00  8.40685943E-04
 1.16881835E+00  8.63901440E-04
 1.16859991E+00  8.88924384E-04
 1.16835742E+00  9.15955109E-04
 1.16810189E+00  9.45986188E-04
 1.16784559E+00  9.79631045E-04
 1.16760148E+00  1.01723438E-03
 1.16738568E+00  1.05918896E-03
 1.16721584E+00  1.10552850E-03
 1.16710661E+00  1.15637753E-03
 1.16706882E+00  1.21185921E-03
 1.16710753E+00  1.27124253E-03
 1.16722162E+00  1.33327040E-03
 1.16740922E+00  1.39663580E-03
 1.16766816E+00  1.45996371E-03
 1.16799520E+00  1.52241167E-03
 1.16838723E+00  1.58364941E-03
 1.16883688E+00  1.64292762E-03
 1.16933278E+00  1.69926467E-03
 1.16986381E+00  1.75173780E-03
 1.17041740E+00  1.79921688E-03
 1.17097989E+00  1.84085630E-03
 1.17153699E+00  1.87603997E-03
 1.17206979E+00  1.90365531E-03
 1.17255697E+00  1.92243470E-03
 1.17298095E+00  1.93141720E-03
 1.17332856E+00  1.92988887E-03
 1.17359366E+00  1.91781610E-03
 1.17377767E+00  1.89585215E-03
 1.17388227E+00  1.86459753E-03
 1.17390910E+00  1.82470186E-03
 1.17386118E+00  1.77706415E-03
 1.17374107E+00  1.72262111E-03
 1.17355609E+00  1.66274335E-03
 1.17331805E+00  1.59921852E-03
 1.17303759E+00  1.53374915E-03
 1.17272637E+00  1.46812105E-03
 1.17239743E+00  1.40429131E-03
 1.17206451E+00  1.34426925E-03
 1.17174704E+00  1.29038306E-03
 1.17146770E+00  1.24514764E-03
 1.17124480E+00  1.21075911E-03
 1.17109166E+00  1.18905191E-03
 1.17101416E+00  1.18138009E-03
 1.17100988E+00  1.18850551E-03
 1.17107655E+00  1.21099439E-03
 1.17121246E+00  1.24920781E-03
 1.17141417E+00  1.30311821E-03
 1.17167887E+00  1.37236919E-03
 1.17199906E+00  1.45593765E-03
 1.17236288E+00  1.55206740E-03
 1.17276067E+00  1.65852650E-03
 1.17318248E+00  1.77255520E-03
 1.17361692E+00  1.89105109E-03
 1.17405173E+00  2.01074286E-03
 1.17446841E+00  2.12811297E-03
 1.17484451E+00  2.23965208E-03
 1.17516241E+00  2.34217034E-03
 1.17540974E+00  2.43304159E-03
 1.17558137E+00  2.51068369E-03
 1.17568057E+00  2.57450025E-03
 1.17570997E+00  2.62426247E-03
 1.17567122E+00  2.65998511E-03
 1.17556799E+00  2.68162389E-03
 1.17540331E+00  2.68909398E-03
 1.17518425E+00  2.68333713E-03
 1.17492168E+00  2.66625780E-03
 1.17462315E+00  2.64027602E-03
 1.17429546E+00  2.60857817E-03
 1.17394695E+00  2.57447853E-03
 1.17358690E+00  2.54132808E-03
 1.17323102E+00  2.51324993E-03
 1.17289953E+00  2.49452961E-03
 1.17260776E+00  2.48880284E-03
 1.17236606E+00  2.49879952E-03
 1.17217870E+00  2.52537983E-03
 1.17204243E+00  2.56763921E-03
 1.17195512E+00  2.62444908E-03
 1.17191616E+00  2.69456550E-03
 1.17192255E+00  2.77683698E-03
 1.17197178E+00  2.87045668E-03
 1.17205853E+00  2.97332663E-03
 1.17217479E+00  3.08222856E-03
 1.17231679E+00  3.19398098E-03
 1.17248271E+00  3.30488760E-03
 1.17266926E+00  3.41117831E-03
 1.17287213E+00  3.50910401E-03
 1.17308130E+00  3.59355113E-03
 1.17328224E+00  3.65881001E-03
 1.17346487E+00  3.70028465E-03
 1.17362347E+00  3.71465158E-03
 1.17375645E+00  3.70081494E-03
 1.17386809E+00  3.66000863E-03
 1.17396125E+00  3.59357675E-03
 1.17403706E+00  3.50293742E-03
 1.17409939E+00  3.38997133E-03
 1.17415194E+00  3.25647578E-03
 1.17419981E+00  3.10576830E-03
 1.17424953E+00  2.94258440E-03
 1.17430305E+00  2.77140489E-03
 1.17435949E+00  2.59709757E-03
 1.17441930E+00  2.42493445E-03
 1.17448383E+00  2.26035907E-03
 1.17455852E+00  2.11039266E-03
 1.17465252E+00  1.98290134E-03
 1.17477123E+00  1.88439364E-03
 1.17491648E+00  1.81981680E-03
 1.17508782E+00  1.79176263E-03
 1.17528082E+00  1.80020535E-03
 1.17549202E+00  1.84489072E-03
 1.17571919E+00  1.92541582E-03
 1.17595705E+00  2.04060403E-03
 1.17619955E+00  2.18909244E-03
 1.17644005E+00  2.36766647E-03
 1.17667108E+00  2.57128545E-03
 1.17688861E+00  2.79489354E-03
 1.17709113E+00  3.03276632E-03
 1.17727575E+00  3.27848624E-03
 1.17743870E+00  3.52525811E-03
 1.17757394E+00  3.76449562E-03
 1.17767306E+00  3.98665789E-03
 1.17773045E+00  4.18365921E-03
 1.17774334E+00  4.34921250E-03
 1.17771015E+00  4.47982966E-03
 1.17763204E+00  4.57503937E-03
 1.17751021E+00  4.63460422E-03
 1.17734570E+00  4.65832065E-03
 1.17714251E+00  4.64646301E-03
 1.17690637E+00  4.59915990E-03
 1.17664404E+00  4.51861981E-03
 1.17636378E+00  4.40902541E-03
 1.17607290E+00  4.27439225E-03
 1.17577806E+00  4.11943986E-03
 1.17548756E+00  3.94947304E-03
 1.17521070E+00  3.77014300E-03
 1.17495791E+00  3.58948006E-03
 1.17474066E+00  3.41682016E-03
 1.17456855E+00  3.25978478E-03
 1.17444875E+00  3.12397774E-03
 1.17438647E+00  3.01173947E-03
 1.17438421E+00  2.92192449E-03
 1.17444341E+00  2.85354990E-03
 1.17456485E+00  2.80602204E-03
 1.17474747E+00  2.77847678E-03
 1.17498882E+00  2.77073446E-03
 1.17528393E+00  2.78078231E-03
 1.17562513E+00  2.80499371E-03
 1.17600346E+00  2.84098356E-03
 1.17640843E+00  2.88643228E-03
 1.17682807E+00  2.93867723E-03
 1.17724954E+00  2.99484675E-03
 1.17765833E+00  3.04916809E-03
 1.17803935E+00  3.09400056E-03
 1.17837921E+00  3.12376210E-03
 1.17866721E+00  3.13495726E-03
 1.17889692E+00  3.12699481E-03
 1.17906622E+00  3.10269198E-03
 1.17917409E+00  3.06420379E-03
 1.17922004E+00  3.01290133E-03
 1.17920376E+00  2.95093070E-03
 1.17912468E+00  2.87985115E-03
 1.17898594E+00  2.80234363E-03
 1.17879411E+00  2.72206966E-03
 1.17855667E+00  2.64042872E-03
 1.17828322E+00  2.55771596E-03
 1.17798410E+00  2.47466165E-03
 1.17767012E+00  2.39228281E-03
 1.17735582E+00  2.31425501E-03
 1.17705741E+00  2.24639086E-03
 1.17678852E+00  2.19251484E-03
 1.17655962E+00  2.15467372E-03
 1.17637500E+00  2.13336449E-03
 1.17623289E+00  2.12668838E-03
 1.17613164E+00  2.13357173E-03
 1.17607010E+00  2.15380568E-03
 1.17604743E+00  2.18575763E-03
 1.17606449E+00  2.22773311E-03
 1.17611868E+00  2.27775038E-03
 1.17620453E+00  2.33344847E-03
 1.17631846E+00  2.39473681E-03
 1.17645664E+00  2.46307461E-03
 1.17661492E+00  2.53921090E-03
 1.17678901E+00  2.62338723E-03
 1.17696914E+00  2.71418180E-03
 1.17714222E+00  2.80839885E-03
 1.17729860E+00  2.90418298E-03
 1.17743207E+00  3.00079668E-03
 1.17754170E+00  3.09755933E-03
 1.17763262E+00  3.19471334E-03
 1.17770842E+00  3.29182383E-03
 1.17777103E+00  3.38769465E-03
 1.17782339E+00  3.48242536E-03
 1.17786688E+00  3.57649151E-03
 1.17790464E+00  3.66991938E-03
 1.17794116E+00  3.76250231E-03
 1.17797637E+00  3.85235080E-03
 1.17800784E+00  3.93612056E-03
 1.17803362E+00  4.01106672E-03
 1.17805215E+00  4.07492595E-03
 1.17806670E+00  4.12603568E-03
 1.17808458E+00  4.16379609E-03
 1.17810965E+00  4.18703852E-03
 1.17814289E+00  4.19419896E-03
 1.17818312E+00  4.18458479E-03
 1.17822539E+00  4.15778030E-03
 1.17826665E+00  4.11392563E-03
 1.17830573E+00  4.05384159E-03
 1.17833890E+00  3.97771195E-03
 1.17836246E+00  3.88555521E-03
 1.17837298E+00  3.77848268E-03
 1.17836711E+00  3.65853879E-03
 1.17834627E+00  3.52915337E-03
 1.17831547E+00  3.39519965E-03
 1.17827866E+00  3.26141859E-03
 1.17823906E+00  3.13234838E-03
 1.17819748E+00  3.01266273E-03
 1.17815170E+00  2.90653919E-03
 1.17810175E+00  2.81814851E-03
 1.17804930E+00  2.75139007E-03
 1.17799506E+00  2.70856310E-03
 1.17794042E+00  2.69075078E-03
 1.17788560E+00  2.69847597E-03
 1.17782955E+00  2.73167691E-03
 1.17777405E+00  2.79063448E-03
 1.17772207E+00  2.87575924E-03
 1.17767515E+00  2.98579406E-03
 1.17763394E+00  3.11795005E-03
 1.17759624E+00  3.26819894E-03
 1.17755706E+00  3.43094970E-03
 1.17751256E+00  3.60045768E-03
 1.17745978E+00  3.77097644E-03
 1.17739575E+00  3.93582892E-03
 1.17731873E+00  4.08831360E-03
 1.17722645E+00  4.22225324E-03
 1.17711637E+00  4.33235446E-03
 1.17698846E+00  4.41581123E-03
 1.17684418E+00  4.47200225E-03
 1.17668536E+00  4.50064654E-03
 1.17651441E+00  4.50169474E-03
 1.17633224E+00  4.47463292E-03
 1.17613861E+00  4.41834059E-03
 1.17593508E+00  4.33360220E-03
 1.17572454E+00  4.22286479E-03
 1.17551078E+00  4.08896421E-03
 1.17529914E+00  3.93588276E-03
 1.17509443E+00  3.76770415E-03
 1.17490094E+00  3.58853953E-03
 1.17472430E+00  3.40448413E-03
 1.17457026E+00  3.22249419E-03
 1.17444402E+00  3.04843967E-03
 1.17435007E+00  2.88690743E-03
 1.17429042E+00  2.73964100E-03
 1.17426480E+00  2.60561063E-03
 1.17427289E+00  2.48412225E-03
 1.17431420E+00  2.37492626E-03
 1.17438830E+00  2.27808132E-03
 1.17449525E+00  2.19470192E-03
 1.17463331E+00  2.12452742E-03
 1.17479914E+00  2.06621447E-03
 1.17498921E+00  2.01968064E-03
 1.17519912E+00  1.98500837E-03
 1.17542418E+00  1.96228587E-03
 1.17565965E+00  1.95160474E-03
 1.17589910E+00  1.95052670E-03
 1.17613529E+00  1.95493532E-03
 1.17636189E+00  1.96220875E-03
 1.17657362E+00  1.97104376E-03
 1.17676737E+00  1.98206897E-03
 1.17694230E+00  1.99825195E-03
 1.17709742E+00  2.02157720E-03
 1.17723159E+00  2.05304030E-03
 1.17734374E+00  2.09410188E-03
 1.17743242E+00  2.14545935E-03
 1.17749758E+00  2.20803255E-03
 1.17754055E+00  2.28284213E-03
 1.17756230E+00  2.36838332E-03
 1.17756419E+00  2.46154222E-03
 1.17754794E+00  2.55929685E-03
 1.17751546E+00  2.65866759E-03
 1.17747062E+00  2.75847724E-03
 1.17741845E+00  2.85926021E-03
 1.17736296E+00  2.96011238E-03
 1.17730703E+00  3.05910136E-03
 1.17725163E+00  3.15408013E-03
 1.17719569E+00  3.24186864E-03
 1.17713875E+00  3.32015020E-03
 1.17708111E+00  3.38740457E-03
 1.17702325E+00  3.44068698E-03
 1.17696660E+00  3.47671491E-03
 1.17691207E+00  3.49281600E-03
 1.17686022E+00  3.48673994E-03
 1.17681336E+00  3.45827945E-03
 1.17677465E+00  3.40905393E-03
 1.17674732E+00  3.34023337E-03
 1.17673451E+00  3.25274592E-03
 1.17673732E+00  3.14731808E-03
 1.17675515E+00  3.02389826E-03
 1.17678851E+00  2.88327017E-03
 1.17683870E+00  2.72683817E-03
 1.17690764E+00  2.55511566E-03
 1.17699836E+00  2.36849225E-03
 1.17711259E+00  2.16745950E-03
 1.17725068E+00  1.95262922E-03
 1.17741332E+00  1.72631290E-03
 1.17760033E+00  1.49222458E-03
 1.17781048E+00  1.25384094E-03
 1.17804143E+00  1.01478100E-03
 1.17828766E+00  7.78830566E-04
 1.17854114E+00  5.49491488E-04
 1.17879365E+00  3.31101902E-04
 1.17903700E+00  1.28506415E-04
 1.17926409E+00 -5.43136947E-05
 1.17946950E+00 -2.13748547E-04
 1.17964714E+00 -3.46252704E-04
 1.17979096E+00 -4.48666819E-04
 1.17989689E+00 -5.17573060E-04
