# x =
 6.42618046E+01
# y =
 3.25097170E+00
 VARIABLES = u,v
 1.20142432E+00 -5.73700104E-02
 1.20233412E+00 -3.70586824E-03
 1.14547375E+00 -1.23820088E-02
 1.05496579E+00 -4.30466988E-02
 9.76591725E-01 -2.17583881E-02
 9.41212681E-01  3.55366581E-02
 9.61412531E-01  9.27542398E-02
 1.03325063E+00  1.50623702E-01
 1.12589953E+00  1.92907292E-01
 1.21216738E+00  1.96965431E-01
 1.26413898E+00  1.63315007E-01
 1.21931566E+00  9.60059495E-02
 1.04668193E+00  5.49720039E-03
 8.57513285E-01 -8.46660964E-02
 8.00168548E-01 -1.37753350E-01
 8.20174402E-01 -8.71999500E-02
 7.72447850E-01  8.99498171E-02
 6.68830067E-01  2.12902598E-01
 5.68147717E-01  6.71407490E-02
 5.00443117E-01 -1.75449418E-01
 5.38463874E-01 -1.97507681E-01
 6.76033202E-01 -9.18696079E-02
 8.24165811E-01 -7.35284199E-02
 9.68451265E-01 -7.16089266E-02
 1.10712534E+00 -2.08964556E-02
 1.17772293E+00 -1.09955665E-02
 1.14780871E+00 -6.98009987E-02
 1.05983543E+00 -1.36357550E-01
 9.79890217E-01 -1.58349612E-01
 9.44486665E-01 -1.23490176E-01
 9.66566184E-01 -4.12071607E-02
 1.03078409E+00  6.38055800E-02
 1.08515460E+00  1.41703693E-01
 1.10433822E+00  1.60191380E-01
 1.09606708E+00  1.22317219E-01
 1.07131976E+00  5.24004573E-02
 1.05915384E+00 -1.68208669E-03
 1.07090707E+00 -1.00701667E-02
 1.09084947E+00  2.46304230E-02
 1.11592255E+00  8.33198520E-02
 1.14212473E+00  1.25370058E-01
 1.16571936E+00  1.27753296E-01
 1.19457047E+00  9.72348965E-02
 1.22220727E+00  4.83841447E-02
 1.23310228E+00  1.08444736E-02
 1.22039776E+00  1.31458654E-03
 1.18021051E+00  1.22419060E-02
 1.12103660E+00  3.50303940E-02
 1.06482908E+00  5.33040774E-02
 1.02602314E+00  5.71128331E-02
 1.01127096E+00  5.27644227E-02
 1.02017799E+00  4.42728025E-02
 1.04121461E+00  3.75854575E-02
 1.06820645E+00  3.66129701E-02
 1.10116686E+00  3.62742765E-02
 1.13681471E+00  3.45847531E-02
 1.17387430E+00  3.09015817E-02
 1.20698355E+00  2.45146760E-02
 1.22580111E+00  1.88112060E-02
 1.22794490E+00  1.50111290E-02
 1.21552513E+00  1.24003502E-02
 1.19021525E+00  1.16670149E-02
 1.15655232E+00  1.27583114E-02
 1.11682250E+00  1.67783790E-02
 1.07105950E+00  2.64371410E-02
 1.02527584E+00  4.29347065E-02
 9.89317161E-01  6.64151696E-02
 9.73901103E-01  9.59955661E-02
 9.90168385E-01  1.28543611E-01
 1.04081490E+00  1.59551261E-01
 1.11480983E+00  1.82498844E-01
 1.18483213E+00  1.87061116E-01
 1.21445918E+00  1.62003159E-01
 1.18431521E+00  1.00751020E-01
 1.10678520E+00  5.00096576E-03
 1.04226423E+00 -1.09303467E-01
 1.04804265E+00 -2.14977794E-01
 1.03248872E+00 -2.89250687E-01
 8.63263315E-01 -3.18022438E-01
 6.59542002E-01 -3.00708449E-01
 6.21376473E-01 -2.52057062E-01
 6.85523150E-01 -1.83162121E-01
 7.20411375E-01 -1.02376907E-01
 7.70883515E-01 -2.50270879E-02
 8.73669869E-01  3.53910432E-02
 9.54986771E-01  6.42972195E-02
 9.71891777E-01  5.10566520E-02
 9.57880057E-01  1.26414871E-02
 9.53301786E-01 -1.65964930E-02
 9.66625258E-01 -1.27101955E-02
 9.97673023E-01  3.42307537E-02
 1.04304271E+00  1.03830871E-01
 1.08009318E+00  1.48329751E-01
 1.09675453E+00  1.41754951E-01
 1.09325929E+00  8.33413536E-02
 1.05126945E+00 -8.68342400E-03
 9.52874224E-01 -9.00658406E-02
 7.98962970E-01 -1.35515860E-01
 6.14890336E-01 -1.45573405E-01
 4.87039231E-01 -1.23633802E-01
 5.09220985E-01 -8.79970282E-02
 6.35353433E-01 -4.93000550E-02
 7.45157964E-01 -3.29296280E-03
 8.25420183E-01  4.11009551E-02
 9.04390189E-01  7.26621164E-02
 9.84122188E-01  8.18395401E-02
 1.08858175E+00  5.71138480E-02
 1.17352049E+00  9.09227960E-03
 1.15366458E+00 -3.51309440E-02
 1.09653258E+00 -5.69258554E-02
 1.11770017E+00 -4.45246098E-02
 1.16576406E+00 -2.46955552E-03
 1.15059215E+00  4.61640617E-02
 1.10561523E+00  8.98016054E-02
 1.07594556E+00  1.27106805E-01
 1.04698014E+00  1.56497021E-01
 1.02031903E+00  1.84184613E-01
 1.01017764E+00  2.07884317E-01
 1.00989454E+00  2.15414918E-01
 1.01877719E+00  2.04094017E-01
 1.04330120E+00  1.74670818E-01
 1.08138944E+00  1.30608515E-01
 1.12806156E+00  8.42072006E-02
 1.17142263E+00  4.71633348E-02
 1.19275816E+00  2.91688763E-02
 1.18167892E+00  3.96475416E-02
 1.13921922E+00  7.95988367E-02
 1.08131412E+00  1.35528635E-01
 1.03714443E+00  1.84813584E-01
 1.02663914E+00  2.08698922E-01
 1.05313851E+00  1.97441218E-01
 1.09884865E+00  1.58000520E-01
 1.12628275E+00  1.12746411E-01
 1.11240809E+00  7.51876385E-02
 1.05532315E+00  4.90354525E-02
 9.70313399E-01  3.42830503E-02
 8.93982539E-01  2.12306105E-02
 8.49921742E-01  7.16795099E-03
 8.43407145E-01 -3.63745402E-03
 8.78679355E-01 -1.83850855E-02
 9.46177015E-01 -4.50760349E-02
 1.03351541E+00 -8.37399409E-02
 1.12440505E+00 -1.24286385E-01
 1.16721476E+00 -1.25619050E-01
 1.12213179E+00 -5.39342348E-02
 1.05587574E+00  1.90522109E-02
 1.06196238E+00 -5.45957613E-03
 1.07846061E+00 -5.84907341E-02
 9.99182899E-01 -1.74764070E-02
 9.00946403E-01  6.10444911E-02
 9.00841570E-01  7.90243193E-02
 9.54876911E-01  7.78343149E-02
 9.94218912E-01  1.06654670E-01
 1.04199445E+00  1.32684786E-01
 1.11066403E+00  1.35395608E-01
 1.16830359E+00  1.29899723E-01
 1.19865997E+00  1.19365526E-01
 1.19483643E+00  9.76776814E-02
 1.14727202E+00  6.67184520E-02
 1.07251189E+00  3.27621192E-02
 1.00666533E+00  2.06828725E-03
 9.75340147E-01 -1.92084595E-02
 9.90431254E-01 -2.54329475E-02
 1.03642973E+00 -1.37415413E-02
 1.07214493E+00  1.52390988E-02
 1.07635417E+00  5.96569878E-02
 1.05055581E+00  1.15080227E-01
 1.01099316E+00  1.72007168E-01
 9.94473150E-01  2.18042349E-01
 1.01603287E+00  2.40305388E-01
 1.06037075E+00  2.27710751E-01
 1.10121842E+00  1.76695296E-01
 1.09586743E+00  9.17537677E-02
 1.01907518E+00 -1.93682226E-02
 8.78689643E-01 -1.42674784E-01
 7.02085558E-01 -2.54434787E-01
 5.39140047E-01 -3.27759250E-01
 4.29591772E-01 -3.40613725E-01
 3.89009749E-01 -2.84859023E-01
 4.19865773E-01 -1.83537756E-01
 5.02582884E-01 -8.27794543E-02
 6.17509072E-01 -1.70333504E-02
 7.45270342E-01 -1.60255875E-03
 8.36664578E-01 -2.12575959E-02
 8.60547191E-01 -3.08864883E-02
 8.83571918E-01 -7.71354112E-03
 9.90857308E-01  4.45720432E-02
 1.11315645E+00  1.09174777E-01
 1.13307119E+00  1.47599528E-01
 1.11670082E+00  1.43274122E-01
 1.17270306E+00  1.09601924E-01
 1.24044495E+00  6.20092955E-02
 1.23357126E+00  2.78021113E-02
 1.17089665E+00  2.31182194E-02
 1.07770045E+00  3.93710785E-02
 9.64352698E-01  6.44019450E-02
 8.75310684E-01  7.84754058E-02
 8.38417618E-01  6.80325239E-02
 8.35328482E-01  3.83464369E-02
 8.08350498E-01  3.56883910E-03
 7.04517810E-01 -1.42713094E-02
 6.15019457E-01 -3.83631184E-03
 6.80026790E-01  2.54078083E-02
 8.06668556E-01  4.82101825E-02
 8.04792445E-01  2.88154716E-02
 6.57104417E-01 -4.43420500E-02
 4.27986771E-01 -1.42446958E-01
 2.62063149E-01 -1.92699236E-01
 3.61986960E-01 -1.25704868E-01
 6.14499104E-01 -1.95118867E-02
 7.29064005E-01 -1.05087842E-02
 7.53319717E-01 -2.60072615E-02
 8.46512556E-01  6.58270206E-02
 9.59213382E-01  1.67111384E-01
 1.05396265E+00  1.44953743E-01
 1.11803301E+00  7.02061587E-02
 1.07725538E+00  4.25522275E-02
 9.95341300E-01  4.25955864E-02
 1.01319455E+00  5.14169574E-02
 1.09382335E+00  9.30626691E-02
 1.14364383E+00  1.60054366E-01
 1.19071664E+00  2.27431301E-01
 1.24269157E+00  2.71496271E-01
 1.17958944E+00  2.33591998E-01
 9.27110852E-01  7.74051898E-02
 6.59234731E-01 -8.30271394E-02
 6.07482985E-01 -9.87727275E-02
 6.83228329E-01 -6.27384027E-02
 6.66724108E-01 -1.48000140E-01
 5.69856739E-01 -2.57595626E-01
 4.64338318E-01 -2.32479108E-01
 3.89499764E-01 -1.45432177E-01
 4.54724802E-01 -9.68124115E-02
 6.44605423E-01 -5.69060756E-02
 8.15864232E-01 -9.91065835E-03
 9.22824405E-01  1.68012545E-02
 9.62204384E-01  2.83854194E-02
 9.59445838E-01  3.60804103E-02
 1.00027629E+00  3.46540240E-02
 1.04134645E+00  2.25539710E-02
 9.78195007E-01  1.37532031E-04
 8.99869183E-01 -2.60514313E-02
 9.35014505E-01 -4.22282323E-02
 1.02216169E+00 -4.19919947E-02
 1.06347180E+00 -2.49254856E-02
 1.07648800E+00  4.22625331E-03
 1.08254043E+00  2.62674668E-02
 1.05805237E+00  5.37851928E-03
 1.00747516E+00 -7.55806437E-02
 9.47748245E-01 -1.42510925E-01
 8.90156573E-01 -9.96024477E-02
 8.83463593E-01 -1.25604450E-02
 9.64739572E-01 -5.75738151E-03
 1.04732212E+00 -2.93836951E-02
 1.00708664E+00  7.41237177E-03
 8.81772244E-01  5.09129091E-02
 7.84499122E-01  3.69794825E-02
 7.34816699E-01 -1.24420163E-02
 7.30488730E-01 -7.70382802E-02
 7.49968176E-01 -1.47859699E-01
 7.20250596E-01 -1.88225123E-01
 6.63896238E-01 -1.67917301E-01
 6.56070215E-01 -8.76072686E-02
 6.45124682E-01  1.45673173E-02
 5.75555979E-01  7.44732887E-02
 5.66537570E-01  6.13848136E-02
 7.39351701E-01 -5.03275760E-03
 9.69033653E-01 -4.56301956E-02
 1.06063189E+00  2.84619267E-02
 1.04876276E+00  1.31280010E-01
 1.04540701E+00  1.06657920E-01
 1.05426795E+00  4.66723717E-02
 1.08416319E+00  1.11707053E-01
 1.11273088E+00  2.02107075E-01
 1.05626621E+00  1.77922438E-01
 9.68820212E-01  1.10834545E-01
 9.66975348E-01  9.11937983E-02
 9.99073810E-01  8.10117521E-02
 9.77062879E-01  4.86319792E-02
 9.47976801E-01  2.29712149E-02
 9.66235463E-01  1.52319843E-02
 9.97934663E-01  1.86025518E-02
 1.01328896E+00  3.73863240E-02
 1.02774415E+00  6.61585092E-02
 1.04961900E+00  8.74222501E-02
 1.07096096E+00  9.01919741E-02
 1.09120856E+00  7.07389831E-02
 1.11199913E+00  3.87984726E-02
 1.13035778E+00  1.70131454E-02
 1.14776592E+00  1.85045151E-02
 1.16951885E+00  4.44529438E-02
 1.19892447E+00  8.52615281E-02
 1.23674603E+00  1.18184880E-01
 1.27537839E+00  1.30297449E-01
 1.29184333E+00  1.22170212E-01
 1.24240460E+00  9.90125042E-02
 1.10379410E+00  7.52317410E-02
 9.67261885E-01  5.82502918E-02
 9.52257844E-01  4.40398469E-02
 9.80391975E-01  2.93651649E-02
 9.03494836E-01  7.62267269E-03
 7.88027383E-01 -2.37191507E-02
 7.55034460E-01 -5.84072135E-02
 7.60753107E-01 -9.15754526E-02
 7.53016907E-01 -1.17498555E-01
 7.69987031E-01 -1.31043643E-01
 8.27026602E-01 -1.31715906E-01
 8.95767748E-01 -1.18243503E-01
 9.59126333E-01 -8.96911613E-02
 1.01182018E+00 -4.70917121E-02
 1.04599274E+00  8.00343330E-03
 1.05704692E+00  7.02136089E-02
 1.04980799E+00  1.30857165E-01
 1.03450415E+00  1.81410236E-01
 1.02840133E+00  2.13795376E-01
 1.06311311E+00  2.22978652E-01
 1.14405986E+00  2.07963523E-01
 1.16783672E+00  1.68613600E-01
 1.02360550E+00  1.07330502E-01
 8.40504753E-01  3.16556824E-02
 8.17741448E-01 -4.80224163E-02
 8.26610743E-01 -1.19992683E-01
 6.59334099E-01 -1.73482361E-01
 4.73481490E-01 -2.04858399E-01
 4.96153543E-01 -2.16676521E-01
 6.45833605E-01 -2.10571844E-01
 7.75690164E-01 -1.88665168E-01
 8.51304495E-01 -1.54439299E-01
 8.29418160E-01 -1.10691707E-01
 7.68766093E-01 -6.46021370E-02
 8.33268048E-01 -2.57098532E-02
 9.97781959E-01  2.17750647E-03
 1.12385444E+00  1.92614754E-02
 1.17492961E+00  2.84417570E-02
 1.13237809E+00  3.86418755E-02
 1.04461409E+00  6.36270665E-02
 1.04018199E+00  1.15263292E-01
 1.07127745E+00  1.92526292E-01
 1.00413020E+00  2.69013966E-01
 8.89813499E-01  2.75477080E-01
 8.13462075E-01  1.55432854E-01
 7.34727721E-01  1.18213764E-03
 6.24713839E-01 -3.54377181E-02
 5.21940908E-01  1.23202704E-02
 4.50840324E-01  2.61541386E-02
 4.09508926E-01 -9.76442452E-03
 3.97426167E-01 -9.40855063E-02
 4.05383907E-01 -1.91493026E-01
 4.09632490E-01 -2.05803471E-01
 3.93276993E-01 -1.69405199E-01
 3.52255610E-01 -1.85620357E-01
 2.95912897E-01 -2.19033230E-01
 2.47376841E-01 -2.06685933E-01
 2.21048043E-01 -1.81740309E-01
 2.18163418E-01 -1.70834809E-01
 2.31529590E-01 -1.56464448E-01
 2.42831815E-01 -1.33647364E-01
 2.44904531E-01 -1.04348346E-01
 2.45818768E-01 -5.26041690E-02
 2.56722910E-01  5.35443194E-02
 2.95000342E-01  2.20121455E-01
 3.67250050E-01  3.46128705E-01
 4.61070115E-01  3.10976481E-01
 5.53957063E-01  1.96083962E-01
 6.13692933E-01  1.60778697E-01
 6.17422698E-01  1.55704607E-01
 5.63306233E-01  7.58333206E-02
 4.70403792E-01 -2.65638611E-02
 3.76792566E-01 -9.61300276E-02
 3.09816211E-01 -1.60469961E-01
 2.76756210E-01 -2.23192218E-01
 2.67280152E-01 -2.56083258E-01
 2.51849782E-01 -2.48366058E-01
 2.17645713E-01 -2.05848046E-01
 1.75157247E-01 -1.39511718E-01
 1.43807587E-01 -6.33701311E-02
 1.54834049E-01  3.49171994E-03
 2.16308702E-01  4.28146804E-02
 3.00112119E-01  4.71725679E-02
 3.55327982E-01  2.65075171E-02
 3.41696977E-01  4.15740258E-03
 3.37382191E-01 -6.75064864E-04
 4.57896105E-01  2.31621989E-02
 6.08195109E-01  7.58973813E-02
 6.20186966E-01  1.42533039E-01
 5.47432671E-01  2.09881414E-01
 5.02255833E-01  2.61547261E-01
 4.51330001E-01  2.58461148E-01
 3.69500981E-01  1.60973941E-01
 3.16256320E-01 -3.97570927E-02
 3.19735257E-01 -3.00362617E-01
 3.46894768E-01 -4.77460304E-01
 3.59150299E-01 -4.25843026E-01
 3.46019718E-01 -2.60086441E-01
 3.12751692E-01 -2.11408187E-01
 2.79564069E-01 -2.30457117E-01
 2.88515710E-01 -1.70965163E-01
 3.61793370E-01 -8.82096713E-02
 4.91494036E-01 -2.99739238E-02
 6.54007844E-01  7.23069508E-02
 8.04548970E-01  2.28541074E-01
 9.10478919E-01  3.35359351E-01
 9.62600355E-01  3.03680017E-01
 9.58617868E-01  2.23636249E-01
 9.11744427E-01  2.42234329E-01
 8.31044720E-01  2.93082345E-01
 7.16276371E-01  2.49044787E-01
 5.82000536E-01  1.74194025E-01
 4.47520458E-01  1.55373819E-01
 3.33774004E-01  1.50560592E-01
 2.63614136E-01  1.23500561E-01
 2.35160872E-01  9.86177112E-02
 2.27431244E-01  8.30791776E-02
 2.26233676E-01  6.12849297E-02
 2.20587213E-01  3.03549575E-02
 2.09821027E-01 -7.69357884E-04
 2.07567501E-01 -2.35990290E-02
 2.14170765E-01 -3.52253781E-02
 2.20971859E-01 -3.91878570E-02
 2.27674750E-01 -5.13916109E-02
 2.33129483E-01 -9.37476072E-02
 2.42290141E-01 -1.66771692E-01
 2.69156178E-01 -2.40179719E-01
 3.19096918E-01 -2.45051458E-01
 3.91787254E-01 -1.22720791E-01
 4.87287161E-01  3.77459930E-02
 5.97164792E-01  9.08509810E-02
 7.03057022E-01  9.56783696E-02
 7.83555827E-01  1.73422930E-01
 8.22355481E-01  2.26460230E-01
 8.17438188E-01  1.41589113E-01
 7.95342757E-01  5.00505277E-02
 8.00519849E-01  1.02663962E-01
 8.55074515E-01  2.00956845E-01
 9.47202588E-01  1.94618441E-01
 1.01794408E+00  1.31199912E-01
 1.00242544E+00  9.98263736E-02
 9.72335178E-01  9.81502269E-02
 1.04811102E+00  1.29253632E-01
 1.14635210E+00  1.56221940E-01
 1.12499902E+00  8.93423163E-02
 1.05457330E+00 -3.83110874E-02
 1.04745259E+00 -1.18954638E-01
 1.05816808E+00 -1.25309752E-01
 1.03452038E+00 -6.16325219E-02
 1.01601582E+00  2.52350570E-02
 1.01932973E+00  3.42499160E-02
 9.91820459E-01 -2.49775544E-02
 9.07196549E-01 -5.90686810E-02
 8.59981424E-01 -2.96002578E-02
 9.54156955E-01  7.75004441E-02
 1.08615261E+00  1.96245588E-01
 1.08234213E+00  1.95123074E-01
 9.84882218E-01  1.06149128E-01
 9.10631804E-01  5.83981421E-02
 8.63757179E-01  7.92296604E-02
 8.44497234E-01  1.61140297E-01
 8.27866476E-01  2.36750816E-01
 7.36642836E-01  1.82969849E-01
 6.34070292E-01  8.26450766E-02
 6.49338070E-01  1.13023957E-01
 7.33360057E-01  1.96020152E-01
 7.86368544E-01  1.86313828E-01
 8.36490947E-01  1.46972465E-01
 9.10956070E-01  1.56257915E-01
 9.52009233E-01  1.67366308E-01
 9.17762646E-01  1.48967314E-01
 8.23582499E-01  1.25006675E-01
 6.92766407E-01  1.01818187E-01
 5.37475605E-01  7.11778150E-02
 3.84034458E-01  3.70321934E-02
 2.79395238E-01  6.91584663E-03
 2.66591501E-01 -1.45310242E-02
 3.67459072E-01 -2.31544661E-02
 5.60243421E-01 -1.72107979E-02
 7.30879039E-01 -1.21052914E-03
 7.59162060E-01  1.63186681E-02
 7.41987970E-01  3.02406177E-02
 8.51875699E-01  4.09993911E-02
 9.65604827E-01  5.76604060E-02
 8.87740042E-01  9.40246302E-02
 7.59532289E-01  1.49631987E-01
 7.80297377E-01  2.03225235E-01
 8.56724124E-01  2.07899167E-01
 8.55489248E-01  1.26732533E-01
 8.30469328E-01  3.19625008E-02
 8.37488193E-01  3.15092952E-02
 8.49249361E-01  6.44440099E-02
 8.66654305E-01  1.56253358E-02
 9.03147246E-01 -4.79849646E-02
 9.40542433E-01 -2.42936156E-02
 9.68879332E-01  3.43776381E-02
 9.88303936E-01  5.95986651E-02
 9.94938825E-01  7.19197991E-02
 9.92601501E-01  8.83757081E-02
 9.89209942E-01  1.01985266E-01
 9.91924588E-01  1.28929575E-01
 1.00833750E+00  1.83242655E-01
 1.03964842E+00  2.55275732E-01
 1.07325524E+00  3.18835136E-01
 1.08821386E+00  3.35834417E-01
 1.07090654E+00  2.84171686E-01
 1.01812582E+00  1.67120366E-01
 9.40389952E-01  1.16060911E-02
 8.61942331E-01 -1.31657355E-01
 7.98446287E-01 -2.25404481E-01
 7.54309101E-01 -2.57288080E-01
 7.28868447E-01 -2.34931696E-01
 7.12014516E-01 -1.90694822E-01
 7.01176296E-01 -1.44371452E-01
 7.04260216E-01 -9.72611981E-02
 7.26755394E-01 -5.23257986E-02
 7.75368372E-01 -3.94446320E-03
 8.48995584E-01  4.19355819E-02
 9.32894756E-01  6.43973019E-02
 1.00780548E+00  5.82947148E-02
 1.05116586E+00  2.61354465E-02
 1.04748656E+00 -2.54160960E-02
 9.98714582E-01 -7.62882708E-02
 9.27428939E-01 -1.08111925E-01
 8.71725130E-01 -1.08701743E-01
 8.59084382E-01 -7.08981326E-02
 8.95581323E-01 -8.70223595E-03
 9.58739635E-01  2.76795902E-02
 1.00138113E+00 -2.85352790E-03
 9.97953336E-01 -3.20290705E-02
 9.54235593E-01  3.87502267E-02
 9.03828132E-01  1.31880828E-01
 9.05031017E-01  1.14656445E-01
 9.75545741E-01  4.84880211E-02
 1.07242587E+00  3.97910679E-02
 1.09798717E+00  4.23851922E-02
 9.55068904E-01  4.97367015E-04
 7.41178264E-01 -4.70624347E-02
 6.54842018E-01 -7.16497180E-02
 6.77201618E-01 -8.80411817E-02
 7.00906079E-01 -9.94432163E-02
 7.43704523E-01 -9.76508171E-02
 7.99543690E-01 -8.42525136E-02
 8.02147619E-01 -6.41429683E-02
 7.40187811E-01 -4.00823216E-02
 6.52332962E-01 -1.60515027E-02
 5.81467008E-01  5.35068435E-03
 5.23015073E-01  2.87787877E-02
 4.64340349E-01  6.24144125E-02
 4.95726947E-01  1.08345298E-01
 7.00713436E-01  1.60265780E-01
 9.49939043E-01  1.98932218E-01
 1.05729834E+00  1.96813226E-01
 1.07901980E+00  1.42035392E-01
 1.14444203E+00  4.61465963E-02
 1.17438976E+00 -5.00276774E-02
 1.08041401E+00 -8.61227651E-02
 9.70143685E-01 -3.47767806E-02
 9.51906191E-01  7.72148790E-02
 9.69543744E-01  1.52849621E-01
 9.43054453E-01  8.62356422E-02
 9.04612455E-01 -3.75039404E-02
 8.99870540E-01 -4.29165586E-02
 9.13396770E-01  2.44265485E-02
 9.38704471E-01  4.23036210E-02
 9.79541097E-01  4.67290003E-02
 1.01827944E+00  7.18682599E-02
 1.05205293E+00  6.99946071E-02
 1.09150857E+00  3.67246150E-02
 1.13118928E+00  2.86927700E-02
 1.15634362E+00  7.63699176E-02
 1.13750106E+00  9.10064217E-02
 1.03593976E+00 -3.03533688E-02
 8.47902354E-01 -1.65770580E-01
 6.19541392E-01 -1.32043440E-01
 4.59296143E-01 -3.32040523E-02
 4.71836395E-01 -5.08629564E-02
 5.64332529E-01 -1.07072616E-01
 5.64936165E-01 -8.28358616E-02
 5.68393283E-01 -3.80377275E-02
 7.37792275E-01 -2.89597576E-02
 9.27643820E-01 -2.06992891E-02
 9.45802283E-01 -9.26377213E-04
 8.83682541E-01  1.04583437E-02
 8.81097386E-01  1.17690151E-02
 9.08077681E-01  1.13610165E-02
 9.29353888E-01  1.34423998E-02
 9.70343280E-01  2.08956622E-02
 1.01639137E+00  3.70315762E-02
 1.05038172E+00  6.45278111E-02
 1.08706749E+00  1.01371000E-01
 1.12235059E+00  1.36737321E-01
 1.14262034E+00  1.55031386E-01
 1.13692881E+00  1.45356065E-01
 1.09011755E+00  1.05385746E-01
 1.01090483E+00  4.79100758E-02
 9.28128015E-01 -1.69525357E-03
 8.61611978E-01 -2.62254276E-02
 8.29530445E-01 -2.00604160E-02
 8.47529923E-01  1.04101041E-02
 9.14459408E-01  4.45658598E-02
 1.01814612E+00  7.00504961E-02
 1.12133960E+00  8.50861990E-02
 1.13020287E+00  8.83102110E-02
 9.77865231E-01  8.51787988E-02
 8.03086641E-01  7.63917443E-02
 8.13143698E-01  5.64603049E-02
 9.32414115E-01  3.06941422E-02
 9.67413762E-01  8.48549577E-03
 9.43230152E-01 -2.65119724E-03
 9.29657017E-01  4.40930640E-03
 9.20091659E-01  2.31517646E-02
 9.51401026E-01  3.63003324E-02
 1.00082611E+00  3.44984829E-02
 9.77485426E-01  1.55013586E-02
 9.13518888E-01 -1.37232969E-02
 8.90303873E-01 -3.48818892E-02
 8.95096428E-01 -3.78484308E-02
 9.05903593E-01 -2.18830628E-02
 9.34327690E-01  1.17948690E-02
 9.67942324E-01  5.42607779E-02
 9.89921299E-01  9.81202191E-02
 1.00234342E+00  1.38546201E-01
 1.00931940E+00  1.60422496E-01
 1.01715939E+00  1.46288519E-01
 1.02554673E+00  8.60130909E-02
 1.02310906E+00 -1.97456855E-02
 9.97764739E-01 -1.43169453E-01
 9.36087369E-01 -2.38713601E-01
 8.32343999E-01 -2.81015842E-01
 6.96913993E-01 -2.75419071E-01
 5.54629435E-01 -2.74145229E-01
 4.41552840E-01 -3.36318388E-01
 3.86897932E-01 -3.90834020E-01
 4.03235387E-01 -3.21344125E-01
 4.81473869E-01 -2.05915031E-01
 5.91267361E-01 -1.79085684E-01
 7.08746648E-01 -1.76200560E-01
 8.20142151E-01 -9.72912104E-02
 9.14779025E-01  3.41858099E-04
 9.92990658E-01  5.02295228E-02
 1.04788033E+00  8.32037271E-02
 1.06810327E+00  1.23940505E-01
 1.06468338E+00  1.53388554E-01
 1.05883353E+00  1.65873240E-01
 1.06908722E+00  1.70658158E-01
 1.11015150E+00  1.67673148E-01
 1.16787534E+00  1.53757829E-01
 1.20543173E+00  1.29079756E-01
 1.20379445E+00  9.50367675E-02
 1.16090075E+00  5.55394378E-02
 1.09303484E+00  1.95665786E-02
 1.03962051E+00 -1.21631821E-03
 1.02186522E+00  2.46579287E-04
 1.03938914E+00  2.42398849E-02
 1.08826811E+00  6.25049083E-02
 1.14894684E+00  9.88541948E-02
 1.20506321E+00  1.20303152E-01
 1.24748794E+00  1.20008484E-01
 1.24833771E+00  9.74690789E-02
 1.17899052E+00  6.06333233E-02
 1.03314847E+00  1.55074616E-02
 8.36673816E-01 -3.36545683E-02
 6.85108504E-01 -7.66767150E-02
 6.86766865E-01 -1.02855187E-01
 8.02938445E-01 -1.01357827E-01
 9.08673498E-01 -6.38589820E-02
 9.71322336E-01  1.26780310E-03
 9.96631599E-01  7.35790979E-02
 1.00234499E+00  1.36786989E-01
 1.05597338E+00  1.79086113E-01
 1.14044055E+00  1.99368731E-01
 1.16711046E+00  2.08671424E-01
 1.11597441E+00  2.09365540E-01
 9.93156231E-01  1.96924924E-01
 8.30398207E-01  1.69885385E-01
 7.01595839E-01  1.24164854E-01
 5.92934859E-01  6.31615310E-02
 4.44848108E-01 -2.90364201E-04
 3.07475045E-01 -5.75637665E-02
 2.53255334E-01 -1.01249348E-01
 2.64289442E-01 -1.25154508E-01
 3.08062351E-01 -1.31032326E-01
 3.75442071E-01 -1.26339044E-01
 4.36855473E-01 -1.21745252E-01
 4.60933997E-01 -1.26404710E-01
 4.54077416E-01 -1.41811545E-01
 4.78886508E-01 -1.55938273E-01
 5.97121410E-01 -1.47614634E-01
 7.26698424E-01 -1.05788125E-01
 7.37689451E-01 -3.41373972E-02
 7.10175804E-01  4.59704472E-02
 7.83901918E-01  9.88065716E-02
 8.75884983E-01  1.07699727E-01
 8.62919453E-01  8.42633039E-02
 8.03537802E-01  6.86528851E-02
 7.73535735E-01  9.96023646E-02
 7.42172788E-01  1.10261494E-01
 6.92872840E-01  3.04418041E-03
 6.71250441E-01 -1.33203040E-01
 7.09928413E-01 -1.47467590E-01
 8.06839881E-01 -8.04802368E-02
 9.38431025E-01 -2.73913039E-02
 1.02962615E+00  2.85068747E-02
 9.97412360E-01  9.03100461E-02
 8.92776899E-01  1.01127342E-01
 8.39147568E-01  5.10459380E-02
 8.47164255E-01  1.56658974E-02
 8.69422838E-01  6.78373155E-02
 8.55756914E-01  1.35255696E-01
 7.38808389E-01  9.76668084E-02
 6.03336010E-01  1.82654350E-02
 6.15257380E-01  8.20570394E-03
 7.06246256E-01 -2.26228163E-03
 7.21418364E-01 -9.26731159E-02
 7.00167094E-01 -1.57804297E-01
 7.02583876E-01 -9.53888584E-02
 6.67424935E-01 -2.54642682E-02
 5.72535878E-01 -9.62382382E-02
 5.09751245E-01 -1.94928534E-01
 5.58097485E-01 -1.48187245E-01
 6.54360214E-01 -2.92619840E-02
 6.95642479E-01  3.67054945E-02
 7.28961668E-01  8.85170214E-02
 8.28817161E-01  1.59925728E-01
 9.05421140E-01  1.92049235E-01
 8.59774206E-01  1.56734799E-01
 7.68097758E-01  8.78540629E-02
 7.45529616E-01  2.20269662E-02
 7.95102201E-01 -2.59609574E-02
 8.90947613E-01 -4.77025803E-02
 1.01471405E+00 -4.28681402E-02
 1.10181789E+00 -2.90438611E-02
 1.10513634E+00 -1.53475580E-02
 1.03068565E+00 -5.29253081E-04
 9.14021558E-01  7.62623807E-03
 8.22618443E-01  4.29326655E-03
 7.98658591E-01 -1.07586029E-02
 8.40783204E-01 -3.00751855E-02
 9.28508894E-01 -1.03493643E-02
 1.01208663E+00  8.19389345E-02
 1.05995276E+00  1.63285181E-01
 1.07328886E+00  1.21181257E-01
 1.05229869E+00  2.52650786E-02
 1.01021297E+00  4.01453238E-03
 9.52429022E-01 -6.56529618E-03
 8.68106977E-01 -1.07178981E-01
 7.69118653E-01 -2.26339115E-01
 6.77499383E-01 -2.72198535E-01
 6.12779797E-01 -2.55914921E-01
 5.97359296E-01 -1.94043295E-01
 6.28257581E-01 -9.11286389E-02
 6.80554286E-01  1.00393318E-02
 7.40536446E-01  7.02941529E-02
 8.00120675E-01  8.17506719E-02
 8.58189352E-01  6.44933204E-02
 9.27003291E-01  6.21363866E-02
 1.00444661E+00  9.15169750E-02
 1.07575094E+00  1.32595462E-01
 1.13188703E+00  1.38769126E-01
 1.16159349E+00  6.73308802E-02
 1.16034244E+00  5.29305194E-03
 1.13663953E+00  8.40435019E-02
 1.09861877E+00  2.14817071E-01
 1.05578397E+00  2.32557565E-01
 1.01754160E+00  1.89741154E-01
 9.84219776E-01  1.87076368E-01
 9.46025526E-01  1.75161574E-01
 8.86938210E-01  1.11316250E-01
 7.96901154E-01  3.99625306E-02
 6.77840721E-01 -1.40189111E-02
 5.48023032E-01 -6.59442364E-02
 4.39608045E-01 -1.22233838E-01
 3.74365601E-01 -1.70565198E-01
 3.59343290E-01 -2.00124750E-01
 3.89773661E-01 -2.12198845E-01
 4.45243327E-01 -2.09656553E-01
 5.12133782E-01 -1.94696263E-01
 5.86436864E-01 -1.72684674E-01
 6.60216845E-01 -1.42848778E-01
 7.29248519E-01 -9.93004160E-02
 7.85136358E-01 -4.29052056E-02
 8.14247082E-01  2.11201745E-02
 8.17131229E-01  8.50305788E-02
 8.02984778E-01  1.36755249E-01
 7.80596362E-01  1.69100185E-01
 7.61492401E-01  1.81908449E-01
 7.49611855E-01  1.78992262E-01
 7.39744261E-01  1.69656529E-01
 7.30102638E-01  1.62228564E-01
 7.16000586E-01  1.60985741E-01
 6.81260282E-01  1.67972842E-01
 6.11935670E-01  1.59684918E-01
 5.13202361E-01  4.73072430E-02
 4.23493502E-01 -2.16439427E-01
 4.42654408E-01 -3.98774951E-01
 6.51115895E-01 -2.16278174E-01
 9.09782327E-01  1.01062942E-01
 9.89253614E-01  1.42588405E-01
 9.22084148E-01  4.69128349E-02
 8.62058520E-01  1.08935405E-01
 8.25030871E-01  2.30120604E-01
 8.15176165E-01  2.84792099E-01
 8.01496745E-01  2.93563460E-01
 6.77634469E-01  2.09018135E-01
 5.19321174E-01  5.40388874E-02
 4.88405481E-01 -4.91502550E-02
 5.15032997E-01 -1.20997327E-01
 4.66388748E-01 -2.36759907E-01
 3.71238668E-01 -3.45593093E-01
 2.77386382E-01 -3.88223841E-01
 1.96193982E-01 -3.79642646E-01
 1.84858379E-01 -3.28905752E-01
 2.80330080E-01 -2.30814096E-01
 4.48643381E-01 -1.03456330E-01
 5.97534196E-01  2.77108382E-02
 6.28691228E-01  1.41043278E-01
 6.07359683E-01  2.12538909E-01
 6.84119911E-01  2.28130754E-01
 8.24614111E-01  2.01331914E-01
 9.26328675E-01  1.64350457E-01
 1.00308303E+00  1.43239878E-01
 1.06653436E+00  1.53153937E-01
 1.11133023E+00  1.87567252E-01
 1.16846972E+00  2.17853440E-01
 1.20037597E+00  2.31450392E-01
 1.13688927E+00  2.30062191E-01
 1.02709019E+00  2.12661081E-01
 9.62153221E-01  1.87167280E-01
 9.46081559E-01  1.53225338E-01
 9.61782843E-01  1.01347905E-01
 1.01169515E+00  4.23246160E-02
 1.06819262E+00 -4.41673338E-03
 1.10290891E+00 -2.63293213E-02
 1.11330169E+00 -1.43692393E-02
 1.10441023E+00  1.92445142E-02
 1.09119972E+00  4.41595416E-02
 1.07922008E+00  4.46831224E-02
 1.06037248E+00  1.99103113E-02
 1.03454386E+00 -1.59415493E-02
 1.00315133E+00 -3.02945121E-02
 9.75527191E-01 -5.72812005E-03
 9.75726255E-01  5.45818646E-02
 1.02575083E+00  1.36789479E-01
 1.11506705E+00  2.10531818E-01
 1.13651268E+00  2.54789275E-01
 9.69527374E-01  2.64621160E-01
 7.07568500E-01  2.35899821E-01
 5.39024963E-01  1.75611822E-01
 4.45830550E-01  9.55931248E-02
 3.56641929E-01  1.31882280E-02
 3.64100250E-01 -2.36430268E-02
 5.27116985E-01  1.92377549E-02
 7.12653682E-01  7.01769928E-02
 7.82190357E-01  3.13982727E-02
 7.98509371E-01 -3.33534798E-02
 8.70955639E-01 -1.05005335E-02
 9.02768804E-01  2.91632565E-02
 7.68852506E-01 -2.46618790E-02
 5.64121357E-01 -1.17807387E-01
 4.29958660E-01 -1.72261734E-01
 3.82112871E-01 -2.04578259E-01
 4.04053680E-01 -2.26442193E-01
 4.35693903E-01 -2.19598183E-01
 3.82720790E-01 -1.91393195E-01
 3.57954263E-01 -1.53300376E-01
 5.52186474E-01 -1.04834108E-01
 8.22489355E-01 -5.44254886E-02
 9.24234043E-01 -1.39169189E-02
 9.43205166E-01  6.11123290E-03
 1.03209887E+00 -2.25725105E-03
 1.11118610E+00 -2.62426576E-02
 1.10607322E+00 -3.87785078E-02
 1.08947394E+00 -2.27969412E-02
 1.11033789E+00  2.75836384E-02
 1.13236744E+00  9.89944388E-02
 1.12330247E+00  1.58766322E-01
 1.09061004E+00  1.88922399E-01
 1.04400831E+00  1.89027370E-01
 9.88374319E-01  1.69272582E-01
 9.41903802E-01  1.55803161E-01
 9.14113153E-01  1.61846699E-01
 9.00773915E-01  1.82136968E-01
 9.05840928E-01  2.08613284E-01
 9.32989892E-01  2.23940164E-01
 9.80436246E-01  2.18352093E-01
 1.04624665E+00  1.96722594E-01
 1.11729012E+00  1.62957746E-01
 1.17186819E+00  1.24882534E-01
 1.19429977E+00  8.83812133E-02
 1.17589098E+00  5.17706235E-02
 1.12110002E+00  1.75860019E-02
 1.04887969E+00 -1.02086654E-02
 9.75810194E-01 -2.78121459E-02
 9.15607221E-01 -2.85396389E-02
 8.82200615E-01 -1.04712597E-02
 8.83003381E-01  2.33553258E-02
 9.25749898E-01  6.84797989E-02
 1.01316471E+00  1.15671031E-01
 1.12384060E+00  1.51236468E-01
 1.22223374E+00  1.61116512E-01
 1.27853455E+00  1.35206799E-01
 1.27407845E+00  7.34617297E-02
 1.22093453E+00 -5.25509487E-03
 1.15807670E+00 -6.89989368E-02
 1.10868768E+00 -9.45392278E-02
 1.07926466E+00 -7.41242936E-02
 1.06362732E+00 -2.44662447E-02
 1.03605996E+00  1.58699101E-02
 9.90271672E-01  2.44979790E-02
 9.41880140E-01  9.32035281E-04
 9.03508731E-01 -3.70105321E-02
 8.94516844E-01 -5.03021744E-02
 9.23006111E-01 -2.03822208E-02
 9.75723865E-01  4.27390370E-02
 1.03824270E+00  1.15889217E-01
 1.09169534E+00  1.57690163E-01
 1.12050251E+00  1.44894491E-01
 1.12515253E+00  8.56798897E-02
 1.11826454E+00  4.17832041E-03
 1.11998326E+00 -5.60683258E-02
 1.13772144E+00 -6.57753051E-02
 1.15455463E+00 -2.46331716E-02
 1.12494020E+00  5.06655778E-02
 1.01350191E+00  1.23046514E-01
 9.04792772E-01  1.68570086E-01
 9.20384759E-01  1.87265497E-01
 9.86734711E-01  1.86850466E-01
 9.64505306E-01  1.88736792E-01
 9.16490352E-01  2.01695304E-01
 9.48194349E-01  2.14043136E-01
 1.00713022E+00  2.15906307E-01
 1.03282733E+00  1.93166127E-01
 1.05396073E+00  1.40899079E-01
 1.08560843E+00  7.29329851E-02
 1.10760198E+00  5.20763975E-03
 1.11632742E+00 -4.27839611E-02
 1.11979247E+00 -5.63923126E-02
 1.11949636E+00 -3.71820570E-02
 1.11401842E+00  4.31730682E-04
 1.10298233E+00  3.16737604E-02
 1.08864245E+00  3.79462151E-02
 1.07379981E+00  1.54621185E-02
 1.05882100E+00 -2.39370399E-02
 1.04350624E+00 -5.36229455E-02
 1.02781909E+00 -5.78215542E-02
 1.01161909E+00 -3.65022806E-02
 9.97528499E-01  2.06893668E-03
 9.90225773E-01  3.72635777E-02
 9.92353680E-01  5.85845834E-02
 1.00525526E+00  7.00350794E-02
 1.02974600E+00  7.46021597E-02
 1.06442629E+00  8.04005438E-02
 1.10676326E+00  9.07345549E-02
 1.15228720E+00  9.88012096E-02
 1.19121724E+00  1.02402542E-01
 1.21124510E+00  1.00183311E-01
 1.20337718E+00  9.11913053E-02
 1.16439366E+00  7.97690806E-02
 1.10203825E+00  6.76933116E-02
 1.03378633E+00  5.47202917E-02
 9.74735768E-01  4.22695489E-02
 9.35984821E-01  3.04372197E-02
 9.23763287E-01  1.96701524E-02
 9.36338690E-01  1.16490932E-02
 9.74025041E-01  6.94658624E-03
 1.03684112E+00  5.88104160E-03
 1.11367485E+00  9.04875809E-03
 1.18837398E+00  1.62731434E-02
 1.24379760E+00  2.64689401E-02
 1.26408740E+00  3.73505662E-02
 1.24886605E+00  4.45822182E-02
 1.21068840E+00  4.31623134E-02
 1.15783213E+00  3.08815495E-02
 1.09703098E+00  1.01497566E-02
 1.03428367E+00 -9.52635402E-03
 9.70631899E-01 -1.37600079E-02
 9.15385440E-01  6.82450227E-03
 8.83321915E-01  5.28455123E-02
 8.79996905E-01  1.12202660E-01
 9.06461723E-01  1.61791940E-01
 9.59699958E-01  1.85521108E-01
 1.02796459E+00  1.78274609E-01
 1.09722557E+00  1.46382437E-01
 1.15290058E+00  1.09053986E-01
 1.17919829E+00  7.76128952E-02
 1.16738081E+00  5.28076988E-02
 1.12498330E+00  3.29977642E-02
 1.07122283E+00  9.64269967E-03
 1.02296303E+00 -1.84550831E-02
 9.92210111E-01 -4.22952826E-02
 9.80884765E-01 -5.60853010E-02
 9.79555223E-01 -5.32138842E-02
 9.86922897E-01 -3.06450703E-02
 1.00721913E+00  6.03601307E-03
 1.03766148E+00  5.11874593E-02
 1.07542815E+00  9.79101183E-02
 1.11262560E+00  1.38037951E-01
 1.13576551E+00  1.66777740E-01
 1.14225395E+00  1.81198206E-01
 1.13652564E+00  1.80373012E-01
 1.12044095E+00  1.64916436E-01
 1.09868973E+00  1.36722551E-01
 1.07685503E+00  1.01607839E-01
 1.05816226E+00  6.77816001E-02
 1.04936818E+00  4.34114955E-02
 1.05644929E+00  3.44669358E-02
 1.07503840E+00  3.85702889E-02
 1.09502292E+00  4.69546170E-02
 1.10823363E+00  5.43216595E-02
 1.10826600E+00  5.95774771E-02
 1.09541471E+00  6.79153880E-02
 1.07671277E+00  8.95279071E-02
 1.05331046E+00  1.23110580E-01
 1.02186293E+00  1.52737590E-01
 9.79984626E-01  1.49361148E-01
 9.23494896E-01  7.77652069E-02
 8.53970790E-01 -6.93852167E-02
 7.81030948E-01 -2.53994290E-01
 7.16077291E-01 -3.79495696E-01
 6.72874860E-01 -3.49430265E-01
 6.62439756E-01 -2.35893914E-01
 6.87358416E-01 -1.93566527E-01
 7.40950698E-01 -1.95354200E-01
 8.08117976E-01 -1.47093536E-01
 8.74484767E-01 -7.52964615E-02
 9.29487474E-01 -1.89922752E-04
 9.66613254E-01  1.05120686E-01
 9.85614681E-01  2.20950253E-01
 9.83837569E-01  2.95400912E-01
 9.58247679E-01  2.98452118E-01
 9.15749468E-01  2.77661139E-01
 8.67790673E-01  3.11995143E-01
 8.26487250E-01  3.74491721E-01
 8.02801696E-01  3.97603593E-01
 7.93552818E-01  4.08250898E-01
 7.84154241E-01  4.40674407E-01
 7.65430065E-01  4.53033162E-01
 7.31606283E-01  3.98253279E-01
 6.80124887E-01  2.52081377E-01
 6.16094900E-01  9.36404454E-03
 5.40018049E-01 -2.41013231E-01
 4.50832224E-01 -3.66116776E-01
 3.60140384E-01 -3.72945297E-01
 2.84064523E-01 -3.47667096E-01
 2.35185074E-01 -3.01046325E-01
 2.20838685E-01 -2.44811642E-01
 2.28586698E-01 -2.18749017E-01
 2.31212353E-01 -2.10845254E-01
 2.13875614E-01 -1.73700287E-01
 1.76487361E-01 -8.85221995E-02
 1.37698611E-01 -5.73205779E-02
 1.33857906E-01 -1.91329624E-01
 1.80980583E-01 -3.05119422E-01
 2.66860023E-01 -1.36299516E-01
 3.54886052E-01  1.48414676E-01
 3.89127243E-01  2.45019504E-01
 3.51057182E-01  2.31303971E-01
 2.82093310E-01  2.63235436E-01
 2.88780595E-01  2.59917425E-01
 4.76855845E-01  1.71634677E-01
 7.41370636E-01  7.38163619E-02
 8.69884781E-01  1.01718738E-02
 8.76905555E-01  1.16333293E-02
 8.74945524E-01  1.10811932E-01
 8.68897605E-01  2.38353929E-01
 8.74458823E-01  2.86864882E-01
 8.66614831E-01  3.02058901E-01
 7.56419651E-01  3.75934571E-01
 6.27244235E-01  4.13007469E-01
 6.30978340E-01  2.90502295E-01
 7.02836180E-01  9.66137577E-02
 7.17107179E-01 -2.97314052E-02
 6.96343159E-01 -7.86565297E-02
 6.76531768E-01 -7.36763546E-02
 6.37453879E-01 -5.54380977E-02
 5.93658676E-01 -1.02385075E-01
 5.67751821E-01 -1.56568787E-01
 5.55648923E-01 -8.99106418E-02
 5.64750426E-01  2.14084526E-02
 6.06975161E-01  4.43939666E-02
 6.88234980E-01  4.63220782E-02
 8.09444446E-01  1.19918557E-01
 9.38702194E-01  2.02609532E-01
 1.02189833E+00  2.24233822E-01
 1.02361174E+00  2.10693895E-01
 9.31726703E-01  1.82415282E-01
 7.74736783E-01  1.07611233E-01
 6.22281593E-01 -6.83252239E-03
 5.28194136E-01 -3.85700546E-02
 5.26591275E-01  1.23140033E-01
 6.41739213E-01  3.41890666E-01
 8.39884196E-01  3.84030324E-01
 9.99120499E-01  2.64832028E-01
 1.00217231E+00  1.14053865E-01
 9.27648097E-01 -1.60798778E-02
 9.42746097E-01 -4.23021203E-02
 9.94474371E-01  5.33843757E-02
 9.61138015E-01  1.59179048E-01
 9.13094962E-01  2.05280396E-01
 9.36132395E-01  1.62445647E-01
 1.00725635E+00  5.58765262E-02
 1.09990938E+00 -6.94329255E-03
 1.15517535E+00  3.01146023E-03
 1.08589477E+00  5.20456815E-02
 9.49005616E-01  1.36739504E-01
 8.81658057E-01  2.14200200E-01
 8.88262371E-01  2.14870137E-01
 9.18865342E-01  1.20982725E-01
 9.62785407E-01  1.35068412E-02
 9.88363094E-01  1.09173599E-02
 1.02252821E+00  8.66156274E-02
 1.13635331E+00  1.29149271E-01
 1.25318488E+00  1.14764422E-01
 1.24939611E+00  4.66223833E-02
 1.17421212E+00 -3.54823273E-02
 1.12340526E+00 -3.54286255E-02
 1.07692498E+00  1.65417767E-02
 1.00910089E+00  2.00368485E-02
 9.53298707E-01  1.25525646E-02
 9.24959802E-01  5.82387349E-02
 9.26950876E-01  1.20112396E-01
 9.74685466E-01  1.62919087E-01
 1.05919729E+00  1.93751262E-01
 1.15004249E+00  2.03967422E-01
 1.22139386E+00  1.74509104E-01
 1.24913209E+00  1.04998710E-01
 1.22361736E+00  1.66207174E-02
 1.15617505E+00 -5.85217701E-02
 1.05780318E+00 -9.67789738E-02
 9.50869566E-01 -8.85784552E-02
 8.91338917E-01 -4.70447656E-02
 9.14870230E-01 -6.53248173E-03
 9.42945845E-01  1.32299787E-02
 8.72315663E-01  1.17235371E-02
 7.88794174E-01  2.00180774E-03
 8.39034444E-01  1.47069213E-02
 9.50057466E-01  6.24641007E-02
 9.91557076E-01  1.33324426E-01
 1.00963840E+00  2.07577270E-01
 1.06532379E+00  2.51891922E-01
 1.11221298E+00  2.45509354E-01
 1.11727440E+00  1.91134897E-01
 1.09400023E+00  9.96345537E-02
 1.04103922E+00 -2.13358144E-03
 9.50992454E-01 -8.30535025E-02
 8.32537508E-01 -1.12415395E-01
 7.00400979E-01 -4.12137284E-02
 5.71420562E-01  1.34312924E-01
 4.64517278E-01  2.52261446E-01
 3.95576818E-01  1.30494616E-01
 3.71908788E-01 -8.98660029E-02
 3.92092816E-01 -1.40875237E-01
 4.52093032E-01 -9.67525559E-02
 5.43207400E-01 -1.33654140E-01
 6.48546545E-01 -1.76797923E-01
 7.48189190E-01 -1.50492253E-01
 8.21898186E-01 -1.14082442E-01
 8.56338251E-01 -8.50120366E-02
 8.61950495E-01 -3.12634481E-02
 8.66117870E-01  5.21831698E-02
 8.87636805E-01  1.47976282E-01
 9.33436392E-01  2.35576180E-01
 9.89840416E-01  3.01768304E-01
 1.02236154E+00  3.34611516E-01
 1.01296947E+00  3.21787714E-01
 9.60966695E-01  2.62831415E-01
 8.70358628E-01  1.70883908E-01
 7.60310014E-01  6.74073147E-02
 6.44974641E-01 -2.53926815E-02
 5.32333047E-01 -9.04982177E-02
 4.50382080E-01 -1.23621436E-01
 4.31829892E-01 -1.32815790E-01
 4.97158239E-01 -1.21758596E-01
 6.50259292E-01 -9.25041912E-02
 8.48887058E-01 -5.50019003E-02
 1.01649634E+00 -1.93060274E-02
 1.09937898E+00  2.13818506E-03
 1.07712020E+00 -1.02320849E-03
 9.80922326E-01 -1.53020560E-02
 8.92673127E-01 -1.25425534E-02
 8.62527536E-01  2.37922343E-02
 8.99166888E-01  9.65738641E-02
 9.83630405E-01  1.82842914E-01
 1.05582752E+00  2.36222998E-01
 1.08700219E+00  2.30897868E-01
 1.08870285E+00  1.66099139E-01
 1.06652821E+00  6.09009106E-02
 1.04130366E+00 -4.02434933E-02
 1.01940802E+00 -1.09026651E-01
 9.80634672E-01 -1.41431503E-01
 9.28206689E-01 -1.40509600E-01
 8.74315396E-01 -1.26106931E-01
 8.28411341E-01 -1.08887772E-01
 8.10408591E-01 -8.38946231E-02
 8.24735361E-01 -5.58412687E-02
 8.60221883E-01 -2.87720297E-02
 9.12385288E-01 -8.90963529E-03
 9.73074748E-01 -8.12876339E-03
 1.02736283E+00 -1.85459496E-02
 1.06507207E+00 -1.97975598E-02
 1.08095391E+00  1.95464678E-04
 1.08426736E+00  4.75166028E-02
 1.12016433E+00  1.09794962E-01
 1.21723546E+00  1.56749823E-01
 1.26839299E+00  1.71817138E-01
 1.13979210E+00  1.52434508E-01
 9.41343082E-01  1.05485797E-01
 8.68657065E-01  5.29190659E-02
 8.61557529E-01  6.33560197E-03
 7.87268157E-01 -3.65403982E-02
 6.87241492E-01 -7.74378425E-02
 6.00298974E-01 -1.24009241E-01
 4.75610662E-01 -1.77250870E-01
 3.15680457E-01 -2.26157121E-01
 2.14509343E-01 -2.62069078E-01
 2.51700757E-01 -2.75347908E-01
 3.63439756E-01 -2.59139390E-01
 4.34749647E-01 -2.15507591E-01
 5.09249913E-01 -1.48144066E-01
 6.65429751E-01 -6.38596688E-02
 8.10784469E-01  2.71806597E-02
 8.49456022E-01  1.14447649E-01
 8.77952484E-01  1.83340251E-01
 1.00362735E+00  2.18194894E-01
 1.10993223E+00  2.08606232E-01
 1.04682293E+00  1.53233115E-01
 9.23065896E-01  6.89623947E-02
 9.05110615E-01 -1.31923573E-02
 9.27907965E-01 -6.74327859E-02
 8.89454744E-01 -7.85985253E-02
 8.52366689E-01 -5.08968620E-02
 8.77145029E-01 -8.25984368E-03
 9.23359903E-01  3.41731144E-02
 9.61810813E-01  7.02856667E-02
 1.00685258E+00  9.40900366E-02
 1.05957434E+00  1.08296227E-01
 1.10166589E+00  1.08465272E-01
 1.12190270E+00  8.52806924E-02
 1.12166971E+00  5.00363474E-02
 1.10562198E+00  2.33972230E-02
 1.07929793E+00  2.10935090E-02
 1.05183973E+00  5.41097227E-02
 1.03075063E+00  1.08787073E-01
 1.02011578E+00  1.51116875E-01
 1.02674394E+00  1.62495112E-01
 1.05422862E+00  1.39392223E-01
 1.09231213E+00  9.28677272E-02
 1.12332364E+00  5.32965274E-02
 1.13327928E+00  3.58698648E-02
 1.11481061E+00  3.69725743E-02
 1.07761127E+00  4.95868913E-02
 1.04576503E+00  5.54905856E-02
 1.03244270E+00  4.57490896E-02
 1.03884358E+00  2.75591082E-02
 1.05678478E+00  6.58941942E-03
 1.06529415E+00 -7.50849474E-03
 1.05463362E+00 -8.97502106E-03
 1.02965549E+00 -2.92279445E-03
 9.97812698E-01  7.05780577E-03
 9.74502173E-01  1.65015015E-02
 9.68926623E-01  2.14587145E-02
 9.78460188E-01  2.34597271E-02
 1.00081835E+00  2.30050927E-02
 1.02992792E+00  2.02978385E-02
 1.06090133E+00  1.60848577E-02
 1.09439327E+00  9.35981122E-03
 1.12706929E+00  8.74428865E-04
 1.15410378E+00 -7.08596617E-03
 1.17061104E+00 -1.25394860E-02
 1.16967546E+00 -1.30794430E-02
 1.14936522E+00 -7.94270360E-03
 1.11297885E+00  1.72340039E-03
 1.06576245E+00  1.50405353E-02
 1.01810108E+00  3.05958748E-02
 9.85751009E-01  4.60705370E-02
 9.84971600E-01  5.91471183E-02
 1.02636043E+00  6.68991314E-02
 1.10748176E+00  6.65841631E-02
 1.20179644E+00  5.78429349E-02
 1.26641520E+00  4.23628996E-02
 1.27103770E+00  2.27831140E-02
 1.20745850E+00  3.52989755E-03
 1.10211305E+00 -9.01880622E-03
 1.01227341E+00 -8.41872447E-03
 9.74848176E-01  9.55285853E-03
 9.98157870E-01  4.38107091E-02
 1.06528939E+00  8.28558975E-02
 1.12750065E+00  1.08272928E-01
 1.15565696E+00  1.07113966E-01
 1.14612131E+00  7.59707584E-02
 1.09380223E+00  2.68774700E-02
 1.01085811E+00 -1.46459146E-02
 9.10190097E-01 -3.23854772E-02
 8.06205793E-01 -2.32024838E-02
 7.60672394E-01  3.79195296E-03
 8.24505528E-01  2.52261223E-02
 9.21254637E-01  2.84899620E-02
 9.41423208E-01  1.55495314E-02
 9.50761478E-01 -7.09525374E-03
 1.06153899E+00 -2.34144994E-02
 1.17858543E+00 -2.54922315E-02
 1.16676762E+00 -1.83052371E-02
 1.08605320E+00 -5.67645528E-03
 1.03257416E+00  4.92588532E-03
 9.88810573E-01  9.53930847E-03
 9.39359636E-01  1.29588867E-02
 9.10766854E-01  1.76057294E-02
 9.01770299E-01  2.57435814E-02
 9.08327222E-01  3.86129700E-02
 9.42954581E-01  5.19153779E-02
 9.99587227E-01  6.10701925E-02
 1.06130257E+00  6.16946338E-02
 1.11314723E+00  5.07107074E-02
 1.13990918E+00  2.99627200E-02
 1.14683792E+00  5.92138196E-03
 1.15535020E+00 -1.19592808E-02
 1.17210181E+00 -1.68768781E-02
 1.19146863E+00 -7.72642365E-03
 1.19533768E+00  9.42993152E-03
 1.15345801E+00  2.38299999E-02
 1.06209551E+00  3.35719838E-02
 9.53778411E-01  5.03389749E-02
 8.93949014E-01  1.01627398E-01
 9.38262995E-01  1.96493074E-01
 9.99171926E-01  2.36696166E-01
 9.31311879E-01  1.08287490E-01
 7.90738314E-01 -8.05901449E-02
 7.22368631E-01 -1.34906035E-01
 7.38144350E-01 -8.28734801E-02
 8.19614647E-01 -2.79508095E-02
 9.40772621E-01  5.01834239E-02
 1.01452595E+00  1.45749494E-01
 1.04338294E+00  1.84847184E-01
 1.09758832E+00  1.43028789E-01
 1.15136213E+00  6.10068425E-02
 1.16432544E+00 -2.19128067E-03
 1.16384717E+00 -2.40031774E-02
 1.16621238E+00 -1.06494185E-02
 1.15705179E+00  2.59137638E-02
 1.13188153E+00  5.14860611E-02
 1.10121390E+00  4.91311279E-02
 1.07498958E+00  3.21383975E-02
 1.05363449E+00  9.53666142E-03
 1.03535900E+00 -3.20727553E-03
 1.02044229E+00  3.14645709E-03
 1.00739010E+00  1.93649908E-02
 9.98382860E-01  4.29072985E-02
 9.99310739E-01  7.25385732E-02
 1.00998812E+00  1.05635494E-01
 1.02564971E+00  1.46555423E-01
 1.03964266E+00  1.93612627E-01
 1.04180210E+00  2.39504492E-01
 1.02499427E+00  2.78066540E-01
 9.87753477E-01  2.99796339E-01
 9.32712316E-01  2.95338539E-01
 8.67185797E-01  2.59230821E-01
 7.97129039E-01  1.89486279E-01
 7.24400848E-01  9.27972590E-02
 6.47269291E-01 -9.48319780E-03
 5.64073633E-01 -8.68821705E-02
 4.89012620E-01 -1.13892692E-01
 4.59304637E-01 -7.63457207E-02
 5.39533609E-01  1.88590360E-02
 7.62360929E-01  1.41388321E-01
 9.85022772E-01  2.55679561E-01
 1.00075128E+00  3.16694333E-01
 8.46385057E-01  2.58308674E-01
 6.97314403E-01  6.05253692E-02
 6.40016987E-01 -1.32654158E-01
 7.32791985E-01 -1.42352199E-01
 8.88976331E-01 -7.29325347E-02
 8.95353948E-01 -1.32711663E-01
 8.08810056E-01 -2.12076967E-01
 8.17850183E-01 -1.26811158E-01
 8.64613731E-01  2.41930703E-02
 8.61057129E-01  1.05417925E-01
 8.67154293E-01  1.35286979E-01
 9.07723045E-01  1.22647595E-01
 9.41726784E-01  5.37722420E-02
 9.52751181E-01 -2.64963289E-02
 9.47057374E-01 -7.85211088E-02
 9.30780453E-01 -9.46939305E-02
 9.11193645E-01 -7.99551224E-02
 9.01738807E-01 -5.92739577E-02
 9.12820499E-01 -4.02012692E-02
 9.42560857E-01 -1.24319349E-02
 9.75736821E-01  1.63536162E-02
 9.88375687E-01  3.80645155E-02
 9.66803462E-01  4.48520667E-02
 9.14582586E-01  2.48438848E-02
 8.55038025E-01 -4.21405209E-03
 8.27832091E-01 -6.57120894E-03
 8.55132484E-01  3.29207746E-02
 9.31747030E-01  1.08457094E-01
 1.02513905E+00  1.77228714E-01
 1.07803333E+00  1.68949035E-01
 1.05747653E+00  5.89974556E-02
 9.69965048E-01 -1.12154442E-01
 8.59209322E-01 -2.26072307E-01
 8.01757046E-01 -1.51056422E-01
 8.35330466E-01  2.86828619E-02
 9.35118487E-01  1.15099167E-01
 1.01592563E+00  1.31308743E-01
 9.76361040E-01  1.77309082E-01
 8.81639167E-01  2.16583763E-01
 8.70745388E-01  2.22059053E-01
 8.48686279E-01  1.83624253E-01
 6.63829090E-01  5.44461068E-02
 4.23359284E-01 -1.04751628E-01
 2.92589689E-01 -1.77954188E-01
 2.78030251E-01 -1.91050584E-01
 3.55266739E-01 -2.15248532E-01
 4.82339541E-01 -2.13456340E-01
 5.62869705E-01 -1.47290626E-01
 6.29764289E-01 -6.20798884E-02
 7.82884183E-01 -5.38117899E-03
 9.18132497E-01  2.80560355E-03
 8.88015776E-01 -5.18327489E-02
 7.75054039E-01 -1.36366486E-01
 7.19080937E-01 -1.77296741E-01
 7.25393922E-01 -1.40143985E-01
 7.80702436E-01 -3.95059802E-02
 8.83391335E-01  4.99599233E-02
 9.73905954E-01  3.28598106E-02
 1.01444655E+00 -2.54310147E-02
 1.01875949E+00  1.88916594E-02
 1.01328321E+00  1.21185253E-01
 1.04522420E+00  1.69694947E-01
 1.12867580E+00  1.66799098E-01
 1.22483187E+00  1.20839729E-01
 1.27475937E+00  4.59059019E-02
 1.22496109E+00  7.47367445E-03
 1.13819054E+00 -2.29336401E-03
 1.13300784E+00 -3.74084109E-02
 1.15175772E+00 -6.64230188E-02
 1.08159196E+00 -4.35314552E-02
 9.98613689E-01  1.21930279E-02
 1.00741373E+00  7.82369662E-02
 1.05452382E+00  1.50567215E-01
 1.07041506E+00  2.10039875E-01
 1.07603663E+00  2.30291304E-01
 1.08941890E+00  2.00230958E-01
 1.09719413E+00  1.34723453E-01
 1.10608819E+00  6.59084881E-02
 1.12614507E+00  1.60355415E-02
 1.15073521E+00 -4.48485147E-03
 1.17221311E+00  8.36091121E-04
 1.18233584E+00  1.05475407E-02
 1.17723967E+00  1.58759837E-02
 1.16118811E+00  2.09014001E-02
 1.13799525E+00  2.42600511E-02
 1.11307256E+00  2.91361957E-02
 1.09197198E+00  3.29256420E-02
 1.07600996E+00  2.47355303E-02
 1.06575565E+00  8.46118569E-03
 1.06073833E+00 -4.55702929E-03
 1.06029052E+00 -7.53767885E-03
 1.06511867E+00  6.07994734E-03
 1.07501407E+00  3.19159357E-02
 1.08921509E+00  5.47223738E-02
 1.10594702E+00  6.73332369E-02
 1.12235581E+00  6.84200314E-02
 1.13771944E+00  5.88928841E-02
 1.15265010E+00  4.64672434E-02
 1.16684834E+00  3.40210966E-02
 1.17968370E+00  1.87073551E-02
 1.18888453E+00  1.36569177E-03
 1.19054183E+00 -1.75621889E-02
 1.18249451E+00 -3.62561599E-02
 1.16404934E+00 -4.91517958E-02
 1.13495627E+00 -5.40930868E-02
 1.09691693E+00 -5.12531073E-02
 1.05312499E+00 -4.04121806E-02
 1.00883142E+00 -2.36558442E-02
 9.74113896E-01 -4.12468307E-03
 9.61049456E-01  1.50696555E-02
 9.77380346E-01  2.96728112E-02
 1.02342662E+00  3.60301853E-02
 1.08651985E+00  3.34129759E-02
 1.14364252E+00  2.32745766E-02
 1.17711440E+00  7.50658514E-03
 1.17858753E+00 -1.09514376E-02
 1.15299454E+00 -2.79188442E-02
 1.11919995E+00 -3.92388585E-02
 1.08912487E+00 -4.08009186E-02
 1.06628075E+00 -3.05680941E-02
 1.05252705E+00 -1.29919582E-02
 1.04237840E+00  2.95876375E-03
 1.03567411E+00  9.97796054E-03
 1.03734096E+00  3.43367321E-03
 1.04042629E+00 -1.57378920E-02
 1.03368282E+00 -4.04110753E-02
 1.00825938E+00 -6.55302012E-02
 9.57255816E-01 -8.70251677E-02
 8.90403305E-01 -9.72845454E-02
 8.30865203E-01 -9.13548359E-02
 7.93982224E-01 -7.10021794E-02
 7.88275903E-01 -5.01366205E-02
 8.14057018E-01 -6.90161320E-02
 8.58883124E-01 -1.52842144E-01
 9.15239727E-01 -2.15555310E-01
 9.78847936E-01 -1.46296363E-01
 1.03526973E+00 -2.72281939E-02
 1.06959605E+00 -7.68174423E-03
 1.06998886E+00 -3.16286336E-02
 1.03114123E+00  1.02931991E-02
 9.74633751E-01  7.44546717E-02
 9.40040589E-01  1.12144374E-01
 9.53353395E-01  1.57975550E-01
 1.02188980E+00  2.19415668E-01
 1.12104994E+00  2.52539417E-01
 1.19663090E+00  2.22963151E-01
 1.21553032E+00  1.33343621E-01
 1.17200846E+00  2.12263949E-02
 1.08234900E+00 -2.29348541E-02
 9.91861438E-01  7.76098680E-02
 9.26878775E-01  1.94564878E-01
 8.87964497E-01  1.34745129E-01
 8.74503580E-01  2.87730162E-02
 8.69660367E-01  1.07375934E-01
 8.60695100E-01  2.41558216E-01
 8.42253175E-01  2.15709605E-01
 7.79488074E-01  8.10428184E-02
 6.55912677E-01 -6.18943459E-02
 5.59949910E-01 -1.54877551E-01
 5.93795530E-01 -1.01760256E-01
 6.80153368E-01  1.77902842E-02
 6.79548881E-01  3.34970448E-03
 6.47860457E-01 -1.00626959E-01
 6.92211152E-01 -1.43220547E-01
 7.59473559E-01 -1.26111847E-01
 7.83505351E-01 -7.27296943E-02
 7.90255999E-01 -4.14652322E-02
 7.93098556E-01 -1.49983118E-01
 7.76515964E-01 -3.08849517E-01
 7.47223737E-01 -3.23506403E-01
 7.18175158E-01 -2.42713430E-01
 6.90528862E-01 -1.90840335E-01
 6.56522172E-01 -1.31780021E-01
 6.04842204E-01 -4.11794953E-02
 5.38483326E-01  1.34695080E-02
 4.79166302E-01  5.54160303E-03
 4.68643627E-01 -1.68177702E-02
 5.56082694E-01  3.07174700E-03
 7.46887498E-01  7.44784290E-02
 9.76178664E-01  1.67363934E-01
 1.08488373E+00  2.11923877E-01
 9.32139700E-01  1.32809441E-01
 7.00168028E-01  4.86823267E-03
 6.86913874E-01 -2.98782007E-02
 7.23998495E-01 -3.54624717E-02
 5.09103405E-01 -1.33236873E-01
 2.63903856E-01 -2.25588735E-01
 3.02239564E-01 -1.90020786E-01
 4.76368466E-01 -1.03633790E-01
 5.72700389E-01 -7.10957077E-02
 6.45072777E-01 -7.39453012E-02
 7.36497813E-01 -7.61728533E-02
 7.85198589E-01 -5.76981954E-02
 7.87235329E-01  1.60942290E-02
 7.55152300E-01  8.11822436E-02
 6.69018306E-01  2.64847649E-02
 5.45058788E-01 -7.72529522E-02
 4.24164713E-01 -9.54337408E-02
 3.39563898E-01 -7.72218388E-02
 3.17848327E-01 -1.10947415E-01
 3.38979625E-01 -1.53708410E-01
 3.45214306E-01 -1.63845867E-01
 3.09808012E-01 -1.74729410E-01
 2.35673283E-01 -2.01099529E-01
 1.57085706E-01 -2.13309879E-01
 1.45382908E-01 -1.87213421E-01
 2.34693795E-01 -1.26317018E-01
 4.11138656E-01 -5.04718256E-02
 6.35830989E-01 -2.61478400E-04
 8.34269823E-01 -9.88704634E-03
 9.56900923E-01 -1.20669826E-02
 9.99765139E-01  8.79173413E-02
 9.79338337E-01  2.02604112E-01
 9.42816189E-01  1.85205474E-01
 9.21011914E-01  9.20255416E-02
 9.12108421E-01  4.98492259E-02
 9.11819982E-01  8.49104108E-02
 9.01571053E-01  1.98611141E-01
 8.75981351E-01  3.03698184E-01
 8.51610944E-01  2.42459817E-01
 8.28871912E-01  7.38840767E-02
 8.04243252E-01 -2.15232610E-02
 7.73571783E-01 -3.73369974E-02
 7.24456155E-01 -1.77392329E-02
 6.65106604E-01  2.72243413E-02
 6.20301710E-01  3.25609862E-02
 6.08457548E-01  2.95558200E-03
 6.50116909E-01  1.66412495E-02
 7.64773572E-01  5.98557958E-02
 9.21087986E-01  9.32242431E-02
 9.62716890E-01  1.33773136E-01
 7.48637089E-01  1.71664574E-01
 4.86688404E-01  1.41008021E-01
 4.98814066E-01  9.83639163E-03
 6.29574402E-01 -1.05970208E-01
 5.59570083E-01 -6.99665501E-02
 3.95101782E-01 -1.77873721E-02
 3.32801681E-01 -1.54295896E-01
 3.53365963E-01 -3.09276617E-01
 4.61734446E-01 -2.24827792E-01
 6.32304105E-01 -4.35779708E-02
 7.34044220E-01  9.97702543E-03
 7.87161882E-01  2.46405895E-02
 8.97287830E-01  1.13257278E-01
 1.01898036E+00  1.83866739E-01
 1.08789051E+00  1.61420110E-01
 1.14274135E+00  8.48577336E-02
 1.20587911E+00 -7.10899744E-03
 1.23585820E+00 -7.20961432E-02
 1.19700812E+00 -5.81832801E-02
 1.09037681E+00 -2.84475644E-02
 9.32047660E-01 -9.03335961E-02
 7.53488928E-01 -1.59784853E-01
 6.09877161E-01 -9.48186516E-02
 5.47082321E-01  2.58839471E-02
 5.88796576E-01  7.19713758E-02
 7.39995242E-01  8.78042642E-02
 9.52560478E-01  1.33102732E-01
 1.09221025E+00  1.61138344E-01
 1.03971562E+00  1.42134131E-01
 9.08780836E-01  1.10715404E-01
 9.19100837E-01  9.43203700E-02
 1.03836622E+00  9.48647783E-02
 1.11197826E+00  1.03351401E-01
 1.08109232E+00  7.39446712E-02
 9.01877427E-01 -3.97275667E-02
 7.00741989E-01 -1.61493749E-01
 7.20074221E-01 -1.73453037E-01
 8.42639341E-01 -1.33295858E-01
