# x =
 2.39782853E+01
# y =
 3.25097170E+00
 VARIABLES = u,v
 1.17025397E+00  8.10270515E-04
 1.17027564E+00  3.97089353E-04
 1.17018987E+00  9.82059590E-04
 1.16999718E+00  2.60837622E-03
 1.16969641E+00  5.08147786E-03
 1.16929365E+00  8.07029667E-03
 1.16880144E+00  1.10217509E-02
 1.16823410E+00  1.30637566E-02
 1.16761038E+00  1.32634441E-02
 1.16694974E+00  1.10413521E-02
 1.16627175E+00  6.55337095E-03
 1.16560261E+00  1.32945745E-03
 1.16497114E+00 -2.15969411E-03
 1.16440227E+00 -2.19487415E-03
 1.16391612E+00  1.64085681E-03
 1.16352244E+00  7.73096261E-03
 1.16322075E+00  1.26710851E-02
 1.16301069E+00  1.42976708E-02
 1.16289234E+00  1.22161358E-02
 1.16286591E+00  7.68540084E-03
 1.16293399E+00  3.87892760E-03
 1.16309244E+00  2.54546138E-03
 1.16333128E+00  3.48898131E-03
 1.16364215E+00  5.89595174E-03
 1.16401490E+00  7.66766846E-03
 1.16443840E+00  7.78504027E-03
 1.16490108E+00  6.93429725E-03
 1.16538277E+00  5.61248581E-03
 1.16585838E+00  4.78202370E-03
 1.16630819E+00  4.93831062E-03
 1.16671815E+00  5.42303666E-03
 1.16708385E+00  5.94627350E-03
 1.16741132E+00  6.24851636E-03
 1.16770465E+00  6.08249341E-03
 1.16796553E+00  5.76447063E-03
 1.16819623E+00  5.40717079E-03
 1.16839595E+00  4.96912664E-03
 1.16856786E+00  4.53442272E-03
 1.16871833E+00  4.02503466E-03
 1.16884736E+00  3.44608132E-03
 1.16895255E+00  2.94201000E-03
 1.16903234E+00  2.58771285E-03
 1.16908599E+00  2.47418049E-03
 1.16912230E+00  2.65470081E-03
 1.16915748E+00  3.08452039E-03
 1.16920252E+00  3.72099723E-03
 1.16926425E+00  4.48862223E-03
 1.16934512E+00  5.24041543E-03
 1.16944042E+00  5.81139176E-03
 1.16954825E+00  6.03218870E-03
 1.16966864E+00  5.76809859E-03
 1.16979557E+00  5.01686181E-03
 1.16992071E+00  3.91308509E-03
 1.17003253E+00  2.67006049E-03
 1.17011501E+00  1.63084857E-03
 1.17015489E+00  1.31702905E-03
 1.17014133E+00  2.25536367E-03
 1.17006315E+00  4.69072581E-03
 1.16991274E+00  8.32459044E-03
 1.16968753E+00  1.18955296E-02
 1.16939183E+00  1.35248526E-02
 1.16904316E+00  1.19679671E-02
 1.16867566E+00  7.08321454E-03
 1.16834288E+00  4.48963859E-04
 1.16811307E+00 -4.89134605E-03
 1.16805196E+00 -6.84049090E-03
 1.16821208E+00 -4.74367080E-03
 1.16861909E+00  5.13201683E-04
 1.16926367E+00  6.28092158E-03
 1.17011328E+00  1.08679226E-02
 1.17109929E+00  1.38396536E-02
 1.17209444E+00  1.48767883E-02
 1.17293333E+00  1.45513437E-02
 1.17344431E+00  1.28704209E-02
 1.17347601E+00  9.16905562E-03
 1.17295441E+00  4.24372211E-03
 1.17189242E+00 -4.78594779E-04
 1.17034059E+00 -3.65852665E-03
 1.16842040E+00 -3.85525887E-03
 1.16636811E+00 -1.18561786E-03
 1.16448645E+00  2.84604057E-03
 1.16309980E+00  7.28764399E-03
 1.16249259E+00  1.13027331E-02
 1.16276755E+00  1.39725132E-02
 1.16383650E+00  1.49489290E-02
 1.16552977E+00  1.34901065E-02
 1.16752378E+00  8.89938937E-03
 1.16926457E+00  2.21034181E-03
 1.17008876E+00 -4.55518169E-03
 1.16934259E+00 -9.53129978E-03
 1.16654983E+00 -1.10095535E-02
 1.16175828E+00 -8.55731703E-03
 1.15558622E+00 -3.17004133E-03
 1.14899846E+00  4.44186144E-03
 1.14350552E+00  1.32413354E-02
 1.14138041E+00  2.07380467E-02
 1.14489330E+00  2.41712664E-02
 1.15499953E+00  2.12639608E-02
 1.17018861E+00  1.11534015E-02
 1.18466216E+00 -2.92516982E-03
 1.18998383E+00 -1.47879674E-02
 1.18089085E+00 -1.98946207E-02
 1.15759503E+00 -1.60471120E-02
 1.12878511E+00 -4.81339613E-03
 1.10992185E+00  8.15290519E-03
 1.11094164E+00  1.90436308E-02
 1.13314626E+00  2.59146684E-02
 1.16759297E+00  2.63436731E-02
 1.19533498E+00  1.99700186E-02
 1.20452983E+00  7.09175633E-03
 1.19375689E+00 -1.01091756E-02
 1.16909087E+00 -2.12359577E-02
 1.14633059E+00 -1.63976930E-02
 1.13465336E+00 -4.99100285E-03
 1.13356690E+00 -2.68099352E-03
 1.14130441E+00 -7.53465644E-04
 1.15067513E+00  1.50376992E-02
 1.15824827E+00  2.96415714E-02
 1.16690767E+00  2.38383083E-02
 1.17470438E+00  8.02193939E-03
 1.17901412E+00 -9.62926521E-04
 1.17756551E+00 -4.41434207E-03
 1.16657658E+00 -5.53851200E-03
 1.14984675E+00 -2.54373357E-03
 1.13653967E+00  9.14285182E-04
 1.13211306E+00  1.87444320E-03
 1.13915646E+00  2.04336145E-03
 1.15391801E+00  1.97975361E-03
 1.16594315E+00  2.38643999E-03
 1.16970245E+00  3.31297721E-03
 1.16504482E+00  2.93437001E-03
 1.15493227E+00  1.48130886E-03
 1.14747543E+00  3.07984601E-04
 1.14671436E+00  1.06278449E-05
 1.15100444E+00  1.45582535E-03
 1.15826764E+00  4.19739446E-03
 1.16376011E+00  6.36337028E-03
 1.16493091E+00  7.13834201E-03
 1.16355674E+00  6.37453841E-03
 1.16064838E+00  4.25470306E-03
 1.15793968E+00  1.91020403E-03
 1.15660543E+00 -2.79193200E-05
 1.15544318E+00 -1.48694018E-03
 1.15428466E+00 -1.85560310E-03
 1.15337965E+00 -6.67974734E-04
 1.15282399E+00  2.27668631E-03
 1.15366162E+00  6.88180120E-03
 1.15616634E+00  1.14992598E-02
 1.15976282E+00  1.35525675E-02
 1.16388258E+00  1.14554404E-02
 1.16723661E+00  5.04106763E-03
 1.16801993E+00 -3.33128715E-03
 1.16466549E+00 -9.19502729E-03
 1.15645665E+00 -9.70469273E-03
 1.14456644E+00 -4.37806068E-03
 1.13341738E+00  4.55458990E-03
 1.12930047E+00  1.20315187E-02
 1.13606795E+00  1.48364366E-02
 1.15333909E+00  1.23757234E-02
 1.17415897E+00  5.52671959E-03
 1.18647921E+00 -2.38809424E-03
 1.18279733E+00 -9.15333357E-03
 1.16274344E+00 -1.40872317E-02
 1.13462984E+00 -1.50910070E-02
 1.11482539E+00 -1.06697100E-02
 1.11334235E+00 -6.78386034E-04
 1.13064161E+00  1.29763585E-02
 1.15900974E+00  2.17237292E-02
 1.18155095E+00  1.67839097E-02
 1.18817681E+00  5.15688639E-03
 1.17910144E+00 -1.80474626E-04
 1.15948703E+00 -4.62980927E-03
 1.14210720E+00 -1.73241792E-02
 1.13430990E+00 -2.55288456E-02
 1.13466820E+00 -1.48784433E-02
 1.14147472E+00  4.47189535E-03
 1.14925619E+00  1.60663239E-02
 1.15518335E+00  1.85509147E-02
 1.16179530E+00  1.40774767E-02
 1.16783092E+00  3.31492460E-03
 1.17124449E+00 -6.63049695E-03
 1.17044541E+00 -1.06188459E-02
 1.16251211E+00 -9.34292447E-03
 1.15003437E+00 -4.32872850E-03
 1.13969222E+00  5.86873921E-04
 1.13554069E+00  3.48605940E-03
 1.13981723E+00  5.84269590E-03
 1.15051820E+00  7.46777056E-03
 1.16083294E+00  8.26795797E-03
 1.16700060E+00  7.97593258E-03
 1.16826574E+00  4.93512859E-03
 1.16477403E+00  5.81351261E-05
 1.15957683E+00 -4.04029936E-03
 1.15397076E+00 -5.80342731E-03
 1.14716373E+00 -4.00889977E-03
 1.14098981E+00  6.17877942E-04
 1.13766042E+00  5.20935868E-03
 1.13900349E+00  8.20547944E-03
 1.14677026E+00  9.09533705E-03
 1.15822417E+00  7.71642038E-03
 1.16741008E+00  5.18363215E-03
 1.17047691E+00  1.93321227E-03
 1.16563051E+00 -2.24891327E-03
 1.15478650E+00 -6.17023208E-03
 1.14395220E+00 -8.30982027E-03
 1.13672714E+00 -7.49597533E-03
 1.13416422E+00 -2.94864038E-03
 1.13676278E+00  3.69840505E-03
 1.14258303E+00  9.01845798E-03
 1.15067188E+00  1.07639842E-02
 1.16103253E+00  8.01092974E-03
 1.16996455E+00  1.87244838E-03
 1.17259745E+00 -4.27287541E-03
 1.16571173E+00 -8.34344112E-03
 1.14838748E+00 -9.70895275E-03
 1.12700152E+00 -7.99425825E-03
 1.11323723E+00 -4.15631145E-03
 1.11438008E+00  1.30155917E-03
 1.13178541E+00  8.27913317E-03
 1.15822544E+00  1.43659628E-02
 1.17832506E+00  1.63397723E-02
 1.18285895E+00  1.21014550E-02
 1.17110028E+00  1.17071311E-03
 1.14927266E+00 -1.23437935E-02
 1.13196482E+00 -2.09646977E-02
 1.12743337E+00 -2.00221290E-02
 1.13467900E+00 -8.71481431E-03
 1.14914269E+00  8.28027567E-03
 1.16008241E+00  2.10989871E-02
 1.16173226E+00  2.38048745E-02
 1.15655524E+00  1.59467921E-02
 1.14754253E+00  1.58554557E-03
 1.14087573E+00 -9.83276045E-03
 1.13999142E+00 -1.29308360E-02
 1.14239964E+00 -8.29817408E-03
 1.14659030E+00  1.12298548E-03
 1.15023000E+00  8.36552929E-03
 1.15174614E+00  9.67874781E-03
 1.15284207E+00  6.61449352E-03
 1.15392811E+00  1.07121104E-03
 1.15487208E+00 -2.97971113E-03
 1.15572287E+00 -3.36550807E-03
 1.15516782E+00 -1.75134381E-03
 1.15278582E+00  8.54823536E-04
 1.14913050E+00  2.93007727E-03
 1.14462778E+00  3.47248689E-03
 1.14050698E+00  3.64363223E-03
 1.13842667E+00  3.81107008E-03
 1.13976074E+00  4.02252741E-03
 1.14534617E+00  4.44366353E-03
 1.15452938E+00  4.32703414E-03
 1.16402903E+00  3.42559975E-03
 1.16898632E+00  2.03780083E-03
 1.16610045E+00  3.38615670E-04
 1.15485044E+00 -1.04381328E-03
 1.13911044E+00 -1.31097483E-03
 1.12647351E+00  1.12370798E-04
 1.12204016E+00  3.50443986E-03
 1.12719180E+00  8.32392508E-03
 1.13944904E+00  1.26574507E-02
 1.15191021E+00  1.38544928E-02
 1.16023304E+00  1.02678455E-02
 1.16347763E+00  2.02653079E-03
 1.16120745E+00 -7.95802811E-03
 1.15549660E+00 -1.45985540E-02
 1.14723303E+00 -1.45886683E-02
 1.13583777E+00 -7.42928428E-03
 1.12469998E+00  3.98156845E-03
 1.11863680E+00  1.34424976E-02
 1.12121673E+00  1.70239366E-02
 1.13453680E+00  1.41269564E-02
 1.15402628E+00  6.54633916E-03
 1.16994427E+00 -7.61447259E-04
 1.17593154E+00 -4.93326931E-03
 1.16954526E+00 -6.10394069E-03
 1.15388467E+00 -4.55196893E-03
 1.13826560E+00 -2.12571665E-03
 1.12815568E+00  4.53584043E-04
 1.12454659E+00  4.32996073E-03
 1.12738369E+00  8.75449246E-03
 1.13296248E+00  1.24025444E-02
 1.13987179E+00  1.40799526E-02
 1.14959967E+00  1.20743722E-02
 1.15979445E+00  6.90993221E-03
 1.16722593E+00  9.47037331E-04
 1.16911552E+00 -4.31809566E-03
 1.16257894E+00 -7.64923234E-03
 1.15060727E+00 -8.42071271E-03
 1.14051423E+00 -7.31646712E-03
 1.13670269E+00 -4.38354086E-03
 1.14095140E+00  4.52312840E-04
 1.15058691E+00  5.59113865E-03
 1.15800971E+00  8.95082646E-03
 1.15940268E+00  8.87467870E-03
 1.15518685E+00  4.50925775E-03
 1.14755285E+00 -2.01854659E-03
 1.14215978E+00 -6.41686909E-03
 1.14185435E+00 -6.07538026E-03
 1.14534570E+00 -4.60169307E-04
 1.15145082E+00  8.10189187E-03
 1.15732381E+00  1.43863969E-02
 1.16100206E+00  1.54153622E-02
 1.16285290E+00  1.11348909E-02
 1.16172437E+00  3.32203702E-03
 1.15645178E+00 -3.59249022E-03
 1.14703050E+00 -6.89096163E-03
 1.13426056E+00 -6.42928617E-03
 1.12308187E+00 -2.16962410E-03
 1.12088086E+00  4.17890555E-03
 1.13153281E+00  1.03886419E-02
 1.15382990E+00  1.37263633E-02
 1.17797647E+00  7.04838950E-03
 1.18767744E+00 -1.35716477E-02
 1.17324462E+00 -3.33317980E-02
 1.13525919E+00 -3.16668503E-02
 1.08765271E+00 -1.32287527E-02
 1.05619121E+00  8.05221625E-03
 1.05730990E+00  4.22544154E-02
 1.09300898E+00  9.50497993E-02
 1.15096784E+00  1.27946196E-01
 1.20310166E+00  9.89208846E-02
 1.22991288E+00  2.69356469E-02
 1.22480148E+00 -4.21910339E-02
 1.18599427E+00 -9.65206841E-02
 1.12471287E+00 -1.29079422E-01
 1.05355455E+00 -1.20748978E-01
 9.88298163E-01 -7.32462496E-02
 9.70038303E-01 -7.62640418E-03
 1.03132398E+00  5.07181509E-02
 1.13315091E+00  7.88715563E-02
 1.20524116E+00  6.50088249E-02
 1.23965139E+00  1.72224409E-02
 1.25194963E+00 -3.75337997E-02
 1.21698172E+00 -7.38462126E-02
 1.12804942E+00 -7.65563592E-02
 1.03779477E+00 -5.08769273E-02
 9.99370414E-01 -2.04754039E-02
 1.00495564E+00  1.15037151E-02
 1.02448628E+00  5.10156669E-02
 1.07658253E+00  7.66578962E-02
 1.17514688E+00  6.78086758E-02
 1.25578364E+00  3.09318508E-02
 1.25178071E+00 -1.84373664E-02
 1.19631073E+00 -6.45525060E-02
 1.15686588E+00 -8.86518146E-02
 1.12891263E+00 -8.58334380E-02
 1.09157095E+00 -6.62959202E-02
 1.06206782E+00 -3.33608182E-02
 1.04672321E+00  8.48367904E-03
 1.04713420E+00  4.15951758E-02
 1.07837912E+00  5.20919392E-02
 1.13215460E+00  4.25589292E-02
 1.18296030E+00  2.42113181E-02
 1.21386587E+00  6.00464527E-03
 1.21189486E+00 -5.19163017E-03
 1.18202763E+00 -1.09192926E-02
 1.14869211E+00 -2.03930710E-02
 1.12387349E+00 -2.84763806E-02
 1.10984626E+00 -2.36423182E-02
 1.10767313E+00 -1.09332937E-02
 1.10856303E+00  2.56383460E-04
 1.11134876E+00  6.15606529E-03
 1.12293377E+00  2.50722096E-03
 1.13873039E+00 -6.94756727E-03
 1.15167146E+00 -1.02468457E-02
 1.15774813E+00 -3.06433346E-03
 1.15424880E+00  1.17285080E-02
 1.15530539E+00  2.53937161E-02
 1.17645474E+00  2.26855766E-02
 1.18969360E+00 -1.48957428E-03
 1.15487285E+00 -3.72270449E-02
 1.09275958E+00 -6.13377813E-02
 1.05126076E+00 -4.78099448E-02
 1.04622329E+00 -9.20975496E-03
 1.08224742E+00  1.77823041E-02
 1.14158088E+00  2.95751187E-02
 1.17836637E+00  3.42783353E-02
 1.18744305E+00  2.52244519E-02
 1.19117263E+00  6.03844397E-03
 1.18279993E+00 -1.42284897E-02
 1.15911800E+00 -3.24039155E-02
 1.13641124E+00 -3.97152015E-02
 1.12229931E+00 -2.83884363E-02
 1.11653072E+00 -4.07523257E-03
 1.11947203E+00  2.00967241E-02
 1.13435963E+00  3.18201007E-02
 1.16018827E+00  2.27752153E-02
 1.17590513E+00  1.19536903E-03
 1.16140674E+00 -1.26656338E-02
 1.14145525E+00 -1.44254632E-02
 1.15266323E+00 -9.93599473E-03
 1.16982374E+00 -6.32462083E-04
 1.15181540E+00  6.78183689E-03
 1.12715967E+00  7.46628379E-03
 1.13724935E+00  4.86046971E-03
 1.16077846E+00  1.21526562E-03
 1.16705588E+00 -7.28321897E-04
 1.16442595E+00  7.50914075E-04
 1.16200184E+00  3.17260460E-03
 1.15517835E+00  5.42152897E-03
 1.14813180E+00  6.94273990E-03
 1.14657848E+00  6.92836812E-03
 1.14875674E+00  6.41763406E-03
 1.15284886E+00  5.84729813E-03
 1.15668882E+00  4.98316125E-03
 1.15891058E+00  4.08362853E-03
 1.16074510E+00  2.94329152E-03
 1.16239547E+00  1.56440577E-03
 1.16384845E+00  4.26941904E-04
 1.16505524E+00 -2.19518519E-04
 1.16472354E+00 -1.06511393E-04
 1.16251591E+00  9.37130277E-04
 1.15896165E+00  2.77137660E-03
 1.15453330E+00  5.24510413E-03
 1.15048119E+00  8.09681729E-03
 1.14831866E+00  1.08150108E-02
 1.14924105E+00  1.28106472E-02
 1.15405404E+00  1.34894470E-02
 1.16226004E+00  1.23786476E-02
 1.17101100E+00  9.44364742E-03
 1.17605140E+00  5.11312170E-03
 1.17435856E+00  8.04330350E-05
 1.16518227E+00 -4.52437337E-03
 1.15151129E+00 -6.95541346E-03
 1.13959878E+00 -5.40352279E-03
 1.13384889E+00  1.09751524E-03
 1.13601938E+00  1.18469569E-02
 1.14541010E+00  2.31320150E-02
 1.15786584E+00  2.92902184E-02
 1.17031174E+00  2.66151480E-02
 1.18070298E+00  1.47742454E-02
 1.18451314E+00 -1.32209740E-03
 1.17799000E+00 -1.24416012E-02
 1.16042396E+00 -1.27943820E-02
 1.13634410E+00 -1.78501532E-03
 1.12291295E+00  1.54413907E-02
 1.13651404E+00  2.79772054E-02
 1.15931988E+00  2.93891428E-02
 1.16154791E+00  1.97401587E-02
 1.15868405E+00  3.45958429E-03
 1.17780577E+00 -9.45005081E-03
 1.19443596E+00 -1.32474248E-02
 1.17737734E+00 -8.73659248E-03
 1.14683291E+00  1.26389647E-03
 1.13307449E+00  9.97776944E-03
 1.13487825E+00  1.35471833E-02
 1.14650779E+00  1.32904521E-02
 1.16721818E+00  1.01550685E-02
 1.18479444E+00  6.68601896E-03
 1.18951719E+00  4.25211337E-03
 1.18224650E+00  1.24773337E-03
 1.16727145E+00 -1.86791003E-03
 1.15374002E+00 -3.98100786E-03
 1.14691405E+00 -4.33195888E-03
 1.14539798E+00 -1.38982284E-03
 1.14820695E+00  3.83109228E-03
 1.15205786E+00  8.30088757E-03
 1.15525501E+00  1.03056083E-02
 1.15990736E+00  8.95476786E-03
 1.16497539E+00  5.17206121E-03
 1.16835515E+00  2.01729272E-03
 1.16856273E+00  1.01414402E-03
 1.16339337E+00  2.10919768E-03
 1.15468652E+00  4.64074447E-03
 1.14748689E+00  6.56669698E-03
 1.14471809E+00  6.95684700E-03
 1.14771344E+00  6.44211455E-03
 1.15484240E+00  5.44771631E-03
 1.16102231E+00  4.89204962E-03
 1.16365898E+00  5.23244459E-03
 1.16283219E+00  5.84073907E-03
 1.15963073E+00  6.44423505E-03
 1.15739048E+00  6.78391061E-03
 1.15762394E+00  6.61443858E-03
 1.15924423E+00  6.22543665E-03
 1.16150290E+00  5.72711056E-03
 1.16285453E+00  5.10108677E-03
 1.16253074E+00  4.45123268E-03
 1.16158683E+00  3.73674959E-03
 1.16051523E+00  3.00438869E-03
 1.15980308E+00  2.43373434E-03
 1.15991811E+00  2.14105014E-03
 1.16043331E+00  2.25050034E-03
 1.16120255E+00  2.82429290E-03
 1.16226909E+00  3.80475833E-03
 1.16345928E+00  5.11506130E-03
 1.16481398E+00  6.61543820E-03
 1.16617900E+00  8.05869256E-03
 1.16714785E+00  9.15592067E-03
 1.16741737E+00  9.61232606E-03
 1.16669116E+00  9.18960023E-03
 1.16484618E+00  7.84357501E-03
 1.16203462E+00  5.73911266E-03
 1.15846488E+00  3.16570521E-03
 1.15450009E+00  6.16086030E-04
 1.15076736E+00 -1.12890166E-03
 1.14800222E+00 -1.23097949E-03
 1.14695253E+00  8.28448079E-04
 1.14821779E+00  4.90387724E-03
 1.15188987E+00  9.61456975E-03
 1.15751707E+00  1.27333297E-02
 1.16433130E+00  1.27112017E-02
 1.17104828E+00  9.17454824E-03
 1.17565812E+00  3.58062666E-03
 1.17601104E+00 -1.00315901E-03
 1.17075591E+00 -2.62548923E-03
 1.16021430E+00 -9.27979182E-04
 1.14783426E+00  2.95911977E-03
 1.13921531E+00  6.18170789E-03
 1.13828400E+00  7.16738064E-03
 1.14605845E+00  6.09343544E-03
 1.15900692E+00  3.69127867E-03
 1.16958804E+00  1.84785208E-03
 1.17306469E+00  1.47814966E-03
 1.16867222E+00  1.96285841E-03
 1.15931393E+00  2.85569344E-03
 1.15213662E+00  3.29467012E-03
 1.15101430E+00  2.83989088E-03
 1.15534043E+00  2.09306558E-03
 1.16298090E+00  1.32920646E-03
 1.16881482E+00  7.98589903E-04
 1.17015076E+00  7.40012249E-04
 1.16820846E+00  8.81491747E-04
 1.16397731E+00  1.12465347E-03
 1.15971810E+00  1.49952995E-03
 1.15674111E+00  1.91810799E-03
 1.15393546E+00  2.43007742E-03
 1.15131292E+00  2.99801323E-03
 1.14911207E+00  3.45260714E-03
 1.14761418E+00  3.68637718E-03
 1.14821261E+00  3.58434076E-03
 1.15130244E+00  3.08896804E-03
 1.15634309E+00  2.25701364E-03
 1.16275657E+00  1.15936205E-03
 1.16906359E+00 -7.76045064E-05
 1.17319668E+00 -1.22656998E-03
 1.17322287E+00 -2.02456409E-03
 1.16778927E+00 -2.20902923E-03
 1.15719014E+00 -1.57811814E-03
 1.14474018E+00 -1.26103772E-04
 1.13571863E+00  1.94170594E-03
 1.13388567E+00  4.29178488E-03
 1.14029191E+00  6.38530944E-03
 1.15169298E+00  7.39541018E-03
 1.16109287E+00  6.47519883E-03
 1.16414943E+00  3.21341441E-03
 1.16024586E+00 -1.96330370E-03
 1.15216488E+00 -7.14575686E-03
 1.14662070E+00 -9.49209340E-03
 1.14718913E+00 -7.20713043E-03
 1.15314244E+00 -2.96600245E-04
 1.16221380E+00  8.44780606E-03
 1.16926530E+00  1.40037139E-02
 1.17146031E+00  1.32431430E-02
 1.16973422E+00  5.95693864E-03
 1.16501572E+00 -4.66442764E-03
 1.15967190E+00 -1.21709453E-02
 1.15532881E+00 -1.26815159E-02
 1.15156694E+00 -6.12378151E-03
 1.14936852E+00  4.59621234E-03
 1.14992112E+00  1.30748734E-02
 1.15381423E+00  1.55249058E-02
 1.16152052E+00  1.21530801E-02
 1.17057979E+00  4.83880356E-03
 1.17647203E+00 -1.77283994E-03
 1.17627485E+00 -4.99024336E-03
 1.16901039E+00 -5.38985766E-03
 1.15744227E+00 -3.48090006E-03
 1.14779002E+00 -1.02462311E-03
 1.14390249E+00  1.08740385E-03
 1.14653516E+00  3.85891720E-03
 1.15353386E+00  6.75372265E-03
 1.15923938E+00  8.77896000E-03
 1.16058142E+00  9.18904574E-03
 1.15797134E+00  6.83843492E-03
 1.15288785E+00  2.63739559E-03
 1.14911443E+00 -9.13747307E-04
 1.14850556E+00 -2.36031654E-03
 1.14986103E+00 -1.01112526E-03
 1.15231578E+00  2.31527051E-03
 1.15416156E+00  5.06437337E-03
 1.15449713E+00  5.94730430E-03
 1.15445109E+00  5.01772952E-03
 1.15446499E+00  2.85591710E-03
 1.15490037E+00  1.18990261E-03
 1.15609304E+00  8.23949088E-04
 1.15738309E+00  1.25099790E-03
 1.15849600E+00  2.12464740E-03
 1.15946624E+00  2.67871728E-03
 1.16012803E+00  2.52859044E-03
 1.16064471E+00  2.19005212E-03
 1.16110200E+00  1.86316386E-03
 1.16138610E+00  1.72436780E-03
 1.16151770E+00  1.93683643E-03
 1.16147166E+00  2.22172558E-03
 1.16120990E+00  2.47755040E-03
 1.16078203E+00  2.73873353E-03
 1.16021419E+00  2.94418366E-03
 1.15953889E+00  3.17044160E-03
 1.15881771E+00  3.44836546E-03
 1.15810200E+00  3.71011341E-03
 1.15744809E+00  3.94748771E-03
 1.15691461E+00  4.13430630E-03
 1.15654812E+00  4.24070434E-03
 1.15638242E+00  4.28135535E-03
 1.15642828E+00  4.26013902E-03
 1.15666072E+00  4.18593343E-03
 1.15700523E+00  4.09324791E-03
 1.15734808E+00  4.01920421E-03
 1.15757357E+00  4.00280445E-03
 1.15758325E+00  4.08005770E-03
 1.15732618E+00  4.26323818E-03
 1.15681098E+00  4.54098634E-03
 1.15606716E+00  4.89118601E-03
 1.15516767E+00  5.27021522E-03
 1.15427197E+00  5.60072010E-03
 1.15358867E+00  5.78587805E-03
 1.15333687E+00  5.72522011E-03
 1.15370483E+00  5.33323115E-03
 1.15474477E+00  4.58020237E-03
 1.15636791E+00  3.49656013E-03
 1.15843596E+00  2.14106822E-03
 1.16071108E+00  6.22937518E-04
 1.16280179E+00 -8.72876409E-04
 1.16424517E+00 -2.11842949E-03
 1.16456758E+00 -2.87326589E-03
 1.16339267E+00 -2.92868017E-03
 1.16067902E+00 -2.20409052E-03
 1.15674079E+00 -7.55858153E-04
 1.15209641E+00  1.29149454E-03
 1.14759653E+00  3.69339920E-03
 1.14454934E+00  6.02996872E-03
 1.14433217E+00  7.78839621E-03
 1.14777535E+00  8.45115055E-03
 1.15457813E+00  7.61255864E-03
 1.16234591E+00  5.21699420E-03
 1.16723060E+00  1.59231625E-03
 1.16644347E+00 -2.71035713E-03
 1.15906735E+00 -6.77846553E-03
 1.14714048E+00 -9.18253929E-03
 1.13549176E+00 -8.41603660E-03
 1.12764794E+00 -3.61454815E-03
 1.12536718E+00  4.79028175E-03
 1.12923926E+00  1.39923794E-02
 1.13756338E+00  1.95941628E-02
 1.14913177E+00  1.85899495E-02
 1.16285468E+00  1.03882219E-02
 1.17431369E+00 -1.83958267E-03
 1.17810398E+00 -1.16547325E-02
 1.17048042E+00 -1.48345447E-02
 1.15066425E+00 -1.03964746E-02
 1.12588340E+00 -5.52992975E-04
 1.10909375E+00  8.79927326E-03
 1.10878233E+00  1.41705285E-02
 1.12700613E+00  1.53161360E-02
 1.15623284E+00  1.27550382E-02
 1.17986999E+00  9.24844951E-03
 1.18775759E+00  6.01871171E-03
 1.17847033E+00  2.04766172E-03
 1.15738123E+00 -1.83121161E-03
 1.13863500E+00 -4.58836791E-03
 1.13016278E+00 -5.19965887E-03
 1.13119300E+00 -2.03398445E-03
 1.13952859E+00  3.60122056E-03
 1.14793807E+00  8.34546884E-03
 1.15296963E+00  1.01872304E-02
 1.15748148E+00  8.07311989E-03
 1.16115439E+00  3.17719574E-03
 1.16386452E+00 -8.95455272E-04
 1.16499238E+00 -2.33381454E-03
 1.16118906E+00 -1.16950115E-03
 1.15381424E+00  1.77236906E-03
 1.14729964E+00  4.01390719E-03
 1.14412010E+00  4.40710050E-03
 1.14625844E+00  3.65140317E-03
 1.15231274E+00  2.23461874E-03
 1.15719976E+00  1.26649830E-03
 1.15852580E+00  1.31011084E-03
 1.15621125E+00  1.65846022E-03
 1.15134091E+00  2.06813830E-03
 1.14748291E+00  2.33036927E-03
 1.14625264E+00  2.25694399E-03
 1.14673115E+00  2.27893559E-03
 1.14830211E+00  2.54253644E-03
 1.14940288E+00  2.96814847E-03
 1.14924413E+00  3.59209407E-03
 1.14878500E+00  4.22340615E-03
 1.14829050E+00  4.69433124E-03
 1.14796873E+00  4.95363550E-03
 1.14799371E+00  4.86238568E-03
 1.14768548E+00  4.33161888E-03
 1.14680314E+00  3.35486009E-03
 1.14546280E+00  1.94891005E-03
 1.14363710E+00  1.99302823E-04
 1.14165121E+00 -1.72951425E-03
 1.13985962E+00 -3.58576751E-03
 1.13849138E+00 -5.04972698E-03
 1.13790968E+00 -5.80221546E-03
 1.13838915E+00 -5.59304254E-03
 1.13999580E+00 -4.35968054E-03
 1.14266548E+00 -2.25527578E-03
 1.14620182E+00  4.36600270E-04
 1.15022518E+00  3.22567176E-03
 1.15412187E+00  5.31982911E-03
 1.15712811E+00  5.85907838E-03
 1.15846969E+00  4.30061855E-03
 1.15753363E+00  7.64040635E-04
 1.15420048E+00 -3.39114959E-03
 1.14889633E+00 -5.95513725E-03
 1.14236176E+00 -5.40687333E-03
 1.13584635E+00 -1.41113715E-03
 1.13132944E+00  4.52798888E-03
 1.13096098E+00  9.28923535E-03
 1.13618083E+00  1.08805599E-02
 1.14689135E+00  8.92257791E-03
 1.16005713E+00  4.54311936E-03
 1.17053014E+00  6.22200899E-04
 1.17447435E+00 -1.21743672E-03
 1.17036202E+00 -1.07264742E-03
 1.16030745E+00  4.54869746E-04
 1.14992165E+00  1.63498388E-03
 1.14294003E+00  1.69142051E-03
 1.14068976E+00  1.33511191E-03
 1.14312301E+00  1.00409656E-03
 1.14760084E+00  1.41811327E-03
 1.15294044E+00  2.75054774E-03
 1.15946194E+00  3.94948199E-03
 1.16510699E+00  4.02252825E-03
 1.16744911E+00  2.06018651E-03
 1.16428025E+00 -2.10199286E-03
 1.15366739E+00 -6.89035017E-03
 1.13827735E+00 -8.96755556E-03
 1.12426399E+00 -4.23223169E-03
 1.11642215E+00  9.14711827E-03
 1.11851741E+00  2.88787101E-02
 1.13209207E+00  4.67571155E-02
 1.15429634E+00  5.07118308E-02
 1.18003889E+00  3.37514000E-02
 1.19926773E+00 -2.58803631E-03
 1.19114342E+00 -4.50376258E-02
 1.14110880E+00 -7.09843999E-02
 1.07564690E+00 -6.62988493E-02
 1.04150366E+00 -3.05051385E-02
 1.04928097E+00  2.08676612E-02
 1.08734011E+00  5.77268544E-02
 1.14360088E+00  6.24717283E-02
 1.18993217E+00  3.66799501E-02
 1.20788469E+00 -7.10228720E-04
 1.19962866E+00 -1.82946543E-02
 1.16517573E+00 -1.65511817E-02
 1.11409130E+00 -1.73796204E-02
 1.06899348E+00 -1.17438523E-02
 1.04911074E+00  1.13389825E-02
 1.06327785E+00  3.20651682E-02
 1.10614865E+00  3.34283364E-02
 1.15673492E+00  2.38744207E-02
 1.18866702E+00  1.58706910E-02
 1.19954347E+00  4.73124409E-03
 1.20235632E+00 -1.45153986E-02
 1.18627662E+00 -2.76241149E-02
 1.14177553E+00 -2.18120516E-02
 1.09882140E+00 -9.22009588E-03
 1.08938473E+00 -6.17596753E-03
 1.09956815E+00 -2.20167992E-03
 1.10160093E+00  1.75038309E-02
 1.10416316E+00  3.59214581E-02
 1.12289189E+00  3.13195375E-02
 1.14756008E+00  1.44673631E-02
 1.16792643E+00  3.69448796E-03
 1.18006607E+00 -2.77104952E-03
 1.17550154E+00 -8.38762061E-03
 1.15661851E+00 -9.71783793E-03
 1.13669868E+00 -8.67797946E-03
 1.12296941E+00 -7.15799516E-03
 1.11908375E+00 -2.96615092E-03
 1.12463338E+00  2.98491222E-03
 1.13183301E+00  8.35141017E-03
 1.13818525E+00  1.11334231E-02
 1.14573176E+00  8.80962468E-03
 1.15275467E+00  2.72702774E-03
 1.15847571E+00 -2.72727112E-03
 1.16095114E+00 -5.22936679E-03
 1.15608818E+00 -3.81343485E-03
 1.14634933E+00  4.89925190E-04
 1.13809925E+00  3.91222635E-03
 1.13497769E+00  4.85631467E-03
 1.13919499E+00  3.93585471E-03
 1.14827955E+00  1.78719131E-03
 1.15483093E+00  3.46725063E-04
 1.15537117E+00  4.34945798E-04
 1.15021683E+00  1.02150069E-03
 1.14149689E+00  1.78343943E-03
 1.13489809E+00  2.27583107E-03
 1.13335103E+00  2.20175660E-03
 1.13587073E+00  2.26636327E-03
 1.14148296E+00  2.68619298E-03
 1.14748843E+00  3.37614296E-03
 1.15214430E+00  4.42595688E-03
 1.15604656E+00  5.54688728E-03
 1.15850589E+00  6.50933057E-03
 1.15877464E+00  7.26473515E-03
 1.15641021E+00  7.61913788E-03
 1.15057041E+00  7.45541566E-03
 1.14280863E+00  6.76271472E-03
 1.13638484E+00  5.54045900E-03
 1.13356086E+00  3.87550025E-03
 1.13569680E+00  1.94752808E-03
 1.14177041E+00  3.74663585E-05
 1.14829332E+00 -1.48877346E-03
 1.15301014E+00 -2.26496672E-03
 1.15485868E+00 -2.00806822E-03
 1.15327299E+00 -6.66339882E-04
 1.14935393E+00  1.54884594E-03
 1.14393147E+00  4.27412212E-03
 1.13801410E+00  6.90247966E-03
 1.13579591E+00  8.47204349E-03
 1.14182021E+00  7.96447140E-03
 1.15632217E+00  4.79109131E-03
 1.17279101E+00 -7.66831663E-04
 1.17231315E+00 -6.82743100E-03
 1.14027556E+00 -1.04341419E-02
 1.10888640E+00 -9.56636520E-03
 1.12341949E+00 -3.82332695E-03
 1.15415296E+00  4.67325406E-03
 1.14686210E+00  1.16082518E-02
 1.12755842E+00  1.41558533E-02
 1.13945623E+00  1.16635548E-02
 1.15993633E+00  5.61079795E-03
 1.16103204E+00 -6.11934308E-05
 1.15343625E+00 -3.03186889E-03
 1.14508421E+00 -3.16826108E-03
 1.13204459E+00 -8.59974204E-04
 1.11966572E+00  1.98731075E-03
 1.11553195E+00  4.47940415E-03
 1.12080597E+00  7.20367829E-03
 1.13247329E+00  9.48622788E-03
 1.14439445E+00  1.05312065E-02
 1.15276948E+00  9.62287667E-03
 1.15679903E+00  5.76596032E-03
 1.15624091E+00  1.28047469E-04
 1.15316394E+00 -4.60291047E-03
 1.14832740E+00 -6.70806384E-03
 1.14079236E+00 -5.25506696E-03
 1.13274928E+00 -1.04488630E-03
 1.12740940E+00  3.21923354E-03
 1.12732164E+00  6.01386225E-03
 1.13453265E+00  6.99349833E-03
 1.14625663E+00  6.14091114E-03
 1.15601263E+00  4.56313262E-03
 1.15980712E+00  2.66465850E-03
 1.15618811E+00  3.76950001E-05
 1.14746781E+00 -2.60036973E-03
 1.14016220E+00 -4.30374868E-03
 1.13768053E+00 -4.26499959E-03
 1.13982192E+00 -1.67632381E-03
 1.14502433E+00  2.52111984E-03
 1.14888754E+00  6.10827166E-03
 1.14934031E+00  7.72313549E-03
 1.14772345E+00  6.79469979E-03
 1.14499216E+00  4.08955706E-03
 1.14315349E+00  1.85451920E-03
 1.14323546E+00  1.24331390E-03
 1.14393259E+00  2.18966053E-03
 1.14473525E+00  4.15395324E-03
 1.14519057E+00  5.60113855E-03
 1.14487841E+00  5.81455676E-03
 1.14451935E+00  5.25552376E-03
 1.14437114E+00  4.24995549E-03
 1.14433446E+00  3.49402978E-03
 1.14454353E+00  3.34607789E-03
 1.14476153E+00  3.35925284E-03
 1.14486233E+00  3.36384185E-03
 1.14496797E+00  3.21008772E-03
 1.14504605E+00  2.76110801E-03
 1.14511774E+00  2.27687419E-03
 1.14522119E+00  1.86242028E-03
 1.14529474E+00  1.50274218E-03
 1.14532716E+00  1.26067130E-03
 1.14532514E+00  1.06663427E-03
 1.14527563E+00  8.82854999E-04
 1.14519382E+00  7.50468709E-04
 1.14508937E+00  6.58284032E-04
 1.14496029E+00  6.15229363E-04
 1.14481506E+00  6.35988586E-04
 1.14465980E+00  7.02478753E-04
 1.14450030E+00  8.09929208E-04
 1.14434617E+00  9.55693457E-04
 1.14420016E+00  1.13214934E-03
 1.14406100E+00  1.34075456E-03
 1.14392926E+00  1.58009668E-03
 1.14380605E+00  1.84431321E-03
 1.14369743E+00  2.12511494E-03
 1.14361415E+00  2.40945937E-03
 1.14356254E+00  2.68744332E-03
 1.14354508E+00  2.95367662E-03
 1.14356229E+00  3.20575230E-03
 1.14361036E+00  3.44594814E-03
 1.14368685E+00  3.67523785E-03
 1.14379072E+00  3.89260186E-03
 1.14391672E+00  4.09897097E-03
 1.14405811E+00  4.29477149E-03
 1.14420776E+00  4.48103943E-03
 1.14435754E+00  4.65946435E-03
 1.14450311E+00  4.82707229E-03
 1.14464309E+00  4.97787205E-03
 1.14477407E+00  5.10685045E-03
 1.14489136E+00  5.20982123E-03
 1.14498826E+00  5.28661046E-03
 1.14505550E+00  5.34090258E-03
 1.14508658E+00  5.37345558E-03
 1.14507775E+00  5.38261816E-03
 1.14502579E+00  5.36597090E-03
 1.14492965E+00  5.31869680E-03
 1.14478854E+00  5.23795019E-03
 1.14460159E+00  5.12301788E-03
 1.14437123E+00  4.97101616E-03
 1.14410206E+00  4.77918811E-03
 1.14379974E+00  4.54616122E-03
 1.14347152E+00  4.27171740E-03
 1.14312442E+00  3.96065096E-03
 1.14276518E+00  3.62201435E-03
 1.14240245E+00  3.26452917E-03
 1.14204616E+00  2.89684914E-03
 1.14170697E+00  2.52667500E-03
 1.14139632E+00  2.15991108E-03
 1.14112408E+00  1.80506584E-03
 1.14089782E+00  1.47273169E-03
 1.14072309E+00  1.17274278E-03
 1.14060281E+00  9.15190596E-04
 1.14053852E+00  7.08241571E-04
 1.14053076E+00  5.57182575E-04
 1.14057843E+00  4.66898892E-04
 1.14067888E+00  4.39726076E-04
 1.14082629E+00  4.72429351E-04
 1.14101140E+00  5.55423686E-04
 1.14122260E+00  6.69672273E-04
 1.14144594E+00  7.88554500E-04
 1.14166691E+00  8.86214567E-04
 1.14187151E+00  9.40620136E-04
 1.14204626E+00  9.37849928E-04
 1.14218011E+00  8.75651133E-04
 1.14226617E+00  7.58221524E-04
 1.14230369E+00  6.00874110E-04
 1.14230159E+00  4.39466916E-04
 1.14227650E+00  3.22928977E-04
 1.14224559E+00  3.02011494E-04
 1.14222343E+00  4.20730491E-04
 1.14221654E+00  6.96215478E-04
 1.14222134E+00  1.11590394E-03
 1.14223188E+00  1.65612948E-03
 1.14223596E+00  2.27097974E-03
 1.14220721E+00  2.87759164E-03
 1.14211199E+00  3.37308326E-03
 1.14191576E+00  3.64867308E-03
 1.14159029E+00  3.61070637E-03
 1.14113261E+00  3.22961137E-03
 1.14056552E+00  2.54278512E-03
 1.13992118E+00  1.61807935E-03
 1.13924969E+00  5.78543546E-04
 1.13862796E+00 -3.72464272E-04
 1.13814657E+00 -9.91194516E-04
 1.13790248E+00 -1.03183562E-03
 1.13798201E+00 -3.02433099E-04
 1.13842177E+00  1.21969544E-03
 1.13920687E+00  3.37303584E-03
 1.14029600E+00  5.88638389E-03
 1.14160156E+00  8.31267946E-03
 1.14297200E+00  9.95748635E-03
 1.14421828E+00  1.00811811E-02
 1.14513743E+00  8.22751145E-03
 1.14555132E+00  4.52578442E-03
 1.14538795E+00  1.90198088E-04
 1.14469158E+00 -2.81960372E-03
 1.14357273E+00 -3.12815940E-03
 1.14225699E+00 -3.79061912E-04
 1.14113790E+00  4.18998038E-03
 1.14068319E+00  7.94067444E-03
 1.14129890E+00  9.21606780E-03
 1.14319202E+00  7.75557979E-03
 1.14611926E+00  4.60335880E-03
 1.14940426E+00  2.29838339E-03
 1.15226335E+00  2.21697124E-03
 1.15376294E+00  4.14064272E-03
 1.15277112E+00  7.27056394E-03
 1.14839525E+00  9.73649059E-03
 1.14044255E+00  1.05757017E-02
 1.13005221E+00  1.02812152E-02
 1.12080105E+00  9.38210569E-03
 1.11765966E+00  8.85428624E-03
 1.12382044E+00  8.98930131E-03
 1.13932416E+00  8.68581236E-03
 1.15904119E+00  6.47196238E-03
 1.17354619E+00  7.28306771E-04
 1.17587429E+00 -8.74431958E-03
 1.16297053E+00 -1.94717322E-02
 1.13640610E+00 -2.60010701E-02
 1.10413266E+00 -2.13986914E-02
 1.07496596E+00 -2.54663900E-03
 1.05974221E+00  2.70295561E-02
 1.07698968E+00  5.44841044E-02
 1.13465116E+00  6.10799944E-02
 1.19756113E+00  3.72023066E-02
 1.21445012E+00 -1.16200022E-02
 1.18530252E+00 -5.91237306E-02
 1.13938928E+00 -6.98519268E-02
 1.08697808E+00 -4.45550930E-02
 1.04579756E+00 -9.99669211E-03
 1.04061570E+00  2.42958558E-02
 1.07382167E+00  4.90658916E-02
 1.12879204E+00  5.12291278E-02
 1.17863604E+00  3.46251801E-02
 1.20438472E+00  9.07152500E-03
 1.19968220E+00 -1.54915277E-02
 1.16332372E+00 -3.14303082E-02
 1.10979103E+00 -3.75008735E-02
 1.06640855E+00 -3.01142239E-02
 1.05567677E+00 -8.49679227E-03
 1.07405255E+00  1.69186844E-02
 1.09969297E+00  3.32672281E-02
 1.12959118E+00  3.44015305E-02
 1.16600316E+00  2.10989441E-02
 1.19183297E+00  3.43536513E-03
 1.19417466E+00 -3.87746750E-03
 1.17614230E+00 -3.08921595E-03
 1.14679721E+00 -6.66237886E-03
 1.12262298E+00 -1.09125133E-02
 1.12061210E+00 -8.14451589E-03
 1.13190155E+00 -2.92000439E-04
 1.13326331E+00  1.08297256E-02
 1.12824642E+00  1.82613271E-02
 1.13100382E+00  1.23687051E-02
 1.13817164E+00  4.40593490E-03
 1.14728686E+00  1.18913003E-02
 1.15908704E+00  2.10714282E-02
 1.16682085E+00  1.04212415E-02
 1.16721663E+00 -5.94291744E-03
 1.16155316E+00 -6.63477610E-03
 1.14953384E+00 -1.71450353E-03
 1.13340171E+00 -5.19475904E-03
 1.11809857E+00 -8.92287708E-03
 1.10852033E+00 -4.92867374E-03
 1.10944379E+00  1.10199233E-03
 1.12291098E+00  4.61522098E-03
 1.14382826E+00  7.27541572E-03
 1.16230859E+00  9.27755917E-03
 1.17139136E+00  8.61119353E-03
 1.16818416E+00  4.92940956E-03
 1.15565775E+00 -6.12626609E-05
 1.14297268E+00 -4.16074045E-03
 1.13514705E+00 -5.61800327E-03
 1.13250335E+00 -3.48569492E-03
 1.13452004E+00  1.04825969E-03
 1.13723535E+00  4.99660280E-03
 1.13944721E+00  6.66702623E-03
 1.14358197E+00  5.80135625E-03
 1.14877944E+00  3.19871991E-03
 1.15358226E+00  1.19198478E-03
 1.15651299E+00  8.54990566E-04
 1.15478402E+00  1.67402011E-03
 1.14951445E+00  3.17472495E-03
 1.14470024E+00  4.19079837E-03
 1.14239264E+00  4.18977459E-03
 1.14372504E+00  3.85098886E-03
 1.14781723E+00  3.43459468E-03
 1.15110592E+00  3.24036791E-03
 1.15213090E+00  3.49486428E-03
 1.15139412E+00  3.78738024E-03
 1.14947919E+00  3.98669176E-03
 1.14827991E+00  4.14089238E-03
 1.14857783E+00  4.17378209E-03
 1.14941003E+00  4.22335716E-03
 1.15043457E+00  4.35380373E-03
 1.15112221E+00  4.48892896E-03
 1.15111968E+00  4.64266536E-03
 1.15104528E+00  4.79650153E-03
 1.15107291E+00  4.91819627E-03
 1.15114435E+00  5.03047450E-03
 1.15137299E+00  5.12910309E-03
 1.15153381E+00  5.20299199E-03
 1.15153531E+00  5.26122851E-03
 1.15149827E+00  5.30467126E-03
 1.15140627E+00  5.33537136E-03
 1.15129681E+00  5.36002936E-03
 1.15121485E+00  5.37739782E-03
 1.15111304E+00  5.38323960E-03
 1.15099298E+00  5.37704515E-03
 1.15087093E+00  5.35875563E-03
 1.15073675E+00  5.32768291E-03
 1.15060060E+00  5.28449887E-03
 1.15046596E+00  5.22828073E-03
 1.15032523E+00  5.15735206E-03
 1.15018846E+00  5.07470442E-03
 1.15007058E+00  4.98614647E-03
 1.14998110E+00  4.89716012E-03
 1.14993024E+00  4.81397886E-03
 1.14992158E+00  4.74162002E-03
 1.14995095E+00  4.68306095E-03
 1.15001860E+00  4.64247157E-03
 1.15012613E+00  4.62346381E-03
 1.15027005E+00  4.62576702E-03
 1.15044564E+00  4.64591972E-03
 1.15064364E+00  4.67634655E-03
 1.15084918E+00  4.70390063E-03
 1.15104844E+00  4.71073292E-03
 1.15122812E+00  4.67583012E-03
 1.15137458E+00  4.57830578E-03
 1.15147821E+00  4.40161700E-03
 1.15153499E+00  4.13893193E-03
 1.15154836E+00  3.79525863E-03
 1.15153288E+00  3.38497356E-03
 1.15151727E+00  2.93629064E-03
 1.15154797E+00  2.49746368E-03
 1.15168390E+00  2.12990111E-03
 1.15198147E+00  1.89634501E-03
 1.15248430E+00  1.85060214E-03
 1.15320824E+00  2.01777246E-03
 1.15413440E+00  2.38992968E-03
 1.15522106E+00  2.94202382E-03
 1.15639124E+00  3.61937447E-03
 1.15751255E+00  4.32070733E-03
 1.15841790E+00  4.91684891E-03
 1.15893699E+00  5.27194666E-03
 1.15892398E+00  5.26819512E-03
 1.15831494E+00  4.86003891E-03
 1.15713871E+00  4.07999650E-03
 1.15547124E+00  2.99652752E-03
 1.15347044E+00  1.74352364E-03
 1.15142150E+00  5.54194767E-04
 1.14968493E+00 -2.86845493E-04
 1.14864007E+00 -4.93329297E-04
 1.14861626E+00  1.56960714E-04
 1.14974254E+00  1.68483937E-03
 1.15193150E+00  3.89175524E-03
 1.15499318E+00  6.45336979E-03
 1.15855288E+00  8.84128049E-03
 1.16195795E+00  1.02360922E-02
 1.16440971E+00  9.78007723E-03
 1.16510251E+00  6.98796419E-03
 1.16340588E+00  2.12230799E-03
 1.15924351E+00 -3.18825526E-03
 1.15314349E+00 -6.40311859E-03
 1.14597905E+00 -5.78835413E-03
 1.13918527E+00 -1.01136715E-03
 1.13500131E+00  6.07298495E-03
 1.13578583E+00  1.17156465E-02
 1.14290993E+00  1.34511174E-02
 1.15574167E+00  1.06973142E-02
 1.16996477E+00  4.74738563E-03
 1.17878605E+00 -9.46136654E-04
 1.17754252E+00 -4.30832722E-03
 1.16526849E+00 -5.11797413E-03
 1.14677049E+00 -3.56315465E-03
 1.13187440E+00 -1.14167635E-03
 1.12698417E+00  1.44989646E-03
 1.13352200E+00  4.65466872E-03
 1.14803275E+00  7.58411876E-03
 1.16143552E+00  9.08626301E-03
 1.16839261E+00  8.22761428E-03
 1.16862351E+00  4.09814120E-03
 1.16310382E+00 -1.92885784E-03
 1.15632534E+00 -6.81342562E-03
 1.15045076E+00 -8.59036612E-03
 1.14420448E+00 -6.33154170E-03
 1.13911291E+00 -9.83198138E-04
 1.13689530E+00  4.43587732E-03
 1.13909483E+00  8.16644888E-03
 1.14790059E+00  9.78604011E-03
 1.16052945E+00  9.20010016E-03
 1.17073467E+00  7.53022193E-03
 1.17446551E+00  5.19608706E-03
 1.16948133E+00  1.80901872E-03
 1.15764236E+00 -1.61383824E-03
 1.14530232E+00 -3.68808273E-03
 1.13625962E+00 -3.30332531E-03
 1.13184016E+00  4.45246498E-04
 1.13287219E+00  6.20858447E-03
 1.13762120E+00  1.09545479E-02
 1.14546923E+00  1.27785454E-02
 1.15675998E+00  1.09330635E-02
 1.16780208E+00  6.47419256E-03
 1.17350621E+00  2.46433834E-03
 1.17029491E+00  6.16188936E-04
 1.15665334E+00  1.11225083E-03
 1.13820628E+00  3.65330503E-03
 1.12587984E+00  6.63649541E-03
 1.12632396E+00  9.23192832E-03
 1.14070034E+00  1.16419909E-02
 1.16251679E+00  1.30317783E-02
 1.17780748E+00  1.25516455E-02
 1.17851524E+00  9.66046058E-03
 1.16460062E+00  4.04597864E-03
 1.14208442E+00 -2.26858899E-03
 1.12451900E+00 -5.75359990E-03
 1.11981913E+00 -4.29121599E-03
 1.12743345E+00  2.46191471E-03
 1.14368384E+00  1.17121453E-02
 1.15920031E+00  1.79021200E-02
 1.16838967E+00  1.76739592E-02
 1.17218126E+00  1.07103188E-02
 1.17077550E+00 -1.86215819E-04
 1.16658699E+00 -8.84128353E-03
 1.16079276E+00 -1.15227996E-02
 1.15147687E+00 -8.05331961E-03
 1.14109250E+00 -2.99183649E-04
 1.13400440E+00  6.91602160E-03
 1.13328200E+00  1.07815351E-02
 1.14152299E+00  1.15925479E-02
 1.15546718E+00  9.81288898E-03
 1.16704984E+00  7.40328634E-03
 1.17142980E+00  5.29662494E-03
 1.16694252E+00  2.52112707E-03
 1.15635419E+00 -3.15591870E-04
 1.14757875E+00 -2.23895134E-03
 1.14475030E+00 -2.44659494E-03
 1.14756220E+00  2.93018681E-04
 1.15411893E+00  4.96496542E-03
 1.15910891E+00  8.88120978E-03
 1.16000869E+00  1.04581021E-02
 1.15843293E+00  8.92143285E-03
 1.15551737E+00  5.17312985E-03
 1.15365089E+00  2.00309687E-03
 1.15405866E+00  8.22699852E-04
 1.15515893E+00  1.59333141E-03
 1.15634239E+00  3.68876292E-03
 1.15708610E+00  5.22399656E-03
 1.15690242E+00  5.33100035E-03
 1.15667252E+00  4.57403432E-03
 1.15671228E+00  3.34821843E-03
 1.15689332E+00  2.51456643E-03
 1.15736823E+00  2.51090299E-03
 1.15783818E+00  2.78549581E-03
 1.15811872E+00  3.12658215E-03
 1.15831574E+00  3.34002542E-03
 1.15834933E+00  3.24622277E-03
 1.15821177E+00  3.14909787E-03
 1.15794861E+00  3.15436459E-03
 1.15751802E+00  3.21676029E-03
 1.15694868E+00  3.38841968E-03
 1.15631118E+00  3.56262780E-03
 1.15568292E+00  3.67925173E-03
 1.15518908E+00  3.78264198E-03
 1.15495506E+00  3.85193485E-03
 1.15507818E+00  3.89009733E-03
 1.15560562E+00  3.90880618E-03
 1.15651659E+00  3.88001297E-03
 1.15775272E+00  3.80059429E-03
 1.15919772E+00  3.67976835E-03
 1.16064340E+00  3.52488715E-03
 1.16182697E+00  3.36006706E-03
 1.16247324E+00  3.20690526E-03
 1.16234450E+00  3.07896607E-03
 1.16134857E+00  2.98657652E-03
 1.15955132E+00  2.92936114E-03
 1.15709539E+00  2.90149527E-03
 1.15425991E+00  2.88974392E-03
 1.15152881E+00  2.86263439E-03
 1.14949511E+00  2.77783291E-03
 1.14875816E+00  2.59324695E-03
 1.14979097E+00  2.27428023E-03
 1.15266477E+00  1.81280979E-03
 1.15701212E+00  1.22967101E-03
 1.16221658E+00  5.56759043E-04
 1.16725508E+00 -1.52961162E-04
 1.17052054E+00 -8.12462283E-04
 1.17030776E+00 -1.31671948E-03
 1.16559279E+00 -1.55561197E-03
 1.15675220E+00 -1.43386044E-03
 1.14676161E+00 -9.16884136E-04
 1.14035938E+00 -3.43795113E-05
 1.14082252E+00  1.15140313E-03
 1.14889403E+00  2.52149182E-03
 1.16135891E+00  3.87585781E-03
 1.17153833E+00  4.97092048E-03
 1.17512232E+00  5.55882099E-03
 1.17121295E+00  5.44089573E-03
 1.16217103E+00  4.57639609E-03
 1.15412235E+00  3.09764757E-03
 1.15049967E+00  1.23779951E-03
 1.15108116E+00 -6.05968717E-04
 1.15457574E+00 -1.80170503E-03
 1.15728372E+00 -1.67101119E-03
 1.15757387E+00  2.07313110E-04
 1.15700282E+00  3.71747603E-03
 1.15651278E+00  7.73960785E-03
 1.15766616E+00  1.04632405E-02
 1.16097126E+00  1.06191325E-02
 1.16447035E+00  7.87663863E-03
 1.16655558E+00  3.37039912E-03
 1.16567632E+00 -4.59291424E-04
 1.16090147E+00 -2.03013958E-03
 1.15350902E+00 -9.73493724E-04
 1.14636574E+00  1.99108114E-03
 1.14325601E+00  4.80008275E-03
 1.14673159E+00  6.27372494E-03
 1.15650046E+00  6.39362533E-03
 1.16850742E+00  5.21000473E-03
 1.17586690E+00  3.48457236E-03
 1.17422303E+00  1.60220302E-03
 1.16340694E+00 -6.23841118E-04
 1.14815189E+00 -2.30059965E-03
 1.13766499E+00 -2.26502333E-03
 1.13737615E+00 -1.37397519E-05
 1.14701901E+00  4.18583038E-03
 1.16149714E+00  7.66512075E-03
 1.17056644E+00  6.47116560E-03
 1.16851219E+00 -5.51951915E-04
 1.15661049E+00 -1.05053490E-02
 1.14058100E+00 -1.44857720E-02
 1.13132279E+00 -3.81210334E-03
 1.13496085E+00  1.12829732E-02
 1.14968534E+00  1.22703575E-02
 1.16907967E+00  3.15058263E-03
 1.18137587E+00 -2.44682259E-03
 1.17953822E+00 -3.36232296E-03
 1.16493881E+00  4.04045802E-04
 1.14395586E+00  5.84146420E-03
 1.12872898E+00  3.16591059E-03
 1.12678594E+00 -3.43244809E-03
 1.13735716E+00 -2.43256457E-03
 1.15516665E+00  1.40800173E-03
 1.16930683E+00 -2.61085866E-04
 1.17318279E+00 -4.14096516E-03
 1.16777628E+00 -6.40280608E-03
 1.15676128E+00 -7.00561911E-03
 1.14816403E+00 -3.69634079E-03
 1.14652282E+00  4.96246957E-03
 1.15010505E+00  1.55966641E-02
 1.15664702E+00  1.94823833E-02
 1.16154894E+00  9.38423399E-03
 1.16230855E+00 -3.53834489E-03
 1.16092141E+00 -1.84892021E-03
 1.15864243E+00  4.49505754E-03
 1.15730212E+00 -2.76979411E-03
 1.15803161E+00 -1.19565188E-02
 1.15932704E+00 -6.12537235E-03
 1.16054063E+00  5.31113616E-03
 1.16134072E+00  9.57011541E-03
 1.16128903E+00  9.37428787E-03
 1.16112387E+00  7.53627870E-03
 1.16115376E+00  2.68505317E-03
 1.16124156E+00 -2.20966265E-03
 1.16152449E+00 -4.02660929E-03
 1.16178427E+00 -3.00953047E-03
 1.16188423E+00 -3.58470244E-04
 1.16195193E+00  1.64014378E-03
 1.16195908E+00  1.90137549E-03
 1.16192418E+00  1.20577306E-03
 1.16189789E+00  1.22798879E-04
 1.16183627E+00 -2.60399793E-04
 1.16173956E+00  5.94871489E-04
 1.16162391E+00  1.89469474E-03
 1.16148199E+00  3.24247852E-03
 1.16132881E+00  4.26271981E-03
 1.16117726E+00  4.59031473E-03
 1.16103096E+00  4.51362727E-03
 1.16089905E+00  4.12850993E-03
 1.16078721E+00  3.39919629E-03
 1.16070003E+00  2.46006144E-03
 1.16064436E+00  1.30515843E-03
 1.16062557E+00  8.72969094E-05
 1.16064861E+00 -8.46615612E-04
 1.16071680E+00 -1.23315204E-03
 1.16083133E+00 -8.36884591E-04
 1.16099368E+00  4.07243968E-04
 1.16120433E+00  2.30865298E-03
 1.16146102E+00  4.59087807E-03
 1.16175868E+00  6.80065147E-03
 1.16208771E+00  8.20047287E-03
 1.16243437E+00  8.01497200E-03
 1.16278449E+00  5.76624867E-03
 1.16312379E+00  1.59342840E-03
 1.16343825E+00 -3.19274135E-03
 1.16371564E+00 -6.48388558E-03
 1.16394398E+00 -6.81081630E-03
 1.16411290E+00 -3.80722259E-03
 1.16421734E+00  1.16745787E-03
 1.16425624E+00  5.23541912E-03
 1.16423069E+00  6.56894767E-03
 1.16414351E+00  4.83628653E-03
 1.16399584E+00  1.10188502E-03
 1.16378789E+00 -1.95125307E-03
 1.16352497E+00 -2.85018911E-03
 1.16321679E+00 -1.77222787E-03
 1.16287633E+00  5.81945498E-04
 1.16252102E+00  2.42243822E-03
 1.16216817E+00  2.87122294E-03
 1.16183471E+00  2.49321316E-03
 1.16154101E+00  1.69213105E-03
 1.16130760E+00  1.26654214E-03
 1.16115248E+00  1.62575919E-03
 1.16108993E+00  2.21094402E-03
 1.16112528E+00  2.78641808E-03
 1.16125569E+00  3.15233966E-03
 1.16147713E+00  3.11991739E-03
 1.16178464E+00  2.97441657E-03
 1.16217384E+00  2.82180910E-03
 1.16264183E+00  2.62795435E-03
 1.16317926E+00  2.46450712E-03
 1.16377110E+00  2.26193567E-03
 1.16440165E+00  2.00762967E-03
 1.16505201E+00  1.79976031E-03
 1.16570260E+00  1.67462206E-03
 1.16633366E+00  1.68426987E-03
 1.16691881E+00  1.86896804E-03
 1.16742866E+00  2.20435122E-03
 1.16783810E+00  2.66820889E-03
 1.16812700E+00  3.21685317E-03
 1.16828490E+00  3.75683918E-03
 1.16831157E+00  4.17884012E-03
 1.16820768E+00  4.36824649E-03
 1.16797511E+00  4.22406246E-03
 1.16761898E+00  3.70867501E-03
 1.16714575E+00  2.85089239E-03
 1.16657086E+00  1.71225606E-03
 1.16591891E+00  4.13927009E-04
 1.16521722E+00 -8.32808900E-04
 1.16449751E+00 -1.76755794E-03
 1.16379279E+00 -2.12746043E-03
 1.16313430E+00 -1.70356800E-03
 1.16255474E+00 -4.58168614E-04
 1.16208346E+00  1.45884539E-03
 1.16173889E+00  3.79340767E-03
 1.16152500E+00  6.11992932E-03
 1.16142337E+00  7.76381157E-03
 1.16139668E+00  7.99715840E-03
 1.16140705E+00  6.34525140E-03
 1.16142263E+00  2.87374186E-03
 1.16142742E+00 -1.32384359E-03
 1.16142681E+00 -4.43883624E-03
 1.16143033E+00 -5.19135265E-03
 1.16145986E+00 -3.21709975E-03
 1.16156861E+00  4.14629333E-04
 1.16182612E+00  3.36128266E-03
 1.16230398E+00  4.18678881E-03
 1.16306126E+00  2.71935387E-03
 1.16410366E+00 -8.52539509E-05
 1.16538305E+00 -1.95941604E-03
 1.16683470E+00 -1.70788281E-03
 1.16835956E+00  3.86385648E-04
 1.16980596E+00  3.49397415E-03
 1.17099747E+00  5.80140944E-03
 1.17174529E+00  6.27756472E-03
 1.17188337E+00  5.19381553E-03
 1.17135071E+00  2.88446140E-03
 1.17019405E+00  2.41782099E-04
 1.16851664E+00 -2.04927127E-03
 1.16651929E+00 -3.92979784E-03
 1.16453461E+00 -4.77297695E-03
 1.16296364E+00 -3.88812754E-03
 1.16220946E+00 -9.64041963E-04
 1.16258230E+00  3.94513310E-03
 1.16411391E+00  9.23231381E-03
 1.16652853E+00  1.22420893E-02
 1.16935853E+00  1.12519349E-02
 1.17183282E+00  5.88314633E-03
 1.17275187E+00 -1.90797112E-03
 1.17087663E+00 -8.09883313E-03
 1.16559503E+00 -1.00514572E-02
 1.15750698E+00 -7.08284309E-03
 1.14936267E+00 -5.12128392E-04
 1.14530943E+00  5.99610233E-03
 1.14810307E+00  1.01751136E-02
 1.15808384E+00  1.16114526E-02
 1.17184334E+00  1.02055075E-02
 1.18277208E+00  7.21698583E-03
 1.18637561E+00  3.23301533E-03
 1.18136035E+00 -2.04012388E-03
 1.16980533E+00 -6.97967252E-03
 1.15766064E+00 -9.34757992E-03
 1.14878842E+00 -7.48749455E-03
 1.14428796E+00 -3.83119148E-04
 1.14500751E+00  9.65749340E-03
 1.14971147E+00  1.77851774E-02
 1.15799090E+00  2.07974074E-02
 1.17030540E+00  1.73802633E-02
 1.18305138E+00  9.03637957E-03
 1.19091941E+00  4.17431471E-04
 1.19000579E+00 -5.64467266E-03
 1.17826058E+00 -8.37930755E-03
 1.16022960E+00 -7.38886071E-03
 1.14568320E+00 -4.06072949E-03
 1.14090919E+00  1.10941251E-03
 1.14802368E+00  8.59546563E-03
 1.16370197E+00  1.62308212E-02
 1.17848810E+00  2.09342952E-02
 1.18692266E+00  2.03602655E-02
 1.18836179E+00  1.30127611E-02
 1.18345940E+00  1.66092686E-03
 1.17667513E+00 -7.63373349E-03
 1.17006733E+00 -1.10014137E-02
 1.16244245E+00 -7.03914216E-03
 1.15590394E+00  2.19657625E-03
 1.15294155E+00  1.07744121E-02
 1.15566254E+00  1.53457116E-02
 1.16642412E+00  1.55950509E-02
 1.18180165E+00  1.20973948E-02
 1.19426340E+00  7.86475428E-03
 1.19890056E+00  4.27946522E-03
 1.19320604E+00  5.00991461E-04
 1.17943991E+00 -2.53474123E-03
 1.16510016E+00 -3.86087201E-03
 1.15461796E+00 -2.54982493E-03
 1.14929569E+00  2.83081085E-03
 1.14974975E+00  1.05988670E-02
 1.15361570E+00  1.69412959E-02
 1.16016848E+00  1.93978096E-02
 1.17040937E+00  1.65645131E-02
 1.18139045E+00  9.56177932E-03
 1.18890435E+00  2.26355874E-03
 1.18958604E+00 -3.07944437E-03
 1.18088600E+00 -5.77696540E-03
 1.16628944E+00 -5.51110876E-03
 1.15392215E+00 -3.53812152E-03
 1.14887758E+00 -2.37988120E-04
 1.15311580E+00  4.90748253E-03
 1.16413063E+00  1.04066929E-02
 1.17424599E+00  1.41812082E-02
 1.17932708E+00  1.46507001E-02
 1.17922589E+00  1.07544877E-02
 1.17459949E+00  4.68636968E-03
 1.16914789E+00  9.84901850E-04
 1.16463422E+00  2.16456956E-03
 1.16013572E+00  8.37783135E-03
 1.15752464E+00  1.63381222E-02
 1.15883180E+00  1.95389928E-02
 1.16487230E+00  1.46132921E-02
 1.17545628E+00  2.47294131E-03
 1.18412004E+00 -1.22055532E-02
 1.18120380E+00 -2.08358194E-02
 1.16388108E+00 -1.84141367E-02
 1.13882602E+00 -5.63331955E-03
 1.12767463E+00  1.23532778E-02
 1.15232024E+00  2.56216060E-02
 1.19004398E+00  2.79571710E-02
 1.19777782E+00  1.94376601E-02
 1.18267054E+00  4.47332926E-03
 1.17187106E+00 -7.47494033E-03
 1.16295213E+00 -1.07284054E-02
 1.15587121E+00 -5.84054561E-03
 1.16035155E+00  3.83544974E-03
 1.17146648E+00  1.08478180E-02
 1.17665183E+00  1.12015850E-02
 1.16801181E+00  6.65064053E-03
 1.15491279E+00  4.26999605E-05
 1.15422750E+00 -3.25024798E-03
 1.15559976E+00 -4.37884817E-04
 1.14256124E+00  6.28218982E-03
 1.13730018E+00  1.39658950E-02
 1.16435976E+00  1.80495912E-02
 1.19451064E+00  1.56732401E-02
 1.18931314E+00  8.10772363E-03
 1.17160170E+00 -1.82998291E-03
 1.17797383E+00 -9.51188204E-03
 1.18733084E+00 -1.15911824E-02
 1.17042664E+00 -7.94669187E-03
 1.14603080E+00 -1.58810989E-04
 1.13749603E+00  8.14348949E-03
 1.14050617E+00  1.43829198E-02
 1.15046845E+00  1.80903936E-02
 1.16766437E+00  1.88343889E-02
 1.18313954E+00  1.71969669E-02
 1.18844076E+00  1.33084890E-02
 1.18246936E+00  6.58302553E-03
 1.16951627E+00 -1.15205301E-03
 1.15889363E+00 -6.92313237E-03
 1.15570599E+00 -8.46408046E-03
 1.15937533E+00 -4.29502922E-03
 1.16742795E+00  3.53050720E-03
 1.17353691E+00  1.00983044E-02
 1.17460258E+00  1.24525020E-02
 1.17261821E+00  9.79451663E-03
 1.16902898E+00  4.01242848E-03
 1.16669197E+00  3.83990296E-05
 1.16709430E+00  3.09160393E-04
 1.16831619E+00  4.19066713E-03
 1.16958726E+00  9.76155813E-03
 1.17026393E+00  1.28788401E-02
 1.16974337E+00  1.14656588E-02
 1.16908582E+00  6.69325640E-03
 1.16868564E+00  4.88710556E-04
 1.16840824E+00 -3.69387741E-03
 1.16846467E+00 -3.73246787E-03
 1.16852710E+00 -3.28046445E-04
 1.16841928E+00  4.87561676E-03
 1.16832385E+00  8.91238222E-03
 1.16819875E+00  9.79556477E-03
 1.16808088E+00  7.79058799E-03
 1.16804118E+00  4.07696648E-03
 1.16801086E+00  1.02701100E-03
 1.16798450E+00  9.69782647E-05
 1.16797257E+00  9.52660380E-04
 1.16794731E+00  2.86075180E-03
 1.16791066E+00  4.28562986E-03
 1.16786010E+00  4.40425128E-03
 1.16778200E+00  3.75286828E-03
 1.16767732E+00  2.74637935E-03
 1.16754999E+00  2.09190387E-03
 1.16740837E+00  2.17580844E-03
 1.16727375E+00  2.51207852E-03
 1.16717970E+00  2.89125568E-03
 1.16716865E+00  3.15131705E-03
 1.16728189E+00  3.13792905E-03
 1.16755158E+00  3.11928703E-03
 1.16799002E+00  3.19517432E-03
 1.16858513E+00  3.32601139E-03
 1.16930988E+00  3.55955946E-03
 1.17011357E+00  3.80523377E-03
 1.17090738E+00  4.01170821E-03
 1.17157875E+00  4.22084093E-03
 1.17201199E+00  4.41590025E-03
 1.17210672E+00  4.59995687E-03
 1.17181789E+00  4.78467584E-03
 1.17116234E+00  4.94549177E-03
 1.17018686E+00  5.07584150E-03
 1.16899156E+00  5.17533942E-03
 1.16775964E+00  5.23539366E-03
 1.16672291E+00  5.25703532E-03
 1.16612642E+00  5.24077204E-03
 1.16618295E+00  5.18422836E-03
 1.16697266E+00  5.08891220E-03
 1.16843343E+00  4.95665821E-03
 1.17043650E+00  4.79063209E-03
 1.17273242E+00  4.59706403E-03
 1.17489133E+00  4.38345895E-03
 1.17638885E+00  4.15877154E-03
 1.17669451E+00  3.93271653E-03
 1.17539084E+00  3.71480815E-03
 1.17242143E+00  3.51446935E-03
 1.16812265E+00  3.34003017E-03
 1.16305456E+00  3.19777868E-03
 1.15814196E+00  3.09091474E-03
 1.15483036E+00  3.01751460E-03
