# x =
 4.89157020E+01
# y =
 3.25097170E+00
 VARIABLES = u,v
 1.14798967E+00 -2.82567415E-02
 1.13518404E+00 -2.56102743E-02
 1.08173960E+00 -3.25606852E-02
 1.02336419E+00 -4.32976530E-02
 1.00817654E+00 -4.48702133E-02
 1.01945179E+00 -3.10813349E-02
 1.01300100E+00 -5.03161283E-03
 1.01866353E+00  2.60652826E-02
 1.07720145E+00  4.88737027E-02
 1.14538605E+00  5.52957920E-02
 1.17057578E+00  4.64158629E-02
 1.17282397E+00  2.67941621E-02
 1.18376666E+00  6.46799623E-03
 1.18612986E+00 -7.34300097E-03
 1.16222860E+00 -1.37652833E-02
 1.12834729E+00 -1.27135248E-02
 1.10099140E+00 -7.19757345E-03
 1.08795429E+00  1.02514213E-03
 1.09938562E+00  1.28956307E-02
 1.13044448E+00  2.49561916E-02
 1.16129679E+00  3.22022196E-02
 1.18094740E+00  3.06306812E-02
 1.18552728E+00  1.72711758E-02
 1.17690805E+00 -2.68693667E-03
 1.16730329E+00 -1.79914740E-02
 1.16138041E+00 -2.15696698E-02
 1.15621849E+00 -1.10169820E-02
 1.15375100E+00  8.54560238E-03
 1.15403529E+00  2.41862580E-02
 1.15813232E+00  2.86263169E-02
 1.16964112E+00  2.13070671E-02
 1.18154414E+00  5.20152664E-03
 1.18097302E+00 -1.05480948E-02
 1.16085358E+00 -2.08017962E-02
 1.11948287E+00 -2.60333656E-02
 1.06776125E+00 -2.51426256E-02
 1.02796424E+00 -1.90052219E-02
 1.01410699E+00 -7.78602713E-03
 1.02992195E+00  1.02769107E-02
 1.06884222E+00  3.09117702E-02
 1.11175011E+00  4.66381464E-02
 1.14683969E+00  5.21261103E-02
 1.17233283E+00  4.38895458E-02
 1.18888097E+00  2.57375277E-02
 1.20400160E+00  7.93415185E-03
 1.21891431E+00 -3.25220727E-03
 1.22589713E+00 -5.77351219E-03
 1.22061683E+00 -1.96215705E-03
 1.19860470E+00  1.91492872E-04
 1.15989347E+00 -2.47101487E-03
 1.11371103E+00 -7.31662172E-03
 1.07046955E+00 -1.04878299E-02
 1.04174924E+00 -5.04329344E-03
 1.03740675E+00  1.16403781E-02
 1.05917745E+00  3.51870912E-02
 1.09955551E+00  5.88439317E-02
 1.14376537E+00  7.28139707E-02
 1.17908549E+00  7.03570351E-02
 1.19865027E+00  5.18215287E-02
 1.20318077E+00  2.32074469E-02
 1.20127482E+00 -4.14079798E-03
 1.19586295E+00 -2.18641601E-02
 1.18377703E+00 -2.79111786E-02
 1.16248225E+00 -2.55474374E-02
 1.12730947E+00 -2.34185529E-02
 1.08066043E+00 -2.46258612E-02
 1.03445414E+00 -2.41756188E-02
 1.00129125E+00 -1.25561852E-02
 9.94868741E-01  2.25200413E-02
 1.02329595E+00  7.96793792E-02
 1.08139668E+00  1.36214489E-01
 1.14977383E+00  1.47081569E-01
 1.19953140E+00  7.63260884E-02
 1.21125555E+00 -1.71908689E-02
 1.18529968E+00 -3.97283958E-02
 1.15063717E+00 -3.61726438E-02
 1.14428409E+00 -9.38749613E-02
 1.13955256E+00 -1.46430109E-01
 1.08655201E+00 -1.03342159E-01
 1.03031999E+00 -1.74055327E-02
 1.04073179E+00  3.54397721E-02
 1.08888328E+00  6.04702193E-02
 1.12357908E+00  6.59327698E-02
 1.15537124E+00  4.34723217E-02
 1.19129134E+00  1.29961299E-02
 1.19987655E+00 -7.70002195E-03
 1.16793050E+00 -1.95455005E-02
 1.13228559E+00 -2.35491184E-02
 1.13079930E+00 -2.51839551E-02
 1.13044859E+00 -2.16637653E-02
 1.08221867E+00  9.63418767E-04
 1.03488372E+00  4.84051639E-02
 1.06047070E+00  1.12223636E-01
 1.12760959E+00  1.47537446E-01
 1.17602684E+00  1.03101121E-01
 1.20090266E+00  1.89611245E-02
 1.20259594E+00 -2.28367756E-02
 1.18815658E+00 -2.83819017E-02
 1.18735143E+00 -3.41865091E-02
 1.17822977E+00 -2.92580003E-02
 1.11545803E+00 -1.41765122E-02
 1.03569194E+00 -7.45109400E-03
 9.98910157E-01 -1.42713920E-03
 9.94070918E-01  3.47754988E-02
 9.98493616E-01  1.17338762E-01
 1.03195929E+00  1.78348751E-01
 1.10362466E+00  1.29246446E-01
 1.18340907E+00  3.14389383E-02
 1.23736610E+00  2.09966167E-03
 1.24769305E+00  1.08177646E-02
 1.21149509E+00 -1.06217567E-02
 1.16308411E+00 -3.25484137E-02
 1.14808825E+00 -3.12084432E-02
 1.12918453E+00 -3.13020567E-02
 1.04676898E+00 -3.09692555E-02
 9.78929307E-01  8.93939145E-03
 1.02747217E+00  1.04405189E-01
 1.10479970E+00  1.72049017E-01
 1.08354668E+00  1.10723660E-01
 1.03274269E+00 -7.11580861E-03
 1.05920476E+00 -4.43748550E-02
 1.09979034E+00 -3.51257720E-02
 1.07363463E+00 -5.78827983E-02
 1.02573418E+00 -7.30251733E-02
 1.00717194E+00 -4.76564039E-02
 1.00617515E+00 -1.50725590E-02
 1.01868974E+00  8.33151245E-03
 1.05241523E+00  2.68727257E-02
 1.09352459E+00  3.36168645E-02
 1.12955793E+00  1.62149945E-02
 1.15767224E+00 -2.54703657E-02
 1.17191743E+00 -6.07696607E-02
 1.16888077E+00 -5.39037155E-02
 1.14487643E+00 -2.25733612E-02
 1.09733480E+00 -7.46461987E-03
 1.04038881E+00 -6.51022886E-04
 9.97903596E-01  2.21883826E-02
 9.87380873E-01  6.50335934E-02
 1.01822075E+00  1.30239237E-01
 1.08039351E+00  1.88419171E-01
 1.14564215E+00  1.87429132E-01
 1.19518872E+00  1.33756877E-01
 1.22064509E+00  6.87711242E-02
 1.22062527E+00  7.77805123E-03
 1.20700898E+00 -3.43752378E-02
 1.18401316E+00 -5.08549910E-02
 1.14866917E+00 -5.79797957E-02
 1.10962795E+00 -4.74856448E-02
 1.07743794E+00 -4.47920964E-03
 1.06305351E+00  3.76287614E-02
 1.07801341E+00  4.03384599E-02
 1.11389631E+00  2.15364800E-02
 1.14815800E+00  1.57583358E-02
 1.16689200E+00  1.78702549E-02
 1.16338321E+00  1.48758316E-02
 1.14438165E+00  1.28495007E-02
 1.13172127E+00  1.15093958E-02
 1.13458986E+00  9.44067496E-03
 1.14906284E+00  1.36487654E-02
 1.16743539E+00  2.05518734E-02
 1.17251559E+00  1.96863430E-02
 1.15613664E+00  6.20146837E-03
 1.12378491E+00 -2.19253386E-02
 1.08133614E+00 -5.68272179E-02
 1.04001153E+00 -8.11249821E-02
 1.00890322E+00 -8.53870823E-02
 9.89435958E-01 -6.87511149E-02
 9.85068484E-01 -3.79880460E-02
 9.97751943E-01 -9.66376520E-03
 1.02725656E+00  6.15790987E-03
 1.07272311E+00  8.97703263E-03
 1.12380400E+00  2.56417378E-03
 1.16425772E+00 -2.11816257E-03
 1.18242587E+00  6.24782528E-04
 1.17363875E+00  8.04106789E-03
 1.14926372E+00  1.70051609E-02
 1.13357386E+00  2.10092476E-02
 1.14061710E+00  1.69569551E-02
 1.17030874E+00  8.15215982E-03
 1.20488765E+00 -3.87569977E-03
 1.21057862E+00 -1.69345461E-02
 1.17209961E+00 -2.89017583E-02
 1.10023861E+00 -4.02552148E-02
 1.02907718E+00 -4.86002692E-02
 1.00163795E+00 -5.00871906E-02
 9.97742697E-01 -4.29763914E-02
 9.66742616E-01 -2.68640584E-02
 9.43039882E-01 -5.81032582E-03
 9.81128915E-01  1.22679780E-02
 1.04519387E+00  2.19573700E-02
 1.08557077E+00  2.12044839E-02
 1.11782904E+00  1.28741194E-02
 1.15994741E+00  4.93329655E-03
 1.18812467E+00  2.32927084E-03
 1.18461624E+00  5.97826272E-03
 1.16451446E+00  1.41825339E-02
 1.14706502E+00  2.11762506E-02
 1.14072743E+00  2.39829529E-02
 1.15213585E+00  2.31058392E-02
 1.17719135E+00  1.77204893E-02
 1.19800960E+00  8.26116676E-03
 1.20461187E+00 -5.03481503E-03
 1.19442838E+00 -2.25284626E-02
 1.16485061E+00 -3.92527696E-02
 1.12108974E+00 -4.74238325E-02
 1.06971710E+00 -4.21020694E-02
 1.02135133E+00 -2.16740025E-02
 1.00901257E+00  7.72499723E-03
 1.05996205E+00  3.32124305E-02
 1.13823940E+00  4.60168412E-02
 1.18116718E+00  4.26889507E-02
 1.18697622E+00  2.56524661E-02
 1.18066088E+00  4.66512107E-03
 1.15816831E+00 -1.41578725E-02
 1.12108562E+00 -2.90349554E-02
 1.07100072E+00 -3.72050181E-02
 1.00050419E+00 -3.86337375E-02
 9.49850604E-01 -3.17632633E-02
 9.72779036E-01 -1.36536175E-02
 1.04241960E+00  1.06006978E-02
 1.09905225E+00  3.16513283E-02
 1.13709377E+00  4.21678183E-02
 1.16342554E+00  3.68282295E-02
 1.16845189E+00  1.92214407E-02
 1.16072988E+00  9.25618079E-04
 1.14700088E+00 -1.12373793E-02
 1.12099565E+00 -1.47287546E-02
 1.09080552E+00 -1.01102572E-02
 1.07025922E+00 -3.75418996E-03
 1.07059669E+00  2.03198543E-03
 1.10181789E+00  8.93485428E-03
 1.15141243E+00  1.47822289E-02
 1.18985818E+00  1.76641379E-02
 1.19952733E+00  1.55017060E-02
 1.17411819E+00  5.42676034E-03
 1.12430410E+00 -8.05908904E-03
 1.08017353E+00 -1.58438182E-02
 1.05807946E+00 -1.27669158E-02
 1.05874663E+00  2.54728869E-03
 1.07805098E+00  2.39235258E-02
 1.09929651E+00  3.80370972E-02
 1.11412297E+00  3.73201657E-02
 1.12619647E+00  2.13276254E-02
 1.13241355E+00 -4.32964547E-03
 1.13112827E+00 -2.65635969E-02
 1.12026022E+00 -3.75261761E-02
 1.09412737E+00 -3.70687791E-02
 1.06072994E+00 -2.81369362E-02
 1.03651541E+00 -1.91428129E-02
 1.03167841E+00 -1.44909875E-02
 1.05122216E+00 -1.20482498E-02
 1.08582565E+00 -9.84466201E-03
 1.11299293E+00 -3.57238249E-03
 1.12089878E+00  8.90939199E-03
 1.11013584E+00  2.52935516E-02
 1.09297655E+00  4.53268613E-02
 1.09460645E+00  6.79548075E-02
 1.12639280E+00  8.89254546E-02
 1.17994920E+00  1.01044025E-01
 1.23295979E+00  8.79710674E-02
 1.24945462E+00  3.88377310E-02
 1.21167146E+00 -1.67750991E-02
 1.13235781E+00 -3.75461030E-02
 1.05223333E+00 -4.22961230E-02
 1.02012436E+00 -6.90504754E-02
 1.01211783E+00 -8.93679073E-02
 9.70663121E-01 -6.30669303E-02
 9.38770701E-01 -1.27624923E-02
 9.83538339E-01  2.81360129E-02
 1.06203889E+00  5.97688840E-02
 1.11206998E+00  8.13839685E-02
 1.15076617E+00  8.48624327E-02
 1.19833648E+00  7.45755611E-02
 1.22336459E+00  5.54427057E-02
 1.20287757E+00  2.79860585E-02
 1.15633220E+00 -2.25772979E-03
 1.11000972E+00 -2.83966907E-02
 1.07729722E+00 -4.24582121E-02
 1.06978362E+00 -3.70446660E-02
 1.08655744E+00 -1.71607191E-02
 1.10951353E+00  3.68286089E-03
 1.13004877E+00  1.63674421E-02
 1.14697924E+00  1.56391799E-02
 1.15395502E+00  4.37848761E-03
 1.14882027E+00 -5.33854801E-03
 1.12654452E+00 -8.42403987E-03
 1.08050144E+00 -6.05626924E-03
 1.02371652E+00  1.25482328E-03
 9.80345533E-01  8.98663660E-03
 9.67472077E-01  1.60327974E-02
 9.95226275E-01  2.58544406E-02
 1.05425773E+00  3.60314371E-02
 1.11639639E+00  4.22445980E-02
 1.16428825E+00  4.17569709E-02
 1.19103663E+00  3.15840461E-02
 1.19468390E+00  1.48533187E-02
 1.18561095E+00 -1.21546295E-04
 1.16701249E+00 -8.38521244E-03
 1.13507646E+00 -7.54251957E-03
 1.09853918E+00  1.72778348E-03
 1.06905724E+00  1.39486864E-02
 1.05759425E+00  2.57583280E-02
 1.07499817E+00  3.56871807E-02
 1.11280615E+00  3.99477153E-02
 1.14812668E+00  3.56014686E-02
 1.16637127E+00  2.02851055E-02
 1.15977757E+00 -6.95802057E-03
 1.13204811E+00 -3.89222534E-02
 1.10131237E+00 -6.31910319E-02
 1.07593471E+00 -7.07049971E-02
 1.05528202E+00 -5.70673050E-02
 1.04132209E+00 -2.74018770E-02
 1.03120118E+00  4.10822685E-03
 1.02695271E+00  2.81710372E-02
 1.03711615E+00  4.11398963E-02
 1.06046929E+00  4.29008961E-02
 1.09106030E+00  3.98155085E-02
 1.12346489E+00  3.38331001E-02
 1.14884183E+00  2.21935955E-02
 1.16244702E+00  6.52031164E-03
 1.16461714E+00 -1.13226377E-02
 1.15344025E+00 -2.77984771E-02
 1.12921183E+00 -3.64077368E-02
 1.09905094E+00 -3.65843724E-02
 1.07221785E+00 -3.08775084E-02
 1.05674257E+00 -1.71839111E-02
 1.05646252E+00  1.02309389E-02
 1.06256022E+00  6.43439837E-02
 1.05692689E+00  1.39347695E-01
 1.02795513E+00  1.46349202E-01
 9.72060642E-01 -3.37891413E-03
 8.95797021E-01 -1.95082364E-01
 8.17538374E-01 -2.41888498E-01
 7.49651948E-01 -1.97322479E-01
 6.97837025E-01 -2.01114168E-01
 6.69394638E-01 -2.22654666E-01
 6.65967041E-01 -2.15514537E-01
 6.87807053E-01 -2.00537764E-01
 7.31730100E-01 -1.54470991E-01
 7.73907479E-01 -5.25707419E-02
 7.92473891E-01  8.02532871E-02
 8.15538457E-01  1.92463631E-01
 8.82022611E-01  2.31247752E-01
 9.52627502E-01  2.25731017E-01
 9.65651726E-01  2.54899983E-01
 9.48062812E-01  3.18101922E-01
 9.50040674E-01  3.78111186E-01
 9.55135350E-01  4.15677640E-01
 9.42286512E-01  3.89724406E-01
 9.29322454E-01  2.85034095E-01
 9.20880961E-01  1.39311454E-01
 8.87092491E-01  4.28748143E-03
 7.97311312E-01 -7.47067565E-02
 6.45900825E-01 -1.37308276E-01
 4.54761545E-01 -2.60941751E-01
 2.91845468E-01 -3.71575172E-01
 2.43418820E-01 -3.47574937E-01
 3.10962096E-01 -2.42036720E-01
 4.33506257E-01 -1.56103242E-01
 5.79457806E-01 -8.25622093E-02
 7.20855562E-01 -1.06663583E-02
 8.50584527E-01  3.33600326E-02
 9.92330896E-01  5.32801212E-02
 1.09128129E+00  5.14526867E-02
 1.06746721E+00  1.08536813E-02
 9.65174909E-01 -6.66345324E-02
 8.65096370E-01 -1.58217718E-01
 7.53655215E-01 -2.05431123E-01
 6.11876036E-01 -1.54553483E-01
 5.02695030E-01 -8.47102223E-02
 4.85826170E-01 -1.18238194E-01
 5.50129019E-01 -1.84942319E-01
 6.64938198E-01 -1.48688504E-01
 8.13319399E-01 -5.36390656E-02
 9.62285504E-01  1.11694379E-02
 1.06555880E+00  4.67327416E-02
 1.10104864E+00  5.05082802E-02
 1.09510688E+00  4.84425999E-02
 1.09431303E+00  1.09928714E-01
 1.09530742E+00  1.92862110E-01
 1.07116807E+00  2.02847193E-01
 1.04084458E+00  1.73620647E-01
 1.02305523E+00  1.74023264E-01
 9.93309216E-01  1.89874694E-01
 9.42376934E-01  2.08427552E-01
 9.32307724E-01  2.49263247E-01
 1.01629999E+00  2.94435632E-01
 1.08969315E+00  2.68999032E-01
 1.01851444E+00  1.25885539E-01
 9.21218150E-01 -1.04322676E-02
 9.64547240E-01  1.83204577E-02
 9.64046078E-01  6.59359530E-02
 6.92512268E-01 -9.55048664E-02
 4.01396705E-01 -2.98525345E-01
 4.28555413E-01 -2.84216746E-01
 5.77602199E-01 -1.89081003E-01
 5.31593914E-01 -2.17538396E-01
 4.30987270E-01 -2.68598515E-01
 4.81475629E-01 -2.15092600E-01
 5.74547653E-01 -9.98389434E-02
 6.07823654E-01  3.10998141E-02
 6.38551574E-01  1.20063243E-01
 6.87706289E-01  7.55299257E-02
 7.29866905E-01 -1.21502585E-02
 7.76496715E-01  3.36791189E-02
 8.46359545E-01  1.41226008E-01
 9.35413231E-01  1.53394990E-01
 1.01255834E+00  1.17774490E-01
 1.03195181E+00  1.08659226E-01
 9.73714583E-01  9.00484694E-02
 8.51327824E-01  5.01929922E-02
 7.17670067E-01  5.69339938E-03
 6.48575817E-01 -5.16387979E-02
 6.51730601E-01 -9.76522189E-02
 6.92395355E-01 -8.46193219E-02
 7.97570873E-01 -6.35326683E-03
 9.79942775E-01  1.06884995E-01
 1.13435708E+00  1.83259679E-01
 1.15589111E+00  1.44974979E-01
 1.11035481E+00  5.19990161E-02
 1.12352821E+00  3.19626632E-02
 1.17171091E+00  5.65012386E-02
 1.18694430E+00  4.33040846E-02
 1.19147357E+00  2.50752815E-02
 1.19572307E+00  3.36316947E-02
 1.17915585E+00  3.96117056E-02
 1.15398256E+00  3.51187193E-02
 1.13660416E+00  3.23744581E-02
 1.13184294E+00  3.10140851E-02
 1.13943184E+00  2.29301477E-02
 1.14907135E+00  2.27457146E-03
 1.15358308E+00 -2.28977279E-02
 1.14870677E+00 -3.69763416E-02
 1.12790990E+00 -3.09621362E-02
 1.09278964E+00  2.35356420E-04
 1.05691569E+00  5.31622022E-02
 1.03903144E+00  1.12997359E-01
 1.05185089E+00  1.68471187E-01
 1.09625990E+00  2.10381813E-01
 1.15392505E+00  2.24226282E-01
 1.19142498E+00  1.99608237E-01
 1.18810325E+00  1.34448798E-01
 1.14144260E+00  4.16493838E-02
 1.06728002E+00 -3.11157078E-02
 1.00125520E+00 -3.41274991E-02
 9.65739192E-01  3.62165091E-03
 9.63591114E-01  1.73091277E-02
 9.87853377E-01  2.06444749E-02
 1.01578047E+00  5.06689290E-02
 1.03522211E+00  8.26755384E-02
 1.05004019E+00  9.14879550E-02
 1.06153348E+00  8.32969395E-02
 1.07625838E+00  6.19754333E-02
 1.09535727E+00  4.57699581E-02
 1.10984921E+00  6.32210200E-02
 1.12059938E+00  9.79687674E-02
 1.13228823E+00  1.10958101E-01
 1.14712945E+00  1.03984775E-01
 1.16897823E+00  9.25650928E-02
 1.19147333E+00  7.38222607E-02
 1.20003890E+00  5.26482962E-02
 1.18773619E+00  3.69343048E-02
 1.15404952E+00  2.41279696E-02
 1.10703302E+00  1.61512721E-02
 1.06488165E+00  1.75479677E-02
 1.03952778E+00  2.94826972E-02
 1.03479912E+00  5.22619827E-02
 1.05034330E+00  7.80427455E-02
 1.07760359E+00  9.25656896E-02
 1.11024154E+00  8.66246147E-02
 1.14518532E+00  5.73339596E-02
 1.17312516E+00  1.27899195E-02
 1.18433843E+00 -2.83185310E-02
 1.17092475E+00 -5.33300742E-02
 1.12862207E+00 -5.78344543E-02
 1.07043049E+00 -4.49264017E-02
 1.02140553E+00 -2.76253748E-02
 9.99672264E-01 -1.28976302E-02
 1.01396164E+00 -3.40289446E-04
 1.05520549E+00  8.99338700E-03
 1.09689249E+00  1.74836465E-02
 1.12370019E+00  2.41701864E-02
 1.13304008E+00  2.34612885E-02
 1.12908946E+00  1.74098588E-02
 1.12832291E+00  1.14715506E-02
 1.13697653E+00  9.31900962E-03
 1.14859119E+00  1.46879115E-02
 1.16077903E+00  2.39275861E-02
 1.16796165E+00  2.69977264E-02
 1.16781135E+00  1.88381681E-02
 1.16555552E+00 -1.62205508E-03
 1.15863937E+00 -3.17673300E-02
 1.14136636E+00 -6.25425246E-02
 1.11224005E+00 -8.63737529E-02
 1.07091277E+00 -9.66243400E-02
 1.02596002E+00 -8.10735551E-02
 9.93662100E-01 -3.68678907E-02
 9.84254835E-01  5.80132373E-03
 1.00138663E+00  1.14362943E-02
 1.04012551E+00  2.02567490E-03
 1.08553373E+00  2.06131699E-02
 1.12704992E+00  4.59693498E-02
 1.16006446E+00  4.00656965E-02
 1.18214177E+00  1.89047885E-02
 1.19647668E+00  4.25852571E-03
 1.20221830E+00 -1.04017911E-02
 1.19395355E+00 -2.56836792E-02
 1.17147146E+00 -3.25115383E-02
 1.13646871E+00 -2.93643413E-02
 1.09416327E+00 -1.73622665E-02
 1.05562566E+00  2.80815002E-03
 1.03029531E+00  2.62563451E-02
 1.02534933E+00  4.54117014E-02
 1.04568936E+00  5.30354195E-02
 1.08771706E+00  4.43989128E-02
 1.13548113E+00  2.26882843E-02
 1.16594428E+00 -2.52738992E-03
 1.16194609E+00 -2.43777436E-02
 1.11958636E+00 -3.85659459E-02
 1.05853958E+00 -4.32029964E-02
 1.01678159E+00 -4.10693213E-02
 1.01755003E+00 -3.24275633E-02
 1.06261071E+00 -1.63891026E-02
 1.12896254E+00  1.25852404E-03
 1.16912374E+00  1.25312653E-02
 1.15613051E+00  1.08596553E-02
 1.09183858E+00 -7.86168021E-03
 9.97526802E-01 -3.64449544E-02
 9.19297786E-01 -5.91984729E-02
 8.85447057E-01 -6.62522890E-02
 8.96164438E-01 -5.42758570E-02
 9.42577254E-01 -2.87999186E-02
 9.97735209E-01 -5.24827329E-03
 1.04543030E+00  8.05666666E-03
 1.08885256E+00  1.12155283E-02
 1.12537135E+00  7.01222151E-03
 1.15631924E+00  4.50024288E-03
 1.17901884E+00  7.38950628E-03
 1.18129292E+00  1.15654787E-02
 1.16656234E+00  1.44159802E-02
 1.14705255E+00  1.16301544E-02
 1.13119902E+00  1.52798449E-03
 1.12782069E+00 -1.14688579E-02
 1.13230793E+00 -2.37441690E-02
 1.12777642E+00 -3.14504534E-02
 1.10790064E+00 -3.14679820E-02
 1.07501007E+00 -2.48922159E-02
 1.03871794E+00 -1.49244288E-02
 1.01898648E+00 -6.29919633E-03
 1.02554896E+00 -2.95028132E-03
 1.05482454E+00 -5.70208261E-03
 1.09772158E+00 -1.22095714E-02
 1.13596856E+00 -1.74827283E-02
 1.15647286E+00 -1.87640649E-02
 1.15695476E+00 -1.67319170E-02
 1.13875773E+00 -1.43614798E-02
 1.11024023E+00 -1.71391636E-02
 1.07782054E+00 -2.73856700E-02
 1.04314911E+00 -4.27356407E-02
 1.01251588E+00 -5.82900439E-02
 9.92449212E-01 -6.63513914E-02
 9.89465001E-01 -6.22691421E-02
 1.00963380E+00 -4.70405668E-02
 1.04623323E+00 -2.60810454E-02
 1.08350900E+00 -9.07359519E-03
 1.10939822E+00 -2.51794650E-03
 1.11558892E+00 -6.84626648E-03
 1.10387269E+00 -1.72168268E-02
 1.08709159E+00 -2.34581208E-02
 1.07218545E+00 -1.96052690E-02
 1.06176806E+00 -6.40291830E-03
 1.06093284E+00  1.11711139E-02
 1.07078832E+00  2.29817346E-02
 1.09351474E+00  2.33993503E-02
 1.13029073E+00  1.38519880E-02
 1.16593777E+00 -1.55254810E-03
 1.17766550E+00 -1.44932220E-02
 1.15358320E+00 -2.00670399E-02
 1.09701214E+00 -1.96088363E-02
 1.04127935E+00 -1.59147273E-02
 1.02903049E+00 -1.43244801E-02
 1.04004970E+00 -1.68067099E-02
 1.02736347E+00 -1.88524015E-02
 1.01868121E+00 -1.29907872E-02
 1.05554233E+00  1.38940851E-03
 1.09676505E+00 -8.71231473E-03
 1.09258780E+00 -7.49460653E-02
 1.06751210E+00 -1.35702880E-01
 1.05845704E+00 -1.03920444E-01
 1.05500084E+00 -2.69018924E-02
 1.04490404E+00  1.05521583E-03
 1.04158111E+00  1.23164366E-03
 1.05264322E+00  1.94479211E-02
 1.07824781E+00  3.81263236E-02
 1.12077335E+00  4.85547827E-02
 1.16771575E+00  4.92725227E-02
 1.19498142E+00  2.01359047E-02
 1.18770577E+00 -2.01613011E-02
 1.14219838E+00 -3.21388716E-02
 1.07395612E+00 -2.71314875E-02
 1.01658896E+00 -3.14826242E-02
 9.91797833E-01 -3.32607478E-02
 1.00549507E+00 -1.88081900E-02
 1.04983224E+00  1.59026487E-03
 1.09896053E+00  1.95084338E-02
 1.13759270E+00  3.21004406E-02
 1.16447370E+00  3.26291249E-02
 1.17793604E+00  2.09104842E-02
 1.18399166E+00  4.25157154E-03
 1.18224963E+00 -1.34793867E-02
 1.16315671E+00 -2.98977247E-02
 1.12893042E+00 -4.29277112E-02
 1.08677443E+00 -5.34695655E-02
 1.04449100E+00 -5.92429158E-02
 1.01472446E+00 -5.57941269E-02
 1.00168532E+00 -4.32290824E-02
 1.00178253E+00 -2.35715421E-02
 1.01552374E+00  3.51136842E-04
 1.04217534E+00  2.34106333E-02
 1.07732772E+00  4.18750310E-02
 1.11705435E+00  5.36870461E-02
 1.15365420E+00  5.58073030E-02
 1.17778859E+00  4.68878883E-02
 1.18727166E+00  3.00574658E-02
 1.18449197E+00  1.08929640E-02
 1.17125309E+00 -5.04722296E-03
 1.15154042E+00 -1.33509093E-02
 1.13102720E+00 -1.42261502E-02
 1.11462768E+00 -1.19662858E-02
 1.10861200E+00 -8.55827378E-03
 1.11688342E+00 -4.44446079E-03
 1.13277598E+00 -4.79460803E-04
 1.14338133E+00  3.95468421E-03
 1.14014952E+00  7.43559817E-03
 1.12064001E+00  6.95117441E-03
 1.09430058E+00  3.32265537E-03
 1.08092240E+00 -8.70420907E-04
 1.09088280E+00 -3.74506283E-03
 1.12313517E+00 -3.25467228E-03
 1.16740535E+00 -9.84280449E-05
 1.20206704E+00  2.44444502E-03
 1.21376838E+00  3.24149982E-03
 1.20143986E+00  2.47034120E-03
 1.16880925E+00  3.58213466E-04
 1.12884992E+00 -1.52319743E-03
 1.09103335E+00 -2.69081683E-03
 1.05817295E+00 -3.89527824E-03
 1.03782784E+00 -4.50396392E-03
 1.03598095E+00 -3.49472130E-03
 1.05637100E+00  2.53478303E-04
 1.09966737E+00  8.68001875E-03
 1.14805774E+00  2.31941777E-02
 1.17377237E+00  4.41006924E-02
 1.16309135E+00  7.02798076E-02
 1.12293842E+00  9.76301820E-02
 1.09736188E+00  1.17606022E-01
 1.13367049E+00  1.19255968E-01
 1.17575223E+00  9.45302756E-02
 1.12386172E+00  4.11113073E-02
 1.00290810E+00 -3.36594744E-02
 8.94617488E-01 -1.12874828E-01
 8.28406204E-01 -1.78880406E-01
 8.30201150E-01 -2.13383365E-01
 8.79894381E-01 -1.95664197E-01
 9.05535588E-01 -1.24881330E-01
 9.32088411E-01 -5.46458818E-02
 1.02378907E+00 -4.77630346E-02
 1.12854981E+00 -6.66751777E-02
 1.17108493E+00 -3.43866126E-02
 1.15536547E+00  1.40374092E-02
 1.10189774E+00  1.45734815E-02
 1.04065961E+00  2.64175506E-04
 1.02461314E+00  1.41110034E-02
 1.04165609E+00  4.57376178E-02
 1.04049074E+00  8.70133149E-02
 1.05257459E+00  1.30137605E-01
 1.12291909E+00  1.45492659E-01
 1.19716235E+00  1.15248259E-01
 1.21040511E+00  4.76587394E-02
 1.18803748E+00 -1.87780915E-02
 1.17258515E+00 -3.78347001E-02
 1.14651367E+00 -3.89446256E-02
 1.09065542E+00 -8.24017481E-02
 1.02708577E+00 -1.24528803E-01
 9.77165229E-01 -9.61536073E-02
 9.52813283E-01 -3.87841269E-02
 9.69398022E-01 -1.30783010E-02
 1.02096011E+00  2.64887163E-03
 1.08106382E+00  3.40869996E-02
 1.13242391E+00  5.41912682E-02
 1.16347569E+00  4.23219674E-02
 1.16763606E+00  1.37008464E-02
 1.15185138E+00 -1.48422166E-02
 1.11948847E+00 -3.72753950E-02
 1.07568799E+00 -4.63447708E-02
 1.04969190E+00 -4.20371011E-02
 1.06496102E+00 -3.53956974E-02
 1.08910114E+00 -3.04989700E-02
 1.07617879E+00 -2.57493208E-02
 1.05787386E+00 -2.16288224E-02
 1.08620657E+00 -1.55688850E-02
 1.11948997E+00 -8.67535920E-03
 1.09831096E+00 -6.41966210E-03
 1.05464449E+00 -7.35268747E-03
 1.03815563E+00 -7.11966421E-03
 1.04202650E+00 -3.45032101E-03
 1.05557706E+00  6.04980832E-03
 1.08330036E+00  1.84375519E-02
 1.11291065E+00  2.57585757E-02
 1.13285439E+00  2.39785917E-02
 1.14435561E+00  1.19253151E-02
 1.14679335E+00 -9.96379497E-03
 1.14120988E+00 -3.67553438E-02
 1.12764212E+00 -6.31182278E-02
 1.10272956E+00 -8.24874659E-02
 1.07079902E+00 -8.12571600E-02
 1.04058807E+00 -5.24985534E-02
 1.01937878E+00 -2.15342711E-02
 1.01455508E+00 -2.04813729E-02
 1.02701615E+00 -2.78799398E-02
 1.05092498E+00 -4.00482269E-03
 1.08281945E+00  3.03729523E-02
 1.11960738E+00  3.89409347E-02
 1.15646909E+00  3.43747059E-02
 1.18973648E+00  3.38659567E-02
 1.21253643E+00  2.76984036E-02
 1.21599313E+00  1.18025030E-02
 1.19641244E+00 -5.93481566E-03
 1.15397702E+00 -2.19978700E-02
 1.09187438E+00 -3.48340262E-02
 1.01953811E+00 -4.08345044E-02
 9.52109997E-01 -3.80424444E-02
 9.07217509E-01 -2.67719877E-02
 9.00169307E-01 -8.31516241E-03
 9.37458218E-01  1.43646144E-02
 1.00748784E+00  3.64024595E-02
 1.08459851E+00  5.22059445E-02
 1.14818624E+00  5.67370672E-02
 1.18623838E+00  4.78218105E-02
 1.19975648E+00  3.01363037E-02
 1.20434718E+00  1.30893561E-02
 1.20584325E+00  2.92068715E-03
 1.20073528E+00  8.74800141E-04
 1.18849349E+00  2.30960766E-04
 1.16464920E+00 -1.17481182E-02
 1.13258901E+00 -3.80611919E-02
 1.10539707E+00 -6.84288473E-02
 1.08769427E+00 -7.87885659E-02
 1.08035177E+00 -4.67075735E-02
 1.08356012E+00 -3.16975188E-03
 1.09016495E+00  2.54875263E-03
 1.09141700E+00  5.78020923E-03
 1.07919737E+00  5.71682344E-02
 1.04480133E+00  8.32371032E-02
 9.85715499E-01 -4.93431949E-03
 9.12557494E-01 -1.33434405E-01
 8.44442973E-01 -1.82725373E-01
 7.96223297E-01 -1.63748424E-01
 7.75519081E-01 -1.20156292E-01
 7.78074654E-01 -3.95731745E-02
 7.89574525E-01  6.37159466E-02
 8.08924466E-01  1.47722127E-01
 8.51503274E-01  1.97205770E-01
 9.45678527E-01  2.18406068E-01
 1.10694595E+00  2.25314744E-01
 1.25677813E+00  2.17243398E-01
 1.28571621E+00  1.83629798E-01
 1.23504168E+00  1.28577397E-01
 1.20298237E+00  5.93803418E-02
 1.14361584E+00 -1.22859725E-02
 9.99689708E-01 -6.51322997E-02
 8.72374109E-01 -9.00754090E-02
 8.65319256E-01 -8.84461558E-02
 9.14253755E-01 -5.97339472E-02
 9.23512262E-01 -1.12954617E-02
 9.40930871E-01  3.97082349E-02
 1.02582809E+00  7.46674998E-02
 1.08378647E+00  7.73715127E-02
 1.01489461E+00  4.39071172E-02
 8.87027550E-01  1.14606841E-03
 8.11096901E-01 -6.49541274E-03
 7.92973251E-01  4.06198467E-02
 8.10666836E-01  1.25307874E-01
 8.47921238E-01  1.75819502E-01
 8.56512804E-01  1.11684799E-01
 8.52065637E-01  2.56193422E-04
 8.98544137E-01 -2.20914707E-02
 9.66614675E-01  1.25973379E-02
 1.00182038E+00  1.23028112E-02
 1.03238206E+00 -3.89137361E-03
 1.08754762E+00 -1.29216270E-02
 1.13443433E+00 -1.43664465E-02
 1.14037039E+00  2.22207369E-02
 1.11452936E+00  7.22841859E-02
 1.07268346E+00  7.43404028E-02
 1.01774929E+00  4.91884519E-02
 9.61458820E-01  4.45356502E-02
 9.23186851E-01  4.66994679E-02
 9.14273552E-01  3.92312496E-02
 9.37149736E-01  4.06013162E-02
 9.87688974E-01  6.05812105E-02
 1.05962038E+00  9.28911015E-02
 1.14211700E+00  1.26919519E-01
 1.21368864E+00  1.28858361E-01
 1.25022649E+00  6.83595759E-02
 1.23546467E+00 -4.15297618E-03
 1.17103431E+00 -1.01113455E-02
 1.09833699E+00  2.10415875E-02
 1.07163747E+00  1.88980135E-02
 1.07975815E+00  6.09116837E-04
 1.07583279E+00 -1.28973733E-03
 1.06196343E+00  4.49067734E-03
 1.05510208E+00  2.01425324E-02
 1.06225105E+00  3.94415870E-02
 1.10126183E+00  3.54276619E-02
 1.15041128E+00  1.57700268E-02
 1.16373709E+00  5.97916395E-03
 1.16119802E+00  2.98761112E-03
 1.18241973E+00 -6.58131696E-04
 1.20049442E+00 -5.84384760E-04
 1.17876688E+00  1.09334339E-03
 1.13267732E+00  1.17250202E-03
 1.08492429E+00  2.83677857E-03
 1.03941968E+00  8.53567729E-03
 1.00887311E+00  2.00132000E-02
 1.01098000E+00  3.68664754E-02
 1.04853595E+00  5.42583265E-02
 1.10660065E+00  6.56721558E-02
 1.15930264E+00  6.38645524E-02
 1.18622242E+00  4.46009174E-02
 1.17704263E+00  1.07503193E-02
 1.13548148E+00 -2.54004703E-02
 1.08186546E+00 -4.57187014E-02
 1.03235903E+00 -3.97306006E-02
 1.00081789E+00 -1.05554401E-02
 1.01339758E+00  1.94352068E-02
 1.08008848E+00  2.16201089E-02
 1.15722514E+00  8.03917341E-03
 1.18808893E+00  9.57424409E-03
 1.18999616E+00  8.17678438E-03
 1.20520930E+00 -2.30991549E-02
 1.18884083E+00 -5.63177650E-02
 1.09278071E+00 -5.69066487E-02
 9.95343605E-01 -3.56313505E-02
 9.90376027E-01 -1.05273363E-02
 1.02540772E+00  2.59218878E-02
 1.01523424E+00  7.40478474E-02
 1.01538934E+00  1.04002904E-01
 1.09718490E+00  9.03487919E-02
 1.18756240E+00  5.18035595E-02
 1.19903138E+00  2.35128096E-02
 1.16970558E+00  6.79042870E-03
 1.15819371E+00 -9.10282214E-03
 1.14442671E+00 -2.15275969E-02
 1.10804616E+00 -3.21639471E-02
 1.07328465E+00 -3.26621496E-02
 1.05626455E+00 -6.45003965E-03
 1.06236156E+00  2.57138518E-02
 1.10143172E+00  3.02363268E-02
 1.15886809E+00  1.91899324E-02
 1.20001900E+00  1.81572932E-02
 1.20349889E+00  1.89033791E-02
 1.16187981E+00  1.01341474E-02
 1.09079056E+00 -3.21460854E-05
 1.03002771E+00 -6.70386416E-03
 1.00275999E+00 -9.13547036E-03
 1.01268159E+00 -2.59661666E-03
 1.05349402E+00  1.03349935E-02
 1.10034633E+00  2.05492624E-02
 1.13946295E+00  2.31005528E-02
 1.17204160E+00  1.60080516E-02
 1.19147747E+00  2.26182160E-03
 1.19477668E+00 -9.09158314E-03
 1.17771452E+00 -1.35261883E-02
 1.13229364E+00 -1.12118057E-02
 1.07201344E+00 -3.34934251E-03
 1.02337270E+00  5.19000870E-03
 1.00484784E+00  1.18330329E-02
 1.02760966E+00  1.74993182E-02
 1.08058316E+00  2.09469839E-02
 1.13166339E+00  2.12389497E-02
 1.16228121E+00  1.76160315E-02
 1.16790369E+00  8.58494100E-03
 1.15436833E+00 -3.10924261E-03
 1.14390692E+00 -1.19853218E-02
 1.14592435E+00 -1.45160269E-02
 1.15444329E+00 -9.01362647E-03
 1.16593946E+00  1.66355264E-03
 1.17088930E+00  1.03780416E-02
 1.16550507E+00  1.30668877E-02
 1.15674709E+00  9.25891496E-03
 1.14392185E+00  1.62165406E-03
 1.12456027E+00 -3.17633681E-03
 1.09895710E+00 -1.69344871E-03
 1.06579390E+00  5.17528421E-03
 1.03262129E+00  1.51428864E-02
 1.01380646E+00  2.31009555E-02
 1.01759564E+00  2.60997594E-02
 1.04666796E+00  2.48803674E-02
 1.09445159E+00  2.01981089E-02
 1.14417057E+00  1.42060634E-02
 1.18352173E+00  8.34290292E-03
 1.20599955E+00  2.04412295E-03
 1.20861291E+00 -3.95389237E-03
 1.19564872E+00 -8.54807258E-03
 1.16889050E+00 -1.05411796E-02
 1.12805395E+00 -7.87017445E-03
 1.08088163E+00  4.71288808E-05
 1.03790911E+00  1.23340529E-02
 1.01016616E+00  2.77395558E-02
 1.00828660E+00  4.36250426E-02
 1.03058440E+00  5.60360527E-02
 1.06541267E+00  6.08492988E-02
 1.10421698E+00  5.48552032E-02
 1.13953316E+00  3.74688031E-02
 1.16601422E+00  1.32973422E-02
 1.18386767E+00 -9.25828450E-03
 1.18878436E+00 -2.35386846E-02
 1.17509741E+00 -2.60328901E-02
 1.14728691E+00 -1.83235675E-02
 1.11448327E+00 -7.22701252E-03
 1.08626116E+00  3.14016633E-03
 1.07286199E+00  1.15810107E-02
 1.07563869E+00  1.70612540E-02
 1.08786968E+00  2.09074903E-02
 1.10665759E+00  2.22041425E-02
 1.12936034E+00  1.78312012E-02
 1.14951476E+00  8.83088623E-03
 1.16185901E+00 -1.94815564E-03
 1.15964904E+00 -1.16407655E-02
 1.13760314E+00 -1.63591419E-02
 1.10398619E+00 -1.53800123E-02
 1.07548765E+00 -1.09168346E-02
 1.06395506E+00 -3.59134140E-03
 1.07580534E+00  5.92507844E-03
 1.10585819E+00  1.56341026E-02
 1.13709419E+00  2.39471899E-02
 1.16001701E+00  2.84106466E-02
 1.17245920E+00  2.65541628E-02
 1.17353329E+00  1.96529630E-02
 1.16872716E+00  1.12933829E-02
 1.15864367E+00  3.99707315E-03
 1.13824950E+00 -4.59251946E-04
 1.10976650E+00 -2.36587871E-03
 1.07781732E+00 -4.33398969E-03
 1.04804202E+00 -6.85462209E-03
 1.02966774E+00 -8.63941051E-03
 1.02664632E+00 -8.65375427E-03
 1.03801630E+00 -5.08017456E-03
 1.06397914E+00  2.25291973E-03
 1.10178922E+00  1.10600371E-02
 1.14397685E+00  1.87868533E-02
 1.18160387E+00  2.23199801E-02
 1.20469047E+00  1.93898762E-02
 1.20511110E+00  1.02849967E-02
 1.18352846E+00 -2.16747968E-03
 1.14766993E+00 -1.30513638E-02
 1.10420801E+00 -1.82586817E-02
 1.05994046E+00 -1.57869127E-02
 1.02222789E+00 -6.20558329E-03
 9.96091588E-01  7.06693799E-03
 9.89024892E-01  2.14807749E-02
 1.00788394E+00  3.53504351E-02
 1.04888242E+00  4.56598905E-02
 1.10134142E+00  4.97965880E-02
 1.15406793E+00  4.50613825E-02
 1.19485855E+00  2.94918194E-02
 1.21633064E+00  6.53993157E-03
 1.21737764E+00 -1.66029166E-02
 1.19471127E+00 -3.38456652E-02
 1.14760830E+00 -4.03912549E-02
 1.08649532E+00 -3.53044875E-02
 1.02723210E+00 -2.21632124E-02
 9.86119184E-01 -2.98865494E-03
 9.76902593E-01  2.05480026E-02
 9.98687367E-01  4.35715105E-02
 1.03794060E+00  6.09335186E-02
 1.08541138E+00  6.70653779E-02
 1.13353989E+00  5.73627901E-02
 1.17345943E+00  3.50979090E-02
 1.20080021E+00  9.22134081E-03
 1.20693617E+00 -1.32491171E-02
 1.18307467E+00 -2.69948562E-02
 1.13760670E+00 -3.07137546E-02
 1.08876268E+00 -2.83686639E-02
 1.05225467E+00 -2.08478796E-02
 1.04137444E+00 -7.42433691E-03
 1.05574186E+00  8.48011174E-03
 1.08118392E+00  2.29696968E-02
 1.11084316E+00  3.13331603E-02
 1.14145024E+00  2.86227026E-02
 1.16485310E+00  1.75541301E-02
 1.17618524E+00  6.13255039E-03
 1.16797209E+00 -5.67665267E-04
 1.13306765E+00  4.25056029E-04
 1.08396671E+00  7.94048586E-03
 1.04468821E+00  1.54762760E-02
 1.03229994E+00  2.00033764E-02
 1.05633189E+00  2.11322557E-02
 1.10754159E+00  1.61348526E-02
 1.15831467E+00  3.76412255E-03
 1.19198150E+00 -1.65554810E-02
 1.20255039E+00 -4.39932176E-02
 1.18791919E+00 -6.84840282E-02
 1.15783514E+00 -7.52245952E-02
 1.11634612E+00 -5.63181333E-02
 1.06232531E+00 -1.36066911E-02
 1.01007976E+00  3.38444908E-02
 9.78272977E-01  6.72470805E-02
 9.80456445E-01  1.21798331E-01
 1.02327768E+00  2.31960253E-01
 1.08478739E+00  2.95290134E-01
 1.12271712E+00  1.88934195E-01
 1.11250755E+00  2.26730957E-02
 1.05223854E+00 -1.94942062E-02
 9.73387094E-01  1.20720539E-02
 9.36035447E-01  5.87244917E-03
 9.66586475E-01  2.10107683E-02
 1.04400078E+00  9.96985996E-02
 1.09930195E+00  1.27652981E-01
 1.05261115E+00  1.97763497E-02
 9.68156364E-01 -1.08200237E-01
 9.77459581E-01 -1.00797332E-01
 1.02663085E+00 -2.22858164E-02
 9.98420712E-01 -1.02734641E-02
 9.18841504E-01 -3.89394997E-02
 8.42074760E-01 -5.48718763E-02
 8.04139281E-01 -6.04166498E-02
 8.65781476E-01 -2.70049270E-02
 9.78782122E-01  2.99973207E-02
 1.02763413E+00  4.37038995E-02
 1.05244502E+00  2.90084354E-02
 1.13772111E+00  3.27110528E-02
 1.20567227E+00  3.74937020E-02
 1.16633720E+00  2.95850010E-02
 1.08257776E+00  4.35446161E-02
 1.03217583E+00  8.94615841E-02
 9.74713428E-01  8.65062472E-02
 8.69936782E-01 -3.81530844E-02
 8.00202737E-01 -1.61344902E-01
 8.47217743E-01 -1.11946292E-01
 9.39520285E-01 -1.10061305E-03
 9.69161530E-01 -2.07397096E-02
 9.60821148E-01 -6.83773308E-02
 9.75449211E-01  1.19252326E-02
 1.00233822E+00  1.21380295E-01
 1.03240073E+00  1.44019841E-01
 1.05681981E+00  1.52273584E-01
 1.04160320E+00  2.11229588E-01
 1.01739263E+00  2.35944382E-01
 1.04749554E+00  1.51837339E-01
 1.10850554E+00  4.77935121E-02
 1.14864819E+00  3.07727938E-02
 1.17419583E+00  2.78280906E-02
 1.19009205E+00 -6.65883991E-02
 1.16458871E+00 -1.72543108E-01
 1.08793688E+00 -1.78822299E-01
 1.00920713E+00 -1.34572403E-01
 9.82156841E-01 -1.11261891E-01
 9.77855031E-01 -8.18869784E-02
 9.41213737E-01 -2.63128408E-02
 9.12515818E-01  2.08073880E-02
 9.53145662E-01  4.48386434E-02
 1.03358248E+00  7.67839185E-02
 1.10718931E+00  1.41658904E-01
 1.17360376E+00  2.05271635E-01
 1.22547082E+00  2.11479492E-01
 1.23795541E+00  1.51698572E-01
 1.20278738E+00  4.42985852E-02
 1.12420436E+00 -7.65365879E-02
 1.02019447E+00 -1.50342667E-01
 9.45896331E-01 -1.52559874E-01
 9.54489304E-01 -1.05415639E-01
 1.00614255E+00 -4.56674654E-02
 1.01996200E+00 -2.07637286E-02
 1.01213943E+00 -2.37541812E-02
 1.03230960E+00 -5.80606743E-03
 1.05743457E+00  1.76696090E-02
 1.06355538E+00  1.71050919E-02
 1.06177559E+00  2.88555414E-02
 1.05705070E+00  7.92826298E-02
 1.07400809E+00  1.15524118E-01
 1.14255150E+00  7.99069316E-02
 1.21178929E+00  1.17940199E-02
 1.20646842E+00 -1.77797928E-02
 1.16730961E+00 -1.84884662E-02
 1.17002685E+00 -2.08852775E-02
 1.17266291E+00 -1.74968093E-02
 1.11567510E+00 -1.19365541E-02
 1.04789319E+00 -1.03533049E-02
 1.02708634E+00  1.27481902E-04
 1.03046003E+00  1.56193906E-02
 1.02971276E+00  2.24322588E-02
 1.04352536E+00  2.29449764E-02
 1.08479365E+00  2.02687956E-02
 1.13411017E+00  1.07051616E-02
 1.17213918E+00 -5.38424104E-03
 1.18926497E+00 -2.28017355E-02
 1.17667179E+00 -3.63662112E-02
 1.13988915E+00 -4.30966051E-02
 1.09963136E+00 -4.11042790E-02
 1.06980460E+00 -2.82012564E-02
 1.05718100E+00 -4.88746290E-03
 1.06250451E+00  2.25829073E-02
 1.07610954E+00  4.48627617E-02
 1.09490510E+00  5.39980546E-02
 1.12135716E+00  4.56614122E-02
 1.14944040E+00  2.42013938E-02
 1.17214594E+00  1.29259426E-03
 1.18158188E+00 -1.53752425E-02
 1.16869352E+00 -2.26197053E-02
 1.13883620E+00 -2.09266954E-02
 1.10758925E+00 -1.65393698E-02
 1.08511933E+00 -1.14348026E-02
 1.07816398E+00 -3.23433133E-03
 1.08610889E+00  7.29086103E-03
 1.09863859E+00  1.97725745E-02
 1.11202387E+00  3.21170847E-02
 1.12757400E+00  3.92564389E-02
 1.14274117E+00  4.07457800E-02
 1.15676296E+00  3.89451661E-02
 1.16617346E+00  3.47080403E-02
 1.16412741E+00  2.94673920E-02
 1.15194485E+00  2.32578630E-02
 1.13564272E+00  1.41284914E-02
 1.11916426E+00  2.82232498E-03
 1.10676213E+00 -8.08755443E-03
 1.09886861E+00 -1.62674395E-02
 1.09144096E+00 -1.86333618E-02
 1.08461870E+00 -1.37092152E-02
 1.08117514E+00 -2.91579945E-03
 1.08293077E+00  1.04388396E-02
 1.09285792E+00  2.12734335E-02
 1.11076042E+00  2.52948137E-02
 1.13188684E+00  2.08802236E-02
 1.15061973E+00  9.97783632E-03
 1.16014379E+00 -2.14336120E-03
 1.15518855E+00 -1.14017565E-02
 1.13543827E+00 -1.55511019E-02
 1.10640601E+00 -1.33028991E-02
 1.07844167E+00 -5.62713863E-03
 1.06047664E+00  7.34306971E-03
 1.05775923E+00  2.56724781E-02
 1.07083008E+00  4.50586930E-02
 1.09445416E+00  5.91973101E-02
 1.12463806E+00  6.25718021E-02
 1.15778152E+00  5.11312189E-02
 1.18496498E+00  2.71671607E-02
 1.19651772E+00 -1.49542349E-03
 1.18444992E+00 -2.89143960E-02
 1.14539458E+00 -5.05043809E-02
 1.09186587E+00 -6.26455094E-02
 1.04750584E+00 -6.50508749E-02
 1.02925754E+00 -5.62989236E-02
 1.04466572E+00 -3.55570896E-02
 1.08515378E+00 -9.50988050E-03
 1.12589044E+00  1.16165091E-02
 1.15143809E+00  1.96798826E-02
 1.15705475E+00  1.02696542E-02
 1.14201016E+00 -9.72981143E-03
 1.11630048E+00 -2.41933255E-02
 1.08450336E+00 -2.26708903E-02
 1.04574473E+00 -1.22353198E-03
 1.01236667E+00  3.70254735E-02
 1.00018607E+00  7.87713929E-02
 1.02113413E+00  1.13409955E-01
 1.08205872E+00  1.32010518E-01
 1.16499417E+00  1.17061090E-01
 1.23340067E+00  6.25926524E-02
 1.26246072E+00  3.44684939E-03
 1.24111054E+00 -1.76336220E-02
 1.17946223E+00 -2.21040445E-02
 1.11110877E+00 -5.32944866E-02
 1.05649983E+00 -7.91109039E-02
 1.02146493E+00 -5.15686270E-02
 1.00974559E+00  2.72865183E-03
 1.01280392E+00  4.27726062E-02
 1.03003501E+00  6.79461942E-02
 1.06955833E+00  7.78868512E-02
 1.12175892E+00  6.72552372E-02
 1.17036881E+00  4.80522702E-02
 1.20075309E+00  2.97331881E-02
 1.19789911E+00  1.29166673E-02
 1.16787127E+00 -6.09894336E-05
 1.13406130E+00 -9.72816338E-03
 1.11012786E+00 -1.29898065E-02
 1.10337917E+00 -3.38621311E-03
 1.11394445E+00  1.44922535E-02
 1.12899754E+00  3.04516160E-02
 1.14460731E+00  3.70777182E-02
 1.16368480E+00  2.82260277E-02
 1.17916976E+00  7.45307791E-03
 1.18374262E+00 -1.26077928E-02
 1.17043303E+00 -2.56251803E-02
 1.13236632E+00 -3.01988964E-02
 1.08105761E+00 -2.71323147E-02
 1.04038175E+00 -2.29697569E-02
 1.02529746E+00 -1.96355772E-02
 1.04212138E+00 -1.39264531E-02
 1.08158783E+00 -6.10494642E-03
 1.11815769E+00  3.85575512E-03
 1.13794251E+00  1.49823254E-02
 1.14043158E+00  2.32890824E-02
 1.13204372E+00  2.84672311E-02
 1.13107155E+00  3.24418400E-02
 1.14569162E+00  3.53756386E-02
 1.16981871E+00  3.75037622E-02
 1.19650424E+00  3.74099880E-02
 1.21267373E+00  3.17184638E-02
 1.21059876E+00  1.96523258E-02
 1.19349249E+00  2.90834260E-03
 1.16336110E+00 -1.51250353E-02
 1.12504589E+00 -2.87061878E-02
 1.08428646E+00 -3.32747311E-02
 1.04403755E+00 -2.65803005E-02
 1.01351091E+00 -7.91281728E-03
 1.00450348E+00  2.00588178E-02
 1.02397582E+00  5.16455088E-02
 1.07293798E+00  7.69000328E-02
 1.13737934E+00  7.75331578E-02
 1.19141778E+00  4.25353406E-02
 1.21591888E+00  1.04520792E-03
 1.20212905E+00 -6.31348687E-03
 1.15769835E+00 -6.34492257E-04
 1.10722202E+00 -2.31915464E-02
 1.06702293E+00 -4.51255356E-02
 1.04349015E+00 -2.42927682E-02
 1.03960683E+00  1.51174311E-02
 1.04835425E+00  3.78327460E-02
 1.06902198E+00  4.57826113E-02
 1.10673950E+00  4.19940502E-02
 1.15293301E+00  2.44501920E-02
 1.19423252E+00  5.71826466E-03
 1.21831157E+00 -4.29495996E-03
 1.21333054E+00 -5.77143500E-03
 1.18580407E+00 -1.55880206E-03
 1.15652822E+00  5.99219604E-04
 1.13711011E+00 -2.08894578E-03
 1.13170262E+00 -5.79246454E-03
 1.13480355E+00 -9.55289661E-03
 1.12848608E+00 -1.15753471E-02
 1.10679511E+00 -1.10637841E-02
 1.07683240E+00 -1.08562060E-02
 1.04820961E+00 -1.00540601E-02
 1.03783414E+00 -5.84564518E-03
 1.05428315E+00  2.37245061E-03
 1.09180691E+00  1.46638851E-02
 1.14034887E+00  2.75267793E-02
 1.18301550E+00  3.42035567E-02
 1.20644810E+00  3.10386995E-02
 1.20781425E+00  1.79104552E-02
 1.18981827E+00 -1.04066028E-03
 1.16223663E+00 -1.71248643E-02
 1.13252108E+00 -2.43764237E-02
 1.10269290E+00 -2.10442613E-02
 1.07625575E+00 -8.83638073E-03
 1.05506759E+00  5.96841418E-03
 1.04355544E+00  1.92105936E-02
 1.04902649E+00  2.97043467E-02
 1.07075911E+00  3.55434284E-02
 1.10287423E+00  3.64471835E-02
 1.13904078E+00  3.13476055E-02
 1.17036700E+00  1.84689571E-02
 1.19088385E+00  1.56309140E-03
 1.19883091E+00 -1.25868708E-02
 1.19093914E+00 -1.87249075E-02
 1.16681709E+00 -1.32755521E-02
 1.13490185E+00  9.82477254E-04
 1.10776135E+00  1.55194993E-02
 1.09650758E+00  2.50347587E-02
 1.10768645E+00  2.72228358E-02
 1.13436052E+00  2.19013556E-02
 1.15865926E+00  1.31006639E-02
 1.16897059E+00  2.44319322E-03
 1.16039418E+00 -1.05185836E-02
 1.13425221E+00 -2.23006051E-02
 1.10174739E+00 -2.87875866E-02
 1.06947906E+00 -2.63215673E-02
 1.04046508E+00 -1.18628615E-02
 1.02660403E+00  1.04178721E-02
 1.03935505E+00  3.10074667E-02
 1.08352442E+00  4.31032940E-02
 1.15312756E+00  4.24145901E-02
 1.21197328E+00  2.91466756E-02
 1.21882225E+00  9.30794745E-03
 1.19504887E+00 -1.35726206E-02
 1.18610027E+00 -3.76001699E-02
 1.16364862E+00 -5.76512120E-02
 1.08655965E+00 -6.90689766E-02
 1.00293839E+00 -6.69481517E-02
 9.74071600E-01 -4.72399926E-02
 9.80702286E-01 -1.50545488E-02
 9.88223875E-01  1.81876904E-02
 1.01206340E+00  4.34313260E-02
 1.06563194E+00  5.40116909E-02
 1.12919972E+00  4.94790119E-02
 1.18486171E+00  3.65631944E-02
 1.22043561E+00  1.83446563E-02
 1.22077347E+00 -4.38984947E-03
 1.18907167E+00 -2.76731529E-02
 1.14524186E+00 -4.84087075E-02
 1.10243100E+00 -6.14452602E-02
 1.06985434E+00 -6.03165698E-02
 1.05232601E+00 -4.68019797E-02
 1.04476667E+00 -2.79492034E-02
 1.04931098E+00 -9.14870233E-03
 1.07178319E+00  4.42351780E-03
 1.10462875E+00  1.12655617E-02
 1.13586052E+00  1.46335704E-02
 1.15409391E+00  1.44294862E-02
 1.14864470E+00  9.29189233E-03
 1.12568690E+00  1.94309410E-03
 1.10442580E+00 -4.44845385E-03
 1.09517893E+00 -6.29979234E-03
 1.10128658E+00 -1.94493746E-04
 1.11854765E+00  1.00614487E-02
 1.13181899E+00  1.59146863E-02
 1.13552962E+00  1.27098305E-02
 1.13421323E+00 -5.21112985E-04
 1.13125172E+00 -1.89858576E-02
 1.13420432E+00 -3.18600143E-02
 1.14544945E+00 -3.34469071E-02
 1.15792033E+00 -2.41776416E-02
 1.16547772E+00 -7.86501546E-03
 1.16103635E+00  6.54433159E-03
 1.14022615E+00  1.40535797E-02
 1.10733674E+00  1.59529465E-02
 1.07258054E+00  1.53780143E-02
 1.05050365E+00  1.88030078E-02
 1.05220930E+00  2.93247654E-02
 1.08007987E+00  4.38397106E-02
 1.12612687E+00  5.70877362E-02
 1.17283304E+00  6.12136646E-02
 1.20674068E+00  5.21325805E-02
 1.22109945E+00  3.29725359E-02
 1.21321675E+00  1.19152199E-02
 1.18884706E+00  1.04236986E-03
 1.15400260E+00  6.31197062E-03
 1.11711181E+00  2.24898423E-02
 1.10292757E+00  3.22219934E-02
 1.12222701E+00  1.05055153E-02
 1.11469125E+00 -5.24645056E-02
 1.01180253E+00 -1.41324805E-01
 8.82723064E-01 -2.09153105E-01
 8.47405550E-01 -2.01076828E-01
 8.78260295E-01 -1.34991837E-01
 9.00873897E-01 -7.43151280E-02
 9.39834167E-01 -2.90379966E-02
 1.01410933E+00  6.40621550E-03
 1.08250793E+00  1.60722415E-02
 1.12263075E+00  6.93869393E-03
 1.14343912E+00 -3.62024707E-03
 1.15192424E+00 -1.02768853E-02
 1.14397962E+00 -1.43050793E-02
 1.11726812E+00 -2.09370625E-02
 1.08212469E+00 -1.82464814E-02
 1.05190799E+00  9.41961684E-03
 1.03968107E+00  4.05039809E-02
 1.05734739E+00  4.51351219E-02
 1.09857971E+00  3.63602633E-02
 1.14260240E+00  3.84787949E-02
 1.17557250E+00  4.00419241E-02
 1.18896784E+00  2.48765309E-02
 1.18184564E+00  2.29220611E-03
 1.16496343E+00 -1.76666646E-02
 1.14124751E+00 -3.31922368E-02
 1.10812524E+00 -3.91788173E-02
 1.07208921E+00 -3.61419658E-02
 1.04031496E+00 -3.24842108E-02
 1.02118424E+00 -3.15848285E-02
 1.02445500E+00 -3.31782911E-02
 1.04468509E+00 -3.57294366E-02
 1.06607266E+00 -3.37455951E-02
 1.07934783E+00 -2.53612438E-02
 1.07991856E+00 -1.31548924E-02
 1.07236094E+00  1.08511239E-03
 1.07193596E+00  1.41109006E-02
 1.08483317E+00  2.35840546E-02
 1.10820101E+00  2.99036511E-02
 1.13746691E+00  3.23632818E-02
 1.16160307E+00  3.02663821E-02
 1.17445897E+00  2.36144331E-02
 1.17747877E+00  1.20303447E-02
 1.16948337E+00 -3.12184040E-03
 1.15114045E+00 -1.90000128E-02
 1.12422923E+00 -3.30759230E-02
 1.08948051E+00 -4.29187324E-02
 1.05504837E+00 -4.72510399E-02
 1.03320798E+00 -4.63748456E-02
 1.03178234E+00 -4.05579688E-02
 1.05312006E+00 -3.06206612E-02
 1.08716502E+00 -1.89099069E-02
 1.11359894E+00 -8.14040476E-03
 1.11933614E+00 -6.50784473E-04
 1.10159592E+00  2.69721990E-03
 1.07096007E+00  5.30320324E-03
 1.05142090E+00  1.31970545E-02
 1.05692782E+00  2.94105445E-02
 1.08774659E+00  5.25666118E-02
 1.13494693E+00  7.44990870E-02
 1.17696214E+00  8.16218927E-02
 1.20071003E+00  6.60337657E-02
 1.20543361E+00  2.81269665E-02
 1.19102878E+00 -2.25869832E-02
 1.16428923E+00 -6.75446304E-02
 1.12937972E+00 -9.37524737E-02
 1.08528284E+00 -9.71494807E-02
 1.04126708E+00 -8.05138447E-02
 1.01055224E+00 -5.57462706E-02
 1.00372887E+00 -3.04616800E-02
 1.02918105E+00 -6.09457172E-03
 1.07953981E+00  1.41139843E-02
 1.13433582E+00  2.96263353E-02
 1.17879912E+00  3.75358607E-02
 1.20339485E+00  3.21575535E-02
 1.20656232E+00  1.72198592E-02
 1.19815456E+00  1.64559394E-03
 1.18172431E+00 -7.54395626E-03
 1.15627321E+00 -4.26932417E-03
 1.12804549E+00  8.81996701E-03
 1.10325211E+00  2.10181218E-02
 1.09022984E+00  2.71288738E-02
 1.09883796E+00  2.61427166E-02
 1.12446787E+00  1.90635332E-02
 1.15276989E+00  1.20071246E-02
 1.17398545E+00  6.81126721E-03
 1.18091639E+00  8.55409846E-04
 1.17388289E+00 -4.97253050E-03
 1.16275329E+00 -9.92568645E-03
 1.15094215E+00 -1.28858000E-02
 1.13769246E+00 -1.07603175E-02
 1.12710761E+00 -4.78836196E-03
 1.12178735E+00  8.78730221E-04
 1.12534565E+00  3.99280044E-03
 1.14190270E+00  2.80237626E-03
 1.16321396E+00 -2.40238960E-03
 1.17385920E+00 -8.40118433E-03
 1.16471252E+00 -1.34581609E-02
 1.13326605E+00 -1.66625641E-02
 1.09049777E+00 -1.57346533E-02
 1.05975582E+00 -9.07357617E-03
 1.05475050E+00  4.33928811E-03
 1.07723979E+00  2.42318120E-02
 1.11857777E+00  4.50862233E-02
 1.15708268E+00  5.82269109E-02
 1.17953696E+00  5.77495836E-02
 1.18482376E+00  4.18551118E-02
 1.17525759E+00  1.62404327E-02
 1.16159916E+00 -6.80966469E-03
 1.14945698E+00 -1.92880510E-02
 1.13626705E+00 -1.90412579E-02
 1.12467598E+00 -9.67613173E-03
 1.11694391E+00 -1.60317697E-03
 1.11575535E+00 -2.74200489E-04
 1.12607913E+00 -4.60848569E-03
 1.14222904E+00 -1.17682413E-02
 1.15189414E+00 -1.47313118E-02
 1.14817706E+00 -1.03785180E-02
 1.12911764E+00 -1.57667585E-03
 1.10455386E+00  9.61081883E-03
 1.09476991E+00  1.95007322E-02
 1.11021780E+00  2.53942326E-02
 1.14921826E+00  2.78700873E-02
 1.19797205E+00  2.54701870E-02
 1.22974006E+00  1.64797854E-02
 1.22831913E+00  1.03885036E-03
 1.19340941E+00 -1.96400156E-02
 1.13626138E+00 -3.94857279E-02
 1.08243290E+00 -4.91192118E-02
 1.04935069E+00 -4.26366228E-02
 1.04082473E+00 -1.91601274E-02
 1.05633346E+00  1.36317457E-02
 1.08527561E+00  4.05833813E-02
 1.12077855E+00  5.10726594E-02
 1.16182034E+00  4.13821915E-02
 1.19658740E+00  1.57470500E-02
 1.21085422E+00 -1.25619291E-02
 1.19350992E+00 -3.49561850E-02
 1.13799698E+00 -4.87975429E-02
 1.06184541E+00 -5.18946190E-02
 1.00007283E+00 -4.66636698E-02
 9.76915229E-01 -3.32014151E-02
 1.00331787E+00 -9.33719713E-03
 1.06730865E+00  1.79968110E-02
 1.13305426E+00  3.80195822E-02
 1.17882535E+00  4.27409140E-02
 1.19872510E+00  2.75495858E-02
 1.19243471E+00  1.51712196E-03
 1.17462750E+00 -1.60701011E-02
 1.15046668E+00 -1.55285950E-02
 1.11434264E+00  1.16630841E-03
 1.07554644E+00  1.68587944E-02
 1.04650214E+00  8.90054163E-03
 1.03881793E+00 -4.61526968E-03
 1.06517717E+00  1.11129057E-02
 1.11554878E+00  3.39970193E-02
 1.16306221E+00  2.69461639E-02
 1.19078976E+00  9.68588181E-03
 1.18951494E+00  1.04432896E-02
 1.16386771E+00  1.47247991E-02
 1.13570894E+00  6.56963711E-03
 1.11544531E+00 -3.06311843E-03
 1.10289172E+00 -5.24681895E-03
 1.10005748E+00 -5.87465458E-03
 1.10223112E+00 -9.14879597E-03
 1.10959821E+00 -1.36990102E-02
 1.12852602E+00 -1.94812999E-02
 1.15199922E+00 -2.56204505E-02
 1.16728495E+00 -2.84677198E-02
 1.16556038E+00 -2.63350582E-02
 1.13998890E+00 -1.98250101E-02
 1.09848572E+00 -1.04046988E-02
 1.06189449E+00 -1.23479013E-03
 1.04321915E+00  5.31009771E-03
 1.04859465E+00  8.49138971E-03
 1.07759025E+00  7.90971256E-03
 1.11773092E+00  3.76804189E-03
 1.15863665E+00 -5.28915277E-03
 1.18984788E+00 -2.31845548E-02
 1.18672613E+00 -5.55299515E-02
 1.13506886E+00 -9.98178584E-02
 1.06992396E+00 -1.22743834E-01
 1.03912723E+00 -8.76665662E-02
 1.02227527E+00 -2.50265755E-02
 9.78869975E-01  6.56222977E-03
 9.51672317E-01  1.44997464E-02
 9.96701924E-01  2.77072791E-02
 1.07966561E+00  3.46069766E-02
 1.14430326E+00  2.92060598E-02
 1.18448045E+00  2.52112172E-02
 1.19935439E+00  2.20923820E-02
 1.18335126E+00  4.56584429E-03
 1.15412176E+00 -3.41150704E-02
 1.12435695E+00 -6.07011425E-02
 1.09345620E+00 -3.94248310E-02
 1.06583601E+00 -2.37077158E-02
 1.04306484E+00 -8.47038617E-02
 1.03035662E+00 -1.53898230E-01
 1.03692867E+00 -1.26869965E-01
 1.05392085E+00 -5.58695157E-02
 1.06378000E+00 -2.83169718E-02
 1.05956662E+00  4.37888911E-03
 1.04561991E+00  9.83340785E-02
 1.05283214E+00  1.89398919E-01
 1.10734278E+00  2.02738926E-01
 1.13588018E+00  1.39830215E-01
 1.04337915E+00  2.65403183E-02
 9.10653174E-01 -8.56558008E-02
 8.78149875E-01 -1.23567744E-01
 9.04966320E-01 -1.13273203E-01
 8.94379567E-01 -1.34792934E-01
 8.53455022E-01 -1.46110330E-01
 7.99217889E-01 -8.15890833E-02
 7.68053812E-01 -1.59495182E-02
 8.34664643E-01 -3.21211211E-02
 9.46375222E-01 -6.97972988E-02
 9.85564434E-01 -4.03118658E-02
 9.88617607E-01  4.32744097E-02
 1.03570607E+00  1.36588460E-01
 1.08931731E+00  2.02444833E-01
 1.09509077E+00  1.83262615E-01
 1.02473604E+00  9.06408496E-02
 8.57346595E-01  3.24761192E-03
 7.09119526E-01 -4.84571191E-02
 7.49941672E-01 -5.92221790E-02
 9.01903082E-01 -3.85601499E-02
 9.80087086E-01 -3.24575896E-02
 1.01277173E+00 -3.39509036E-02
 1.07700478E+00 -3.38775230E-03
 1.13073488E+00  2.91799242E-02
 1.15287277E+00  2.26605682E-02
 1.13496242E+00 -8.97818132E-03
 1.03840586E+00 -4.43090117E-02
 9.17579467E-01 -7.17889043E-02
 8.75465687E-01 -7.38897099E-02
 9.09002878E-01 -5.77906163E-02
 9.64869240E-01 -5.16213317E-02
 1.01235376E+00 -5.31294168E-02
 1.01031208E+00 -4.65661118E-02
 9.71451380E-01 -3.61944815E-02
 9.69177395E-01 -2.47140508E-02
 1.02166799E+00 -1.11025857E-02
 1.10860031E+00 -2.63215364E-03
 1.19733560E+00 -1.40510986E-03
 1.22625834E+00 -3.55528310E-03
 1.19717674E+00 -6.67069457E-03
 1.16308736E+00 -4.99511077E-03
 1.12162206E+00  1.02596744E-02
 1.06528543E+00  4.54697627E-02
 1.02982101E+00  1.00570064E-01
 1.03565509E+00  1.62327804E-01
 1.06775295E+00  1.94292093E-01
 1.10484045E+00  1.61634354E-01
 1.13937591E+00  9.23043011E-02
 1.16910211E+00  4.54884714E-02
 1.19091280E+00  2.09934382E-02
 1.20863110E+00 -3.42864408E-03
 1.21935441E+00 -1.48978459E-02
 1.21249286E+00 -1.00963401E-02
 1.18803567E+00 -6.65457838E-03
 1.15082319E+00 -1.05965114E-02
 1.10676375E+00 -1.41490994E-02
 1.06703829E+00 -8.45907853E-03
 1.03794083E+00  4.42053583E-04
 1.02077214E+00  4.97809758E-03
 1.02055691E+00  2.71321477E-02
 1.04055404E+00  8.86355768E-02
 1.07795265E+00  1.57116156E-01
 1.12719795E+00  1.80873816E-01
 1.17892948E+00  1.53013715E-01
 1.22052648E+00  9.15125916E-02
 1.24165814E+00  2.41073552E-02
 1.23510394E+00 -1.24873791E-02
 1.19585074E+00 -4.50446857E-02
 1.12710132E+00 -1.24770748E-01
 1.04734528E+00 -1.81813664E-01
 9.84374420E-01 -1.20723269E-01
 9.61226542E-01 -1.33621946E-02
 9.89218409E-01  2.39935377E-02
 1.05526073E+00  1.94570725E-02
 1.12535227E+00  3.39061779E-02
 1.17642936E+00  5.09132985E-02
 1.19913193E+00  5.98657538E-02
 1.19631571E+00  5.86609851E-02
 1.18822989E+00  2.15347321E-02
 1.18215538E+00 -2.62857347E-02
 1.17168654E+00 -3.16250799E-02
 1.15737595E+00 -1.23139014E-02
 1.13676266E+00 -9.23563893E-03
 1.11358633E+00 -1.35387804E-02
 1.10158604E+00 -1.23310208E-02
 1.10205156E+00 -1.30285105E-02
