# x =
 5.37113591E+01
# y =
 3.25097170E+00
 VARIABLES = u,v
 1.23044590E+00  5.19142200E-02
 1.22088154E+00  4.83078783E-02
 1.20485585E+00  2.87564954E-02
 1.18074804E+00 -4.95163803E-03
 1.14218897E+00 -4.89857984E-02
 1.09016135E+00 -9.61055315E-02
 1.03261138E+00 -1.33849430E-01
 9.78388202E-01 -1.54976815E-01
 9.39602961E-01 -1.56705876E-01
 9.24580456E-01 -1.36128757E-01
 9.34190130E-01 -9.57522668E-02
 9.65743236E-01 -4.55335493E-02
 1.01151260E+00  1.05985204E-03
 1.06273703E+00  3.06833586E-02
 1.11251956E+00  3.49382977E-02
 1.15384271E+00  1.92923764E-02
 1.18156481E+00  3.64656935E-05
 1.19107178E+00 -1.18701988E-02
 1.18002015E+00 -1.14464881E-02
 1.15572720E+00  5.87959227E-05
 1.13166732E+00  1.24428948E-02
 1.11956537E+00  2.24482697E-02
 1.12688461E+00  3.29973633E-02
 1.14841276E+00  4.12839053E-02
 1.16803309E+00  4.51254676E-02
 1.17656039E+00  4.12264612E-02
 1.17201522E+00  2.42544363E-02
 1.15813866E+00  2.23989689E-05
 1.14735823E+00 -1.86855449E-02
 1.14460765E+00 -2.42934035E-02
 1.14662937E+00 -1.31167261E-02
 1.15279830E+00  9.64025046E-03
 1.15976476E+00  2.93856848E-02
 1.16597738E+00  3.80933488E-02
 1.17411577E+00  3.46158202E-02
 1.18028716E+00  2.10218804E-02
 1.17767793E+00  6.10335045E-03
 1.16271197E+00 -5.50950908E-03
 1.13350156E+00 -1.47858132E-02
 1.09576674E+00 -1.99033906E-02
 1.06216610E+00 -2.03220374E-02
 1.04145964E+00 -1.49009963E-02
 1.03825555E+00 -7.00358076E-04
 1.05234127E+00  1.82730359E-02
 1.07673962E+00  3.38992303E-02
 1.10727078E+00  4.07163740E-02
 1.14258700E+00  3.54023410E-02
 1.17879619E+00  2.17551593E-02
 1.21271521E+00  1.01465472E-02
 1.23864976E+00  6.09613884E-03
 1.24829556E+00  9.94133285E-03
 1.23874578E+00  1.75699525E-02
 1.21103000E+00  1.92483245E-02
 1.16766594E+00  1.10749869E-02
 1.11558233E+00 -3.00648943E-03
 1.06459904E+00 -1.52312458E-02
 1.02527966E+00 -1.31310569E-02
 1.00837959E+00  9.62106915E-03
 1.02038241E+00  4.87266383E-02
 1.05693362E+00  9.18885624E-02
 1.10537176E+00  1.19385156E-01
 1.15423795E+00  1.18134919E-01
 1.19423256E+00  8.77979882E-02
 1.22066894E+00  4.05030301E-02
 1.23507910E+00 -7.33213527E-04
 1.23426065E+00 -2.38371792E-02
 1.21255778E+00 -3.47536466E-02
 1.17109996E+00 -5.66174429E-02
 1.11381700E+00 -1.11320904E-01
 1.04910888E+00 -1.53259806E-01
 9.91007753E-01 -1.13178208E-01
 9.50246739E-01 -2.99278592E-02
 9.34227983E-01  1.98075961E-02
 9.49564292E-01  6.08364231E-02
 9.95442561E-01  1.28529451E-01
 1.05874723E+00  1.61117062E-01
 1.11892570E+00  1.03816379E-01
 1.15719972E+00  1.52079005E-02
 1.16223804E+00 -2.34958247E-02
 1.14038776E+00 -2.50891408E-02
 1.11315789E+00 -3.04384421E-02
 1.09425400E+00 -3.48615437E-02
 1.08906634E+00 -3.66336510E-02
 1.09773119E+00 -2.92356529E-02
 1.11001467E+00  1.23047802E-02
 1.12360559E+00  5.59330787E-02
 1.14308895E+00  4.55328733E-02
 1.16204448E+00  4.77530841E-03
 1.17186844E+00 -1.60348255E-02
 1.16471719E+00 -2.17279827E-02
 1.13259159E+00 -2.44563052E-02
 1.08449641E+00 -1.73294058E-02
 1.04198486E+00 -7.26551109E-03
 1.01882317E+00  1.62210950E-03
 1.02260541E+00  2.14917181E-02
 1.05108458E+00  6.37642029E-02
 1.08901324E+00  1.27245488E-01
 1.12829859E+00  1.65308597E-01
 1.16711571E+00  1.21547177E-01
 1.19941809E+00  3.87449501E-02
 1.22205730E+00  1.57411213E-03
 1.22893998E+00 -2.64382032E-03
 1.21085085E+00 -1.64834318E-02
 1.17088947E+00 -2.37464279E-02
 1.11998875E+00 -1.62013326E-02
 1.06831973E+00 -1.11163632E-02
 1.02807482E+00 -1.34508011E-03
 1.00705987E+00  4.72221953E-02
 1.00639125E+00  1.48561392E-01
 1.02933534E+00  2.19827783E-01
 1.07599907E+00  1.58963992E-01
 1.13441320E+00  4.10849797E-02
 1.18700577E+00  8.29942122E-03
 1.21727153E+00  2.67639038E-02
 1.21344793E+00  1.38260732E-02
 1.18113153E+00  1.29005981E-03
 1.14033103E+00  1.23014466E-02
 1.10425927E+00  1.28442728E-02
 1.07999458E+00  2.04407659E-03
 1.06978838E+00  2.31343853E-02
 1.06607915E+00  9.85581012E-02
 1.06814146E+00  1.51239204E-01
 1.08000162E+00  8.42835399E-02
 1.09369086E+00 -3.09829716E-02
 1.09815073E+00 -6.27906029E-02
 1.08412030E+00 -4.44085943E-02
 1.04458155E+00 -5.15139580E-02
 9.91863002E-01 -5.12615462E-02
 9.52503352E-01 -1.98626395E-02
 9.42847016E-01  5.94791335E-03
 9.68921862E-01  1.02207754E-02
 1.02209613E+00  7.11621526E-03
 1.07669699E+00  6.82427643E-03
 1.11743643E+00  4.91526098E-03
 1.14069760E+00 -5.00432795E-03
 1.14430595E+00 -1.84687658E-02
 1.13533349E+00 -2.94765488E-02
 1.11606724E+00 -3.25167809E-02
 1.08273006E+00 -1.88657806E-02
 1.04421914E+00  1.22480517E-02
 1.01410092E+00  5.39700923E-02
 1.00426780E+00  1.01435745E-01
 1.02589996E+00  1.47493305E-01
 1.07352785E+00  1.80641641E-01
 1.12767960E+00  1.90365395E-01
 1.17473317E+00  1.67764973E-01
 1.20464354E+00  1.10399352E-01
 1.21202353E+00  3.36030654E-02
 1.20139866E+00 -3.52901204E-02
 1.17278932E+00 -7.53197047E-02
 1.12537190E+00 -7.56259486E-02
 1.07280497E+00 -4.33836295E-02
 1.03392686E+00 -3.83277249E-03
 1.02468138E+00  2.72372016E-02
 1.05525074E+00  4.43433688E-02
 1.11215471E+00  4.45038685E-02
 1.16371268E+00  3.57615714E-02
 1.18986767E+00  2.25934313E-02
 1.18352376E+00  8.02855322E-03
 1.15424488E+00  1.71585759E-02
 1.13064955E+00  6.58286784E-02
 1.12580188E+00  1.04850311E-01
 1.13456640E+00  7.32618627E-02
 1.14652654E+00  1.28841818E-02
 1.13928516E+00 -1.22216188E-03
 1.10270156E+00 -7.47557830E-03
 1.04568810E+00 -6.83811387E-02
 9.79098829E-01 -1.41637758E-01
 9.21332216E-01 -1.70306313E-01
 8.86202929E-01 -1.60860871E-01
 8.74617201E-01 -1.23422044E-01
 8.86465940E-01 -6.07064361E-02
 9.16903734E-01  5.76503118E-04
 9.60685777E-01  3.63168173E-02
 1.01619574E+00  4.09805582E-02
 1.07528567E+00  2.31645948E-02
 1.12700746E+00  5.80575373E-03
 1.16192024E+00  1.43155740E-03
 1.17272903E+00  8.51120719E-03
 1.16568220E+00  2.21104018E-02
 1.15729155E+00  2.81654640E-02
 1.15817657E+00  2.11046199E-02
 1.17181426E+00  7.69889068E-03
 1.18893686E+00 -9.83631279E-03
 1.18785823E+00 -2.76926317E-02
 1.15809526E+00 -4.34399594E-02
 1.10230431E+00 -6.06408772E-02
 1.03163929E+00 -7.58515209E-02
 9.69221725E-01 -8.19415907E-02
 9.29552688E-01 -7.57329654E-02
 9.14291638E-01 -5.53134523E-02
 9.22622434E-01 -2.57761895E-02
 9.45765635E-01  9.71205592E-04
 9.77513405E-01  1.73188498E-02
 1.01772312E+00  2.01603476E-02
 1.05962368E+00  1.14302820E-02
 1.09528548E+00  6.04029590E-04
 1.11774619E+00 -3.74389345E-03
 1.12053293E+00  6.49375980E-03
 1.11082036E+00  4.47393033E-02
 1.10545521E+00  1.09453559E-01
 1.11539517E+00  1.50899243E-01
 1.14496559E+00  1.15053484E-01
 1.18482756E+00  4.57376437E-02
 1.21249346E+00  2.60413882E-02
 1.21588954E+00  3.54452429E-02
 1.19490076E+00  2.14399186E-02
 1.15764041E+00  6.72650654E-03
 1.12410569E+00  1.32612830E-02
 1.10569197E+00  2.16231703E-02
 1.10188867E+00  2.46635560E-02
 1.11130911E+00  2.90463779E-02
 1.12590131E+00  3.31427686E-02
 1.14036966E+00  2.98986157E-02
 1.15532392E+00  1.40716001E-02
 1.16407048E+00 -1.16210734E-02
 1.15827766E+00 -3.98307648E-02
 1.13242347E+00 -6.52200297E-02
 1.08338819E+00 -8.23558807E-02
 1.02285553E+00 -8.77208323E-02
 9.73535057E-01 -8.18971270E-02
 9.51422917E-01 -6.38792425E-02
 9.64270197E-01 -3.33950058E-02
 1.00524191E+00  3.07117057E-03
 1.05226788E+00  3.60748033E-02
 1.09161531E+00  5.69236657E-02
 1.11892576E+00  5.90332435E-02
 1.13325376E+00  4.48155036E-02
 1.14275196E+00  2.42908899E-02
 1.14888868E+00  4.07280818E-03
 1.14578431E+00 -1.20290286E-02
 1.13619374E+00 -2.22360817E-02
 1.12453948E+00 -2.94034319E-02
 1.11579281E+00 -3.25528393E-02
 1.11740621E+00 -2.78843331E-02
 1.12527667E+00 -1.72286629E-02
 1.12731643E+00 -4.05939522E-03
 1.11803171E+00  7.92069019E-03
 1.09667337E+00  1.41474956E-02
 1.07079899E+00  1.66503034E-02
 1.05705749E+00  2.22319759E-02
 1.06364915E+00  3.35113454E-02
 1.08903367E+00  5.00518312E-02
 1.12598503E+00  6.76591192E-02
 1.15868378E+00  7.73488376E-02
 1.17641914E+00  7.44489470E-02
 1.17716031E+00  5.92761029E-02
 1.16114194E+00  3.36707178E-02
 1.13451241E+00  3.33003812E-03
 1.10191616E+00 -2.69839641E-02
 1.06460710E+00 -5.48026698E-02
 1.02952947E+00 -7.54240268E-02
 1.00491229E+00 -8.46209962E-02
 9.97713434E-01 -7.97972799E-02
 1.01285314E+00 -6.05755942E-02
 1.04226318E+00 -3.48515896E-02
 1.06876026E+00 -1.48519290E-02
 1.08144391E+00 -5.46878930E-03
 1.07731813E+00 -2.40275912E-04
 1.06748141E+00  2.66057409E-02
 1.07534624E+00  9.75687789E-02
 1.11082464E+00  1.67416806E-01
 1.16634061E+00  1.64661409E-01
 1.21802579E+00  1.06138484E-01
 1.22750721E+00  4.83670610E-02
 1.17755322E+00 -2.23605777E-03
 1.08377648E+00 -4.38405131E-02
 9.94192723E-01 -7.35209463E-02
 9.64955755E-01 -1.09957073E-01
 9.65484058E-01 -1.31168285E-01
 9.26182329E-01 -9.50392277E-02
 8.96124746E-01 -2.51020436E-02
 9.52952120E-01  3.21211898E-02
 1.04348169E+00  7.02907533E-02
 1.09270675E+00  8.88340742E-02
 1.12569978E+00  8.29085465E-02
 1.17478046E+00  6.65215143E-02
 1.20803545E+00  5.09396812E-02
 1.20005822E+00  3.63682685E-02
 1.16958167E+00  2.32733255E-02
 1.13730834E+00  8.12158560E-03
 1.11219179E+00 -6.26472959E-03
 1.10557340E+00 -1.03657829E-02
 1.11713839E+00 -4.64054457E-03
 1.13138828E+00  6.20540102E-03
 1.14176237E+00  1.81283719E-02
 1.14795271E+00  2.40273047E-02
 1.14721518E+00  2.27401792E-02
 1.14152075E+00  1.89004320E-02
 1.12812510E+00  1.27822439E-02
 1.10011569E+00  4.17348185E-03
 1.06283248E+00 -4.19916432E-03
 1.02772827E+00 -1.04871058E-02
 1.00385236E+00 -1.13872386E-02
 1.00029300E+00 -3.14321925E-03
 1.01779672E+00  1.16021088E-02
 1.04807757E+00  2.63004780E-02
 1.08663024E+00  3.65269253E-02
 1.12922758E+00  3.89883224E-02
 1.16631106E+00  3.31947174E-02
 1.18910619E+00  2.29507737E-02
 1.18913084E+00  1.10510733E-02
 1.16134921E+00  9.50243941E-04
 1.11704220E+00  1.80704960E-03
 1.07828637E+00  2.25528513E-02
 1.06100093E+00  6.39975702E-02
 1.07303981E+00  1.13560001E-01
 1.10693990E+00  1.33431922E-01
 1.13981541E+00  8.74632193E-02
 1.15819919E+00  1.13831795E-02
 1.15873469E+00 -3.08766416E-02
 1.14143298E+00 -6.55934589E-02
 1.11589826E+00 -1.40621568E-01
 1.08543383E+00 -1.98582498E-01
 1.04638872E+00 -1.70553592E-01
 1.00525621E+00 -9.55161895E-02
 9.71092085E-01 -3.66977914E-02
 9.52733414E-01  5.32134356E-03
 9.60463808E-01  3.64769486E-02
 9.91145535E-01  4.66448190E-02
 1.03095739E+00  4.66940713E-02
 1.07063399E+00  4.51603125E-02
 1.10257481E+00  3.58986928E-02
 1.12252465E+00  2.16173310E-02
 1.13331884E+00  6.61856996E-03
 1.13315604E+00 -4.83474948E-03
 1.11831444E+00 -7.22157250E-03
 1.09390428E+00 -1.43605462E-02
 1.06763509E+00 -3.73770896E-02
 1.04642362E+00 -3.06005910E-02
 1.03560952E+00  5.27703347E-02
 1.02759090E+00  1.39070152E-01
 1.00511211E+00  1.13782360E-01
 9.57752133E-01 -7.44397839E-03
 8.81649983E-01 -1.44278183E-01
 7.81284088E-01 -2.40380139E-01
 6.72254380E-01 -2.35334475E-01
 5.65541238E-01 -1.64499057E-01
 4.68079744E-01 -1.42522023E-01
 3.92279127E-01 -1.55258666E-01
 3.49167836E-01 -1.30875728E-01
 3.49972313E-01 -8.97903338E-02
 4.04781939E-01 -5.27014134E-02
 5.07603848E-01 -1.89493767E-02
 6.37909712E-01 -9.14776625E-03
 7.68175346E-01  1.10253403E-02
 8.58601134E-01  1.02653376E-01
 8.57663898E-01  2.30399924E-01
 7.43223102E-01  3.22641042E-01
 5.96376076E-01  3.82690623E-01
 5.44920047E-01  4.28940239E-01
 6.04563345E-01  4.45743788E-01
 7.18294954E-01  4.32308964E-01
 8.47537231E-01  3.97021611E-01
 9.28236606E-01  3.36477957E-01
 9.24041633E-01  2.58504020E-01
 8.64868113E-01  1.79752066E-01
 7.72598975E-01  1.13447126E-01
 6.71126440E-01  7.03155758E-02
 5.80185367E-01  4.50807865E-02
 4.86523720E-01  1.90395372E-02
 3.83802604E-01 -1.70809112E-02
 2.86930073E-01 -6.25530632E-02
 2.59831831E-01 -1.03467119E-01
 3.82641606E-01 -1.12272774E-01
 6.13750208E-01 -7.67377864E-02
 8.36801190E-01 -4.13429109E-03
 9.96384888E-01  8.46589943E-02
 1.05582253E+00  1.52813008E-01
 9.98577385E-01  1.76329322E-01
 8.74725143E-01  1.53053739E-01
 7.27405667E-01  9.52177662E-02
 5.79224390E-01  3.25685516E-02
 4.49116948E-01 -1.50682075E-02
 3.50266145E-01 -4.64299224E-02
 3.73465991E-01 -6.84297229E-02
 6.03639532E-01 -9.95798998E-02
 8.87259169E-01 -1.44568485E-01
 9.95730464E-01 -1.86934266E-01
 9.83218772E-01 -2.03911336E-01
 1.00870457E+00 -1.66208402E-01
 1.03138002E+00 -6.49086670E-02
 9.98716510E-01  7.38070681E-02
 9.77777090E-01  1.93814437E-01
 9.91352750E-01  2.34751737E-01
 9.90909255E-01  2.17374607E-01
 9.43941484E-01  2.13009258E-01
 8.68352610E-01  2.20905649E-01
 8.06928744E-01  2.15823006E-01
 7.91483281E-01  2.12410842E-01
 8.48141932E-01  2.12647945E-01
 9.67062167E-01  2.15458035E-01
 1.08217647E+00  2.29961976E-01
 1.10582355E+00  2.20284683E-01
 9.74203147E-01  1.40269854E-01
 7.54546041E-01  2.17961101E-02
 5.88938058E-01 -7.28537941E-02
 4.68822366E-01 -1.40379401E-01
 3.24702868E-01 -1.94747123E-01
 2.13777465E-01 -2.29037543E-01
 1.93505122E-01 -2.50972933E-01
 2.37250332E-01 -2.66784367E-01
 3.15453198E-01 -2.62339891E-01
 3.81909578E-01 -2.23873548E-01
 3.72093949E-01 -1.50570300E-01
 3.01654490E-01 -8.85498456E-02
 2.46496983E-01 -9.34097652E-02
 2.50162873E-01 -1.11582970E-01
 3.39488168E-01 -5.53314024E-02
 5.07147765E-01  1.91102813E-02
 6.87679014E-01  2.45483645E-02
 8.33899755E-01  3.54119387E-02
 9.17259818E-01  1.31110036E-01
 9.03179740E-01  1.78871904E-01
 8.11704868E-01  3.93940761E-02
 7.54686151E-01 -1.19960755E-01
 8.33399252E-01 -6.88754707E-02
 9.33651754E-01  6.73526132E-02
 8.71888023E-01  7.25462526E-02
 7.83871468E-01  4.39530304E-02
 8.94091128E-01  1.14463460E-01
 1.06623063E+00  1.65846816E-01
 1.09268517E+00  9.25521814E-02
 1.06782885E+00  4.38336358E-03
 1.11788088E+00  1.86744596E-02
 1.17468105E+00  7.30041367E-02
 1.17820256E+00  7.30269263E-02
 1.16803664E+00  4.87212233E-02
 1.16383921E+00  4.30872866E-02
 1.15707576E+00  4.11628095E-02
 1.15788490E+00  4.31304850E-02
 1.16691553E+00  4.55768467E-02
 1.16746785E+00  2.19269238E-02
 1.15317050E+00 -1.13131605E-02
 1.12484543E+00 -1.78202115E-02
 1.08762590E+00 -1.13816371E-02
 1.05572228E+00 -1.65855257E-02
 1.03661538E+00 -1.86930737E-02
 1.03009718E+00  5.18939647E-04
 1.03760385E+00  3.88768176E-02
 1.05652594E+00  9.51590597E-02
 1.08368378E+00  1.66598691E-01
 1.11688951E+00  2.32083884E-01
 1.14497449E+00  2.49874196E-01
 1.15302314E+00  1.87380663E-01
 1.13244099E+00  8.30415129E-02
 1.08336681E+00  1.31867913E-02
 1.02508876E+00 -8.07089482E-03
 9.89880221E-01 -2.39298245E-04
 9.93862431E-01  2.70535027E-02
 1.02865911E+00  4.51334673E-02
 1.05087616E+00  4.75010232E-02
 1.01297381E+00  5.90016449E-02
 9.68111669E-01  7.35732149E-02
 1.00620764E+00  7.52444249E-02
 1.07080316E+00  6.38341130E-02
 1.06389730E+00  3.91847933E-02
 1.04023498E+00  2.82522619E-02
 1.07997842E+00  6.84975892E-02
 1.13830850E+00  1.34028386E-01
 1.15973549E+00  1.69703344E-01
 1.16506300E+00  1.71751111E-01
 1.17213221E+00  1.53853569E-01
 1.16658409E+00  1.15085806E-01
 1.14690230E+00  7.09932287E-02
 1.12128894E+00  3.75030731E-02
 1.08964552E+00  1.52611366E-02
 1.05296611E+00  8.21950256E-03
 1.01632669E+00  1.89542110E-02
 9.86715681E-01  4.89775217E-02
 9.74569007E-01  1.00793310E-01
 9.91977906E-01  1.61654181E-01
 1.04634112E+00  2.08802750E-01
 1.12798502E+00  2.23668281E-01
 1.19931263E+00  1.92272184E-01
 1.18243131E+00  1.16676356E-01
 1.02314025E+00  1.73278466E-02
 8.42712739E-01 -8.44689128E-02
 8.27486929E-01 -1.61309657E-01
 9.26456019E-01 -1.70388998E-01
 9.84016343E-01 -9.29772661E-02
 1.01121537E+00  3.10088396E-03
 1.04089509E+00  2.41112566E-02
 1.04330388E+00  4.60937032E-05
 1.04412496E+00  1.44754761E-02
 1.07676154E+00  4.23141680E-02
 1.13036533E+00  3.65844879E-02
 1.17323300E+00  1.66340724E-02
 1.16668638E+00 -3.17247075E-03
 1.13579764E+00 -7.10362915E-03
 1.14105989E+00  3.44356365E-02
 1.16542047E+00  8.12983017E-02
 1.16819633E+00  6.55591497E-02
 1.16404881E+00  2.07543053E-02
 1.16122718E+00  9.45342436E-03
 1.12650213E+00 -9.67310273E-03
 1.03307185E+00 -8.99813518E-02
 8.85463742E-01 -1.82223053E-01
 7.19422104E-01 -2.18432103E-01
 6.29686134E-01 -1.88694201E-01
 7.07057877E-01 -1.03855971E-01
 8.60103181E-01 -1.33383206E-02
 9.17762876E-01  9.59049185E-03
 9.19638048E-01  5.89265363E-03
 9.84731772E-01  6.80998201E-02
 1.08217176E+00  1.42266925E-01
 1.16590237E+00  1.35007119E-01
 1.22581801E+00  8.53587558E-02
 1.21738589E+00  5.16314453E-02
 1.17043540E+00  1.94314072E-02
 1.16854593E+00 -1.67312805E-02
 1.18218549E+00 -3.80011455E-02
 1.14480331E+00 -4.46963308E-02
 1.08385053E+00 -4.00823193E-02
 1.03870484E+00 -1.99058054E-02
 1.00542828E+00  1.25736903E-02
 9.92769101E-01  4.94278432E-02
 1.01535161E+00  7.95782904E-02
 1.06467237E+00  8.89396937E-02
 1.12224894E+00  7.14882692E-02
 1.16563894E+00  2.96555096E-02
 1.17567921E+00 -3.04683372E-02
 1.14694438E+00 -9.11918296E-02
 1.09347350E+00 -1.16494015E-01
 1.04477145E+00 -7.99860756E-02
 1.02055321E+00 -1.90259132E-02
 1.02465148E+00  1.96863356E-03
 1.04474876E+00 -8.55708652E-03
 1.05109576E+00 -9.19284989E-03
 1.02813381E+00 -3.24083955E-03
 9.78462865E-01  2.10641781E-03
 9.09509648E-01  1.23101090E-04
 8.41424681E-01 -3.13326382E-02
 7.88253334E-01 -6.71578836E-02
 7.53997900E-01 -5.94339617E-02
 7.53563281E-01 -2.79937259E-02
 7.99918566E-01 -1.51331084E-02
 8.93459344E-01 -1.33688500E-02
 1.01835298E+00 -8.54311683E-03
 1.11573004E+00 -6.01161502E-03
 1.12673243E+00 -5.14146524E-04
 1.10404102E+00  1.38827559E-02
 1.13332231E+00  3.05660973E-02
 1.13643339E+00  4.29606396E-02
 1.00892414E+00  4.44360379E-02
 8.86123326E-01  3.08741853E-02
 9.43196637E-01  5.62478129E-03
 1.07236386E+00 -2.41505603E-02
 1.09308963E+00 -4.80370265E-02
 1.04952075E+00 -5.75171972E-02
 1.02825532E+00 -5.02911228E-02
 1.00160822E+00 -3.03438025E-02
 9.71696125E-01 -7.63080563E-03
 9.83658585E-01  1.02841195E-02
 1.03756736E+00  1.99729151E-02
 1.10440262E+00  1.93984413E-02
 1.15158872E+00  1.03173632E-02
 1.16328013E+00 -7.16006020E-03
 1.14210751E+00 -3.40459229E-02
 1.09185543E+00 -6.40715794E-02
 1.02650713E+00 -8.79338153E-02
 9.58645335E-01 -9.83926325E-02
 8.91319875E-01 -9.14116599E-02
 8.35958145E-01 -7.51282953E-02
 8.05753095E-01 -6.60811205E-02
 8.10742964E-01 -7.11053151E-02
 8.57978345E-01 -8.46050472E-02
 9.32516937E-01 -8.41007664E-02
 1.00334902E+00 -4.60043505E-02
 1.04789771E+00 -2.69880069E-03
 1.05446272E+00 -6.26115468E-03
 1.03406782E+00 -2.46049950E-02
 1.01980423E+00 -4.16999011E-04
 1.02949524E+00  3.66664451E-02
 1.06383540E+00  4.03672635E-02
 1.11297684E+00  3.09197364E-02
 1.15011497E+00  3.18088182E-02
 1.16282339E+00  2.76588300E-02
 1.15699919E+00  9.20627651E-03
 1.13685392E+00 -1.20149425E-02
 1.11376209E+00 -2.79733652E-02
 1.09344435E+00 -3.79138221E-02
 1.06946339E+00 -4.04729224E-02
 1.04222673E+00 -3.75864339E-02
 1.01375299E+00 -3.53085002E-02
 9.85984493E-01 -3.41807523E-02
 9.66706371E-01 -2.64687123E-02
 9.59511546E-01  5.21562077E-03
 9.63732880E-01  6.65961282E-02
 9.78971526E-01  9.64687547E-02
 1.00060151E+00  2.40136364E-02
 1.02029984E+00 -8.30679003E-02
 1.02948392E+00 -1.03900267E-01
 1.02173933E+00 -6.01457960E-02
 9.97177527E-01 -2.52033707E-02
 9.68276479E-01 -1.63347060E-03
 9.55643837E-01  4.28935052E-03
 9.72856331E-01 -1.34277377E-03
 1.02184238E+00  2.60382322E-02
 1.08729000E+00  5.97166899E-02
 1.13862975E+00  4.02780330E-02
 1.15646482E+00  9.77281669E-04
 1.13729339E+00 -5.43940361E-03
 1.09173963E+00 -1.61077063E-03
 1.04746592E+00 -1.58468219E-02
 1.02176912E+00 -2.66339179E-02
 1.01743194E+00 -1.48882041E-02
 1.03506345E+00  8.77455280E-03
 1.06527705E+00  3.45614590E-02
 1.10287478E+00  6.05123173E-02
 1.14882118E+00  7.87816416E-02
 1.18962809E+00  8.10425652E-02
 1.20696387E+00  6.40606311E-02
 1.18724262E+00  2.45235359E-02
 1.12252048E+00 -3.66590429E-02
 1.03085477E+00 -1.05681214E-01
 9.50337197E-01 -1.61566886E-01
 9.06722242E-01 -1.87455050E-01
 9.11199879E-01 -1.74416731E-01
 9.53020341E-01 -1.30914864E-01
 9.97539432E-01 -8.07479117E-02
 1.02615113E+00 -3.96424996E-02
 1.03886047E+00 -1.38088819E-02
 1.04200269E+00 -2.04786537E-03
 1.05650561E+00  8.43964005E-03
 1.08952125E+00  2.12720204E-02
 1.12946037E+00  3.02542146E-02
 1.16875291E+00  3.43964974E-02
 1.19565427E+00  3.10667243E-02
 1.20376144E+00  2.17905828E-02
 1.20002460E+00  1.53354416E-02
 1.18774506E+00  1.26775109E-02
 1.17014943E+00  1.07015916E-02
 1.15181356E+00  8.88456851E-03
 1.13181968E+00  4.72670759E-03
 1.11013964E+00 -1.87039823E-03
 1.08804220E+00 -7.42593870E-03
 1.06659546E+00 -1.17928540E-02
 1.04967174E+00 -1.57649033E-02
 1.04228700E+00 -1.76407612E-02
 1.04903282E+00 -1.61005380E-02
 1.07184944E+00 -1.01272298E-02
 1.10793393E+00  9.73964948E-04
 1.14949901E+00  1.39848972E-02
 1.18496283E+00  2.31437465E-02
 1.20470566E+00  2.48025383E-02
 1.20383653E+00  1.73961417E-02
 1.18376277E+00  2.36311699E-03
 1.15243418E+00 -1.51272386E-02
 1.11644566E+00 -3.07971256E-02
 1.08032606E+00 -4.12274560E-02
 1.04914591E+00 -4.16799774E-02
 1.02591220E+00 -2.85009666E-02
 1.01586624E+00  9.00401528E-04
 1.02518457E+00  4.65947537E-02
 1.05228530E+00  1.00471155E-01
 1.09038322E+00  1.48889880E-01
 1.13099007E+00  1.80422287E-01
 1.16250293E+00  1.87583470E-01
 1.17479763E+00  1.71688546E-01
 1.16094039E+00  1.42493408E-01
 1.11378562E+00  1.05254903E-01
 1.03118325E+00  6.05436743E-02
 9.23430559E-01  6.95946821E-03
 8.09699247E-01 -5.96886797E-02
 7.11411902E-01 -1.32538307E-01
 6.50561006E-01 -1.90366204E-01
 6.43079826E-01 -2.02542507E-01
 6.93805489E-01 -1.50482597E-01
 7.98921382E-01 -8.66073311E-02
 9.35095647E-01 -9.01847889E-02
 1.04195344E+00 -1.36272069E-01
 1.06179181E+00 -1.50567422E-01
 1.02467810E+00 -1.28673005E-01
 1.00511996E+00 -8.22386399E-02
 1.00169249E+00 -1.85873422E-02
 9.85332838E-01  2.69255154E-02
 9.69807209E-01  6.14170005E-02
 9.63886984E-01  1.21855945E-01
 9.85171150E-01  1.82504088E-01
 1.06491804E+00  1.99853287E-01
 1.16219607E+00  1.73637481E-01
 1.20273417E+00  1.09770071E-01
 1.18892479E+00  1.48281829E-02
 1.14582713E+00 -8.31612024E-02
 1.04336569E+00 -1.57988200E-01
 8.68108087E-01 -1.96161769E-01
 6.87308635E-01 -1.95500922E-01
 5.88421809E-01 -1.67860063E-01
 6.14905181E-01 -1.19631708E-01
 7.62836122E-01 -5.29306194E-02
 9.36770711E-01  1.96383658E-02
 1.00313394E+00  8.43265349E-02
 1.00697425E+00  1.25176241E-01
 1.07601500E+00  1.26274505E-01
 1.13556714E+00  9.43437619E-02
 1.07757060E+00  5.21200553E-02
 1.01016021E+00  1.59852452E-02
 1.04811497E+00 -2.31835154E-03
 1.09087281E+00 -3.47819278E-03
 1.02077251E+00 -3.55741344E-03
 9.43544612E-01 -8.00535720E-03
 9.97233587E-01 -1.52889187E-02
 1.08981059E+00 -3.18671627E-02
 1.08536916E+00 -6.02240552E-02
 1.03135757E+00 -9.98072189E-02
 1.00009698E+00 -1.43527593E-01
 9.61894106E-01 -1.52665965E-01
 9.06278653E-01 -9.12249602E-02
 8.78954314E-01 -6.67986133E-03
 9.01883511E-01  2.61947643E-02
 9.54378353E-01  3.98633636E-02
 1.00649750E+00  9.41177026E-02
 1.04485676E+00  1.27726129E-01
 1.05660867E+00  6.49077661E-02
 1.01282106E+00 -4.55977396E-02
 9.12537557E-01 -1.27922012E-01
 8.39084095E-01 -1.77760894E-01
 8.81960204E-01 -1.98129215E-01
 9.69204126E-01 -1.77459000E-01
 9.67094737E-01 -1.32150643E-01
 9.19613106E-01 -7.98306709E-02
 9.26324146E-01 -2.66527719E-02
 9.55532862E-01  7.00999749E-03
 9.72357357E-01  1.04768771E-02
 1.01192704E+00  1.56499596E-02
 1.08304606E+00  5.72480864E-02
 1.15799841E+00  9.84592780E-02
 1.21588808E+00  8.00237752E-02
 1.24782340E+00  3.22441824E-02
 1.24871788E+00  1.26820979E-02
 1.21695799E+00  4.18658444E-03
 1.15962009E+00 -1.93749892E-02
 1.08476358E+00 -3.84296689E-02
 9.99337068E-01 -4.02146313E-02
 9.17561645E-01 -3.34904469E-02
 8.56218177E-01 -2.11816741E-02
 8.30739768E-01 -3.67434277E-03
 8.51982682E-01  1.36433440E-02
 9.12066151E-01  2.80142377E-02
 9.88270974E-01  3.99614138E-02
 1.06160414E+00  4.87081647E-02
 1.11762504E+00  5.49006046E-02
 1.15207575E+00  6.35523891E-02
 1.17363965E+00  7.97304969E-02
 1.18278245E+00  1.02870703E-01
 1.17497705E+00  1.22070921E-01
 1.15462415E+00  1.06813254E-01
 1.12673906E+00  3.26661039E-02
 1.10053834E+00 -5.43031752E-02
 1.08888035E+00 -7.98723599E-02
 1.08920474E+00 -5.63270968E-02
 1.08861696E+00 -3.54561372E-02
 1.07905206E+00 -2.11065486E-02
 1.05298428E+00 -6.72599533E-03
 1.00682998E+00  3.75003336E-02
 9.44998934E-01  1.51328041E-01
 8.67791222E-01  2.39977389E-01
 7.76158357E-01  1.57046979E-01
 6.84889818E-01 -5.67913930E-02
 6.14148137E-01 -2.61208476E-01
 5.80441471E-01 -3.63982449E-01
 5.93958674E-01 -2.89908135E-01
 6.44259049E-01 -1.13413848E-01
 7.04636285E-01 -2.63870209E-02
 7.59461868E-01 -8.08113088E-03
 8.05931719E-01  6.31973467E-02
 8.55965265E-01  1.40813750E-01
 9.35106128E-01  1.75389863E-01
 1.04469413E+00  2.06071209E-01
 1.15329016E+00  2.32947690E-01
 1.20104495E+00  2.24418859E-01
 1.12965668E+00  1.69457649E-01
 9.89327100E-01  8.04913841E-02
 8.86255238E-01 -1.44176079E-02
 8.04837608E-01 -8.88865781E-02
 7.00062924E-01 -1.16737590E-01
 6.61245532E-01 -7.99509084E-02
 7.66693706E-01  8.91376419E-03
 9.10623247E-01  9.58189674E-02
 9.57707646E-01  1.16587805E-01
 9.62677023E-01  7.60355381E-02
 1.01994817E+00  2.79883485E-02
 1.03061750E+00 -4.28353401E-03
 8.92821317E-01 -8.00385584E-04
 7.52218133E-01  6.01801722E-02
 7.80200270E-01  1.53762423E-01
 8.70141126E-01  2.11363643E-01
 8.48725508E-01  1.71743933E-01
 7.83074262E-01  7.94132742E-02
 7.88103537E-01  3.78021561E-02
 8.26459789E-01  4.53689409E-02
 8.68187324E-01  5.26447834E-02
 9.43658481E-01  5.10453510E-02
 1.03857787E+00  2.23322497E-02
 1.10276505E+00 -8.10324630E-03
 1.09573930E+00  2.51135053E-02
 1.00267262E+00  8.00937100E-02
 8.47502707E-01  7.92324162E-02
 7.10932043E-01  7.46014175E-02
 6.85029119E-01  1.33392450E-01
 7.37897709E-01  1.79528063E-01
 7.69457596E-01  1.26757784E-01
 7.95948775E-01  5.08785322E-02
 8.70126356E-01  6.07623996E-02
 9.73349226E-01  1.24272219E-01
 1.09051634E+00  1.67303428E-01
 1.19399788E+00  1.65940299E-01
 1.22699511E+00  9.74851400E-02
 1.20774117E+00  5.78099381E-03
 1.19358461E+00 -8.56625356E-03
 1.16733387E+00  3.09834522E-02
 1.10064468E+00  3.76730818E-02
 1.03386242E+00  1.99979211E-02
 1.00803499E+00  2.60789097E-03
 1.01141424E+00 -1.27528864E-02
 1.02439602E+00  1.20030225E-03
 1.04753302E+00  3.06338477E-02
 1.07803499E+00  2.74287996E-02
 1.11049808E+00  6.75482576E-03
 1.14793070E+00  3.99964335E-03
 1.18264761E+00  6.71247321E-03
 1.19866599E+00  1.05492448E-03
 1.19138238E+00 -3.53883439E-03
 1.16115817E+00 -4.65906844E-03
 1.11108880E+00 -5.31056235E-03
 1.05382701E+00 -1.44008608E-03
 1.00560107E+00  1.19358249E-02
 9.82587585E-01  3.75922792E-02
 9.99312208E-01  7.47687564E-02
 1.05828706E+00  1.16172295E-01
 1.13733840E+00  1.46505234E-01
 1.19797284E+00  1.46208945E-01
 1.21185938E+00  1.03229764E-01
 1.16815943E+00  1.98266117E-02
 1.08459779E+00 -7.99865704E-02
 1.00588719E+00 -1.55583398E-01
 9.60132248E-01 -1.78780809E-01
 9.55190918E-01 -1.42473168E-01
 9.88168748E-01 -6.71960490E-02
 1.03564974E+00  9.21264024E-05
 1.08580780E+00  2.93405443E-02
 1.14011030E+00  1.47361342E-02
 1.18369827E+00 -3.22806012E-02
 1.20072688E+00 -7.65290711E-02
 1.17733997E+00 -9.91952345E-02
 1.10139030E+00 -1.03439874E-01
 9.95234972E-01 -9.02613228E-02
 9.05282665E-01 -7.04332223E-02
 8.63426962E-01 -4.73548290E-02
 8.86398828E-01 -1.18343802E-02
 9.60998872E-01  2.80588733E-02
 1.04230319E+00  5.74362822E-02
 1.10446214E+00  6.59108864E-02
 1.14149871E+00  4.33427860E-02
 1.15309971E+00 -1.79928015E-04
 1.15729437E+00 -3.77013284E-02
 1.15867782E+00 -5.35846708E-02
 1.14640112E+00 -4.19121670E-02
 1.12730033E+00 -9.22232410E-03
 1.11144661E+00  2.16315447E-02
 1.10838392E+00  3.89509234E-02
 1.13119534E+00  4.34630472E-02
 1.16836613E+00  3.68454689E-02
 1.19089786E+00  2.89690715E-02
 1.18303255E+00  2.35443264E-02
 1.13929903E+00  1.51031457E-02
 1.07218227E+00  5.46334583E-03
 1.01477248E+00 -2.45382932E-03
 9.85694482E-01 -5.94419423E-03
 9.87867248E-01  7.77449025E-04
 1.01907265E+00  1.45879746E-02
 1.06310059E+00  2.59077287E-02
 1.11025701E+00  2.96886105E-02
 1.16015008E+00  2.33578194E-02
 1.20159717E+00  1.00911392E-02
 1.22268983E+00 -1.00948280E-04
 1.21368671E+00 -2.45201024E-03
 1.16656726E+00  2.50416975E-03
 1.09616580E+00  1.23039353E-02
 1.03355750E+00  1.99921545E-02
 1.00072829E+00  2.20702477E-02
 1.00951928E+00  2.01616846E-02
 1.05114736E+00  1.55221409E-02
 1.09555760E+00  1.12262568E-02
 1.12628994E+00  8.96296203E-03
 1.14135936E+00  7.04001651E-03
 1.14460519E+00  4.94228216E-03
 1.15292280E+00  2.20110847E-03
 1.17083663E+00 -1.39715115E-03
 1.18749565E+00 -4.27807770E-03
 1.19700987E+00 -5.70676398E-03
 1.19090753E+00 -5.56195485E-03
 1.16589534E+00 -3.49700650E-03
 1.13075160E+00  6.42634242E-05
 1.09140418E+00  4.72282128E-03
 1.05374427E+00  1.03505151E-02
 1.02531164E+00  1.65528018E-02
 1.00861937E+00  2.31740741E-02
 1.00500630E+00  3.04955120E-02
 1.01498474E+00  3.87927411E-02
 1.03712050E+00  4.77832977E-02
 1.06974474E+00  5.62775024E-02
 1.10927468E+00  6.17119180E-02
 1.15031317E+00  6.07537678E-02
 1.18626637E+00  5.15220635E-02
 1.21026639E+00  3.44601289E-02
 1.21912484E+00  1.31960941E-02
 1.21304988E+00 -5.95446287E-03
 1.19273141E+00 -1.81898477E-02
 1.16066268E+00 -2.14102380E-02
 1.12117688E+00 -1.67678018E-02
 1.07923992E+00 -8.08713756E-03
 1.04201757E+00  5.05635059E-03
 1.01688391E+00  2.92072628E-02
 1.00668660E+00  7.69335644E-02
 1.01086808E+00  1.49757409E-01
 1.02837558E+00  1.94221965E-01
 1.05630355E+00  1.47787892E-01
 1.09026053E+00  5.87799173E-02
 1.12552725E+00  1.99612622E-02
 1.15501435E+00  1.44500105E-02
 1.17155806E+00 -6.97575218E-03
 1.17324822E+00 -2.13395146E-02
 1.16212864E+00 -1.24013478E-02
 1.14122508E+00 -3.30790002E-03
 1.11606252E+00 -1.96341605E-03
 1.09401294E+00  2.31373682E-04
 1.08202591E+00  7.13948972E-03
 1.08668165E+00  1.30411715E-02
 1.10990300E+00  1.04454583E-02
 1.14098716E+00  2.02057664E-03
 1.16127959E+00 -5.92660314E-03
 1.15761592E+00 -9.65119036E-03
 1.12586583E+00 -4.74899688E-03
 1.07822754E+00  6.92824685E-03
 1.04126122E+00  1.71558834E-02
 1.03084796E+00  2.27356823E-02
 1.04934055E+00  2.37098377E-02
 1.08801482E+00  2.06675925E-02
 1.12390465E+00  1.76540417E-02
 1.14431109E+00  1.59020838E-02
 1.15047411E+00  1.32385826E-02
 1.14573872E+00  9.65464212E-03
 1.14124929E+00  5.04814820E-03
 1.14133121E+00 -2.93050542E-04
 1.13885053E+00 -4.07176750E-03
 1.12964543E+00 -5.39756846E-03
 1.10869299E+00 -4.39208357E-03
 1.07533496E+00 -7.66799558E-04
 1.03918695E+00  4.80920294E-03
 1.01138674E+00  1.11320974E-02
 1.00420603E+00  1.70186725E-02
 1.02640145E+00  2.08784439E-02
 1.07604197E+00  2.13505681E-02
 1.13995117E+00  1.81130731E-02
 1.19624934E+00  1.16493595E-02
 1.22697979E+00  2.63638844E-03
 1.22369511E+00 -7.75173905E-03
 1.18991588E+00 -1.75397129E-02
 1.14173183E+00 -2.43964656E-02
 1.09034252E+00 -2.57479073E-02
 1.04108773E+00 -1.93775457E-02
 1.00133118E+00 -4.93318157E-03
 9.74553604E-01  1.61063736E-02
 9.68167942E-01  4.13964902E-02
 9.92188892E-01  6.70464164E-02
 1.04176612E+00  8.71571976E-02
 1.10298207E+00  9.52893317E-02
 1.16233837E+00  8.62308375E-02
 1.20473608E+00  5.82250744E-02
 1.22326271E+00  1.69243166E-02
 1.22051080E+00 -2.61580018E-02
 1.19469165E+00 -6.08826171E-02
 1.14532277E+00 -7.97599100E-02
 1.08229843E+00 -8.00191573E-02
 1.01905206E+00 -6.50230085E-02
 9.71480873E-01 -3.65570077E-02
 9.55122612E-01  3.53007169E-03
 9.70600604E-01  4.69450283E-02
 1.00664722E+00  8.34312078E-02
 1.05549990E+00  1.02651789E-01
 1.10922951E+00  9.64935811E-02
 1.15832146E+00  6.98115927E-02
 1.19698868E+00  3.73005723E-02
 1.21471689E+00  9.61370395E-03
 1.20103147E+00 -6.42291877E-03
 1.16201020E+00 -1.04241445E-02
 1.11353996E+00 -1.06000117E-02
 1.06984226E+00 -9.04770280E-03
 1.04418871E+00 -3.27763270E-03
 1.03950726E+00  4.12255557E-03
 1.04740246E+00  1.12185537E-02
 1.06578862E+00  1.43725432E-02
 1.09418294E+00  8.04988499E-03
 1.12338601E+00 -2.99503029E-03
 1.14378645E+00 -7.88254029E-03
 1.14510169E+00 -8.11893681E-04
 1.11953874E+00  2.00212671E-02
 1.07989895E+00  4.76171249E-02
 1.05247820E+00  6.60826835E-02
 1.05387527E+00  6.62973349E-02
 1.08999393E+00  4.65420988E-02
 1.14842163E+00  9.42560642E-03
 1.19793930E+00 -3.46282829E-02
 1.22034234E+00 -7.81810895E-02
 1.21220900E+00 -1.18026670E-01
 1.17646054E+00 -1.46951044E-01
 1.12976746E+00 -1.58376907E-01
 1.08138942E+00 -1.45531392E-01
 1.03073226E+00 -1.01475183E-01
 9.86432432E-01 -2.95323548E-02
 9.56817481E-01  5.84986535E-02
 9.49309997E-01  1.49025521E-01
 9.71439314E-01  2.24306324E-01
 1.01048998E+00  2.65062499E-01
 1.04026942E+00  2.57801661E-01
 1.04366023E+00  2.00038884E-01
 1.01336296E+00  1.12248192E-01
 9.62830518E-01  5.64630622E-02
 9.24124719E-01  9.25595420E-02
 9.10854367E-01  1.73938196E-01
 9.13740573E-01  2.00032039E-01
 9.02427626E-01  1.66224503E-01
 8.46641795E-01  1.04906426E-01
 8.05300961E-01 -2.09831508E-04
 8.63224404E-01 -1.34586686E-01
 9.45282114E-01 -2.28561338E-01
 9.24150375E-01 -2.29496050E-01
 8.40103187E-01 -1.56090937E-01
 7.92130715E-01 -6.89318186E-02
 8.10821900E-01 -1.92478482E-03
 9.14980611E-01  2.68106690E-02
 1.03600412E+00  2.15928111E-02
 1.03739691E+00  2.40508585E-02
 9.58971510E-01  4.13301380E-02
 9.33247038E-01  5.44097062E-02
 9.54721139E-01  7.24012043E-02
 9.79483269E-01  9.90304701E-02
 9.72700699E-01  1.26420797E-01
 8.68953866E-01  1.47785777E-01
 7.40251432E-01  1.24723822E-01
 7.25837867E-01  1.86462507E-02
 7.34729472E-01 -1.25407003E-01
 6.20849160E-01 -2.23442445E-01
 5.17009506E-01 -2.57421960E-01
 5.98809810E-01 -2.40152552E-01
 7.56187465E-01 -1.76167660E-01
 8.25662778E-01 -9.74927116E-02
 8.60214077E-01 -2.93804898E-02
 9.35702677E-01  3.54627857E-02
 9.96175957E-01  1.16611222E-01
 1.00305960E+00  2.25552982E-01
 9.89854062E-01  2.90560510E-01
 9.80473423E-01  2.32107031E-01
 9.93444708E-01  1.84848192E-01
 1.04336749E+00  3.11038885E-01
 1.06547774E+00  3.86665898E-01
 9.68600396E-01  1.13474320E-01
 7.96395552E-01 -2.67122518E-01
 6.62864154E-01 -3.61008344E-01
 6.02545238E-01 -2.76720202E-01
 6.20861820E-01 -2.42302905E-01
 6.93454190E-01 -1.81909965E-01
 7.42052860E-01 -5.29265017E-02
 7.72916991E-01  2.46637235E-02
 8.47379629E-01  1.86894097E-02
 9.37843901E-01  3.75789109E-02
 1.00181492E+00  1.67718952E-01
 1.04703963E+00  2.79571857E-01
 1.06307634E+00  1.86125099E-01
 1.01243635E+00 -2.32188775E-03
 8.93673173E-01 -7.53783563E-02
 8.05111143E-01 -6.86635745E-02
 8.58548179E-01 -6.64640861E-02
 9.79649569E-01 -4.06697595E-02
 1.01851301E+00 -5.35458790E-03
 1.01130461E+00 -2.62546314E-03
 1.04575731E+00 -2.15641725E-02
 1.07705067E+00 -4.43385782E-02
 1.06626992E+00 -5.40344456E-02
 1.04622735E+00 -3.34854153E-02
 1.03445393E+00  1.48116638E-02
 1.04307805E+00  7.04392347E-02
 1.09044824E+00  1.02269503E-01
 1.13953641E+00  9.77707533E-02
 1.13522783E+00  6.62441806E-02
 1.11588207E+00  2.03848970E-02
 1.14849428E+00 -1.67792893E-02
 1.19071648E+00 -2.80860111E-02
 1.17481677E+00 -1.47774467E-02
 1.12913960E+00  1.32685601E-02
 1.09617431E+00  3.65810872E-02
 1.06227661E+00  4.22283547E-02
 1.02034411E+00  3.12988604E-02
 9.91334540E-01  1.05386705E-02
 9.87015683E-01 -5.08586439E-03
 1.01008545E+00 -6.73202602E-03
 1.06186080E+00  4.28733700E-03
 1.12668763E+00  2.90253538E-02
 1.17564252E+00  5.42107400E-02
 1.18776286E+00  3.21613070E-02
 1.15432014E+00 -6.89948080E-02
 1.08769308E+00 -1.67232972E-01
 1.02053299E+00 -1.46382006E-01
 9.74571081E-01 -5.65268358E-02
 9.58066454E-01 -1.51404531E-02
 9.71023875E-01 -3.02450549E-03
 9.98429247E-01  2.71305878E-02
 1.03435926E+00  5.51555753E-02
 1.08250899E+00  7.85713666E-02
 1.13489889E+00  8.92980490E-02
 1.18212042E+00  5.27012362E-02
 1.21263154E+00 -4.40340967E-03
 1.21121903E+00 -2.80331149E-02
 1.18128375E+00 -3.31614889E-02
 1.13976492E+00 -5.09776122E-02
 1.09814420E+00 -6.04144263E-02
 1.06679892E+00 -3.96237125E-02
 1.05011356E+00 -2.52164943E-03
 1.04251244E+00  3.62860652E-02
 1.04583273E+00  7.12175530E-02
 1.06522388E+00  9.19315781E-02
 1.09591350E+00  9.52141987E-02
 1.13060895E+00  8.83232540E-02
 1.15974913E+00  7.32693123E-02
 1.17099484E+00  5.02635493E-02
 1.16247376E+00  2.41048405E-02
 1.14070054E+00 -1.28517411E-03
 1.10928526E+00 -1.94708259E-02
 1.07374515E+00 -2.29605958E-02
 1.04356427E+00 -1.47362974E-02
 1.02686062E+00 -4.24063933E-03
 1.03246942E+00  2.43373116E-03
 1.06504664E+00  1.17379731E-03
 1.11182339E+00 -6.31427309E-03
 1.14914439E+00 -1.16827257E-02
 1.16017757E+00 -1.24348769E-02
 1.13749825E+00 -1.09048955E-02
 1.09152139E+00 -8.67897711E-03
 1.04961528E+00 -9.75155045E-03
 1.02742217E+00 -1.42324167E-02
 1.02717171E+00 -1.64231306E-02
 1.04359755E+00 -1.12080142E-02
 1.05873234E+00  6.95788114E-03
 1.06510240E+00  4.12361496E-02
 1.06896874E+00  8.80924171E-02
 1.07466009E+00  1.37826226E-01
 1.09051116E+00  1.76040278E-01
 1.11832346E+00  1.90466674E-01
 1.14732752E+00  1.74845275E-01
 1.16730685E+00  1.31159739E-01
 1.16699299E+00  7.00045895E-02
 1.13913694E+00  7.26768173E-04
 1.08862430E+00 -6.86405725E-02
 1.02969889E+00 -1.26714187E-01
 9.83635162E-01 -1.63682393E-01
 9.67356531E-01 -1.69967891E-01
 9.86256003E-01 -1.39751058E-01
 1.03154795E+00 -8.48788113E-02
 1.08115837E+00 -2.89378797E-02
 1.11894658E+00  9.16603255E-03
 1.13779815E+00  1.76916278E-02
 1.13495959E+00  2.16475928E-03
 1.11706274E+00 -1.48461249E-02
 1.08655913E+00 -2.01039023E-02
 1.04262182E+00 -8.90944094E-03
 9.98279995E-01  2.23907501E-02
 9.71521828E-01  6.70646071E-02
 9.77436146E-01  1.19237892E-01
 1.02628709E+00  1.69991647E-01
 1.10446149E+00  1.82941938E-01
 1.17955453E+00  1.27635531E-01
 1.22903174E+00  4.45577841E-02
 1.24060721E+00 -2.84670416E-03
 1.21635674E+00 -3.68736571E-02
 1.17707409E+00 -1.00955086E-01
 1.13308020E+00 -1.37733891E-01
 1.08537951E+00 -8.46964786E-02
 1.04241715E+00 -6.35034957E-03
 1.00929977E+00  1.22052202E-02
 9.95202401E-01  9.81159894E-03
 1.01322273E+00  4.88794917E-02
 1.05589888E+00  8.30662057E-02
 1.10324562E+00  5.87413410E-02
 1.14070751E+00  2.02932802E-02
 1.15653703E+00  1.81415047E-02
 1.15314445E+00  2.78136232E-02
 1.14789976E+00  1.85112406E-02
 1.14743647E+00  1.00359641E-02
 1.15039542E+00  2.23316583E-02
 1.15607059E+00  4.22846666E-02
 1.15722818E+00  5.68078525E-02
 1.15307134E+00  6.25530168E-02
 1.15005873E+00  5.26849079E-02
 1.14568142E+00  2.89793346E-02
 1.13506259E+00  4.17995894E-03
 1.11588669E+00 -1.57600712E-02
 1.08556976E+00 -2.95840648E-02
 1.05124521E+00 -3.65280443E-02
 1.02754688E+00 -4.07226707E-02
 1.02208448E+00 -4.21981808E-02
 1.03588170E+00 -3.64793837E-02
 1.06155047E+00 -2.36549132E-02
 1.08246014E+00 -4.82086005E-03
 1.08913163E+00  1.82444070E-02
 1.08204629E+00  4.08420458E-02
 1.06910973E+00  6.09325445E-02
 1.06717606E+00  7.84456832E-02
 1.08574275E+00  9.12404898E-02
 1.12269967E+00  9.71616297E-02
 1.16936086E+00  9.40776073E-02
 1.20822231E+00  7.94405193E-02
 1.22737002E+00  5.38167669E-02
 1.22450061E+00  2.14722788E-02
 1.19929093E+00 -1.02064644E-02
 1.15779458E+00 -3.14045214E-02
 1.10563455E+00 -3.48701792E-02
 1.04673949E+00 -1.90919352E-02
 9.95111464E-01  8.98964777E-03
 9.68390115E-01  3.53511499E-02
 9.79303072E-01  4.92864655E-02
 1.03284808E+00  4.61518691E-02
 1.11169826E+00  2.89148674E-02
 1.18127778E+00  8.91428306E-03
 1.21670569E+00 -7.16604047E-03
 1.20671043E+00 -1.79589895E-02
 1.16087619E+00 -2.15879279E-02
 1.11092114E+00 -1.97200178E-02
 1.07565372E+00 -1.14026198E-02
 1.05902494E+00  6.89572581E-03
 1.06110171E+00  3.01487914E-02
 1.06932803E+00  4.92899818E-02
 1.08081604E+00  5.74207130E-02
 1.10383204E+00  4.92883640E-02
 1.13318818E+00  2.92850602E-02
 1.16051256E+00  1.01045271E-02
 1.17753009E+00 -1.17684599E-03
 1.17276547E+00 -2.67906198E-03
 1.15167968E+00  2.72244200E-03
 1.13216506E+00  5.24344162E-03
 1.12298791E+00  8.24405222E-04
 1.12684245E+00 -7.89370543E-03
 1.13643108E+00 -1.81369027E-02
 1.13256970E+00 -2.38659645E-02
 1.10797891E+00 -2.22458877E-02
 1.06874548E+00 -1.61662167E-02
 1.02729149E+00 -7.50203092E-03
 1.00574138E+00  9.11113771E-04
 1.01691649E+00  6.72065144E-03
 1.05781643E+00  1.06831423E-02
 1.11661851E+00  1.28567743E-02
 1.17057024E+00  1.32383084E-02
 1.20290391E+00  1.22007110E-02
 1.20977834E+00  9.14640272E-03
 1.19442127E+00  4.41259133E-03
 1.16991687E+00 -8.37188422E-04
 1.14444326E+00 -5.53837963E-03
 1.11792086E+00 -8.34627396E-03
 1.09288714E+00 -8.79874795E-03
 1.06977309E+00 -7.41150750E-03
 1.05281433E+00 -4.47750970E-03
 1.05163595E+00 -4.64295327E-04
 1.06723436E+00  3.90151210E-03
 1.09529954E+00  8.05059732E-03
 1.13099174E+00  1.10065881E-02
 1.16515503E+00  1.17585852E-02
 1.19012232E+00  1.03516649E-02
 1.20157717E+00  7.59430337E-03
 1.19413935E+00  4.57719776E-03
 1.16684736E+00  2.98910287E-03
 1.12984390E+00  4.92872476E-03
 1.09921923E+00  1.21057403E-02
 1.08812105E+00  2.49994337E-02
 1.10308626E+00  4.14378369E-02
 1.13548826E+00  5.43838110E-02
 1.16386406E+00  5.41255802E-02
 1.17485019E+00  3.48170598E-02
 1.16438226E+00 -2.71043153E-03
 1.13575193E+00 -4.69017993E-02
 1.10352849E+00 -7.78317465E-02
 1.07544904E+00 -8.22235463E-02
 1.05189486E+00 -5.73440580E-02
 1.03932146E+00 -1.36038145E-02
 1.04240988E+00  2.56790953E-02
 1.06515677E+00  4.53238082E-02
 1.11080498E+00  4.19640239E-02
 1.16493825E+00  2.02674034E-02
 1.20203945E+00 -3.67764367E-03
 1.20450630E+00 -2.11341765E-02
 1.16412757E+00 -3.33557567E-02
 1.09262633E+00 -3.96631757E-02
 1.02093272E+00 -4.31845567E-02
 9.69464795E-01 -4.33038380E-02
 9.46526268E-01 -3.32694931E-02
 9.52313287E-01 -1.46504782E-02
 9.72601387E-01  6.95011027E-03
 1.00177094E+00  2.67969276E-02
 1.04338817E+00  3.79480464E-02
 1.09143779E+00  3.90902829E-02
 1.13934258E+00  3.45528106E-02
 1.17716834E+00  2.54157172E-02
 1.18974201E+00  1.24874440E-02
 1.17647414E+00 -1.54176180E-03
 1.14728825E+00 -1.51882914E-02
 1.10934343E+00 -2.50687641E-02
 1.07234893E+00 -2.70445865E-02
 1.04485054E+00 -2.24388069E-02
 1.02990406E+00 -1.56067415E-02
 1.03401601E+00 -9.45188805E-03
 1.06120491E+00 -6.20617224E-03
 1.10019263E+00 -5.06410092E-03
 1.13216290E+00 -1.96656368E-03
 1.14234776E+00  4.00909924E-03
 1.12293767E+00  1.12904887E-02
 1.08537408E+00  1.84631809E-02
 1.05709228E+00  2.26323804E-02
 1.05367043E+00  2.26370124E-02
 1.07753952E+00  1.99174188E-02
 1.11969818E+00  1.52306880E-02
 1.15594967E+00  9.73763401E-03
 1.17378748E+00  4.76278619E-03
 1.17543396E+00  4.77296621E-04
 1.16427041E+00 -2.69035416E-03
 1.15165782E+00 -4.27670669E-03
 1.14283166E+00 -4.23626700E-03
 1.13211180E+00 -2.53070520E-03
 1.11862499E+00  1.42162598E-04
 1.10145817E+00  2.68858722E-03
 1.08154210E+00  4.85260294E-03
 1.06656703E+00  7.75851465E-03
 1.06076630E+00  1.52216296E-02
 1.06574923E+00  3.24579655E-02
 1.08300974E+00  6.14045939E-02
 1.10935614E+00  9.88826154E-02
 1.13865311E+00  1.34211714E-01
 1.16390947E+00  1.51748347E-01
 1.17878324E+00  1.43027712E-01
 1.18119701E+00  1.11229086E-01
 1.17678847E+00  7.52283338E-02
 1.17525339E+00  6.37633440E-02
 1.17839052E+00  8.62209737E-02
 1.17589054E+00  1.21306359E-01
 1.14095639E+00  1.07997009E-01
 1.03907199E+00 -1.41864203E-02
 8.63506268E-01 -1.81325532E-01
 6.50548583E-01 -2.65536198E-01
 4.93346011E-01 -2.64072120E-01
 4.92205187E-01 -2.30184653E-01
 6.02019292E-01 -1.69860782E-01
 6.97126014E-01 -1.10987336E-01
 7.82262661E-01 -7.09400019E-02
 9.02004538E-01 -2.67940791E-02
 1.01520070E+00 -2.33104103E-03
 1.09247430E+00 -3.08110459E-02
 1.12426140E+00 -7.06421769E-02
 1.08806693E+00 -6.92821124E-02
 1.02855473E+00 -4.16498831E-02
 1.02028138E+00 -2.18520009E-02
 1.03924780E+00 -7.72759917E-03
 1.02633564E+00  7.76169230E-03
 1.00799506E+00  3.32493964E-02
 1.02503729E+00  8.70393755E-02
 1.06185562E+00  1.40515038E-01
 1.10366355E+00  1.42172535E-01
 1.14631920E+00  1.06550475E-01
 1.17041795E+00  7.23568521E-02
 1.16907088E+00  3.15117852E-02
 1.15119923E+00 -2.29084302E-02
 1.11722819E+00 -6.11529104E-02
 1.06928534E+00 -6.21517378E-02
 1.01892347E+00 -4.10019580E-02
 9.77402859E-01 -2.24367676E-02
 9.57838043E-01 -1.39098793E-02
 9.70394295E-01 -1.60252443E-02
 1.00449462E+00 -2.54985303E-02
 1.03620255E+00 -2.74434320E-02
 1.05071078E+00 -1.64968593E-02
 1.04266220E+00  4.25652130E-04
 1.02174810E+00  1.84271294E-02
 1.01358584E+00  2.91503739E-02
 1.03014297E+00  2.82852681E-02
 1.06801174E+00  2.07501187E-02
 1.11786919E+00  9.89800185E-03
 1.15845000E+00 -1.47164119E-04
 1.17701881E+00 -5.22166446E-03
 1.17416151E+00 -5.86917603E-03
 1.14891544E+00 -3.14224920E-03
 1.10611214E+00  1.15271426E-03
 1.05163465E+00  4.47166099E-03
 9.89608471E-01  5.28925033E-03
 9.38156054E-01  8.09530490E-04
 9.20441268E-01 -1.21463333E-02
 9.47041052E-01 -3.55341825E-02
 1.01053745E+00 -6.91850649E-02
 1.06629459E+00 -1.06721962E-01
 1.06122004E+00 -1.37126782E-01
 1.02209677E+00 -1.51355166E-01
 1.01115572E+00 -1.43575605E-01
 1.00331288E+00 -1.14225074E-01
 9.59179344E-01 -7.08762255E-02
 9.40845822E-01 -2.01370799E-02
 1.01247860E+00  3.12470831E-02
 1.12196581E+00  7.20786915E-02
 1.18634293E+00  9.16115529E-02
 1.19686905E+00  8.08772466E-02
 1.16561961E+00  3.65321778E-02
 1.09596361E+00 -2.70196132E-02
 1.02226660E+00 -8.31774768E-02
 9.72062439E-01 -1.11578603E-01
 9.46101948E-01 -1.01609504E-01
 9.45071128E-01 -6.11476503E-02
 9.61120153E-01 -1.62306863E-02
 9.91766238E-01  1.74744737E-02
 1.04505589E+00  3.56669466E-02
 1.11188577E+00  3.84065382E-02
 1.17534183E+00  3.68292257E-02
 1.22028678E+00  3.33205227E-02
 1.22998663E+00  2.08333696E-02
 1.20674426E+00  2.79809197E-03
 1.16963723E+00 -1.53506845E-02
 1.13014704E+00 -2.71044785E-02
 1.09656333E+00 -2.18773735E-02
 1.07402470E+00 -1.60368966E-03
 1.05838970E+00  2.23889377E-02
 1.05348803E+00  4.38743448E-02
 1.06787983E+00  5.75665597E-02
 1.09800563E+00  6.10039428E-02
 1.13606119E+00  5.80953636E-02
 1.17292605E+00  4.82864864E-02
 1.19633417E+00  2.90647383E-02
 1.20393855E+00  5.21139379E-03
 1.20179281E+00 -1.65411119E-02
 1.19115512E+00 -2.98746686E-02
 1.17345994E+00 -2.89037525E-02
 1.15382679E+00 -1.68677772E-02
 1.13593366E+00 -4.06575901E-03
 1.12587967E+00  3.56248137E-03
 1.12932432E+00  3.39655149E-03
 1.13976172E+00 -3.48431834E-03
 1.14377598E+00 -1.01556165E-02
 1.13330753E+00 -1.38200787E-02
 1.10591656E+00 -1.54305404E-02
 1.07052591E+00 -1.29726090E-02
 1.04670677E+00 -5.47257489E-03
 1.04491820E+00  8.12952799E-03
 1.06515262E+00  2.92726223E-02
 1.10040058E+00  5.18383584E-02
 1.13361916E+00  6.52942869E-02
 1.15464079E+00  6.31195822E-02
 1.16357190E+00  4.32220677E-02
 1.16245249E+00  1.26790737E-02
 1.15932975E+00 -1.31541068E-02
 1.15858192E+00 -2.48681392E-02
 1.15769618E+00 -2.06824152E-02
 1.15724943E+00 -6.17083159E-03
 1.15715242E+00  4.48619651E-03
 1.15775947E+00  3.72841014E-03
 1.16171857E+00 -6.81202611E-03
 1.16480254E+00 -2.14278970E-02
 1.15900833E+00 -2.79472790E-02
 1.14066736E+00 -2.01421928E-02
 1.11043667E+00 -1.20037041E-03
 1.07930802E+00  2.34966946E-02
 1.06640596E+00  4.38919909E-02
 1.08224821E+00  5.32043453E-02
 1.12569192E+00  5.16921833E-02
 1.18112949E+00  4.01724403E-02
 1.21941020E+00  2.23564831E-02
 1.22176147E+00  1.57591862E-03
 1.18549889E+00 -2.13308262E-02
 1.12321371E+00 -4.18313170E-02
 1.06447870E+00 -5.41769387E-02
 1.02898144E+00 -5.40102073E-02
 1.02124481E+00 -3.85864607E-02
 1.03915907E+00 -1.33271760E-02
 1.06794514E+00  1.00599481E-02
 1.09929465E+00  2.29950231E-02
 1.13380648E+00  2.08208492E-02
 1.16247551E+00  6.06557248E-03
 1.17578733E+00 -1.09914574E-02
 1.16494962E+00 -2.44921170E-02
 1.12170552E+00 -3.30461769E-02
 1.05948807E+00 -3.56574732E-02
 1.00675537E+00 -3.51209494E-02
 9.83338769E-01 -3.12754706E-02
 1.00026569E+00 -2.09358237E-02
 1.04982334E+00 -6.88797096E-03
 1.10434156E+00  5.89984262E-03
 1.14752345E+00  1.34640998E-02
 1.17413085E+00  1.20472902E-02
 1.18058216E+00  4.91300566E-03
 1.17396008E+00  8.90056712E-04
 1.15518916E+00  4.53557414E-03
 1.11942522E+00  1.66657900E-02
 1.07875905E+00  3.37073575E-02
 1.05139002E+00  4.64964142E-02
 1.05079713E+00  5.01351987E-02
 1.08536219E+00  4.47795902E-02
 1.13811845E+00  3.17572380E-02
 1.17345577E+00  1.60436282E-02
 1.17304381E+00  7.91580156E-04
 1.13898997E+00 -1.39897742E-02
 1.10088740E+00 -2.59499332E-02
 1.09171374E+00 -3.29170123E-02
 1.05047591E+00 -3.32727748E-02
 9.04411460E-01 -2.54746794E-02
 7.88467816E-01 -1.34805505E-02
 8.81910440E-01 -4.94035783E-03
 1.06492451E+00 -5.08829441E-03
 1.12221642E+00 -1.63331373E-02
 1.09708151E+00 -3.49201382E-02
 1.09556408E+00 -5.10899239E-02
 1.09082507E+00 -5.83833506E-02
 1.07569749E+00 -5.40563906E-02
 1.05144366E+00 -3.77562878E-02
 9.75023571E-01 -1.42827849E-02
 9.06502030E-01  1.19701667E-02
 9.49594556E-01  3.59862224E-02
 1.05136042E+00  4.46429163E-02
 1.10497055E+00  2.39549936E-02
 1.11322274E+00 -3.00351669E-02
 1.09923067E+00 -1.04971735E-01
 1.05363838E+00 -1.57171580E-01
 9.99919966E-01 -1.39419985E-01
 9.60727645E-01 -7.79953395E-02
 9.30649552E-01 -3.87522099E-02
 9.11123910E-01 -2.78887625E-02
 9.03019027E-01 -2.58137034E-02
 9.10224638E-01 -2.31717259E-02
 9.45562405E-01  3.78449042E-03
 1.00480714E+00  3.99277745E-02
 1.07251704E+00  4.36044972E-02
 1.13574031E+00  4.85672512E-02
 1.17784365E+00  9.71984120E-02
 1.18895916E+00  1.10528647E-01
 1.16809510E+00  4.95702821E-03
 1.10713460E+00 -1.13044365E-01
 9.95972662E-01 -9.95098225E-02
 8.29929582E-01 -4.79425959E-02
 6.33035715E-01 -1.11068935E-01
 5.21293150E-01 -2.09186211E-01
 6.14001657E-01 -2.15754340E-01
 8.08883982E-01 -1.69301919E-01
 9.05807920E-01 -1.14623173E-01
 9.17966381E-01 -1.51359377E-02
 9.40479661E-01  1.23684060E-01
 9.65250724E-01  2.14486767E-01
 9.95171992E-01  1.84118443E-01
 1.00030145E+00  7.71308075E-02
 8.95822755E-01 -6.12834486E-03
 7.55313108E-01 -3.96854975E-02
 7.24256850E-01 -3.47609753E-02
 7.73435124E-01 -2.17710478E-02
 8.12249235E-01 -6.70077728E-02
 8.17306257E-01 -1.44937992E-01
 7.62640057E-01 -1.69626826E-01
 6.86006378E-01 -1.62011944E-01
 6.87599914E-01 -1.69542819E-01
 7.30442507E-01 -1.62431493E-01
 7.26515681E-01 -1.12629097E-01
 7.56708952E-01 -1.62982880E-02
 9.10463214E-01  1.19619899E-01
 1.06649545E+00  1.99516078E-01
 1.07249633E+00  1.12959998E-01
 9.82510614E-01 -4.04496556E-02
 9.05305687E-01 -8.01829616E-02
 8.13286487E-01 -5.76961320E-02
 6.88019831E-01 -9.40817347E-02
 6.35390833E-01 -1.27472022E-01
 7.34093032E-01 -8.79566013E-02
 9.07398317E-01 -1.96708997E-02
 1.02828227E+00  3.84962748E-02
 1.06482993E+00  5.69442256E-02
 1.02604026E+00 -3.96056541E-03
 9.21765188E-01 -8.78534254E-02
 8.12795233E-01 -9.48873151E-02
 7.41420876E-01 -6.83669407E-02
 7.05279882E-01 -9.93212437E-02
 7.08216765E-01 -1.31742767E-01
 7.39548911E-01 -8.93997212E-02
 7.92953348E-01 -2.82928281E-02
 8.72405556E-01 -1.37636699E-02
 9.33576288E-01 -1.70564639E-02
 9.37231771E-01 -5.48560309E-03
 9.54830552E-01 -4.08047123E-03
 1.07277877E+00 -2.88272519E-02
 1.20400399E+00 -4.47810769E-02
 1.21085435E+00 -2.43877097E-02
 1.14931367E+00 -5.66458561E-03
 1.12798360E+00 -3.34601327E-02
 1.10581574E+00 -6.20747039E-02
 1.03433195E+00 -2.26424761E-02
 9.65093761E-01  5.62577587E-02
 9.42649078E-01  1.18096835E-01
 9.72866963E-01  1.68551423E-01
 1.05569866E+00  2.10971093E-01
 1.13674863E+00  2.10889258E-01
 1.14042253E+00  1.52889877E-01
 1.11241012E+00  6.46276441E-02
 1.14837546E+00 -1.35058257E-02
 1.20823700E+00 -5.86488319E-02
 1.21367908E+00 -6.16747171E-02
 1.19124417E+00 -3.21057064E-02
 1.17359619E+00 -2.31268332E-03
 1.14093276E+00  1.11145804E-02
 1.09117911E+00  1.17491357E-02
 1.04415557E+00  8.85242938E-03
 1.00984826E+00  2.45426948E-02
 9.93829710E-01  6.64640588E-02
 1.00227381E+00  1.20933401E-01
 1.03747266E+00  1.73823409E-01
 1.09502085E+00  2.04078790E-01
 1.16206333E+00  1.96562338E-01
 1.21547229E+00  1.51771433E-01
 1.21872315E+00  7.18697868E-02
 1.14761232E+00 -3.32717514E-02
 1.04628689E+00 -1.45543106E-01
 9.84043681E-01 -2.40945729E-01
 9.37627549E-01 -2.75899318E-01
 8.56924048E-01 -2.20211656E-01
 8.04578385E-01 -1.28286247E-01
 8.57737664E-01 -8.08921468E-02
 9.70552896E-01 -4.11781372E-02
 1.06654182E+00  6.16979438E-02
 1.13630185E+00  1.56931799E-01
 1.17889038E+00  1.49159772E-01
 1.18825192E+00  8.40099014E-02
 1.18989479E+00  3.70784378E-02
 1.19905068E+00  6.49186671E-03
 1.20884882E+00 -1.15833047E-02
 1.21653550E+00 -4.20350411E-03
