# x =
 6.71391989E+01
# y =
 3.25097170E+00
 VARIABLES = u,v
 1.19074532E+00  1.18572490E-02
 1.18637135E+00  2.95072201E-02
 1.15094231E+00  1.46929825E-02
 1.08841527E+00 -2.54348133E-02
 1.01099265E+00 -6.19374892E-02
 9.34150876E-01 -7.88115723E-02
 8.83567754E-01 -6.52652646E-02
 8.71556324E-01 -1.99962475E-02
 8.96670003E-01  4.02767045E-02
 9.58755015E-01  1.05995959E-01
 1.04561312E+00  1.69771635E-01
 1.12424236E+00  2.06338517E-01
 1.15542686E+00  1.89585407E-01
 1.11020939E+00  1.06090748E-01
 9.85486957E-01 -3.60800838E-02
 8.33733508E-01 -1.75244569E-01
 7.40689922E-01 -2.18924718E-01
 7.43163870E-01 -1.21856231E-01
 8.04246855E-01  8.92256560E-02
 7.82371487E-01  2.77887568E-01
 5.47783247E-01  2.68982346E-01
 3.40652422E-01  1.09319203E-01
 5.14774125E-01 -1.69649783E-02
 8.30355629E-01 -8.08883716E-02
 8.55427246E-01 -9.38325169E-02
 7.69590291E-01 -1.89701655E-02
 8.81171893E-01  8.86879657E-02
 1.02853507E+00  1.13356001E-01
 1.03267443E+00 -8.57617923E-03
 9.94250010E-01 -1.79475784E-01
 9.81012816E-01 -2.22778327E-01
 9.49258235E-01 -1.63771666E-01
 9.01831387E-01 -1.25552399E-01
 8.79293683E-01 -9.59619635E-02
 8.94696890E-01 -5.35999257E-02
 9.34799553E-01  4.44088938E-04
 9.78767356E-01  1.04192801E-01
 1.01346284E+00  1.92197979E-01
 1.03243495E+00  1.50058791E-01
 1.04055935E+00  4.12443451E-02
 1.05634704E+00 -5.39064287E-03
 1.08519940E+00  6.44271683E-03
 1.11983040E+00  4.23969505E-02
 1.15509730E+00  1.04518524E-01
 1.18038340E+00  1.54631068E-01
 1.19039392E+00  1.56252756E-01
 1.18943913E+00  1.15579542E-01
 1.17581397E+00  5.18954420E-02
 1.14734684E+00 -9.84991452E-04
 1.10595088E+00 -2.35651370E-02
 1.05388089E+00 -2.15641770E-02
 1.00222193E+00 -5.19258798E-04
 9.68685513E-01  2.52765622E-02
 9.65241179E-01  4.68424272E-02
 9.96946922E-01  6.96995658E-02
 1.05691505E+00  9.03782443E-02
 1.12597732E+00  1.03286747E-01
 1.18869221E+00  1.04416482E-01
 1.23503004E+00  8.63799933E-02
 1.25911101E+00  5.53612564E-02
 1.26331139E+00  2.77898156E-02
 1.24651664E+00  1.39142566E-02
 1.20585622E+00  1.94217580E-02
 1.14963986E+00  3.83060202E-02
 1.09068534E+00  5.24640396E-02
 1.04232140E+00  5.34174918E-02
 1.01700353E+00  4.30900478E-02
 1.01136818E+00  3.04422270E-02
 1.01011678E+00  3.41350704E-02
 1.00604350E+00  6.26219028E-02
 9.98881370E-01  1.09862859E-01
 9.97209997E-01  1.63021844E-01
 1.01930015E+00  1.99826116E-01
 1.06870075E+00  2.04883780E-01
 1.13143913E+00  1.76322099E-01
 1.18327625E+00  1.19307737E-01
 1.18906312E+00  4.87621724E-02
 1.12814576E+00 -2.38716036E-02
 1.00588520E+00 -9.49585652E-02
 8.52378150E-01 -1.60110132E-01
 7.20007146E-01 -2.17546272E-01
 6.46599715E-01 -2.60237223E-01
 6.41180256E-01 -2.73783622E-01
 6.81861326E-01 -2.47926827E-01
 7.16460272E-01 -1.78652334E-01
 7.13905975E-01 -7.83210754E-02
 6.74872822E-01  1.31048947E-02
 6.20305187E-01  2.44609447E-02
 5.97637515E-01 -8.56480605E-02
 6.30635863E-01 -1.89685301E-01
 7.09226539E-01 -1.14358554E-01
 8.16442498E-01  2.83955277E-02
 9.17013748E-01  2.65441620E-02
 9.87422600E-01 -2.22032564E-02
 1.02733323E+00  4.85299392E-02
 1.02983939E+00  1.43832748E-01
 9.93590056E-01  1.44841900E-01
 9.20160244E-01  8.37226552E-02
 8.08347337E-01 -1.28691412E-02
 6.81704066E-01 -1.45323849E-01
 5.79087416E-01 -2.64697874E-01
 5.30121888E-01 -3.23220198E-01
 5.53407781E-01 -3.08388572E-01
 6.35159585E-01 -2.36637227E-01
 7.32131059E-01 -1.52302849E-01
 8.16203515E-01 -8.23292416E-02
 8.76440602E-01 -3.19881033E-02
 9.19279503E-01 -4.39308795E-03
 9.74462846E-01  1.30053857E-02
 1.05041653E+00  2.18228900E-02
 1.13172834E+00  9.85616391E-03
 1.20244643E+00 -1.29756387E-02
 1.23609511E+00 -2.88912810E-02
 1.22132750E+00 -2.24493929E-02
 1.17175018E+00  2.29852064E-02
 1.10233041E+00  9.66149438E-02
 1.03537745E+00  1.65801609E-01
 9.90472110E-01  2.11901910E-01
 9.71568732E-01  2.26515441E-01
 9.76359138E-01  2.14744672E-01
 9.94857459E-01  2.00701895E-01
 1.01798371E+00  1.93547762E-01
 1.04328419E+00  1.87491503E-01
 1.06765595E+00  1.79128889E-01
 1.09004897E+00  1.58480137E-01
 1.10592231E+00  1.24723621E-01
 1.10750444E+00  9.20399141E-02
 1.09772241E+00  7.16233593E-02
 1.08556511E+00  7.50198154E-02
 1.07852245E+00  1.08879696E-01
 1.08358326E+00  1.64980844E-01
 1.09752019E+00  2.24584003E-01
 1.10764800E+00  2.61845430E-01
 1.10728466E+00  2.56983123E-01
 1.09311695E+00  2.06381413E-01
 1.06150267E+00  1.28197103E-01
 1.01412761E+00  5.83441899E-02
 9.52275889E-01  2.09404854E-02
 8.79348621E-01  2.10473036E-02
 8.13860277E-01  4.43203070E-02
 7.81346761E-01  5.56897428E-02
 7.98863926E-01  3.62045919E-02
 8.70721537E-01 -1.12468627E-02
 9.74792388E-01 -7.51841215E-02
 1.06697776E+00 -1.28666922E-01
 1.11591465E+00 -1.57238724E-01
 1.10827901E+00 -1.65743023E-01
 1.05225371E+00 -1.57500159E-01
 9.81490528E-01 -1.42223405E-01
 9.17179699E-01 -1.24853753E-01
 8.65889554E-01 -9.84760901E-02
 8.36946681E-01 -6.27402967E-02
 8.30055688E-01 -1.93083760E-02
 8.51514623E-01  2.95661281E-02
 9.13619652E-01  7.53941132E-02
 1.00204606E+00  1.13768769E-01
 1.08841730E+00  1.43923223E-01
 1.14923045E+00  1.63358705E-01
 1.16438625E+00  1.71851615E-01
 1.13988402E+00  1.69948234E-01
 1.10551565E+00  1.57493153E-01
 1.07647492E+00  1.36717232E-01
 1.05703142E+00  1.10762646E-01
 1.04625022E+00  8.15322556E-02
 1.02947765E+00  5.12748826E-02
 1.00602176E+00  2.39119158E-02
 9.89402255E-01  4.89754550E-03
 9.84083013E-01  2.15500599E-03
 9.94587355E-01  2.39164080E-02
 1.02057732E+00  7.19973551E-02
 1.04970038E+00  1.38778608E-01
 1.07287769E+00  2.04021826E-01
 1.08230788E+00  2.38300193E-01
 1.06713374E+00  2.19434941E-01
 1.02136968E+00  1.39489731E-01
 9.44070549E-01  1.17786918E-02
 8.38424975E-01 -1.29737071E-01
 7.13164086E-01 -2.56016277E-01
 5.82767720E-01 -3.45993598E-01
 4.68620056E-01 -3.82816070E-01
 3.95141636E-01 -3.63428791E-01
 3.81812871E-01 -2.85669539E-01
 4.34929969E-01 -1.55626320E-01
 5.33886948E-01 -1.68578872E-02
 6.38043261E-01  7.14901817E-02
 7.16846968E-01  7.48718402E-02
 7.57415495E-01  1.55131908E-03
 7.75416589E-01 -5.19137176E-02
 8.13205969E-01  3.07160016E-02
 8.91319875E-01  1.73212556E-01
 1.00335294E+00  2.05620566E-01
 1.12527982E+00  1.44829857E-01
 1.20950611E+00  7.92619657E-02
 1.23098033E+00  2.42308440E-02
 1.19648392E+00  2.43001916E-02
 1.12220110E+00  9.87231819E-02
 1.04259974E+00  1.80165303E-01
 9.79667780E-01  1.99154080E-01
 9.29915035E-01  1.15230435E-01
 8.85625973E-01 -1.82034287E-03
 8.29106470E-01 -1.63084829E-02
 7.52886827E-01  3.75388248E-02
 6.71279414E-01  5.12618223E-02
 6.04004700E-01  6.71892982E-02
 5.75091952E-01  1.39345245E-01
 5.89021886E-01  2.11474735E-01
 6.15303121E-01  2.27706840E-01
 5.92690147E-01  1.58639688E-01
 4.75245386E-01 -7.98183711E-03
 3.57076076E-01 -1.59615731E-01
 3.81146841E-01 -1.46451781E-01
 4.71026589E-01 -6.19015100E-02
 4.77844598E-01 -9.22048838E-02
 4.87968722E-01 -1.55565822E-01
 6.28133300E-01 -1.03168177E-01
 8.14783863E-01 -9.41234273E-03
 9.38020247E-01  3.18163067E-02
 1.00911047E+00  5.07226435E-02
 1.04346303E+00  6.34844831E-02
 1.03794644E+00  5.84167290E-02
 1.03188603E+00  6.05468286E-02
 1.05764250E+00  9.35225280E-02
 1.11007410E+00  1.53724304E-01
 1.15782975E+00  2.12601947E-01
 1.14869681E+00  2.24148763E-01
 1.06531794E+00  1.71021560E-01
 9.41411491E-01  7.53768095E-02
 8.52779053E-01 -2.35475328E-03
 8.70051184E-01 -3.92947623E-03
 8.91010040E-01 -1.71184512E-02
 7.47096600E-01 -1.75376415E-01
 5.35741005E-01 -3.62333233E-01
 4.43174616E-01 -3.79889456E-01
 3.92392152E-01 -2.89737144E-01
 2.80507010E-01 -2.22441036E-01
 2.65217589E-01 -1.45680028E-01
 4.84640787E-01 -3.93125840E-02
 7.44129775E-01  2.45037479E-02
 8.00811154E-01  2.24625764E-02
 7.81683198E-01  2.81649294E-02
 9.00572074E-01  1.05762777E-01
 1.01677046E+00  1.68177964E-01
 9.50076324E-01  9.25864238E-02
 8.58175382E-01 -2.63799426E-02
 9.16298614E-01 -3.18579366E-02
 9.98359794E-01  1.63724747E-02
 9.51505324E-01  1.23015539E-02
 8.80150487E-01 -5.45331707E-04
 9.10396473E-01  1.76221846E-02
 9.39784326E-01  1.50924556E-02
 8.51684538E-01 -3.66481061E-02
 7.31292119E-01 -1.00346609E-01
 6.92652851E-01 -1.34023453E-01
 7.20492287E-01 -1.26878355E-01
 7.80552754E-01 -8.07829664E-02
 8.64284680E-01 -1.19504911E-02
 9.23037250E-01  3.97542991E-02
 9.14921781E-01  4.98365068E-02
 8.43529833E-01  1.69801899E-02
 7.38915907E-01 -5.15861745E-02
 6.55316098E-01 -1.30354915E-01
 6.26902290E-01 -1.95693993E-01
 6.51310812E-01 -2.29728905E-01
 7.02198576E-01 -1.97057687E-01
 7.26855498E-01 -9.30573769E-02
 6.98962182E-01 -2.52604987E-02
 6.34764194E-01 -1.10403011E-01
 5.74039013E-01 -2.45149889E-01
 5.80278601E-01 -2.41714763E-01
 6.79572210E-01 -1.50761518E-01
 8.35123096E-01 -9.96759148E-02
 9.58921650E-01 -4.88094060E-02
 9.62790580E-01  3.82356967E-02
 9.37939994E-01  1.04618225E-01
 1.04776163E+00  1.27541815E-01
 1.18221543E+00  1.30338471E-01
 1.14966043E+00  1.28324900E-01
 1.04993348E+00  1.20094515E-01
 1.03773895E+00  1.01648618E-01
 1.04378655E+00  7.63570309E-02
 9.87570613E-01  4.60209427E-02
 9.26694602E-01  1.50933080E-02
 9.06841658E-01 -5.06573680E-03
 9.07977231E-01 -1.03582055E-02
 9.24332679E-01 -2.32633986E-03
 9.65941406E-01  1.76769310E-02
 1.02508928E+00  4.36448526E-02
 1.08726537E+00  6.79766700E-02
 1.14090907E+00  8.43372498E-02
 1.17403004E+00  8.57454904E-02
 1.18068454E+00  6.97386191E-02
 1.17168608E+00  4.55629854E-02
 1.16834540E+00  2.94698670E-02
 1.18350833E+00  3.31423998E-02
 1.21694511E+00  6.06137954E-02
 1.24778226E+00  1.02076101E-01
 1.23935821E+00  1.35440637E-01
 1.17767986E+00  1.47906589E-01
 1.07986759E+00  1.37982610E-01
 9.95101590E-01  1.12225732E-01
 9.69373137E-01  8.80488311E-02
 9.24023991E-01  7.33068411E-02
 7.50561282E-01  6.26904853E-02
 5.78060282E-01  4.78092845E-02
 5.87532038E-01  1.39994069E-02
 6.23415078E-01 -4.45562599E-02
 4.64794163E-01 -1.18121850E-01
 2.83828325E-01 -1.89647789E-01
 3.37622238E-01 -2.34324994E-01
 5.37875544E-01 -2.34900284E-01
 7.15433319E-01 -1.90487882E-01
 8.55904980E-01 -1.14140312E-01
 9.32070482E-01 -3.23744033E-02
 9.55595598E-01  3.55461418E-02
 1.02583365E+00  8.46729895E-02
 1.09278958E+00  1.20888840E-01
 1.04369814E+00  1.62211844E-01
 9.74371747E-01  2.14744874E-01
 1.01467728E+00  2.67494425E-01
 1.08817178E+00  3.02698349E-01
 1.07972811E+00  2.93675713E-01
 1.00792534E+00  2.27659669E-01
 9.10159616E-01  1.14555387E-01
 7.88473885E-01 -2.26421926E-02
 6.81763732E-01 -1.46668278E-01
 6.24786325E-01 -2.28903133E-01
 6.12506203E-01 -2.60798231E-01
 6.31687625E-01 -2.49577166E-01
 6.57866746E-01 -2.20186498E-01
 6.75070016E-01 -1.90134049E-01
 6.88622297E-01 -1.63118663E-01
 7.06606538E-01 -1.39717208E-01
 7.44114137E-01 -1.11265248E-01
 8.08195335E-01 -7.73773568E-02
 8.88606377E-01 -4.73654965E-02
 9.73295538E-01 -1.79597306E-02
 1.04521062E+00  1.75155257E-02
 1.09097111E+00  6.39948353E-02
 1.10753783E+00  1.26323870E-01
 1.09016740E+00  1.89278374E-01
 1.03690595E+00  2.23806009E-01
 9.50083625E-01  2.14605381E-01
 8.34440608E-01  1.60333245E-01
 7.08515544E-01  8.03569920E-02
 5.99750689E-01  1.47493658E-02
 5.29656668E-01 -1.23195566E-02
 5.10172323E-01  1.95158660E-03
 5.31699653E-01  4.34352372E-02
 5.64941398E-01  7.70553513E-02
 5.87925368E-01  8.24797833E-02
 5.88301968E-01  6.21486591E-02
 5.63828565E-01  2.86653778E-02
 5.27640568E-01  9.87293436E-03
 4.83676120E-01  1.83717290E-02
 4.28586737E-01  4.24906184E-02
 3.71410102E-01  6.32220937E-02
 3.22530015E-01  5.07206901E-02
 2.93908568E-01 -1.01255237E-02
 2.98110692E-01 -1.07114372E-01
 3.23466045E-01 -2.12505379E-01
 3.42353402E-01 -2.84544068E-01
 3.39189395E-01 -2.99496977E-01
 3.09579532E-01 -2.69037028E-01
 2.69456377E-01 -2.39540856E-01
 2.54655579E-01 -2.54969752E-01
 2.81136344E-01 -2.37888066E-01
 3.41176441E-01 -7.57017337E-02
 4.10246837E-01  1.27427426E-01
 4.43488115E-01  1.95132525E-01
 4.14772221E-01  1.75209569E-01
 3.27998684E-01  1.81467317E-01
 2.06664888E-01  2.02765226E-01
 9.75332700E-02  2.16002508E-01
 3.27572666E-02  1.70147936E-01
 1.70913080E-02 -2.21377217E-02
 4.01484287E-02 -2.54375062E-01
 7.06893239E-02 -3.26432880E-01
 9.01464156E-02 -2.72951723E-01
 1.00909053E-01 -2.24101226E-01
 1.04893903E-01 -1.95211074E-01
 1.12882677E-01 -1.99603160E-01
 1.27645683E-01 -2.13943853E-01
 1.38882964E-01 -1.47553495E-01
 1.50585341E-01 -5.81387352E-02
 1.71724278E-01 -6.70429025E-02
 2.08409467E-01 -9.78163149E-02
 2.68216714E-01 -3.40439050E-02
 3.40840754E-01  6.01527187E-02
 4.01758092E-01  9.48413065E-02
 4.36593178E-01  9.74690437E-02
 4.38928950E-01  9.83910181E-02
 4.13756051E-01  7.39487938E-02
 3.80764318E-01  1.88128881E-02
 3.50317795E-01 -5.50377787E-02
 3.22699432E-01 -1.45139392E-01
 2.97553805E-01 -2.32444443E-01
 2.68538808E-01 -2.85341953E-01
 2.37995326E-01 -2.89400447E-01
 2.20911981E-01 -2.52395551E-01
 2.32859107E-01 -2.20144749E-01
 2.91049056E-01 -2.35770299E-01
 4.03098304E-01 -2.17029530E-01
 5.57524836E-01 -5.05028283E-02
 7.25567975E-01  1.60717747E-01
 8.64992141E-01  2.41781241E-01
 9.41862289E-01  2.40640835E-01
 9.42547606E-01  2.63040911E-01
 8.80596500E-01  2.62617510E-01
 7.94762838E-01  2.00019663E-01
 7.12315676E-01  1.32134002E-01
 6.42682278E-01  9.50985731E-02
 5.82686706E-01  7.32520541E-02
 5.10831144E-01  5.37566387E-02
 4.22501241E-01  4.43257389E-02
 3.32400119E-01  4.92893385E-02
 2.49341290E-01  5.74581003E-02
 1.86445498E-01  5.70227050E-02
 1.47589255E-01  3.58039034E-02
 1.20390897E-01 -1.72565180E-02
 1.00510563E-01 -8.84448006E-02
 8.63233193E-02 -1.46566670E-01
 7.48250776E-02 -1.72465571E-01
 7.18716828E-02 -1.58215833E-01
 8.60824024E-02 -1.13126248E-01
 1.25720473E-01 -6.63620000E-02
 1.97955398E-01 -3.27298413E-02
 3.01647017E-01 -1.16895611E-02
 4.21828189E-01 -4.61055791E-04
 5.34565238E-01  1.44109718E-02
 6.22753879E-01  3.74652376E-02
 6.80142736E-01  6.00455494E-02
 7.14385084E-01  7.96613351E-02
 7.46956665E-01  9.32972811E-02
 7.90491021E-01  1.00346519E-01
 8.45761612E-01  1.08430239E-01
 9.07835354E-01  1.20354610E-01
 9.61779103E-01  1.35605530E-01
 1.00054198E+00  1.54190682E-01
 1.02792302E+00  1.71060787E-01
 1.04515142E+00  1.78299055E-01
 1.05638156E+00  1.68271754E-01
 1.06256074E+00  1.35743466E-01
 1.05794104E+00  8.29184906E-02
 1.04311249E+00  2.48932877E-02
 1.02166764E+00 -1.58005043E-02
 9.96156396E-01 -2.66044268E-02
 9.71717891E-01 -1.13324940E-02
 9.50252727E-01  2.37482543E-03
 9.30137133E-01 -2.77970514E-02
 9.12286468E-01 -1.14107733E-01
 8.97797459E-01 -2.22626294E-01
 8.86702517E-01 -2.60521328E-01
 8.79690629E-01 -1.29892927E-01
 8.75472890E-01  9.93911406E-02
 8.70782416E-01  2.53637584E-01
 8.62892089E-01  2.77830471E-01
 8.48914119E-01  1.92351519E-01
 8.26025911E-01  8.22332753E-02
 7.92944352E-01  9.87614538E-02
 7.50071334E-01  1.89869114E-01
 7.00184475E-01  1.80580559E-01
 6.49450309E-01  1.14767046E-01
 6.08233058E-01  9.81364995E-02
 5.92357505E-01  1.09700953E-01
 6.18292447E-01  1.40986857E-01
 6.92043130E-01  1.78443849E-01
 8.01127992E-01  1.59503147E-01
 9.03318830E-01  1.10797874E-01
 9.37001629E-01  1.10197068E-01
 8.61009388E-01  1.46222519E-01
 6.70406948E-01  1.77382921E-01
 4.15557321E-01  1.84313475E-01
 1.94093897E-01  1.27211546E-01
 7.46659586E-02 -1.22563608E-02
 8.06722148E-02 -1.87694007E-01
 1.86712940E-01 -2.86198278E-01
 3.12434242E-01 -2.00181030E-01
 4.10926197E-01 -2.33370181E-02
 4.79045671E-01  4.79333123E-02
 5.22138657E-01  2.98558605E-02
 5.75029501E-01  2.41504435E-02
 6.45372138E-01  1.20567715E-02
 7.04260374E-01 -9.45807075E-05
 7.46893958E-01  4.48056079E-02
 7.70936914E-01  1.36801553E-01
 7.79293686E-01  1.96346908E-01
 7.94778151E-01  1.52250251E-01
 8.15829122E-01  7.69923311E-02
 8.25011544E-01  9.67167406E-02
 8.19693538E-01  1.36813073E-01
 7.99548438E-01  6.61678561E-02
 7.75805040E-01 -3.93568702E-02
 7.74730715E-01 -6.46587097E-02
 8.06560690E-01 -3.57079737E-02
 8.65768484E-01  1.08345180E-02
 9.38045991E-01  8.22513675E-02
 9.95584687E-01  1.51163844E-01
 1.02012149E+00  1.83855420E-01
 1.01134980E+00  1.81362479E-01
 9.81921241E-01  1.68739701E-01
 9.58810256E-01  1.85597474E-01
 9.58925617E-01  2.48082920E-01
 9.80894373E-01  3.35723954E-01
 1.01059352E+00  3.93898051E-01
 1.01938759E+00  3.43430304E-01
 9.90940495E-01  1.53641265E-01
 9.27849675E-01 -1.27933584E-01
 8.40235883E-01 -3.66461046E-01
 7.50975855E-01 -4.04548506E-01
 6.75995727E-01 -2.92496840E-01
 6.18594662E-01 -2.11186554E-01
 5.85446503E-01 -1.80102217E-01
 5.79168264E-01 -1.60524411E-01
 6.02575080E-01 -1.55892697E-01
 6.61004366E-01 -1.12524962E-01
 7.44153951E-01 -2.61067119E-02
 8.31848704E-01  3.12884460E-02
 9.06689034E-01  3.74673010E-02
 9.53514907E-01 -5.03432376E-03
 9.71789821E-01 -5.78320146E-02
 9.75405456E-01 -4.41925841E-02
 9.71515375E-01  8.73170516E-03
 9.62984846E-01  2.04578851E-02
 9.52565447E-01  1.75950600E-02
 9.37348262E-01  4.48235769E-02
 9.22167032E-01  6.10268190E-02
 9.18226078E-01  3.17855094E-02
 9.27459942E-01 -1.09460432E-02
 9.47863841E-01 -2.97713239E-02
 9.75173599E-01 -1.90734956E-02
 9.98552761E-01  1.94096061E-02
 1.00833323E+00  7.46586408E-02
 9.97178057E-01  1.15596608E-01
 9.56622235E-01  1.24415848E-01
 8.84128181E-01  1.03001159E-01
 7.90253910E-01  6.04621082E-02
 6.93577188E-01  1.85467179E-02
 6.10268269E-01 -1.01493583E-02
 5.50591124E-01 -3.00475095E-02
 5.11353967E-01 -5.02166260E-02
 4.76673699E-01 -8.74068036E-02
 4.37646705E-01 -1.48440693E-01
 3.91535830E-01 -2.22291546E-01
 3.35245364E-01 -2.90638097E-01
 2.74872930E-01 -3.26896222E-01
 2.22766153E-01 -3.13495691E-01
 2.04095396E-01 -2.51323035E-01
 2.80749686E-01 -1.54263883E-01
 4.90656683E-01 -5.05284308E-02
 7.16752500E-01  3.56742146E-02
 8.01357710E-01  9.07707169E-02
 8.30002242E-01  1.05000656E-01
 9.68405164E-01  8.09416088E-02
 1.11393790E+00  2.83837082E-02
 1.10800902E+00 -3.02240219E-02
 1.02854121E+00 -3.48951056E-02
 9.84426363E-01  5.28978784E-02
 9.53420699E-01  1.26990129E-01
 9.22521012E-01  5.04283160E-02
 9.15179104E-01 -6.76836243E-02
 9.16919541E-01 -3.56349245E-02
 9.12105902E-01  6.57867058E-02
 9.08659042E-01  8.48573487E-02
 9.17351380E-01  8.20252549E-02
 9.52999100E-01  1.29653362E-01
 1.01546318E+00  1.73486680E-01
 1.08487808E+00  1.78559397E-01
 1.13903358E+00  1.61726866E-01
 1.15098925E+00  1.21526730E-01
 1.10368120E+00  4.90964425E-02
 1.00435961E+00 -4.38695917E-02
 8.83242460E-01 -1.26751448E-01
 7.85849720E-01 -1.63605552E-01
 7.38372015E-01 -1.36552189E-01
 7.28451689E-01 -5.95275961E-02
 6.91506767E-01  1.35393478E-03
 5.73571423E-01 -2.28908517E-02
 5.13140101E-01 -6.05581865E-02
 6.93275624E-01  8.02220477E-03
 9.42950717E-01  9.52453195E-02
 9.69971144E-01  5.60475862E-02
 8.50139595E-01 -2.89928102E-02
 7.79306555E-01 -3.45388829E-02
 7.62135305E-01 -1.32309300E-02
 8.02596243E-01 -3.09576108E-02
 8.80309937E-01 -4.21026308E-02
 8.83058372E-01 -1.14270018E-02
 8.72428584E-01  3.64044993E-02
 9.91473605E-01  8.47654546E-02
 1.13866240E+00  1.32076097E-01
 1.15921698E+00  1.66100445E-01
 1.11748279E+00  1.77948873E-01
 1.10891493E+00  1.69252800E-01
 1.08988271E+00  1.38375265E-01
 1.02160994E+00  8.57422035E-02
 9.43659414E-01  2.43625335E-02
 8.83995147E-01 -2.76498807E-02
 8.49349530E-01 -5.39264771E-02
 8.55104357E-01 -4.35273758E-02
 8.90775571E-01 -4.65157837E-03
 9.19554006E-01  3.91252747E-02
 9.19628406E-01  7.23021501E-02
 8.83385617E-01  8.76535182E-02
 8.20915946E-01  8.64995612E-02
 7.65182508E-01  8.27105247E-02
 7.34192932E-01  8.05885419E-02
 7.29950242E-01  7.52977654E-02
 7.55493642E-01  6.80171291E-02
 8.02293504E-01  5.80679314E-02
 8.64367332E-01  4.78956568E-02
 9.38733386E-01  4.51178343E-02
 9.96975696E-01  4.58509534E-02
 1.00292895E+00  4.00574482E-02
 9.42854000E-01  2.35120332E-02
 8.34705470E-01 -4.68093814E-03
 7.61889480E-01 -3.50485525E-02
 8.12696657E-01 -4.86324294E-02
 9.04592680E-01 -3.60472943E-02
 8.93685501E-01  1.15123668E-03
 8.66612731E-01  5.11812641E-02
 9.68080297E-01  9.04186631E-02
 1.08613914E+00  1.02870436E-01
 1.06856566E+00  8.47136469E-02
 9.90947973E-01  4.00633902E-02
 9.61613385E-01 -1.56247323E-02
 9.47151638E-01 -7.16523247E-02
 9.09153198E-01 -1.25068377E-01
 8.60391289E-01 -1.70630050E-01
 7.84979529E-01 -2.06407466E-01
 6.67308439E-01 -2.28073222E-01
 5.28474874E-01 -2.28575258E-01
 4.00356859E-01 -2.13483430E-01
 3.21737456E-01 -1.95292814E-01
 3.20159791E-01 -1.83014610E-01
 3.96434366E-01 -1.82386932E-01
 5.27780077E-01 -1.84947201E-01
 6.69501887E-01 -1.70206256E-01
 7.86277744E-01 -1.27825674E-01
 8.64387486E-01 -5.80404280E-02
 9.08910918E-01  2.87995492E-02
 9.46715719E-01  1.09446500E-01
 9.90475914E-01  1.69400818E-01
 1.03426593E+00  2.05529306E-01
 1.07374233E+00  2.16869690E-01
 1.09655893E+00  2.10441485E-01
 1.10202138E+00  1.89905386E-01
 1.10523010E+00  1.52977609E-01
 1.10823221E+00  1.04775509E-01
 1.10894054E+00  5.28409361E-02
 1.10658877E+00  6.33132761E-03
 1.09394644E+00 -2.19615963E-02
 1.07258798E+00 -2.68048691E-02
 1.05335921E+00 -9.92732787E-03
 1.04512028E+00  2.64399480E-02
 1.06281821E+00  7.49556594E-02
 1.13225681E+00  1.22678109E-01
 1.24754952E+00  1.55500194E-01
 1.29372405E+00  1.59589719E-01
 1.14725533E+00  1.27412423E-01
 9.21863120E-01  6.88698402E-02
 8.29193641E-01  6.72560750E-03
 8.39434440E-01 -4.05622526E-02
 8.40640770E-01 -6.08762513E-02
 8.68424478E-01 -5.31542660E-02
 9.37645078E-01 -2.95233891E-02
 9.83605092E-01  5.47706091E-03
 9.87856450E-01  5.27131961E-02
 9.84036219E-01  1.05349645E-01
 1.00800445E+00  1.57013022E-01
 1.06142330E+00  1.97763242E-01
 1.12019758E+00  2.14846574E-01
 1.15734401E+00  2.11914759E-01
 1.13488560E+00  2.02865198E-01
 1.03822074E+00  1.95323417E-01
 8.98633213E-01  1.92955436E-01
 7.82061401E-01  1.88604280E-01
 7.45396856E-01  1.64689702E-01
 7.09113377E-01  1.17682441E-01
 5.46544999E-01  5.92800121E-02
 3.58836535E-01  1.16480138E-02
 3.21447096E-01  5.42152950E-03
 3.65433940E-01  4.79529665E-02
 3.66147201E-01  1.09235738E-01
 3.79287194E-01  1.18270270E-01
 4.63329249E-01  1.64944527E-02
 5.64056024E-01 -9.13447270E-02
 6.41052259E-01 -4.61541267E-02
 7.04754553E-01  5.50543008E-02
 7.54023277E-01  3.31000698E-02
 7.74017197E-01 -1.65516536E-02
 7.63898073E-01  5.32605896E-02
 7.37729000E-01  1.55601992E-01
 7.13246861E-01  1.79714288E-01
 7.05630592E-01  1.53428004E-01
 7.21733556E-01  1.03544725E-01
 7.44563157E-01  2.24863586E-02
 7.42635222E-01 -5.76098367E-02
 7.08602776E-01 -1.00310784E-01
 6.68204803E-01 -9.72433597E-02
 6.90825283E-01 -5.49579738E-02
 8.34789046E-01  5.01426787E-03
 9.81299261E-01  6.99347258E-02
 9.55358780E-01  1.38166586E-01
 8.61357637E-01  2.00545928E-01
 8.94947310E-01  2.50999397E-01
 9.60597341E-01  2.80882689E-01
 9.04806141E-01  2.78858033E-01
 8.09188923E-01  2.57635516E-01
 7.71839179E-01  2.41419779E-01
 7.55540484E-01  2.36308217E-01
 7.34446005E-01  2.25833162E-01
 7.25224441E-01  1.48928227E-01
 7.13084080E-01 -4.34766598E-02
 6.75434828E-01 -2.26110029E-01
 6.13192756E-01 -2.24956530E-01
 5.45361269E-01 -1.45715171E-01
 5.02477345E-01 -1.86749108E-01
 5.01742977E-01 -2.56560799E-01
 5.42809705E-01 -2.01927620E-01
 6.12946014E-01 -1.00389012E-01
 6.83422882E-01 -4.41597567E-02
 7.35789816E-01  4.35620446E-03
 7.68255183E-01  6.37167700E-02
 7.83810416E-01  1.02406448E-01
 7.96195975E-01  1.14924447E-01
 8.13180965E-01  1.12336818E-01
 8.31802358E-01  9.67330614E-02
 8.54591007E-01  6.87300511E-02
 8.82784302E-01  3.19929279E-02
 9.18173624E-01 -5.01489242E-03
 9.65037499E-01 -3.23298445E-02
 1.01295993E+00 -4.54195251E-02
 1.04274086E+00 -4.31970198E-02
 1.04243001E+00 -2.63852773E-02
 1.00758025E+00 -4.13391449E-04
 9.52164329E-01  2.59330115E-02
 9.06619631E-01  4.30994000E-02
 8.89602488E-01  4.24880129E-02
 9.05599318E-01  2.25174197E-02
 9.45324427E-01 -1.95056080E-03
 9.82099925E-01 -6.50717675E-03
 9.99624659E-01  2.14739385E-02
 9.95252372E-01  7.62696531E-02
 9.67869251E-01  1.23671762E-01
 9.25681615E-01  1.11754397E-01
 8.71879235E-01  2.52779869E-02
 8.02480126E-01 -9.63944590E-02
 7.25986525E-01 -1.45708655E-01
 6.56140338E-01 -1.91205472E-02
 6.07563688E-01  1.60107365E-01
 5.98304268E-01  1.66872424E-01
 6.34695865E-01  5.04223024E-02
 7.09139301E-01 -2.04201434E-02
 8.07066600E-01 -2.63532645E-02
 8.96525578E-01  3.64165809E-02
 9.19560317E-01  1.25102926E-01
 8.52750837E-01  1.09307563E-01
 8.26603505E-01  3.78165732E-02
 9.97787247E-01  5.53481143E-02
 1.22693061E+00  1.12121225E-01
 1.26380053E+00  1.19516899E-01
 1.17691357E+00  1.22314190E-01
 1.13096970E+00  1.55869358E-01
 1.07033881E+00  1.90650634E-01
 9.45591067E-01  2.15016326E-01
 8.33003225E-01  2.36281432E-01
 7.65299748E-01  2.49797073E-01
 7.05791134E-01  2.48308296E-01
 6.24464856E-01  2.29681749E-01
 5.21524060E-01  1.92447517E-01
 4.08795063E-01  1.36693741E-01
 3.01879191E-01  6.75273752E-02
 2.30533560E-01 -6.16558697E-03
 2.13154920E-01 -7.46899389E-02
 2.47144729E-01 -1.28388568E-01
 3.26085775E-01 -1.60121149E-01
 4.32976702E-01 -1.68271786E-01
 5.48676969E-01 -1.57773965E-01
 6.57053015E-01 -1.45602741E-01
 7.28302578E-01 -1.69260241E-01
 7.33659394E-01 -2.42925278E-01
 6.69337066E-01 -2.63048885E-01
 5.69629201E-01 -1.08633998E-01
 5.40651548E-01  1.07657785E-01
 6.74140415E-01  1.84891012E-01
 8.28256372E-01  1.68607979E-01
 7.87332998E-01  1.84138975E-01
 6.81540536E-01  2.02604280E-01
 7.44194867E-01  2.05433349E-01
 8.27262161E-01  2.45866852E-01
 7.16442080E-01  3.08729648E-01
 5.45246775E-01  2.77918431E-01
 4.96611222E-01  7.34314546E-02
 5.42306475E-01 -1.25776862E-01
 6.39786890E-01 -7.11736134E-02
 7.85434493E-01  8.32965081E-02
 9.07439099E-01  5.17822020E-02
 9.46536013E-01 -3.47891259E-02
 9.11967604E-01  4.08399719E-02
 8.57279543E-01  1.66750803E-01
 8.47871406E-01  2.12084201E-01
 8.24486408E-01  2.32304675E-01
 6.90593573E-01  2.57080914E-01
 5.93400476E-01  2.44439667E-01
 7.08957821E-01  1.89640869E-01
 8.17225364E-01  1.13348371E-01
 6.24692162E-01  2.52062557E-02
 3.31031138E-01 -6.39751788E-02
 2.64030670E-01 -1.37675022E-01
 3.04695591E-01 -1.77737377E-01
 2.59515483E-01 -1.71663189E-01
 2.69508370E-01 -1.25762385E-01
 4.42584693E-01 -6.00506457E-02
 5.78078009E-01  8.08774785E-03
 4.95541260E-01  6.46218230E-02
 3.55703373E-01  1.05090524E-01
 3.97013500E-01  1.36995505E-01
 5.52954439E-01  1.59506116E-01
 6.75379755E-01  1.67800475E-01
 8.05006007E-01  1.68197357E-01
 9.64822512E-01  1.68803925E-01
 1.07630306E+00  1.79131277E-01
 1.11104680E+00  2.08494011E-01
 1.10147149E+00  2.45875902E-01
 1.08014508E+00  2.66771162E-01
 1.05466934E+00  2.57547675E-01
 1.02249049E+00  2.14589144E-01
 9.91919183E-01  1.50099647E-01
 9.66036249E-01  9.33625745E-02
 9.51313706E-01  6.03157618E-02
 9.63481776E-01  5.15928957E-02
 9.98813063E-01  6.13735883E-02
 1.04077187E+00  7.10438872E-02
 1.07646059E+00  7.01071281E-02
 1.09175662E+00  6.07496745E-02
 1.08458943E+00  4.29223716E-02
 1.06688749E+00  2.17636393E-02
 1.04342488E+00  2.28911118E-03
 1.01769093E+00 -1.30422110E-02
 1.00102082E+00 -7.59310907E-03
 1.00222123E+00  3.90457254E-02
 1.02771861E+00  1.30563371E-01
 1.07573708E+00  2.47064061E-01
 1.11455972E+00  3.23374560E-01
 1.09565818E+00  2.97764181E-01
 9.91023221E-01  2.45882368E-01
 8.02387005E-01  2.87867077E-01
 5.80784440E-01  3.42613783E-01
 4.17864733E-01  2.72233720E-01
 3.72127652E-01  1.62972091E-01
 4.53096509E-01  1.47234070E-01
 6.15115925E-01  1.75941694E-01
 7.55699809E-01  1.79299949E-01
 8.09116420E-01  1.87028460E-01
 7.63959335E-01  2.02525849E-01
 6.42922180E-01  1.52722358E-01
 5.17691608E-01 -5.55780463E-04
 4.26835101E-01 -1.59346530E-01
 3.61581884E-01 -2.02230447E-01
 3.16782672E-01 -2.03364142E-01
 2.68796417E-01 -2.96659786E-01
 2.15567092E-01 -3.98225214E-01
 1.91332128E-01 -3.77131070E-01
 2.08792118E-01 -2.91707540E-01
 2.74017832E-01 -2.25106450E-01
 3.88403593E-01 -1.55278934E-01
 5.29334070E-01 -7.23893020E-02
 6.79337926E-01 -7.49599644E-03
 8.25648863E-01  3.23218875E-02
 9.47834791E-01  4.85819530E-02
 1.03358347E+00  3.56177036E-02
 1.08110881E+00  4.18309188E-03
 1.09404990E+00 -2.34054041E-02
 1.08036075E+00 -2.75658338E-02
 1.05034704E+00  5.44924749E-03
 1.01439742E+00  6.69034306E-02
 9.81672017E-01  1.29137277E-01
 9.63783510E-01  1.76106645E-01
 9.68292694E-01  2.02584665E-01
 9.84404073E-01  2.12150533E-01
 9.90682520E-01  2.22502908E-01
 9.72502138E-01  2.38333692E-01
 9.26576937E-01  2.50582260E-01
 8.75241045E-01  2.54724427E-01
 8.60731248E-01  2.42766132E-01
 9.03729397E-01  2.12502140E-01
 9.97943416E-01  1.73230301E-01
 1.10933069E+00  1.30112734E-01
 1.17621244E+00  8.77521697E-02
 1.16219512E+00  5.23843515E-02
 1.06915707E+00  2.54142851E-02
 9.29810403E-01  7.90014438E-03
 8.11418985E-01  9.38144985E-04
 7.59298788E-01  3.46399795E-03
 7.81000227E-01  1.43281069E-02
 8.61461397E-01  3.14858055E-02
 9.54003200E-01  5.15102817E-02
 1.02969437E+00  7.00380803E-02
 1.08751288E+00  8.23939270E-02
 1.12248054E+00  8.60716898E-02
 1.14112216E+00  8.06617594E-02
 1.14089825E+00  6.63311720E-02
 1.10523945E+00  4.46955069E-02
 1.04615801E+00  1.86548959E-02
 9.89508184E-01 -8.30972788E-03
 9.54598881E-01 -3.12954601E-02
 9.58589315E-01 -4.54512236E-02
 9.87586447E-01 -4.90385361E-02
 1.00164207E+00 -4.27113730E-02
 9.81748259E-01 -2.73982410E-02
 9.28116480E-01 -5.14229560E-03
 8.61279635E-01  2.10295408E-02
 8.26896008E-01  4.79106202E-02
 8.47636570E-01  7.06039232E-02
 9.16844753E-01  8.40314953E-02
 1.01448135E+00  8.66808735E-02
 1.09872706E+00  7.96039324E-02
 1.14159215E+00  6.42663732E-02
 1.14021626E+00  4.35104009E-02
 1.09757973E+00  2.08745338E-02
 1.03141596E+00 -1.61977275E-04
 9.54226759E-01 -1.42884291E-02
 8.66214180E-01 -1.60961175E-02
 7.78324705E-01 -3.87587233E-03
 7.03378685E-01  2.13540737E-02
 6.56231320E-01  5.75126170E-02
 6.55981622E-01  1.00346135E-01
 7.02148650E-01  1.44096804E-01
 7.78871330E-01  1.82434557E-01
 8.72011257E-01  2.07453244E-01
 9.63957348E-01  2.11951183E-01
 1.04002855E+00  1.93779900E-01
 1.09380462E+00  1.55306579E-01
 1.11398590E+00  1.01253680E-01
 1.09287711E+00  4.04092890E-02
 1.04381882E+00 -1.39010311E-02
 9.90582215E-01 -4.73173505E-02
 9.53239795E-01 -4.83368865E-02
 9.43697911E-01 -1.43185902E-02
 9.47031380E-01  3.81863831E-02
 9.29390566E-01  7.91668021E-02
 8.82156737E-01  8.66616124E-02
 8.27155248E-01  5.24297928E-02
 8.20221023E-01 -9.20552583E-03
 9.09481003E-01 -6.26902597E-02
 9.92473818E-01 -8.62644608E-02
 9.21617148E-01 -7.52850695E-02
 8.02268435E-01 -3.56279641E-02
 8.25623638E-01  9.76317459E-03
 9.24703524E-01  4.97630458E-02
 9.70460574E-01  8.79309837E-02
 1.01370553E+00  1.21157029E-01
 1.10057955E+00  1.49515364E-01
 1.17283253E+00  1.68694198E-01
 1.19860933E+00  1.65829734E-01
 1.19999580E+00  1.41405169E-01
 1.19229333E+00  1.04095351E-01
 1.17045724E+00  6.10660374E-02
 1.13143816E+00  2.38285969E-02
 1.08223878E+00  4.14081625E-04
 1.02823983E+00 -7.32846964E-03
 9.77762106E-01  5.23337365E-03
 9.44919396E-01  3.94654564E-02
 9.35238914E-01  8.53377411E-02
 9.47459517E-01  1.27569990E-01
 9.80925848E-01  1.51875358E-01
 1.03046465E+00  1.47968277E-01
 1.08722425E+00  1.19844417E-01
 1.14172374E+00  8.36035158E-02
 1.18102925E+00  4.92552567E-02
 1.19290404E+00  2.16562883E-02
 1.17406668E+00  3.13871850E-03
 1.12837110E+00 -1.07097033E-02
 1.06161054E+00 -1.73761943E-02
 9.84278005E-01 -8.29164044E-03
 9.12209516E-01  1.74499032E-02
 8.62316601E-01  5.81275363E-02
 8.51303116E-01  1.08889366E-01
 8.88698184E-01  1.58184954E-01
 9.62804106E-01  1.96463766E-01
 1.04640026E+00  2.16551641E-01
 1.11697850E+00  2.11029132E-01
 1.15933063E+00  1.78799367E-01
 1.17285691E+00  1.29723821E-01
 1.17306811E+00  8.01423262E-02
 1.16423435E+00  4.39981765E-02
 1.14134696E+00  2.84287355E-02
 1.10395603E+00  2.62057820E-02
 1.04865501E+00  1.83950601E-02
 9.82393760E-01 -4.12607383E-03
 9.25053597E-01 -3.86413391E-02
 8.90442818E-01 -7.23743091E-02
 8.89489430E-01 -8.11808831E-02
 9.29132944E-01 -5.39066891E-02
 1.00167913E+00  2.79165821E-03
 1.08592550E+00  7.26945079E-02
 1.15239038E+00  1.27506639E-01
 1.17560160E+00  1.48853770E-01
 1.14521564E+00  1.36949890E-01
 1.07789288E+00  1.03687907E-01
 1.01202538E+00  7.42990361E-02
 9.73563372E-01  6.49139012E-02
 9.70823358E-01  7.43133379E-02
 9.94220414E-01  9.11045911E-02
 1.01299729E+00  9.22422899E-02
 1.01407929E+00  6.73087499E-02
 1.00526120E+00  2.59983766E-02
 9.95694534E-01 -1.19304039E-02
 1.00447844E+00 -1.59375431E-02
 1.03708654E+00  2.88964883E-02
 1.07719788E+00  1.10527604E-01
 1.10857592E+00  1.96597794E-01
 1.11007339E+00  2.36568953E-01
 1.06612168E+00  1.97763923E-01
 9.78833812E-01  8.14762814E-02
 8.59175083E-01 -7.68925822E-02
 7.30000630E-01 -2.10479965E-01
 6.20771571E-01 -2.74254712E-01
 5.63826317E-01 -2.60875627E-01
 6.03377514E-01 -1.95999170E-01
 7.42110031E-01 -1.40579943E-01
 8.37813015E-01 -1.26862306E-01
 7.41253235E-01 -1.44333371E-01
 6.25704944E-01 -1.60712213E-01
 7.59715582E-01 -1.17262172E-01
 9.64848354E-01  6.00427519E-03
 9.37186495E-01  1.68339102E-01
 8.26830134E-01  2.91692478E-01
 8.64687780E-01  2.98772639E-01
 9.24402264E-01  2.65497459E-01
 8.65467471E-01  3.37466352E-01
 7.83895464E-01  4.36140582E-01
 7.65433857E-01  4.16260773E-01
 7.72401851E-01  3.70298564E-01
 7.78853583E-01  4.24060626E-01
 7.92061828E-01  5.00828865E-01
 7.90450626E-01  4.99945193E-01
 7.46704473E-01  4.34348608E-01
 6.58350510E-01  3.09844981E-01
 5.45618038E-01  8.25182154E-02
 4.44053458E-01 -2.27379635E-01
 3.76143255E-01 -4.56960205E-01
 3.45969477E-01 -4.45133187E-01
 3.42830164E-01 -3.05998337E-01
 3.37679551E-01 -2.67116354E-01
 3.14995212E-01 -2.76219657E-01
 2.78184394E-01 -1.96168109E-01
 2.33687734E-01 -9.94394647E-02
 1.98174940E-01 -5.83084244E-02
 1.79001010E-01 -3.75380333E-02
 1.67782025E-01 -3.46401414E-02
 1.59549453E-01 -6.68626958E-02
 1.47487526E-01 -1.16529988E-01
 1.29768223E-01 -1.54462633E-01
 1.17194665E-01 -1.57164086E-01
 1.21043040E-01 -1.27702155E-01
 1.53320005E-01 -8.95454499E-02
 2.22425769E-01 -5.17041177E-02
 3.24745765E-01 -1.85470950E-02
 4.45696154E-01  1.58853593E-03
 5.61802064E-01  1.12672977E-02
 6.51728008E-01  1.28328926E-02
 7.01767995E-01  1.62295818E-02
 7.06898970E-01  7.17409142E-02
 6.73670092E-01  2.13079719E-01
 6.09705724E-01  3.38268563E-01
 5.26355821E-01  3.14614487E-01
 4.51551353E-01  2.27216624E-01
 4.17867346E-01  2.33509120E-01
 4.47289315E-01  2.58193073E-01
 5.39955671E-01  1.75537034E-01
 6.45412940E-01  5.83065624E-02
 6.82368281E-01 -1.17292130E-03
 6.11098483E-01 -2.66102707E-02
 4.55866552E-01 -3.71313715E-02
 3.37208675E-01 -2.50035118E-02
 3.99562602E-01 -1.62591077E-02
 5.56057428E-01 -3.77100695E-02
 6.02112855E-01 -8.88407844E-02
 5.68781901E-01 -1.45541870E-01
 5.75618596E-01 -1.65855876E-01
 6.33390333E-01 -1.28490350E-01
 7.59018605E-01 -4.08944388E-02
 8.88253023E-01  6.63279454E-02
 8.71253515E-01  1.38008602E-01
 7.53900255E-01  1.41798482E-01
 6.77895334E-01  8.22148317E-02
 6.16043154E-01 -9.56712189E-03
 5.25263556E-01 -7.35716285E-02
 4.86240405E-01 -7.33478672E-02
 5.53646261E-01 -1.34325838E-02
 6.79278819E-01  7.29040144E-02
 7.98434432E-01  1.23126372E-01
 8.86835396E-01  1.08151877E-01
 9.31280296E-01  5.36738936E-02
 9.31668933E-01  2.65634413E-02
 9.21536040E-01  9.91690630E-02
 9.21810970E-01  1.99394652E-01
 9.41689700E-01  1.87570468E-01
 1.01858143E+00  1.24062720E-01
 1.15529878E+00  1.29146074E-01
 1.22801156E+00  1.26900893E-01
 1.10705313E+00  3.61008649E-02
 9.11410377E-01 -1.74416476E-02
 8.55252902E-01  8.86922755E-02
 8.84756246E-01  2.26456256E-01
 8.62009046E-01  2.23045457E-01
 8.46617139E-01  1.70876957E-01
 8.98729595E-01  2.15769474E-01
 9.63242556E-01  2.48078631E-01
 1.01301011E+00  1.30918063E-01
 1.06199424E+00 -4.40248814E-02
 1.10361887E+00 -1.52300004E-01
 1.11678114E+00 -1.99826408E-01
 1.08878794E+00 -2.00363450E-01
 1.03028686E+00 -1.44570127E-01
 9.65255308E-01 -7.00885712E-02
 9.13552703E-01 -1.09114306E-02
 8.93609152E-01  3.19434791E-02
 9.13085542E-01  6.41498455E-02
 9.63807424E-01  1.03362884E-01
 1.04096045E+00  1.50545513E-01
 1.13534607E+00  1.83961135E-01
 1.21546353E+00  1.89232920E-01
 1.24328906E+00  1.51682300E-01
 1.19078078E+00  6.83590202E-02
 1.05129069E+00 -3.81958859E-02
 8.72322527E-01 -1.36037705E-01
 7.38462659E-01 -1.87312184E-01
 6.99996000E-01 -1.64729886E-01
 7.57510272E-01 -7.14051524E-02
 8.39699020E-01  4.98839917E-02
 8.43466334E-01  1.30357280E-01
 8.17495360E-01  1.31224704E-01
 8.80009968E-01  6.65079833E-02
 9.60749013E-01  2.16065945E-02
 9.50120080E-01  9.73341591E-02
 9.27671631E-01  2.12441222E-01
 9.87180665E-01  2.07252592E-01
 1.06219132E+00  1.58172953E-01
 1.06870488E+00  2.00380889E-01
 1.02901569E+00  2.23609883E-01
 9.73866317E-01  9.80496289E-02
 8.83173492E-01 -7.24182754E-02
 7.52304552E-01 -1.47351681E-01
 5.98166382E-01 -1.36013661E-01
 4.31302451E-01 -7.68717815E-02
 2.79348061E-01  1.19339681E-02
 1.84587822E-01  6.19496765E-02
 1.72709042E-01  2.21453034E-02
 2.46100275E-01 -8.85099559E-02
 3.67354323E-01 -1.93957763E-01
 4.67986684E-01 -2.04567016E-01
 5.07336684E-01 -1.74948079E-01
 4.89363784E-01 -2.26719168E-01
 4.78882039E-01 -2.83124782E-01
 5.61241500E-01 -2.17069887E-01
 6.76938542E-01 -1.06964236E-01
 7.04796384E-01 -5.85915610E-02
 7.16588448E-01 -1.83751043E-02
 8.29777890E-01  7.58390466E-02
 9.61797968E-01  1.80821489E-01
 1.00162861E+00  2.52554660E-01
 9.92340969E-01  2.98658713E-01
 9.87835049E-01  3.17976708E-01
 9.45826100E-01  2.96689768E-01
 8.35878665E-01  2.39613185E-01
 6.98981247E-01  1.61338273E-01
 5.81282418E-01  7.73636533E-02
 5.05966954E-01  5.25996190E-03
 4.95315368E-01 -4.21249054E-02
 5.51318892E-01 -6.55278189E-02
 6.46963112E-01 -7.59450627E-02
 7.63351945E-01 -7.95610116E-02
 8.86116930E-01 -7.75889432E-02
 9.89651588E-01 -6.78316702E-02
 1.05311793E+00 -4.22000098E-02
 1.05645829E+00 -1.42803386E-03
 9.89020458E-01  4.53399894E-02
 8.87099739E-01  9.29824759E-02
 8.16012461E-01  1.35323134E-01
 8.21626853E-01  1.67403709E-01
 9.21443728E-01  1.88960297E-01
 1.07534520E+00  1.95412187E-01
 1.19138172E+00  1.80827193E-01
 1.21298253E+00  1.45072778E-01
 1.12647304E+00  9.20019818E-02
 9.52602384E-01  3.25088657E-02
 7.63266356E-01 -1.64418302E-02
 6.08338281E-01 -4.27423286E-02
 5.12237485E-01 -4.23434788E-02
 5.26503908E-01 -2.26844898E-02
 6.57508106E-01 -2.06526339E-03
 7.89393449E-01  6.40693968E-03
 7.99451770E-01 -1.63970034E-03
 7.74556869E-01 -2.14457332E-02
 8.76662595E-01 -3.72079981E-02
 1.01632224E+00 -3.95156117E-02
 1.03538763E+00 -2.62210770E-02
 1.00782452E+00  7.15582584E-03
 1.04039662E+00  5.85667707E-02
 1.09894928E+00  1.19797730E-01
 1.14000387E+00  1.72091917E-01
 1.11639397E+00  1.64822232E-01
 9.68073393E-01  6.91072413E-02
 8.13006303E-01 -3.89322285E-03
 8.32031315E-01  8.35264736E-02
 8.98834565E-01  2.18338046E-01
 7.85027549E-01  1.98342020E-01
 5.82882377E-01  8.81227161E-02
 4.62560920E-01  2.69549935E-02
 3.67150433E-01 -3.69140627E-02
 2.40463727E-01 -1.53524044E-01
 1.58595234E-01 -2.59725526E-01
 1.62480654E-01 -3.18666206E-01
 2.14118188E-01 -3.42666859E-01
 2.78592381E-01 -3.31893403E-01
 3.49747087E-01 -2.73663942E-01
 4.24354974E-01 -1.68165651E-01
 5.01018667E-01 -4.16255271E-02
 5.92345270E-01  6.82722454E-02
 6.98838491E-01  1.30417634E-01
 8.03410893E-01  1.24504611E-01
 8.88832014E-01  6.15864445E-02
 9.34081333E-01 -1.86634797E-02
 9.28560330E-01 -8.91539375E-02
 8.81682081E-01 -1.35705727E-01
 8.13571961E-01 -1.53281837E-01
 7.54949145E-01 -1.55273297E-01
 7.32095540E-01 -1.41230339E-01
 7.55816209E-01 -9.92851458E-02
 8.21249100E-01 -3.65420283E-02
 9.07058211E-01  3.49120213E-02
 9.95273315E-01  9.94008049E-02
 1.07444420E+00  1.34775826E-01
 1.13091563E+00  1.40461660E-01
 1.15685545E+00  1.32268328E-01
 1.14250893E+00  1.17196373E-01
 1.08112869E+00  1.01441271E-01
 9.95436534E-01  9.01257395E-02
 9.25332500E-01  8.04138286E-02
 9.01620708E-01  7.80826149E-02
 9.41292802E-01  9.29146794E-02
 1.02436744E+00  1.20176494E-01
 1.09861661E+00  1.49338502E-01
 1.13346705E+00  1.71331111E-01
 1.12221605E+00  1.76459816E-01
 1.07803374E+00  1.65964165E-01
 1.04188141E+00  1.50694372E-01
 1.03205182E+00  1.33453657E-01
 1.03925192E+00  1.12188684E-01
 1.05426024E+00  8.44688275E-02
 1.05507520E+00  4.36724508E-02
 1.03224046E+00 -9.47447158E-03
 9.98815013E-01 -6.51403194E-02
 9.61409171E-01 -1.12879961E-01
 9.28625946E-01 -1.39845773E-01
 9.07736615E-01 -1.37056690E-01
 8.94298207E-01 -1.05724395E-01
 8.88487064E-01 -5.62947333E-02
 8.92894539E-01 -6.83380226E-03
 9.07884291E-01  2.82692845E-02
 9.37421958E-01  4.40425282E-02
 9.82976671E-01  4.73115756E-02
 1.04179979E+00  5.54963434E-02
 1.10923264E+00  7.72701955E-02
 1.17525970E+00  1.09087927E-01
 1.22423368E+00  1.38797107E-01
 1.23922368E+00  1.44607515E-01
 1.20922051E+00  1.16921679E-01
 1.13522493E+00  6.38103679E-02
 1.03772978E+00  3.39397876E-03
 9.52156184E-01 -3.50461049E-02
 9.06758997E-01 -3.33759143E-02
 9.16011857E-01  5.75548654E-03
 9.73972434E-01  6.33640919E-02
 1.05297173E+00  1.04476489E-01
 1.13308866E+00  1.06161048E-01
 1.20290234E+00  6.80095648E-02
 1.24799270E+00  8.66343301E-03
 1.26197927E+00 -3.36518842E-02
 1.23527801E+00 -3.61081348E-02
 1.15981097E+00 -3.39250765E-04
 1.06000841E+00  5.74944559E-02
 9.78197021E-01  1.02604981E-01
 9.45574977E-01  1.15146098E-01
 9.77616677E-01  9.89616484E-02
 1.04773974E+00  6.44121431E-02
 1.09385984E+00  3.49238053E-02
 1.08062316E+00  2.36766707E-02
 1.00396117E+00  2.48660171E-02
 8.90297000E-01  3.27450122E-02
 8.02856583E-01  3.57284191E-02
 7.76226426E-01  2.75113498E-02
 8.07495879E-01  1.45913180E-02
 8.82098696E-01  5.21312892E-04
 9.59545946E-01 -1.04728435E-02
 1.01598581E+00 -1.54155063E-02
 1.05567705E+00 -1.81223993E-02
 1.07512711E+00 -1.93656737E-02
 1.07771707E+00 -1.82492468E-02
 1.06324066E+00 -1.50404001E-02
 1.01956537E+00 -7.88823652E-03
 9.56346009E-01  2.93703565E-03
 8.95649007E-01  1.47521667E-02
 8.54504798E-01  2.58958841E-02
 8.49710114E-01  3.42643034E-02
 8.78021256E-01  3.78853845E-02
 9.17037857E-01  3.62457364E-02
 9.55470689E-01  2.91925857E-02
 9.89575437E-01  1.80412836E-02
 1.02052986E+00  7.48551011E-03
 1.06048650E+00  3.69057471E-03
 1.10922253E+00  1.07028190E-02
 1.15374850E+00  2.86397314E-02
 1.18445083E+00  5.03269357E-02
 1.18915955E+00  6.35985604E-02
 1.16227366E+00  6.21634174E-02
 1.11180663E+00  4.87509591E-02
 1.04959356E+00  3.82420888E-02
 9.91265598E-01  5.37036915E-02
 9.48881739E-01  1.02941230E-01
 9.21395684E-01  1.70424118E-01
 8.92188793E-01  2.12234814E-01
 8.36785788E-01  1.68978424E-01
 7.50924189E-01  2.42120736E-02
 6.63630569E-01 -1.69662327E-01
 6.47993770E-01 -2.69670644E-01
 7.66579284E-01 -1.34687096E-01
 9.17743751E-01  1.01433612E-01
 9.42709067E-01  1.72933121E-01
 9.25873787E-01  1.17269797E-01
 1.02618186E+00  9.01966061E-02
 1.14022612E+00  6.02449559E-02
 1.11964338E+00  1.20754943E-02
 1.04585514E+00  2.41402015E-03
 1.02869653E+00  1.62733718E-02
 1.04446637E+00  1.62734004E-02
 1.06909694E+00 -4.94210560E-03
 1.11237057E+00 -9.04479049E-03
 1.14538454E+00  5.50753404E-02
 1.13932330E+00  1.25407701E-01
 1.09645329E+00  1.02595446E-01
 1.03170585E+00  3.64599194E-02
 9.73320721E-01  2.28661738E-02
 9.37705314E-01  4.48027460E-02
 9.23906612E-01  6.81331222E-02
 9.32728185E-01  1.07655671E-01
 9.57050990E-01  1.56380982E-01
 9.90360877E-01  1.96904306E-01
 1.03056504E+00  2.33559412E-01
 1.05756257E+00  2.66124806E-01
 1.04373264E+00  2.89635934E-01
 9.72661633E-01  2.99326116E-01
 8.42328288E-01  2.85772479E-01
 6.86984134E-01  2.46887583E-01
 5.66972211E-01  1.88047090E-01
 5.16278719E-01  1.16616597E-01
 5.30524620E-01  4.74935382E-02
 5.50435965E-01  2.37929830E-03
 5.07602757E-01  2.79427542E-03
 4.91855640E-01  6.20853681E-02
 6.43609938E-01  1.74996679E-01
 8.49721245E-01  3.02996042E-01
 9.18493665E-01  3.85167448E-01
 9.11129717E-01  3.77818619E-01
 9.43116772E-01  2.68042341E-01
 9.53207327E-01  9.13014637E-02
 8.86415358E-01 -7.32494343E-02
 8.02631770E-01 -1.71976370E-01
 7.47291728E-01 -1.87156002E-01
 7.09735009E-01 -1.31306981E-01
 6.86356059E-01 -5.78539469E-02
 6.95262135E-01  4.67018808E-03
 7.42718556E-01  5.78379274E-02
 8.09068723E-01  9.23713459E-02
 8.66984035E-01  1.10436224E-01
 8.92924308E-01  1.03954635E-01
 8.71299016E-01  5.03201604E-02
 8.18546025E-01 -3.31456209E-02
 7.76722663E-01 -1.07587327E-01
 7.69670348E-01 -1.45246504E-01
 8.02596546E-01 -1.23454635E-01
 8.63236398E-01 -5.56930766E-02
 9.15392235E-01  1.06164795E-02
 9.40661850E-01  5.16132181E-02
 9.41192971E-01  6.31257017E-02
 9.16559019E-01  5.29646812E-02
 8.77668056E-01  5.27072371E-02
 8.33004798E-01  7.48352828E-02
 7.85260447E-01  1.09894173E-01
 7.61254187E-01  1.56387050E-01
 7.92680141E-01  2.03313183E-01
 8.82189270E-01  2.34328225E-01
 9.92439792E-01  2.29997610E-01
 1.00860174E+00  1.34059744E-01
 8.32104044E-01 -7.52960632E-02
 6.29770905E-01 -2.31261700E-01
 6.66925038E-01 -1.36217774E-01
 8.59929847E-01  6.49349575E-02
 9.75013172E-01  1.00602394E-01
 1.00384079E+00  5.65980873E-02
 9.76048571E-01  1.16703974E-01
 9.03710538E-01  1.98499788E-01
 8.83733516E-01  2.12946028E-01
 8.72297648E-01  2.09596102E-01
 7.34025283E-01  1.87111093E-01
 5.45175602E-01  6.86334035E-02
 4.46227811E-01 -1.60257980E-01
 4.30744757E-01 -3.34645705E-01
 4.74567223E-01 -2.67486501E-01
 5.77430948E-01 -9.18239506E-02
 6.83827607E-01 -6.45223514E-02
 7.40002492E-01 -1.22507679E-01
 7.33672658E-01 -1.13937227E-01
 6.81931726E-01 -1.07744764E-01
 6.32226076E-01 -1.60619857E-01
 6.09813687E-01 -2.10075954E-01
 6.13060587E-01 -2.30513825E-01
 6.44033252E-01 -2.32971054E-01
 6.90836480E-01 -2.07852554E-01
 7.50753156E-01 -1.38560720E-01
 8.34598507E-01 -3.08460646E-02
 9.22644234E-01  5.19352940E-02
 9.83951062E-01  4.66122319E-02
 1.00471756E+00  2.26230753E-02
 9.88842709E-01  8.68956006E-02
 9.93813630E-01  1.59899338E-01
 1.08415357E+00  1.13363378E-01
 1.18660933E+00  2.45029501E-02
 1.18187031E+00  1.16825383E-02
 1.13774089E+00  2.43693577E-02
 1.17130862E+00 -4.91113698E-03
 1.20200323E+00 -3.70173035E-02
 1.12177953E+00 -3.78828091E-02
 1.00302627E+00 -2.18237197E-02
 9.44347150E-01  1.04232938E-02
 9.33972234E-01  6.54419525E-02
 9.51966396E-01  1.30948907E-01
 1.00627817E+00  1.88624850E-01
 1.07187227E+00  2.20576289E-01
 1.12050043E+00  2.12325710E-01
 1.14845442E+00  1.61675159E-01
 1.15814387E+00  8.61460590E-02
 1.16015631E+00  1.77227115E-02
 1.15807607E+00 -1.94144401E-02
 1.14554347E+00 -1.58575411E-02
 1.12629787E+00  1.67474667E-02
 1.10623724E+00  4.63728164E-02
 1.09242295E+00  5.48228311E-02
 1.09553825E+00  4.11597805E-02
 1.11073767E+00  1.24703813E-02
 1.12220233E+00 -9.56080143E-03
 1.12140736E+00 -1.56077348E-02
 1.10420850E+00 -1.24919827E-02
 1.07610919E+00 -1.88180206E-03
 1.05416727E+00  1.08001618E-02
 1.04648771E+00  2.33946864E-02
 1.05279231E+00  4.25007127E-02
 1.07203079E+00  6.44659128E-02
 1.09678180E+00  8.05690111E-02
 1.12337247E+00  8.59367723E-02
 1.15376931E+00  7.53579195E-02
 1.18419882E+00  5.21881831E-02
 1.20950609E+00  2.82325554E-02
 1.22423624E+00  1.00493266E-02
 1.22029668E+00  2.89584981E-04
 1.19485543E+00 -1.91991014E-03
 1.15025119E+00 -3.68387621E-03
 1.08964524E+00 -7.84395424E-03
 1.02057991E+00 -1.25781799E-02
 9.55795158E-01 -1.73402679E-02
 9.09504285E-01 -1.97391131E-02
 8.94475019E-01 -1.95378228E-02
 9.17224906E-01 -2.00253582E-02
 9.69686800E-01 -2.14965385E-02
 1.03232246E+00 -2.30839551E-02
 1.08855271E+00 -2.41872462E-02
 1.12659865E+00 -2.25591824E-02
 1.14245839E+00 -1.72016661E-02
 1.14249309E+00 -8.52639913E-03
 1.12800514E+00  3.98517838E-03
 1.09775969E+00  2.02842582E-02
 1.06031594E+00  3.88749183E-02
 1.02639108E+00  5.74973717E-02
 1.00766155E+00  7.24664506E-02
 1.01462376E+00  7.84850734E-02
 1.03890556E+00  6.93116497E-02
 1.05850175E+00  3.92783909E-02
 1.05838311E+00 -1.34432877E-02
 1.02929174E+00 -8.35154774E-02
 9.72156113E-01 -1.54163691E-01
 9.01509386E-01 -2.01366488E-01
 8.24352984E-01 -2.08286873E-01
 7.42669225E-01 -1.71460347E-01
 6.67158508E-01 -1.08853119E-01
 6.08462500E-01 -5.62252216E-02
 5.79379891E-01 -3.74052344E-02
 5.94264597E-01 -5.78462933E-02
 6.50702128E-01 -1.02267928E-01
 7.33767124E-01 -1.33656819E-01
 8.30380783E-01 -1.30996643E-01
 9.25372451E-01 -9.50055955E-02
 1.00489340E+00 -3.70874688E-02
 1.06160546E+00  1.46047817E-02
 1.08562999E+00  4.67378548E-02
 1.07158693E+00  6.78998726E-02
 1.03460484E+00  8.88220269E-02
 1.00070631E+00  1.26586323E-01
 9.90622718E-01  1.80915398E-01
 1.01487060E+00  2.20720641E-01
 1.05671931E+00  1.95657006E-01
 1.07738615E+00  7.83428895E-02
 1.05606163E+00 -2.27256133E-02
 9.93052050E-01  3.94534283E-02
 9.09354320E-01  1.69246821E-01
 8.49385638E-01  1.81392240E-01
 8.35759993E-01  1.42780565E-01
 8.61848033E-01  1.79337442E-01
 9.06724535E-01  2.21873365E-01
 9.28827130E-01  1.95792768E-01
 9.03598238E-01  1.39169779E-01
 8.36125395E-01  7.88788585E-02
 7.44032149E-01  1.86470679E-02
 6.62894088E-01 -9.77997294E-03
 6.15574303E-01  1.75879650E-02
 5.99779496E-01  8.31408298E-02
 6.04496656E-01  1.09506031E-01
 6.04768024E-01  1.84582242E-02
 5.85625013E-01 -1.09594978E-01
 5.50983280E-01 -1.35814314E-01
 5.04853015E-01 -1.36756067E-01
 4.58198485E-01 -2.44835157E-01
 4.18108935E-01 -3.55878676E-01
 3.82406542E-01 -3.30097013E-01
 3.59643998E-01 -2.37351039E-01
 3.59635469E-01 -1.78590890E-01
 3.81163074E-01 -1.31386190E-01
 4.10226248E-01 -7.67848091E-02
 3.99028614E-01 -5.16818787E-02
 3.13287281E-01 -6.63854029E-02
 2.52110116E-01 -1.05751227E-01
 3.55179562E-01 -1.46178037E-01
 5.66583002E-01 -1.12134230E-01
 7.32026200E-01  5.14115363E-02
 7.96220681E-01  1.99934638E-01
 7.50153523E-01  1.39155639E-01
 6.94336750E-01 -4.56391258E-03
 7.86755412E-01  1.64631315E-03
 8.50733644E-01  4.64166672E-02
 6.00613599E-01 -5.24059282E-02
 2.62990700E-01 -1.74624923E-01
 2.18087581E-01 -1.70046637E-01
 3.75548318E-01 -7.91873776E-02
 5.22454635E-01  3.67648971E-02
 6.58723840E-01  1.18393566E-01
 7.52005360E-01  7.92333013E-02
 7.94209783E-01  9.23629553E-03
 8.90297650E-01  8.19961454E-02
 9.79189761E-01  1.93862788E-01
 9.26557207E-01  1.57095424E-01
 8.27787127E-01  8.11105489E-02
 8.06747867E-01  1.15243804E-01
 7.47672329E-01  1.29520059E-01
 5.27251803E-01 -8.40789309E-03
 3.06902034E-01 -1.37884814E-01
 2.85384353E-01 -7.65618903E-02
 3.35959410E-01  3.86352595E-02
 2.55253301E-01  3.45776756E-03
 1.21523808E-01 -1.05840815E-01
 6.90273847E-02 -1.57539276E-01
 6.82738102E-02 -1.99100519E-01
 1.08253894E-01 -2.65901670E-01
 2.48131460E-01 -2.94012436E-01
 4.78647250E-01 -2.55676464E-01
 6.89799235E-01 -1.86746989E-01
 7.76586728E-01 -1.23874213E-01
 8.00682492E-01 -7.51225864E-02
 8.86135757E-01 -3.68632995E-02
 9.59802198E-01 -3.32521415E-04
 9.06842570E-01  5.77040962E-02
 8.30605851E-01  1.44231369E-01
 8.58188389E-01  2.38821557E-01
 9.18997083E-01  3.06946925E-01
 9.10962292E-01  3.03731807E-01
 8.56474835E-01  2.12387554E-01
 7.89817341E-01  6.57776112E-02
 7.03505658E-01 -4.96102445E-02
 6.20220854E-01 -5.03375661E-02
 5.67222375E-01 -2.42480666E-02
 5.47591058E-01 -1.21450158E-01
 5.75924073E-01 -2.31336535E-01
 6.64329898E-01 -1.67366707E-01
 7.98605738E-01 -2.99688765E-02
 9.30946298E-01  2.02449547E-02
 9.42545362E-01  4.24229125E-02
 7.37248242E-01  1.08718815E-01
 4.73387440E-01  1.56069641E-01
 4.09554453E-01  1.39683531E-01
 4.95561464E-01  9.14892743E-02
 5.41130776E-01  3.68284563E-02
 5.31278682E-01 -1.85574718E-02
 4.76050556E-01 -5.99902095E-02
 4.21333677E-01 -8.15204364E-02
 5.02342200E-01 -9.32936635E-02
 6.50342430E-01 -9.48267440E-02
 6.88567070E-01 -7.86919951E-02
 6.87472669E-01 -4.35510523E-02
 7.78784078E-01  1.20021774E-02
 9.16578009E-01  7.89328717E-02
 1.04295973E+00  1.34453749E-01
 1.15442090E+00  1.55233272E-01
 1.20485849E+00  1.19067214E-01
 1.14901081E+00  1.45075191E-02
 9.92535039E-01 -1.44007159E-01
 7.79285524E-01 -3.06428711E-01
 5.83190304E-01 -4.01631883E-01
 4.59939642E-01 -3.84128816E-01
 4.30378930E-01 -2.57525965E-01
 4.83612062E-01 -1.02277857E-01
 5.70833997E-01 -2.77319086E-02
 6.61170822E-01  2.18193762E-04
 7.49373605E-01  8.16935820E-02
 8.27161627E-01  1.46973482E-01
 8.99658075E-01  9.79447417E-02
 9.56939811E-01  2.26486619E-02
 9.71857143E-01  2.71698077E-02
 9.49079442E-01  5.91656779E-02
 9.08833849E-01  4.51120268E-02
 8.69564417E-01  2.16410701E-02
 8.55977642E-01  3.21479778E-02
 8.68966671E-01  5.38242167E-02
