# x =
 3.06922052E+01
# y =
 3.25097170E+00
 VARIABLES = u,v
 1.14940693E+00 -2.87831520E-03
 1.14941176E+00 -2.58571123E-03
 1.14898053E+00  3.85095738E-03
 1.14952105E+00  1.35376978E-02
 1.15278397E+00  2.02906150E-02
 1.15929051E+00  2.05747240E-02
 1.16600857E+00  1.48133209E-02
 1.17023867E+00  5.54246027E-03
 1.16953548E+00 -1.76790142E-03
 1.16238994E+00 -3.86975416E-03
 1.15066930E+00 -1.25373694E-03
 1.13923252E+00  4.44156933E-03
 1.13465004E+00  9.43594988E-03
 1.14135694E+00  1.14474809E-02
 1.15913603E+00  1.10192755E-02
 1.18132976E+00  8.57900358E-03
 1.19629768E+00  5.50650019E-03
 1.19653571E+00  2.64427730E-03
 1.18124262E+00 -5.75520249E-04
 1.15730346E+00 -3.23954601E-03
 1.13899204E+00 -3.93660950E-03
 1.13495734E+00 -1.81655522E-03
 1.14554299E+00  3.71649127E-03
 1.16505591E+00  1.07147903E-02
 1.18039776E+00  1.53312016E-02
 1.18417188E+00  1.52261609E-02
 1.17757586E+00  9.80754475E-03
 1.16469018E+00  1.31704181E-03
 1.15490216E+00 -5.24296141E-03
 1.15327207E+00 -6.91180636E-03
 1.15746401E+00 -3.41903095E-03
 1.16489802E+00  3.31340678E-03
 1.17039338E+00  8.64579701E-03
 1.17104306E+00  1.00052158E-02
 1.16912177E+00  7.79182693E-03
 1.16595615E+00  3.48150902E-03
 1.16343203E+00  4.96944344E-04
 1.16284614E+00  6.53301398E-04
 1.16266269E+00  3.09450362E-03
 1.16240577E+00  6.76770125E-03
 1.16208988E+00  9.58412153E-03
 1.16153902E+00  1.03122238E-02
 1.16173854E+00  9.62912199E-03
 1.16300377E+00  7.97105096E-03
 1.16489209E+00  6.10759079E-03
 1.16712935E+00  4.60315028E-03
 1.16886070E+00  3.04111858E-03
 1.16898783E+00  1.50478251E-03
 1.16671334E+00  2.95898143E-04
 1.16164525E+00 -3.38093563E-04
 1.15449905E+00  2.22380305E-04
 1.14788983E+00  2.11934170E-03
 1.14549860E+00  4.97625917E-03
 1.14975108E+00  8.33776780E-03
 1.16082947E+00  1.13005146E-02
 1.17536018E+00  1.25557146E-02
 1.18701427E+00  1.08755730E-02
 1.19135019E+00  5.62025597E-03
 1.18685486E+00 -2.56912589E-03
 1.17528044E+00 -1.07799614E-02
 1.16209639E+00 -1.46749391E-02
 1.15096535E+00 -1.13493066E-02
 1.14321918E+00 -4.12039922E-04
 1.14021637E+00  1.45865248E-02
 1.14155159E+00  2.67411777E-02
 1.14757264E+00  3.13352670E-02
 1.15923842E+00  2.69561333E-02
 1.17327553E+00  1.56679782E-02
 1.18429958E+00  3.51495800E-03
 1.18794217E+00 -5.72765879E-03
 1.18109066E+00 -1.12788944E-02
 1.16601712E+00 -1.27524293E-02
 1.14973362E+00 -1.18464350E-02
 1.13694459E+00 -8.81043259E-03
 1.13030632E+00 -2.04358309E-03
 1.13077617E+00  7.23134172E-03
 1.13591271E+00  1.67064331E-02
 1.14513886E+00  2.39509586E-02
 1.15912970E+00  2.57409038E-02
 1.17473689E+00  2.15841957E-02
 1.18768698E+00  1.34746115E-02
 1.19374976E+00  2.75236726E-03
 1.18889521E+00 -8.59822243E-03
 1.17466003E+00 -1.74402472E-02
 1.15706692E+00 -2.10450953E-02
 1.14049784E+00 -1.67249892E-02
 1.12859618E+00 -3.30795808E-03
 1.12395101E+00  1.52032126E-02
 1.12627938E+00  3.14156703E-02
 1.13655636E+00  3.96223185E-02
 1.15547764E+00  3.66357241E-02
 1.17805817E+00  2.41789003E-02
 1.19665502E+00  8.96641031E-03
 1.20451881E+00 -4.86613492E-03
 1.19668439E+00 -1.56920251E-02
 1.17551498E+00 -2.18840596E-02
 1.14985902E+00 -2.40659375E-02
 1.12611752E+00 -2.11223419E-02
 1.10897744E+00 -1.04453122E-02
 1.10254354E+00  5.98937692E-03
 1.10730281E+00  2.37961497E-02
 1.12483960E+00  3.82700524E-02
 1.15581364E+00  4.34815035E-02
 1.19137883E+00  3.60413752E-02
 1.21775603E+00  1.63157352E-02
 1.22353139E+00 -1.34091275E-02
 1.20131689E+00 -4.53159462E-02
 1.15612220E+00 -6.17201022E-02
 1.10485772E+00 -4.72811755E-02
 1.06210066E+00 -1.37355449E-02
 1.04168397E+00  1.48702661E-02
 1.06004487E+00  4.25111523E-02
 1.11801754E+00  7.80499929E-02
 1.18038552E+00  9.29509919E-02
 1.20223021E+00  5.90049673E-02
 1.19006131E+00 -6.55557903E-04
 1.17797769E+00 -4.54238334E-02
 1.16382713E+00 -6.47990691E-02
 1.13835881E+00 -5.87905791E-02
 1.10701424E+00 -2.97420772E-02
 1.06952581E+00  2.18750043E-03
 1.04767606E+00  2.37838912E-02
 1.07469847E+00  3.55397632E-02
 1.13222689E+00  3.66766600E-02
 1.17737795E+00  3.19852493E-02
 1.20132605E+00  2.30198359E-02
 1.20529865E+00  6.27635752E-03
 1.18835303E+00 -8.08743509E-03
 1.16691306E+00 -8.70265009E-03
 1.15132101E+00 -4.18009875E-03
 1.13896518E+00 -6.34175817E-03
 1.13101711E+00 -5.49568534E-03
 1.12576533E+00  1.06013880E-02
 1.12479212E+00  2.62796033E-02
 1.13540684E+00  2.12917970E-02
 1.15358656E+00  5.55903299E-03
 1.16940988E+00 -3.01185245E-03
 1.17653125E+00 -6.29644410E-03
 1.16952417E+00 -8.49604987E-03
 1.15278662E+00 -6.43689542E-03
 1.13993452E+00 -1.85248354E-03
 1.13756859E+00  3.20099328E-03
 1.14621437E+00  1.03966187E-02
 1.16182149E+00  1.74359229E-02
 1.17293381E+00  2.01006291E-02
 1.17386542E+00  1.59138238E-02
 1.16617941E+00  3.59382797E-03
 1.15176979E+00 -1.23893787E-02
 1.13647078E+00 -2.30218474E-02
 1.12410061E+00 -2.29652662E-02
 1.11420446E+00 -1.11894965E-02
 1.10950475E+00  7.50309647E-03
 1.11277544E+00  2.22645752E-02
 1.12519781E+00  2.65584489E-02
 1.14706410E+00  1.96975768E-02
 1.17115541E+00  5.03494533E-03
 1.18530198E+00 -8.49006050E-03
 1.18186973E+00 -1.55538293E-02
 1.15929437E+00 -1.61157320E-02
 1.12709542E+00 -1.05330509E-02
 1.10441394E+00 -2.18265380E-03
 1.10317616E+00  7.00409253E-03
 1.12517734E+00  1.76266716E-02
 1.16123884E+00  2.61039500E-02
 1.19033106E+00  2.76533244E-02
 1.19960259E+00  1.92320874E-02
 1.18768812E+00 -4.21168406E-04
 1.15907968E+00 -2.44573265E-02
 1.12808202E+00 -4.01347330E-02
 1.10353629E+00 -3.94436996E-02
 1.08620562E+00 -2.04268485E-02
 1.08055962E+00  9.47623243E-03
 1.08845816E+00  3.37432825E-02
 1.11116101E+00  4.21282016E-02
 1.14978474E+00  3.27894610E-02
 1.19045940E+00  1.04658059E-02
 1.21126375E+00 -1.12998751E-02
 1.19951224E+00 -2.43850187E-02
 1.15492525E+00 -2.81461194E-02
 1.10274117E+00 -2.19196175E-02
 1.08091319E+00 -9.66287719E-03
 1.08682653E+00  5.69612237E-03
 1.09589943E+00  2.29402336E-02
 1.11770274E+00  3.10220517E-02
 1.16090904E+00  1.99801386E-02
 1.19379023E+00  6.04729065E-04
 1.18800835E+00 -9.33647411E-03
 1.16080017E+00 -1.13016854E-02
 1.14293649E+00 -1.37003429E-02
 1.13365753E+00 -1.29531526E-02
 1.12401150E+00 -5.94758913E-03
 1.12055499E+00  6.19492017E-03
 1.12429581E+00  2.34400809E-02
 1.13416856E+00  3.54494646E-02
 1.15497188E+00  2.83864639E-02
 1.17995415E+00  9.60934181E-03
 1.19475353E+00 -3.88192333E-03
 1.19061667E+00 -1.07753222E-02
 1.16339728E+00 -1.41948428E-02
 1.12234955E+00 -1.18350023E-02
 1.08909693E+00 -6.09171507E-03
 1.07676861E+00  6.40152168E-04
 1.08888613E+00  9.82627572E-03
 1.11979803E+00  1.92454074E-02
 1.15163559E+00  2.50446596E-02
 1.17378821E+00  2.42327245E-02
 1.18481703E+00  1.40999681E-02
 1.18316232E+00 -2.40537315E-03
 1.17304468E+00 -1.77755829E-02
 1.15577161E+00 -2.69149417E-02
 1.12851410E+00 -2.67557582E-02
 1.09861643E+00 -1.74422870E-02
 1.07762872E+00 -3.70435499E-03
 1.07440582E+00  1.14381569E-02
 1.09543975E+00  2.59185990E-02
 1.13304309E+00  3.44001027E-02
 1.16782587E+00  3.21357015E-02
 1.18713768E+00  1.68441513E-02
 1.18496215E+00 -9.08310364E-03
 1.16362774E+00 -3.03089206E-02
 1.13688472E+00 -2.95854571E-02
 1.11245353E+00 -1.63602271E-02
 1.09245943E+00 -1.07872162E-02
 1.08367005E+00 -2.97964663E-03
 1.08973847E+00  2.19598031E-02
 1.11280974E+00  4.26792393E-02
 1.15156782E+00  3.46522541E-02
 1.18409445E+00  1.11858183E-02
 1.18478652E+00 -5.11900907E-03
 1.16432588E+00 -1.49982818E-02
 1.14817318E+00 -2.20054356E-02
 1.12798263E+00 -2.06716015E-02
 1.09275750E+00 -1.18219034E-02
 1.07463141E+00  1.67577285E-03
 1.10481080E+00  1.87663232E-02
 1.15786122E+00  2.88254301E-02
 1.18993255E+00  2.07770783E-02
 1.19417370E+00  3.43975519E-03
 1.17709005E+00 -6.33594604E-03
 1.14383867E+00 -8.12189920E-03
 1.11691184E+00 -7.25044688E-03
 1.11136418E+00 -9.89897491E-04
 1.12383119E+00  9.45213288E-03
 1.14698923E+00  1.69205475E-02
 1.16551663E+00  1.75643769E-02
 1.17059888E+00  1.30125902E-02
 1.16582830E+00  6.77510041E-03
 1.15371188E+00 -2.68025069E-03
 1.14019125E+00 -1.65936072E-02
 1.12925772E+00 -2.42326102E-02
 1.11854933E+00 -1.43889231E-02
 1.11091876E+00  4.63788792E-03
 1.11094380E+00  1.69036758E-02
 1.12105276E+00  2.06708601E-02
 1.14329925E+00  1.90171114E-02
 1.17094272E+00  1.12094497E-02
 1.19048667E+00  1.33240874E-03
 1.19320695E+00 -6.71830748E-03
 1.17564640E+00 -1.34050324E-02
 1.14358952E+00 -1.75417866E-02
 1.11246318E+00 -1.78759907E-02
 1.09242279E+00 -1.32592958E-02
 1.08730538E+00 -2.04111954E-03
 1.09744866E+00  1.26720916E-02
 1.11602679E+00  2.46188595E-02
 1.13921853E+00  2.93481736E-02
 1.16619259E+00  2.41140884E-02
 1.18898434E+00  1.08653250E-02
 1.19832148E+00 -3.66411899E-03
 1.18681708E+00 -1.51332094E-02
 1.15027374E+00 -2.13948681E-02
 1.10021725E+00 -2.09664990E-02
 1.05948772E+00 -1.52031684E-02
 1.04389532E+00 -4.41341244E-03
 1.06058532E+00  1.15139034E-02
 1.10211825E+00  2.75213803E-02
 1.14569656E+00  3.64922347E-02
 1.17738819E+00  3.31590693E-02
 1.19315560E+00  1.50993005E-02
 1.19182018E+00 -1.12991452E-02
 1.18137680E+00 -3.27467264E-02
 1.16418413E+00 -4.05259828E-02
 1.13642040E+00 -3.16219748E-02
 1.10505964E+00 -1.04037080E-02
 1.08021657E+00  1.04952683E-02
 1.07103311E+00  2.36784701E-02
 1.08665838E+00  2.80833710E-02
 1.12099833E+00  2.42134380E-02
 1.15607366E+00  1.75075838E-02
 1.18041333E+00  1.00979830E-02
 1.18740869E+00 -2.71414871E-04
 1.17793165E+00 -1.13252276E-02
 1.16350184E+00 -1.99845790E-02
 1.14889211E+00 -2.32107204E-02
 1.13335029E+00 -1.68343951E-02
 1.12106414E+00 -3.22275935E-03
 1.11443839E+00  1.03935248E-02
 1.11721482E+00  1.93984857E-02
 1.13450244E+00  2.06252440E-02
 1.15885228E+00  1.42704836E-02
 1.17547403E+00  5.22384209E-03
 1.17519957E+00 -4.09525644E-03
 1.15426887E+00 -1.27862608E-02
 1.12171686E+00 -1.73057658E-02
 1.09837771E+00 -1.51195618E-02
 1.09559981E+00 -5.26061200E-03
 1.11367610E+00  1.01924610E-02
 1.14370548E+00  1.86612702E-02
 1.16528085E+00  7.94577586E-03
 1.16746237E+00 -7.43780638E-03
 1.15281031E+00 -4.39985321E-03
 1.12976800E+00  4.22209312E-03
 1.11586660E+00 -4.01992445E-03
 1.12089666E+00 -1.21310183E-02
 1.14133797E+00  1.55214740E-03
 1.16925955E+00  1.82463383E-02
 1.18936440E+00  1.22947725E-02
 1.19121533E+00 -1.37663191E-02
 1.17444122E+00 -4.77534076E-02
 1.14013903E+00 -7.17938419E-02
 1.09508304E+00 -6.15221771E-02
 1.04732167E+00 -2.63118357E-02
 1.00482500E+00  8.34362991E-03
 9.86939080E-01  6.91062431E-02
 1.01409017E+00  1.79594494E-01
 1.08873425E+00  2.54320002E-01
 1.18543744E+00  1.91167093E-01
 1.22796291E+00  3.95669377E-02
 1.14504269E+00 -8.78235760E-02
 1.01766518E+00 -1.69600909E-01
 9.87453685E-01 -2.04238950E-01
 1.00668859E+00 -1.75404496E-01
 9.69999186E-01 -1.13306318E-01
 9.56401045E-01 -4.33023724E-02
 1.05558563E+00  2.77074772E-02
 1.17936400E+00  6.08854249E-02
 1.22035982E+00  2.88447211E-02
 1.19042639E+00 -3.20689222E-02
 1.12839106E+00 -6.61720156E-02
 1.05545930E+00 -6.73436402E-02
 1.01623704E+00 -5.50883436E-02
 1.01150244E+00 -3.57821787E-02
 9.96242885E-01 -1.99439942E-02
 9.87887849E-01  8.46732174E-03
 1.02475043E+00  8.00667938E-02
 1.09293958E+00  1.42825015E-01
 1.17274456E+00  1.19394349E-01
 1.24655301E+00  4.15940958E-02
 1.27978843E+00 -2.20168209E-02
 1.25783362E+00 -7.71339179E-02
 1.19104074E+00 -1.35047577E-01
 1.09418794E+00 -1.64792009E-01
 9.96727538E-01 -1.52737302E-01
 9.36946699E-01 -1.14766148E-01
 9.35954156E-01 -6.45064831E-02
 9.72512823E-01 -2.61601221E-03
 1.00682592E+00  6.63142795E-02
 1.05463187E+00  1.08360454E-01
 1.14649698E+00  9.10869225E-02
 1.22774054E+00  4.09381508E-02
 1.23251213E+00  6.70313519E-03
 1.19818470E+00 -1.31073474E-02
 1.18655551E+00 -3.55253330E-02
 1.17800097E+00 -4.67237875E-02
 1.13980340E+00 -4.06885055E-02
 1.09342176E+00 -3.47529595E-02
 1.05943940E+00 -3.89409818E-02
 1.03891441E+00 -4.38669245E-02
 1.03921714E+00 -3.66547136E-02
 1.05049218E+00 -2.33104222E-02
 1.05208099E+00 -1.52745739E-02
 1.06432389E+00 -5.77925266E-03
 1.11534612E+00  1.11261794E-02
 1.16567937E+00  1.99290878E-02
 1.16167901E+00  6.15451372E-03
 1.13071214E+00 -1.53169688E-02
 1.12146944E+00 -2.17274313E-02
 1.11560347E+00 -1.85740235E-02
 1.08675215E+00 -1.89051416E-02
 1.05803625E+00 -1.46774115E-02
 1.05201577E+00  1.66577446E-03
 1.06488888E+00  2.21232207E-02
 1.09356274E+00  3.78621154E-02
 1.13381624E+00  4.18680202E-02
 1.16960829E+00  2.95989436E-02
 1.18587846E+00  1.70619632E-02
 1.17681104E+00  2.64859520E-02
 1.15197099E+00  4.17215381E-02
 1.13327253E+00  3.29052641E-02
 1.13258292E+00  1.40122084E-02
 1.15027030E+00  1.03363654E-02
 1.17818914E+00  1.16085186E-02
 1.19655335E+00  4.55146092E-03
 1.19556049E+00 -3.51044656E-03
 1.17893936E+00 -8.10931842E-03
 1.15320343E+00 -1.23756753E-02
 1.13223968E+00 -1.53477447E-02
 1.12395577E+00 -1.48331585E-02
 1.12498137E+00 -1.12009541E-02
 1.13158506E+00 -5.48565156E-03
 1.13649586E+00  9.32952516E-04
 1.13539401E+00  6.94666484E-03
 1.13180059E+00  1.20492646E-02
 1.12925818E+00  1.58268367E-02
 1.13260572E+00  1.82891042E-02
 1.14444981E+00  1.93902504E-02
 1.16137492E+00  1.88491691E-02
 1.17847103E+00  1.68467768E-02
 1.18931419E+00  1.37926502E-02
 1.18952733E+00  1.02612289E-02
 1.18004878E+00  7.00235233E-03
 1.16545343E+00  4.18867811E-03
 1.15349718E+00  1.57642156E-03
 1.14960086E+00 -7.77216359E-04
 1.15414266E+00 -2.65165576E-03
 1.16317863E+00 -3.51319884E-03
 1.16854538E+00 -2.49610387E-03
 1.16545738E+00  6.71680056E-04
 1.15454986E+00  5.63020827E-03
 1.13972589E+00  1.16784118E-02
 1.12903925E+00  1.75857529E-02
 1.12729122E+00  2.21760084E-02
 1.13418923E+00  2.45500977E-02
 1.14832602E+00  2.38045182E-02
 1.16509570E+00  1.94001294E-02
 1.18043761E+00  1.12785046E-02
 1.19186290E+00  9.73160984E-05
 1.19297209E+00 -1.19549836E-02
 1.17714523E+00 -2.14072112E-02
 1.14224282E+00 -2.44072978E-02
 1.09269168E+00 -1.69173811E-02
 1.04765662E+00  4.61424829E-03
 1.03474473E+00  3.79367458E-02
 1.06814033E+00  6.56012101E-02
 1.14068349E+00  6.59965220E-02
 1.21199697E+00  4.18546256E-02
 1.22854168E+00  1.19820025E-02
 1.19752012E+00 -1.19948018E-02
 1.16385124E+00 -2.04822558E-02
 1.13039247E+00 -1.60469283E-02
 1.09417627E+00 -1.36811682E-02
 1.07698678E+00 -4.91444397E-03
 1.08584263E+00  2.42144051E-02
 1.11558685E+00  4.74817541E-02
 1.15911289E+00  3.42610836E-02
 1.19206280E+00  4.52734017E-03
 1.18928664E+00 -7.39921743E-03
 1.16206267E+00 -6.19161522E-03
 1.13976801E+00 -6.08622098E-03
 1.12204166E+00 -4.15537643E-03
 1.10160235E+00 -1.78342189E-03
 1.09850120E+00  3.44073206E-03
 1.12539603E+00  2.13266041E-02
 1.15792678E+00  3.64473426E-02
 1.16844973E+00  2.52447288E-02
 1.17030829E+00  8.66127243E-04
 1.18609215E+00 -1.12374385E-02
 1.19016552E+00 -1.23584813E-02
 1.15307519E+00 -9.48300761E-03
 1.10954282E+00 -8.12864860E-04
 1.10526298E+00  8.29446766E-03
 1.12167353E+00  1.21753147E-02
 1.12582820E+00  1.24841308E-02
 1.13473063E+00  1.05328061E-02
 1.16559216E+00  8.23970526E-03
 1.18887840E+00  6.58879984E-03
 1.17708183E+00  3.77946498E-03
 1.14950782E+00  2.92219659E-04
 1.13618755E+00 -2.41457867E-03
 1.13640362E+00 -3.42329977E-03
 1.14204894E+00 -1.19211912E-03
 1.15394332E+00  3.31469741E-03
 1.16424763E+00  7.00520590E-03
 1.16640178E+00  8.23608609E-03
 1.16400492E+00  6.33277081E-03
 1.15973453E+00  2.25191222E-03
 1.15701630E+00 -9.86964935E-04
 1.15787457E+00 -1.90316315E-03
 1.15952667E+00 -6.79972010E-04
 1.16083681E+00  1.96227795E-03
 1.16118631E+00  3.99196427E-03
 1.15981573E+00  4.40160737E-03
 1.15820495E+00  3.73491033E-03
 1.15696366E+00  2.38303323E-03
 1.15584700E+00  1.23790864E-03
 1.15512166E+00  7.88904496E-04
 1.15435312E+00  5.13073234E-04
 1.15323120E+00  2.57160597E-04
 1.15193526E+00 -9.60763451E-05
 1.15036638E+00 -6.29329393E-04
 1.14857331E+00 -9.27643867E-04
 1.14680300E+00 -8.42727525E-04
 1.14525703E+00 -4.41781126E-04
 1.14427295E+00  2.75807801E-04
 1.14429364E+00  1.08886928E-03
 1.14581195E+00  1.76423222E-03
 1.14923763E+00  2.15134268E-03
 1.15450800E+00  2.03663283E-03
 1.16074400E+00  1.30032672E-03
 1.16576949E+00  1.29284722E-05
 1.16669031E+00 -1.60134609E-03
 1.16175447E+00 -3.16340182E-03
 1.15122473E+00 -4.08872355E-03
 1.13853615E+00 -3.53576750E-03
 1.12962606E+00 -6.99209754E-04
 1.12867610E+00  4.60870439E-03
 1.13696465E+00  1.14722666E-02
 1.15204598E+00  1.71465350E-02
 1.16750953E+00  1.78384559E-02
 1.17838244E+00  1.13396170E-02
 1.18162203E+00 -1.83092951E-03
 1.17431262E+00 -1.69521147E-02
 1.15644276E+00 -2.60879859E-02
 1.13028421E+00 -2.41287791E-02
 1.10244927E+00 -1.05249836E-02
 1.09099681E+00  9.48523619E-03
 1.11097357E+00  2.52921616E-02
 1.14272605E+00  3.01150248E-02
 1.15445211E+00  2.29270867E-02
 1.15908232E+00  7.59216146E-03
 1.18136877E+00 -6.24307020E-03
 1.19381318E+00 -1.28892651E-02
 1.16416874E+00 -1.23739175E-02
 1.11977799E+00 -6.37022035E-03
 1.10197573E+00 -3.33747726E-04
 1.11382183E+00  3.04144702E-03
 1.14519097E+00  5.38143787E-03
 1.17788364E+00  6.48180457E-03
 1.18115436E+00  6.68703870E-03
 1.16573471E+00  5.77653718E-03
 1.16710189E+00  1.61117287E-03
 1.16795653E+00 -4.41000119E-03
 1.14014021E+00 -8.80570520E-03
 1.11167536E+00 -9.54429845E-03
 1.11445065E+00 -5.18035947E-03
 1.13161742E+00  2.52925093E-03
 1.13937953E+00  8.70450384E-03
 1.14510942E+00  1.06966040E-02
 1.15790245E+00  7.97726049E-03
 1.16964690E+00  1.72053807E-03
 1.17527609E+00 -4.24984326E-03
 1.17432627E+00 -7.83544205E-03
 1.16333716E+00 -9.09956750E-03
 1.14567373E+00 -7.92065635E-03
 1.13105874E+00 -5.34011554E-03
 1.12557872E+00 -1.84736625E-03
 1.13206433E+00  3.07103693E-03
 1.14739948E+00  7.95977399E-03
 1.16177658E+00  1.06014335E-02
 1.16955144E+00  9.47267152E-03
 1.16946568E+00  3.63575310E-03
 1.16160149E+00 -4.87382918E-03
 1.15028612E+00 -1.16461774E-02
 1.13781193E+00 -1.38426114E-02
 1.12418349E+00 -1.04010514E-02
 1.11423235E+00 -2.72918156E-03
 1.11373238E+00  4.93163442E-03
 1.12636964E+00  9.97316544E-03
 1.15311081E+00  1.16824334E-02
 1.18444530E+00  9.66596583E-03
 1.20357352E+00  5.18269622E-03
 1.19989920E+00 -1.10836054E-03
 1.17117496E+00 -9.15500435E-03
 1.12822482E+00 -1.61548200E-02
 1.09408253E+00 -1.83567891E-02
 1.08322314E+00 -1.32783109E-02
 1.09834958E+00 -2.21746522E-04
 1.13204250E+00  1.61272931E-02
 1.16423384E+00  2.71015766E-02
 1.18285527E+00  2.72045345E-02
 1.18696027E+00  1.52297783E-02
 1.17724516E+00 -3.90892525E-03
 1.16167105E+00 -1.93525697E-02
 1.14435607E+00 -2.44958039E-02
 1.12356553E+00 -1.85347433E-02
 1.10653209E+00 -5.01005150E-03
 1.10235674E+00  6.87750794E-03
 1.11585285E+00  1.19866289E-02
 1.14706401E+00  1.09774058E-02
 1.17629362E+00  5.62710348E-03
 1.17831833E+00  1.04900427E-03
 1.16504945E+00 -3.09080583E-04
 1.16291377E+00 -4.82398525E-04
 1.15806490E+00 -5.10899189E-05
 1.13086571E+00 -1.41777983E-04
 1.10816437E+00 -1.12571006E-03
 1.11989426E+00 -8.85896807E-04
 1.14761484E+00  6.19387615E-04
 1.16155374E+00  2.29132728E-03
 1.16360470E+00  3.67704619E-03
 1.16162651E+00  3.67001358E-03
 1.15382167E+00  2.36828042E-03
 1.14697435E+00  1.20846505E-03
 1.14691948E+00  6.38427552E-04
 1.15004787E+00  7.00519407E-04
 1.15380242E+00  1.26452394E-03
 1.15515094E+00  1.46046464E-03
 1.15238874E+00  1.02191421E-03
 1.14829714E+00  3.27567963E-04
 1.14435180E+00 -4.71790113E-04
 1.14166744E+00 -1.03226910E-03
 1.14153561E+00 -1.14313716E-03
 1.14313108E+00 -1.01245634E-03
 1.14602371E+00 -6.77429709E-04
 1.15014476E+00 -1.48656981E-04
 1.15473712E+00  4.81100320E-04
 1.15928620E+00  1.23533839E-03
 1.16261803E+00  2.01826816E-03
 1.16300093E+00  2.61892839E-03
 1.15950512E+00  2.87947057E-03
 1.15226336E+00  2.64063503E-03
 1.14351136E+00  1.83069134E-03
 1.13714450E+00  5.15355559E-04
 1.13586688E+00 -1.20579825E-03
 1.14041976E+00 -3.14544059E-03
 1.14855847E+00 -4.96826755E-03
 1.15531427E+00 -6.26991351E-03
 1.15762434E+00 -6.63807181E-03
 1.15510154E+00 -5.73446221E-03
 1.14972867E+00 -3.47579945E-03
 1.14625940E+00 -5.39123257E-05
 1.14718620E+00  4.19158241E-03
 1.15188145E+00  8.67281399E-03
 1.15856623E+00  1.24402069E-02
 1.16338702E+00  1.44264204E-02
 1.16414714E+00  1.38010579E-02
 1.16140330E+00  1.03246525E-02
 1.15584533E+00  4.97846360E-03
 1.14934753E+00 -3.28884837E-04
 1.14336511E+00 -4.09777049E-03
 1.13805526E+00 -5.53979171E-03
 1.13480505E+00 -5.00212654E-03
 1.13515498E+00 -3.98601878E-03
 1.13982003E+00 -3.22982003E-03
 1.14869891E+00 -2.61204622E-03
 1.15834373E+00 -1.75801177E-03
 1.16315434E+00  3.30577492E-04
 1.15988994E+00  3.82398785E-03
 1.14874244E+00  7.82539500E-03
 1.13568457E+00  1.15368310E-02
 1.13114830E+00  1.38086205E-02
 1.14067871E+00  1.35344884E-02
 1.16253304E+00  1.00530876E-02
 1.18608255E+00  2.29806108E-03
 1.19323929E+00 -1.02085262E-02
 1.17397496E+00 -2.55209822E-02
 1.13078841E+00 -3.83160075E-02
 1.07949352E+00 -3.79002570E-02
 1.04797628E+00 -1.56125415E-02
 1.05339673E+00  1.70363643E-02
 1.09552442E+00  3.73140253E-02
 1.15750208E+00  3.80569729E-02
 1.20569691E+00  2.20039959E-02
 1.21863631E+00 -4.47671763E-03
 1.19440449E+00 -2.51832254E-02
 1.14506186E+00 -3.12310463E-02
 1.09994280E+00 -2.51115729E-02
 1.07693647E+00 -9.82033959E-03
 1.07620604E+00  7.02484354E-03
 1.09384508E+00  2.06073944E-02
 1.11510356E+00  3.19843925E-02
 1.13244923E+00  3.64029695E-02
 1.15011523E+00  2.89455259E-02
 1.16443655E+00  1.10453726E-02
 1.17161769E+00 -1.25608934E-02
 1.16791393E+00 -2.93940455E-02
 1.14663978E+00 -2.59074810E-02
 1.11596238E+00 -9.22846193E-03
 1.09392270E+00  2.59161567E-03
 1.09153058E+00  8.57926983E-03
 1.11392471E+00  1.38913148E-02
 1.15212480E+00  1.57187899E-02
 1.18313014E+00  1.48967384E-02
 1.19403409E+00  1.27834509E-02
 1.18315545E+00  6.28180308E-03
 1.15681416E+00 -2.94095190E-03
 1.13327415E+00 -1.02802186E-02
 1.12229890E+00 -1.27307944E-02
 1.12219055E+00 -7.65152051E-03
 1.13073276E+00  2.47591427E-03
 1.13979068E+00  1.05856235E-02
 1.14550700E+00  1.29143129E-02
 1.15177176E+00  8.62597130E-03
 1.15755078E+00 -8.71036494E-05
 1.16122358E+00 -6.89316085E-03
 1.16132033E+00 -8.65205189E-03
 1.15373714E+00 -6.09198003E-03
 1.14094565E+00 -7.41123449E-04
 1.13013130E+00  3.41868362E-03
 1.12540252E+00  4.35166797E-03
 1.12931156E+00  3.31050542E-03
 1.13967981E+00  1.12877780E-03
 1.14897193E+00 -5.21195613E-04
 1.15344844E+00 -6.72299012E-04
 1.15300161E+00 -4.07473423E-04
 1.14901698E+00 -9.83945610E-05
 1.14630419E+00  7.86794938E-06
 1.14685476E+00 -3.10706592E-04
 1.14887020E+00 -3.04319312E-04
 1.15112293E+00  2.86249503E-04
 1.15120402E+00  1.30447234E-03
 1.14787440E+00  2.75631715E-03
 1.14260842E+00  4.26229939E-03
 1.13608520E+00  5.47607978E-03
 1.12917912E+00  6.24507346E-03
 1.12327964E+00  6.25074269E-03
 1.11922590E+00  5.26321209E-03
 1.11928811E+00  3.25652785E-03
 1.12627707E+00  3.02733863E-04
 1.14089069E+00 -3.36722957E-03
 1.16110900E+00 -7.32489801E-03
 1.18002607E+00 -1.09406856E-02
 1.18743291E+00 -1.34429018E-02
 1.17699697E+00 -1.40529520E-02
 1.14883925E+00 -1.21629132E-02
 1.11279580E+00 -7.63384226E-03
 1.08673208E+00 -8.67421726E-04
 1.08258377E+00  7.36194204E-03
 1.10284561E+00  1.57022714E-02
 1.13892428E+00  2.19812951E-02
 1.17096692E+00  2.37953287E-02
 1.18633068E+00  1.95355846E-02
 1.18267476E+00  9.27589455E-03
 1.16364207E+00 -3.77032125E-03
 1.14223742E+00 -1.41202098E-02
 1.12560372E+00 -1.77456832E-02
 1.11285285E+00 -1.31683468E-02
 1.10617857E+00 -2.86047809E-03
 1.10537220E+00  6.97629218E-03
 1.11165190E+00  1.23583395E-02
 1.12906981E+00  1.22302849E-02
 1.15140720E+00  7.49662200E-03
 1.16716949E+00  2.07347786E-03
 1.17007876E+00 -2.26104251E-03
 1.15910034E+00 -6.32884666E-03
 1.14746733E+00 -9.87761400E-03
 1.15092821E+00 -1.27276380E-02
 1.14704797E+00 -1.20876407E-02
 1.10509588E+00 -9.80943935E-04
 1.06127823E+00  2.89691969E-02
 1.07175326E+00  7.99797337E-02
 1.12132496E+00  1.30366881E-01
 1.16734044E+00  1.44314097E-01
 1.19216115E+00  1.05471345E-01
 1.17758000E+00  2.22928277E-02
 1.13230536E+00 -6.00584225E-02
 1.09639783E+00 -8.00240273E-02
 1.06709276E+00 -4.94733897E-02
 1.02852272E+00 -2.49649495E-02
 1.02571349E+00 -6.97220064E-03
 1.09736061E+00  1.48535901E-02
 1.18500739E+00  1.98438970E-02
 1.20965896E+00  6.41022625E-03
 1.19594707E+00 -7.41754185E-03
 1.19839501E+00 -1.08547048E-02
 1.18248102E+00 -7.41555558E-03
 1.11062683E+00 -6.92446818E-03
 1.03275304E+00 -3.41978220E-03
 1.00531130E+00  1.38433664E-02
 1.02423865E+00  4.00073040E-02
 1.07070968E+00  6.49608429E-02
 1.13464517E+00  7.41060661E-02
 1.19044841E+00  5.13428825E-02
 1.21816353E+00  8.43760936E-03
 1.21799085E+00 -2.56178379E-02
 1.18844450E+00 -4.45638376E-02
 1.13560271E+00 -5.21791922E-02
 1.08195498E+00 -4.61139014E-02
 1.04754162E+00 -3.26821919E-02
 1.03342099E+00 -1.74972278E-02
 1.03267322E+00  1.11829006E-03
 1.05825243E+00  1.97589341E-02
 1.12075722E+00  3.36408892E-02
 1.18511013E+00  3.83607107E-02
 1.20822307E+00  2.88984501E-02
 1.20276032E+00  1.01985921E-02
 1.20022596E+00 -5.96376156E-03
 1.18912042E+00 -1.29270635E-02
 1.15270130E+00 -9.11310199E-03
 1.10648591E+00 -3.06437053E-03
 1.06662007E+00 -7.91949822E-03
 1.04257514E+00 -1.31950209E-02
 1.04752122E+00  2.95896187E-04
 1.07745570E+00  1.85908531E-02
 1.11242271E+00  1.91978238E-02
 1.14093478E+00  1.13885382E-02
 1.15693270E+00  9.86090142E-03
 1.15985115E+00  7.95008772E-03
 1.15959733E+00 -5.42482527E-05
 1.15797113E+00 -5.84787068E-03
 1.15007012E+00 -3.54862450E-03
 1.13826628E+00  2.52488956E-03
 1.12501934E+00  6.91457252E-03
 1.11465169E+00  8.80398032E-03
 1.11520926E+00  8.19977701E-03
 1.12528236E+00  5.54044394E-03
 1.13717134E+00  3.80136761E-03
 1.14706688E+00  4.08361210E-03
 1.15189303E+00  5.09357391E-03
 1.15173700E+00  6.30781979E-03
 1.15171380E+00  6.71052820E-03
 1.15260670E+00  5.76322774E-03
 1.15222950E+00  4.42261431E-03
 1.15093802E+00  2.99753191E-03
 1.14835929E+00  1.61936189E-03
 1.14522633E+00  7.35231242E-04
 1.14434101E+00  3.87738643E-04
 1.14529178E+00  1.06913198E-03
 1.14594606E+00  3.56272952E-03
 1.14570982E+00  7.90257783E-03
 1.14417736E+00  1.33374031E-02
 1.14244098E+00  1.77544198E-02
 1.14325619E+00  1.81247521E-02
 1.14707924E+00  1.27836718E-02
 1.15198761E+00  2.30148560E-03
 1.15431550E+00 -9.44146885E-03
 1.14889109E+00 -1.60221329E-02
 1.13385181E+00 -1.33618712E-02
 1.11286642E+00 -1.22764084E-03
 1.09601814E+00  1.56629868E-02
 1.09720338E+00  2.81217999E-02
 1.12239571E+00  3.02660356E-02
 1.16413498E+00  2.12671841E-02
 1.19676069E+00  4.96851571E-03
 1.19130292E+00 -9.52923666E-03
 1.16318418E+00 -1.65985777E-02
 1.14895039E+00 -1.56823545E-02
 1.13447070E+00 -8.14086664E-03
 1.09606363E+00  8.55065475E-04
 1.06877514E+00  8.45601216E-03
 1.09029481E+00  1.53034111E-02
 1.13559844E+00  1.99284077E-02
 1.16447858E+00  2.12627886E-02
 1.17539564E+00  1.80994233E-02
 1.17461525E+00  8.43449530E-03
 1.15953172E+00 -4.70843112E-03
 1.14085362E+00 -1.51057079E-02
 1.12741334E+00 -1.85917416E-02
 1.11690224E+00 -1.28425366E-02
 1.11086958E+00 -5.03604927E-04
 1.11045491E+00  1.09211175E-02
 1.11728578E+00  1.70502908E-02
 1.13537121E+00  1.67670459E-02
 1.15828364E+00  1.10720440E-02
 1.17327744E+00  4.68206565E-03
 1.17236964E+00 -1.48519348E-04
 1.15176040E+00 -4.07929808E-03
 1.11916980E+00 -6.27217505E-03
 1.09301698E+00 -6.65556389E-03
 1.08423565E+00 -4.66288151E-03
 1.09527776E+00  1.35031141E-03
 1.12102401E+00  9.26848257E-03
 1.14613819E+00  1.48450848E-02
 1.16187839E+00  1.53902243E-02
 1.16801111E+00  9.43166509E-03
 1.16470242E+00 -6.10776480E-04
 1.15723324E+00 -8.70993142E-03
 1.14777530E+00 -1.14044756E-02
 1.13358915E+00 -7.99437285E-03
 1.11843396E+00 -1.52678834E-04
 1.10806308E+00  7.14283819E-03
 1.10694966E+00  1.11744631E-02
 1.11944047E+00  1.21306636E-02
 1.14057819E+00  1.03729683E-02
 1.15825252E+00  7.93361141E-03
 1.16515980E+00  5.71917065E-03
 1.15847665E+00  2.75297497E-03
 1.14243589E+00 -2.86215272E-04
 1.12925121E+00 -2.37737422E-03
 1.12523026E+00 -2.67846533E-03
 1.12996444E+00  6.50902736E-05
 1.14048630E+00  4.80852714E-03
 1.14845003E+00  8.80329130E-03
 1.14987668E+00  1.04330138E-02
 1.14716539E+00  8.92231689E-03
 1.14202341E+00  5.19490244E-03
 1.13818675E+00  2.09259073E-03
 1.13759723E+00  1.05279535E-03
 1.13790011E+00  2.02640817E-03
 1.13832248E+00  4.37024533E-03
 1.13825581E+00  6.16339077E-03
 1.13716093E+00  6.51595082E-03
 1.13659198E+00  5.99665640E-03
 1.13711311E+00  4.99758962E-03
 1.13848258E+00  4.38007395E-03
 1.14083697E+00  4.57833011E-03
 1.14351163E+00  5.02252346E-03
 1.14586822E+00  5.49339533E-03
 1.14763791E+00  5.79570832E-03
 1.14825697E+00  5.74805166E-03
 1.14736622E+00  5.65998809E-03
 1.14498975E+00  5.64031352E-03
 1.14134338E+00  5.64344982E-03
 1.13693814E+00  5.72683513E-03
 1.13265412E+00  5.79044340E-03
 1.12981595E+00  5.78139497E-03
 1.12987455E+00  5.75429267E-03
 1.13371284E+00  5.69754475E-03
 1.14103388E+00  5.62256081E-03
 1.14939199E+00  5.55118604E-03
 1.15486660E+00  5.46419841E-03
 1.15473757E+00  5.36255242E-03
 1.14837576E+00  5.25346372E-03
 1.13840936E+00  5.13264024E-03
 1.13032286E+00  5.00476598E-03
 1.12763766E+00  4.87337342E-03
 1.13105677E+00  4.73839508E-03
 1.13861425E+00  4.60490945E-03
 1.14525727E+00  4.47887920E-03
 1.14817327E+00  4.36536003E-03
 1.14759652E+00  4.27054720E-03
 1.14467907E+00  4.20046112E-03
 1.14257719E+00  4.16029291E-03
 1.14272175E+00  4.15521670E-03
 1.14386045E+00  4.18912838E-03
 1.14514428E+00  4.26248931E-03
 1.14509333E+00  4.37227983E-03
 1.14301619E+00  4.51216015E-03
 1.14014009E+00  4.67125208E-03
 1.13723714E+00  4.83361501E-03
 1.13509604E+00  4.97984899E-03
 1.13449062E+00  5.08991266E-03
 1.13521480E+00  5.14612216E-03
 1.13711208E+00  5.13790148E-03
 1.13997526E+00  5.06338749E-03
 1.14322657E+00  4.92680662E-03
 1.14626874E+00  4.74216920E-03
 1.14798339E+00  4.53827343E-03
 1.14700567E+00  4.35375667E-03
 1.14265782E+00  4.22945151E-03
 1.13535850E+00  4.20133756E-03
 1.12759058E+00  4.28603552E-03
 1.12328988E+00  4.47862538E-03
 1.12509654E+00  4.76526545E-03
 1.13345884E+00  5.11485702E-03
 1.14544155E+00  5.46807930E-03
 1.15514713E+00  5.74956565E-03
 1.15863214E+00  5.87884435E-03
 1.15484239E+00  5.78594666E-03
 1.14560857E+00  5.44740387E-03
 1.13609276E+00  4.88819597E-03
 1.12932836E+00  4.15369072E-03
 1.12549750E+00  3.32758575E-03
 1.12417199E+00  2.55052706E-03
 1.12308252E+00  1.99036846E-03
 1.12170364E+00  1.81460542E-03
 1.12201984E+00  2.14914799E-03
 1.12502493E+00  2.99250784E-03
 1.13170524E+00  4.20519224E-03
 1.14190183E+00  5.56477094E-03
 1.15294617E+00  6.71720313E-03
 1.16177850E+00  7.12507043E-03
 1.16512210E+00  6.24424743E-03
 1.16051601E+00  3.82230383E-03
 1.14823359E+00  1.64306199E-04
 1.13187598E+00 -3.44267455E-03
 1.11751596E+00 -5.08283040E-03
 1.11006967E+00 -3.49397347E-03
 1.11180104E+00  1.44897855E-03
 1.12128312E+00  8.10117535E-03
 1.13335013E+00  1.33161757E-02
 1.14447972E+00  1.49310176E-02
 1.15308817E+00  1.22869445E-02
 1.15749352E+00  6.34711746E-03
 1.15768777E+00 -6.85047434E-05
 1.15272879E+00 -5.08270267E-03
 1.14120116E+00 -8.05544478E-03
 1.12639069E+00 -8.39554292E-03
 1.11400256E+00 -6.46788549E-03
 1.10858707E+00 -2.31915017E-03
 1.11329078E+00  4.26174033E-03
 1.12565170E+00  1.13121030E-02
 1.13828685E+00  1.58723790E-02
 1.14669532E+00  1.57596439E-02
 1.14907685E+00  9.87042810E-03
 1.14575362E+00  5.16859586E-04
 1.14077847E+00 -7.23714668E-03
 1.13566654E+00 -1.01645571E-02
 1.12945209E+00 -7.26304470E-03
 1.12353727E+00 -2.69798224E-04
 1.11920989E+00  5.97159842E-03
 1.11827897E+00  8.79335596E-03
 1.12357310E+00  8.19984138E-03
 1.13391594E+00  5.00348901E-03
 1.14536591E+00  1.99526600E-03
 1.15510435E+00  4.37744520E-04
 1.16045399E+00 -6.29677532E-04
 1.16023637E+00 -1.28531815E-03
 1.15566195E+00 -1.87031180E-03
 1.14684059E+00 -2.14748887E-03
 1.13387306E+00 -4.12515403E-04
 1.11964769E+00  4.05216648E-03
 1.10800352E+00  1.12139323E-02
 1.10291192E+00  2.05953234E-02
 1.10800474E+00  3.00734824E-02
 1.12311128E+00  3.61937125E-02
 1.14433523E+00  3.50951572E-02
 1.16698630E+00  2.40857279E-02
 1.18399189E+00  3.28828570E-03
 1.18446051E+00 -2.25301166E-02
 1.15872297E+00 -4.45203906E-02
 1.10541779E+00 -5.39094503E-02
 1.03837996E+00 -4.25758118E-02
 9.98212488E-01 -3.22857906E-03
 1.02739832E+00  5.82821249E-02
 1.10528753E+00  1.03442097E-01
 1.17178196E+00  8.76331063E-02
 1.20235696E+00  2.52030953E-02
 1.19015221E+00 -3.47954939E-02
 1.14221723E+00 -7.52195909E-02
 1.09548507E+00 -8.79801100E-02
 1.05570225E+00 -6.63314430E-02
 1.00991611E+00 -2.86954792E-02
 9.94377448E-01  1.37084539E-02
 1.04473725E+00  5.70167096E-02
 1.13292714E+00  7.59377769E-02
 1.20866504E+00  5.25065859E-02
 1.24228293E+00  8.98290361E-03
 1.21549956E+00 -1.95043211E-02
 1.14647881E+00 -2.97002448E-02
 1.08959904E+00 -3.30950062E-02
 1.06331820E+00 -2.82656401E-02
 1.05864106E+00 -1.68924605E-02
 1.07597387E+00  5.23234433E-03
 1.10086337E+00  4.74635677E-02
 1.12364835E+00  7.97277965E-02
 1.15212625E+00  6.15775738E-02
 1.18057016E+00  1.50740744E-02
 1.19885353E+00 -1.38263495E-02
 1.19896456E+00 -2.45661023E-02
 1.17036452E+00 -2.78325155E-02
 1.12260288E+00 -1.95060999E-02
 1.08060564E+00 -8.43631615E-03
 1.05979636E+00 -2.61422955E-03
 1.06841350E+00  3.03855550E-03
 1.10064449E+00  9.29668910E-03
 1.13399261E+00  1.59643728E-02
 1.15685295E+00  2.18389319E-02
 1.16836970E+00  2.09840489E-02
 1.16898241E+00  1.35794536E-02
 1.16753910E+00  4.01919740E-03
 1.16588920E+00 -5.34218001E-03
 1.15681202E+00 -1.11260351E-02
 1.14047117E+00 -1.22574560E-02
 1.11861151E+00 -1.11826752E-02
 1.09495234E+00 -8.00599038E-03
 1.07954673E+00 -2.24115314E-03
 1.07822141E+00  4.36435106E-03
 1.09228733E+00  1.01877711E-02
 1.12144632E+00  1.31553891E-02
 1.15714359E+00  1.10486979E-02
 1.17977946E+00  5.31623479E-03
 1.17349904E+00 -2.14238389E-04
 1.15508700E+00 -3.26426682E-03
 1.15359534E+00 -2.70707433E-03
 1.15370958E+00  5.41939315E-04
 1.12838244E+00  3.12015178E-03
 1.10453504E+00  3.70298652E-03
 1.11683066E+00  2.96100752E-03
 1.14528914E+00  1.61375729E-03
 1.15843975E+00  1.54976353E-03
 1.15816241E+00  3.46536526E-03
 1.15075020E+00  6.17594779E-03
 1.13619465E+00  8.98119860E-03
 1.12595824E+00  1.09258058E-02
 1.12821032E+00  1.12329950E-02
 1.13980949E+00  1.02179205E-02
 1.15550308E+00  8.03044536E-03
 1.16618389E+00  4.89007011E-03
 1.16670878E+00  1.36263220E-03
 1.15968281E+00 -2.06175105E-03
 1.14882580E+00 -4.37240696E-03
 1.14067200E+00 -4.28431712E-03
 1.13959646E+00 -1.10265463E-03
 1.14424599E+00  4.98375666E-03
 1.15201531E+00  1.20310032E-02
 1.15825041E+00  1.68029680E-02
 1.15989345E+00  1.70743063E-02
 1.15788921E+00  1.23081837E-02
 1.15383993E+00  4.58024750E-03
 1.15068848E+00 -1.70114604E-03
 1.15013968E+00 -3.72902963E-03
 1.15112692E+00 -9.83369180E-04
 1.15279805E+00  4.92197048E-03
 1.15381925E+00  9.89298730E-03
 1.15343860E+00  1.16715861E-02
 1.15261681E+00  1.05034679E-02
 1.15177520E+00  7.41683014E-03
 1.15120495E+00  5.09090236E-03
 1.15118365E+00  4.81214944E-03
 1.15116338E+00  5.67366131E-03
 1.15094356E+00  7.03626123E-03
 1.15062257E+00  7.68252727E-03
 1.15012400E+00  6.99907626E-03
 1.14964615E+00  5.86740425E-03
 1.14932062E+00  4.70607214E-03
 1.14909374E+00  3.89655474E-03
 1.14903275E+00  3.81139893E-03
 1.14916088E+00  4.09206105E-03
 1.14944662E+00  4.60687673E-03
 1.14989697E+00  5.38909478E-03
 1.15046766E+00  6.28886591E-03
 1.15107464E+00  7.32995986E-03
 1.15162123E+00  8.38824573E-03
 1.15197808E+00  9.14028942E-03
 1.15200914E+00  9.35760863E-03
 1.15160218E+00  8.83200843E-03
 1.15070420E+00  7.50674903E-03
 1.14933268E+00  5.56788656E-03
 1.14754995E+00  3.28127604E-03
 1.14548734E+00  1.07853025E-03
 1.14337327E+00 -3.44873579E-04
 1.14149661E+00 -2.66491762E-04
 1.14016328E+00  1.73793081E-03
 1.13964069E+00  5.48869308E-03
 1.14004553E+00  9.68106665E-03
 1.14133004E+00  1.22551643E-02
 1.14336520E+00  1.17951529E-02
 1.14587748E+00  8.00010793E-03
 1.14837541E+00  2.31022128E-03
 1.15025370E+00 -2.31573001E-03
 1.15091102E+00 -3.94945760E-03
 1.14989592E+00 -2.15788024E-03
 1.14720566E+00  2.04292832E-03
 1.14332975E+00  5.96621472E-03
 1.13904382E+00  8.08645030E-03
 1.13558297E+00  8.44874957E-03
 1.13484023E+00  7.53165184E-03
 1.13872858E+00  6.84783050E-03
 1.14810665E+00  7.00648847E-03
 1.16182849E+00  7.24906510E-03
 1.17521486E+00  7.15662660E-03
 1.18132761E+00  6.11793324E-03
 1.17559139E+00  4.03006787E-03
 1.15753638E+00  1.94284510E-03
 1.13308034E+00  8.60850174E-04
 1.11356205E+00  1.77226020E-03
 1.10678832E+00  5.23504596E-03
 1.11515513E+00  1.05343255E-02
 1.13521594E+00  1.57141692E-02
 1.15683333E+00  1.80453908E-02
 1.17326461E+00  1.56374946E-02
 1.18221455E+00  8.37614453E-03
 1.18154556E+00 -1.37015219E-03
 1.17258691E+00 -9.18251575E-03
 1.15563009E+00 -1.19923622E-02
 1.13020978E+00 -8.90187860E-03
 1.10395244E+00 -1.30847863E-03
 1.08818708E+00  6.80881461E-03
 1.09110498E+00  1.28364221E-02
 1.11644008E+00  1.59798012E-02
 1.15476432E+00  1.55862400E-02
 1.18606488E+00  1.23880024E-02
 1.19734893E+00  6.61836959E-03
 1.18436766E+00 -1.96222659E-03
 1.15374679E+00 -1.06855295E-02
 1.12441366E+00 -1.56226544E-02
 1.10726358E+00 -1.39226841E-02
 1.10334597E+00 -4.21077670E-03
 1.11114047E+00  1.01098030E-02
 1.12167641E+00  2.18291356E-02
 1.13130270E+00  2.62553346E-02
 1.14371021E+00  2.17801016E-02
 1.15696838E+00  1.07538903E-02
 1.16871333E+00 -2.73377934E-06
 1.17586889E+00 -6.53459050E-03
 1.17228126E+00 -8.35416313E-03
 1.15953144E+00 -5.84398066E-03
 1.14475852E+00 -2.06709309E-03
 1.13244368E+00  1.73829545E-03
 1.12682538E+00  6.79241114E-03
 1.12915680E+00  1.20041507E-02
 1.13596152E+00  1.59473603E-02
 1.14633323E+00  1.71503515E-02
 1.16008054E+00  1.34046463E-02
 1.17283641E+00  5.84224507E-03
 1.17975713E+00 -1.93508127E-03
 1.17661802E+00 -7.57941421E-03
 1.16089042E+00 -9.30016351E-03
 1.13856084E+00 -6.89777825E-03
 1.12146293E+00 -2.48970839E-03
 1.11713544E+00  2.93489771E-03
 1.12796712E+00  8.89364082E-03
 1.14831350E+00  1.32246124E-02
 1.16446650E+00  1.38435287E-02
 1.16870996E+00  9.11961064E-03
 1.16074771E+00 -1.48870950E-03
 1.14470766E+00 -1.39199745E-02
 1.13148319E+00 -2.11896327E-02
 1.12704382E+00 -1.89208094E-02
 1.13029233E+00 -6.30875980E-03
 1.13999046E+00  1.14728979E-02
 1.15140977E+00  2.39631929E-02
 1.16150896E+00  2.48944124E-02
 1.17083082E+00  1.37532153E-02
 1.17553096E+00 -4.48895603E-03
 1.17084239E+00 -1.87151753E-02
 1.15450941E+00 -2.22704939E-02
 1.12669213E+00 -1.49847002E-02
 1.09735368E+00  1.20949330E-04
 1.08308278E+00  1.48522258E-02
 1.09367824E+00  2.40361323E-02
 1.12950874E+00  2.73100928E-02
 1.17588116E+00  2.32415052E-02
 1.20561106E+00  1.26514048E-02
 1.20340903E+00 -2.84758280E-03
 1.17154136E+00 -2.09937510E-02
 1.13210469E+00 -3.08516595E-02
 1.11798519E+00 -2.16760184E-02
 1.12221104E+00 -2.17435869E-03
 1.11590658E+00  1.03941959E-02
 1.11453564E+00  1.45520636E-02
 1.13994356E+00  1.54600360E-02
 1.16761546E+00  1.37082859E-02
 1.17152574E+00  1.25560977E-02
 1.16472024E+00  8.74433899E-03
 1.16550992E+00 -5.48735013E-03
 1.16550712E+00 -1.81756517E-02
 1.15440130E+00 -1.20391710E-02
 1.13998299E+00  3.53340867E-03
 1.13003058E+00  1.06272524E-02
 1.12696193E+00  1.02325334E-02
 1.13494797E+00  7.21775874E-03
 1.15084743E+00  6.90812937E-04
 1.16397673E+00 -4.94239590E-03
 1.16858193E+00 -5.67978756E-03
 1.16323835E+00 -3.11867630E-03
 1.15096108E+00  1.26076073E-03
 1.14093568E+00  5.24584102E-03
 1.13768073E+00  7.44557871E-03
 1.14016181E+00  8.91740778E-03
 1.14642272E+00  9.57172154E-03
 1.15105351E+00  9.10410542E-03
 1.15147541E+00  7.52447678E-03
 1.14982349E+00  4.17046810E-03
 1.14731960E+00 -4.25512992E-06
 1.14613228E+00 -2.84788913E-03
 1.14746551E+00 -3.10059752E-03
 1.14954958E+00 -1.68904010E-04
 1.15158063E+00  4.76649371E-03
 1.15297879E+00  8.78054467E-03
 1.15306525E+00  1.01287835E-02
 1.15251552E+00  8.45443758E-03
 1.15158575E+00  4.72833804E-03
 1.15015065E+00  1.59512414E-03
 1.14845071E+00  4.82780588E-04
 1.14642489E+00  1.21409435E-03
 1.14426082E+00  3.13581072E-03
 1.14253346E+00  4.51967967E-03
 1.14165906E+00  4.52637069E-03
 1.14204310E+00  3.72159209E-03
 1.14389735E+00  2.50106207E-03
 1.14707515E+00  1.64022049E-03
 1.15135899E+00  1.54051002E-03
 1.15633377E+00  1.66435980E-03
 1.16122332E+00  1.78815793E-03
 1.16509093E+00  1.72791125E-03
 1.16697003E+00  1.31559848E-03
 1.16605627E+00  8.54692875E-04
 1.16215484E+00  5.01032608E-04
 1.15572011E+00  3.03206846E-04
 1.14754660E+00  4.38756622E-04
 1.13901130E+00  9.84072049E-04
 1.13233556E+00  2.11320934E-03
 1.12997780E+00  4.04292052E-03
 1.13374377E+00  6.64801495E-03
 1.14390042E+00  9.36890189E-03
 1.15762041E+00  1.09562823E-02
 1.16975239E+00  9.77752571E-03
 1.17622765E+00  4.97539176E-03
 1.17489004E+00 -2.99891970E-03
 1.16665056E+00 -1.17039324E-02
 1.15569134E+00 -1.72023406E-02
 1.14487951E+00 -1.68253078E-02
 1.13577063E+00 -1.00501768E-02
 1.13044527E+00  7.47368048E-04
 1.12978770E+00  1.04960143E-02
 1.13513977E+00  1.57519768E-02
 1.14764273E+00  1.55131375E-02
 1.16359735E+00  1.08106596E-02
 1.17655462E+00  5.29793445E-03
 1.18152057E+00  9.94602491E-04
 1.17547011E+00 -2.21765558E-03
 1.16100744E+00 -4.22617917E-03
 1.14587889E+00 -5.89781520E-03
 1.13497845E+00 -7.04311894E-03
 1.13034991E+00 -5.92586662E-03
 1.13222364E+00 -2.44363223E-03
 1.13718411E+00  2.75218647E-03
 1.14410002E+00  8.76404616E-03
 1.15397287E+00  1.35441214E-02
 1.16452450E+00  1.54927388E-02
 1.17290973E+00  1.37676453E-02
 1.17616705E+00  7.70385462E-03
 1.17096118E+00 -1.87245391E-03
 1.15905341E+00 -1.15599976E-02
 1.14609156E+00 -1.66824028E-02
 1.13620053E+00 -1.39024292E-02
 1.13291095E+00 -2.64570312E-03
 1.13821051E+00  1.26074405E-02
 1.15041189E+00  2.34900528E-02
 1.16689567E+00  2.46971352E-02
 1.18167015E+00  1.54286798E-02
 1.17963738E+00  2.80506068E-04
 1.15167501E+00 -1.08333646E-02
 1.12474706E+00 -1.22336859E-02
 1.13452610E+00 -4.19356523E-03
 1.15804347E+00  8.94048711E-03
 1.15248139E+00  1.77332629E-02
 1.13929585E+00  1.70553709E-02
 1.15336096E+00  8.35249212E-03
 1.17191293E+00 -4.26537729E-03
 1.16602358E+00 -1.26244547E-02
 1.14376645E+00 -1.21077741E-02
 1.11885895E+00 -4.39256398E-03
 1.10759809E+00  6.81500770E-03
 1.13158337E+00  1.46375359E-02
 1.17137954E+00  1.49526361E-02
 1.18377350E+00  9.17067706E-03
 1.17271681E+00  6.31657220E-04
 1.16191163E+00 -4.68898014E-03
 1.14903813E+00 -3.28020314E-03
 1.13695422E+00  3.38100078E-03
 1.13886233E+00  1.16775168E-02
 1.15326766E+00  1.55069753E-02
 1.16548495E+00  1.13979325E-02
 1.15998404E+00  9.28862824E-04
 1.13953118E+00 -1.14252280E-02
 1.12106710E+00 -1.82266526E-02
 1.11525435E+00 -1.49957700E-02
 1.12805440E+00 -2.78332375E-03
 1.14879047E+00  1.33581385E-02
 1.15449138E+00  2.43793311E-02
 1.15335858E+00  2.45542973E-02
 1.16697723E+00  1.41240347E-02
 1.18326247E+00 -2.29525607E-03
 1.18378830E+00 -1.53193774E-02
 1.17353901E+00 -1.90826563E-02
 1.15866571E+00 -1.36371595E-02
 1.13961088E+00 -2.12891437E-03
 1.12349173E+00  8.00992877E-03
 1.11845314E+00  1.24179725E-02
 1.12671184E+00  1.17826427E-02
 1.14373905E+00  7.33668520E-03
 1.15987853E+00  2.68618798E-03
 1.16900399E+00 -3.01816409E-04
 1.16959816E+00 -3.05443079E-03
 1.16357866E+00 -5.12372324E-03
 1.15776264E+00 -5.92522469E-03
 1.15532798E+00 -4.88341510E-03
 1.15489797E+00 -3.30405935E-04
 1.15598004E+00  6.45221393E-03
 1.15642580E+00  1.21215780E-02
 1.15581927E+00  1.46195213E-02
 1.15680460E+00  1.25783005E-02
 1.15907641E+00  6.91899078E-03
 1.16117080E+00  1.10280030E-03
 1.16224535E+00 -2.95921491E-03
 1.16062304E+00 -4.73559262E-03
 1.15692226E+00 -4.10063617E-03
 1.15384932E+00 -2.40116060E-03
 1.15256807E+00 -6.54841940E-05
 1.15349652E+00  3.47041556E-03
 1.15635018E+00  7.30146214E-03
 1.15930727E+00  1.02123037E-02
 1.16145183E+00  1.11310999E-02
 1.16270750E+00  8.95138957E-03
 1.16225691E+00  4.72806757E-03
 1.15961826E+00  1.09438414E-03
 1.15462599E+00 -4.08009880E-04
 1.14748197E+00  7.83408283E-04
 1.14067170E+00  3.62629280E-03
 1.13796182E+00  5.30521919E-03
 1.14158574E+00  4.44275482E-03
 1.15159417E+00  1.30012863E-03
 1.16410561E+00 -3.12358284E-03
 1.17207615E+00 -6.49037561E-03
 1.17113233E+00 -7.49006389E-03
 1.16085935E+00 -6.37936859E-03
 1.14564144E+00 -3.48959964E-03
 1.13449247E+00  1.08192817E-04
 1.13289795E+00  3.62245126E-03
 1.14114895E+00  7.03330926E-03
 1.15541073E+00  9.60468776E-03
 1.16697754E+00  1.04726486E-02
 1.17081018E+00  9.05483417E-03
 1.16737617E+00  4.94670544E-03
 1.15936989E+00 -7.13373336E-04
 1.15319612E+00 -5.63758431E-03
 1.15232448E+00 -8.16069684E-03
 1.15537588E+00 -7.36733906E-03
 1.16066299E+00 -3.83521907E-03
 1.16460345E+00  2.97046585E-04
 1.16529214E+00  3.71705577E-03
 1.16434848E+00  5.97697018E-03
 1.16272935E+00  6.87989992E-03
 1.16180877E+00  7.10164413E-03
 1.16244104E+00  6.69546706E-03
 1.16342248E+00  5.10822386E-03
 1.16420032E+00  2.90147970E-03
 1.16447343E+00  9.79478498E-04
 1.16383972E+00  1.47968355E-04
 1.16281106E+00  1.23048313E-03
 1.16162628E+00  3.58796158E-03
 1.16022902E+00  5.46797765E-03
 1.15880281E+00  5.90867585E-03
 1.15730798E+00  4.59895232E-03
 1.15582507E+00  2.10790201E-03
 1.15466994E+00  1.14873827E-04
 1.15404688E+00 -5.57927200E-04
 1.15416101E+00 -2.55924871E-05
 1.15512683E+00  1.47244258E-03
 1.15686047E+00  3.07324857E-03
 1.15923614E+00  4.34390809E-03
 1.16201743E+00  5.55315749E-03
 1.16477581E+00  6.59160944E-03
 1.16699450E+00  7.36359280E-03
 1.16813211E+00  7.69990778E-03
 1.16771742E+00  7.07877536E-03
 1.16556402E+00  5.40496208E-03
 1.16179285E+00  2.94544634E-03
 1.15668835E+00  4.83095921E-05
 1.15081987E+00 -2.53799121E-03
 1.14517842E+00 -3.76759782E-03
 1.14098854E+00 -2.65901144E-03
 1.13948509E+00  1.30365175E-03
 1.14164814E+00  7.59867170E-03
 1.14766326E+00  1.39048888E-02
 1.15683961E+00  1.68016089E-02
 1.16799118E+00  1.40885432E-02
 1.17912055E+00  5.69805932E-03
 1.18704865E+00 -5.11824617E-03
 1.18834343E+00 -1.24215313E-02
 1.18079440E+00 -1.24164458E-02
 1.16477683E+00 -4.59751473E-03
 1.14555913E+00  7.78069154E-03
 1.13180112E+00  1.77041914E-02
 1.12959362E+00  2.08603316E-02
 1.14058430E+00  1.68597991E-02
 1.15948107E+00  7.90728895E-03
 1.17484377E+00 -2.85634042E-04
 1.17957768E+00 -4.42210783E-03
 1.17268917E+00 -4.78092114E-03
 1.15869683E+00 -1.97237591E-03
 1.14852941E+00  1.49080506E-03
 1.14803584E+00  4.30041709E-03
 1.15608000E+00  7.28852554E-03
 1.16906683E+00  9.29965608E-03
 1.17877091E+00  8.82550870E-03
 1.18072038E+00  4.93497878E-03
 1.17659274E+00 -3.16430009E-03
 1.16806360E+00 -1.25776698E-02
 1.15914645E+00 -1.78495623E-02
 1.15266267E+00 -1.57027786E-02
 1.14810919E+00 -5.34623670E-03
 1.14723960E+00  9.66254993E-03
 1.15199130E+00  2.16161266E-02
 1.16290987E+00  2.56684072E-02
 1.17972293E+00  2.07289714E-02
 1.19650436E+00  8.93488192E-03
 1.20358398E+00 -3.34276751E-03
 1.19492482E+00 -1.20723909E-02
 1.16947533E+00 -1.64006459E-02
 1.13510186E+00 -1.53426546E-02
 1.10752155E+00 -9.92074899E-03
 1.09734956E+00 -4.77879583E-04
 1.10790416E+00  1.35248482E-02
 1.13461755E+00  2.81197916E-02
 1.16368211E+00  3.72389117E-02
 1.18611092E+00  3.63449870E-02
 1.19916733E+00  2.28096638E-02
 1.20045638E+00  7.20728043E-04
 1.19229540E+00 -2.01002382E-02
 1.17499605E+00 -3.26527156E-02
 1.14685424E+00 -3.29675954E-02
 1.11576870E+00 -2.05295210E-02
 1.09394370E+00 -4.77903016E-04
 1.09086749E+00  2.28934369E-02
 1.11263458E+00  4.48365391E-02
 1.15142914E+00  5.35560919E-02
 1.18789171E+00  4.03123551E-02
 1.20924699E+00  1.46841587E-02
 1.20966885E+00 -5.95764430E-03
 1.19144677E+00 -1.93589537E-02
 1.16790273E+00 -2.96875368E-02
 1.14600029E+00 -3.29226148E-02
 1.12643485E+00 -2.69902926E-02
 1.11386218E+00 -1.18557898E-02
 1.11033206E+00  1.28348925E-02
 1.11934458E+00  3.34966940E-02
 1.14576258E+00  3.28114650E-02
 1.18101306E+00  1.79912739E-02
 1.20869739E+00  7.00296700E-03
 1.21730434E+00 -6.19851281E-05
 1.20015341E+00 -7.24514892E-03
 1.16430529E+00 -1.01321134E-02
 1.12987871E+00 -8.19382933E-03
 1.10896694E+00 -1.60392030E-03
 1.10553814E+00  1.24423196E-02
 1.11852830E+00  2.94593091E-02
 1.13717851E+00  4.04926230E-02
 1.15652518E+00  3.96450348E-02
 1.17781572E+00  2.37666595E-02
 1.19564406E+00 -1.86155512E-03
 1.20476554E+00 -2.42013214E-02
 1.20008506E+00 -3.50103550E-02
 1.17616911E+00 -3.11008574E-02
 1.14136232E+00 -1.35321222E-02
 1.11321841E+00  9.47775168E-03
 1.10330506E+00  3.18789024E-02
 1.11733377E+00  4.94113905E-02
 1.14871006E+00  5.16774210E-02
 1.17818478E+00  3.37722692E-02
 1.19474647E+00  1.16787663E-02
 1.19620860E+00  5.15668849E-03
 1.18443551E+00  3.10869000E-03
 1.17002864E+00 -1.50862809E-02
 1.15784529E+00 -3.18341384E-02
 1.14568994E+00 -2.15927096E-02
 1.13666761E+00  1.99210136E-03
 1.13322506E+00  1.67906352E-02
 1.13798561E+00  2.30245360E-02
 1.15513357E+00  2.23219706E-02
 1.17806366E+00  1.35312209E-02
 1.19346226E+00  4.77757275E-03
 1.19350071E+00  1.90317451E-03
 1.17561131E+00  4.43293286E-03
 1.14886526E+00  1.18826642E-02
 1.13287223E+00  2.08435212E-02
 1.13795483E+00  2.83757991E-02
 1.16288915E+00  3.21549095E-02
 1.19542570E+00  2.23384254E-02
 1.21148060E+00 -7.68223769E-03
 1.19795663E+00 -4.07209618E-02
 1.15811521E+00 -5.11834117E-02
 1.10710790E+00 -3.89797366E-02
 1.07332641E+00 -1.72564064E-02
 1.07400000E+00  9.63112396E-03
 1.10759302E+00  3.30150798E-02
 1.15993022E+00  4.19823398E-02
 1.20227998E+00  3.56575560E-02
 1.21667019E+00  1.80670579E-02
 1.20368448E+00 -2.31812884E-03
 1.17363357E+00 -1.37102919E-02
 1.14977958E+00 -9.13966609E-03
 1.14514429E+00  4.51611068E-03
 1.15559493E+00  1.19230545E-02
 1.17242547E+00  1.02463231E-02
 1.17842548E+00  4.46983732E-03
 1.16533580E+00 -5.27584960E-03
 1.14087246E+00 -1.39831226E-02
 1.11586191E+00 -1.21593088E-02
 1.10676480E+00  3.46001857E-03
 1.12293667E+00  2.44229794E-02
 1.15849691E+00  3.56272720E-02
 1.20019436E+00  3.10348808E-02
 1.22728547E+00  1.28784266E-02
 1.22549418E+00 -1.25819573E-02
 1.19513178E+00 -3.17005083E-02
 1.14800360E+00 -3.54284757E-02
 1.10725099E+00 -2.38439851E-02
 1.08889846E+00 -1.90355630E-03
 1.09586717E+00  1.95007558E-02
 1.12292813E+00  3.49654609E-02
 1.15393980E+00  4.48274314E-02
 1.17914715E+00  4.30239418E-02
 1.19831910E+00  2.64503547E-02
 1.20876754E+00  4.98082379E-03
 1.21124857E+00 -9.69951384E-03
 1.20409633E+00 -1.75339509E-02
 1.18177611E+00 -2.26907146E-02
 1.15060743E+00 -2.02709610E-02
 1.12334052E+00 -6.93918161E-03
 1.10939307E+00  6.26006683E-03
 1.11599551E+00  7.90154812E-03
 1.13805621E+00  4.17622762E-03
 1.15934230E+00  6.81571842E-03
 1.17111009E+00  1.27677361E-02
 1.17144924E+00  1.50335931E-02
 1.16401636E+00  1.50675874E-02
 1.16107862E+00  1.32471757E-02
 1.16728401E+00  8.51358695E-03
 1.17828649E+00  3.48679646E-03
 1.18963208E+00 -6.06840439E-04
 1.19293139E+00 -4.20545533E-03
 1.18433155E+00 -6.49530053E-03
 1.16838823E+00 -7.08019762E-03
 1.15011608E+00 -5.74568419E-03
 1.13677035E+00 -1.85310250E-03
 1.13392546E+00  4.17566016E-03
 1.14108208E+00  1.10375509E-02
 1.15504567E+00  1.70880035E-02
 1.16967518E+00  2.02174794E-02
 1.17986926E+00  1.88199413E-02
 1.18408363E+00  1.26673609E-02
 1.18212624E+00  3.60905922E-03
 1.17610567E+00 -4.83987134E-03
 1.16721909E+00 -9.85620752E-03
 1.15541734E+00 -1.00332058E-02
 1.14401948E+00 -6.06904618E-03
 1.13747552E+00 -8.46808159E-04
 1.13939381E+00  3.89723238E-03
 1.15197332E+00  7.66193741E-03
 1.17045741E+00  9.86962979E-03
 1.18499434E+00  1.08835184E-02
 1.18924904E+00  1.03138700E-02
 1.18109106E+00  7.10518401E-03
 1.16492806E+00  2.39699075E-03
 1.15184456E+00 -1.65841796E-03
 1.14799055E+00 -3.42060056E-03
 1.15349906E+00 -1.62446708E-03
 1.16513736E+00  2.54214656E-03
 1.17434026E+00  5.84191581E-03
 1.17671815E+00  6.62616726E-03
 1.17385482E+00  4.76227242E-03
 1.16757988E+00  1.58781404E-03
 1.16239199E+00  3.07358267E-04
 1.16070264E+00  2.33105360E-03
 1.16071857E+00  6.77131571E-03
 1.16216391E+00  1.17930241E-02
 1.16446353E+00  1.40965011E-02
 1.16700006E+00  1.18318007E-02
 1.17067774E+00  5.71266783E-03
 1.17387516E+00 -2.20221895E-03
 1.17359271E+00 -8.23869342E-03
 1.16866330E+00 -9.81020242E-03
 1.15951303E+00 -6.60962911E-03
 1.15071306E+00  2.91870737E-04
 1.14951889E+00  8.06039936E-03
 1.15816701E+00  1.45996017E-02
 1.17168729E+00  1.91965994E-02
 1.17509498E+00  2.09285327E-02
