# x =
 3.93243879E+01
# y =
 3.25097170E+00
 VARIABLES = u,v
 1.18735980E+00  3.87124423E-02
 1.18547521E+00  3.80178545E-02
 1.19344245E+00  2.15707910E-02
 1.20348787E+00 -5.13989444E-03
 1.19857841E+00 -2.95456684E-02
 1.17148990E+00 -4.31530425E-02
 1.12864117E+00 -4.20630560E-02
 1.08215566E+00 -2.83738112E-02
 1.05225675E+00 -1.16196579E-02
 1.05151494E+00  2.99294841E-03
 1.07816093E+00  1.47626852E-02
 1.12227069E+00  2.17317496E-02
 1.16423674E+00  2.45517002E-02
 1.18964536E+00  2.19942804E-02
 1.19543047E+00  1.07353539E-02
 1.18443055E+00 -5.39575239E-03
 1.16797351E+00 -1.89645103E-02
 1.15308389E+00 -2.44809663E-02
 1.13974091E+00 -1.78260699E-02
 1.13118510E+00 -2.30795297E-03
 1.12887303E+00  1.21054314E-02
 1.13527617E+00  1.98162771E-02
 1.15420488E+00  1.91531273E-02
 1.17684126E+00  1.14764170E-02
 1.18721405E+00  3.34369255E-03
 1.17531536E+00 -2.30549220E-03
 1.13788843E+00 -6.46394489E-03
 1.08826627E+00 -8.03730859E-03
 1.05397526E+00 -7.05878029E-03
 1.05132902E+00 -2.91181264E-03
 1.08279490E+00  6.48440571E-03
 1.13645133E+00  1.81378733E-02
 1.18393493E+00  2.62161665E-02
 1.20834619E+00  2.70512979E-02
 1.20869519E+00  1.86769124E-02
 1.19120011E+00  4.39948169E-03
 1.17445549E+00 -7.59855100E-03
 1.16811946E+00 -1.26148460E-02
 1.16804281E+00 -9.77459115E-03
 1.17096617E+00 -1.60754197E-03
 1.16886563E+00  4.88012530E-03
 1.15892751E+00  6.17635126E-03
 1.14848916E+00  3.38654095E-03
 1.14076458E+00 -1.10655343E-03
 1.13838922E+00 -2.13271824E-03
 1.14314975E+00  2.71092242E-03
 1.15105298E+00  1.12351987E-02
 1.15997162E+00  2.05182058E-02
 1.16909311E+00  2.59075090E-02
 1.17604928E+00  2.45502369E-02
 1.18027350E+00  1.76306423E-02
 1.18175648E+00  7.90024374E-03
 1.18013768E+00 -5.03541861E-05
 1.17571002E+00 -3.04534407E-03
 1.16857486E+00 -1.32925016E-03
 1.15852339E+00  2.71337988E-03
 1.14570236E+00  4.64210421E-03
 1.13155011E+00  2.21498487E-03
 1.11896287E+00 -2.92517981E-03
 1.11188427E+00 -6.40876771E-03
 1.11461347E+00 -1.83016496E-03
 1.12933619E+00  1.25531454E-02
 1.15444476E+00  3.09209614E-02
 1.18322041E+00  3.98150495E-02
 1.20502883E+00  2.59468442E-02
 1.21138160E+00  9.29846140E-04
 1.19836910E+00 -1.18515300E-02
 1.16895325E+00 -1.93777027E-02
 1.13320098E+00 -3.60256242E-02
 1.09971815E+00 -4.18992194E-02
 1.07538147E+00 -1.58201742E-02
 1.06826687E+00  2.49733719E-02
 1.08274158E+00  5.36015980E-02
 1.11959419E+00  6.53682309E-02
 1.17162970E+00  6.07726752E-02
 1.21060844E+00  3.92238062E-02
 1.20766350E+00  1.11217042E-02
 1.18040984E+00 -1.49864326E-02
 1.16503612E+00 -3.71823890E-02
 1.14555460E+00 -5.14052544E-02
 1.09648850E+00 -5.54022175E-02
 1.05659114E+00 -4.59913402E-02
 1.06769971E+00 -1.94027428E-02
 1.09502022E+00  1.68007645E-02
 1.09294317E+00  4.82677910E-02
 1.09694516E+00  6.40007135E-02
 1.15404636E+00  5.66188456E-02
 1.22197148E+00  3.03818680E-02
 1.24145104E+00  6.79574842E-04
 1.22781896E+00 -2.32557192E-02
 1.20928397E+00 -3.77780589E-02
 1.17296349E+00 -4.17383654E-02
 1.11506168E+00 -4.03293593E-02
 1.06134466E+00 -3.25669220E-02
 1.03201857E+00 -1.09880972E-02
 1.02869350E+00  2.74183897E-02
 1.04848803E+00  7.83113785E-02
 1.09282854E+00  1.13220693E-01
 1.15427231E+00  9.76595111E-02
 1.20325875E+00  5.04844013E-02
 1.21286112E+00  1.52091091E-02
 1.20041865E+00 -1.26215816E-02
 1.19740619E+00 -4.82657021E-02
 1.17968575E+00 -6.97762341E-02
 1.11282899E+00 -6.18148949E-02
 1.03686405E+00 -4.37049841E-02
 1.00801302E+00 -3.05337287E-02
 1.01773135E+00  4.07542778E-03
 1.04355468E+00  8.36569535E-02
 1.09763318E+00  1.49325720E-01
 1.17780830E+00  1.23664766E-01
 1.23716046E+00  3.93729888E-02
 1.23366799E+00 -2.73693340E-02
 1.18558158E+00 -6.94950165E-02
 1.13685250E+00 -9.19587112E-02
 1.09208882E+00 -8.52087952E-02
 1.04714272E+00 -6.57523342E-02
 1.02172196E+00 -3.27363502E-02
 1.02612522E+00  2.94323949E-02
 1.06081878E+00  8.45105577E-02
 1.12369537E+00  8.56264858E-02
 1.18342488E+00  4.55508548E-02
 1.20090867E+00 -1.29787823E-04
 1.18662514E+00 -3.58021897E-02
 1.17321001E+00 -4.66030971E-02
 1.15243386E+00 -3.26889906E-02
 1.10881548E+00 -1.84276185E-02
 1.06022335E+00 -6.26455034E-03
 1.02596950E+00  1.58357816E-02
 1.01756668E+00  4.58779256E-02
 1.04825777E+00  8.09930068E-02
 1.10875586E+00  1.03506892E-01
 1.16987209E+00  8.59614999E-02
 1.21304249E+00  4.11923873E-02
 1.22829799E+00  3.63727846E-03
 1.21653199E+00 -1.87429069E-02
 1.19494453E+00 -2.67795161E-02
 1.17063690E+00 -2.36621208E-02
 1.14200249E+00 -2.41035041E-02
 1.11545745E+00 -1.91205295E-02
 1.09528896E+00  1.10226188E-02
 1.08831349E+00  4.07375639E-02
 1.10437396E+00  3.46437790E-02
 1.13518432E+00  9.79373682E-03
 1.16147317E+00 -2.38101788E-03
 1.17110444E+00 -4.74952863E-03
 1.15750767E+00 -4.91576238E-03
 1.12936815E+00  1.11619769E-03
 1.11034342E+00  8.30279856E-03
 1.11191273E+00  1.21311775E-02
 1.13289545E+00  1.60010601E-02
 1.16441606E+00  1.80893760E-02
 1.18538325E+00  1.47329348E-02
 1.18456306E+00  4.20152508E-03
 1.16460412E+00 -1.49526873E-02
 1.13027824E+00 -3.58797801E-02
 1.09420019E+00 -4.58097484E-02
 1.06578999E+00 -3.76361197E-02
 1.04690232E+00 -1.05236184E-02
 1.04442441E+00  2.64029982E-02
 1.06368070E+00  5.44867466E-02
 1.10456800E+00  6.20128858E-02
 1.16074059E+00  4.69598395E-02
 1.20458659E+00  1.63256097E-02
 1.20561301E+00 -1.22472183E-02
 1.17810336E+00 -2.76735411E-02
 1.15570797E+00 -2.83909313E-02
 1.12828132E+00 -1.61132433E-02
 1.08071143E+00  4.14279099E-05
 1.05411699E+00  1.47086835E-02
 1.08930183E+00  2.79405126E-02
 1.15446337E+00  3.34983879E-02
 1.19434222E+00  2.53333147E-02
 1.19900722E+00  1.13020721E-03
 1.17346940E+00 -3.65293933E-02
 1.12077564E+00 -6.57710825E-02
 1.06641029E+00 -6.10083439E-02
 1.02914541E+00 -3.49730836E-02
 1.01027393E+00 -1.61528574E-02
 1.01501692E+00  6.12134822E-03
 1.04261682E+00  4.75170866E-02
 1.09064380E+00  7.58664620E-02
 1.15546090E+00  5.75776084E-02
 1.20623008E+00  1.49831608E-02
 1.20926806E+00 -1.34712240E-02
 1.18140388E+00 -2.44234648E-02
 1.15797450E+00 -2.32239991E-02
 1.12597929E+00 -8.44870227E-03
 1.06804098E+00  8.06120270E-03
 1.03111871E+00  1.76416564E-02
 1.06415178E+00  2.32846012E-02
 1.13430641E+00  2.44637260E-02
 1.18210971E+00  2.17294353E-02
 1.19931063E+00  1.45432946E-02
 1.19214530E+00 -1.19559578E-03
 1.16018024E+00 -2.02692555E-02
 1.12521595E+00 -3.21484729E-02
 1.10232231E+00 -3.03863587E-02
 1.08829902E+00 -1.14164240E-02
 1.08654544E+00  1.81876608E-02
 1.09769756E+00  4.24442503E-02
 1.12246758E+00  5.16697424E-02
 1.16440715E+00  4.28885368E-02
 1.20619776E+00  1.93251980E-02
 1.21970439E+00 -6.83496258E-03
 1.19082317E+00 -2.79510933E-02
 1.12219654E+00 -4.17307633E-02
 1.05165496E+00 -4.35020600E-02
 1.03048152E+00 -3.17070834E-02
 1.04076265E+00 -5.34331305E-03
 1.03436153E+00  3.52643467E-02
 1.04204365E+00  7.59491500E-02
 1.10635821E+00  9.56024887E-02
 1.18028271E+00  8.21251024E-02
 1.20612972E+00  3.65398833E-02
 1.20136487E+00 -1.41140702E-02
 1.19540976E+00 -3.26555826E-02
 1.17031506E+00 -2.98639982E-02
 1.11307272E+00 -3.83298141E-02
 1.05260814E+00 -3.76883324E-02
 1.02133176E+00 -5.47878572E-04
 1.03437463E+00  4.04606568E-02
 1.09461376E+00  4.74575318E-02
 1.16718660E+00  3.57492501E-02
 1.19732070E+00  3.00740943E-02
 1.18961525E+00  1.99938757E-02
 1.17937165E+00 -5.52987192E-03
 1.15080584E+00 -3.24020286E-02
 1.08902988E+00 -4.67488015E-02
 1.03909905E+00 -4.23237387E-02
 1.04316409E+00 -1.36006714E-02
 1.07965685E+00  2.88478045E-02
 1.10901364E+00  6.04380804E-02
 1.13499591E+00  6.63573371E-02
 1.16870541E+00  4.27343547E-02
 1.19224069E+00 -3.64681567E-04
 1.19176151E+00 -3.73096834E-02
 1.16378104E+00 -5.34635457E-02
 1.10765951E+00 -4.80541492E-02
 1.05403417E+00 -2.64839217E-02
 1.04372963E+00 -5.55884366E-03
 1.06117800E+00  6.06253658E-03
 1.06866445E+00  1.17372405E-02
 1.08613740E+00  1.27133005E-02
 1.13977370E+00  1.40355063E-02
 1.18704267E+00  1.74388245E-02
 1.18169772E+00  1.74485703E-02
 1.15153803E+00  1.51088371E-02
 1.14313989E+00  1.38627086E-02
 1.15335562E+00  1.51235323E-02
 1.16777823E+00  2.10429741E-02
 1.18578317E+00  2.62436435E-02
 1.19266012E+00  2.01232275E-02
 1.17709958E+00 -3.39167344E-04
 1.14527617E+00 -2.97805239E-02
 1.10398448E+00 -5.05764510E-02
 1.06359984E+00 -4.33738148E-02
 1.03325532E+00 -2.56051698E-02
 1.01525267E+00 -2.58549105E-02
 1.01502630E+00 -1.27222124E-02
 1.03710891E+00  5.18887117E-02
 1.08153128E+00  1.08376657E-01
 1.14415222E+00  8.03736153E-02
 1.20633174E+00  1.46270242E-02
 1.24068840E+00 -7.88430624E-03
 1.23025660E+00 -1.07128527E-02
 1.17470620E+00 -3.60305882E-02
 1.10343248E+00 -5.69002997E-02
 1.06015304E+00 -5.15309820E-02
 1.04181877E+00 -3.29510448E-02
 1.02241483E+00 -5.92349154E-03
 1.02496006E+00  2.75775806E-02
 1.07533423E+00  5.37099830E-02
 1.14085857E+00  5.85780648E-02
 1.18115651E+00  3.61471957E-02
 1.19807420E+00 -2.75583081E-03
 1.19938463E+00 -3.48225764E-02
 1.16612010E+00 -4.68407238E-02
 1.09187798E+00 -3.73325905E-02
 1.02076558E+00 -1.82339923E-02
 1.00122008E+00 -9.39557717E-03
 1.01527165E+00  2.93453095E-03
 1.02317062E+00  4.49627970E-02
 1.05036718E+00  8.79257617E-02
 1.12756191E+00  8.77722265E-02
 1.20382228E+00  5.35114463E-02
 1.21996630E+00  1.13177560E-02
 1.19810481E+00 -2.75731280E-02
 1.18034923E+00 -4.60298433E-02
 1.15598856E+00 -4.05930879E-02
 1.11137350E+00 -2.96265405E-02
 1.06614219E+00 -1.65613145E-02
 1.03582543E+00  2.38203360E-03
 1.02990407E+00  2.19662480E-02
 1.06135055E+00  4.03845417E-02
 1.11975332E+00  4.96453964E-02
 1.17582400E+00  3.74417571E-02
 1.21014127E+00  1.31277749E-02
 1.21152414E+00 -5.35193204E-03
 1.18339556E+00 -1.97731480E-02
 1.14750507E+00 -3.52373680E-02
 1.11440520E+00 -3.87018051E-02
 1.08502985E+00 -1.90742026E-02
 1.06516450E+00  1.24584003E-02
 1.05522989E+00  3.77006480E-02
 1.05972779E+00  4.77070853E-02
 1.08730670E+00  3.79174969E-02
 1.12818468E+00  1.27792009E-02
 1.16277080E+00 -1.16556612E-02
 1.17746482E+00 -2.66873269E-02
 1.16335505E+00 -3.15812068E-02
 1.12955696E+00 -2.66265701E-02
 1.10164286E+00 -1.81387176E-02
 1.09309784E+00 -8.70272414E-03
 1.10541263E+00  4.06576413E-03
 1.13099825E+00  1.57018346E-02
 1.14878951E+00  2.05726876E-02
 1.14928982E+00  1.61291375E-02
 1.13785365E+00  2.75884221E-03
 1.12198059E+00 -5.15286396E-03
 1.11652345E+00  9.20014920E-03
 1.12848126E+00  3.16750414E-02
 1.15047191E+00  3.06116589E-02
 1.17230051E+00 -8.48528305E-03
 1.17851376E+00 -8.39810577E-02
 1.15833381E+00 -1.61548143E-01
 1.11297994E+00 -1.86186146E-01
 1.04978834E+00 -1.59889882E-01
 9.84029425E-01 -1.17315650E-01
 9.31061401E-01 -4.80032278E-02
 9.03059609E-01  5.82386815E-02
 9.15902430E-01  1.68138243E-01
 9.70207184E-01  2.43704526E-01
 1.02123535E+00  2.50401792E-01
 1.01122645E+00  1.67141640E-01
 9.43445102E-01  5.02302357E-02
 8.63834134E-01 -7.76246206E-03
 8.11645938E-01 -1.03454132E-02
 8.28167296E-01 -9.94466549E-03
 9.13735658E-01 -1.23265404E-03
 1.01502956E+00  1.61279355E-02
 1.09130534E+00  7.04475540E-03
 1.11432603E+00 -3.55438942E-02
 1.08136849E+00 -7.83894791E-02
 1.03306230E+00 -8.66326150E-02
 9.95787197E-01 -7.70765871E-02
 9.74645709E-01 -8.83306882E-02
 9.53278348E-01 -1.02590584E-01
 8.97664889E-01 -8.58231888E-02
 8.42527289E-01 -4.16196132E-02
 8.56463106E-01  2.25721460E-02
 9.23998191E-01  9.58090656E-02
 1.00196949E+00  1.47957450E-01
 1.09317960E+00  1.61295623E-01
 1.18623087E+00  1.31014004E-01
 1.22914459E+00  4.53517449E-02
 1.17744971E+00 -9.01449701E-02
 1.01951295E+00 -2.26879214E-01
 7.88249307E-01 -3.04866359E-01
 6.03024158E-01 -3.09508043E-01
 5.94169639E-01 -2.61229241E-01
 6.91880826E-01 -1.86788229E-01
 7.30209267E-01 -1.22771220E-01
 7.45634642E-01 -7.03890080E-02
 8.36027717E-01 -1.58634833E-03
 9.47562978E-01  5.87406066E-02
 1.02926226E+00  7.21084042E-02
 1.10055219E+00  5.84818931E-02
 1.15404416E+00  4.80044673E-02
 1.17614720E+00  4.32246084E-02
 1.17827051E+00  4.65513515E-02
 1.16968219E+00  5.73857650E-02
 1.15457273E+00  5.79434373E-02
 1.13040556E+00  3.15587928E-02
 1.09087444E+00 -2.24870899E-02
 1.05245404E+00 -7.17994673E-02
 1.04000968E+00 -7.15085237E-02
 1.04851542E+00 -3.74747072E-02
 1.06137706E+00 -1.78851632E-02
 1.07696914E+00 -1.30560145E-02
 1.09123908E+00 -1.10431862E-02
 1.09186675E+00 -1.63318226E-02
 1.07649132E+00 -1.82209775E-02
 1.06060904E+00 -8.88279017E-03
 1.06492892E+00  9.32745858E-03
 1.09274892E+00  5.37663631E-02
 1.12162193E+00  1.30968948E-01
 1.09041390E+00  1.79168821E-01
 9.47216057E-01  1.33655606E-01
 7.84418158E-01  6.17470113E-02
 7.55836122E-01  6.92380217E-02
 8.39768467E-01  9.35259924E-02
 9.28724660E-01  3.58229224E-02
 9.91072538E-01 -9.40839163E-03
 9.98759207E-01  7.05308929E-02
 9.75252781E-01  1.69408390E-01
 1.01894984E+00  1.52104936E-01
 1.11976833E+00  1.02025926E-01
 1.19719497E+00  1.35715959E-01
 1.22807093E+00  1.66240912E-01
 1.19783502E+00  8.92457706E-02
 1.14742061E+00 -6.06349282E-03
 1.15443237E+00 -1.24036560E-02
 1.12078818E+00  1.25184285E-02
 9.17450968E-01 -9.34613186E-03
 7.43091910E-01 -3.69704271E-02
 8.59431746E-01 -2.35874349E-02
 1.09240868E+00  1.46434145E-03
 1.14512118E+00  1.24827363E-02
 1.10705030E+00  1.58120554E-02
 1.14660785E+00  9.30313208E-03
 1.18404329E+00 -8.46744712E-03
 1.15989959E+00 -2.42325327E-02
 1.14361779E+00 -2.89040637E-02
 1.15801595E+00 -2.09294487E-02
 1.16988025E+00 -4.85286697E-03
 1.16201740E+00  7.14974576E-03
 1.14455511E+00  9.69845855E-03
 1.13302196E+00  5.06439371E-03
 1.12839793E+00 -3.74243217E-03
 1.13074701E+00 -9.35456623E-03
 1.14094724E+00 -8.12107988E-03
 1.15059052E+00 -3.01157949E-03
 1.15473335E+00  3.85732995E-03
 1.15304448E+00  9.21922318E-03
 1.14204350E+00  1.17540347E-02
 1.12217279E+00  1.55354953E-02
 1.10161395E+00  2.60335789E-02
 1.09115909E+00  4.86732537E-02
 1.09919174E+00  8.29511064E-02
 1.12865642E+00  1.17164455E-01
 1.17108824E+00  1.26335478E-01
 1.20802987E+00  8.86114593E-02
 1.22424895E+00  2.78226303E-02
 1.20778657E+00 -1.19393323E-02
 1.14732307E+00 -4.21282934E-02
 1.05091376E+00 -8.80818521E-02
 9.68368303E-01 -1.10122003E-01
 9.54881305E-01 -6.54859801E-02
 9.88126765E-01  1.28686602E-02
 1.01167897E+00  7.16434203E-02
 1.04959176E+00  1.00659559E-01
 1.13750147E+00  1.00357922E-01
 1.21463721E+00  7.14353500E-02
 1.21735170E+00  3.72965455E-02
 1.18914453E+00  1.42840393E-02
 1.19191463E+00  1.94498391E-03
 1.18943201E+00 -2.71786691E-04
 1.13526821E+00  1.52194984E-04
 1.08946113E+00  1.92405448E-03
 1.12052000E+00  1.22992700E-02
 1.18596475E+00  2.55007642E-02
 1.21673030E+00  3.13607924E-02
 1.21285924E+00  2.41552944E-02
 1.18702587E+00  6.61983111E-04
 1.13901962E+00 -2.34273579E-02
 1.09385551E+00 -2.44666370E-02
 1.07070173E+00 -1.07139115E-02
 1.06683508E+00 -3.48258306E-03
 1.08198686E+00  6.37657098E-03
 1.11006825E+00  3.03601017E-02
 1.14474430E+00  4.64520806E-02
 1.18284174E+00  3.28058222E-02
 1.20166284E+00  3.91021777E-03
 1.18054026E+00 -1.62540732E-02
 1.14450596E+00 -2.74838334E-02
 1.13073408E+00 -3.47484903E-02
 1.12137926E+00 -3.43957314E-02
 1.08644710E+00 -2.89433846E-02
 1.06266911E+00 -2.15598407E-02
 1.09490091E+00 -9.95453030E-03
 1.15292318E+00  3.62070858E-03
 1.18716953E+00  1.45350656E-02
 1.19365508E+00  1.92008646E-02
 1.17796151E+00  1.41160841E-02
 1.14345406E+00  2.47926406E-03
 1.11433525E+00 -7.18814433E-03
 1.10720588E+00 -9.87795549E-03
 1.11971196E+00 -3.77268264E-03
 1.14400891E+00  7.99262345E-03
 1.16271912E+00  1.66116008E-02
 1.16679581E+00  1.77319859E-02
 1.16092850E+00  1.20368482E-02
 1.14903982E+00  2.12269551E-03
 1.13934362E+00 -5.49184759E-03
 1.13640073E+00 -7.48950520E-03
 1.13567714E+00 -5.39380012E-03
 1.13565124E+00 -6.63227305E-04
 1.13495920E+00  3.45561604E-03
 1.13268613E+00  5.11140615E-03
 1.13247504E+00  5.80205488E-03
 1.13558066E+00  6.35733622E-03
 1.14142696E+00  7.86463888E-03
 1.15002185E+00  1.08501968E-02
 1.15936714E+00  1.37014230E-02
 1.16757706E+00  1.49731525E-02
 1.17358155E+00  1.33496945E-02
 1.17557734E+00  8.08179092E-03
 1.17235375E+00  2.95547506E-04
 1.16386504E+00 -7.59045937E-03
 1.15081987E+00 -1.23756107E-02
 1.13494718E+00 -1.17627694E-02
 1.11926877E+00 -5.62402034E-03
 1.10831648E+00  3.45026360E-03
 1.10698885E+00  1.06597075E-02
 1.11812842E+00  1.26757343E-02
 1.14037227E+00  8.68894380E-03
 1.16485703E+00  5.38848099E-04
 1.17780616E+00 -7.08252231E-03
 1.17030952E+00 -1.11839699E-02
 1.14185346E+00 -1.11075882E-02
 1.10489684E+00 -6.78453857E-03
 1.08248669E+00 -4.99550114E-05
 1.08867167E+00  7.86753000E-03
 1.12398353E+00  1.64257282E-02
 1.17397228E+00  2.20656498E-02
 1.20934239E+00  2.03498538E-02
 1.21216727E+00  8.61425122E-03
 1.18132516E+00 -1.32020698E-02
 1.12764931E+00 -3.81069520E-02
 1.07732167E+00 -5.40523202E-02
 1.04704424E+00 -5.31785151E-02
 1.03890689E+00 -3.36656212E-02
 1.05269019E+00 -2.69562724E-03
 1.07891905E+00  2.40566522E-02
 1.11184054E+00  3.64769024E-02
 1.15201773E+00  3.22163448E-02
 1.18766746E+00  1.52712743E-02
 1.20388544E+00 -2.13472264E-03
 1.19189846E+00 -1.31511602E-02
 1.15077502E+00 -1.81921737E-02
 1.10766968E+00 -1.79347525E-02
 1.09910413E+00 -1.69652808E-02
 1.11307304E+00 -1.66632179E-02
 1.11682524E+00 -1.34380771E-02
 1.12561396E+00 -8.26179517E-03
 1.15907096E+00 -3.33108528E-03
 1.18045063E+00 -5.11397567E-04
 1.15266109E+00 -3.16365019E-03
 1.10267222E+00 -9.41607266E-03
 1.07501255E+00 -1.34266242E-02
 1.07140448E+00 -1.23511179E-02
 1.08220526E+00 -5.20017533E-03
 1.10875124E+00  5.76309030E-03
 1.13856876E+00  1.41908039E-02
 1.16043855E+00  1.67760004E-02
 1.17586286E+00  1.34234273E-02
 1.18191521E+00  4.90902234E-03
 1.17596319E+00 -5.26793540E-03
 1.15660098E+00 -1.47395873E-02
 1.12144632E+00 -2.29379429E-02
 1.08090614E+00 -2.72573469E-02
 1.05354623E+00 -2.51833435E-02
 1.05188082E+00 -1.53433920E-02
 1.08155010E+00  2.25490188E-03
 1.13190608E+00  2.17975851E-02
 1.17723306E+00  3.36674967E-02
 1.20055392E+00  3.15198502E-02
 1.19535800E+00  1.37467226E-02
 1.16474104E+00 -1.29045373E-02
 1.12584016E+00 -3.42914565E-02
 1.08918442E+00 -4.12970115E-02
 1.05834828E+00 -3.17756000E-02
 1.04398415E+00 -1.05288787E-02
 1.05358198E+00  9.48442717E-03
 1.09086600E+00  2.05807041E-02
 1.15253865E+00  2.21194323E-02
 1.20513351E+00  1.50566211E-02
 1.20862524E+00  5.31824162E-03
 1.17522174E+00 -4.25749392E-03
 1.14305364E+00 -1.53009489E-02
 1.11316941E+00 -2.47863169E-02
 1.07909237E+00 -2.89904436E-02
 1.05556392E+00 -2.49667689E-02
 1.04981896E+00 -9.74983269E-03
 1.06619652E+00  1.12392646E-02
 1.11055808E+00  2.66793263E-02
 1.16141305E+00  2.95054239E-02
 1.18665202E+00  1.69992977E-02
 1.18767639E+00 -5.55741402E-03
 1.17876225E+00 -2.47586129E-02
 1.14893655E+00 -3.28709210E-02
 1.09334107E+00 -2.88798253E-02
 1.04911610E+00 -1.60292323E-02
 1.05473250E+00 -4.19468834E-03
 1.09442447E+00  1.50242709E-03
 1.12999815E+00  2.43544216E-03
 1.15631794E+00 -3.19768853E-04
 1.17527157E+00 -2.84261120E-03
 1.17690528E+00 -3.56311231E-03
 1.16319222E+00 -5.28945180E-03
 1.13465070E+00 -7.81110197E-03
 1.09030518E+00 -1.01887181E-02
 1.06036610E+00 -1.16533166E-02
 1.07837895E+00 -9.77971848E-03
 1.12305949E+00 -5.15101246E-03
 1.15047125E+00 -7.11136602E-04
 1.15862060E+00  2.16912102E-03
 1.15978542E+00  2.56437653E-03
 1.15220024E+00  9.55352206E-04
 1.14543532E+00 -1.43947160E-04
 1.14738538E+00  2.12548228E-04
 1.15105836E+00  1.61505275E-03
 1.15216379E+00  3.65349940E-03
 1.14676572E+00  4.97699431E-03
 1.13316753E+00  5.03742956E-03
 1.11759053E+00  4.53419595E-03
 1.10521166E+00  3.74626665E-03
 1.10064481E+00  3.10895003E-03
 1.10787637E+00  2.94896991E-03
 1.12538421E+00  2.90951618E-03
 1.14798850E+00  2.90885903E-03
 1.16815863E+00  2.99079410E-03
 1.17932261E+00  3.07028470E-03
 1.17884512E+00  3.27506879E-03
 1.16872481E+00  3.60330469E-03
 1.15526866E+00  3.88713847E-03
 1.14280463E+00  4.03955076E-03
 1.13295764E+00  3.94618887E-03
 1.12724324E+00  3.55887998E-03
 1.12514536E+00  2.96088347E-03
 1.12763262E+00  2.22384072E-03
 1.13684962E+00  1.45672278E-03
 1.14982764E+00  8.51097974E-04
 1.16112829E+00  6.06343691E-04
 1.16643188E+00  9.19432650E-04
 1.16250049E+00  1.92575098E-03
 1.15217224E+00  3.55321194E-03
 1.14341406E+00  5.52900063E-03
 1.14066599E+00  7.47995541E-03
 1.14507357E+00  8.87519194E-03
 1.15470395E+00  8.98619388E-03
 1.16310255E+00  7.12865033E-03
 1.16701901E+00  3.02663040E-03
 1.16677344E+00 -2.81768101E-03
 1.16178837E+00 -8.53261906E-03
 1.15325651E+00 -1.14134030E-02
 1.14191358E+00 -9.73045957E-03
 1.12747986E+00 -3.46203656E-03
 1.11426966E+00  4.71090446E-03
 1.10851519E+00  1.00648086E-02
 1.11343878E+00  9.95561321E-03
 1.12857308E+00  4.95591116E-03
 1.14482058E+00 -3.99017787E-04
 1.14766621E+00  1.67738265E-03
 1.13181724E+00  1.51266350E-02
 1.10548917E+00  3.80120042E-02
 1.09572461E+00  6.21718937E-02
 1.13185631E+00  7.35735580E-02
 1.19094619E+00  6.22857653E-02
 1.21928501E+00  2.52113649E-02
 1.20365219E+00 -3.46876052E-02
 1.15213300E+00 -9.96735364E-02
 1.07879279E+00 -1.31967695E-01
 1.02189962E+00 -1.00271595E-01
 1.00117873E+00 -3.47012081E-02
 1.01237787E+00  3.72658209E-03
 1.06159866E+00  1.40251967E-02
 1.14030330E+00  2.09987237E-02
 1.20862591E+00  1.62360486E-02
 1.22918608E+00  3.51329925E-04
 1.20471613E+00 -1.07027375E-02
 1.16240534E+00 -1.52490751E-02
 1.11248062E+00 -1.62278601E-02
 1.06348736E+00 -1.47962711E-02
 1.03267424E+00 -7.54745132E-03
 1.02582894E+00  1.14158339E-02
 1.04828565E+00  3.52899283E-02
 1.10170837E+00  5.07024143E-02
 1.15880746E+00  4.95307434E-02
 1.18646153E+00  2.71660330E-02
 1.19103120E+00 -8.68697172E-03
 1.19420271E+00 -3.86393100E-02
 1.18207327E+00 -5.14464985E-02
 1.13674241E+00 -4.43137105E-02
 1.07846474E+00 -2.12540408E-02
 1.03547183E+00  3.44994247E-03
 1.02312193E+00  2.18262655E-02
 1.05295455E+00  3.38430966E-02
 1.11299821E+00  3.81346173E-02
 1.16794488E+00  3.72107308E-02
 1.19683132E+00  3.11511856E-02
 1.19321613E+00  1.60279816E-02
 1.16214911E+00 -4.21255866E-03
 1.12706431E+00 -2.19787775E-02
 1.09951479E+00 -3.14013253E-02
 1.07763377E+00 -2.70845154E-02
 1.06579993E+00 -1.21742542E-02
 1.06386915E+00  2.73548389E-03
 1.07472044E+00  1.16303230E-02
 1.10659067E+00  1.21376169E-02
 1.14981819E+00  5.48052581E-03
 1.18478689E+00 -1.29051093E-03
 1.19818651E+00 -5.45924124E-03
 1.18111673E+00 -8.64768207E-03
 1.14218299E+00 -1.04333142E-02
 1.10644255E+00 -1.17484866E-02
 1.08796138E+00 -1.20893933E-02
 1.09013453E+00 -8.35382214E-03
 1.10845584E+00 -1.62642601E-03
 1.12552585E+00  4.83574390E-03
 1.13351599E+00  9.09303933E-03
 1.13602855E+00  9.10304161E-03
 1.13434123E+00  5.60070171E-03
 1.13405284E+00  2.20648707E-03
 1.13649360E+00  3.90988659E-04
 1.13505053E+00  1.26713313E-04
 1.12937929E+00  8.80890017E-04
 1.12143842E+00  4.89744133E-04
 1.11256580E+00 -1.62598370E-03
 1.10752301E+00 -4.07106562E-03
 1.10757223E+00 -5.72306241E-03
 1.11059577E+00 -4.98227269E-03
 1.11700178E+00 -1.16374482E-03
 1.12708402E+00  4.38140253E-03
 1.14061718E+00  9.44748641E-03
 1.15810800E+00  1.10733495E-02
 1.17714076E+00  7.09333311E-03
 1.19212609E+00 -2.53967079E-03
 1.19587873E+00 -1.55557186E-02
 1.18047123E+00 -2.75707995E-02
 1.14222342E+00 -3.48061285E-02
 1.08558387E+00 -3.48056432E-02
 1.02642050E+00 -2.60997424E-02
 9.88567184E-01 -9.30701797E-03
 9.89090559E-01  1.42131362E-02
 1.03221034E+00  4.14328176E-02
 1.10290662E+00  6.41809468E-02
 1.16908685E+00  7.23893279E-02
 1.20815369E+00  6.03090408E-02
 1.21185258E+00  2.98640527E-02
 1.18535487E+00 -2.32451846E-03
 1.15091353E+00 -1.52719968E-02
 1.12091639E+00 -1.57702121E-02
 1.09590965E+00 -2.29510854E-02
 1.08017408E+00 -2.47504813E-02
 1.07275173E+00 -4.62378034E-03
 1.07732354E+00  1.71902134E-02
 1.10335978E+00  1.70238150E-02
 1.14333608E+00  5.84244788E-03
 1.18053141E+00  1.59659751E-03
 1.20197424E+00 -6.44807903E-04
 1.19590170E+00 -7.58257562E-03
 1.16501750E+00 -1.30652182E-02
 1.12628711E+00 -1.30573914E-02
 1.08892726E+00 -5.43239839E-03
 1.05772482E+00  1.53474840E-02
 1.03825962E+00  4.93747425E-02
 1.02918883E+00  9.05840870E-02
 1.03109384E+00  1.31090011E-01
 1.04330335E+00  1.57395108E-01
 1.04596796E+00  1.48759397E-01
 1.02141019E+00  9.58705883E-02
 9.95216127E-01  3.52499315E-02
 1.00943389E+00  1.89484887E-02
 1.06352527E+00  3.39856058E-02
 1.13306546E+00  3.52269498E-02
 1.19557800E+00  2.05630904E-02
 1.22265553E+00 -3.45992034E-03
 1.22219586E+00 -3.71578139E-02
 1.22619710E+00 -6.00399736E-02
 1.20614077E+00 -6.00033786E-02
 1.12382808E+00 -4.33778730E-02
 1.03361224E+00 -1.96508923E-02
 1.00718696E+00 -3.33735333E-03
 1.02296983E+00  9.18111947E-03
 1.03501754E+00  3.66981773E-02
 1.05967555E+00  7.84726980E-02
 1.11557359E+00  1.21798513E-01
 1.18348507E+00  1.45729209E-01
 1.24201841E+00  1.20455913E-01
 1.25214627E+00  4.59493529E-02
 1.17246998E+00 -4.78320611E-02
 1.05086758E+00 -1.26549527E-01
 9.79526454E-01 -1.54382363E-01
 9.64729975E-01 -1.31271247E-01
 9.70831825E-01 -9.14801988E-02
 9.84096037E-01 -4.60625675E-02
 9.82242028E-01  1.22508261E-03
 9.92765285E-01  3.34010824E-02
 1.07727167E+00  4.76234841E-02
 1.18308856E+00  4.88623263E-02
 1.21605084E+00  3.99221196E-02
 1.20402787E+00  2.67943430E-02
 1.20414540E+00  1.32866210E-02
 1.19401826E+00 -1.14820685E-03
 1.15396539E+00 -1.63862785E-02
 1.10694757E+00 -2.15920953E-02
 1.06627720E+00 -5.58776414E-03
 1.03886177E+00  1.51092328E-02
 1.03962303E+00  1.60797685E-02
 1.06668570E+00  7.95023552E-03
 1.10345647E+00  1.23795237E-02
 1.13902830E+00  2.15051586E-02
 1.16476132E+00  2.24604610E-02
 1.17751416E+00  1.96600292E-02
 1.18346094E+00  1.55863004E-02
 1.18115807E+00  8.94961124E-03
 1.16511145E+00  3.87354658E-03
 1.13936381E+00  2.03653302E-03
 1.11019376E+00  1.63237544E-03
 1.08551281E+00  3.13489270E-03
 1.07576255E+00  6.62518972E-03
 1.08103009E+00  1.05514482E-02
 1.09356307E+00  1.36975852E-02
 1.11006228E+00  1.43386286E-02
 1.12793393E+00  1.09188280E-02
 1.14455778E+00  4.71833167E-03
 1.16072301E+00 -1.25113981E-03
 1.17300469E+00 -5.16908336E-03
 1.17560837E+00 -6.14830479E-03
 1.16939358E+00 -4.63485673E-03
 1.15794538E+00 -2.76569069E-03
 1.14417901E+00 -1.18790682E-03
 1.13176309E+00  9.55928715E-04
 1.12016328E+00  4.40586371E-03
 1.10583505E+00  1.04317969E-02
 1.09139407E+00  1.89546675E-02
 1.08521584E+00  2.76971093E-02
 1.10073187E+00  3.35163915E-02
 1.14506216E+00  3.26719195E-02
 1.18508883E+00  2.31497270E-02
 1.17540430E+00  6.52538336E-03
 1.13616106E+00 -1.13125067E-02
 1.11284456E+00 -2.14526009E-02
 1.08826162E+00 -1.80056552E-02
 1.04099905E+00 -7.06778080E-04
 1.02250575E+00  2.30517790E-02
 1.07981541E+00  3.94717002E-02
 1.16123132E+00  3.97826114E-02
 1.19028139E+00  2.31012256E-02
 1.17938736E+00 -3.15059915E-03
 1.16899201E+00 -2.30840829E-02
 1.14973752E+00 -2.71142248E-02
 1.11593064E+00 -1.48884035E-02
 1.07608644E+00  8.29473621E-03
 1.02853462E+00  2.93115304E-02
 1.00691401E+00  4.03821027E-02
 1.05609025E+00  4.18826301E-02
 1.14314245E+00  3.48153522E-02
 1.20051122E+00  2.43943625E-02
 1.21497440E+00  1.34091451E-02
 1.19356315E+00  1.05781483E-04
 1.14145918E+00 -1.24504560E-02
 1.09104051E+00 -1.99393079E-02
 1.06560812E+00 -1.90537475E-02
 1.06407307E+00 -6.47394919E-03
 1.08223356E+00  1.32761050E-02
 1.10523828E+00  2.97685658E-02
 1.12587500E+00  3.63066947E-02
 1.14975910E+00  2.97668809E-02
 1.17073747E+00  1.34935569E-02
 1.18037442E+00 -2.04924485E-03
 1.17205340E+00 -1.10075667E-02
 1.13754233E+00 -1.25160303E-02
 1.08748587E+00 -7.36793971E-03
 1.04641728E+00 -8.14587832E-04
 1.02998421E+00  4.94033851E-03
 1.04619918E+00  1.15438838E-02
 1.08799347E+00  1.73771682E-02
 1.13135952E+00  2.07365342E-02
 1.16239021E+00  1.98808532E-02
 1.17747539E+00  1.20647140E-02
 1.17525326E+00 -4.68928509E-05
 1.16394771E+00 -1.00994318E-02
 1.14620232E+00 -1.41402464E-02
 1.11845103E+00 -9.97587332E-03
 1.08879094E+00  4.32557068E-04
 1.06867133E+00  1.05570716E-02
 1.06737535E+00  1.68457124E-02
 1.09261023E+00  1.86752937E-02
 1.13437325E+00  1.63013099E-02
 1.16928919E+00  1.27302706E-02
 1.18307104E+00  9.13476655E-03
 1.17055704E+00  4.43681233E-03
 1.14018566E+00 -2.34045464E-04
 1.11557136E+00 -3.54220544E-03
 1.10890999E+00 -4.19186396E-03
 1.11913814E+00 -3.59265699E-04
 1.14006430E+00  6.39249807E-03
 1.15506264E+00  1.21364681E-02
 1.15598508E+00  1.45306134E-02
 1.14722860E+00  1.24418749E-02
 1.13216257E+00  7.27836545E-03
 1.11839857E+00  3.22694054E-03
 1.11022894E+00  2.38089725E-03
 1.10383829E+00  4.61901660E-03
 1.09884840E+00  8.86306511E-03
 1.09537097E+00  1.21030813E-02
 1.09359324E+00  1.28660767E-02
 1.09743401E+00  1.18641522E-02
 1.10798400E+00  9.63254464E-03
 1.12373551E+00  7.49870281E-03
 1.14317217E+00  6.19299750E-03
 1.16210070E+00  5.02656416E-03
 1.17484315E+00  3.94538688E-03
 1.17616525E+00  2.98906721E-03
 1.16226278E+00  2.22356118E-03
 1.13364907E+00  2.37911742E-03
 1.09851674E+00  3.66828958E-03
 1.07025985E+00  5.83454945E-03
 1.05918769E+00  8.63482539E-03
 1.06981189E+00  1.13633034E-02
 1.09736454E+00  1.30584996E-02
 1.12814137E+00  1.28591768E-02
 1.15277918E+00  1.01783607E-02
 1.16733576E+00  5.23180588E-03
 1.17029740E+00 -3.24330546E-04
 1.16590799E+00 -3.92757930E-03
 1.15494176E+00 -3.79030123E-03
 1.13500776E+00  4.91633336E-04
 1.11100536E+00  7.13598011E-03
 1.09022888E+00  1.24745351E-02
 1.07965317E+00  1.41380680E-02
 1.08610773E+00  1.16260336E-02
 1.10617683E+00  6.23220150E-03
 1.12837713E+00  1.31893248E-03
 1.14544983E+00 -1.22082097E-03
 1.15304472E+00 -1.48620658E-03
 1.15083847E+00 -1.48596162E-04
 1.14495517E+00  8.14527958E-04
 1.13712984E+00  5.70649099E-04
 1.12581849E+00  4.54873952E-05
 1.11400232E+00 -1.62710778E-04
 1.10473885E+00  8.94130590E-04
 1.10191657E+00  3.60328551E-03
 1.11059097E+00  7.01707047E-03
 1.12831837E+00  1.03936774E-02
 1.14745669E+00  1.29235277E-02
 1.16288027E+00  1.37973493E-02
 1.17052313E+00  1.28991312E-02
 1.16943240E+00  1.02360289E-02
 1.16324087E+00  6.02072324E-03
 1.15278459E+00  8.00752719E-04
 1.13745545E+00 -4.70953956E-03
 1.12020395E+00 -9.22025080E-03
 1.10438382E+00 -1.11561262E-02
 1.09402324E+00 -9.40335653E-03
 1.09365073E+00 -3.73157913E-03
 1.10221413E+00  4.25951805E-03
 1.11465112E+00  1.15398447E-02
 1.12768577E+00  1.57703801E-02
 1.13877601E+00  1.57841663E-02
 1.14713122E+00  1.22540027E-02
 1.15470474E+00  7.75950412E-03
 1.16051786E+00  3.85681843E-03
 1.16135134E+00  9.50353533E-04
 1.15549009E+00 -7.60186552E-04
 1.14124586E+00 -2.01348642E-03
 1.11910777E+00 -2.60379775E-03
 1.09320142E+00 -1.29172451E-03
 1.06877386E+00  2.02696069E-03
 1.05208378E+00  7.02326637E-03
 1.04878141E+00  1.29339215E-02
 1.06118015E+00  1.79551394E-02
 1.08680485E+00  2.05218577E-02
 1.11893028E+00  1.94771088E-02
 1.15076425E+00  1.38778762E-02
 1.17621367E+00  4.09411193E-03
 1.18984828E+00 -7.36960642E-03
 1.18874589E+00 -1.66871789E-02
 1.17025072E+00 -2.06358452E-02
 1.13433771E+00 -1.75079643E-02
 1.09031478E+00 -8.50070106E-03
 1.05301255E+00  2.49629267E-03
 1.03510945E+00  1.26221703E-02
 1.04453312E+00  2.01422375E-02
 1.07660089E+00  2.36298570E-02
 1.11526385E+00  2.31281926E-02
 1.14932419E+00  1.79879315E-02
 1.17231823E+00  7.40080682E-03
 1.18036487E+00 -6.05267877E-03
 1.17659520E+00 -1.80620508E-02
 1.16015841E+00 -2.47801048E-02
 1.12814772E+00 -2.30813211E-02
 1.08936346E+00 -1.37303811E-02
 1.05738510E+00 -1.05573877E-03
 1.04416649E+00  1.19735370E-02
 1.05921740E+00  2.31204049E-02
 1.09628301E+00  2.99927272E-02
 1.13610178E+00  3.17740380E-02
 1.16626886E+00  2.69104139E-02
 1.18006986E+00  1.41864947E-02
 1.17649366E+00 -2.57692758E-03
 1.16449986E+00 -1.68402343E-02
 1.14674001E+00 -2.33662673E-02
 1.12096260E+00 -1.88270336E-02
 1.09337726E+00 -5.73549990E-03
 1.07134834E+00  8.13766789E-03
 1.06277309E+00  1.79396881E-02
 1.07630443E+00  2.16241203E-02
 1.10687682E+00  1.88424909E-02
 1.13943263E+00  1.29423738E-02
 1.16383022E+00  5.16885902E-03
 1.17293903E+00 -4.98515235E-03
 1.16582640E+00 -1.39486567E-02
 1.15049311E+00 -1.73663074E-02
 1.12956202E+00 -1.21097847E-02
 1.10228496E+00  3.23564852E-03
 1.07402246E+00  2.18548690E-02
 1.05093194E+00  3.83329057E-02
 1.04247016E+00  7.37696399E-02
 1.06211015E+00  1.45169219E-01
 1.11667176E+00  1.95212085E-01
 1.19344331E+00  1.48817036E-01
 1.23567998E+00  4.00368905E-02
 1.18308868E+00 -4.73523263E-02
 1.08034346E+00 -9.19331502E-02
 1.02117604E+00 -8.84736514E-02
 9.98360079E-01 -4.08604859E-02
 9.76028737E-01  7.75777783E-03
 9.96226561E-01  5.04641745E-02
 1.08030524E+00  1.02380485E-01
 1.15156930E+00  1.14935149E-01
 1.13348713E+00  4.54756768E-02
 1.06461677E+00 -4.38469665E-02
 1.02574636E+00 -6.99906736E-02
 1.01288118E+00 -6.03169889E-02
 9.99882410E-01 -7.38391235E-02
 9.96539705E-01 -7.33210175E-02
 9.97705319E-01 -1.71783243E-02
 1.01252468E+00  4.10277216E-02
 1.07170297E+00  4.58463287E-02
 1.15106563E+00  2.52471284E-02
 1.19992493E+00  2.13462451E-02
 1.20764866E+00  1.89691522E-02
 1.18051485E+00 -1.03216526E-03
 1.14081892E+00 -1.70657918E-02
 1.12688211E+00 -1.40953915E-02
 1.11818935E+00 -1.00275486E-02
 1.06769589E+00 -1.97798057E-02
 1.01558508E+00 -2.54187764E-02
 1.02374183E+00 -5.08080699E-03
 1.06472607E+00  2.36934533E-02
 1.09381762E+00  3.33893656E-02
 1.12465046E+00  3.15922360E-02
 1.16822342E+00  3.22726412E-02
 1.19526598E+00  2.66654933E-02
 1.18489198E+00  8.48868777E-03
 1.15189346E+00 -1.35282192E-02
 1.11928175E+00 -3.14255580E-02
 1.09626418E+00 -4.07219740E-02
 1.08865927E+00 -3.68102387E-02
 1.09730100E+00 -2.22414099E-02
 1.11104528E+00 -6.29507415E-03
 1.12610030E+00  5.48241902E-03
 1.14512874E+00  1.09034139E-02
 1.16199331E+00  1.03806380E-02
 1.16997755E+00  8.93889801E-03
 1.16271166E+00  8.11826301E-03
 1.13373106E+00  6.05446178E-03
 1.09232254E+00  3.66767500E-03
 1.05866376E+00  1.55553490E-03
 1.04583102E+00  1.00402862E-03
 1.06041604E+00  4.80985165E-03
 1.09695823E+00  1.11121416E-02
 1.13639318E+00  1.51746333E-02
 1.16754590E+00  1.44010674E-02
 1.18711979E+00  7.42112403E-03
 1.19222953E+00 -3.70744279E-03
 1.18678754E+00 -1.32439108E-02
 1.17098006E+00 -1.81953092E-02
 1.14112244E+00 -1.82781397E-02
 1.10494021E+00 -1.44149260E-02
 1.07480748E+00 -1.00742036E-02
 1.06064649E+00 -6.84558569E-03
 1.07018321E+00 -3.67131434E-03
 1.09626606E+00  1.65813352E-04
 1.11979187E+00  6.15147648E-03
 1.12993945E+00  1.45153820E-02
 1.12416867E+00  2.30218310E-02
 1.10996424E+00  2.93263637E-02
 1.10652848E+00  3.07693258E-02
 1.12228508E+00  2.56733688E-02
 1.15255540E+00  1.49245809E-02
 1.18714223E+00  1.48334146E-03
 1.20683956E+00 -1.00296412E-02
 1.20108601E+00 -1.58660977E-02
 1.17366319E+00 -1.45844199E-02
 1.13392181E+00 -7.47786614E-03
 1.09945065E+00  1.46078446E-03
 1.08263370E+00  9.36700314E-03
 1.08428538E+00  1.50291219E-02
 1.10046915E+00  1.76484605E-02
 1.12019876E+00  1.79157451E-02
 1.13618131E+00  1.55853532E-02
 1.14861810E+00  9.66238555E-03
 1.15685610E+00  1.97581961E-03
 1.16263926E+00 -4.42707036E-03
 1.16527899E+00 -6.96061797E-03
 1.15997660E+00 -3.56934007E-03
 1.14811576E+00  4.03215992E-03
 1.13427423E+00  1.10876214E-02
 1.12255691E+00  1.48438659E-02
 1.11843597E+00  1.43982688E-02
 1.12242202E+00  1.09060741E-02
 1.13022543E+00  8.27095065E-03
 1.14005933E+00  8.16582074E-03
 1.15036520E+00  9.79325105E-03
 1.15821346E+00  1.23406719E-02
 1.16203593E+00  1.37074651E-02
 1.15924228E+00  1.30209228E-02
 1.14766217E+00  1.14948841E-02
 1.13147285E+00  9.68053485E-03
 1.11841321E+00  8.30532312E-03
 1.11396820E+00  7.94353577E-03
 1.12099932E+00  8.03756611E-03
 1.13616903E+00  8.43815613E-03
 1.15032593E+00  9.18761346E-03
 1.15838469E+00  1.00671901E-02
 1.15959248E+00  1.11481954E-02
 1.15568566E+00  1.22367282E-02
 1.15269271E+00  1.28290053E-02
 1.15301145E+00  1.25779197E-02
 1.15435663E+00  1.11683183E-02
 1.15494949E+00  8.53856120E-03
 1.15147372E+00  5.02037803E-03
 1.14264595E+00  1.06280334E-03
 1.13120705E+00 -2.63080534E-03
 1.11951934E+00 -4.94440279E-03
 1.11054214E+00 -4.73704287E-03
 1.10697791E+00 -1.36402535E-03
 1.10924293E+00  4.82609224E-03
 1.11733069E+00  1.16375846E-02
 1.13036197E+00  1.56483203E-02
 1.14645869E+00  1.45163305E-02
 1.16324272E+00  7.77180422E-03
 1.17628286E+00 -2.12019031E-03
 1.18023387E+00 -1.01471601E-02
 1.17143647E+00 -1.30030246E-02
 1.14937119E+00 -9.87949111E-03
 1.12003339E+00 -2.44086278E-03
 1.09449959E+00  4.80435418E-03
 1.08141416E+00  9.25033891E-03
 1.08528939E+00  1.08479348E-02
 1.10413291E+00  1.01869960E-02
 1.12894380E+00  9.53709937E-03
 1.15353227E+00  9.66752264E-03
 1.17457761E+00  9.13286687E-03
 1.18777156E+00  7.23034766E-03
 1.19142725E+00  3.12889322E-03
 1.18275820E+00 -3.04912086E-03
 1.15919063E+00 -9.09159575E-03
 1.12811443E+00 -1.26173385E-02
 1.10250143E+00 -1.12342101E-02
 1.09241572E+00 -3.55237408E-03
 1.10402485E+00  9.10901341E-03
 1.13186392E+00  2.22654771E-02
 1.15983892E+00  2.93943489E-02
 1.17755650E+00  2.59640946E-02
 1.18015217E+00  1.14390842E-02
 1.16613367E+00 -8.94854100E-03
 1.14172084E+00 -2.51224528E-02
 1.10998660E+00 -3.02552398E-02
 1.07210295E+00 -2.25614509E-02
 1.03962037E+00 -5.42812226E-03
 1.02703399E+00  1.19041384E-02
 1.04490504E+00  2.36115765E-02
 1.09744310E+00  2.84594366E-02
 1.16767949E+00  2.59493187E-02
 1.22291441E+00  1.89577832E-02
 1.24100543E+00  8.74319951E-03
 1.21359647E+00 -5.46403476E-03
 1.15264467E+00 -1.92384970E-02
 1.09149317E+00 -2.63339658E-02
 1.05083165E+00 -2.21266613E-02
 1.03594652E+00 -3.88356791E-03
 1.04620234E+00  2.23017581E-02
 1.06694657E+00  4.35179996E-02
 1.09233487E+00  5.12994086E-02
 1.12717126E+00  4.23212026E-02
 1.16420360E+00  2.06362390E-02
 1.19433837E+00 -1.43866449E-03
 1.20797938E+00 -1.66181105E-02
 1.19288031E+00 -2.34318287E-02
 1.15573919E+00 -2.17034963E-02
 1.11707265E+00 -1.60293201E-02
 1.09025523E+00 -8.00275138E-03
 1.08454941E+00  4.50451143E-03
 1.09935603E+00  1.83407646E-02
 1.12082029E+00  2.89735022E-02
 1.14303058E+00  3.23694398E-02
 1.16545022E+00  2.42190907E-02
 1.18112836E+00  7.76562640E-03
 1.18530704E+00 -7.96700744E-03
 1.17230421E+00 -1.73095436E-02
 1.13665215E+00 -1.71617849E-02
 1.09073802E+00 -8.73031116E-03
 1.05764624E+00  1.13357516E-03
 1.05234295E+00  9.17044265E-03
 1.08075355E+00  1.53198388E-02
 1.12972932E+00  1.81043478E-02
 1.16846120E+00  1.78351992E-02
 1.17931986E+00  1.37781996E-02
 1.16045826E+00  4.03123859E-03
 1.12270626E+00 -7.59111904E-03
 1.09360420E+00 -1.44439357E-02
 1.08825008E+00 -1.24123675E-02
 1.10458412E+00  4.21595103E-05
 1.13661027E+00  1.71995396E-02
 1.16743812E+00  2.73609047E-02
 1.18653387E+00  2.40819229E-02
 1.19459450E+00  7.41227276E-03
 1.18608736E+00 -1.53158592E-02
 1.15802399E+00 -2.92528811E-02
 1.11252640E+00 -2.59045863E-02
 1.05656995E+00 -5.95039924E-03
 1.02150876E+00  2.31430434E-02
 1.04186655E+00  4.58071720E-02
 1.10173842E+00  5.23108955E-02
 1.15767257E+00  4.23473131E-02
 1.19471149E+00  2.01533700E-02
 1.20857547E+00 -3.02409995E-03
 1.19785490E+00 -1.99585846E-02
 1.17783301E+00 -3.02995642E-02
 1.14192578E+00 -3.29027230E-02
 1.07643355E+00 -2.94164074E-02
 1.02471262E+00 -2.01708538E-02
 1.03868428E+00 -2.84259068E-03
 1.09150476E+00  1.80209382E-02
 1.12880483E+00  3.44695958E-02
 1.15069557E+00  4.04656358E-02
 1.16960629E+00  3.15131844E-02
 1.17714454E+00  1.19468689E-02
 1.17859243E+00 -6.38597673E-03
 1.17886413E+00 -1.62959852E-02
 1.16912979E+00 -1.51734200E-02
 1.15171985E+00 -5.61538152E-03
 1.13481404E+00  2.90187082E-03
 1.12452111E+00  6.02173370E-03
 1.12873061E+00  5.06604532E-03
 1.14326696E+00  1.23857996E-03
 1.15392664E+00 -1.15806531E-03
 1.15406493E+00 -6.35409876E-04
 1.14232766E+00 -1.38266227E-04
 1.12394640E+00  2.55628156E-04
 1.11312690E+00  8.58358208E-04
 1.11639105E+00  1.72965620E-03
 1.13146587E+00  4.57025093E-03
 1.15361213E+00  8.24780188E-03
 1.17204496E+00  9.61188000E-03
 1.18018878E+00  7.42119091E-03
 1.17897043E+00  1.47569224E-03
 1.16957975E+00 -6.11487016E-03
 1.15636804E+00 -1.07445932E-02
 1.14263921E+00 -9.88935624E-03
 1.12813835E+00 -3.56961041E-03
 1.11557919E+00  5.93363304E-03
 1.10834058E+00  1.36467406E-02
 1.10915258E+00  1.64412515E-02
 1.12072990E+00  1.40834173E-02
 1.13980435E+00  8.13651217E-03
 1.15857493E+00  2.59373470E-03
 1.17128232E+00 -1.89379977E-04
 1.17412666E+00 -4.46047170E-04
 1.16800973E+00  1.10162093E-03
 1.15912911E+00  2.34581066E-03
 1.15086325E+00  2.41662311E-03
 1.14430400E+00  2.50720012E-03
 1.14133568E+00  3.25238829E-03
 1.14186816E+00  5.44990408E-03
 1.14701024E+00  9.15591844E-03
 1.15850774E+00  1.26820126E-02
 1.17203546E+00  1.43267779E-02
 1.18014933E+00  1.24478437E-02
 1.17736490E+00  6.18504067E-03
 1.16034586E+00 -3.17291026E-03
 1.13273324E+00 -1.20255285E-02
 1.10462270E+00 -1.53531885E-02
 1.08297348E+00 -9.74619261E-03
 1.07189572E+00  4.94224449E-03
 1.07394233E+00  2.41885417E-02
 1.08720811E+00  3.96021554E-02
 1.11088788E+00  4.52761805E-02
 1.14405934E+00  3.92995832E-02
 1.17796548E+00  2.40741020E-02
 1.20054456E+00  6.86414776E-03
 1.20203978E+00 -7.56122109E-03
 1.17682520E+00 -1.77163493E-02
 1.13237005E+00 -2.22587077E-02
 1.08700261E+00 -2.22002234E-02
 1.05420614E+00 -1.71802690E-02
 1.04197663E+00 -5.36765375E-03
 1.05167049E+00  1.04283209E-02
 1.07475620E+00  2.51958606E-02
 1.10682852E+00  3.44682406E-02
 1.14601936E+00  3.40380992E-02
 1.18166172E+00  2.47597107E-02
 1.20230447E+00  1.20211378E-02
 1.19922768E+00 -8.35006988E-04
 1.16967650E+00 -1.15045995E-02
 1.13443322E+00 -1.80113134E-02
 1.12024562E+00 -2.06511485E-02
 1.11151863E+00 -1.81027603E-02
 1.07986456E+00 -8.42898790E-03
 1.05409542E+00  5.68030019E-03
 1.07505795E+00  1.93638852E-02
 1.11987537E+00  2.82579408E-02
 1.15114052E+00  2.84575251E-02
 1.17570181E+00  2.05938609E-02
 1.20164850E+00  9.45572864E-03
 1.20707328E+00 -2.11747412E-03
 1.17818191E+00 -1.21986720E-02
 1.13237819E+00 -1.83450960E-02
 1.09499386E+00 -1.97799929E-02
 1.07929691E+00 -1.48613476E-02
 1.09151209E+00 -2.20474501E-03
 1.12374483E+00  1.38034232E-02
 1.15170303E+00  2.57451715E-02
 1.16263537E+00  2.82291185E-02
 1.15715589E+00  1.85797569E-02
 1.14067803E+00  1.22555409E-03
 1.12902628E+00 -1.32958412E-02
 1.12936245E+00 -1.88210044E-02
 1.13648912E+00 -1.42289536E-02
 1.14771560E+00 -2.99663049E-03
 1.15646786E+00  5.57911421E-03
 1.15716100E+00  6.93198115E-03
 1.14898498E+00  2.63040465E-03
 1.12243130E+00 -4.20427554E-03
 1.07635795E+00 -6.82519354E-03
 1.05161912E+00 -2.00111135E-03
 1.09165609E+00  7.57764230E-03
 1.15868127E+00  1.85243562E-02
 1.18359903E+00  2.53639218E-02
 1.18009520E+00  2.47323990E-02
 1.18711589E+00  1.82366799E-02
 1.18465243E+00  9.13047994E-03
 1.15579133E+00  2.62268506E-03
 1.12090412E+00  2.06832051E-03
 1.09691773E+00  6.39669103E-03
 1.09850632E+00  1.16818027E-02
 1.13676875E+00  1.14696920E-02
 1.17508594E+00  2.23944737E-03
 1.15895431E+00 -1.42046495E-02
 1.10582083E+00 -3.16543794E-02
 1.06803312E+00 -4.00380342E-02
 1.04976643E+00 -3.35348369E-02
 1.04784742E+00 -1.35561892E-02
 1.07673767E+00  1.18800805E-02
 1.12639320E+00  2.86236866E-02
 1.16556255E+00  2.77590859E-02
 1.17236471E+00  9.31292304E-03
 1.16455385E+00 -1.87548093E-02
 1.17560011E+00 -4.03163840E-02
 1.18247597E+00 -4.50952860E-02
 1.14563768E+00 -3.23487200E-02
 1.09211566E+00 -7.48016618E-03
 1.06536088E+00  1.61241775E-02
 1.06715485E+00  3.03417780E-02
 1.09317081E+00  3.52547471E-02
 1.13980801E+00  3.19035510E-02
 1.18358956E+00  2.56911398E-02
 1.20528991E+00  1.89756567E-02
 1.20089061E+00  8.94304482E-03
 1.17695763E+00 -2.84378002E-03
 1.15237180E+00 -1.37947057E-02
 1.13698079E+00 -2.12510315E-02
 1.12927260E+00 -2.07514182E-02
 1.12883338E+00 -1.34775451E-02
 1.12980580E+00 -4.90174129E-03
 1.13077478E+00  1.86194637E-03
 1.13751560E+00  4.58275084E-03
 1.14692830E+00  3.64908336E-03
 1.15269797E+00  3.10962560E-03
 1.15081319E+00  4.15672657E-03
 1.13705937E+00  5.75023586E-03
 1.11763588E+00  7.73290402E-03
 1.10696262E+00  8.78199314E-03
 1.11249679E+00  8.66648033E-03
 1.13513626E+00  8.74156791E-03
 1.16687557E+00  8.07361341E-03
 1.18986622E+00  4.93398458E-03
 1.19380340E+00 -1.18565043E-03
 1.17819608E+00 -1.01408449E-02
 1.14877282E+00 -1.90300507E-02
 1.12029100E+00 -2.28007600E-02
 1.10213376E+00 -1.87124819E-02
 1.09524270E+00 -6.87188017E-03
 1.09963586E+00  8.97733025E-03
 1.11036162E+00  2.15556463E-02
 1.12470270E+00  2.60029298E-02
 1.14390613E+00  2.12412304E-02
 1.16272416E+00  9.78561603E-03
 1.17388740E+00 -1.72265983E-03
 1.17189546E+00 -8.96702365E-03
 1.15291387E+00 -1.10645246E-02
 1.12475024E+00 -8.21767959E-03
 1.10390214E+00 -3.31330569E-03
 1.10091707E+00  2.24349838E-03
 1.11956173E+00  8.97905948E-03
 1.15278167E+00  1.45992976E-02
 1.18215236E+00  1.62667792E-02
 1.19678363E+00  1.18121998E-02
 1.19472878E+00 -2.39621182E-04
 1.17828434E+00 -1.56919075E-02
 1.15810551E+00 -2.63668802E-02
 1.13978201E+00 -2.70957490E-02
 1.12225271E+00 -1.62137863E-02
 1.10900206E+00  2.06946625E-03
 1.10265798E+00  1.77369584E-02
 1.10634446E+00  2.48422586E-02
 1.12490610E+00  2.25298916E-02
 1.15315820E+00  1.34485256E-02
 1.17935567E+00  5.26933727E-03
 1.19517983E+00  1.99284530E-03
 1.19480606E+00  2.52453230E-03
 1.18044788E+00  5.38707898E-03
 1.16287983E+00  6.61289608E-03
 1.14792749E+00  4.55771798E-03
 1.13729536E+00  1.63939048E-03
 1.13237841E+00 -9.28154374E-04
 1.13044622E+00 -1.64335113E-03
 1.13190923E+00  2.15134927E-04
 1.14015137E+00  2.69624934E-03
 1.15223486E+00  4.42494071E-03
 1.16293027E+00  4.33779744E-03
 1.16804607E+00  1.51441342E-03
 1.16365025E+00 -3.16251217E-03
 1.15306377E+00 -7.63555583E-03
 1.14540017E+00 -9.28430032E-03
 1.14541740E+00 -6.16021607E-03
 1.15411969E+00  1.80538744E-03
 1.16828980E+00  1.21874394E-02
 1.17913636E+00  2.06095090E-02
 1.18215685E+00  2.40426496E-02
 1.17784497E+00  2.16391905E-02
 1.16743067E+00  1.47443194E-02
 1.15545084E+00  7.20875721E-03
 1.14464657E+00  1.62760022E-03
 1.13458848E+00 -1.08730576E-03
 1.12723283E+00  7.72804708E-05
 1.12457502E+00  4.88033665E-03
 1.12811522E+00  1.32034805E-02
 1.13957870E+00  2.48496532E-02
 1.15601863E+00  3.59815237E-02
 1.17111160E+00  4.10319999E-02
 1.18017949E+00  3.62876217E-02
 1.18006763E+00  2.08090051E-02
 1.17148394E+00  2.11846549E-04
 1.15948481E+00 -1.47789910E-02
 1.14732056E+00 -1.74190759E-02
 1.13691433E+00 -6.46612793E-03
 1.13108898E+00  1.22606372E-02
 1.13113572E+00  2.59423025E-02
 1.13861099E+00  2.71369271E-02
 1.15425606E+00  1.58441414E-02
 1.17206749E+00 -2.66951494E-03
 1.18243030E+00 -1.64191117E-02
 1.17891988E+00 -1.86424795E-02
 1.15976970E+00 -1.03891462E-02
 1.13327299E+00  4.77314548E-03
 1.11593326E+00  1.83708741E-02
 1.11762641E+00  2.53115777E-02
 1.13943658E+00  2.65117775E-02
 1.17270939E+00  2.22595981E-02
 1.19841180E+00  1.48652757E-02
 1.20508936E+00  5.89820999E-03
 1.19191366E+00 -5.52253787E-03
 1.16405223E+00 -1.61319538E-02
 1.13585137E+00 -2.08796794E-02
 1.11634557E+00 -1.64403625E-02
 1.10639161E+00 -9.26286946E-04
 1.10819107E+00  2.08330123E-02
 1.12014534E+00  3.85353335E-02
 1.14120091E+00  4.51765724E-02
 1.17181015E+00  3.75838234E-02
 1.20126908E+00  1.81474524E-02
 1.21341485E+00 -4.11369911E-03
 1.19747064E+00 -2.30549885E-02
 1.14968436E+00 -3.54711472E-02
 1.08488009E+00 -3.69918424E-02
 1.03310418E+00 -2.60690634E-02
 1.01453182E+00 -1.80772614E-03
 1.03645490E+00  3.44391695E-02
 1.08999892E+00  6.94313641E-02
 1.14778777E+00  8.40970064E-02
 1.19240368E+00  6.72370089E-02
 1.21849079E+00  1.98781517E-02
 1.22186479E+00 -3.33949174E-02
 1.20807413E+00 -5.66578430E-02
 1.17812749E+00 -4.99709661E-02
 1.12841600E+00 -3.64118862E-02
 1.07309437E+00 -1.88133996E-02
 1.03381468E+00  3.08969722E-03
 1.02759825E+00  3.01511283E-02
 1.06594606E+00  6.96133597E-02
 1.13458313E+00  9.31312772E-02
 1.19812985E+00  6.26060913E-02
 1.23347153E+00  8.93421194E-03
 1.23018407E+00 -1.39617397E-02
 1.19327207E+00 -1.84192304E-02
 1.14826722E+00 -3.41353755E-02
 1.10851033E+00 -4.68522256E-02
 1.07515573E+00 -4.26004386E-02
 1.05536534E+00 -2.57796056E-02
 1.05058525E+00  4.16694396E-03
 1.06584084E+00  3.38404660E-02
 1.11012933E+00  3.92367026E-02
 1.16988107E+00  2.64849638E-02
 1.21885287E+00  1.60716561E-02
 1.23801138E+00  5.94710398E-03
 1.21450233E+00 -9.11947097E-03
 1.15765254E+00 -2.12623103E-02
 1.09860419E+00 -2.59181637E-02
 1.05803145E+00 -2.04322661E-02
 1.04825386E+00 -3.34045716E-04
 1.07988727E+00  2.77058029E-02
 1.14158565E+00  4.91868339E-02
 1.19585723E+00  5.44661667E-02
 1.20753015E+00  3.86437424E-02
 1.19536635E+00  6.90307127E-03
 1.20220764E+00 -2.49176452E-02
 1.20326577E+00 -4.66926243E-02
 1.15538850E+00 -5.38293343E-02
 1.08827362E+00 -4.25509038E-02
 1.04714575E+00 -1.57763581E-02
 1.03880177E+00  2.32946636E-02
 1.06666838E+00  6.91317082E-02
 1.12487738E+00  9.97312045E-02
 1.18178964E+00  9.25788165E-02
 1.21507829E+00  5.52447199E-02
 1.21831959E+00  1.24399356E-02
 1.19502551E+00 -2.26083325E-02
 1.16433337E+00 -4.09942168E-02
 1.13532042E+00 -4.11549942E-02
 1.10594321E+00 -3.62137075E-02
 1.08244709E+00 -2.95415283E-02
 1.06900379E+00 -1.64612847E-02
 1.07147782E+00  1.47191118E-04
 1.09900954E+00  1.81597265E-02
 1.14181696E+00  3.03459558E-02
 1.17855199E+00  2.64907570E-02
 1.19579696E+00  1.84090202E-02
 1.18690771E+00  2.68236353E-02
 1.16321065E+00  4.93864321E-02
 1.15188772E+00  7.07008976E-02
 1.16292875E+00  7.30887196E-02
 1.18591474E+00  3.47586486E-02
 1.19114133E+00 -4.26991680E-02
 1.14414735E+00 -1.29141098E-01
 1.07593839E+00 -1.86175406E-01
 1.04837458E+00 -1.78095338E-01
 1.03913797E+00 -1.14716537E-01
 1.00416297E+00 -4.40630623E-02
 9.86465744E-01  1.47714245E-02
 1.03458309E+00  5.54858189E-02
 1.11277762E+00  6.42552324E-02
 1.17036375E+00  5.10869991E-02
 1.20546932E+00  3.90422950E-02
 1.22302108E+00  4.23601649E-02
 1.21929862E+00  5.16320776E-02
 1.20840408E+00  4.20408426E-02
 1.20210315E+00  1.76364942E-02
 1.19710370E+00 -6.00508562E-03
 1.18695659E+00 -4.16579354E-02
 1.16094400E+00 -9.51569755E-02
 1.11811583E+00 -1.29647210E-01
 1.07190648E+00 -1.07365729E-01
 1.03896509E+00 -4.86686913E-02
 1.03911441E+00 -2.08735184E-04
 1.08053467E+00  2.42802783E-02
 1.14854169E+00  2.34346912E-02
 1.20596153E+00  4.31943814E-03
 1.21274148E+00 -5.40325105E-03
 1.18545292E+00 -7.61939223E-03
 1.16955840E+00 -2.47562468E-02
 1.14436932E+00 -4.44429885E-02
 1.07732043E+00 -4.78929194E-02
 1.01765190E+00 -3.78421279E-02
 1.02213593E+00 -1.59638384E-02
 1.06741558E+00  1.48728265E-02
 1.11105676E+00  4.11006847E-02
 1.15655106E+00  5.03321682E-02
 1.20585275E+00  3.73183783E-02
 1.22887518E+00  9.95088346E-03
 1.21096767E+00 -1.28451835E-02
 1.18167341E+00 -2.07294206E-02
 1.17418347E+00 -1.25164386E-02
 1.16692346E+00  6.73490289E-03
 1.12497008E+00  2.23331462E-02
 1.08458826E+00  2.71271518E-02
 1.09666404E+00  2.39178858E-02
 1.13723353E+00  1.55996546E-02
 1.16433662E+00  9.54334410E-03
 1.18006093E+00  9.14601063E-03
 1.18943531E+00  1.01807588E-02
 1.18788541E+00  1.06223460E-02
 1.18608175E+00  7.97336861E-03
 1.18988631E+00  8.23180625E-04
 1.19222279E+00 -7.57039889E-03
 1.18791511E+00 -1.49871635E-02
 1.17025705E+00 -1.96502459E-02
 1.13782901E+00 -1.94371343E-02
 1.09945685E+00 -1.43684922E-02
 1.06521165E+00 -4.86500882E-03
 1.04710384E+00  8.32403522E-03
 1.05448442E+00  2.34014394E-02
 1.08714215E+00  3.81275242E-02
 1.13546642E+00  4.88382236E-02
 1.18221423E+00  5.12008650E-02
 1.21310534E+00  4.24667743E-02
 1.22136714E+00  2.27730388E-02
 1.20870782E+00 -2.14865085E-03
 1.18623079E+00 -2.23953709E-02
 1.16084825E+00 -3.06428986E-02
 1.13484948E+00 -2.40511175E-02
 1.11382740E+00 -6.86351561E-03
 1.10137184E+00  9.96706232E-03
 1.10289812E+00  1.94705924E-02
 1.12446602E+00  1.98945969E-02
 1.15823333E+00  1.30227944E-02
 1.18799231E+00  6.02532223E-03
 1.20195122E+00  2.10236688E-03
 1.19284089E+00 -3.72876964E-04
 1.16676811E+00 -1.33992107E-03
 1.14255359E+00 -2.09874929E-03
 1.13029763E+00 -2.36786351E-03
 1.13163376E+00  1.03383037E-03
 1.14380453E+00  7.19545321E-03
 1.15521182E+00  1.31356955E-02
 1.16130757E+00  1.70504149E-02
 1.16599596E+00  1.68093501E-02
 1.16951160E+00  1.31823840E-02
 1.17378098E+00  9.84603826E-03
 1.17878029E+00  8.31884522E-03
 1.17955926E+00  8.72265508E-03
 1.17681286E+00  1.05651442E-02
 1.17422109E+00  1.15828025E-02
 1.17347554E+00  1.09908107E-02
 1.17693937E+00  9.73263041E-03
 1.18352293E+00  8.18154420E-03
