# x =
 4.41200450E+01
# y =
 3.25097170E+00
 VARIABLES = u,v
 1.00206414E+00 -1.05107972E-02
 9.98587297E-01 -3.43100886E-03
 1.02760328E+00  2.83541083E-02
 1.07571699E+00  6.33247912E-02
 1.12812543E+00  6.95986306E-02
 1.17516483E+00  5.35276089E-02
 1.20381442E+00  4.13717664E-02
 1.20921031E+00  2.20218317E-02
 1.19688027E+00 -1.85518531E-02
 1.16872094E+00 -5.30453472E-02
 1.12733379E+00 -5.45235712E-02
 1.08333183E+00 -3.63957851E-02
 1.04870836E+00 -2.13006284E-02
 1.03629515E+00 -5.41122876E-03
 1.05595586E+00  1.83702378E-02
 1.09953420E+00  4.02829860E-02
 1.14599760E+00  5.25609438E-02
 1.18028009E+00  5.16326214E-02
 1.19323254E+00  3.22533290E-02
 1.18603855E+00  1.01094853E-03
 1.17270641E+00 -2.58918541E-02
 1.15879383E+00 -3.79121553E-02
 1.14313384E+00 -3.02237133E-02
 1.13025066E+00 -8.45268565E-03
 1.12231232E+00  1.06604673E-02
 1.12379866E+00  1.80887066E-02
 1.14138015E+00  1.33333877E-02
 1.16630265E+00 -2.82869751E-04
 1.18105919E+00 -1.17242228E-02
 1.17516052E+00 -1.58423287E-02
 1.14459067E+00 -1.53096199E-02
 1.10106463E+00 -1.02447494E-02
 1.07075435E+00 -2.82556304E-03
 1.06816069E+00  6.05113755E-03
 1.09426972E+00  1.91704684E-02
 1.13874535E+00  3.33309970E-02
 1.17679204E+00  4.23135192E-02
 1.19423374E+00  4.23587807E-02
 1.19206203E+00  3.07817282E-02
 1.17673919E+00  1.13286309E-02
 1.16482749E+00 -6.37475914E-03
 1.16469158E+00 -1.64460254E-02
 1.17094750E+00 -1.67170553E-02
 1.17687711E+00 -9.00572968E-03
 1.17084782E+00 -5.22797868E-04
 1.14775825E+00  5.10825250E-03
 1.11530514E+00  8.50699263E-03
 1.08413867E+00  1.04920524E-02
 1.06894602E+00  1.42953129E-02
 1.07928555E+00  2.05392064E-02
 1.11246155E+00  2.59657173E-02
 1.15739613E+00  2.87907185E-02
 1.19536853E+00  2.71905827E-02
 1.21280619E+00  2.03469552E-02
 1.20754939E+00  1.04932463E-02
 1.18749760E+00  4.62212788E-05
 1.17043717E+00 -8.38134455E-03
 1.16648248E+00 -1.23377143E-02
 1.17361014E+00 -1.15532354E-02
 1.18271542E+00 -8.15282898E-03
 1.17624362E+00 -5.66090546E-03
 1.14666021E+00 -5.89091523E-03
 1.10170353E+00 -7.43556979E-03
 1.05649872E+00 -4.68556191E-03
 1.03473148E+00  1.01100863E-02
 1.05044544E+00  3.78452997E-02
 1.09981086E+00  6.90393007E-02
 1.16609766E+00  8.13297868E-02
 1.21949604E+00  5.24554469E-02
 1.23858358E+00 -6.07979770E-04
 1.21889365E+00 -3.85767471E-02
 1.16925377E+00 -5.56068941E-02
 1.11401727E+00 -5.98926506E-02
 1.07019827E+00 -4.81374434E-02
 1.04291468E+00 -2.56884562E-02
 1.03696664E+00  7.12102292E-03
 1.04938847E+00  5.56000596E-02
 1.08005746E+00  9.21249494E-02
 1.13156480E+00  8.23974246E-02
 1.18724130E+00  4.32958633E-02
 1.22218550E+00  1.14251765E-02
 1.22089141E+00 -1.10482814E-02
 1.18096392E+00 -3.01110874E-02
 1.13560443E+00 -4.02935614E-02
 1.12828218E+00 -4.58883334E-02
 1.12911082E+00 -4.78352504E-02
 1.08355302E+00 -3.50539763E-02
 1.03732895E+00 -5.45692911E-04
 1.05950422E+00  5.26624549E-02
 1.11269823E+00  9.23394627E-02
 1.13881526E+00  7.81118005E-02
 1.15744993E+00  3.28151140E-02
 1.19083941E+00  7.50736220E-03
 1.20886861E+00 -6.94857991E-03
 1.18827607E+00 -3.47631862E-02
 1.14399151E+00 -5.67543268E-02
 1.09541363E+00 -5.63048666E-02
 1.05101492E+00 -3.88445467E-02
 1.02213364E+00 -5.84010256E-03
 1.01844129E+00  3.83655405E-02
 1.03936356E+00  7.85414038E-02
 1.08437605E+00  9.95352849E-02
 1.14677941E+00  9.20476614E-02
 1.19597478E+00  6.16263533E-02
 1.20391325E+00  2.61752727E-02
 1.19630029E+00 -4.07798424E-03
 1.21340966E+00 -2.57035229E-02
 1.21864839E+00 -3.91965232E-02
 1.15686748E+00 -5.21279004E-02
 1.06795055E+00 -6.08697444E-02
 1.01691423E+00 -4.83235038E-02
 9.97808765E-01  5.74732021E-03
 9.96296251E-01  1.05453635E-01
 1.03567852E+00  1.81160508E-01
 1.11621046E+00  1.42765361E-01
 1.18177316E+00  3.44564382E-02
 1.17961587E+00 -3.56941192E-02
 1.14146516E+00 -6.16053060E-02
 1.12781991E+00 -6.70838384E-02
 1.10781356E+00 -4.72595622E-02
 1.03584371E+00 -2.80638272E-02
 9.77303760E-01 -1.60445670E-02
 1.00736004E+00  1.50725477E-02
 1.08395238E+00  4.87571048E-02
 1.13601541E+00  5.52064337E-02
 1.16548887E+00  3.35728371E-02
 1.18465464E+00 -1.10327070E-02
 1.18070238E+00 -5.46678020E-02
 1.16085842E+00 -5.99961347E-02
 1.13285041E+00 -3.72567591E-02
 1.09000426E+00 -2.18291542E-02
 1.04278867E+00 -5.89513567E-03
 1.01025175E+00  3.02491601E-02
 1.00691501E+00  8.39609247E-02
 1.04477489E+00  1.47598004E-01
 1.11240219E+00  1.80462741E-01
 1.17877572E+00  1.31653988E-01
 1.22381190E+00  4.37997215E-02
 1.23701158E+00  3.57090710E-04
 1.22004663E+00 -1.01158417E-02
 1.19211281E+00 -2.94095906E-02
 1.16200867E+00 -3.86339230E-02
 1.12904233E+00 -2.58225488E-02
 1.09970428E+00 -1.26607108E-02
 1.07739497E+00 -5.77899169E-03
 1.06896564E+00  5.63733264E-03
 1.08525628E+00  2.68406171E-02
 1.11880981E+00  4.06882312E-02
 1.15133029E+00  2.70237728E-02
 1.17048896E+00  5.13162870E-03
 1.16776708E+00  5.57146781E-03
 1.14909082E+00  1.53346564E-02
 1.13470250E+00  1.04655765E-02
 1.13352454E+00  1.51678430E-03
 1.14403127E+00  1.86558274E-03
 1.15983104E+00  2.89428857E-03
 1.16468151E+00 -2.46628368E-03
 1.15130197E+00 -1.36303718E-02
 1.12436941E+00 -3.16749701E-02
 1.08829780E+00 -5.07737388E-02
 1.05275271E+00 -5.79236985E-02
 1.02585102E+00 -4.65981100E-02
 1.01000764E+00 -1.74538440E-02
 1.01255663E+00  2.08033532E-02
 1.03993062E+00  5.09016813E-02
 1.09068506E+00  6.16911581E-02
 1.15383289E+00  5.13228814E-02
 1.19638506E+00  2.55350635E-02
 1.18478271E+00 -6.89801272E-04
 1.14157095E+00 -1.76513771E-02
 1.11715331E+00 -2.39249976E-02
 1.11248553E+00 -2.06191576E-02
 1.10995729E+00 -1.47560399E-02
 1.11589610E+00 -9.57712507E-03
 1.12923842E+00 -2.91318463E-03
 1.14937265E+00  2.62636048E-03
 1.18276123E+00  4.06778825E-03
 1.19861366E+00 -1.38065532E-03
 1.15758249E+00 -1.72500629E-02
 1.08499259E+00 -3.77406369E-02
 1.03221413E+00 -5.08203296E-02
 1.00487503E+00 -4.91837554E-02
 9.95830186E-01 -3.00596805E-02
 1.01140926E+00  2.03440102E-04
 1.04266673E+00  2.61627766E-02
 1.08040525E+00  3.87265425E-02
 1.12627575E+00  3.61764584E-02
 1.17169845E+00  2.17382906E-02
 1.20430892E+00  6.33646683E-03
 1.21404108E+00 -3.99807477E-03
 1.19254982E+00 -9.84205133E-03
 1.15095101E+00 -1.07610543E-02
 1.11480923E+00 -9.24913010E-03
 1.10067500E+00 -5.97238648E-03
 1.11551116E+00  1.71418447E-03
 1.14947400E+00  1.05531193E-02
 1.17502037E+00  1.48472528E-02
 1.17745462E+00  1.10699068E-02
 1.15662059E+00 -2.77227391E-03
 1.11911841E+00 -2.03529507E-02
 1.08460134E+00 -2.88726119E-02
 1.06367573E+00 -2.11202179E-02
 1.05461799E+00  3.65267167E-03
 1.06025274E+00  3.75585741E-02
 1.07964085E+00  6.37600751E-02
 1.11193677E+00  7.16455694E-02
 1.15896823E+00  5.90879126E-02
 1.20760728E+00  2.97419628E-02
 1.23645459E+00 -4.16975634E-03
 1.23120576E+00 -3.42214912E-02
 1.18528045E+00 -5.75194931E-02
 1.11237070E+00 -6.86403712E-02
 1.04430013E+00 -6.47198004E-02
 1.00278482E+00 -4.31680705E-02
 9.97263865E-01 -2.18542333E-03
 1.02414514E+00  4.68142692E-02
 1.06235719E+00  8.45531661E-02
 1.10021956E+00  9.67850427E-02
 1.13626824E+00  7.62083625E-02
 1.16401941E+00  3.25765710E-02
 1.18154752E+00 -9.12108076E-03
 1.18332107E+00 -3.30101661E-02
 1.16011560E+00 -3.38534847E-02
 1.12208135E+00 -1.58978981E-02
 1.09020058E+00  3.23816276E-03
 1.07931874E+00  1.50929115E-02
 1.09908148E+00  2.16752482E-02
 1.13987395E+00  2.19394394E-02
 1.17420958E+00  1.91069241E-02
 1.18677272E+00  1.29101958E-02
 1.17386423E+00 -2.50021029E-03
 1.13940759E+00 -2.17685846E-02
 1.10142713E+00 -3.42507960E-02
 1.06977065E+00 -3.32583911E-02
 1.04527152E+00 -1.41008431E-02
 1.03709992E+00  1.58896760E-02
 1.05165002E+00  3.88796716E-02
 1.09018574E+00  4.48731205E-02
 1.14717575E+00  3.16881138E-02
 1.18763501E+00  5.16717400E-03
 1.17399585E+00 -1.84207111E-02
 1.13328876E+00 -2.99676999E-02
 1.11706578E+00 -2.94696688E-02
 1.10505860E+00 -1.89865863E-02
 1.06306681E+00 -6.92631279E-03
 1.03974203E+00  2.25638664E-03
 1.08412864E+00  1.04210638E-02
 1.13998618E+00  1.54523986E-02
 1.13534949E+00  1.61849548E-02
 1.10956122E+00  1.34282409E-02
 1.12686273E+00  9.38349022E-03
 1.15144037E+00  1.83337670E-02
 1.13733242E+00  5.13264830E-02
 1.12684350E+00  7.95613577E-02
 1.16292385E+00  6.48078857E-02
 1.21089727E+00  3.07264215E-02
 1.22528804E+00  2.09860450E-02
 1.21027270E+00  1.39455406E-02
 1.17820457E+00 -2.44190006E-02
 1.12749858E+00 -6.88940878E-02
 1.07059077E+00 -8.68727230E-02
 1.02315174E+00 -8.10600178E-02
 9.90129876E-01 -5.64646003E-02
 9.77163394E-01 -1.51086083E-02
 9.88035747E-01  2.67089500E-02
 1.02453000E+00  5.35126915E-02
 1.08593252E+00  5.96680453E-02
 1.15633479E+00  4.75665583E-02
 1.21052737E+00  2.82716823E-02
 1.22898234E+00  7.97136357E-03
 1.20155160E+00 -1.25451728E-02
 1.14075593E+00 -2.96827348E-02
 1.07908457E+00 -4.20869294E-02
 1.03875560E+00 -4.58854799E-02
 1.02959107E+00 -3.46679915E-02
 1.04930264E+00 -1.24896216E-02
 1.07815003E+00  1.04485717E-02
 1.10677976E+00  2.62108331E-02
 1.13600290E+00  2.76986864E-02
 1.15748304E+00  1.54548431E-02
 1.16506988E+00 -1.73186445E-03
 1.15095441E+00 -1.90384552E-02
 1.10580588E+00 -3.30832407E-02
 1.04423560E+00 -3.69252789E-02
 9.95844682E-01 -2.61857280E-02
 9.80760081E-01  1.17280397E-03
 1.01014859E+00  4.11781114E-02
 1.07334828E+00  7.05050223E-02
 1.13759162E+00  6.36073316E-02
 1.18345344E+00  3.37682071E-02
 1.20474370E+00  1.26230254E-02
 1.20031708E+00 -1.59903863E-03
 1.18305259E+00 -2.05192202E-02
 1.15752086E+00 -3.52977750E-02
 1.11944900E+00 -4.00510973E-02
 1.07872995E+00 -3.22464531E-02
 1.04843345E+00 -5.91634269E-03
 1.04052555E+00  2.50511506E-02
 1.06702170E+00  3.79219147E-02
 1.11825177E+00  3.69131958E-02
 1.16814797E+00  3.58523107E-02
 1.19950915E+00  2.68817474E-02
 1.20212413E+00  1.54686567E-03
 1.17797938E+00 -2.86489836E-02
 1.14510722E+00 -4.97016536E-02
 1.11191033E+00 -5.40766671E-02
 1.07888170E+00 -3.62600078E-02
 1.05244130E+00 -3.07093055E-03
 1.03555798E+00  2.69248123E-02
 1.03431862E+00  4.23801671E-02
 1.05782142E+00  3.97759804E-02
 1.09791016E+00  2.29617149E-02
 1.13636978E+00  5.91787123E-03
 1.16046913E+00 -4.47162088E-03
 1.16144223E+00 -9.62737313E-03
 1.14477274E+00 -1.01362083E-02
 1.12985099E+00 -1.07223163E-02
 1.12548890E+00 -1.26227146E-02
 1.13057014E+00 -1.14787067E-02
 1.13901775E+00 -8.78311136E-03
 1.13569444E+00 -7.09363201E-03
 1.11604457E+00 -5.19906992E-03
 1.08965702E+00  9.90615596E-04
 1.06943868E+00  2.73763666E-02
 1.07249780E+00  8.11784169E-02
 1.10223831E+00  1.09653592E-01
 1.13730354E+00  4.65090317E-02
 1.13297205E+00 -7.36102797E-02
 1.05248720E+00 -1.67649910E-01
 9.53893409E-01 -2.19145777E-01
 9.33771700E-01 -2.31522168E-01
 9.57305007E-01 -2.02915840E-01
 9.38187933E-01 -1.60939335E-01
 8.97088626E-01 -1.04196835E-01
 8.74405763E-01 -6.66844949E-03
 8.67777056E-01  1.05696542E-01
 8.91102521E-01  1.91257929E-01
 9.37460010E-01  2.38764488E-01
 9.61835554E-01  2.42852702E-01
 9.43613497E-01  2.14090590E-01
 8.88168183E-01  1.87544885E-01
 8.33980430E-01  1.84746394E-01
 8.42287082E-01  2.02199730E-01
 9.02738805E-01  2.02019726E-01
 9.58510524E-01  1.38658193E-01
 1.00148270E+00  6.34350282E-02
 1.03314986E+00  5.93822128E-02
 1.04533500E+00  5.65684546E-02
 1.04752501E+00 -4.77791801E-02
 1.01661620E+00 -1.64478081E-01
 9.19231776E-01 -1.68266399E-01
 8.07294070E-01 -1.23958130E-01
 7.57390341E-01 -1.29694099E-01
 7.52596296E-01 -1.33685434E-01
 7.51693882E-01 -7.43718973E-02
 7.92174895E-01  2.09106360E-03
 9.08884633E-01  4.70295920E-02
 1.04745635E+00  6.21603865E-02
 1.13385364E+00  4.08188235E-02
 1.13744783E+00 -3.27886961E-02
 1.05071300E+00 -1.44293090E-01
 9.15248853E-01 -2.41630442E-01
 8.06093547E-01 -2.73645403E-01
 7.03522780E-01 -2.61475729E-01
 5.52924359E-01 -2.59513484E-01
 4.42936940E-01 -2.46143159E-01
 4.86414497E-01 -1.80202965E-01
 6.28167403E-01 -9.16370261E-02
 7.64304673E-01 -1.92242856E-02
 8.82850215E-01  3.08718068E-02
 9.81728852E-01  5.04572313E-02
 1.04419348E+00  4.34277151E-02
 1.09275401E+00  3.77105968E-02
 1.13554280E+00  5.17756894E-02
 1.15291547E+00  8.84898800E-02
 1.14223620E+00  1.31993093E-01
 1.10327047E+00  1.48026637E-01
 1.04663137E+00  1.24033577E-01
 1.00186969E+00  7.35904262E-02
 9.81981861E-01  2.58635744E-02
 9.88568146E-01  1.93675251E-02
 1.02539075E+00  4.30040610E-02
 1.08175814E+00  4.59952950E-02
 1.13242572E+00  7.45629647E-03
 1.15043464E+00 -6.76438638E-02
 1.11877161E+00 -1.23134012E-01
 1.04816381E+00 -8.18700221E-02
 1.00402386E+00 -9.25801608E-03
 1.04126378E+00 -2.46309443E-02
 1.04033871E+00 -5.52149464E-02
 8.38925864E-01  1.79916125E-02
 5.71036407E-01  1.16167681E-01
 4.71772221E-01  1.27134961E-01
 4.75685384E-01  8.77651233E-02
 4.50167280E-01  5.56435476E-02
 4.95957062E-01  3.37386156E-02
 6.91402001E-01  3.93935446E-02
 8.84758886E-01  6.47581593E-02
 9.26844451E-01  6.33643064E-02
 8.97618973E-01  4.91530720E-02
 9.38601825E-01  6.65343200E-02
 1.03130366E+00  1.08330746E-01
 1.11583341E+00  1.49277673E-01
 1.17464666E+00  1.48727123E-01
 1.15099571E+00  6.29763977E-02
 1.02822678E+00 -3.76807828E-02
 8.61950739E-01 -3.77493066E-02
 6.84572041E-01  1.19444410E-02
 5.42771853E-01  2.54052330E-03
 5.36199045E-01 -2.35707247E-02
 7.16589935E-01  3.16984334E-03
 9.69328685E-01  5.71327511E-02
 1.11509089E+00  1.08930439E-01
 1.15392762E+00  1.28354993E-01
 1.17681096E+00  6.92512729E-02
 1.17403649E+00 -1.37488161E-02
 1.14621742E+00 -1.61988259E-02
 1.13413008E+00  3.34031717E-02
 1.13164715E+00  5.49627791E-02
 1.13721864E+00  6.11111505E-02
 1.16017588E+00  7.06825903E-02
 1.17554271E+00  6.32876719E-02
 1.16148957E+00  4.42623921E-02
 1.14139422E+00  2.77541234E-02
 1.14955964E+00  1.26949821E-02
 1.17210154E+00 -1.09451084E-03
 1.17737448E+00 -1.41198025E-02
 1.16857626E+00 -2.16873962E-02
 1.15297032E+00 -1.60896165E-02
 1.12533558E+00 -4.97140486E-03
 1.09248598E+00  1.93638300E-03
 1.06673868E+00  1.81975058E-02
 1.05654311E+00  6.21903406E-02
 1.07134064E+00  1.25892521E-01
 1.11438236E+00  1.84328126E-01
 1.17220416E+00  2.03703727E-01
 1.21997512E+00  1.53202000E-01
 1.23563948E+00  6.24225686E-02
 1.20070781E+00 -1.56043470E-03
 1.10242022E+00 -2.69488675E-02
 9.59411736E-01 -3.11728852E-02
 8.54260687E-01 -2.01018156E-02
 8.73140982E-01 -1.14244234E-02
 9.63529444E-01  8.68267955E-03
 1.01021465E+00  7.40287744E-02
 1.04047732E+00  1.38080002E-01
 1.11909517E+00  1.31774799E-01
 1.18369797E+00  8.49198538E-02
 1.17683554E+00  5.66525473E-02
 1.15522496E+00  4.04926047E-02
 1.17520718E+00  2.25846857E-02
 1.19490738E+00  1.52862623E-02
 1.16321604E+00  1.56073992E-02
 1.13015771E+00  1.86500015E-02
 1.15953168E+00  3.13034958E-02
 1.21380311E+00  4.72302188E-02
 1.23303115E+00  5.32429450E-02
 1.21854037E+00  4.23425916E-02
 1.17972884E+00  1.29577342E-02
 1.11936875E+00 -1.51657503E-02
 1.06551768E+00 -1.48359773E-02
 1.03854324E+00 -5.99104639E-04
 1.03803377E+00 -3.06961470E-03
 1.06031139E+00 -5.43822783E-03
 1.09203745E+00  1.70946670E-02
 1.12480766E+00  3.80303199E-02
 1.15963310E+00  2.62866892E-02
 1.18880672E+00 -1.54658010E-03
 1.20368931E+00 -2.00990484E-02
 1.19748408E+00 -3.41242732E-02
 1.16360769E+00 -5.02409251E-02
 1.11284288E+00 -6.00108698E-02
 1.06846514E+00 -5.97245571E-02
 1.04666748E+00 -4.96238423E-02
 1.05616321E+00 -2.73917891E-02
 1.08964661E+00  1.17078405E-03
 1.12335832E+00  2.39910668E-02
 1.14408481E+00  3.28952534E-02
 1.14980328E+00  2.41793569E-02
 1.14359396E+00  4.05780352E-03
 1.13936864E+00 -1.21339642E-02
 1.14227842E+00 -1.55786045E-02
 1.14683498E+00 -5.31702176E-03
 1.15281394E+00  1.25509952E-02
 1.15822444E+00  2.32395267E-02
 1.16273148E+00  1.93306401E-02
 1.17102206E+00  3.28585712E-03
 1.17864175E+00 -1.88167806E-02
 1.17621753E+00 -3.44715200E-02
 1.15933041E+00 -3.66832479E-02
 1.12644378E+00 -2.78194481E-02
 1.08546536E+00 -1.21213628E-02
 1.05318740E+00  1.87437917E-03
 1.03997555E+00  8.73491174E-03
 1.04891860E+00  1.00534840E-02
 1.07585945E+00  8.28999217E-03
 1.10724545E+00  8.25115760E-03
 1.13438756E+00  1.24900033E-02
 1.15518625E+00  1.83240311E-02
 1.16833467E+00  2.26087095E-02
 1.17707366E+00  2.10854220E-02
 1.18112790E+00  1.17050469E-02
 1.17557517E+00 -2.74660349E-03
 1.16070446E+00 -1.75617109E-02
 1.13879950E+00 -2.62436738E-02
 1.11387352E+00 -2.43301998E-02
 1.09388919E+00 -1.22038218E-02
 1.08393513E+00  5.56519529E-03
 1.08602223E+00  2.06177067E-02
 1.10176991E+00  2.67322310E-02
 1.12806308E+00  2.20542876E-02
 1.15463152E+00  8.45335073E-03
 1.16808335E+00 -7.66763900E-03
 1.15835229E+00 -2.15680345E-02
 1.12361146E+00 -3.07862186E-02
 1.07834294E+00 -3.10702370E-02
 1.04899305E+00 -2.00126655E-02
 1.05247798E+00  2.08017218E-03
 1.09162824E+00  3.00137499E-02
 1.15114564E+00  4.45802754E-02
 1.19795290E+00  2.69151335E-02
 1.21162473E+00 -7.29636191E-03
 1.18911494E+00 -2.89103418E-02
 1.13857369E+00 -4.85524630E-02
 1.08459904E+00 -8.48246847E-02
 1.04253207E+00 -1.07925567E-01
 1.01442494E+00 -8.44991285E-02
 1.00574148E+00 -3.61585446E-02
 1.01599426E+00  5.76810724E-04
 1.04585824E+00  2.18159656E-02
 1.09836584E+00  3.00881613E-02
 1.15618973E+00  2.26618466E-02
 1.19207674E+00  1.01351610E-02
 1.18988687E+00 -2.42694455E-05
 1.14790200E+00 -1.04133294E-02
 1.09920972E+00 -1.99751020E-02
 1.09132076E+00 -2.84914532E-02
 1.10971215E+00 -3.36731873E-02
 1.11124068E+00 -2.92988111E-02
 1.11610901E+00 -1.79044486E-02
 1.15143481E+00 -7.14351453E-03
 1.17450535E+00 -1.74010021E-03
 1.14275069E+00 -5.62804956E-03
 1.08760490E+00 -1.61923809E-02
 1.05829338E+00 -2.41216582E-02
 1.05422553E+00 -2.51512405E-02
 1.06292412E+00 -1.90785164E-02
 1.08816851E+00 -7.32107370E-03
 1.12029511E+00  4.21452960E-03
 1.14804448E+00  1.23329698E-02
 1.17225303E+00  1.70565454E-02
 1.18725392E+00  1.53921771E-02
 1.18526517E+00  5.22053026E-03
 1.16171549E+00 -1.29118037E-02
 1.11386525E+00 -3.52940875E-02
 1.05483730E+00 -4.77411974E-02
 1.00923270E+00 -3.67564750E-02
 9.94192085E-01 -1.74946147E-02
 1.01757842E+00 -1.45491699E-02
 1.06931326E+00 -1.43321647E-02
 1.12158080E+00  6.46529079E-03
 1.15642953E+00  2.72513752E-02
 1.16756945E+00  2.04795404E-02
 1.15613360E+00  4.11369629E-05
 1.13658741E+00 -1.25558940E-02
 1.11552245E+00 -2.01952619E-02
 1.09104362E+00 -2.63421466E-02
 1.07052338E+00 -2.61029767E-02
 1.06115491E+00 -2.10515601E-02
 1.07001925E+00 -1.36340661E-02
 1.10434834E+00 -2.71969801E-03
 1.15107769E+00  8.64458175E-03
 1.18387229E+00  1.53297237E-02
 1.18598901E+00  1.33392988E-02
 1.15064054E+00 -3.73670001E-05
 1.09097357E+00 -2.03561060E-02
 1.03979652E+00 -3.76372197E-02
 1.01632667E+00 -4.55177571E-02
 1.02411371E+00 -4.14779189E-02
 1.05667239E+00 -2.83706658E-02
 1.09118449E+00 -1.52523107E-02
 1.11485618E+00 -6.95874915E-03
 1.12804669E+00 -3.51125007E-03
 1.12665684E+00 -3.90020357E-03
 1.11245985E+00 -3.60535900E-03
 1.08817157E+00 -1.00031864E-03
 1.05676019E+00  1.47072348E-03
 1.04459853E+00  3.51412270E-03
 1.07699258E+00  4.53559503E-03
 1.12526402E+00  4.13137851E-03
 1.14443058E+00  3.47417630E-03
 1.15474403E+00  3.82708202E-04
 1.19097595E+00 -8.68637732E-03
 1.21086316E+00 -2.33834677E-02
 1.16424328E+00 -3.91009356E-02
 1.08732678E+00 -4.34467003E-02
 1.03826539E+00 -2.60871620E-02
 1.02294265E+00 -6.58591375E-03
 1.03637850E+00 -1.32581072E-02
 1.07775414E+00 -2.74735336E-02
 1.12279065E+00 -1.57358157E-02
 1.15312642E+00  4.82914121E-03
 1.16879103E+00  5.94063274E-03
 1.17153893E+00 -4.92173435E-04
 1.17043831E+00  4.15441934E-04
 1.16768684E+00  4.50194827E-04
 1.15488147E+00 -5.13385007E-03
 1.13196942E+00 -1.07772295E-02
 1.10128722E+00 -1.44225935E-02
 1.06728313E+00 -1.65376320E-02
 1.04149782E+00 -1.57403253E-02
 1.02999230E+00 -1.13103949E-02
 1.03392798E+00 -4.01362008E-03
 1.05567064E+00  5.11719322E-03
 1.09267055E+00  1.45164819E-02
 1.13646786E+00  2.19754194E-02
 1.17646769E+00  2.52875888E-02
 1.20166398E+00  2.26836450E-02
 1.20468637E+00  1.39072120E-02
 1.18888511E+00  2.11324982E-03
 1.16591064E+00 -7.27001891E-03
 1.14399304E+00 -1.03036522E-02
 1.12794249E+00 -5.61044094E-03
 1.11952705E+00  3.79907937E-03
 1.11487370E+00  1.10275873E-02
 1.11460767E+00  1.20843185E-02
 1.12242168E+00  6.76591826E-03
 1.13486010E+00 -1.98286394E-03
 1.14640583E+00 -7.39924297E-03
 1.15174168E+00 -5.99211396E-03
 1.14550929E+00  1.21724815E-03
 1.13214328E+00  1.16389631E-02
 1.12323749E+00  1.98094897E-02
 1.12474418E+00  2.25125800E-02
 1.13784517E+00  2.04770111E-02
 1.15747994E+00  1.48817088E-02
 1.17106173E+00  8.62100214E-03
 1.17227594E+00  3.66550917E-03
 1.16208687E+00 -3.70610054E-04
 1.14374413E+00 -3.05007280E-03
 1.12584951E+00 -4.17802676E-03
 1.11377918E+00 -3.58922051E-03
 1.10731427E+00 -5.04576847E-04
 1.10731940E+00  3.63064012E-03
 1.11270951E+00  6.13004048E-03
 1.12248930E+00  5.67592044E-03
 1.13709289E+00  2.49010196E-03
 1.15159316E+00  5.24495297E-04
 1.15866205E+00  6.74920412E-03
 1.15430079E+00  2.56455590E-02
 1.13876205E+00  5.83211466E-02
 1.12304388E+00  1.01625998E-01
 1.12434943E+00  1.40370038E-01
 1.14717698E+00  1.38624177E-01
 1.17744993E+00  6.47618679E-02
 1.17468013E+00 -5.20200725E-02
 1.09919692E+00 -1.44918404E-01
 9.95066331E-01 -1.81111316E-01
 9.46510976E-01 -1.52441444E-01
 9.47414163E-01 -8.05779619E-02
 9.58049225E-01 -2.41614160E-02
 9.98427683E-01  8.27165098E-04
 1.07697800E+00  1.40818715E-02
 1.15128111E+00  1.21522582E-02
 1.18766783E+00  1.10574967E-03
 1.19080433E+00 -3.82162913E-03
 1.17485075E+00 -4.65119920E-03
 1.13172703E+00 -2.88676729E-03
 1.06088944E+00  2.27233664E-03
 1.00942214E+00  1.53911414E-02
 1.02460310E+00  4.42175529E-02
 1.08202958E+00  7.70549880E-02
 1.12810520E+00  9.15553250E-02
 1.15996734E+00  7.71575359E-02
 1.18867592E+00  3.41678696E-02
 1.20183909E+00 -1.35721382E-02
 1.19848849E+00 -3.20289570E-02
 1.17891920E+00 -3.73251925E-02
 1.13334622E+00 -6.55135533E-02
 1.07307124E+00 -8.86819731E-02
 1.02261031E+00 -6.58935754E-02
 9.99609158E-01 -2.35284999E-02
 1.01708975E+00  1.02612190E-03
 1.06667821E+00  1.90870082E-02
 1.11952478E+00  4.40355421E-02
 1.15847068E+00  5.67323313E-02
 1.17619504E+00  4.25399919E-02
 1.17085817E+00  1.33415225E-02
 1.15410372E+00 -1.49037187E-02
 1.12956921E+00 -3.48171922E-02
 1.09385884E+00 -4.00235731E-02
 1.05720353E+00 -3.12109777E-02
 1.03263371E+00 -1.91954192E-02
 1.03151917E+00 -8.59068320E-03
 1.06358993E+00  1.34158179E-03
 1.11602556E+00  9.31996805E-03
 1.15968683E+00  1.68943501E-02
 1.17652806E+00  2.23451568E-02
 1.15962648E+00  2.00886162E-02
 1.11982349E+00  1.15528438E-02
 1.08728904E+00  1.47006014E-03
 1.07769850E+00 -6.96514419E-03
 1.09012472E+00 -1.00077412E-02
 1.11682618E+00 -8.64575635E-03
 1.13657589E+00 -8.45504248E-03
 1.13908339E+00 -1.12095691E-02
 1.12998988E+00 -1.62849134E-02
 1.11365388E+00 -2.24749716E-02
 1.09987624E+00 -2.59912853E-02
 1.09390358E+00 -2.54914000E-02
 1.09028683E+00 -2.26100447E-02
 1.08760019E+00 -1.79847523E-02
 1.08476248E+00 -1.28898849E-02
 1.08106121E+00 -8.30303523E-03
 1.08110204E+00 -3.52292310E-03
 1.08669376E+00  1.43594808E-03
 1.09739793E+00  6.26751015E-03
 1.11355290E+00  1.08756105E-02
 1.13317206E+00  1.44748842E-02
 1.15409281E+00  1.63867927E-02
 1.17458703E+00  1.62063127E-02
 1.19103697E+00  1.35340179E-02
 1.19891545E+00  8.35405947E-03
 1.19292236E+00  8.90492053E-04
 1.16784440E+00 -8.35024548E-03
 1.12242650E+00 -1.82705812E-02
 1.06185191E+00 -2.70856045E-02
 1.00081365E+00 -3.19885499E-02
 9.60518957E-01 -2.98365410E-02
 9.56743356E-01 -1.89804762E-02
 9.94631123E-01 -3.59433695E-04
 1.06232139E+00  2.09375470E-02
 1.13275350E+00  3.67872904E-02
 1.18566707E+00  4.12487912E-02
 1.21121456E+00  3.23555122E-02
 1.20955891E+00  1.40974875E-02
 1.19462181E+00 -4.03435536E-03
 1.17294485E+00 -1.56411364E-02
 1.14370171E+00 -1.87538156E-02
 1.11375819E+00 -1.49910952E-02
 1.08920018E+00 -1.07819886E-02
 1.07888858E+00 -8.99939025E-03
 1.09422864E+00 -8.14337577E-03
 1.12868472E+00 -7.32811153E-03
 1.16390698E+00 -4.01136572E-03
 1.18675224E+00  2.02414298E-03
 1.18686530E+00  7.28128727E-03
 1.16454782E+00  1.02413361E-02
 1.13278875E+00  1.00669398E-02
 1.09670633E+00  6.64681768E-03
 1.05667836E+00  2.93690003E-03
 1.01857809E+00  2.88169215E-03
 9.85941304E-01  1.07513239E-02
 9.64573421E-01  3.02718183E-02
 9.61548869E-01  6.22343110E-02
 9.68754213E-01  1.02962924E-01
 9.71125886E-01  1.44907922E-01
 9.65530546E-01  1.80187348E-01
 9.63226386E-01  2.00982696E-01
 1.00198684E+00  1.99229788E-01
 1.11752955E+00  1.69815160E-01
 1.25617538E+00  1.12172300E-01
 1.32147412E+00  3.46509164E-02
 1.30812146E+00 -3.65893952E-02
 1.25482950E+00 -7.49736335E-02
 1.17302995E+00 -9.47289448E-02
 1.09290520E+00 -1.24758814E-01
 1.03452795E+00 -1.40219245E-01
 9.84131953E-01 -1.04287088E-01
 9.53404175E-01 -4.51800233E-02
 9.63175232E-01 -2.01214718E-03
 1.01286405E+00  4.59492695E-02
 1.09400083E+00  1.16908534E-01
 1.16496495E+00  1.50555461E-01
 1.16764388E+00  8.76942507E-02
 1.10362712E+00 -8.46585010E-03
 1.01966830E+00 -3.60233686E-02
 9.63671182E-01 -2.15756155E-03
 9.78099021E-01  4.10164926E-02
 1.02520606E+00  6.65802836E-02
 1.01644073E+00  3.78169304E-02
 9.74150113E-01 -1.96162341E-02
 9.69001833E-01 -2.48955867E-02
 9.86125247E-01  7.38993671E-03
 1.00637799E+00  1.91443222E-02
 1.05066853E+00  1.76340172E-02
 1.11529920E+00  1.25600896E-02
 1.17445459E+00  4.78198798E-03
 1.20751511E+00  1.66977770E-02
 1.20271022E+00  3.44711369E-02
 1.15969967E+00  2.27850069E-02
 1.09328185E+00  3.09892009E-04
 1.03158724E+00  1.42383933E-03
 9.97315855E-01  1.88511840E-02
 1.00045259E+00  3.88974776E-02
 1.03683761E+00  6.22906820E-02
 1.08664067E+00  8.03426756E-02
 1.13687212E+00  8.13408524E-02
 1.18206611E+00  6.44450394E-02
 1.21107628E+00  3.69069649E-02
 1.21732283E+00  1.13262315E-02
 1.19553766E+00 -4.05508389E-03
 1.14578441E+00 -7.81535238E-03
 1.10019427E+00 -2.76630300E-03
 1.09428305E+00  2.43150804E-03
 1.10091240E+00  3.37832099E-03
 1.07462935E+00  1.86850290E-03
 1.05149630E+00 -7.28973524E-04
 1.08518793E+00 -7.88032780E-04
 1.13476871E+00  2.66846505E-03
 1.14232117E+00  5.90930159E-03
 1.13400489E+00  7.60177786E-03
 1.14867735E+00  6.99060080E-03
 1.16923435E+00  3.70713222E-03
 1.17633136E+00  1.63227192E-04
 1.17500990E+00 -2.11268967E-03
 1.16233320E+00 -2.35951464E-03
 1.13375527E+00  9.59441728E-04
 1.09795817E+00  8.33940287E-03
 1.06638333E+00  1.92785104E-02
 1.05075544E+00  3.27183794E-02
 1.06049478E+00  4.66136179E-02
 1.09579293E+00  5.80382075E-02
 1.14460263E+00  6.31567723E-02
 1.18575812E+00  5.80862164E-02
 1.20271784E+00  4.07527175E-02
 1.18842455E+00  1.27699446E-02
 1.14832910E+00 -1.76217093E-02
 1.10114391E+00 -3.78145316E-02
 1.06016264E+00 -3.90058837E-02
 1.03263708E+00 -1.92167952E-02
 1.02833303E+00  1.25236691E-02
 1.05073704E+00  3.78418104E-02
 1.09994756E+00  4.49013335E-02
 1.16781257E+00  3.14552255E-02
 1.21518308E+00  5.23216006E-03
 1.20077452E+00 -1.53922988E-02
 1.14616629E+00 -2.07977688E-02
 1.10302337E+00 -1.34516905E-02
 1.07291992E+00 -2.13372767E-03
 1.04251978E+00  2.23951021E-03
 1.02725134E+00  1.77047349E-02
 1.03481487E+00  6.88023547E-02
 1.06656394E+00  1.14316515E-01
 1.12639261E+00  9.66232439E-02
 1.18352803E+00  4.50475287E-02
 1.19603654E+00  1.68551816E-02
 1.17685321E+00  2.69384078E-03
 1.16139475E+00 -1.78195994E-02
 1.14255219E+00 -3.03419163E-02
 1.10706168E+00 -2.94653963E-02
 1.07281080E+00 -1.72437952E-02
 1.05618645E+00  1.10602382E-02
 1.06486322E+00  3.68137832E-02
 1.10651328E+00  3.28543023E-02
 1.16508296E+00  1.11447816E-02
 1.20557730E+00 -8.67896449E-04
 1.20646946E+00 -5.28830472E-03
 1.16150307E+00 -1.06674331E-02
 1.08780946E+00 -1.14859081E-02
 1.02667433E+00 -7.69895809E-03
 1.00252229E+00 -1.07855946E-03
 1.01881260E+00  1.21402084E-02
 1.06658761E+00  2.80997529E-02
 1.11684098E+00  3.79288323E-02
 1.15300843E+00  3.62522492E-02
 1.17586824E+00  2.00659287E-02
 1.18185860E+00 -4.93032504E-03
 1.17410152E+00 -2.51012118E-02
 1.15243710E+00 -3.24391435E-02
 1.11002127E+00 -2.49352442E-02
 1.05909038E+00 -6.42705798E-03
 1.02166231E+00  1.15220892E-02
 1.01329681E+00  2.24074072E-02
 1.04431621E+00  2.61931300E-02
 1.10198740E+00  2.37748298E-02
 1.15352650E+00  2.02042976E-02
 1.17933722E+00  1.75034425E-02
 1.17355289E+00  1.30220049E-02
 1.14483057E+00  7.35191457E-03
 1.12066880E+00  1.42885737E-03
 1.11458658E+00 -3.41054290E-03
 1.12344948E+00 -3.76921424E-03
 1.14217846E+00 -3.11274882E-04
 1.15563630E+00  3.44866752E-03
 1.15692907E+00  5.77156092E-03
 1.15232190E+00  5.32760922E-03
 1.14201854E+00  2.86681534E-03
 1.12719994E+00  1.80790974E-03
 1.10904253E+00  3.35807887E-03
 1.08391596E+00  6.92912652E-03
 1.05746018E+00  1.18791465E-02
 1.04113807E+00  1.61949850E-02
 1.04174923E+00  1.88125279E-02
 1.06346030E+00  2.00996072E-02
 1.10135158E+00  1.94625588E-02
 1.14108570E+00  1.64222513E-02
 1.17287175E+00  1.09982079E-02
 1.19132751E+00  3.32339807E-03
 1.19415361E+00 -4.54990833E-03
 1.18561057E+00 -9.32249415E-03
 1.16706239E+00 -8.89953331E-03
 1.13757019E+00 -2.73611134E-03
 1.10266020E+00  6.85853792E-03
 1.06976307E+00  1.50243524E-02
 1.04706656E+00  1.84940008E-02
 1.04326290E+00  1.62843491E-02
 1.05782441E+00  9.91774298E-03
 1.08280879E+00  3.75226977E-03
 1.11237552E+00  2.63960531E-04
 1.14065031E+00 -5.37132733E-04
 1.16228750E+00  5.92603765E-04
 1.17548047E+00  1.15118779E-03
 1.17583957E+00  2.38138404E-04
 1.15943859E+00 -7.75350877E-04
 1.13207884E+00 -1.11361876E-03
 1.10468509E+00  3.71276653E-04
 1.08696210E+00  4.09540505E-03
 1.08668942E+00  8.73244646E-03
 1.10218715E+00  1.33120456E-02
 1.12298892E+00  1.68576891E-02
 1.14318185E+00  1.82889375E-02
 1.15965214E+00  1.73782839E-02
 1.16831566E+00  1.41369665E-02
 1.16862712E+00  8.84906338E-03
 1.15764598E+00  2.25840990E-03
 1.13175047E+00 -4.63869875E-03
 1.09827375E+00 -1.01950291E-02
 1.07024046E+00 -1.24605883E-02
 1.05756383E+00 -1.00463593E-02
 1.06670761E+00 -2.72190141E-03
 1.09240359E+00  7.33984948E-03
 1.11882539E+00  1.61277246E-02
 1.13690261E+00  2.05229431E-02
 1.14413006E+00  1.89575438E-02
 1.14245385E+00  1.23804885E-02
 1.14144568E+00  4.34438641E-03
 1.14402075E+00 -2.82346055E-03
 1.14534492E+00 -8.12719766E-03
 1.14227479E+00 -1.06320072E-02
 1.12971364E+00 -1.06480187E-02
 1.10690473E+00 -7.73440933E-03
 1.08112713E+00 -9.42943811E-04
 1.06019281E+00  7.84769428E-03
 1.05308904E+00  1.54094508E-02
 1.06638814E+00  1.91047583E-02
 1.09881915E+00  1.69421951E-02
 1.14167567E+00  1.02997122E-02
 1.18030163E+00  3.43021819E-03
 1.20238484E+00 -1.20732536E-03
 1.20196260E+00 -2.79161225E-03
 1.18076914E+00 -1.95436519E-03
 1.14879690E+00 -1.55526552E-03
 1.11307673E+00 -2.50625616E-03
 1.07731634E+00 -3.58017873E-03
 1.04786574E+00 -3.90078159E-03
 1.02932745E+00 -1.85551783E-03
 1.02806221E+00  3.02748838E-03
 1.05075098E+00  9.16306186E-03
 1.09189057E+00  1.51398344E-02
 1.13798698E+00  1.92287022E-02
 1.17712274E+00  1.98174291E-02
 1.19821808E+00  1.65333057E-02
 1.19763027E+00  9.52231908E-03
 1.18051908E+00 -3.15270000E-04
 1.14836791E+00 -1.13325541E-02
 1.10260714E+00 -2.12841348E-02
 1.05248363E+00 -2.65150233E-02
 1.00900643E+00 -2.30057610E-02
 9.84601129E-01 -8.52860381E-03
 9.90613077E-01  1.58396111E-02
 1.02386913E+00  4.28860031E-02
 1.07014331E+00  6.11050210E-02
 1.11845442E+00  6.23189978E-02
 1.15907305E+00  4.41516422E-02
 1.18512206E+00  1.33244636E-02
 1.19658368E+00 -1.52044293E-02
 1.18927686E+00 -3.13360392E-02
 1.15905314E+00 -3.18597634E-02
 1.11560944E+00 -1.95459204E-02
 1.07508368E+00 -5.01848278E-03
 1.05216220E+00  6.04463009E-03
 1.05853835E+00  1.40678396E-02
 1.08948045E+00  1.81629071E-02
 1.12613374E+00  2.01475631E-02
 1.15696490E+00  1.94393787E-02
 1.17579861E+00  1.19774166E-02
 1.17906004E+00  2.49131274E-04
 1.17161541E+00 -1.01135956E-02
 1.15279846E+00 -1.49425285E-02
 1.11865104E+00 -1.00988393E-02
 1.07870165E+00  2.52384704E-03
 1.04761459E+00  1.54391583E-02
 1.03784159E+00  2.45180620E-02
 1.05943089E+00  2.77698488E-02
 1.10517680E+00  2.43097994E-02
 1.15343286E+00  1.67188628E-02
 1.18988995E+00  5.48938922E-03
 1.20594445E+00 -1.04626225E-02
 1.19829599E+00 -2.81730559E-02
 1.17452283E+00 -4.29369259E-02
 1.13742794E+00 -4.87430275E-02
 1.08763365E+00 -3.72622772E-02
 1.03953040E+00 -1.77404177E-03
 1.01126998E+00  5.96968647E-02
 1.01672284E+00  1.40308087E-01
 1.06227572E+00  2.17231636E-01
 1.12714340E+00  2.43566185E-01
 1.17106631E+00  1.78192177E-01
 1.16906169E+00  5.54879277E-02
 1.11586530E+00 -4.46161498E-02
 1.03506366E+00 -9.07101314E-02
 9.77837575E-01 -7.97822772E-02
 9.72356073E-01 -2.20903525E-02
 1.01607634E+00  3.36234518E-02
 1.08262128E+00  5.91943843E-02
 1.11859755E+00  5.82376571E-02
 1.09839778E+00  3.17788891E-02
 1.03841015E+00 -1.45785103E-03
 9.81837579E-01 -2.12999814E-02
 9.80964611E-01 -2.74687416E-02
 9.96928292E-01 -3.29819908E-02
 9.48429945E-01 -5.43611621E-02
 8.92500098E-01 -6.57163967E-02
 9.25878632E-01 -2.70893095E-02
 1.00457640E+00  2.28965966E-02
 1.05776613E+00  2.37312209E-02
 1.10550987E+00  1.21291962E-03
 1.16346782E+00  2.26154075E-03
 1.19341456E+00  9.59613190E-03
 1.17736831E+00  2.82541709E-03
 1.15292804E+00  4.20208208E-03
 1.15580708E+00  2.03281791E-02
 1.14859247E+00  2.39389312E-03
 1.07973053E+00 -8.69533392E-02
 9.98052185E-01 -1.72005099E-01
 9.78300744E-01 -1.47977193E-01
 9.95079445E-01 -6.20002043E-02
 1.00095069E+00 -1.64919125E-02
 1.01624409E+00  8.92420385E-03
 1.05838019E+00  5.46840125E-02
 1.09890072E+00  9.04666420E-02
 1.11723854E+00  1.00640355E-01
 1.12328824E+00  9.03032444E-02
 1.12934446E+00  5.19263326E-02
 1.13491619E+00  5.89466979E-03
 1.13902746E+00 -1.27422604E-02
 1.14298794E+00 -1.50645420E-02
 1.14324759E+00 -2.95998663E-02
 1.14040666E+00 -4.68135013E-02
 1.13899481E+00 -5.00531250E-02
 1.13504916E+00 -4.52948076E-02
 1.12147005E+00 -3.59838849E-02
 1.09523123E+00 -2.20397199E-02
 1.05636874E+00 -1.06584722E-02
 1.01544599E+00 -2.21408412E-03
 9.91513130E-01  9.19538627E-03
 9.95914378E-01  2.43769971E-02
 1.03088368E+00  4.22156432E-02
 1.08823698E+00  5.85117109E-02
 1.14789796E+00  6.45367579E-02
 1.19528417E+00  5.66682387E-02
 1.22391698E+00  3.67609067E-02
 1.23067386E+00  9.03141695E-03
 1.22039159E+00 -1.80808603E-02
 1.19500196E+00 -3.79884008E-02
 1.15331161E+00 -4.84676686E-02
 1.10369219E+00 -4.93193053E-02
 1.05787787E+00 -4.37438934E-02
 1.02724358E+00 -3.42632544E-02
 1.02191774E+00 -2.17281887E-02
 1.03653587E+00 -9.02504884E-03
 1.05404636E+00  1.39939145E-03
 1.06434844E+00  8.34750036E-03
 1.06386928E+00  1.32549967E-02
 1.05915108E+00  2.71192959E-02
 1.06798402E+00  5.81228432E-02
 1.09662042E+00  8.24477276E-02
 1.13855858E+00  6.66749402E-02
 1.18231473E+00  2.29506868E-02
 1.20784842E+00 -1.40332805E-02
 1.20407971E+00 -3.23644466E-02
 1.17471144E+00 -2.70495611E-02
 1.12975488E+00 -8.16046340E-03
 1.08804098E+00 -5.12436422E-03
 1.06380978E+00 -1.35307578E-02
 1.05987743E+00 -9.33869517E-03
 1.07317508E+00 -5.17245334E-04
 1.09266766E+00  1.27379112E-03
 1.11119297E+00  3.81699747E-03
 1.12880248E+00  9.66809594E-03
 1.14419497E+00  1.30613608E-02
 1.15828666E+00  1.18012969E-02
 1.16862616E+00  7.87367229E-03
 1.16808047E+00  4.09699692E-03
 1.15649453E+00  1.84955265E-03
 1.13763517E+00  2.42132735E-03
 1.11554361E+00  7.33767387E-03
 1.09738753E+00  1.60882864E-02
 1.08771888E+00  2.58288136E-02
 1.08755942E+00  3.25794934E-02
 1.09934113E+00  3.31349907E-02
 1.12284769E+00  2.64458024E-02
 1.15090856E+00  1.53448967E-02
 1.17326839E+00  5.76041947E-03
 1.18093306E+00  1.43089538E-03
 1.16877433E+00  3.19788544E-03
 1.14233143E+00  9.27278615E-03
 1.11577366E+00  1.46588581E-02
 1.09836322E+00  1.67457729E-02
 1.09396834E+00  1.60233964E-02
 1.10152577E+00  1.34030425E-02
 1.11260380E+00  1.15188858E-02
 1.12371571E+00  1.13837004E-02
 1.13626880E+00  1.13664912E-02
 1.14765483E+00  1.05348769E-02
 1.15602421E+00  7.68274427E-03
 1.15840130E+00  2.27187943E-03
 1.14996842E+00 -4.30487514E-03
 1.13429057E+00 -1.08084181E-02
 1.12013217E+00 -1.59026040E-02
 1.11293433E+00 -1.81775381E-02
 1.11589029E+00 -1.71924736E-02
 1.12561990E+00 -1.29224213E-02
 1.13211536E+00 -5.80587624E-03
 1.13090668E+00  3.27137820E-03
 1.12316114E+00  1.31450242E-02
 1.11329465E+00  2.17944204E-02
 1.11071803E+00  2.68091830E-02
 1.11952653E+00  2.62964372E-02
 1.13613310E+00  1.95395762E-02
 1.15372873E+00  8.55064093E-03
 1.16119196E+00 -2.48298745E-03
 1.15186241E+00 -1.01037555E-02
 1.12770198E+00 -1.20787052E-02
 1.09672215E+00 -8.24437029E-03
 1.07310186E+00 -9.21890453E-04
 1.06694652E+00  8.43582802E-03
 1.08018587E+00  1.88703344E-02
 1.10846727E+00  2.78329837E-02
 1.13998806E+00  3.28058168E-02
 1.16616911E+00  3.11793277E-02
 1.18371981E+00  2.09820166E-02
 1.18885721E+00  4.86719726E-03
 1.18119269E+00 -1.12742127E-02
 1.15975811E+00 -2.28204258E-02
 1.12352322E+00 -2.65167983E-02
 1.08244230E+00 -2.22614573E-02
 1.05237074E+00 -1.36757179E-02
 1.04542797E+00 -2.67047385E-03
 1.06833089E+00  9.82764377E-03
 1.11220551E+00  2.08557318E-02
 1.15460528E+00  2.77765948E-02
 1.18021899E+00  2.75845359E-02
 1.18167865E+00  1.76649288E-02
 1.15939666E+00  1.24686530E-03
 1.12580149E+00 -1.43344495E-02
 1.08770855E+00 -2.28452010E-02
 1.04722313E+00 -1.88176631E-02
 1.01553108E+00  3.63241066E-04
 1.00405943E+00  3.19888290E-02
 1.02279328E+00  7.05775043E-02
 1.07821057E+00  1.04129057E-01
 1.15399323E+00  1.06865463E-01
 1.21807968E+00  6.03372666E-02
 1.24761156E+00 -3.43045351E-03
 1.23075635E+00 -3.24021243E-02
 1.17644317E+00 -3.42022935E-02
 1.11538386E+00 -4.16411056E-02
 1.06629446E+00 -4.50786743E-02
 1.03545081E+00 -3.14019065E-02
 1.02681372E+00 -4.65201216E-03
 1.03264239E+00  3.65352666E-02
 1.05271689E+00  7.22264860E-02
 1.09420196E+00  6.98293998E-02
 1.14686595E+00  4.11798658E-02
 1.19389616E+00  1.85257267E-02
 1.22044737E+00  2.07746132E-03
 1.21228902E+00 -1.41302947E-02
 1.17634255E+00 -2.26900063E-02
 1.13692141E+00 -2.43659588E-02
 1.10851690E+00 -2.01817987E-02
 1.09861019E+00 -4.96938549E-03
 1.10699418E+00  1.66406128E-02
 1.12015119E+00  3.44591593E-02
 1.13369612E+00  4.09431307E-02
 1.15071128E+00  3.01353105E-02
 1.16503023E+00  7.12097581E-03
 1.17086467E+00 -1.33946347E-02
 1.16230864E+00 -2.32564074E-02
 1.13288755E+00 -2.00819485E-02
 1.09413401E+00 -6.62437243E-03
 1.06907494E+00  6.37999825E-03
 1.07130637E+00  1.40178572E-02
 1.10496117E+00  1.79078367E-02
 1.15646378E+00  1.81438284E-02
 1.19511034E+00  1.75866872E-02
 1.20363755E+00  1.69949866E-02
 1.18130871E+00  1.32312393E-02
 1.14012684E+00  8.18119651E-03
 1.10857765E+00  5.66378976E-03
 1.10271086E+00  7.63813006E-03
 1.12038653E+00  1.55639222E-02
 1.15300034E+00  2.49496931E-02
 1.17984799E+00  2.66852733E-02
 1.18859960E+00  1.63355843E-02
 1.18143239E+00 -5.33153672E-03
 1.15975030E+00 -3.05569842E-02
 1.13057926E+00 -4.48666302E-02
 1.09908038E+00 -3.96523694E-02
 1.06468747E+00 -1.48477321E-02
 1.03713983E+00  2.15417694E-02
 1.03003575E+00  5.27828372E-02
 1.05174407E+00  6.77447668E-02
 1.10523274E+00  6.42531102E-02
 1.17379004E+00  4.57632637E-02
 1.22553033E+00  2.37312540E-02
 1.23907105E+00  5.23573114E-03
 1.20678256E+00 -9.24147096E-03
 1.14180291E+00 -1.78218579E-02
 1.07865014E+00 -2.13281545E-02
 1.03924843E+00 -1.87247057E-02
 1.02954112E+00 -6.14995416E-03
 1.04682275E+00  1.22797975E-02
 1.07263446E+00  2.82855928E-02
 1.09851945E+00  3.56303672E-02
 1.12829487E+00  2.93688240E-02
 1.15684051E+00  1.31705144E-02
 1.18018415E+00 -1.68496463E-03
 1.19212947E+00 -9.05484870E-03
 1.18186966E+00 -7.40861773E-03
 1.15648817E+00  7.40345900E-04
 1.13425569E+00  6.73458446E-03
 1.12603628E+00  6.96614556E-03
 1.13767532E+00  3.61958065E-03
 1.16015680E+00 -1.53462581E-03
 1.16988636E+00 -4.14767609E-03
 1.15607984E+00 -2.36657427E-03
 1.12144082E+00  1.03663372E-03
 1.07797154E+00  4.85881595E-03
 1.05059944E+00  7.71443783E-03
 1.05285274E+00  8.37805222E-03
 1.08152322E+00  8.01889398E-03
 1.12615767E+00  7.02104879E-03
 1.16509179E+00  5.31179445E-03
 1.18389911E+00  3.38399379E-03
 1.18226399E+00  1.10554608E-03
 1.16430238E+00 -1.25399075E-03
 1.14234199E+00 -2.85806666E-03
 1.12421109E+00 -3.13162695E-03
 1.10870972E+00 -1.49884666E-03
 1.09708562E+00  2.19810117E-03
 1.08878623E+00  7.45319498E-03
 1.08552703E+00  1.35629550E-02
 1.09361415E+00  1.93888028E-02
 1.11172420E+00  2.31629273E-02
 1.13398485E+00  2.30588021E-02
 1.15542623E+00  1.78746192E-02
 1.16950964E+00  7.78012916E-03
 1.17435441E+00 -4.41394556E-03
 1.17324803E+00 -1.40250304E-02
 1.16666701E+00 -1.75118797E-02
 1.15507814E+00 -1.33729878E-02
 1.14204509E+00 -3.38832781E-03
 1.13090879E+00  7.47051406E-03
 1.12602198E+00  1.57231701E-02
 1.13136974E+00  1.97548156E-02
 1.14391790E+00  1.87999228E-02
 1.15593657E+00  1.42397782E-02
 1.16176454E+00  6.59476305E-03
 1.15723562E+00 -4.16313024E-03
 1.14146686E+00 -1.46933921E-02
 1.11846665E+00 -2.04163955E-02
 1.09091915E+00 -1.76874506E-02
 1.06206440E+00 -4.39034408E-03
 1.04165888E+00  1.56747910E-02
 1.04094695E+00  3.39947085E-02
 1.06745277E+00  4.44767940E-02
 1.12171894E+00  4.37303303E-02
 1.18708592E+00  3.20241989E-02
 1.23452868E+00  1.45505884E-02
 1.24378479E+00 -5.47725295E-03
 1.20762842E+00 -2.63069170E-02
 1.13838875E+00 -4.30800201E-02
 1.06791487E+00 -5.11615692E-02
 1.01752814E+00 -4.61666942E-02
 9.94924828E-01 -2.50574063E-02
 1.00061432E+00  6.30551493E-03
 1.02113214E+00  3.59211615E-02
 1.05114196E+00  5.46654588E-02
 1.09437104E+00  5.68535039E-02
 1.14292140E+00  4.41322916E-02
 1.18692874E+00  2.60269483E-02
 1.21472705E+00  7.81330326E-03
 1.21140636E+00 -9.00112748E-03
 1.18008827E+00 -2.21802775E-02
 1.13736558E+00 -3.24322983E-02
 1.09478286E+00 -3.75283422E-02
 1.06312463E+00 -3.25085321E-02
 1.04827084E+00 -1.90940749E-02
 1.04664125E+00 -2.29435481E-03
 1.06051104E+00  1.33699037E-02
 1.09315822E+00  2.24223551E-02
 1.13448827E+00  2.38851008E-02
 1.16976236E+00  2.12745062E-02
 1.18558185E+00  1.54715312E-02
 1.17169079E+00  6.93680576E-03
 1.13661456E+00 -1.66252402E-03
 1.10344099E+00 -8.28933455E-03
 1.08582826E+00 -9.96226663E-03
 1.08859660E+00 -3.88105160E-03
 1.10677187E+00  6.56088782E-03
 1.12226882E+00  1.42989950E-02
 1.12779285E+00  1.49242930E-02
 1.12775410E+00  6.73595088E-03
 1.12575754E+00 -6.48042899E-03
 1.13072745E+00 -1.56653503E-02
 1.14516213E+00 -1.62124935E-02
 1.16070051E+00 -8.55410094E-03
 1.17127411E+00  3.75136725E-03
 1.17012384E+00  1.26257457E-02
 1.15302718E+00  1.39070785E-02
 1.12470093E+00  9.24187546E-03
 1.09395762E+00  2.18748464E-03
 1.07270172E+00 -4.58972477E-04
 1.07074381E+00  5.01427401E-03
 1.09038330E+00  1.65454068E-02
 1.12537848E+00  2.96772888E-02
 1.16196284E+00  3.70342454E-02
 1.18944539E+00  3.42106392E-02
 1.20254502E+00  2.26898764E-02
 1.19929228E+00  7.67561407E-03
 1.18442114E+00 -2.06331636E-03
 1.16263065E+00 -1.59079700E-03
 1.14041161E+00  7.01435856E-03
 1.13757057E+00  1.59321081E-02
 1.16437923E+00  1.24107319E-02
 1.17880087E+00 -1.01958139E-02
 1.12954997E+00 -4.81919744E-02
 1.05577749E+00 -8.79556904E-02
 1.02936286E+00 -1.07477957E-01
 1.02687353E+00 -9.38346541E-02
 1.00543229E+00 -4.94239843E-02
 1.01177251E+00  7.62516236E-03
 1.08645341E+00  4.55228054E-02
 1.16268691E+00  4.60230518E-02
 1.16508880E+00  1.31822044E-02
 1.13770271E+00 -2.66992700E-02
 1.15233539E+00 -3.61429377E-02
 1.16788074E+00 -2.46668120E-02
 1.12533102E+00 -2.78370885E-02
 1.06406832E+00 -2.69246163E-02
 1.03515920E+00  5.80662856E-03
 1.03535519E+00  4.10505612E-02
 1.06078851E+00  4.68268349E-02
 1.11112267E+00  3.87312533E-02
 1.16259860E+00  3.83293667E-02
 1.19439388E+00  3.51686230E-02
 1.20053169E+00  1.70905540E-02
 1.18533221E+00 -6.54990322E-03
 1.16539018E+00 -2.63666219E-02
 1.14822422E+00 -3.89707857E-02
 1.13148249E+00 -3.84074558E-02
 1.11740007E+00 -2.62937437E-02
 1.10507687E+00 -1.26442284E-02
 1.09710011E+00 -2.71441047E-03
 1.10158638E+00  1.65026366E-03
 1.11466271E+00  1.08836451E-03
 1.12606492E+00  1.35932693E-03
 1.12961643E+00  4.17671739E-03
 1.12060856E+00  7.19669606E-03
 1.10446183E+00  1.03975569E-02
 1.09610545E+00  1.28258718E-02
 1.10249660E+00  1.43725548E-02
 1.12318783E+00  1.69365254E-02
 1.15213707E+00  1.83544148E-02
 1.17487188E+00  1.44592878E-02
 1.18304422E+00  3.61528942E-03
 1.17659651E+00 -1.39544180E-02
 1.15691294E+00 -3.32006327E-02
 1.13079028E+00 -4.49282616E-02
 1.10335221E+00 -4.37455167E-02
 1.07594224E+00 -2.91511153E-02
 1.05473199E+00 -6.26982431E-03
 1.04656488E+00  1.39059250E-02
 1.05635686E+00  2.40919139E-02
 1.08679193E+00  2.27145604E-02
 1.12888888E+00  1.25473133E-02
 1.16529437E+00  1.99731511E-03
 1.18372772E+00 -4.00139112E-03
 1.17865757E+00 -5.53209779E-03
 1.15708572E+00 -3.05117994E-03
 1.13817777E+00  1.50061629E-04
 1.13304664E+00  2.84048797E-03
 1.14318464E+00  6.86216245E-03
 1.16378527E+00  1.03151001E-02
 1.18021785E+00  1.02303688E-02
 1.18511338E+00  4.48028164E-03
 1.18029645E+00 -8.95221042E-03
 1.16556933E+00 -2.64846732E-02
 1.14444111E+00 -4.02466177E-02
 1.11894090E+00 -4.52385418E-02
 1.08760305E+00 -3.91178190E-02
 1.05823776E+00 -2.37242490E-02
 1.04296019E+00 -5.93938241E-03
 1.04961113E+00  9.96085862E-03
 1.08207160E+00  2.23812281E-02
 1.13105026E+00  2.94201293E-02
 1.17598393E+00  3.13574231E-02
 1.20298341E+00  2.74598543E-02
 1.20607672E+00  1.61279831E-02
 1.18899293E+00  7.71501203E-04
 1.16733481E+00 -1.27199689E-02
 1.14981219E+00 -1.96030519E-02
 1.13716472E+00 -1.64020559E-02
 1.13021674E+00 -5.60679596E-03
 1.12468718E+00  5.14785222E-03
 1.12101225E+00  1.13567067E-02
 1.12555872E+00  1.14813568E-02
 1.13724824E+00  6.69859051E-03
 1.15219111E+00  2.33665289E-03
 1.16638355E+00  5.41877538E-04
 1.17303291E+00  1.08346460E-04
 1.17106539E+00  1.13169300E-03
 1.16452557E+00  2.59141191E-03
 1.15460063E+00  4.51893081E-03
 1.14283364E+00  8.88330611E-03
 1.13251803E+00  1.45577191E-02
 1.12566372E+00  1.88641039E-02
 1.12544701E+00  2.01092343E-02
 1.13442052E+00  1.65946251E-02
 1.14821533E+00  8.95112556E-03
 1.15856295E+00  3.00321665E-04
 1.15989795E+00 -7.32200332E-03
 1.14974790E+00 -1.22713228E-02
 1.13218939E+00 -1.24140223E-02
 1.11756256E+00 -6.71634201E-03
 1.11181313E+00  5.37832766E-03
 1.11610291E+00  2.29875281E-02
 1.12908277E+00  4.04629614E-02
 1.14452925E+00  4.95906100E-02
 1.15890245E+00  4.48380084E-02
 1.17202947E+00  2.50792742E-02
 1.18078335E+00 -2.51198521E-03
 1.18253224E+00 -2.40284003E-02
 1.17530019E+00 -3.04591842E-02
 1.15769350E+00 -1.98846721E-02
 1.13621983E+00  1.28972955E-03
 1.12231892E+00  1.80863524E-02
 1.12319771E+00  2.19492527E-02
 1.14068383E+00  1.31776260E-02
 1.16616682E+00 -2.71670953E-03
 1.18206037E+00 -1.29237479E-02
 1.17837907E+00 -1.07874702E-02
 1.15535203E+00  1.14871751E-03
 1.12390235E+00  1.82590445E-02
 1.10591030E+00  3.10754642E-02
 1.11355598E+00  3.39858665E-02
 1.14482543E+00  2.87425715E-02
 1.18737848E+00  1.71675609E-02
 1.21686970E+00  3.60602564E-03
 1.21828840E+00 -8.57530556E-03
 1.19186050E+00 -1.96037353E-02
 1.14613262E+00 -2.71570104E-02
 1.10129490E+00 -2.84169719E-02
 1.07113437E+00 -2.15978255E-02
 1.05808829E+00 -5.22073616E-03
 1.06401820E+00  1.65664094E-02
 1.08446915E+00  3.53058250E-02
 1.11643823E+00  4.44606536E-02
 1.15987475E+00  3.95905776E-02
 1.20193880E+00  2.11245586E-02
 1.22427039E+00 -4.60513649E-03
 1.21357568E+00 -3.21290879E-02
 1.16349084E+00 -5.56311748E-02
 1.09056910E+00 -6.52214079E-02
 1.02956720E+00 -5.22957722E-02
 1.00407490E+00 -1.34797636E-02
 1.02368391E+00  4.43345214E-02
 1.07866019E+00  9.16962953E-02
 1.13741809E+00  9.46716776E-02
 1.18090170E+00  6.22372683E-02
 1.20437438E+00  2.75292199E-02
 1.20449825E+00 -5.69425916E-03
 1.18931398E+00 -3.88186946E-02
 1.16041840E+00 -5.36069600E-02
 1.11231646E+00 -4.36588803E-02
 1.05820841E+00 -2.48057829E-02
 1.01866219E+00 -1.22074022E-02
 1.01019543E+00  2.78624799E-03
 1.04580058E+00  3.41729130E-02
 1.11310896E+00  6.02418894E-02
 1.17886385E+00  5.17399488E-02
 1.22149552E+00  2.16902817E-02
 1.23005201E+00 -3.33628228E-03
 1.20641383E+00 -1.81429268E-02
 1.17116720E+00 -2.10022599E-02
 1.13404716E+00 -1.59831954E-02
 1.09511183E+00 -1.78123648E-02
 1.06364167E+00 -1.63997991E-02
 1.04630895E+00  8.24294610E-03
 1.05165678E+00  3.48383203E-02
 1.08979806E+00  3.28845732E-02
 1.14703381E+00  1.56020317E-02
 1.19489085E+00  6.70034319E-03
 1.21407098E+00  1.35317524E-03
 1.19397278E+00 -7.22195885E-03
 1.14568314E+00 -1.29489019E-02
 1.10176966E+00 -1.49954926E-02
 1.08036455E+00 -1.41243574E-02
 1.08480355E+00 -6.87828347E-03
 1.11096544E+00  4.06715455E-03
 1.13940930E+00  1.19004134E-02
 1.16089804E+00  1.25442145E-02
 1.17853585E+00  3.80085384E-03
 1.18697873E+00 -1.02587758E-02
 1.18272699E+00 -2.00180510E-02
 1.16198306E+00 -2.12201194E-02
 1.11823888E+00 -1.56850746E-02
 1.06337382E+00 -1.12354286E-02
 1.02092035E+00 -1.54307001E-02
 1.00664855E+00 -9.32793229E-03
 1.02945429E+00  3.15120061E-02
 1.08069500E+00  7.81092486E-02
 1.13400090E+00  8.28763780E-02
 1.17307306E+00  5.31865100E-02
 1.19187101E+00  1.88848365E-02
 1.18958004E+00 -6.55669897E-03
 1.17728392E+00 -8.14380068E-03
 1.15910145E+00  8.09385462E-04
 1.13197883E+00 -1.78915869E-02
 1.10336540E+00 -5.29883280E-02
 1.08214646E+00 -6.84684067E-02
 1.07627776E+00 -6.31785240E-02
 1.09304032E+00 -4.19294419E-02
 1.12045770E+00 -1.08674285E-02
 1.13482473E+00  9.45420276E-03
 1.12694347E+00  2.47428799E-02
 1.10487199E+00  5.99655869E-02
 1.10468360E+00  1.16391672E-01
 1.16074633E+00  1.74326896E-01
 1.20758433E+00  1.76224972E-01
 1.14462985E+00  6.15409038E-02
 1.01537220E+00 -1.02798970E-01
 9.25858808E-01 -1.88991008E-01
 8.90765294E-01 -2.00492325E-01
 9.03168663E-01 -1.92231862E-01
 9.50022264E-01 -1.49458194E-01
 9.73654829E-01 -7.75872089E-02
 9.74296247E-01 -2.16097945E-02
 9.98568567E-01  3.74437225E-03
 1.03342310E+00  1.70600792E-02
 1.05807291E+00  4.52337863E-02
 1.08876596E+00  9.07452475E-02
 1.12900820E+00  1.36806567E-01
 1.16423077E+00  1.69743321E-01
 1.18393472E+00  1.68747089E-01
 1.18368512E+00  1.24628712E-01
 1.15694053E+00  5.18756159E-02
 1.08481117E+00 -2.96830745E-02
 9.68544863E-01 -9.33059192E-02
 8.92696404E-01 -1.17351817E-01
 9.50622123E-01 -9.91737651E-02
 1.07133038E+00 -5.26887695E-02
 1.11830846E+00 -6.34316295E-03
 1.11984580E+00  1.82439757E-02
 1.15313405E+00  1.44579304E-02
 1.17983468E+00 -1.19633816E-02
 1.16691180E+00 -4.06622080E-02
 1.14405180E+00 -6.11462219E-02
 1.12099414E+00 -7.51736737E-02
 1.08825811E+00 -8.07565626E-02
 1.04996943E+00 -8.02870089E-02
 1.02168184E+00 -7.16577588E-02
 1.01841885E+00 -4.64278738E-02
 1.03934400E+00 -1.14429189E-02
 1.07427317E+00  1.85532148E-02
 1.11700912E+00  3.37739602E-02
 1.15920003E+00  2.67622998E-02
 1.19235977E+00  4.54960932E-03
 1.21297879E+00 -1.24989275E-02
 1.21393027E+00 -1.37460426E-02
 1.18978485E+00  2.59873676E-03
 1.15040023E+00  3.14687038E-02
 1.11370333E+00  5.68429566E-02
 1.09425338E+00  7.06234377E-02
 1.10177770E+00  7.44830605E-02
 1.13084999E+00  6.93918736E-02
 1.16219297E+00  6.10035837E-02
 1.18531121E+00  5.16681896E-02
 1.19759481E+00  3.74661050E-02
 1.19928224E+00  1.96766221E-02
 1.19868481E+00  1.14777601E-03
 1.19651637E+00 -1.54676370E-02
 1.18523035E+00 -2.50428021E-02
 1.16366764E+00 -2.71515076E-02
 1.13167565E+00 -2.52483257E-02
 1.09212139E+00 -2.04609399E-02
 1.05518958E+00 -1.34783865E-02
 1.02887245E+00 -3.57408691E-03
 1.01925035E+00  1.22348899E-02
 1.03244505E+00  3.33450283E-02
 1.06860610E+00  5.55378170E-02
 1.11994037E+00  7.29999050E-02
 1.17345526E+00  7.79371921E-02
 1.21610120E+00  6.57222991E-02
 1.23782503E+00  3.75245736E-02
 1.23558536E+00  2.73620404E-04
 1.21385597E+00 -3.38928723E-02
 1.17590401E+00 -5.51727170E-02
 1.12607706E+00 -5.91550525E-02
 1.07645308E+00 -4.77658196E-02
 1.04116370E+00 -2.97440921E-02
 1.03360864E+00 -1.10065279E-02
 1.06221607E+00  6.20713925E-03
 1.11587028E+00  1.93203171E-02
 1.16917282E+00  2.84277407E-02
 1.20365314E+00  3.12994845E-02
 1.20939210E+00  2.38863536E-02
 1.19089293E+00  9.53249082E-03
 1.16869239E+00 -4.66283020E-03
 1.15249881E+00 -1.28747509E-02
 1.14149115E+00 -1.01398828E-02
 1.13589090E+00  1.01600024E-03
 1.12937581E+00  1.14924705E-02
 1.12246183E+00  1.67875934E-02
 1.12417521E+00  1.60436248E-02
 1.13330136E+00  1.06885297E-02
 1.14493216E+00  6.72645383E-03
 1.15531066E+00  6.21840648E-03
 1.15772623E+00  6.94510887E-03
 1.15307666E+00  8.63738765E-03
