# x =
 6.33026732E+01
# y =
 3.25097170E+00
 VARIABLES = u,v
 1.10471882E+00 -2.02858682E-02
 1.15461104E+00 -3.35349775E-02
 1.09644113E+00 -4.20015325E-02
 9.91700749E-01 -3.48670231E-02
 9.56149861E-01 -6.61762339E-04
 9.95501557E-01  6.30951759E-02
 1.07801965E+00  1.37183819E-01
 1.18313315E+00  1.95334188E-01
 1.24661894E+00  2.07558987E-01
 1.22187402E+00  1.55237630E-01
 1.11728857E+00  4.77774735E-02
 9.68589068E-01 -7.21562910E-02
 8.40843244E-01 -1.39812179E-01
 7.73646792E-01 -1.15190300E-01
 7.59783022E-01 -3.72831895E-03
 7.66876901E-01  1.28086765E-01
 7.35812960E-01  1.69529247E-01
 6.44370481E-01  6.91899317E-02
 5.33291904E-01 -1.31966971E-01
 4.89590969E-01 -2.83830002E-01
 6.05149723E-01 -2.09856762E-01
 8.14464946E-01 -1.77423070E-02
 9.59449757E-01  3.38459456E-02
 1.04401430E+00 -1.73068062E-02
 1.12971360E+00 -3.60665773E-02
 1.17499030E+00 -7.81078845E-02
 1.15675800E+00 -1.61738727E-01
 1.09675309E+00 -1.87194683E-01
 1.00523215E+00 -1.07639322E-01
 9.43579179E-01  2.07712059E-02
 9.88248045E-01  1.12864823E-01
 1.09401523E+00  1.42914960E-01
 1.15822224E+00  1.20177497E-01
 1.16893695E+00  6.25382482E-02
 1.14852791E+00  2.33619328E-02
 1.10069059E+00  2.72504747E-02
 1.06271296E+00  5.17004770E-02
 1.06022355E+00  7.05706523E-02
 1.08052518E+00  5.62487615E-02
 1.11455862E+00  4.31979211E-02
 1.14660608E+00  9.60955944E-02
 1.16741240E+00  1.54460343E-01
 1.18610635E+00  1.20533608E-01
 1.19930402E+00  4.42133360E-02
 1.19945450E+00  1.38715308E-02
 1.18350156E+00  1.31245893E-02
 1.14506019E+00  1.29621467E-02
 1.09192906E+00  2.53730671E-02
 1.04423205E+00  4.01287399E-02
 1.01545218E+00  4.04068762E-02
 1.01475622E+00  3.17548626E-02
 1.04187925E+00  2.02893709E-02
 1.08386193E+00  1.21921201E-02
 1.13260063E+00  1.09427081E-02
 1.18337815E+00  1.19046506E-02
 1.22718539E+00  1.32866650E-02
 1.25745181E+00  1.40015356E-02
 1.26538351E+00  1.30549874E-02
 1.24194439E+00  1.35415104E-02
 1.19332805E+00  1.64646645E-02
 1.13548627E+00  2.11080251E-02
 1.08178341E+00  2.79217944E-02
 1.04367074E+00  3.63376861E-02
 1.02267110E+00  4.66153084E-02
 1.00979553E+00  6.02848411E-02
 1.00385061E+00  7.75905861E-02
 1.00893430E+00  9.80237813E-02
 1.02681408E+00  1.20261906E-01
 1.06147616E+00  1.41206882E-01
 1.10909544E+00  1.56735406E-01
 1.15621036E+00  1.61218050E-01
 1.19067337E+00  1.46277701E-01
 1.19982941E+00  1.03538551E-01
 1.17376714E+00  2.98669641E-02
 1.11262795E+00 -6.90308618E-02
 1.02668145E+00 -1.73009512E-01
 9.34402350E-01 -2.51763575E-01
 8.53882781E-01 -2.82447523E-01
 7.97650972E-01 -2.56080711E-01
 7.68873061E-01 -1.85324585E-01
 7.60987760E-01 -1.03148671E-01
 7.71489795E-01 -3.38282355E-02
 8.00708134E-01  1.08852902E-02
 8.43629502E-01  2.85346557E-02
 8.95061697E-01  3.22463980E-02
 9.45218591E-01  2.68733318E-02
 9.81135093E-01  9.86042195E-03
 1.00186908E+00 -6.75229846E-03
 1.01449016E+00 -8.75215449E-03
 1.02418669E+00  1.61826167E-02
 1.03790123E+00  7.62332299E-02
 1.06072028E+00  1.47582639E-01
 1.08981561E+00  1.84980487E-01
 1.11631407E+00  1.60685663E-01
 1.11541460E+00  6.76567794E-02
 1.02900181E+00 -6.65884011E-02
 8.23099105E-01 -1.80907220E-01
 6.11715706E-01 -2.37391495E-01
 5.61400316E-01 -2.27351735E-01
 6.42378981E-01 -1.62465972E-01
 7.25503724E-01 -8.47179434E-02
 7.82628028E-01 -1.87151653E-02
 8.05271650E-01  3.47078840E-02
 8.25533346E-01  6.91074385E-02
 9.41151027E-01  8.80680737E-02
 1.10037399E+00  8.83434335E-02
 1.17153736E+00  5.56391810E-02
 1.18695992E+00  2.40910202E-03
 1.21629943E+00 -4.50284126E-02
 1.22501890E+00 -6.62418577E-02
 1.19128192E+00 -4.29981655E-02
 1.14335220E+00  1.62140497E-02
 1.09318692E+00  7.86767575E-02
 1.04429669E+00  1.26845145E-01
 1.00994507E+00  1.54853577E-01
 9.96060884E-01  1.65266181E-01
 9.99972370E-01  1.76843504E-01
 1.01887206E+00  1.93464267E-01
 1.04797247E+00  2.03328747E-01
 1.08252483E+00  2.00273931E-01
 1.11919503E+00  1.75143223E-01
 1.14953513E+00  1.26915083E-01
 1.16407951E+00  7.04964774E-02
 1.16159092E+00  2.10634789E-02
 1.14565339E+00 -4.73522122E-03
 1.12093332E+00  6.23343272E-03
 1.09503900E+00  5.23765451E-02
 1.07466600E+00  1.16759434E-01
 1.06380846E+00  1.71269031E-01
 1.06755511E+00  1.93705130E-01
 1.08653981E+00  1.76067097E-01
 1.10769466E+00  1.29250690E-01
 1.11073188E+00  8.17070855E-02
 1.08137188E+00  5.04695032E-02
 1.01590658E+00  3.73796604E-02
 9.32168766E-01  3.64181624E-02
 8.65804813E-01  2.87251753E-02
 8.40079886E-01  7.39777114E-03
 8.62226115E-01 -1.89267850E-02
 9.23511359E-01 -4.42866746E-02
 9.95183817E-01 -5.86164538E-02
 1.05883324E+00 -5.77765672E-02
 1.10898601E+00 -5.00690452E-02
 1.13762337E+00 -4.11128807E-02
 1.14450906E+00 -3.65000913E-02
 1.12595123E+00 -4.02938338E-02
 1.07451663E+00 -4.75299202E-02
 1.00458017E+00 -4.85775385E-02
 9.42359979E-01 -3.15174735E-02
 9.09439722E-01  1.12553982E-02
 9.22908550E-01  7.65139488E-02
 9.76462618E-01  1.47414191E-01
 1.04206204E+00  1.97163607E-01
 1.10207406E+00  2.07713205E-01
 1.14652336E+00  1.75916198E-01
 1.16855220E+00  1.16093701E-01
 1.17337680E+00  5.92177198E-02
 1.15827855E+00  2.53545346E-02
 1.11593128E+00  1.79919098E-02
 1.05908895E+00  2.86225988E-02
 1.00849234E+00  3.36945100E-02
 9.81850435E-01  2.24033974E-02
 9.93506016E-01  2.19025963E-03
 1.03274773E+00 -1.44256757E-02
 1.06880892E+00 -5.61856565E-03
 1.08495714E+00  3.79283124E-02
 1.07739769E+00  1.04716641E-01
 1.05606887E+00  1.75662871E-01
 1.04814914E+00  2.21715698E-01
 1.06237410E+00  2.21723141E-01
 1.08518271E+00  1.73072332E-01
 1.09457308E+00  8.50300219E-02
 1.05598152E+00 -1.91078974E-02
 9.52044793E-01 -1.19209209E-01
 7.95281288E-01 -2.04240502E-01
 6.18629618E-01 -2.63161186E-01
 4.75504633E-01 -2.91154076E-01
 4.05874291E-01 -2.81818003E-01
 4.20445728E-01 -2.28855674E-01
 5.03149137E-01 -1.46841628E-01
 6.09706588E-01 -6.24297706E-02
 7.09457191E-01  1.34580418E-03
 7.94643624E-01  2.75497130E-02
 8.66326640E-01  2.44834724E-02
 9.42783176E-01  2.20952473E-02
 1.02624098E+00  3.60044583E-02
 1.09863187E+00  6.79289934E-02
 1.15282313E+00  1.07742805E-01
 1.18132305E+00  1.28264735E-01
 1.18331113E+00  1.19252270E-01
 1.17230860E+00  8.99252540E-02
 1.14995850E+00  5.00456864E-02
 1.11170074E+00  1.82000980E-02
 1.06013860E+00  4.79421344E-03
 9.96438902E-01  3.92433188E-03
 9.26445936E-01  1.01391312E-02
 8.62839842E-01  1.40966303E-02
 8.12525591E-01  8.54059153E-03
 7.79070677E-01 -3.55356566E-03
 7.66998222E-01 -1.70267718E-02
 7.75719223E-01 -2.42452071E-02
 7.98798874E-01 -2.08506953E-02
 8.22218891E-01 -1.06863754E-02
 8.16478814E-01 -1.43093113E-03
 7.49895118E-01 -3.77683870E-03
 6.20049723E-01 -2.25642577E-02
 4.71640390E-01 -5.20821344E-02
 4.22916936E-01 -7.82356966E-02
 5.79635984E-01 -8.04102171E-02
 8.08300496E-01 -4.63697061E-02
 8.78262651E-01  2.05611929E-02
 8.59510205E-01  9.98177964E-02
 9.32987334E-01  1.56636073E-01
 1.03796814E+00  1.68684933E-01
 1.08239641E+00  1.35090036E-01
 1.08922889E+00  7.84985171E-02
 1.05557179E+00  4.33446812E-02
 1.01304388E+00  5.63713735E-02
 1.04887896E+00  1.16793927E-01
 1.13747761E+00  2.00775397E-01
 1.19351878E+00  2.59092487E-01
 1.21854482E+00  2.61948124E-01
 1.21826235E+00  2.09445087E-01
 1.13146252E+00  1.17046520E-01
 9.36341723E-01  2.29996403E-02
 7.39096759E-01 -4.86317710E-02
 6.60258731E-01 -9.72690328E-02
 6.34881927E-01 -1.21808569E-01
 5.38146551E-01 -1.31414755E-01
 4.55206492E-01 -1.28971017E-01
 5.16974378E-01 -1.05081878E-01
 6.56445131E-01 -6.65782528E-02
 7.72983108E-01 -2.69000419E-02
 8.72357898E-01  2.70759402E-03
 9.54024311E-01  9.45628503E-03
 9.93885443E-01  2.57470879E-04
 1.00626212E+00 -2.61986928E-03
 1.00518994E+00  1.07984152E-02
 9.89020590E-01  3.97552692E-02
 9.66225653E-01  6.79658182E-02
 9.45682422E-01  6.43918002E-02
 9.41452070E-01  2.05398769E-02
 9.69795408E-01 -4.25160234E-02
 1.01765335E+00 -7.69877490E-02
 1.05424960E+00 -3.90158015E-02
 1.06071889E+00  3.72795399E-03
 1.02851952E+00 -5.44954828E-02
 9.73874687E-01 -1.38609902E-01
 9.36952779E-01 -1.15426929E-01
 9.36422499E-01 -4.23711709E-02
 9.68051795E-01 -1.98077737E-02
 1.01403594E+00 -9.58720101E-03
 1.03607807E+00  2.84105626E-02
 1.01322827E+00  5.25152404E-02
 9.50587331E-01  3.79061321E-02
 8.61662649E-01  4.67422289E-03
 7.75907912E-01 -3.13153641E-02
 7.13924208E-01 -6.77691827E-02
 6.77417108E-01 -9.88410110E-02
 6.66645364E-01 -1.17409934E-01
 6.73636355E-01 -1.22755584E-01
 6.94399570E-01 -1.12125931E-01
 7.34214002E-01 -8.20964086E-02
 7.88348225E-01 -4.01595906E-02
 8.48262763E-01  5.86878074E-04
 9.04725384E-01  2.92640385E-02
 9.45188064E-01  3.84457167E-02
 9.70029501E-01  3.43042087E-02
 9.89720742E-01  3.42861456E-02
 1.00919859E+00  4.77904263E-02
 1.03096595E+00  7.59322972E-02
 1.05185269E+00  1.11904114E-01
 1.06083316E+00  1.38459632E-01
 1.05493888E+00  1.46998059E-01
 1.03820984E+00  1.39231654E-01
 1.01392506E+00  1.17813690E-01
 9.89217819E-01  9.15723678E-02
 9.68891415E-01  6.64197195E-02
 9.53204145E-01  4.25529262E-02
 9.46087605E-01  2.59281234E-02
 9.51751369E-01  2.30824737E-02
 9.71811438E-01  3.75655711E-02
 1.00674897E+00  7.05255760E-02
 1.05078483E+00  1.10185321E-01
 1.09319135E+00  1.35796870E-01
 1.12592949E+00  1.33822826E-01
 1.14456275E+00  1.00528276E-01
 1.15133549E+00  4.93755788E-02
 1.15550484E+00  9.43308260E-03
 1.16341978E+00 -1.17844328E-03
 1.17797379E+00  2.07249271E-02
 1.20047409E+00  6.40177946E-02
 1.22598036E+00  1.00833059E-01
 1.24576520E+00  1.15236817E-01
 1.24340408E+00  1.07568738E-01
 1.18251555E+00  8.34594579E-02
 1.04841245E+00  5.96640396E-02
 9.35473869E-01  4.38653050E-02
 9.56369408E-01  2.96760589E-02
 1.01921342E+00  1.30402607E-02
 9.58732307E-01 -1.31427729E-02
 8.34328119E-01 -5.07142359E-02
 7.81086918E-01 -9.00441679E-02
 7.99914329E-01 -1.22613512E-01
 8.74504623E-01 -1.39302109E-01
 9.66541405E-01 -1.33081518E-01
 9.81361216E-01 -1.05722251E-01
 9.60176308E-01 -6.40584369E-02
 1.01489471E+00 -1.88080669E-02
 1.08188568E+00  2.11158614E-02
 1.05904810E+00  5.34396070E-02
 1.00612841E+00  8.30275060E-02
 1.00353667E+00  1.20089489E-01
 1.03483690E+00  1.67485612E-01
 1.07817777E+00  2.17014743E-01
 1.12647392E+00  2.50338483E-01
 1.14116400E+00  2.41113382E-01
 1.09286634E+00  1.75838446E-01
 9.89705989E-01  6.13599356E-02
 8.73941746E-01 -7.47190887E-02
 7.91261208E-01 -1.86348146E-01
 6.87811685E-01 -2.40555608E-01
 4.97855484E-01 -2.28479857E-01
 3.85486539E-01 -1.66750357E-01
 5.48090107E-01 -9.82306261E-02
 8.03252491E-01 -5.15844348E-02
 8.55959926E-01 -3.32000574E-02
 7.94732777E-01 -3.74115004E-02
 8.20955697E-01 -3.91363300E-02
 8.97573402E-01 -2.80042768E-02
 9.81671530E-01 -1.26126476E-02
 1.09654869E+00  6.39776569E-03
 1.18199213E+00  2.50612288E-02
 1.18905873E+00  4.59638051E-02
 1.13334422E+00  8.38774636E-02
 1.05182705E+00  1.38552012E-01
 9.99312592E-01  1.98973281E-01
 9.63549678E-01  2.50529017E-01
 8.86721928E-01  2.63715183E-01
 7.92067214E-01  1.98759939E-01
 7.22276108E-01  4.76796144E-02
 6.57107810E-01 -8.90409813E-02
 5.80102658E-01 -8.91860086E-02
 5.08804561E-01 -3.72369152E-02
 4.53570620E-01 -9.74304828E-02
 4.09128642E-01 -2.09087249E-01
 3.70820073E-01 -2.48173184E-01
 3.35461793E-01 -2.59031506E-01
 2.96640505E-01 -2.90419320E-01
 2.51439823E-01 -3.00373564E-01
 2.04690299E-01 -2.73467289E-01
 1.67512653E-01 -2.32966860E-01
 1.55293542E-01 -1.88296298E-01
 1.78185417E-01 -1.38224776E-01
 2.34831929E-01 -8.49233369E-02
 3.07315177E-01 -3.53756969E-02
 3.65275527E-01  5.85352357E-03
 3.89568378E-01  4.17630816E-02
 3.79055571E-01  8.36569188E-02
 3.54330027E-01  1.59308408E-01
 3.55311739E-01  2.79253888E-01
 4.03757851E-01  3.56328966E-01
 4.94234327E-01  2.84821681E-01
 5.96548477E-01  1.40472643E-01
 6.55728553E-01  6.79312030E-02
 6.39307701E-01  2.67258886E-02
 5.50332157E-01 -6.97131812E-02
 4.19231271E-01 -1.62032654E-01
 3.06620756E-01 -1.86508068E-01
 2.51295333E-01 -1.63374805E-01
 2.55465182E-01 -1.05052123E-01
 2.99908074E-01 -1.22814428E-02
 3.37610382E-01  8.54967660E-02
 3.42583624E-01  1.53736892E-01
 3.23278589E-01  1.72805816E-01
 2.98060975E-01  1.48134421E-01
 3.01484300E-01  1.06493156E-01
 3.42873948E-01  6.41266374E-02
 3.89615527E-01  2.94190761E-02
 3.90284488E-01  1.21812941E-02
 3.19988851E-01  1.25564758E-02
 3.18275965E-01  3.76536385E-02
 5.48517664E-01  9.73021614E-02
 7.98826931E-01  1.73429773E-01
 7.41229197E-01  2.33109061E-01
 5.26445766E-01  2.48426715E-01
 4.57729172E-01  1.96193129E-01
 4.55269932E-01  7.94052643E-02
 3.85603582E-01 -7.05420962E-02
 3.27718667E-01 -2.24413055E-01
 3.16541875E-01 -3.44969903E-01
 3.23464243E-01 -3.70298207E-01
 3.63031321E-01 -2.75737932E-01
 3.89529363E-01 -1.69684441E-01
 3.32234280E-01 -1.86028771E-01
 2.65309014E-01 -2.27571561E-01
 3.19085607E-01 -1.15951937E-01
 4.95896125E-01  5.77580056E-02
 7.27751384E-01  1.29436003E-01
 9.20326887E-01  1.55166499E-01
 9.54879995E-01  2.12488742E-01
 8.88166861E-01  2.55727325E-01
 8.85353043E-01  2.62540179E-01
 9.01394137E-01  2.61461128E-01
 8.20801829E-01  2.58387499E-01
 6.90921491E-01  2.50917369E-01
 5.67859311E-01  2.46005072E-01
 4.54035654E-01  2.41606606E-01
 3.81395122E-01  2.28083673E-01
 3.42158666E-01  1.99209625E-01
 2.86956619E-01  1.52850792E-01
 2.35397993E-01  9.69778819E-02
 2.29257624E-01  4.80278313E-02
 2.41651099E-01  1.34816129E-02
 2.37005024E-01 -8.31285809E-03
 2.25007688E-01 -2.46862978E-02
 2.16650091E-01 -5.05668861E-02
 2.07511387E-01 -9.23490511E-02
 2.02628976E-01 -1.43232742E-01
 2.12474455E-01 -1.88284143E-01
 2.42814003E-01 -2.04439253E-01
 3.01462619E-01 -1.78575845E-01
 3.92205577E-01 -1.15952481E-01
 4.99593588E-01 -3.94667300E-02
 5.96978421E-01  1.46431407E-02
 6.65720511E-01  2.90884545E-02
 6.97668221E-01  1.85993136E-02
 7.03810844E-01  3.41934321E-02
 7.13271170E-01  1.20968058E-01
 7.42338965E-01  1.87406668E-01
 7.92276511E-01  1.10941690E-01
 8.55604499E-01  2.95498081E-02
 9.10807202E-01  1.40484506E-01
 9.47990942E-01  2.76816695E-01
 9.73127997E-01  1.93431842E-01
 9.92286720E-01  4.65081588E-02
 1.01772943E+00  7.38999505E-02
 1.05447294E+00  1.71609016E-01
 1.09377336E+00  1.80511587E-01
 1.12744073E+00  1.36540955E-01
 1.14481018E+00  7.54861943E-02
 1.13826378E+00  1.25293934E-02
 1.11045361E+00  1.60751443E-02
 1.06776160E+00  4.94399344E-02
 1.02111639E+00  9.51598918E-03
 9.81921964E-01 -5.66200927E-02
 9.58096613E-01 -5.55068151E-02
 9.57791597E-01 -1.26483965E-02
 9.84643940E-01  3.55970233E-02
 1.03344857E+00  1.11360897E-01
 1.08495110E+00  2.03792272E-01
 1.09194844E+00  2.35313345E-01
 1.01799026E+00  1.51965249E-01
 9.26927474E-01  4.06276448E-02
 9.12099852E-01  3.76832694E-02
 9.14284143E-01  1.19762615E-01
 8.28179790E-01  1.86453744E-01
 7.22799434E-01  2.06007271E-01
 7.04930619E-01  1.56729636E-01
 7.33840094E-01  8.48755460E-02
 7.50348105E-01  1.03675101E-01
 7.79480995E-01  1.71419249E-01
 8.35413634E-01  1.73036806E-01
 8.92122875E-01  1.48041960E-01
 9.35217858E-01  1.61950234E-01
 9.53989580E-01  1.76979249E-01
 9.26152333E-01  1.64712867E-01
 8.35348329E-01  1.43730867E-01
 6.79188716E-01  1.17772292E-01
 4.76786790E-01  7.91035503E-02
 2.84437395E-01  3.21928334E-02
 2.10025226E-01 -1.10208074E-02
 3.44798730E-01 -3.81859243E-02
 6.06457928E-01 -4.08225595E-02
 8.12580946E-01 -1.77263688E-02
 9.09210645E-01  1.89170212E-02
 9.15162354E-01  4.80226795E-02
 8.56371616E-01  6.04315038E-02
 8.25395422E-01  6.57284134E-02
 8.52574089E-01  9.89937573E-02
 8.81401966E-01  1.86840073E-01
 8.83064272E-01  2.47989944E-01
 8.37525872E-01  1.73763674E-01
 7.95602282E-01  4.51682643E-02
 8.53164740E-01  1.01676519E-02
 9.25054748E-01  2.50321674E-02
 8.73443800E-01 -1.88347951E-03
 8.11233898E-01 -2.70811772E-02
 8.97836441E-01 -1.07050698E-02
 1.01711512E+00  8.79645511E-03
 1.00647017E+00  1.27520802E-02
 9.56727065E-01  2.05141134E-02
 9.92589648E-01  4.38808890E-02
 1.03727117E+00  7.68752858E-02
 1.00474453E+00  1.12129339E-01
 9.58458141E-01  1.48839416E-01
 9.66416395E-01  1.83680166E-01
 1.00972231E+00  2.12412358E-01
 1.06534086E+00  2.33311375E-01
 1.12455133E+00  2.37581355E-01
 1.15187053E+00  2.12677660E-01
 1.11453885E+00  1.53394775E-01
 1.00991541E+00  6.21273750E-02
 8.66955686E-01 -4.63111667E-02
 7.39582263E-01 -1.45770175E-01
 6.63644956E-01 -2.15733052E-01
 6.48248368E-01 -2.45085557E-01
 6.80674432E-01 -2.34456531E-01
 7.21166320E-01 -1.98282726E-01
 7.48959274E-01 -1.46537472E-01
 7.70012554E-01 -8.36978875E-02
 7.94722389E-01 -1.65358604E-02
 8.46743285E-01  5.09015781E-02
 9.30821816E-01  1.06751629E-01
 1.02207011E+00  1.31250568E-01
 1.09194848E+00  1.12387008E-01
 1.10628438E+00  4.61411907E-02
 1.05193980E+00 -5.65725156E-02
 9.57810314E-01 -1.58168510E-01
 8.89261128E-01 -1.92021124E-01
 9.10942308E-01 -1.09732408E-01
 9.77314545E-01  1.28491456E-02
 9.83522524E-01  4.49373334E-02
 9.45234594E-01  3.74914403E-03
 9.28949546E-01 -2.00163359E-02
 9.38230346E-01 -9.78650580E-03
 9.78092922E-01  4.25072624E-02
 1.02877189E+00  1.05659246E-01
 1.03043683E+00  9.56985029E-02
 1.00572888E+00  5.22060282E-02
 1.00574754E+00  6.46576625E-02
 9.60752976E-01  5.70558593E-02
 8.02546832E-01 -6.17589736E-02
 6.59045585E-01 -1.75779309E-01
 6.85232092E-01 -1.46692271E-01
 7.76457323E-01 -7.09090822E-02
 7.53808123E-01 -9.66844492E-02
 6.81656216E-01 -1.62067185E-01
 6.76217677E-01 -1.64449485E-01
 6.78084405E-01 -1.44861221E-01
 6.29376127E-01 -1.41907252E-01
 5.72040647E-01 -1.15909268E-01
 5.33669238E-01 -5.10873029E-02
 5.20717347E-01  2.52289919E-02
 5.62379633E-01  9.04371586E-02
 6.79970554E-01  1.36640583E-01
 8.55948611E-01  1.56177139E-01
 1.01106030E+00  1.39165298E-01
 1.05411720E+00  8.59777779E-02
 1.01901881E+00  9.44630188E-03
 1.00661311E+00 -6.01985166E-02
 1.01476765E+00 -5.60056194E-02
 1.00952677E+00  6.56706557E-02
 1.00337380E+00  1.89808051E-01
 9.83107330E-01  1.52226993E-01
 9.30714934E-01  2.17653027E-02
 8.68338524E-01 -3.20839638E-02
 8.42959161E-01 -1.89922329E-02
 8.95585807E-01  7.16306733E-03
 9.78967390E-01  4.37304206E-02
 1.00504874E+00  4.37033231E-02
 1.00253792E+00  1.31854684E-02
 1.04199454E+00  2.19402077E-02
 1.09699402E+00  4.94977315E-02
 1.13036646E+00  4.54202308E-02
 1.15785791E+00  2.68663381E-02
 1.16390741E+00  9.52949970E-03
 1.06051928E+00 -1.63269498E-02
 7.97183604E-01 -4.49598134E-02
 5.32364380E-01 -6.40266948E-02
 4.75964750E-01 -7.00227782E-02
 5.19684618E-01 -6.52978455E-02
 4.48703088E-01 -5.61382813E-02
 3.82311991E-01 -4.60924010E-02
 5.03599893E-01 -3.64218919E-02
 7.02718731E-01 -2.98135549E-02
 8.35887086E-01 -2.70749008E-02
 9.19596298E-01 -2.94820767E-02
 9.64381615E-01 -3.80802937E-02
 9.54337751E-01 -4.59901127E-02
 9.31896674E-01 -4.21245978E-02
 9.37915381E-01 -1.92292235E-02
 9.78447571E-01  2.48009886E-02
 1.04046641E+00  8.05154345E-02
 1.08880574E+00  1.28587997E-01
 1.11053817E+00  1.56174213E-01
 1.11629689E+00  1.58712234E-01
 1.10609499E+00  1.40287272E-01
 1.08589545E+00  1.15579940E-01
 1.05598158E+00  9.29310854E-02
 1.00368709E+00  7.27120808E-02
 9.37480376E-01  5.49177614E-02
 8.77837432E-01  3.49600237E-02
 8.39022821E-01  1.35017352E-02
 8.37216042E-01 -1.42747481E-03
 8.78041464E-01 -5.54425486E-03
 9.49444529E-01  4.52331661E-03
 1.03304588E+00  2.91315105E-02
 1.09224783E+00  6.12434824E-02
 1.05537270E+00  9.19607472E-02
 8.90661661E-01  1.11365295E-01
 7.54566326E-01  1.10920084E-01
 8.42289926E-01  8.90851129E-02
 1.01341472E+00  5.41157853E-02
 1.00558817E+00  2.13872993E-02
 9.20035275E-01  2.58538875E-03
 9.53175281E-01  2.00047457E-03
 1.01802877E+00  1.37444888E-02
 1.01343975E+00  2.22408836E-02
 9.97583660E-01  1.93838862E-02
 9.98339261E-01  6.38669868E-03
 9.86957711E-01 -1.10608976E-02
 9.67455780E-01 -1.97386461E-02
 9.58964223E-01 -1.28003474E-02
 9.66804963E-01  7.72780927E-03
 9.84691742E-01  4.09524014E-02
 1.00092555E+00  8.16899602E-02
 1.01005111E+00  1.22818306E-01
 1.01079901E+00  1.56470370E-01
 1.00382598E+00  1.62446291E-01
 9.94894847E-01  1.17681319E-01
 9.83731916E-01  1.68001000E-02
 9.62401076E-01 -1.19196130E-01
 9.22203197E-01 -2.23644018E-01
 8.52961400E-01 -2.29787028E-01
 7.52075415E-01 -1.97423552E-01
 6.30821970E-01 -2.42179695E-01
 5.13713472E-01 -3.36139099E-01
 4.35077544E-01 -3.88872792E-01
 4.20731768E-01 -3.79730057E-01
 4.78320319E-01 -2.96119193E-01
 5.90845583E-01 -1.76352419E-01
 7.18941699E-01 -1.15636782E-01
 8.32762305E-01 -8.90050906E-02
 9.18385889E-01 -1.33662655E-02
 9.75865611E-01  7.23777864E-02
 1.02415382E+00  1.10165250E-01
 1.06946745E+00  1.27633553E-01
 1.10401451E+00  1.47650916E-01
 1.12759581E+00  1.53639836E-01
 1.13710024E+00  1.41339781E-01
 1.13681585E+00  1.22607408E-01
 1.14122371E+00  1.03577223E-01
 1.14853894E+00  8.45691068E-02
 1.14859732E+00  6.65904285E-02
 1.13747666E+00  5.10805245E-02
 1.11190350E+00  3.81755227E-02
 1.07992598E+00  2.92134751E-02
 1.06092615E+00  2.67199704E-02
 1.06369612E+00  3.01688665E-02
 1.08835074E+00  3.73949112E-02
 1.13080721E+00  4.76550258E-02
 1.17651119E+00  5.93745528E-02
 1.21140550E+00  6.87849320E-02
 1.22229222E+00  6.98043957E-02
 1.18533163E+00  5.10848686E-02
 1.08037676E+00  1.45799413E-03
 9.11554555E-01 -7.57492671E-02
 7.20589073E-01 -1.55538766E-01
 6.15615555E-01 -1.81578100E-01
 6.97028395E-01 -1.07001305E-01
 8.68371347E-01  3.61753241E-04
 9.43215355E-01  3.27736073E-02
 9.45003289E-01  4.79026416E-02
 9.85242756E-01  1.51498026E-01
 1.06080405E+00  2.61127362E-01
 1.16077504E+00  2.60889255E-01
 1.23116772E+00  2.04144607E-01
 1.15494485E+00  1.70175148E-01
 9.84318536E-01  1.40551400E-01
 8.58587885E-01  9.84771482E-02
 7.44191296E-01  5.93864545E-02
 5.74611603E-01  1.44696571E-02
 4.16356923E-01 -4.41667394E-02
 3.29274294E-01 -1.03731053E-01
 2.88141501E-01 -1.53599300E-01
 2.68559092E-01 -1.83270473E-01
 2.71426523E-01 -1.88575781E-01
 2.89373412E-01 -1.78196219E-01
 3.21343572E-01 -1.62321951E-01
 3.82029969E-01 -1.53095361E-01
 4.69112753E-01 -1.59578068E-01
 5.65954540E-01 -1.78254894E-01
 6.59411226E-01 -1.91651875E-01
 7.32325866E-01 -1.73740825E-01
 7.75376108E-01 -1.09697486E-01
 7.94167852E-01 -5.42721609E-03
 7.97024219E-01  1.05371884E-01
 7.96489547E-01  1.68950478E-01
 8.03516337E-01  1.57283022E-01
 8.17166805E-01  8.23741743E-02
 8.22520593E-01  3.11288149E-03
 7.97861113E-01 -9.25373066E-03
 7.39916104E-01 -3.98509023E-03
 6.75342132E-01 -7.92645505E-02
 6.69619091E-01 -1.60180449E-01
 7.83896865E-01 -1.27019024E-01
 9.48966582E-01 -4.37474349E-02
 1.02658411E+00 -9.64623553E-03
 1.00177025E+00  5.58838849E-03
 9.24180470E-01  3.62264319E-02
 8.26371288E-01  4.00753429E-02
 7.77034466E-01  1.41981146E-03
 7.99243200E-01 -1.44113448E-02
 8.31843965E-01  4.24042886E-02
 8.03278782E-01  8.40694572E-02
 6.69353458E-01 -2.12764266E-03
 5.50512039E-01 -1.24173447E-01
 6.27571188E-01 -1.29126424E-01
 7.57338539E-01 -7.73286526E-02
 6.86382828E-01 -7.98605542E-02
 5.38746292E-01 -9.08863390E-02
 5.29995613E-01 -6.12407517E-02
 5.65636016E-01 -3.65541549E-02
 5.32082317E-01 -4.22344101E-02
 5.38777887E-01 -4.77530705E-02
 6.66322192E-01 -2.72627281E-02
 7.99243884E-01  2.02704659E-02
 8.20373327E-01  8.83467907E-02
 8.02737545E-01  1.57528473E-01
 8.54637637E-01  1.91535974E-01
 9.07758946E-01  1.69638506E-01
 8.69522668E-01  9.56149683E-02
 8.05220882E-01 -5.70675379E-03
 8.00376344E-01 -8.83704523E-02
 8.48055609E-01 -1.21669831E-01
 9.32165451E-01 -1.01957019E-01
 1.03646428E+00 -4.85216375E-02
 1.10415263E+00 -5.16872279E-03
 1.09345445E+00  2.69310885E-03
 1.00492324E+00 -2.12620243E-02
 8.79797749E-01 -5.69364689E-02
 7.96001690E-01 -6.33470552E-02
 7.99759270E-01 -2.06796221E-02
 8.90257168E-01  5.80430572E-02
 1.03043250E+00  1.46762724E-01
 1.14067621E+00  2.01015867E-01
 1.17189255E+00  1.93361700E-01
 1.12320600E+00  1.28370877E-01
 1.01515728E+00  2.52199486E-02
 9.02834636E-01 -7.73385977E-02
 8.18984412E-01 -1.50419873E-01
 7.58959958E-01 -1.87802299E-01
 7.21445500E-01 -1.89691397E-01
 6.92174841E-01 -1.69922735E-01
 6.68886784E-01 -1.36833489E-01
 6.72693085E-01 -8.84587668E-02
 7.04662289E-01 -3.69339800E-02
 7.57710131E-01  3.53590996E-03
 8.24700010E-01  2.45966721E-02
 8.87730549E-01  2.63382523E-02
 9.43909170E-01  4.77418011E-02
 1.00306390E+00  1.25318890E-01
 1.06444940E+00  1.86332208E-01
 1.12482538E+00  1.34094061E-01
 1.17753764E+00  5.08747782E-02
 1.20743124E+00  7.48735802E-02
 1.20721820E+00  1.55094583E-01
 1.17634437E+00  1.90099265E-01
 1.11118721E+00  2.09214778E-01
 1.01375363E+00  2.39908116E-01
 8.95246218E-01  2.30397949E-01
 7.78012072E-01  1.53942618E-01
 7.08717692E-01  4.26012935E-02
 7.17125896E-01 -6.51880951E-02
 7.21855507E-01 -1.53479025E-01
 6.13726103E-01 -2.13970139E-01
 4.66789794E-01 -2.45901313E-01
 4.20104456E-01 -2.65890289E-01
 4.21076093E-01 -2.79655111E-01
 3.82772135E-01 -2.79478758E-01
 3.99570103E-01 -2.64332406E-01
 5.55428167E-01 -2.31359275E-01
 7.22052199E-01 -1.83247793E-01
 7.53643274E-01 -1.32564770E-01
 7.41003053E-01 -8.26053333E-02
 8.27955979E-01 -3.17807883E-02
 9.31592639E-01  1.89575201E-02
 9.28045659E-01  7.20953633E-02
 8.77092196E-01  1.27538048E-01
 8.53988387E-01  1.79542872E-01
 8.29447539E-01  2.21160580E-01
 7.80784064E-01  2.38017812E-01
 7.09348382E-01  2.00573591E-01
 6.13465604E-01  1.08172087E-01
 5.76517914E-01  7.87059398E-02
 6.80339963E-01  2.15324478E-01
 7.42005981E-01  2.89511395E-01
 5.33028095E-01  1.05472684E-02
 2.88167189E-01 -3.42569461E-01
 3.79494108E-01 -3.15492045E-01
 6.58542960E-01 -7.60829951E-02
 8.13658221E-01  2.67510391E-02
 8.75605983E-01  6.80790094E-02
 9.09299642E-01  1.44593928E-01
 8.91389035E-01  1.73075733E-01
 8.93579044E-01  1.71330029E-01
 8.98904056E-01  1.98595957E-01
 8.02806926E-01  2.36575976E-01
 6.86491338E-01  2.41061630E-01
 6.70124345E-01  1.67584316E-01
 6.59814881E-01  4.52559167E-02
 5.37366965E-01 -5.89144554E-02
 3.93544129E-01 -1.84943366E-01
 3.48891667E-01 -3.79538239E-01
 3.36173111E-01 -5.18887981E-01
 2.66576427E-01 -4.64906517E-01
 2.10573646E-01 -3.10199136E-01
 2.53950411E-01 -2.15928330E-01
 3.74268022E-01 -1.44555562E-01
 5.25981015E-01 -1.64049243E-02
 6.58004954E-01  1.08372009E-01
 7.06926750E-01  1.76189174E-01
 7.31507947E-01  2.08967032E-01
 8.48018532E-01  2.13470199E-01
 9.83957201E-01  1.85808422E-01
 1.01098450E+00  1.46939503E-01
 1.00909780E+00  1.27046270E-01
 1.09138379E+00  1.46283805E-01
 1.18692534E+00  1.92171322E-01
 1.20161264E+00  2.29265832E-01
 1.15675898E+00  2.39160426E-01
 1.08374789E+00  2.16782150E-01
 9.89979857E-01  1.68864968E-01
 9.17159460E-01  1.21795592E-01
 9.02744434E-01  8.55808456E-02
 9.48191002E-01  5.37959050E-02
 1.03236839E+00  2.86624632E-02
 1.11286636E+00  8.38492346E-03
 1.16008064E+00 -5.66047682E-03
 1.16771894E+00 -3.70133561E-03
 1.14105841E+00  9.16210895E-03
 1.10412848E+00  1.98294423E-02
 1.07054852E+00  2.18403238E-02
 1.03853396E+00  1.12050006E-02
 1.01614562E+00 -3.75267696E-03
 1.00874881E+00 -2.74776297E-03
 1.02164436E+00  2.47882346E-02
 1.06048558E+00  7.92869968E-02
 1.09947442E+00  1.51919196E-01
 1.09417844E+00  2.19108325E-01
 1.01698943E+00  2.57062335E-01
 8.60477220E-01  2.40870394E-01
 6.59323903E-01  1.31913494E-01
 4.86605189E-01 -6.63539837E-02
 3.92760920E-01 -2.07210445E-01
 3.99874883E-01 -1.27741793E-01
 5.04298918E-01  4.79622492E-02
 6.61630879E-01  8.03472995E-02
 8.32038975E-01  2.92380941E-02
 9.76357277E-01  4.43566455E-02
 1.01335953E+00  5.83851742E-02
 8.93717365E-01  7.08556221E-03
 7.10960938E-01 -5.57642525E-02
 6.07910854E-01 -1.10602608E-01
 5.70836457E-01 -1.72963982E-01
 5.14193161E-01 -2.31877992E-01
 4.55314071E-01 -2.62076054E-01
 4.26615728E-01 -2.45576601E-01
 4.50812672E-01 -1.92018163E-01
 5.76744458E-01 -1.28254879E-01
 7.42497109E-01 -7.09082683E-02
 8.27476777E-01 -3.19343113E-02
 8.65384705E-01 -1.42355992E-02
 9.42852743E-01 -5.06862568E-03
 1.02817934E+00 -1.60224548E-03
 1.07873377E+00 -7.22068401E-03
 1.11421176E+00 -1.26832400E-02
 1.13964382E+00 -7.70188062E-03
 1.15155880E+00  1.79437352E-02
 1.16550509E+00  7.36783801E-02
 1.17801284E+00  1.46248746E-01
 1.17030625E+00  2.06934107E-01
 1.13620882E+00  2.37839251E-01
 1.07531189E+00  2.31551702E-01
 9.99078674E-01  1.98615060E-01
 9.33766124E-01  1.68768996E-01
 8.94163481E-01  1.57422309E-01
 8.83790576E-01  1.63881802E-01
 9.03347754E-01  1.80732208E-01
 9.43284538E-01  1.87261059E-01
 9.96072043E-01  1.73764669E-01
 1.05852732E+00  1.46472133E-01
 1.11875790E+00  1.10764595E-01
 1.16291620E+00  7.77643396E-02
 1.17869165E+00  5.40827587E-02
 1.15603182E+00  3.57133566E-02
 1.10172113E+00  2.24492597E-02
 1.03614401E+00  1.40590550E-02
 9.76739512E-01  1.04455670E-02
 9.38444525E-01  1.62837817E-02
 9.28783165E-01  3.25083453E-02
 9.44078353E-01  5.67360089E-02
 9.85080316E-01  8.60126073E-02
 1.05215369E+00  1.13374575E-01
 1.13095345E+00  1.29792102E-01
 1.20162137E+00  1.26860567E-01
 1.24425546E+00  9.90329573E-02
 1.24260781E+00  4.80564165E-02
 1.20393697E+00 -1.22423104E-02
 1.15371552E+00 -5.99774213E-02
 1.10802138E+00 -7.89230883E-02
 1.07481537E+00 -6.36081696E-02
 1.05211138E+00 -2.55803599E-02
 1.02391492E+00  8.73062966E-03
 9.88089016E-01  2.33348154E-02
 9.55759714E-01  1.68972878E-02
 9.34369402E-01  1.32107392E-03
 9.35270834E-01  3.14909710E-03
 9.62321897E-01  3.41081745E-02
 1.00612403E+00  8.55261541E-02
 1.05908459E+00  1.38212694E-01
 1.11185007E+00  1.59854260E-01
 1.15362187E+00  1.33108121E-01
 1.17950649E+00  6.59072998E-02
 1.18684210E+00 -1.78567553E-02
 1.17534813E+00 -7.72110363E-02
 1.14679946E+00 -8.41647117E-02
 1.10345824E+00 -3.64716503E-02
 1.05080940E+00  4.82558881E-02
 9.96698749E-01  1.30901475E-01
 9.50783590E-01  1.85224972E-01
 9.22948089E-01  2.07522425E-01
 9.16829758E-01  2.04866720E-01
 9.30474079E-01  2.00695680E-01
 9.61134265E-01  2.05012424E-01
 1.00316542E+00  2.08001981E-01
 1.04791239E+00  2.01930170E-01
 1.08659044E+00  1.73837732E-01
 1.10958337E+00  1.20671703E-01
 1.11098796E+00  5.74831355E-02
 1.09811436E+00 -2.35510302E-03
 1.08689443E+00 -4.39357378E-02
 1.08854257E+00 -5.59859291E-02
 1.10731478E+00 -4.16352427E-02
 1.13420539E+00 -1.25212284E-02
 1.14801656E+00  1.30953512E-02
 1.13812728E+00  2.01890462E-02
 1.10590683E+00  5.22140389E-03
 1.05988796E+00 -2.23098495E-02
 1.01938277E+00 -4.16399752E-02
 9.95192876E-01 -4.01485679E-02
 9.85903080E-01 -1.73368255E-02
 9.88759803E-01  1.94987716E-02
 9.95056217E-01  5.26554653E-02
 1.00046840E+00  7.29535966E-02
 1.00982156E+00  8.27945836E-02
 1.02678853E+00  8.40649487E-02
 1.05607415E+00  8.33475014E-02
 1.09827200E+00  8.33272716E-02
 1.14497155E+00  7.88944230E-02
 1.18470472E+00  6.96746349E-02
 1.20362678E+00  5.65470282E-02
 1.19187671E+00  4.07161005E-02
 1.14941351E+00  2.74718139E-02
 1.08614332E+00  1.91450875E-02
 1.02082329E+00  1.53922633E-02
 9.69756335E-01  1.69486345E-02
 9.42688853E-01  2.27696610E-02
 9.42939636E-01  3.06524387E-02
 9.65133496E-01  3.86074698E-02
 1.00624869E+00  4.35631549E-02
 1.06478228E+00  4.27125018E-02
 1.13057056E+00  3.56716863E-02
 1.19051537E+00  2.37253069E-02
 1.22973053E+00  8.28042703E-03
 1.23343283E+00 -8.51212496E-03
 1.20192027E+00 -2.35199916E-02
 1.14758200E+00 -3.34061937E-02
 1.08045303E+00 -3.40546457E-02
 1.01124285E+00 -2.17102134E-02
 9.49937762E-01  4.04270455E-03
 9.01510535E-01  4.06832018E-02
 8.76467456E-01  8.43754649E-02
 8.85906808E-01  1.28865961E-01
 9.26676822E-01  1.65321115E-01
 9.87492642E-01  1.84477551E-01
 1.05561911E+00  1.78690869E-01
 1.11574037E+00  1.45501529E-01
 1.15946958E+00  9.37960804E-02
 1.18599057E+00  4.07974984E-02
 1.18947764E+00  4.19965099E-04
 1.16514419E+00 -1.94191615E-02
 1.11877099E+00 -2.13086924E-02
 1.06075364E+00 -1.83604702E-02
 1.00503671E+00 -1.67343029E-02
 9.67562971E-01 -1.51132119E-02
 9.53816809E-01 -1.02321511E-02
 9.60475241E-01  6.65879754E-03
 9.87290120E-01  3.69215604E-02
 1.03169879E+00  7.26445543E-02
 1.08403186E+00  1.07593645E-01
 1.13322311E+00  1.33867688E-01
 1.16546098E+00  1.46385491E-01
 1.16870706E+00  1.47816862E-01
 1.14765773E+00  1.42727935E-01
 1.11868908E+00  1.37722620E-01
 1.09312435E+00  1.38123856E-01
 1.07838904E+00  1.43057009E-01
 1.07465018E+00  1.45179614E-01
 1.07218858E+00  1.32862239E-01
 1.06942861E+00  1.00293854E-01
 1.07055198E+00  5.14255509E-02
 1.07282190E+00  1.11184594E-03
 1.07405045E+00 -2.68269733E-02
 1.07133011E+00 -1.77431937E-02
 1.06065240E+00  2.84688942E-02
 1.05151204E+00  9.74211036E-02
 1.05885157E+00  1.59399874E-01
 1.08135986E+00  1.91074714E-01
 1.09758267E+00  1.80296892E-01
 1.05426425E+00  1.20529429E-01
 9.09883626E-01  1.94944457E-02
 7.55499279E-01 -1.09397786E-01
 7.23889393E-01 -2.42357267E-01
 7.44937104E-01 -3.21643727E-01
 6.83417792E-01 -3.01497511E-01
 6.21536110E-01 -2.40024804E-01
 6.81635104E-01 -2.25784888E-01
 7.95985490E-01 -2.00452156E-01
 8.73342356E-01 -6.60719486E-02
 9.28294143E-01  9.60809604E-02
 9.70080041E-01  1.67586282E-01
 9.78729348E-01  1.92702441E-01
 9.65597105E-01  2.43343776E-01
 9.46397352E-01  2.94262840E-01
 9.20999900E-01  3.22685367E-01
 8.91096208E-01  3.43447989E-01
 8.56853079E-01  3.52459663E-01
 8.24302111E-01  3.49858493E-01
 8.04290849E-01  3.59888506E-01
 7.91939130E-01  4.06157650E-01
 7.74101872E-01  4.80846456E-01
 7.41481414E-01  4.75225108E-01
 6.85933817E-01  2.68477433E-01
 6.11669479E-01 -2.76741489E-02
 5.34804602E-01 -2.01639153E-01
 4.62287183E-01 -2.71885150E-01
 3.94438040E-01 -3.34078116E-01
 3.30275370E-01 -3.48039614E-01
 2.64440696E-01 -2.99354894E-01
 2.04089858E-01 -2.47795899E-01
 1.73375927E-01 -2.13911419E-01
 2.06388210E-01 -1.84035112E-01
 3.12416258E-01 -1.47618497E-01
 3.87273619E-01 -1.15114077E-01
 3.08157112E-01 -1.03154791E-01
 1.87940673E-01 -9.74835008E-02
 2.28689102E-01 -7.27037419E-02
 3.77924343E-01 -1.25463182E-02
 4.84083127E-01  9.38716906E-02
 5.10012551E-01  2.22088586E-01
 4.27414261E-01  3.18066445E-01
 2.97426020E-01  3.50004034E-01
 2.92962380E-01  3.08418652E-01
 4.30336212E-01  2.08205763E-01
 6.14518795E-01  9.77874358E-02
 7.98249405E-01  1.33396256E-02
 9.09076323E-01 -2.19396773E-02
 9.27155230E-01  2.82834861E-02
 9.26201710E-01  1.65092806E-01
 9.24669873E-01  3.01626480E-01
 9.08395140E-01  3.44218451E-01
 8.59007915E-01  3.56784308E-01
 7.36003795E-01  4.35411897E-01
 6.05067695E-01  4.07704316E-01
 5.84840142E-01  8.48762123E-02
 6.43951808E-01 -2.47233483E-01
 6.95561908E-01 -2.05805864E-01
 7.49164996E-01  1.36394857E-03
 8.06134716E-01 -5.20662849E-03
 7.93790798E-01 -1.03521597E-01
 6.82178670E-01 -8.46796988E-02
 5.77856417E-01 -5.97013760E-02
 6.05789365E-01 -9.49611886E-02
 6.94882082E-01 -6.99905965E-02
 7.10221660E-01  6.49470171E-02
 7.36468659E-01  1.90146411E-01
 8.95304864E-01  1.83164544E-01
 1.07626990E+00  1.31983733E-01
 1.12687670E+00  1.79650200E-01
 1.04369023E+00  2.29209037E-01
 8.68886454E-01  1.42271000E-01
 6.91359780E-01  2.95390994E-02
 6.51747403E-01  4.39739730E-02
 7.15427801E-01  1.59985391E-01
 7.44222318E-01  3.05076374E-01
 7.96929035E-01  4.04911840E-01
 9.61195682E-01  3.48684206E-01
 1.09851495E+00  1.66317794E-01
 1.06621134E+00  1.46453318E-02
 9.54812500E-01 -2.96458239E-02
 9.09016479E-01  5.12697858E-02
 9.19859631E-01  1.80025618E-01
 9.45156519E-01  1.88634666E-01
 9.93613703E-01  1.02335238E-01
 1.03521401E+00  6.18543460E-02
 1.04307629E+00  4.45399426E-02
 1.03594691E+00  1.15692304E-02
 1.02152801E+00  1.81635780E-02
 1.00537622E+00  7.31297425E-02
 9.92335587E-01  1.21931293E-01
 9.71969062E-01  1.20330456E-01
 9.49205780E-01  7.38853458E-02
 9.38833411E-01  2.27450411E-02
 9.47578296E-01  1.00966465E-02
 9.81615686E-01  6.64138311E-02
 1.03368779E+00  1.29980135E-01
 1.08213294E+00  9.18651690E-02
 1.11322621E+00 -1.32368800E-02
 1.11981874E+00 -7.64631861E-02
 1.10108635E+00 -7.39814097E-02
 1.06788085E+00 -8.30876507E-03
 1.02736970E+00  7.08479638E-02
 9.84011255E-01  6.50991137E-02
 9.51147123E-01  3.11511754E-02
 9.42533470E-01  9.56389408E-02
 9.69284572E-01  1.85576762E-01
 1.03648267E+00  1.79182682E-01
 1.12497157E+00  1.27645298E-01
 1.19867259E+00  1.02592682E-01
 1.23131271E+00  7.43194571E-02
 1.21002341E+00  2.33789239E-02
 1.14600096E+00 -2.36716477E-02
 1.07461069E+00 -5.64343945E-02
 1.01669573E+00 -7.51910816E-02
 9.76729356E-01 -7.20077779E-02
 9.52417937E-01 -4.92629571E-02
 9.26755207E-01 -1.95167756E-02
 8.96966501E-01  8.40437852E-03
 8.77710439E-01  2.97975201E-02
 8.77432682E-01  5.04837769E-02
 9.06237636E-01  8.53554168E-02
 9.65614493E-01  1.37878468E-01
 1.03946206E+00  1.98698704E-01
 1.11011737E+00  2.47661499E-01
 1.15712563E+00  2.54048876E-01
 1.16134494E+00  2.01664276E-01
 1.11615494E+00  9.69034131E-02
 1.02760835E+00 -3.30655247E-02
 9.12838634E-01 -1.39987607E-01
 7.89173721E-01 -1.84540707E-01
 6.70201889E-01 -1.46228211E-01
 5.67048654E-01 -2.05923893E-02
 4.85415962E-01  1.42289557E-01
 4.35682738E-01  1.97464438E-01
 4.29749135E-01  2.65690136E-02
 4.65390606E-01 -1.98335273E-01
 5.32006159E-01 -2.00674952E-01
 6.15773769E-01 -9.57199504E-02
 6.98853126E-01 -1.32722874E-01
 7.72112103E-01 -1.88111580E-01
 8.34986663E-01 -9.05964541E-02
 8.81976275E-01  3.05875574E-02
 9.09630200E-01  5.03839987E-02
 9.24638062E-01  5.20478542E-02
 9.36467430E-01  1.19159169E-01
 9.55308220E-01  2.10154279E-01
 9.87355153E-01  2.76852298E-01
 1.01819035E+00  3.19749786E-01
 1.01964440E+00  3.21695727E-01
 9.75585475E-01  2.60342585E-01
 8.83277988E-01  1.46933062E-01
 7.58215446E-01  1.05124135E-02
 6.36427454E-01 -1.10808583E-01
 5.44129857E-01 -1.84356145E-01
 4.96619625E-01 -1.97071707E-01
 5.10757154E-01 -1.60629041E-01
 5.90330876E-01 -1.09016069E-01
 7.28958969E-01 -6.55728532E-02
 9.02819605E-01 -3.74597705E-02
 1.03769238E+00 -2.38031107E-02
 1.06178187E+00 -8.86763782E-03
 1.02341290E+00  1.06753017E-02
 1.01722875E+00  2.48720217E-02
 1.00020257E+00  3.75055961E-02
 9.03335915E-01  5.39857768E-02
 8.32167580E-01  8.00808341E-02
 9.08149556E-01  1.24518922E-01
 1.05670625E+00  1.72929606E-01
 1.15022707E+00  1.95596601E-01
 1.18053047E+00  1.75947609E-01
 1.16288979E+00  1.08607487E-01
 1.09148375E+00  8.23710870E-03
 1.00694812E+00 -8.88070133E-02
 9.38381807E-01 -1.59467231E-01
 8.78245863E-01 -1.95739498E-01
 8.32952505E-01 -1.96239745E-01
 8.06149682E-01 -1.74910693E-01
 8.05305411E-01 -1.39095697E-01
 8.49101609E-01 -8.77644491E-02
 9.23981748E-01 -3.23415997E-02
 9.96863920E-01  1.39986673E-02
 1.04679438E+00  3.88783403E-02
 1.05949668E+00  3.10476350E-02
 1.04840894E+00  3.92793343E-03
 1.05323722E+00 -1.22634110E-02
 1.09030521E+00  5.52967759E-04
 1.15153988E+00  4.69933654E-02
 1.20847976E+00  1.06680362E-01
 1.21035362E+00  1.37053516E-01
 1.13913935E+00  1.20382798E-01
 1.02441604E+00  7.04488031E-02
 9.34816212E-01  2.97288905E-02
 9.35086906E-01  4.32384626E-02
 9.32796385E-01  4.72314675E-02
 7.77604451E-01 -6.00676548E-02
 5.68219338E-01 -2.02290655E-01
 4.83924397E-01 -2.45259259E-01
 4.47578775E-01 -2.32920267E-01
 3.37849464E-01 -2.47677879E-01
 2.46477027E-01 -2.48636494E-01
 2.78205130E-01 -1.99179904E-01
 3.99457843E-01 -1.37334132E-01
 5.59605412E-01 -8.60464697E-02
 7.14048458E-01 -2.82575006E-02
 7.95508022E-01  4.76903471E-02
 8.33518594E-01  1.31105687E-01
 9.22573149E-01  2.04039770E-01
 1.03995846E+00  2.42980396E-01
 1.10937483E+00  2.18188110E-01
 1.10777128E+00  1.22417000E-01
 1.01865528E+00 -1.40762222E-02
 8.92313267E-01 -1.17771913E-01
 8.37303329E-01 -1.12460275E-01
 8.40661989E-01 -3.81834781E-02
 8.30915186E-01  1.26033738E-03
 8.39958934E-01  1.21187230E-02
 9.04224205E-01  4.12580665E-02
 9.81447940E-01  7.53871838E-02
 1.03796899E+00  1.09173120E-01
 1.08313262E+00  1.25421529E-01
 1.12351066E+00  8.21377895E-02
 1.14489572E+00  2.03676976E-02
 1.13645288E+00  1.49979865E-02
 1.10509001E+00  3.78806863E-02
 1.06214777E+00  3.18814077E-02
 1.02101694E+00  2.01989607E-02
 9.98634239E-01  3.38173203E-02
 9.98496607E-01  5.70738708E-02
 1.01242855E+00  7.98974395E-02
 1.03882286E+00  1.02936050E-01
 1.07588553E+00  1.15058378E-01
 1.11513302E+00  1.12845594E-01
 1.14877929E+00  1.03380733E-01
 1.16553760E+00  8.81788791E-02
 1.15433936E+00  6.85662984E-02
 1.12128610E+00  4.83736443E-02
 1.08341433E+00  2.91420808E-02
 1.05208004E+00  1.51698370E-02
 1.03442288E+00  1.16115543E-02
 1.02817589E+00  1.58263618E-02
 1.02006969E+00  2.11367520E-02
 1.00627593E+00  2.31630562E-02
 9.91071732E-01  1.89661602E-02
 9.76917604E-01  1.06216021E-02
 9.70516918E-01  5.29484949E-03
 9.74495142E-01  5.62625721E-03
 9.85320020E-01  1.02750612E-02
 1.00583031E+00  1.71444598E-02
 1.04012874E+00  2.11845820E-02
 1.08790181E+00  2.02188810E-02
 1.14616504E+00  1.62354925E-02
 1.20144543E+00  1.05793459E-02
 1.23266116E+00  5.65603692E-03
 1.22664197E+00  3.30109464E-03
 1.18077800E+00  2.82931096E-03
 1.10799083E+00  3.87359395E-03
 1.03629461E+00  5.85007222E-03
 9.86899753E-01  8.10194953E-03
 9.70338176E-01  1.10147048E-02
 9.87383156E-01  1.45815897E-02
 1.02471840E+00  1.85267718E-02
 1.07400773E+00  2.24928088E-02
 1.13172665E+00  2.56794348E-02
 1.18451597E+00  2.78920775E-02
 1.21862547E+00  2.94467072E-02
 1.22049320E+00  3.05110219E-02
 1.17978908E+00  3.13831951E-02
 1.11253918E+00  3.21292931E-02
 1.05264761E+00  3.24723201E-02
 1.02375974E+00  3.24804105E-02
 1.03744042E+00  3.23476956E-02
 1.08108550E+00  3.20202442E-02
 1.11747140E+00  3.14452339E-02
 1.12500617E+00  3.04619074E-02
 1.09830673E+00  2.87615548E-02
 1.03704195E+00  2.62550018E-02
 9.58520695E-01  2.29890637E-02
 8.77561620E-01  1.89021322E-02
 8.08849680E-01  1.39833504E-02
 7.98610443E-01  8.33688293E-03
 8.77645309E-01  2.12070710E-03
 9.77063958E-01 -4.32379255E-03
 1.00409047E+00 -1.04675380E-02
 1.00985482E+00 -1.57174674E-02
 1.08808605E+00 -1.94127158E-02
 1.16368235E+00 -2.08793865E-02
 1.12864462E+00 -1.95800526E-02
 1.03784473E+00 -1.52448117E-02
 9.76869303E-01 -7.93237037E-03
 9.38764296E-01  1.97718664E-03
 9.15829474E-01  1.36600598E-02
 9.23081694E-01  2.56954682E-02
 9.44887554E-01  3.62847060E-02
 9.68057769E-01  4.36940076E-02
 9.98234034E-01  4.66240530E-02
 1.03460573E+00  4.48414852E-02
 1.07681984E+00  3.91349808E-02
 1.11885451E+00  3.03609490E-02
 1.14642045E+00  1.95225026E-02
 1.15925615E+00  7.91823346E-03
 1.16454138E+00 -2.94299277E-03
 1.16388998E+00 -1.02508925E-02
 1.15824791E+00 -9.86623575E-03
 1.13937712E+00  2.93032260E-03
 1.09264588E+00  3.20394937E-02
 1.02184943E+00  7.67079447E-02
 9.52524237E-01  1.28548547E-01
 9.34215888E-01  1.68484258E-01
 9.99112409E-01  1.72089740E-01
 1.04681928E+00  1.26458229E-01
 9.44428166E-01  3.90875677E-02
 7.96845876E-01 -5.12028248E-02
 7.93889023E-01 -8.57269966E-02
 8.75323965E-01 -3.57025220E-02
 9.13223782E-01  7.89158777E-02
 9.54170168E-01  1.70712867E-01
 1.04075243E+00  1.36972013E-01
 1.11512209E+00  3.87891756E-02
 1.14822748E+00  1.98299463E-02
 1.16214406E+00  5.01897716E-02
 1.17170711E+00  4.22909907E-02
 1.17275717E+00  1.96130187E-02
 1.16104149E+00  2.11071067E-03
 1.13966162E+00 -9.05937076E-03
 1.10897265E+00  1.80704741E-02
 1.07282024E+00  5.31541149E-02
 1.04172127E+00  3.27694201E-02
 1.01860393E+00 -7.42510905E-03
 1.00167332E+00  2.90910857E-04
 9.91286005E-01  4.32851928E-02
 9.86086680E-01  9.09445048E-02
 9.87156955E-01  1.39606247E-01
 9.98496710E-01  1.69563428E-01
 1.01835863E+00  1.64967223E-01
 1.04074555E+00  1.45477222E-01
 1.05821767E+00  1.61079519E-01
 1.06054404E+00  2.48995910E-01
 1.04039713E+00  3.27501782E-01
 9.96153086E-01  2.75841959E-01
 9.31152277E-01  1.64361076E-01
 8.53910742E-01  1.27846314E-01
 7.72056381E-01  1.02610862E-01
 6.89591306E-01 -9.34181813E-03
 6.06501676E-01 -1.32001421E-01
 5.22412228E-01 -1.72116000E-01
 4.52839448E-01 -1.40874778E-01
 4.35808215E-01 -5.74294170E-02
 5.35793520E-01  6.68098327E-02
 7.79395209E-01  1.79410010E-01
 1.00104899E+00  2.31565887E-01
 9.80364509E-01  2.07591921E-01
 8.09292751E-01  1.24366052E-01
 7.26133204E-01  2.99605140E-02
 7.41134564E-01 -4.54668417E-02
 7.98738101E-01 -9.40980924E-02
 8.84302023E-01 -1.11272882E-01
 9.07260448E-01 -1.09777637E-01
 8.67340660E-01 -9.03002093E-02
 8.63891776E-01 -4.03343252E-02
 8.82710468E-01  2.46447511E-02
 8.82924840E-01  7.85234760E-02
 8.96732757E-01  9.97920541E-02
 9.33345431E-01  6.91971734E-02
 9.68251678E-01  3.63282267E-03
 9.89825339E-01 -5.13209759E-02
 9.98244459E-01 -6.99919653E-02
 9.97006730E-01 -4.44281310E-02
 9.88838490E-01  1.14014830E-02
 9.78882717E-01  5.56546756E-02
 9.72787835E-01  6.82117684E-02
 9.70404227E-01  5.34841813E-02
 9.67148369E-01  1.95442293E-02
 9.56566787E-01 -9.42098234E-03
 9.37213826E-01 -2.01123110E-02
 9.15707154E-01 -1.71928798E-02
 9.06227261E-01  4.34608330E-03
 9.26051165E-01  4.50196127E-02
 9.76845056E-01  9.47628556E-02
 1.03539800E+00  1.33650480E-01
 1.04755497E+00  1.03242744E-01
 9.69804672E-01 -4.13256355E-02
 8.80906370E-01 -2.06938713E-01
 8.99442886E-01 -2.45249470E-01
 9.54316697E-01 -1.61694923E-01
 9.14129338E-01 -4.39482008E-02
 8.53377077E-01  6.42020357E-02
 8.86249157E-01  1.14053647E-01
 9.51254152E-01  1.34991386E-01
 9.64942333E-01  2.20534451E-01
 9.37415177E-01  2.87514052E-01
 8.61980334E-01  1.92713235E-01
 6.83180924E-01  1.09320449E-02
 4.07507560E-01 -1.22770278E-01
 2.00576017E-01 -2.07241668E-01
 2.38171412E-01 -2.52312249E-01
 3.96171272E-01 -2.37902795E-01
 4.32089321E-01 -1.92963298E-01
 4.17947951E-01 -1.45109426E-01
 5.23161966E-01 -9.43673732E-02
 6.96526027E-01 -5.06225501E-02
 8.63258399E-01 -2.05843667E-02
 9.74018702E-01 -1.57075870E-02
 9.31651886E-01 -5.07398844E-02
 8.03672728E-01 -9.99116783E-02
 7.67929142E-01 -1.16628390E-01
 8.14251823E-01 -7.88038966E-02
 8.60292597E-01  6.83711918E-03
 9.25285174E-01  7.26934524E-02
 1.00069239E+00  4.03071142E-02
 1.03174680E+00 -6.64835798E-03
 1.01905935E+00  6.97666119E-02
 1.02912927E+00  1.72996338E-01
 1.12394795E+00  1.41570875E-01
 1.22960610E+00  5.70603867E-02
 1.22293230E+00  4.69568219E-02
 1.16701554E+00  5.28168018E-02
 1.17930693E+00  7.64405028E-03
 1.19743389E+00 -3.85485979E-02
 1.13610657E+00 -4.55287470E-02
 1.05320278E+00 -3.02781513E-02
 1.01449629E+00  6.94386201E-04
 1.00337607E+00  5.53731975E-02
 1.00550375E+00  1.25289574E-01
 1.03190067E+00  1.89754754E-01
 1.07326040E+00  2.27852968E-01
 1.11120552E+00  2.22450362E-01
 1.13889356E+00  1.67593710E-01
 1.15591161E+00  8.30618072E-02
 1.16594463E+00  7.58041430E-03
 1.16819976E+00 -3.15675834E-02
 1.15919465E+00 -2.42681851E-02
 1.14334090E+00  1.56961681E-02
 1.12736694E+00  5.01546723E-02
 1.11822504E+00  5.82518102E-02
 1.12260159E+00  4.04156903E-02
 1.13422951E+00  6.11286403E-03
 1.13774474E+00 -1.81801397E-02
 1.12521300E+00 -2.08724613E-02
 1.09556728E+00 -1.09702637E-02
 1.05767092E+00  5.94861146E-03
 1.03121574E+00  1.85247548E-02
 1.02665777E+00  2.12115748E-02
 1.04342219E+00  2.23792678E-02
 1.07548078E+00  2.43309937E-02
 1.10772016E+00  2.79463098E-02
 1.13095658E+00  3.47240441E-02
 1.14579740E+00  3.97311346E-02
 1.15402594E+00  4.06181247E-02
 1.16214508E+00  3.76819627E-02
 1.17292903E+00  2.97065112E-02
 1.18189090E+00  1.77611608E-02
 1.18613883E+00  3.76174925E-03
 1.18190553E+00 -1.09237941E-02
 1.16730006E+00 -2.41523508E-02
 1.14526007E+00 -3.41718543E-02
 1.11691433E+00 -4.01596547E-02
 1.08333196E+00 -4.17510582E-02
 1.04773236E+00 -3.86904291E-02
 1.01386590E+00 -3.10916268E-02
 9.89789023E-01 -2.01256442E-02
 9.85969057E-01 -7.67075038E-03
 1.00781445E+00  4.01150180E-03
 1.05371705E+00  1.26272946E-02
 1.11079495E+00  1.72378867E-02
 1.15703041E+00  1.81253602E-02
 1.17627863E+00  1.53974594E-02
 1.16265495E+00  9.46992765E-03
 1.12461871E+00  1.39998370E-03
 1.08465656E+00 -7.65984630E-03
 1.05751192E+00 -1.58640734E-02
 1.04707114E+00 -2.12231627E-02
 1.05006647E+00 -2.33932152E-02
 1.05221002E+00 -2.31614563E-02
 1.04714282E+00 -2.11906009E-02
 1.03800601E+00 -1.84114063E-02
 1.02348076E+00 -1.56761716E-02
 1.00447210E+00 -1.35504845E-02
 9.79390136E-01 -1.37605455E-02
 9.42058630E-01 -1.87562199E-02
 8.97180469E-01 -3.03710140E-02
 8.55979901E-01 -4.97706485E-02
 8.26915066E-01 -7.62834997E-02
 8.18596232E-01 -1.06088312E-01
 8.33339510E-01 -1.31655372E-01
 8.65428466E-01 -1.43362625E-01
 9.11350794E-01 -1.34327784E-01
 9.66261611E-01 -1.03544504E-01
 1.01794871E+00 -5.97588496E-02
 1.05328337E+00 -1.87287796E-02
 1.06182249E+00  1.04218971E-02
 1.04011838E+00  2.92954172E-02
 1.00476199E+00  5.39253517E-02
 9.85782442E-01  1.09195469E-01
 1.00231365E+00  1.97981929E-01
 1.05756983E+00  2.90237665E-01
 1.12980446E+00  3.16081777E-01
 1.17485368E+00  2.09973330E-01
 1.16663325E+00  4.34527153E-02
 1.10370696E+00 -3.55534194E-02
 1.00631356E+00  2.58869804E-04
 9.19831321E-01  9.87402216E-02
 8.71387836E-01  1.69156437E-01
 8.61456407E-01  1.03297461E-01
 8.79343413E-01  3.95378206E-02
 8.93364249E-01  2.08212294E-01
 8.79973034E-01  4.03905521E-01
 8.29577405E-01  2.91647829E-01
 7.19577134E-01  2.14152529E-02
 5.58090074E-01 -1.19406176E-01
 4.46416461E-01 -1.41560839E-01
 4.89168448E-01 -9.69968397E-02
 6.07885978E-01 -3.53594839E-02
 6.50736565E-01 -9.91925401E-02
 6.60695172E-01 -2.04285096E-01
 7.37500805E-01 -1.38326833E-01
 8.22129974E-01 -2.57114201E-02
 8.47000918E-01 -8.22518887E-02
 8.33641946E-01 -2.11337414E-01
 7.93597630E-01 -2.60027469E-01
 7.32785435E-01 -2.35948247E-01
 6.88598651E-01 -1.51715202E-01
 6.85788553E-01 -5.39743434E-02
 7.10986852E-01 -5.20119114E-02
 6.93467057E-01 -8.75635410E-02
 5.63739333E-01 -2.24218815E-02
 4.25797054E-01  6.07718744E-02
 4.58282186E-01  3.09919765E-02
 6.36485389E-01 -2.61526670E-02
 8.35663505E-01  6.44695062E-03
 9.96523459E-01  9.81900843E-02
 1.04034718E+00  1.84523059E-01
 9.39093178E-01  1.90572778E-01
 7.79706823E-01  3.55059257E-02
 6.45856382E-01 -1.50231328E-01
 5.90004912E-01 -1.47644101E-01
 5.61520932E-01 -7.34460556E-02
 4.44029367E-01 -1.52633711E-01
 3.21721207E-01 -2.52198726E-01
 3.57710421E-01 -1.82689456E-01
 4.89158218E-01 -7.84510950E-02
 5.96684279E-01 -9.21202346E-02
 6.93890217E-01 -1.11904066E-01
 7.85974385E-01 -1.82949823E-02
 8.30990992E-01  8.57545539E-02
 8.25616159E-01  7.91534689E-02
 7.75527245E-01  2.09446105E-02
 6.77663458E-01 -7.03819373E-03
 5.58074132E-01 -3.74618836E-02
 4.57191374E-01 -9.80733840E-02
 4.04890381E-01 -1.46323265E-01
 4.09032451E-01 -1.55958505E-01
 4.14477549E-01 -1.50204199E-01
 3.47974664E-01 -1.55273218E-01
 2.57468592E-01 -1.75622552E-01
 2.40857247E-01 -2.07179284E-01
 2.61854366E-01 -2.31496048E-01
 2.59874634E-01 -2.13944139E-01
 3.14382954E-01 -1.43488425E-01
 5.02641923E-01 -4.22332111E-02
 7.40320464E-01  3.85503407E-02
 9.03469387E-01  4.89709790E-02
 9.73702056E-01  4.89222517E-02
 9.68371581E-01  1.35773681E-01
 9.04033762E-01  2.25667739E-01
 8.46091097E-01  1.81595163E-01
 8.43982129E-01  7.11773883E-02
 8.93815921E-01  2.84757390E-02
 9.59559528E-01  8.71277243E-02
 9.74711988E-01  2.40016722E-01
 9.13057420E-01  3.48186486E-01
 8.11391327E-01  2.13117235E-01
 7.48242431E-01 -1.53217905E-02
 7.97649104E-01 -3.74523820E-02
 8.47839545E-01  4.73782358E-02
 7.20229130E-01  2.39604986E-02
 5.51417879E-01 -2.25917085E-02
 5.82135478E-01  1.39072031E-03
 7.27170364E-01  2.23471349E-02
 8.16940293E-01  1.64953987E-02
 8.79138963E-01  5.15277976E-02
 9.24941885E-01  1.50543307E-01
 8.65871696E-01  2.06737780E-01
 6.92157869E-01  1.04967528E-01
 5.37513949E-01 -4.87278153E-02
 5.36082540E-01 -7.17693779E-02
 6.03157344E-01 -9.86963754E-03
 5.63988951E-01  7.08362401E-03
 4.59273283E-01 -5.13881459E-02
 4.07187201E-01 -1.95058000E-01
 4.25669489E-01 -3.04092088E-01
 5.36677590E-01 -1.81408775E-01
 6.94824273E-01  4.54495320E-02
 7.76457362E-01  1.10441235E-01
 8.18441482E-01  1.01551522E-01
 9.30591211E-01  1.84079125E-01
 1.06027836E+00  2.22889635E-01
 1.12962176E+00  9.53640381E-02
 1.17434586E+00 -3.86484842E-02
 1.22230422E+00 -1.69860596E-02
 1.23857567E+00  5.00912671E-02
 1.19835558E+00  4.26755171E-03
 1.10446612E+00 -7.04422385E-02
 9.58319172E-01 -4.88997402E-02
 7.63086084E-01  6.26170775E-03
 5.63997294E-01  2.08696937E-02
 4.96508312E-01  2.48376677E-02
 6.77002079E-01  4.05685119E-02
 9.57351068E-01  7.75110555E-02
 1.07050729E+00  1.55464630E-01
 1.01402845E+00  2.06592911E-01
 9.21737738E-01  1.35664851E-01
 8.66696502E-01  2.17590405E-02
 9.45993536E-01  5.27146876E-03
 1.09372877E+00  4.30302145E-02
 1.09145315E+00  3.06513434E-02
 9.53722005E-01 -3.96019142E-02
 8.22279848E-01 -1.56550246E-01
 7.52934523E-01 -2.44400291E-01
 8.09903320E-01 -1.81607013E-01
 9.17885773E-01 -6.29017987E-02
