# x =
 1.91826282E+01
# y =
 3.25097170E+00
 VARIABLES = u,v
 1.17270170E+00  6.37489159E-03
 1.17272478E+00  6.37693672E-03
 1.17266287E+00  6.34722517E-03
 1.17251471E+00  6.28552623E-03
 1.17228019E+00  6.19132724E-03
 1.17196327E+00  6.06611463E-03
 1.17157201E+00  5.91314425E-03
 1.17111830E+00  5.73700183E-03
 1.17061819E+00  5.54406011E-03
 1.17008889E+00  5.34075252E-03
 1.16954830E+00  5.13350782E-03
 1.16901632E+00  4.93021704E-03
 1.16851269E+00  4.73900384E-03
 1.16805566E+00  4.56712667E-03
 1.16766053E+00  4.42055480E-03
 1.16733563E+00  4.30193543E-03
 1.16708317E+00  4.21092556E-03
 1.16690399E+00  4.14695779E-03
 1.16679820E+00  4.10936462E-03
 1.16676744E+00  4.09796691E-03
 1.16681515E+00  4.11348444E-03
 1.16693940E+00  4.15443963E-03
 1.16713365E+00  4.21750835E-03
 1.16739026E+00  4.29953504E-03
 1.16769836E+00  4.39645717E-03
 1.16804692E+00  4.50413002E-03
 1.16842484E+00  4.61838999E-03
 1.16881505E+00  4.73239422E-03
 1.16919791E+00  4.83792197E-03
 1.16955711E+00  4.92831383E-03
 1.16988029E+00  4.99857712E-03
 1.17016365E+00  5.04695079E-03
 1.17041181E+00  5.07507415E-03
 1.17062826E+00  5.08413836E-03
 1.17081516E+00  5.07487834E-03
 1.17097384E+00  5.04839381E-03
 1.17110247E+00  5.00510594E-03
 1.17120316E+00  4.94719531E-03
 1.17128108E+00  4.87842517E-03
 1.17133723E+00  4.80126760E-03
 1.17137172E+00  4.71795728E-03
 1.17138447E+00  4.63081040E-03
 1.17137514E+00  4.54183517E-03
 1.17135066E+00  4.45496563E-03
 1.17132267E+00  4.37502920E-03
 1.17129785E+00  4.30414765E-03
 1.17127833E+00  4.24152687E-03
 1.17126010E+00  4.18250519E-03
 1.17123181E+00  4.11870079E-03
 1.17118529E+00  4.04296963E-03
 1.17111588E+00  3.95053454E-03
 1.17101844E+00  3.83911171E-03
 1.17089145E+00  3.71091368E-03
 1.17073408E+00  3.57041407E-03
 1.17054710E+00  3.42583463E-03
 1.17034154E+00  3.29401617E-03
 1.17013481E+00  3.19705567E-03
 1.16994307E+00  3.15670779E-03
 1.16977960E+00  3.19113723E-03
 1.16964673E+00  3.30653044E-03
 1.16953482E+00  3.49571404E-03
 1.16943353E+00  3.74642290E-03
 1.16932827E+00  4.03669673E-03
 1.16919418E+00  4.32850922E-03
 1.16900284E+00  4.57502126E-03
 1.16872386E+00  4.72638097E-03
 1.16833097E+00  4.73841437E-03
 1.16782021E+00  4.59321739E-03
 1.16720972E+00  4.30059660E-03
 1.16652868E+00  3.88341501E-03
 1.16582569E+00  3.38830628E-03
 1.16517441E+00  2.89646152E-03
 1.16466225E+00  2.50879002E-03
 1.16438107E+00  2.33284232E-03
 1.16441028E+00  2.46210604E-03
 1.16478275E+00  2.93150616E-03
 1.16548100E+00  3.71379070E-03
 1.16645800E+00  4.75119603E-03
 1.16761764E+00  5.93173197E-03
 1.16879431E+00  7.06427496E-03
 1.16978045E+00  7.91644412E-03
 1.17035854E+00  8.25483829E-03
 1.17034143E+00  7.89887796E-03
 1.16965448E+00  6.83053976E-03
 1.16834604E+00  5.20955518E-03
 1.16652731E+00  3.29973292E-03
 1.16441900E+00  1.53236187E-03
 1.16240563E+00  5.77226049E-04
 1.16096030E+00  1.13124596E-03
 1.16055956E+00  3.56931506E-03
 1.16157827E+00  7.62929045E-03
 1.16407358E+00  1.18973676E-02
 1.16775383E+00  1.42001845E-02
 1.17212873E+00  1.30723926E-02
 1.17638414E+00  8.27751057E-03
 1.17923830E+00  1.49330965E-03
 1.17932188E+00 -3.95437219E-03
 1.17578676E+00 -5.84077606E-03
 1.16886704E+00 -3.57861704E-03
 1.16081838E+00  1.74814904E-03
 1.15528143E+00  7.13383032E-03
 1.15479487E+00  1.07211194E-02
 1.15998662E+00  1.21865438E-02
 1.16849949E+00  1.14702627E-02
 1.17535069E+00  9.60798157E-03
 1.17737942E+00  7.00141691E-03
 1.17402080E+00  3.21117506E-03
 1.16713332E+00 -7.68904182E-04
 1.16138061E+00 -3.49982885E-03
 1.15932558E+00 -3.83098507E-03
 1.16066349E+00 -8.04191616E-04
 1.16416825E+00  4.30349421E-03
 1.16671584E+00  8.51612716E-03
 1.16676803E+00  9.99444926E-03
 1.16529859E+00  8.04390629E-03
 1.16302188E+00  3.71213887E-03
 1.16135905E+00 -9.85152064E-06
 1.16105971E+00 -1.55167785E-03
 1.16120253E+00 -9.77360336E-04
 1.16144552E+00  1.04262781E-03
 1.16151518E+00  2.54470817E-03
 1.16115844E+00  2.63541975E-03
 1.16093343E+00  1.97312267E-03
 1.16104265E+00  1.00798969E-03
 1.16139890E+00  6.40185318E-04
 1.16206971E+00  1.30666800E-03
 1.16283149E+00  2.35042124E-03
 1.16349946E+00  3.44005018E-03
 1.16404509E+00  4.24840225E-03
 1.16432393E+00  4.45634388E-03
 1.16424688E+00  4.28346901E-03
 1.16380302E+00  3.80619749E-03
 1.16297984E+00  3.01059277E-03
 1.16183378E+00  2.02702203E-03
 1.16049278E+00  8.81272944E-04
 1.15915819E+00 -2.56889380E-04
 1.15810071E+00 -1.05474835E-03
 1.15760068E+00 -1.24866552E-03
 1.15789128E+00 -6.12106092E-04
 1.15906070E+00  9.00569298E-04
 1.16103212E+00  3.08168990E-03
 1.16364489E+00  5.62312580E-03
 1.16659577E+00  8.02656624E-03
 1.16936588E+00  9.50140294E-03
 1.17132085E+00  9.22553291E-03
 1.17182272E+00  6.72424540E-03
 1.17036855E+00  2.22312443E-03
 1.16687673E+00 -2.75691693E-03
 1.16172828E+00 -5.82887611E-03
 1.15557007E+00 -5.35951281E-03
 1.14948093E+00 -1.02164246E-03
 1.14516138E+00  5.47217205E-03
 1.14443180E+00  1.06393218E-02
 1.14842709E+00  1.22057514E-02
 1.15685502E+00  9.66160244E-03
 1.16675546E+00  4.23647494E-03
 1.17333991E+00 -8.34416084E-04
 1.17327531E+00 -3.61702349E-03
 1.16575069E+00 -3.93374313E-03
 1.15389267E+00 -2.01594618E-03
 1.14429140E+00  6.55007794E-04
 1.14112988E+00  3.32193760E-03
 1.14516239E+00  6.27380626E-03
 1.15394480E+00  8.54621054E-03
 1.16132897E+00  8.97326237E-03
 1.16393345E+00  6.73771304E-03
 1.16215538E+00  1.28032207E-03
 1.15760070E+00 -5.46511180E-03
 1.15437288E+00 -9.84150723E-03
 1.15448043E+00 -9.59669292E-03
 1.15661536E+00 -4.14831816E-03
 1.15981035E+00  4.23629146E-03
 1.16216679E+00  1.05997478E-02
 1.16267392E+00  1.20075151E-02
 1.16253061E+00  8.17930091E-03
 1.16218239E+00  1.09639835E-03
 1.16199323E+00 -4.51794240E-03
 1.16230199E+00 -6.00840538E-03
 1.16237688E+00 -3.68460380E-03
 1.16194927E+00  9.96405255E-04
 1.16112698E+00  4.56312280E-03
 1.15982108E+00  5.15421045E-03
 1.15833269E+00  3.55574012E-03
 1.15691253E+00  7.17430012E-04
 1.15561001E+00 -1.37940788E-03
 1.15462620E+00 -1.64017748E-03
 1.15408891E+00 -8.78991072E-04
 1.15403479E+00  4.12441763E-04
 1.15450920E+00  1.48241638E-03
 1.15546400E+00  1.82962153E-03
 1.15675479E+00  2.01657139E-03
 1.15813138E+00  2.20002221E-03
 1.15924166E+00  2.36953642E-03
 1.15972185E+00  2.57394486E-03
 1.15926823E+00  2.41832047E-03
 1.15775974E+00  1.77893902E-03
 1.15528634E+00  8.28012216E-04
 1.15203418E+00 -3.11756815E-04
 1.14836034E+00 -1.27368377E-03
 1.14489476E+00 -1.57663636E-03
 1.14241079E+00 -8.46457194E-04
 1.14168918E+00  1.10956128E-03
 1.14334655E+00  4.00619453E-03
 1.14746729E+00  6.74050841E-03
 1.15355842E+00  7.74035160E-03
 1.16080939E+00  5.97295749E-03
 1.16788620E+00  1.36618613E-03
 1.17270252E+00 -4.63884553E-03
 1.17304129E+00 -9.34049140E-03
 1.16753053E+00 -1.08555656E-02
 1.15655978E+00 -8.56598137E-03
 1.14381999E+00 -3.25271835E-03
 1.13525749E+00  2.70677231E-03
 1.13501997E+00  7.69735928E-03
 1.14413441E+00  1.10931341E-02
 1.15873893E+00  1.22451357E-02
 1.17067537E+00  1.12793653E-02
 1.17476045E+00  8.09231737E-03
 1.17005006E+00  2.46024110E-03
 1.15956844E+00 -3.82508462E-03
 1.15093144E+00 -7.99195480E-03
 1.14831925E+00 -8.00211125E-03
 1.15122755E+00 -2.85928563E-03
 1.15765079E+00  5.36308684E-03
 1.16248209E+00  1.20918463E-02
 1.16320887E+00  1.44578218E-02
 1.16142256E+00  1.16667968E-02
 1.15827768E+00  5.36677193E-03
 1.15607420E+00 -2.18118219E-05
 1.15601528E+00 -2.11837362E-03
 1.15657178E+00 -1.09961658E-03
 1.15716112E+00  1.98302284E-03
 1.15731669E+00  4.22974347E-03
 1.15660320E+00  4.28428059E-03
 1.15591516E+00  3.12289975E-03
 1.15558456E+00  1.43199391E-03
 1.15548742E+00  5.49374403E-04
 1.15576813E+00  1.14157512E-03
 1.15611752E+00  2.25732905E-03
 1.15631243E+00  3.43294478E-03
 1.15639964E+00  4.22285477E-03
 1.15623910E+00  4.19539955E-03
 1.15576748E+00  3.71373673E-03
 1.15500952E+00  2.90778176E-03
 1.15394112E+00  1.74933484E-03
 1.15261895E+00  4.11662074E-04
 1.15116644E+00 -1.10884368E-03
 1.14975414E+00 -2.63038210E-03
 1.14861983E+00 -3.74331857E-03
 1.14801079E+00 -4.13959782E-03
 1.14813031E+00 -3.54377881E-03
 1.14905622E+00 -1.88632784E-03
 1.15072205E+00  5.95966607E-04
 1.15298880E+00  3.56271444E-03
 1.15559608E+00  6.46171030E-03
 1.15810315E+00  8.40620545E-03
 1.15997397E+00  8.46582215E-03
 1.16066642E+00  6.05857898E-03
 1.15975162E+00  1.32942999E-03
 1.15715981E+00 -4.19510357E-03
 1.15321384E+00 -8.04480942E-03
 1.14846476E+00 -8.48971914E-03
 1.14383351E+00 -5.08127113E-03
 1.14076863E+00  6.18751789E-04
 1.14081658E+00  5.27799201E-03
 1.14492891E+00  6.79831147E-03
 1.15282365E+00  4.83109178E-03
 1.16192221E+00  6.48244682E-04
 1.16807572E+00 -2.60227074E-03
 1.16839596E+00 -3.20913621E-03
 1.16218224E+00 -1.42505275E-03
 1.15215019E+00  1.83966955E-03
 1.14401684E+00  4.36880087E-03
 1.14142376E+00  5.01539710E-03
 1.14504809E+00  4.34686962E-03
 1.15278597E+00  2.80631084E-03
 1.15931704E+00  1.37240760E-03
 1.16171203E+00  5.98359831E-04
 1.16030186E+00 -4.25650579E-05
 1.15645187E+00 -6.06901986E-04
 1.15368337E+00 -1.06238433E-03
 1.15370136E+00 -1.36225419E-03
 1.15534809E+00 -9.59031185E-04
 1.15778952E+00  3.04290487E-04
 1.15941271E+00  2.22399883E-03
 1.15938216E+00  4.60871168E-03
 1.15879160E+00  6.91883168E-03
 1.15810562E+00  8.42147037E-03
 1.15772818E+00  8.46761053E-03
 1.15804877E+00  6.63150142E-03
 1.15851909E+00  3.11858601E-03
 1.15893874E+00 -7.39102483E-04
 1.15936791E+00 -2.92975353E-03
 1.15963006E+00 -2.13598186E-03
 1.15978126E+00  1.74014008E-03
 1.15969042E+00  6.88365209E-03
 1.15899041E+00  9.94437055E-03
 1.15756015E+00  8.91789735E-03
 1.15545858E+00  3.81490547E-03
 1.15310400E+00 -3.10377273E-03
 1.15129711E+00 -7.43255674E-03
 1.15069102E+00 -6.65995168E-03
 1.15171361E+00 -1.09355109E-03
 1.15449275E+00  6.68232575E-03
 1.15864871E+00  1.16048503E-02
 1.16356013E+00  1.06895121E-02
 1.16816471E+00  4.25294899E-03
 1.17043869E+00 -5.30966137E-03
 1.16802157E+00 -1.29766840E-02
 1.15934388E+00 -1.53753974E-02
 1.14435921E+00 -1.19716901E-02
 1.12593064E+00 -3.08197632E-03
 1.10965483E+00  8.85935186E-03
 1.10147057E+00  2.15153355E-02
 1.10760923E+00  3.29211095E-02
 1.13465110E+00  3.79755646E-02
 1.17945810E+00  3.11535454E-02
 1.21171865E+00  1.04516260E-02
 1.19677565E+00 -2.05634862E-02
 1.15196402E+00 -4.67056864E-02
 1.11772824E+00 -4.94131821E-02
 1.08486783E+00 -3.10205420E-02
 1.03818929E+00 -5.99647493E-03
 1.02073240E+00  2.49872079E-02
 1.07186277E+00  5.93241823E-02
 1.15428544E+00  7.39832127E-02
 1.20817502E+00  5.07969115E-02
 1.22715214E+00  5.72323594E-03
 1.22132293E+00 -3.07160163E-02
 1.18347235E+00 -4.90035469E-02
 1.12554319E+00 -4.91920708E-02
 1.07493442E+00 -3.04446552E-02
 1.04964317E+00 -3.82595118E-03
 1.05698875E+00  2.21495408E-02
 1.09178409E+00  4.54068778E-02
 1.13987307E+00  5.42967176E-02
 1.18252319E+00  4.04194845E-02
 1.20695346E+00  1.44732055E-02
 1.21043295E+00 -6.85003279E-03
 1.19029905E+00 -1.87053299E-02
 1.15205170E+00 -2.27034646E-02
 1.11818796E+00 -2.06091586E-02
 1.10941529E+00 -1.72904811E-02
 1.11700996E+00 -7.41199149E-03
 1.11880924E+00  1.80552151E-02
 1.12110834E+00  4.05010328E-02
 1.13893810E+00  3.46273499E-02
 1.16319681E+00  1.25526561E-02
 1.18241289E+00 -8.57933045E-04
 1.19185391E+00 -6.94082923E-03
 1.18379889E+00 -1.18788026E-02
 1.16232297E+00 -1.19134833E-02
 1.14313747E+00 -9.76867908E-03
 1.13429618E+00 -8.25036920E-03
 1.13799506E+00 -4.00636493E-03
 1.15030555E+00  1.98754453E-03
 1.15828801E+00  6.67990652E-03
 1.15649490E+00  8.15015415E-03
 1.14804211E+00  4.05880054E-03
 1.13724062E+00 -2.52850575E-03
 1.13322525E+00 -4.65333993E-03
 1.14029291E+00  8.79052005E-05
 1.15435380E+00  9.43311341E-03
 1.17038783E+00  1.43371973E-02
 1.18016179E+00  3.62895604E-03
 1.17677432E+00 -1.53939221E-02
 1.15827749E+00 -2.52106362E-02
 1.12293934E+00 -2.49072779E-02
 1.07878721E+00 -1.96347079E-02
 1.05857636E+00 -8.18897919E-03
 1.09303973E+00  6.02609747E-03
 1.15405264E+00  1.84473750E-02
 1.18678887E+00  2.68185564E-02
 1.19327706E+00  2.10531993E-02
 1.19474078E+00 -5.92533771E-03
 1.17275157E+00 -3.48482587E-02
 1.12192942E+00 -3.85684999E-02
 1.08740485E+00 -2.22683358E-02
 1.10786809E+00 -6.57505032E-03
 1.15053150E+00  4.77745807E-03
 1.15930453E+00  9.98422709E-03
 1.14886252E+00  8.61948836E-03
 1.15602658E+00  1.00445417E-02
 1.16579456E+00  9.31580114E-03
 1.16277956E+00 -4.66893336E-03
 1.15836247E+00 -1.76141073E-02
 1.15508727E+00 -1.13413516E-02
 1.15053225E+00  3.13292365E-03
 1.14990639E+00  7.45457258E-03
 1.15714404E+00  4.31040242E-03
 1.17012020E+00  6.95837846E-04
 1.17489708E+00 -4.47000445E-03
 1.15798350E+00 -8.00180392E-03
 1.14052960E+00 -6.00670714E-03
 1.15356986E+00 -4.98531839E-04
 1.17585337E+00  5.94004501E-03
 1.17057211E+00  1.03689909E-02
 1.15585425E+00  1.06711965E-02
 1.16113931E+00  7.63930606E-03
 1.17228103E+00  2.97470302E-03
 1.17213605E+00 -6.50787698E-04
 1.16960228E+00 -1.32848928E-03
 1.17080999E+00  6.91489321E-04
 1.17059267E+00  4.19466360E-03
 1.16784727E+00  6.90476729E-03
 1.16486634E+00  7.43134079E-03
 1.16170680E+00  6.11764438E-03
 1.15833178E+00  3.78216759E-03
 1.15565276E+00  2.05121928E-03
 1.15443457E+00  1.82823074E-03
 1.15521823E+00  2.65880826E-03
 1.15809837E+00  4.11449493E-03
 1.16258905E+00  5.37325820E-03
 1.16794605E+00  5.87319840E-03
 1.17295656E+00  5.81566987E-03
 1.17571174E+00  4.99211814E-03
 1.17423815E+00  3.17713681E-03
 1.16743048E+00  4.60550060E-04
 1.15593611E+00 -2.91621692E-03
 1.14364137E+00 -5.60176893E-03
 1.13657623E+00 -5.58561912E-03
 1.13883840E+00 -1.81281096E-03
 1.15118154E+00  5.42255759E-03
 1.16912776E+00  1.35055264E-02
 1.18367410E+00  1.80266915E-02
 1.18885824E+00  1.62454150E-02
 1.18319055E+00  8.01887379E-03
 1.16965953E+00 -3.40683865E-03
 1.15641584E+00 -1.17166911E-02
 1.14835622E+00 -1.29451025E-02
 1.14601320E+00 -6.69773192E-03
 1.14901307E+00  4.05048024E-03
 1.15393542E+00  1.26745324E-02
 1.15933519E+00  1.52447688E-02
 1.16654997E+00  1.18278208E-02
 1.17380964E+00  4.60763559E-03
 1.17868917E+00 -1.15609316E-03
 1.17908911E+00 -2.59717844E-03
 1.17261574E+00 -5.84204871E-04
 1.16174414E+00  3.49919816E-03
 1.15250629E+00  6.52165932E-03
 1.14857754E+00  6.85853549E-03
 1.15159906E+00  5.75505631E-03
 1.15949234E+00  4.00246083E-03
 1.16606369E+00  2.88881775E-03
 1.16815107E+00  3.16832179E-03
 1.16589691E+00  3.84732565E-03
 1.16075184E+00  4.51018869E-03
 1.15693079E+00  4.90654438E-03
 1.15638728E+00  4.73779845E-03
 1.15785406E+00  4.50279278E-03
 1.16044927E+00  4.40006399E-03
 1.16227150E+00  4.34057487E-03
 1.16235066E+00  4.41612894E-03
 1.16192550E+00  4.47446621E-03
 1.16146777E+00  4.42680371E-03
 1.16139262E+00  4.36373711E-03
 1.16208573E+00  4.26976346E-03
 1.16284944E+00  4.16194913E-03
 1.16341403E+00  4.07502165E-03
 1.16384262E+00  3.97629102E-03
 1.16398021E+00  3.86465888E-03
 1.16402861E+00  3.74995180E-03
 1.16410088E+00  3.62442944E-03
 1.16408980E+00  3.49554605E-03
 1.16403070E+00  3.36756191E-03
 1.16390490E+00  3.23738432E-03
 1.16367493E+00  3.10905826E-03
 1.16339163E+00  2.98624852E-03
 1.16306813E+00  2.87070757E-03
 1.16271001E+00  2.76543427E-03
 1.16233884E+00  2.67084165E-03
 1.16195268E+00  2.58520617E-03
 1.16155543E+00  2.50802274E-03
 1.16116108E+00  2.43911672E-03
 1.16078550E+00  2.37827783E-03
 1.16045360E+00  2.32620307E-03
 1.16018477E+00  2.28300909E-03
 1.15998950E+00  2.24846973E-03
 1.15987342E+00  2.22389010E-03
 1.15983352E+00  2.21126384E-03
 1.15986803E+00  2.21247247E-03
 1.15997737E+00  2.22931354E-03
 1.16015618E+00  2.26199373E-03
 1.16039735E+00  2.30922859E-03
 1.16069079E+00  2.37016232E-03
 1.16102259E+00  2.44389886E-03
 1.16138359E+00  2.52901438E-03
 1.16176730E+00  2.62418454E-03
 1.16216390E+00  2.72727083E-03
 1.16256157E+00  2.83564240E-03
 1.16294326E+00  2.94789885E-03
 1.16328722E+00  3.06332269E-03
 1.16357703E+00  3.18101278E-03
 1.16380199E+00  3.30028566E-03
 1.16395585E+00  3.42013788E-03
 1.16403910E+00  3.53906156E-03
 1.16405206E+00  3.65606517E-03
 1.16399412E+00  3.77015348E-03
 1.16386827E+00  3.87928774E-03
 1.16367856E+00  3.98076844E-03
 1.16343202E+00  4.07132944E-03
 1.16313895E+00  4.14685598E-03
 1.16280709E+00  4.20283716E-03
 1.16244323E+00  4.23473677E-03
 1.16205643E+00  4.23829124E-03
 1.16165727E+00  4.21054132E-03
 1.16126117E+00  4.15123966E-03
 1.16088716E+00  4.06317130E-03
 1.16055001E+00  3.95176001E-03
 1.16025965E+00  3.82603827E-03
 1.16002084E+00  3.69965053E-03
 1.15983183E+00  3.58918418E-03
 1.15969129E+00  3.51125040E-03
 1.15959891E+00  3.47973993E-03
 1.15955248E+00  3.50104864E-03
 1.15955011E+00  3.57266837E-03
 1.15958721E+00  3.68628084E-03
 1.15965662E+00  3.82436057E-03
 1.15975441E+00  3.95561137E-03
 1.15987790E+00  4.04009530E-03
 1.16002307E+00  4.03658228E-03
 1.16018492E+00  3.90974161E-03
 1.16035305E+00  3.64477891E-03
 1.16051304E+00  3.24999387E-03
 1.16065443E+00  2.74542725E-03
 1.16077082E+00  2.17166676E-03
 1.16086014E+00  1.60101942E-03
 1.16092604E+00  1.12445408E-03
 1.16097076E+00  8.37346773E-04
 1.16099478E+00  8.21955326E-04
 1.16100049E+00  1.10941301E-03
 1.16098956E+00  1.67569967E-03
 1.16096494E+00  2.47049529E-03
 1.16093074E+00  3.39647112E-03
 1.16088635E+00  4.28583515E-03
 1.16082835E+00  4.93464175E-03
 1.16075439E+00  5.13979830E-03
 1.16066294E+00  4.74666166E-03
 1.16055715E+00  3.74690343E-03
 1.16044443E+00  2.29271908E-03
 1.16032881E+00  6.31312074E-04
 1.16021150E+00 -8.38099751E-04
 1.16009212E+00 -1.50002246E-03
 1.15996705E+00 -7.23991719E-04
 1.15983472E+00  1.79706410E-03
 1.15969578E+00  5.74641731E-03
 1.15954857E+00  9.69869777E-03
 1.15939166E+00  1.15278510E-02
 1.15922461E+00  9.87890738E-03
 1.15904774E+00  4.72430754E-03
 1.15886671E+00 -1.90734938E-03
 1.15869139E+00 -6.32274681E-03
 1.15853073E+00 -6.18624294E-03
 1.15839287E+00 -1.24817510E-03
 1.15828338E+00  6.34403780E-03
 1.15820436E+00  1.20918743E-02
 1.15815985E+00  1.32849762E-02
 1.15815497E+00  9.83380292E-03
 1.15819275E+00  3.54121274E-03
 1.15827588E+00 -1.45194930E-03
 1.15840492E+00 -2.79427599E-03
 1.15857827E+00 -8.38873098E-04
 1.15879657E+00  3.15078315E-03
 1.15906093E+00  6.23419184E-03
 1.15936917E+00  6.82119514E-03
 1.15971629E+00  5.63248188E-03
 1.16009256E+00  3.44619427E-03
 1.16048343E+00  1.84414751E-03
 1.16087492E+00  1.69181253E-03
 1.16125363E+00  2.23388285E-03
 1.16160576E+00  3.03741402E-03
 1.16191924E+00  3.52119128E-03
 1.16218193E+00  3.29921713E-03
 1.16238257E+00  2.89542839E-03
 1.16251532E+00  2.53546279E-03
 1.16257826E+00  2.30766293E-03
 1.16257102E+00  2.35936706E-03
 1.16249471E+00  2.44945432E-03
 1.16234863E+00  2.47290258E-03
 1.16213081E+00  2.48306381E-03
 1.16184411E+00  2.43666302E-03
 1.16149554E+00  2.40172201E-03
 1.16109495E+00  2.42232929E-03
 1.16065638E+00  2.45269295E-03
 1.16019395E+00  2.49788049E-03
 1.15972167E+00  2.54984410E-03
 1.15925734E+00  2.58939683E-03
 1.15881972E+00  2.62895785E-03
 1.15842610E+00  2.66683433E-03
 1.15809161E+00  2.69595705E-03
 1.15782466E+00  2.71862308E-03
 1.15762744E+00  2.73113030E-03
 1.15750156E+00  2.73125039E-03
 1.15744779E+00  2.72067099E-03
 1.15746664E+00  2.69875095E-03
 1.15755901E+00  2.66588870E-03
 1.15771958E+00  2.62497835E-03
 1.15793703E+00  2.58019873E-03
 1.15819756E+00  2.53837045E-03
 1.15848363E+00  2.50836628E-03
 1.15877784E+00  2.49819415E-03
 1.15906464E+00  2.51417894E-03
 1.15932751E+00  2.55997600E-03
 1.15955264E+00  2.63506638E-03
 1.15973324E+00  2.73549067E-03
 1.15987185E+00  2.85219843E-03
 1.15998667E+00  2.96775298E-03
 1.16010847E+00  3.05917645E-03
 1.16026712E+00  3.10372544E-03
 1.16048683E+00  3.08259124E-03
 1.16077829E+00  2.98824832E-03
 1.16113443E+00  2.82655154E-03
 1.16154278E+00  2.61014410E-03
 1.16197908E+00  2.36341724E-03
 1.16239334E+00  2.12995504E-03
 1.16272116E+00  1.96460992E-03
 1.16289509E+00  1.92399766E-03
 1.16285613E+00  2.05645753E-03
 1.16258439E+00  2.37989727E-03
 1.16210036E+00  2.87893594E-03
 1.16143756E+00  3.52206754E-03
 1.16065688E+00  4.24925789E-03
 1.15986183E+00  4.95729607E-03
 1.15917750E+00  5.51822294E-03
 1.15873946E+00  5.79763491E-03
 1.15866706E+00  5.67952153E-03
 1.15900050E+00  5.12007851E-03
 1.15969916E+00  4.15314119E-03
 1.16068354E+00  2.85120949E-03
 1.16180446E+00  1.35478039E-03
 1.16281606E+00 -9.55748171E-05
 1.16342581E+00 -1.20569722E-03
 1.16334531E+00 -1.67777472E-03
 1.16236366E+00 -1.27562185E-03
 1.16049239E+00  4.11186229E-05
 1.15798774E+00  2.09845608E-03
 1.15526121E+00  4.59936617E-03
 1.15296602E+00  7.04630584E-03
 1.15209262E+00  8.65392304E-03
 1.15363555E+00  8.58260959E-03
 1.15801190E+00  6.31318733E-03
 1.16455830E+00  1.99283410E-03
 1.17073903E+00 -2.98678761E-03
 1.17287322E+00 -6.38202805E-03
 1.16869566E+00 -6.62929705E-03
 1.15837678E+00 -3.34390583E-03
 1.14584766E+00  2.01766231E-03
 1.13800427E+00  6.37977866E-03
 1.13919927E+00  7.78896516E-03
 1.14979991E+00  5.89141898E-03
 1.16538153E+00  1.82772308E-03
 1.17698446E+00 -1.53136133E-03
 1.17911353E+00 -2.60817346E-03
 1.17143286E+00 -1.58968638E-03
 1.15777339E+00  7.73232202E-04
 1.14682207E+00  2.56278602E-03
 1.14360541E+00  2.83825424E-03
 1.14765925E+00  2.20483729E-03
 1.15624718E+00  1.10226845E-03
 1.16289997E+00  3.99329189E-04
 1.16411256E+00  5.48023210E-04
 1.16125077E+00  9.65417819E-04
 1.15603161E+00  1.41672796E-03
 1.15211154E+00  1.70463219E-03
 1.15144792E+00  1.64427797E-03
 1.15244774E+00  1.55571590E-03
 1.15416590E+00  1.55613761E-03
 1.15520721E+00  1.60191996E-03
 1.15470240E+00  1.75406178E-03
 1.15384495E+00  1.90964476E-03
 1.15313870E+00  2.01229977E-03
 1.15282011E+00  2.11504647E-03
 1.15322476E+00  2.20261905E-03
 1.15377864E+00  2.28393779E-03
 1.15423827E+00  2.37838638E-03
 1.15471338E+00  2.46316985E-03
 1.15509183E+00  2.53588156E-03
 1.15552653E+00  2.60024793E-03
 1.15610928E+00  2.64968254E-03
 1.15672335E+00  2.68765456E-03
 1.15737106E+00  2.71579858E-03
 1.15801978E+00  2.73106952E-03
 1.15860479E+00  2.73280878E-03
 1.15913027E+00  2.71835165E-03
 1.15956822E+00  2.68390597E-03
 1.15987953E+00  2.62602969E-03
 1.16004906E+00  2.53940143E-03
 1.16005205E+00  2.41794291E-03
 1.15986829E+00  2.25617744E-03
 1.15949048E+00  2.04982537E-03
 1.15891713E+00  1.79815515E-03
 1.15816023E+00  1.50442964E-03
 1.15724944E+00  1.17436698E-03
 1.15623303E+00  8.17496177E-04
 1.15518067E+00  4.48640789E-04
 1.15417802E+00  8.62102093E-05
 1.15331193E+00 -2.49625585E-04
 1.15265935E+00 -5.39292155E-04
 1.15227221E+00 -7.68876386E-04
 1.15216827E+00 -9.30666721E-04
 1.15233764E+00 -1.01933812E-03
 1.15272725E+00 -1.03478272E-03
 1.15321712E+00 -9.85353694E-04
 1.15364312E+00 -8.85050123E-04
 1.15384038E+00 -7.52109063E-04
 1.15367585E+00 -6.05388697E-04
 1.15311162E+00 -4.54872281E-04
 1.15220423E+00 -3.02602255E-04
 1.15101672E+00 -1.51589319E-04
 1.14963512E+00 -2.28549291E-06
 1.14819533E+00  1.50279779E-04
 1.14687246E+00  3.12110437E-04
 1.14596977E+00  4.92365222E-04
 1.14592119E+00  6.98036011E-04
 1.14721731E+00  9.19047680E-04
 1.15027501E+00  1.13100143E-03
 1.15510125E+00  1.30591963E-03
 1.16101241E+00  1.40770293E-03
 1.16633567E+00  1.39183382E-03
 1.16882222E+00  1.21918421E-03
 1.16702573E+00  8.69325343E-04
 1.16098586E+00  3.62008048E-04
 1.15307192E+00 -2.06123288E-04
 1.14737395E+00 -6.50911845E-04
 1.14630944E+00 -7.11674986E-04
 1.14959958E+00 -2.47375613E-05
 1.15346041E+00  1.90522529E-03
 1.15180756E+00  5.47072238E-03
 1.14347950E+00  1.04914118E-02
 1.13475818E+00  1.58503237E-02
 1.14081811E+00  1.89842897E-02
 1.17265509E+00  1.66405560E-02
 1.20043489E+00  7.21859807E-03
 1.18216015E+00 -8.06502923E-03
 1.14275417E+00 -2.36893640E-02
 1.13079488E+00 -3.11114673E-02
 1.12744990E+00 -2.50114568E-02
 1.10312085E+00 -5.45257178E-03
 1.09062815E+00  2.01022266E-02
 1.12176692E+00  3.79120648E-02
 1.16639659E+00  3.91876943E-02
 1.18625777E+00  2.28897638E-02
 1.19167133E+00 -3.76331319E-03
 1.19826245E+00 -2.51487420E-02
 1.17963429E+00 -3.17258187E-02
 1.11825165E+00 -2.29568677E-02
 1.06345534E+00 -4.02904359E-03
 1.07292732E+00  1.21672902E-02
 1.12139970E+00  1.83897156E-02
 1.15234161E+00  1.58885499E-02
 1.16698827E+00  7.21951418E-03
 1.17795330E+00 -6.18780228E-04
 1.17477943E+00 -4.09727289E-03
 1.16353528E+00 -5.87443377E-03
 1.15338034E+00 -6.29238057E-03
 1.14036764E+00 -6.20629912E-03
 1.12636224E+00 -5.81578813E-03
 1.11575295E+00 -2.36158934E-03
 1.11438156E+00  3.35670182E-03
 1.12910153E+00  8.36497506E-03
 1.14931861E+00  1.09959008E-02
 1.15774316E+00  9.39014339E-03
 1.15973787E+00  4.27352626E-03
 1.16761360E+00 -8.38045766E-04
 1.17283848E+00 -4.20070028E-03
 1.16474365E+00 -5.22721711E-03
 1.15053700E+00 -3.87669652E-03
 1.13978885E+00 -1.79565968E-03
 1.13536436E+00  4.53666164E-04
 1.14016393E+00  3.38026069E-03
 1.15201272E+00  6.23341672E-03
 1.16190098E+00  8.19741616E-03
 1.16537282E+00  8.48172002E-03
 1.16247284E+00  6.10208646E-03
 1.15514526E+00  2.02307359E-03
 1.14946396E+00 -1.44784144E-03
 1.14819890E+00 -2.90940622E-03
 1.14962382E+00 -1.70500280E-03
 1.15257278E+00  1.35617629E-03
 1.15434919E+00  3.86607673E-03
 1.15360907E+00  4.60429401E-03
 1.15212654E+00  3.62400734E-03
 1.15054695E+00  1.49781868E-03
 1.14943994E+00 -1.17242981E-04
 1.14932982E+00 -4.46220098E-04
 1.14921495E+00  3.54272289E-05
 1.14874392E+00  9.94546143E-04
 1.14806968E+00  1.69018484E-03
 1.14703195E+00  1.73978100E-03
 1.14597962E+00  1.61005780E-03
 1.14515027E+00  1.45487393E-03
 1.14446714E+00  1.39826349E-03
 1.14406447E+00  1.55175883E-03
 1.14399272E+00  1.61262557E-03
 1.14421422E+00  1.46764894E-03
 1.14476149E+00  1.15775935E-03
 1.14558389E+00  6.50034223E-04
 1.14657016E+00  6.98164825E-05
 1.14758158E+00 -4.61571438E-04
 1.14841916E+00 -8.91680749E-04
 1.14887462E+00 -1.10812126E-03
 1.14877809E+00 -1.03297856E-03
 1.14806265E+00 -6.49277291E-04
 1.14678191E+00  3.70401588E-05
 1.14505383E+00  9.76135148E-04
 1.14310076E+00  2.06446513E-03
 1.14129653E+00  3.13152933E-03
 1.14009536E+00  3.95819880E-03
 1.13995478E+00  4.32413513E-03
 1.14123309E+00  4.05734317E-03
 1.14398317E+00  3.12847602E-03
 1.14792193E+00  1.66738532E-03
 1.15256613E+00 -1.07950889E-04
 1.15711103E+00 -1.83594962E-03
 1.16029354E+00 -2.94590268E-03
 1.16076188E+00 -2.82935084E-03
 1.15767913E+00 -1.11021073E-03
 1.15127359E+00  2.10350730E-03
 1.14375199E+00  5.79559909E-03
 1.13867811E+00  8.32890163E-03
 1.13853603E+00  8.56165618E-03
 1.14393459E+00  6.21036972E-03
 1.15255739E+00  2.33441332E-03
 1.15951596E+00 -8.26002697E-04
 1.16170880E+00 -1.84856470E-03
 1.15858289E+00 -4.76109984E-04
 1.15196686E+00  2.45994888E-03
 1.14644348E+00  4.86736186E-03
 1.14453630E+00  5.59656365E-03
 1.14595660E+00  4.78382857E-03
 1.14950939E+00  2.97538274E-03
 1.15213552E+00  1.56741328E-03
 1.15233212E+00  1.24490401E-03
 1.15105954E+00  1.56739381E-03
 1.14902079E+00  2.21683856E-03
 1.14760820E+00  2.56434913E-03
 1.14754586E+00  2.28457249E-03
 1.14790647E+00  1.80618046E-03
 1.14831783E+00  1.30456767E-03
 1.14846503E+00  9.27675493E-04
 1.14805589E+00  8.15339985E-04
 1.14760473E+00  7.40342866E-04
 1.14729634E+00  6.22536337E-04
 1.14705675E+00  4.98523789E-04
 1.14698141E+00  3.28174821E-04
 1.14690664E+00  1.89655321E-04
 1.14674993E+00  1.26554554E-04
 1.14660954E+00  1.01970868E-04
 1.14647184E+00  1.27510823E-04
 1.14635909E+00  1.96275168E-04
 1.14630901E+00  2.93138121E-04
 1.14628777E+00  4.32743509E-04
 1.14629442E+00  6.13374215E-04
 1.14633703E+00  8.27254535E-04
 1.14639924E+00  1.07236684E-03
 1.14647607E+00  1.33766048E-03
 1.14655890E+00  1.61259994E-03
 1.14663161E+00  1.88934692E-03
 1.14668873E+00  2.15740186E-03
 1.14672825E+00  2.40746923E-03
 1.14674440E+00  2.63116907E-03
 1.14673245E+00  2.82051674E-03
 1.14668810E+00  2.97085725E-03
 1.14660590E+00  3.08013664E-03
 1.14648459E+00  3.14722823E-03
 1.14632570E+00  3.17186628E-03
 1.14612780E+00  3.15291396E-03
 1.14588952E+00  3.08861546E-03
 1.14561303E+00  2.98008030E-03
 1.14530350E+00  2.83091501E-03
 1.14497275E+00  2.64626712E-03
 1.14463876E+00  2.43363352E-03
 1.14431857E+00  2.20059505E-03
 1.14402852E+00  1.95477000E-03
 1.14378492E+00  1.70624361E-03
 1.14360132E+00  1.46578400E-03
 1.14349102E+00  1.24280751E-03
 1.14346550E+00  1.04485544E-03
 1.14352838E+00  8.74787456E-04
 1.14367746E+00  7.31182644E-04
 1.14390810E+00  6.12700650E-04
 1.14421339E+00  5.18285148E-04
 1.14458885E+00  4.47711280E-04
 1.14503169E+00  4.02412028E-04
 1.14553249E+00  3.81199939E-04
 1.14607628E+00  3.80812251E-04
 1.14664462E+00  3.99166664E-04
 1.14721378E+00  4.33686561E-04
 1.14776042E+00  4.81887679E-04
 1.14826191E+00  5.41356085E-04
 1.14869092E+00  6.05684940E-04
 1.14901955E+00  6.66127224E-04
 1.14922335E+00  7.16241120E-04
 1.14928244E+00  7.51777722E-04
 1.14918803E+00  7.72330308E-04
 1.14894165E+00  7.81742792E-04
 1.14854645E+00  7.82578136E-04
 1.14800717E+00  7.76105354E-04
 1.14732912E+00  7.64057253E-04
 1.14651685E+00  7.46808211E-04
 1.14558366E+00  7.25835988E-04
 1.14455086E+00  7.03428503E-04
 1.14344169E+00  6.78393742E-04
 1.14228419E+00  6.47721317E-04
 1.14110809E+00  6.08655646E-04
 1.13994376E+00  5.58639042E-04
 1.13882912E+00  4.98691785E-04
 1.13780524E+00  4.32880309E-04
 1.13690791E+00  3.63022085E-04
 1.13616634E+00  2.89276261E-04
 1.13559706E+00  2.10794579E-04
 1.13520375E+00  1.24566572E-04
 1.13498912E+00  2.93415752E-05
 1.13495534E+00 -7.44346548E-05
 1.13510343E+00 -1.87944767E-04
 1.13543556E+00 -3.12091186E-04
 1.13594433E+00 -4.46876061E-04
 1.13661340E+00 -5.91548382E-04
 1.13742619E+00 -7.41363159E-04
 1.13836203E+00 -8.88397671E-04
 1.13939788E+00 -1.02529004E-03
 1.14050937E+00 -1.14513024E-03
 1.14166177E+00 -1.24252049E-03
 1.14281486E+00 -1.31436128E-03
 1.14393498E+00 -1.35633978E-03
 1.14499622E+00 -1.36362536E-03
 1.14598645E+00 -1.33339071E-03
 1.14690769E+00 -1.26352024E-03
 1.14776010E+00 -1.15332770E-03
 1.14854073E+00 -1.00354512E-03
 1.14924515E+00 -8.13154989E-04
 1.14986320E+00 -5.80539230E-04
 1.15039038E+00 -3.06580719E-04
 1.15082628E+00  5.75337664E-06
 1.15116190E+00  3.50491714E-04
 1.15138590E+00  7.18429201E-04
 1.15148821E+00  1.10083478E-03
 1.15146130E+00  1.48948166E-03
 1.15131490E+00  1.87540771E-03
 1.15107278E+00  2.25057836E-03
 1.15075471E+00  2.60732363E-03
 1.15037888E+00  2.93896842E-03
 1.14996180E+00  3.24310977E-03
 1.14951321E+00  3.52042609E-03
 1.14904876E+00  3.77171912E-03
 1.14858626E+00  3.99746204E-03
 1.14813039E+00  4.19525562E-03
 1.14767719E+00  4.35953937E-03
 1.14721498E+00  4.48607001E-03
 1.14671992E+00  4.57081825E-03
 1.14616302E+00  4.60762047E-03
 1.14551327E+00  4.59044315E-03
 1.14473889E+00  4.51325033E-03
 1.14381825E+00  4.37161680E-03
 1.14275305E+00  4.16868473E-03
 1.14156984E+00  3.91438489E-03
 1.14031484E+00  3.62110071E-03
 1.13906108E+00  3.30564041E-03
 1.13791510E+00  2.98971503E-03
 1.13701186E+00  2.69698693E-03
 1.13651260E+00  2.45283351E-03
 1.13659466E+00  2.28002247E-03
 1.13742704E+00  2.18967146E-03
 1.13911447E+00  2.18085052E-03
 1.14159950E+00  2.24450975E-03
 1.14456249E+00  2.35872317E-03
 1.14729482E+00  2.48524922E-03
 1.14887797E+00  2.57463006E-03
 1.14871676E+00  2.57138444E-03
 1.14682099E+00  2.42251767E-03
 1.14418388E+00  2.09450803E-03
 1.14252030E+00  1.58167812E-03
 1.14288196E+00  9.07856005E-04
 1.14523852E+00  1.46397881E-04
 1.14810768E+00 -5.55306025E-04
 1.14887865E+00 -1.01282607E-03
 1.14643411E+00 -1.08886065E-03
 1.14189472E+00 -7.49294264E-04
 1.13885022E+00 -1.51255586E-04
 1.14228750E+00  4.10991131E-04
 1.15293230E+00  7.64674571E-04
 1.16483553E+00  9.30837418E-04
 1.16375635E+00  1.20086108E-03
 1.13849809E+00  2.04236636E-03
 1.11203793E+00  3.53590756E-03
 1.12023013E+00  5.19113678E-03
 1.15128280E+00  5.84259449E-03
 1.17050803E+00  3.98555124E-03
 1.16930748E+00 -7.77288791E-04
 1.14629347E+00 -7.06459174E-03
 1.11389646E+00 -1.11338535E-02
 1.10396401E+00 -8.06406493E-03
 1.11428376E+00  3.74339476E-03
 1.12138070E+00  2.04458658E-02
 1.13102923E+00  3.06062021E-02
 1.15041216E+00  2.19530213E-02
 1.16637174E+00  1.89977329E-03
 1.17053249E+00 -1.12936579E-02
 1.16370198E+00 -1.67847264E-02
 1.14601996E+00 -1.97051429E-02
 1.11779532E+00 -1.58604235E-02
 1.08664248E+00 -4.73347538E-03
 1.07550518E+00  1.03802198E-02
 1.10492923E+00  2.69587324E-02
 1.15516329E+00  3.39924630E-02
 1.18662622E+00  2.01051873E-02
 1.19354068E+00 -5.09019980E-03
 1.18512256E+00 -2.19586248E-02
 1.16009700E+00 -2.60868240E-02
 1.12904626E+00 -2.00877351E-02
 1.10760271E+00 -5.65068204E-03
 1.10117633E+00  8.18447019E-03
 1.11076739E+00  1.49979590E-02
 1.13070929E+00  1.57360783E-02
 1.15105572E+00  1.15730932E-02
 1.16376347E+00  6.18912628E-03
 1.16789238E+00  1.48661672E-03
 1.16782979E+00 -4.19999372E-03
 1.15870291E+00 -8.88749995E-03
 1.13589862E+00 -9.74349015E-03
 1.11703251E+00 -5.59696470E-03
 1.12187186E+00  3.68265904E-03
 1.13866248E+00  1.11010856E-02
 1.14464785E+00  8.30026709E-03
 1.14242201E+00  2.64648238E-03
 1.14176797E+00  6.35033898E-03
 1.14081084E+00  1.11435355E-02
 1.14180196E+00  4.06071978E-03
 1.14820760E+00 -5.38907623E-03
 1.15602724E+00 -4.02942477E-03
 1.16198951E+00  1.57369453E-03
 1.16384528E+00  2.07486988E-03
 1.15977468E+00  6.76087140E-04
 1.15151264E+00  8.47398755E-04
 1.14233291E+00  8.72260159E-04
 1.13630026E+00  1.23073350E-03
 1.13670670E+00  3.14695036E-03
 1.14383623E+00  5.49675084E-03
 1.15458763E+00  7.20120992E-03
 1.16325983E+00  7.45726571E-03
 1.16600926E+00  5.69181273E-03
 1.16219090E+00  2.39130498E-03
 1.15412857E+00 -1.29610090E-03
 1.14731170E+00 -3.79390974E-03
 1.14481314E+00 -3.89169422E-03
 1.14631567E+00 -1.43840770E-03
 1.15034873E+00  2.44203206E-03
 1.15321519E+00  5.58738794E-03
 1.15311239E+00  6.56525701E-03
 1.15122086E+00  5.13446719E-03
 1.14842081E+00  2.15043116E-03
 1.14642744E+00 -3.29052210E-04
 1.14613707E+00 -1.15882396E-03
 1.14643574E+00 -4.66967796E-04
 1.14687992E+00  1.19469466E-03
 1.14709126E+00  2.43916215E-03
 1.14671605E+00  2.58618654E-03
 1.14638002E+00  2.07220588E-03
 1.14630901E+00  1.21964644E-03
 1.14641358E+00  6.62407818E-04
 1.14680410E+00  7.29805810E-04
 1.14726905E+00  1.00023678E-03
 1.14768927E+00  1.30236039E-03
 1.14815876E+00  1.48980239E-03
 1.14863526E+00  1.42641533E-03
 1.14912059E+00  1.34325287E-03
 1.14963243E+00  1.32415598E-03
 1.15010304E+00  1.33726475E-03
 1.15050907E+00  1.42620708E-03
 1.15084532E+00  1.51531289E-03
 1.15109269E+00  1.56447521E-03
 1.15125945E+00  1.61393641E-03
 1.15135185E+00  1.65456075E-03
 1.15136778E+00  1.69505010E-03
 1.15131375E+00  1.75032433E-03
 1.15119469E+00  1.80350946E-03
 1.15101964E+00  1.85349214E-03
 1.15080500E+00  1.90413395E-03
 1.15056497E+00  1.95199607E-03
 1.15031443E+00  2.00173134E-03
 1.15007031E+00  2.05619386E-03
 1.14985020E+00  2.11464287E-03
 1.14967861E+00  2.17955102E-03
 1.14958383E+00  2.25272644E-03
 1.14958757E+00  2.33525908E-03
 1.14970389E+00  2.42886078E-03
 1.14993575E+00  2.53334437E-03
 1.15027429E+00  2.64715332E-03
 1.15071101E+00  2.76906417E-03
 1.15123891E+00  2.89779462E-03
 1.15185038E+00  3.03256901E-03
 1.15254072E+00  3.17337252E-03
 1.15330072E+00  3.31932572E-03
 1.15411778E+00  3.46892590E-03
 1.15498616E+00  3.62092444E-03
 1.15590214E+00  3.77377303E-03
 1.15685961E+00  3.92607594E-03
 1.15784885E+00  4.07658654E-03
 1.15884527E+00  4.22295216E-03
 1.15981132E+00  4.36220087E-03
 1.16071132E+00  4.49179065E-03
 1.16150930E+00  4.60947922E-03
 1.16216769E+00  4.71385871E-03
 1.16265366E+00  4.80446660E-03
 1.16293372E+00  4.88050473E-03
 1.16297960E+00  4.94097639E-03
 1.16278544E+00  4.98518968E-03
 1.16236676E+00  5.01237367E-03
 1.16175743E+00  5.02225747E-03
 1.16101752E+00  5.01510276E-03
 1.16023399E+00  4.99084680E-03
 1.15951171E+00  4.94932238E-03
 1.15896110E+00  4.89038259E-03
 1.15868023E+00  4.81361139E-03
 1.15872658E+00  4.71862415E-03
 1.15910907E+00  4.60481222E-03
 1.15980171E+00  4.47053001E-03
 1.16072264E+00  4.31291352E-03
 1.16170775E+00  4.12756379E-03
 1.16253904E+00  3.90910122E-03
 1.16298878E+00  3.65332196E-03
 1.16286149E+00  3.35833350E-03
 1.16207741E+00  3.02587970E-03
 1.16068606E+00  2.66245247E-03
 1.15879542E+00  2.27828921E-03
 1.15662080E+00  1.88886052E-03
 1.15454923E+00  1.51757728E-03
 1.15305854E+00  1.19295003E-03
 1.15262999E+00  9.43433235E-04
 1.15364086E+00  7.93595405E-04
 1.15613397E+00  7.56689632E-04
 1.15978945E+00  8.32502293E-04
 1.16409096E+00  1.01300622E-03
 1.16819730E+00  1.27722879E-03
 1.17079847E+00  1.58405407E-03
 1.17050729E+00  1.87974970E-03
 1.16647156E+00  2.10763134E-03
 1.15894989E+00  2.21802243E-03
 1.15028064E+00  2.18972839E-03
 1.14422028E+00  2.03295915E-03
 1.14338829E+00  1.77228261E-03
 1.14843012E+00  1.45884621E-03
 1.15689583E+00  1.18526917E-03
 1.16361927E+00  1.06735392E-03
 1.16531423E+00  1.22574914E-03
 1.16137854E+00  1.76151087E-03
 1.15373691E+00  2.70280028E-03
 1.14723577E+00  3.99979468E-03
 1.14456437E+00  5.56415160E-03
 1.14547352E+00  7.24037298E-03
 1.14879338E+00  8.77445781E-03
 1.15140990E+00  9.86089972E-03
 1.15184607E+00  1.01929695E-02
 1.15119670E+00  9.52853875E-03
 1.15022459E+00  7.82472697E-03
 1.15035278E+00  5.25752181E-03
 1.15227116E+00  2.13252405E-03
 1.15488101E+00 -1.03638274E-03
 1.15759176E+00 -3.43859452E-03
 1.15982995E+00 -4.19750176E-03
 1.16102924E+00 -2.74192407E-03
 1.16149842E+00  8.51528945E-04
 1.16132352E+00  5.28534638E-03
 1.16045143E+00  8.41305392E-03
 1.15907774E+00  8.72373423E-03
 1.15724956E+00  5.80883515E-03
 1.15527793E+00  9.81146393E-04
 1.15376316E+00 -2.92123415E-03
 1.15319776E+00 -4.14607862E-03
 1.15400696E+00 -2.46244233E-03
 1.15629546E+00  9.91187918E-04
 1.15972396E+00  3.48656412E-03
 1.16378211E+00  3.56867806E-03
 1.16762976E+00  1.53713483E-03
 1.16990780E+00 -1.67280543E-03
 1.16918232E+00 -3.95640351E-03
 1.16457649E+00 -4.14576478E-03
 1.15636610E+00 -2.61720510E-03
 1.14700526E+00  2.22564813E-04
 1.14043290E+00  3.35094015E-03
 1.13939837E+00  6.03585199E-03
 1.14459623E+00  8.35843582E-03
 1.15350731E+00  9.80591710E-03
 1.16078421E+00  9.78848421E-03
 1.16303095E+00  8.00218620E-03
 1.15963325E+00  4.27759016E-03
 1.15257369E+00 -1.98964533E-04
 1.14684490E+00 -3.29449630E-03
 1.14518359E+00 -3.60587740E-03
 1.14725157E+00 -6.67371145E-04
 1.15173346E+00  4.22158491E-03
 1.15528395E+00  8.14628492E-03
 1.15625438E+00  9.30455742E-03
 1.15568226E+00  7.36270593E-03
 1.15430603E+00  3.37803019E-03
 1.15360301E+00  6.66780264E-05
 1.15433370E+00 -1.08561386E-03
 1.15546782E+00 -2.49143380E-04
 1.15659312E+00  1.88328294E-03
 1.15737663E+00  3.51290471E-03
 1.15750449E+00  3.75540257E-03
 1.15753708E+00  3.17389600E-03
 1.15768320E+00  2.17170212E-03
 1.15786815E+00  1.55438598E-03
 1.15820447E+00  1.73703067E-03
 1.15852434E+00  2.16656295E-03
 1.15873232E+00  2.62130541E-03
 1.15891982E+00  2.91806656E-03
 1.15906032E+00  2.88390113E-03
 1.15916977E+00  2.81598639E-03
 1.15929412E+00  2.81563684E-03
 1.15941466E+00  2.82866444E-03
 1.15953993E+00  2.90401130E-03
 1.15968186E+00  2.94282737E-03
 1.15982643E+00  2.89373720E-03
 1.15996640E+00  2.81378143E-03
 1.16009619E+00  2.69439024E-03
 1.16020748E+00  2.54741835E-03
 1.16029318E+00  2.39856317E-03
 1.16034625E+00  2.23466033E-03
 1.16035856E+00  2.06232018E-03
 1.16032402E+00  1.89490179E-03
 1.16024770E+00  1.73020128E-03
 1.16014283E+00  1.57128620E-03
 1.16002142E+00  1.42158893E-03
 1.15989408E+00  1.28174395E-03
 1.15976457E+00  1.15912097E-03
 1.15962909E+00  1.06410826E-03
 1.15948964E+00  1.00266624E-03
 1.15935245E+00  9.78304546E-04
 1.15922233E+00  9.92986445E-04
 1.15910672E+00  1.04528149E-03
 1.15900962E+00  1.13459815E-03
 1.15893162E+00  1.26110477E-03
 1.15888008E+00  1.42123765E-03
 1.15886489E+00  1.60972482E-03
 1.15889228E+00  1.82068545E-03
 1.15896598E+00  2.04708324E-03
 1.15908154E+00  2.28414451E-03
 1.15922668E+00  2.52889098E-03
 1.15939180E+00  2.77641059E-03
 1.15956933E+00  3.02051035E-03
 1.15975216E+00  3.25348115E-03
 1.15993689E+00  3.46577349E-03
 1.16011840E+00  3.65001484E-03
 1.16029080E+00  3.80132251E-03
 1.16045494E+00  3.91587507E-03
 1.16061504E+00  3.99206734E-03
 1.16077553E+00  4.02871160E-03
 1.16094077E+00  4.02459936E-03
 1.16110819E+00  3.98057991E-03
 1.16126889E+00  3.89878679E-03
 1.16141604E+00  3.78260561E-03
 1.16154277E+00  3.63698707E-03
 1.16164015E+00  3.46669540E-03
 1.16170056E+00  3.27657214E-03
 1.16171478E+00  3.07276629E-03
 1.16167463E+00  2.86234189E-03
 1.16158222E+00  2.65375027E-03
 1.16144822E+00  2.45642134E-03
 1.16128745E+00  2.27820473E-03
 1.16112192E+00  2.12480096E-03
 1.16098022E+00  1.99945077E-03
 1.16089359E+00  1.90257305E-03
 1.16089471E+00  1.83413077E-03
 1.16101065E+00  1.79407134E-03
 1.16125034E+00  1.78181190E-03
 1.16160300E+00  1.79679780E-03
 1.16204295E+00  1.83662443E-03
 1.16252188E+00  1.89714139E-03
 1.16296210E+00  1.97449468E-03
 1.16326730E+00  2.06433950E-03
 1.16333885E+00  2.16180201E-03
 1.16309338E+00  2.26162940E-03
 1.16249503E+00  2.35619100E-03
 1.16156223E+00  2.43654765E-03
 1.16034505E+00  2.49566385E-03
 1.15894587E+00  2.52875679E-03
 1.15754591E+00  2.53447410E-03
 1.15637422E+00  2.51515173E-03
 1.15566894E+00  2.47300765E-03
 1.15563434E+00  2.40989354E-03
 1.15635095E+00  2.32810142E-03
 1.15776334E+00  2.22930672E-03
 1.15974894E+00  2.11701841E-03
 1.16206694E+00  1.99633189E-03
 1.16429705E+00  1.87087199E-03
 1.16592232E+00  1.74399869E-03
 1.16642074E+00  1.61943351E-03
 1.16537894E+00  1.50111221E-03
 1.16272897E+00  1.39592656E-03
 1.15878114E+00  1.31269878E-03
 1.15405912E+00  1.25795915E-03
 1.14943612E+00  1.23591649E-03
 1.14629000E+00  1.24775695E-03
 1.14609272E+00  1.29101158E-03
 1.14975628E+00  1.36367327E-03
 1.15702713E+00  1.46427265E-03
 1.16547042E+00  1.59004471E-03
 1.17115843E+00  1.73832412E-03
 1.17135480E+00  1.90495597E-03
 1.16538720E+00  2.08434943E-03
 1.15580851E+00  2.27275390E-03
 1.14800808E+00  2.46718763E-03
 1.14540939E+00  2.66388733E-03
 1.14863438E+00  2.85861984E-03
 1.15568860E+00  3.04459644E-03
 1.16154748E+00  3.21304827E-03
 1.16345074E+00  3.35732812E-03
 1.16172789E+00  3.47291241E-03
 1.15769414E+00  3.55735959E-03
 1.15470683E+00  3.61114097E-03
 1.15441234E+00  3.63441311E-03
 1.15574978E+00  3.62690508E-03
 1.15794835E+00  3.58993404E-03
 1.15948622E+00  3.52522390E-03
 1.15956983E+00  3.43573449E-03
 1.15921624E+00  3.32578444E-03
 1.15883176E+00  3.19843517E-03
 1.15875560E+00  3.05621775E-03
 1.15930495E+00  2.90265378E-03
 1.15991307E+00  2.74189556E-03
 1.16036777E+00  2.58001868E-03
 1.16073842E+00  2.42464708E-03
 1.16091098E+00  2.28170489E-03
 1.16105832E+00  2.15525559E-03
 1.16127282E+00  2.04758488E-03
 1.16145622E+00  1.95856360E-03
 1.16163019E+00  1.88818493E-03
 1.16177469E+00  1.83680549E-03
 1.16185143E+00  1.80377301E-03
 1.16189638E+00  1.78828706E-03
 1.16191171E+00  1.78845056E-03
 1.16189088E+00  1.80121948E-03
 1.16184748E+00  1.82451665E-03
 1.16177953E+00  1.85657914E-03
 1.16168850E+00  1.89497725E-03
 1.16158367E+00  1.93682765E-03
 1.16146972E+00  1.97743365E-03
 1.16135336E+00  2.01077144E-03
 1.16124204E+00  2.03234258E-03
 1.16114046E+00  2.03932502E-03
 1.16105220E+00  2.03077288E-03
 1.16097928E+00  2.00806697E-03
 1.16092341E+00  1.97232612E-03
 1.16088674E+00  1.92418403E-03
 1.16087183E+00  1.86488892E-03
 1.16088183E+00  1.79543215E-03
 1.16091884E+00  1.71763468E-03
 1.16098395E+00  1.63407772E-03
 1.16107875E+00  1.54594335E-03
 1.16120458E+00  1.45376857E-03
 1.16136261E+00  1.35846958E-03
 1.16155384E+00  1.26126337E-03
 1.16177714E+00  1.16529901E-03
 1.16203002E+00  1.07523418E-03
 1.16231080E+00  9.94306931E-04
 1.16261853E+00  9.24399935E-04
 1.16295370E+00  8.66076263E-04
 1.16331833E+00  8.18041551E-04
 1.16371318E+00  7.79610768E-04
 1.16413755E+00  7.50798124E-04
 1.16458997E+00  7.30825786E-04
 1.16506719E+00  7.19118467E-04
 1.16556533E+00  7.14889220E-04
 1.16607956E+00  7.17148139E-04
 1.16660177E+00  7.26763536E-04
 1.16712167E+00  7.45821123E-04
 1.16762830E+00  7.76016397E-04
 1.16811046E+00  8.18715516E-04
 1.16855898E+00  8.73772688E-04
 1.16896683E+00  9.39527681E-04
 1.16932601E+00  1.01536109E-03
 1.16962852E+00  1.10144984E-03
 1.16986747E+00  1.19801626E-03
 1.17003636E+00  1.30598923E-03
 1.17013091E+00  1.42550678E-03
 1.17014886E+00  1.55588444E-03
 1.17008731E+00  1.69733769E-03
 1.16994416E+00  1.85012713E-03
 1.16972043E+00  2.01385779E-03
 1.16942020E+00  2.18760598E-03
 1.16905228E+00  2.36858313E-03
 1.16863000E+00  2.55239384E-03
 1.16816721E+00  2.73495300E-03
 1.16767806E+00  2.91244760E-03
 1.16717713E+00  3.08155630E-03
 1.16667782E+00  3.23993918E-03
 1.16619364E+00  3.38477053E-03
 1.16573704E+00  3.51303634E-03
 1.16531558E+00  3.62287169E-03
 1.16493321E+00  3.71296388E-03
 1.16459263E+00  3.78262832E-03
 1.16429571E+00  3.83183709E-03
 1.16404680E+00  3.85979660E-03
 1.16385224E+00  3.86542055E-03
 1.16371427E+00  3.84894610E-03
 1.16363183E+00  3.81173984E-03
 1.16360200E+00  3.75656482E-03
 1.16361856E+00  3.68776113E-03
 1.16367578E+00  3.60953387E-03
 1.16376824E+00  3.52591588E-03
 1.16388640E+00  3.44147518E-03
 1.16401939E+00  3.36049811E-03
 1.16415816E+00  3.28709113E-03
 1.16429585E+00  3.22489348E-03
 1.16443214E+00  3.17550969E-03
 1.16457251E+00  3.13895009E-03
 1.16472137E+00  3.11498222E-03
 1.16488188E+00  3.10320176E-03
 1.16505541E+00  3.10397373E-03
 1.16523996E+00  3.11846852E-03
 1.16543603E+00  3.14649408E-03
 1.16564572E+00  3.18679778E-03
 1.16586754E+00  3.23797776E-03
 1.16609903E+00  3.29773230E-03
 1.16633688E+00  3.36364752E-03
 1.16657717E+00  3.43299250E-03
 1.16682155E+00  3.50077267E-03
 1.16707535E+00  3.56048094E-03
 1.16734056E+00  3.60559281E-03
 1.16761659E+00  3.62937480E-03
 1.16789910E+00  3.62577166E-03
 1.16817902E+00  3.59000189E-03
 1.16844977E+00  3.51751196E-03
 1.16870697E+00  3.40497842E-03
 1.16894465E+00  3.25211064E-03
 1.16915821E+00  3.06179191E-03
 1.16934317E+00  2.84092983E-03
 1.16949542E+00  2.60161851E-03
 1.16961681E+00  2.36135479E-03
 1.16971338E+00  2.14152246E-03
 1.16979078E+00  1.96360368E-03
 1.16985451E+00  1.84584830E-03
 1.16990676E+00  1.79879963E-03
 1.16994604E+00  1.82302866E-03
 1.16997354E+00  1.91145574E-03
 1.16999196E+00  2.04521779E-03
 1.17000281E+00  2.18744574E-03
 1.17000842E+00  2.28931444E-03
 1.17000937E+00  2.30064529E-03
 1.17000479E+00  2.17848704E-03
 1.16999757E+00  1.90421955E-03
 1.16999231E+00  1.48702842E-03
 1.16999181E+00  9.49021234E-04
 1.16999778E+00  3.35741343E-04
 1.17000855E+00 -2.69231013E-04
 1.17001893E+00 -7.60156984E-04
 1.17002537E+00 -1.02563475E-03
 1.17002537E+00 -9.68964097E-04
 1.17001588E+00 -5.54126523E-04
 1.16999511E+00  1.90246519E-04
 1.16996090E+00  1.20670689E-03
 1.16991107E+00  2.38485333E-03
 1.16984716E+00  3.53464650E-03
 1.16977308E+00  4.42533470E-03
 1.16969280E+00  4.82346707E-03
 1.16961046E+00  4.54631979E-03
 1.16952803E+00  3.57413472E-03
 1.16944528E+00  2.06382716E-03
 1.16936381E+00  2.73799583E-04
 1.16928629E+00 -1.37271019E-03
 1.16921502E+00 -2.21888718E-03
 1.16915314E+00 -1.57960547E-03
 1.16910279E+00  9.24527984E-04
 1.16906533E+00  5.06117054E-03
 1.16904459E+00  9.48394598E-03
 1.16904545E+00  1.21067078E-02
 1.16907175E+00  1.15109557E-02
 1.16912657E+00  7.43779258E-03
 1.16921065E+00  1.43822467E-03
 1.16932226E+00 -3.37257454E-03
 1.16946050E+00 -4.93092996E-03
 1.16962490E+00 -2.72366538E-03
 1.16981447E+00  2.20470541E-03
 1.17002872E+00  7.01711658E-03
 1.17026618E+00  1.00002217E-02
 1.17052454E+00  1.09478793E-02
 1.17080289E+00  9.96588169E-03
 1.17110087E+00  8.21945774E-03
 1.17141764E+00  6.20288005E-03
 1.17175214E+00  3.47138510E-03
 1.17210153E+00  6.97290138E-04
 1.17246145E+00 -1.19545888E-03
 1.17282829E+00 -1.42137448E-03
 1.17319893E+00  8.58862149E-04
 1.17357037E+00  4.71919856E-03
 1.17394030E+00  7.93636824E-03
 1.17430563E+00  9.14518588E-03
 1.17466255E+00  7.74999184E-03
 1.17500793E+00  4.51864380E-03
 1.17533867E+00  1.72746202E-03
 1.17565146E+00  5.57927088E-04
 1.17594296E+00  9.89318937E-04
 1.17620865E+00  2.53969018E-03
 1.17644316E+00  3.73010726E-03
 1.17664160E+00  3.90588624E-03
 1.17679949E+00  3.57948331E-03
 1.17691305E+00  3.09065453E-03
 1.17697951E+00  3.11487341E-03
 1.17699602E+00  3.96770234E-03
 1.17695983E+00  5.12545291E-03
 1.17686919E+00  6.29893664E-03
 1.17672298E+00  7.19291793E-03
 1.17652119E+00  7.51545138E-03
 1.17626502E+00  7.38935644E-03
 1.17595618E+00  6.85472179E-03
 1.17559734E+00  5.91102368E-03
 1.17519293E+00  4.68188648E-03
 1.17474922E+00  3.23694926E-03
 1.17427485E+00  1.79037714E-03
 1.17378060E+00  6.99322581E-04
 1.17327789E+00  2.71289387E-04
 1.17277844E+00  7.65105356E-04
 1.17229389E+00  2.23523799E-03
 1.17183513E+00  4.47054295E-03
 1.17141294E+00  7.14146646E-03
 1.17103732E+00  9.70494616E-03
 1.17071579E+00  1.12965225E-02
 1.17045391E+00  1.10066883E-02
 1.17025573E+00  8.29353817E-03
 1.17012396E+00  3.36693198E-03
 1.17006148E+00 -2.16413884E-03
 1.17007071E+00 -5.74557109E-03
 1.17015069E+00 -5.61506200E-03
 1.17029721E+00 -1.38153258E-03
 1.17050287E+00  5.20473595E-03
 1.17075678E+00  1.05217103E-02
 1.17104727E+00  1.22248361E-02
 1.17136227E+00  9.81426212E-03
 1.17168802E+00  4.56098410E-03
 1.17201087E+00 -2.18830556E-04
 1.17231793E+00 -2.65278673E-03
 1.17259807E+00 -2.82573693E-03
 1.17284526E+00 -1.37949151E-03
 1.17305773E+00 -2.43056162E-04
 1.17323439E+00 -2.27278817E-04
 1.17337437E+00 -4.32479382E-04
 1.17347505E+00 -3.22323204E-04
 1.17353191E+00  9.38622649E-04
 1.17354408E+00  3.59813368E-03
 1.17351367E+00  6.54123682E-03
 1.17344326E+00  8.79308295E-03
 1.17333753E+00  9.37157695E-03
 1.17320092E+00  7.59374659E-03
 1.17303772E+00  3.94628691E-03
 1.17285670E+00 -2.09772378E-04
 1.17266872E+00 -2.93892919E-03
 1.17248232E+00 -2.78972443E-03
 1.17230356E+00  4.55383299E-04
 1.17213268E+00  5.43347996E-03
 1.17196431E+00  9.47011743E-03
 1.17179451E+00  1.08120788E-02
 1.17162094E+00  9.15751841E-03
 1.17144235E+00  5.54567437E-03
 1.17126047E+00  2.50607649E-03
 1.17107528E+00  1.44405333E-03
 1.17088578E+00  2.20440886E-03
 1.17069538E+00  4.11846461E-03
 1.17050941E+00  5.49218901E-03
 1.17033376E+00  5.49913054E-03
 1.17017466E+00  4.68337661E-03
 1.17003293E+00  3.44861834E-03
 1.16990537E+00  2.58045500E-03
 1.16979190E+00  2.49101300E-03
 1.16969459E+00  2.67069147E-03
 1.16961781E+00  2.91435527E-03
 1.16956946E+00  3.04533056E-03
 1.16955460E+00  2.89839240E-03
 1.16957575E+00  2.75756228E-03
 1.16963724E+00  2.72648148E-03
 1.16974234E+00  2.76697507E-03
 1.16989295E+00  2.93115631E-03
 1.17008968E+00  3.12303600E-03
 1.17032662E+00  3.28939397E-03
 1.17059289E+00  3.47399424E-03
 1.17087791E+00  3.65953102E-03
 1.17117135E+00  3.84998842E-03
 1.17146525E+00  4.05455290E-03
 1.17175509E+00  4.24235178E-03
 1.17203423E+00  4.40322497E-03
 1.17229520E+00  4.53504389E-03
 1.17253341E+00  4.63048940E-03
 1.17274510E+00  4.69586542E-03
 1.17292840E+00  4.73514329E-03
 1.17308308E+00  4.74751567E-03
 1.17320522E+00  4.73589296E-03
 1.17328909E+00  4.70133500E-03
 1.17333205E+00  4.64631681E-03
 1.17333385E+00  4.57607530E-03
 1.17329777E+00  4.49257935E-03
 1.17323136E+00  4.39657706E-03
 1.17314091E+00  4.28958131E-03
 1.17303190E+00  4.17332700E-03
 1.17291183E+00  4.05374447E-03
 1.17278768E+00  3.93996427E-03
 1.17266629E+00  3.83820807E-03
 1.17255376E+00  3.75209754E-03
 1.17245102E+00  3.68245123E-03
 1.17235505E+00  3.62618831E-03
 1.17226319E+00  3.58157895E-03
 1.17217301E+00  3.54830389E-03
 1.17208454E+00  3.52437046E-03
 1.17200074E+00  3.50816966E-03
 1.17192201E+00  3.49747789E-03
 1.17184713E+00  3.48942746E-03
 1.17177613E+00  3.48472484E-03
 1.17170834E+00  3.48635792E-03
 1.17164416E+00  3.49649561E-03
 1.17158469E+00  3.51673737E-03
 1.17152705E+00  3.54582085E-03
 1.17146622E+00  3.57966800E-03
 1.17139909E+00  3.61640627E-03
 1.17132401E+00  3.65595421E-03
 1.17124282E+00  3.69868219E-03
 1.17116103E+00  3.74669864E-03
 1.17108248E+00  3.80087187E-03
 1.17100962E+00  3.86074064E-03
 1.17094525E+00  3.92774273E-03
 1.17089071E+00  4.00362107E-03
 1.17084791E+00  4.08937844E-03
 1.17081901E+00  4.18554117E-03
 1.17080243E+00  4.28955386E-03
 1.17079440E+00  4.39627828E-03
 1.17079117E+00  4.50132979E-03
 1.17078898E+00  4.60089984E-03
 1.17078687E+00  4.69223748E-03
 1.17078654E+00  4.77434616E-03
 1.17078785E+00  4.84506970E-03
 1.17078956E+00  4.90146617E-03
 1.17079057E+00  4.94189521E-03
