# x =
 5.56296219E+01
# y =
 3.25097170E+00
 VARIABLES = u,v
 1.18137253E+00  1.52107145E-01
 1.17372924E+00  1.44254537E-01
 1.18423684E+00  1.12368574E-01
 1.20274285E+00  6.59709385E-02
 1.20167264E+00  2.11043232E-02
 1.16684069E+00 -1.04348641E-02
 1.10021923E+00 -2.77003487E-02
 1.01467114E+00 -3.62429282E-02
 9.38193639E-01 -4.84498560E-02
 8.88066087E-01 -7.08584605E-02
 8.66242681E-01 -9.93987485E-02
 8.72822630E-01 -1.24243550E-01
 8.98790672E-01 -1.29320460E-01
 9.38374305E-01 -1.06701251E-01
 9.92887424E-01 -6.16251135E-02
 1.05381457E+00 -6.98520225E-03
 1.10952796E+00  3.61266107E-02
 1.14938613E+00  5.38662996E-02
 1.16249227E+00  4.63604773E-02
 1.15295889E+00  2.40735232E-02
 1.13684281E+00  8.14181171E-03
 1.12514927E+00  1.20974115E-02
 1.12516457E+00  3.54256072E-02
 1.13617398E+00  6.77220266E-02
 1.14704591E+00  8.75830783E-02
 1.15430786E+00  8.31641114E-02
 1.16047957E+00  5.76675443E-02
 1.16436876E+00  2.12901657E-02
 1.16723052E+00 -6.05372879E-03
 1.16731754E+00 -1.28888006E-02
 1.15929720E+00 -2.04314092E-03
 1.14749862E+00  1.95605018E-02
 1.14112827E+00  3.75588327E-02
 1.14516227E+00  4.28782094E-02
 1.16208262E+00  3.74756847E-02
 1.18577945E+00  2.47154822E-02
 1.20189741E+00  1.22629726E-02
 1.20218688E+00  4.69256318E-03
 1.18453326E+00 -6.12752469E-04
 1.15108072E+00 -4.67929354E-03
 1.11145005E+00 -9.26288610E-03
 1.07267456E+00 -1.46866232E-02
 1.03851815E+00 -1.71440119E-02
 1.01689676E+00 -1.57089359E-02
 1.01482555E+00 -1.10839181E-02
 1.03770882E+00 -3.65815670E-03
 1.08800082E+00  4.27780365E-03
 1.15406241E+00  1.15753292E-02
 1.21457077E+00  1.84585837E-02
 1.25289242E+00  2.38789052E-02
 1.25914456E+00  2.69427442E-02
 1.23783920E+00  2.74439546E-02
 1.20765062E+00  2.50853767E-02
 1.17924393E+00  2.04108288E-02
 1.15479373E+00  1.48115959E-02
 1.13286344E+00  9.72426276E-03
 1.10412171E+00  6.82488545E-03
 1.06880392E+00  7.95180415E-03
 1.03835779E+00  1.43812664E-02
 1.02189463E+00  2.62288698E-02
 1.02999641E+00  4.23366944E-02
 1.06654422E+00  6.04549456E-02
 1.12195840E+00  7.68546393E-02
 1.18040624E+00  8.59445344E-02
 1.22158228E+00  8.14970107E-02
 1.23176491E+00  5.88329857E-02
 1.21429763E+00  1.69033408E-02
 1.19465434E+00 -3.83715147E-02
 1.19770871E+00 -9.51201611E-02
 1.18331047E+00 -1.41847484E-01
 1.09308812E+00 -1.68373396E-01
 9.80832963E-01 -1.67062564E-01
 9.37226323E-01 -1.35677953E-01
 9.38509877E-01 -7.41144689E-02
 9.32543444E-01  1.18002784E-02
 9.44592738E-01  1.01253068E-01
 9.95098088E-01  1.65561380E-01
 1.05308313E+00  1.82114746E-01
 1.09582196E+00  1.41333111E-01
 1.12683297E+00  6.20872107E-02
 1.14809563E+00 -1.36000756E-02
 1.15145658E+00 -5.64430993E-02
 1.13373782E+00 -5.48374145E-02
 1.10567311E+00 -1.84858541E-02
 1.08237494E+00  1.81942939E-02
 1.07726768E+00  3.73952430E-02
 1.09954419E+00  4.02584802E-02
 1.13947578E+00  2.81102759E-02
 1.17235206E+00  1.39482224E-02
 1.18327084E+00  1.19262032E-03
 1.16713960E+00 -1.95984160E-02
 1.12892820E+00 -4.11969203E-02
 1.08769884E+00 -5.11547546E-02
 1.05329646E+00 -4.08117813E-02
 1.02604297E+00 -1.14508021E-03
 1.01114045E+00  5.63343800E-02
 1.01018603E+00  1.03786428E-01
 1.02671731E+00  1.24843417E-01
 1.06747702E+00  1.12889784E-01
 1.12438003E+00  7.47408581E-02
 1.18032311E+00  3.42328664E-02
 1.22160512E+00  4.36102589E-03
 1.23604282E+00 -1.39740362E-02
 1.22215825E+00 -2.11859407E-02
 1.19045183E+00 -2.58073640E-02
 1.14686307E+00 -2.84254748E-02
 1.09609289E+00 -1.82858201E-02
 1.04833305E+00  1.08096156E-02
 1.01244874E+00  6.30911688E-02
 9.99521101E-01  1.32424253E-01
 1.01977519E+00  1.93135016E-01
 1.06677259E+00  2.04970406E-01
 1.12280415E+00  1.40552506E-01
 1.17311706E+00  5.06481129E-02
 1.20501760E+00  2.06009281E-02
 1.21438362E+00  3.58457985E-02
 1.20792069E+00  3.41908271E-02
 1.18633098E+00  1.42332437E-02
 1.14835543E+00 -1.44753290E-02
 1.10250809E+00 -3.08542384E-02
 1.05918421E+00  1.39013326E-02
 1.03021342E+00  9.38880967E-02
 1.02684474E+00  1.33099106E-01
 1.04286806E+00  1.14338022E-01
 1.05972118E+00  5.11146857E-02
 1.06585086E+00 -1.21412935E-02
 1.05525129E+00 -5.35039426E-03
 1.03113808E+00  2.89611136E-02
 1.00868798E+00 -6.12976028E-03
 9.94491653E-01 -6.20649387E-02
 9.87862931E-01 -5.07830071E-02
 9.92474087E-01 -1.18125303E-02
 1.00866464E+00  1.87867779E-04
 1.03790740E+00  2.79294530E-03
 1.08311220E+00  5.92629683E-03
 1.13283984E+00 -3.72362687E-03
 1.16761846E+00 -2.09850638E-02
 1.17420609E+00 -3.62027490E-02
 1.14576203E+00 -4.70851038E-02
 1.09143790E+00 -4.74443486E-02
 1.03571776E+00 -3.02039898E-02
 9.95388457E-01  9.90640979E-03
 9.78935569E-01  7.36832232E-02
 9.89257810E-01  1.45517071E-01
 1.01787969E+00  1.99080867E-01
 1.06091462E+00  2.15737043E-01
 1.11797440E+00  1.87579724E-01
 1.17612678E+00  1.25713260E-01
 1.21897348E+00  5.96717329E-02
 1.23179530E+00  9.10304905E-03
 1.20356122E+00 -1.84830127E-02
 1.14627667E+00 -2.29042651E-02
 1.08932031E+00 -1.74836416E-02
 1.05284165E+00 -7.48440585E-03
 1.04734724E+00  1.05400792E-02
 1.06794414E+00  2.99145496E-02
 1.09153166E+00  4.36338388E-02
 1.10734256E+00  4.48806566E-02
 1.11664383E+00  2.68056134E-02
 1.11891261E+00  3.96709719E-03
 1.12098914E+00  3.07002340E-03
 1.12350454E+00  3.43203422E-02
 1.11924538E+00  8.80073315E-02
 1.11469605E+00  1.20404047E-01
 1.11943047E+00  8.16607205E-02
 1.13206033E+00  1.45460355E-02
 1.13939300E+00 -1.73265116E-03
 1.09790082E+00 -1.02577725E-02
 9.70372784E-01 -8.42791365E-02
 8.25823072E-01 -1.64686115E-01
 7.74758675E-01 -1.73227181E-01
 7.98842886E-01 -1.44775105E-01
 8.23032400E-01 -1.29048567E-01
 8.46084228E-01 -1.08242706E-01
 8.73363931E-01 -6.71997146E-02
 9.11464090E-01 -2.43167413E-02
 9.97098046E-01  1.12546657E-02
 1.09552599E+00  3.75727762E-02
 1.13396265E+00  4.59991947E-02
 1.13590697E+00  3.87194739E-02
 1.15451913E+00  2.79236503E-02
 1.17791385E+00  2.15721578E-02
 1.19042289E+00  2.41913076E-02
 1.19926096E+00  3.14867250E-02
 1.19533292E+00  3.00844774E-02
 1.16988323E+00  1.50679256E-02
 1.12895439E+00 -1.01799589E-02
 1.07775189E+00 -3.85281174E-02
 1.02308762E+00 -5.61254101E-02
 9.70819924E-01 -5.59610784E-02
 9.22955150E-01 -4.10655853E-02
 8.87752555E-01 -1.72012967E-02
 8.75485582E-01  4.50927334E-03
 8.91000242E-01  1.59420555E-02
 9.34264841E-01  1.65794930E-02
 9.93281128E-01  8.52178003E-03
 1.04632766E+00 -1.75776399E-03
 1.07782731E+00 -9.12564424E-03
 1.08157975E+00 -1.20928368E-02
 1.06552479E+00 -7.17866376E-03
 1.05171850E+00  8.16976686E-03
 1.05439868E+00  3.55575443E-02
 1.07710870E+00  7.49395800E-02
 1.11593287E+00  1.15970227E-01
 1.15539504E+00  1.42078073E-01
 1.18713411E+00  1.42019919E-01
 1.21092006E+00  1.12326617E-01
 1.22038798E+00  6.51394984E-02
 1.21136534E+00  2.60614842E-02
 1.18102584E+00  1.17811975E-02
 1.12840610E+00  2.70979324E-02
 1.07318611E+00  6.44604942E-02
 1.04673581E+00  1.01447120E-01
 1.06714006E+00  1.24393348E-01
 1.13487310E+00  1.30800650E-01
 1.21776488E+00  1.18905195E-01
 1.25825873E+00  9.46745016E-02
 1.22580589E+00  6.02437569E-02
 1.12890765E+00  1.28300285E-02
 1.02338130E+00 -3.72259537E-02
 9.85156174E-01 -7.42651418E-02
 9.84510390E-01 -8.58753931E-02
 9.40944981E-01 -6.27657938E-02
 9.04851510E-01 -1.43457031E-02
 9.52848836E-01  3.45895180E-02
 1.02348266E+00  6.77334488E-02
 1.04160864E+00  7.70101677E-02
 1.04507321E+00  6.47841430E-02
 1.08324860E+00  4.74581396E-02
 1.12908276E+00  3.20083808E-02
 1.15169450E+00  1.60546204E-02
 1.16168465E+00  5.65593744E-04
 1.16458389E+00 -1.73990123E-02
 1.15607736E+00 -3.56782205E-02
 1.14374943E+00 -4.49892717E-02
 1.13185807E+00 -4.52837019E-02
 1.11756023E+00 -4.07266113E-02
 1.10300630E+00 -3.36413516E-02
 1.09031454E+00 -2.83890561E-02
 1.07798188E+00 -2.39309297E-02
 1.06511551E+00 -1.39206053E-02
 1.05060197E+00  2.93129150E-03
 1.03442305E+00  2.52452248E-02
 1.02344844E+00  5.11852400E-02
 1.02790846E+00  7.56065773E-02
 1.05161384E+00  9.51460057E-02
 1.09050669E+00  1.08469869E-01
 1.12956442E+00  1.11391160E-01
 1.14511624E+00  9.98178778E-02
 1.12312876E+00  7.19919404E-02
 1.06467236E+00  2.85971653E-02
 9.88703627E-01 -2.27523068E-02
 9.30303491E-01 -6.92432668E-02
 9.12772806E-01 -1.00835790E-01
 9.39795430E-01 -1.11789235E-01
 9.95037656E-01 -1.03736596E-01
 1.04171382E+00 -8.58688554E-02
 1.05824378E+00 -6.39526168E-02
 1.04576805E+00 -3.96091331E-02
 1.01967700E+00 -1.27171265E-02
 1.01341487E+00  2.05134467E-02
 1.04336478E+00  5.82462431E-02
 1.10018523E+00  9.21296812E-02
 1.16486798E+00  1.14256951E-01
 1.20369445E+00  1.15670648E-01
 1.19660541E+00  9.19746748E-02
 1.14853263E+00  4.75635404E-02
 1.07402805E+00 -7.39995205E-03
 1.00171198E+00 -5.74838719E-02
 9.52411638E-01 -8.87955819E-02
 9.28974337E-01 -9.41462864E-02
 9.29730376E-01 -7.49053686E-02
 9.43606343E-01 -4.10249029E-02
 9.64693278E-01 -5.27333330E-04
 9.97445349E-01  4.13928500E-02
 1.04000640E+00  7.84190048E-02
 1.08953441E+00  1.06810499E-01
 1.13946640E+00  1.20073591E-01
 1.17619106E+00  1.11041059E-01
 1.19459785E+00  8.45376833E-02
 1.19591348E+00  5.25309270E-02
 1.18100146E+00  2.54630787E-02
 1.15606357E+00  1.24419326E-02
 1.12980102E+00  1.27668584E-02
 1.11004927E+00  1.62194925E-02
 1.10582907E+00  1.88050272E-02
 1.12149915E+00  2.03327395E-02
 1.14791357E+00  1.91637774E-02
 1.16743955E+00  1.71347634E-02
 1.16699885E+00  1.23933748E-02
 1.14053823E+00  1.46025193E-04
 1.09478980E+00 -1.54081537E-02
 1.04913325E+00 -2.60063400E-02
 1.01512289E+00 -2.62437439E-02
 9.96355843E-01 -1.23550125E-02
 9.95459832E-01  1.09809508E-02
 1.00801126E+00  3.14167596E-02
 1.03314099E+00  4.21102898E-02
 1.07334155E+00  4.11589826E-02
 1.11864958E+00  2.99513665E-02
 1.15405470E+00  1.61768671E-02
 1.16808582E+00  4.61382056E-03
 1.15317722E+00 -3.18629306E-03
 1.11942507E+00 -1.64495605E-03
 1.09112307E+00  1.40042957E-02
 1.08310596E+00  4.62169794E-02
 1.09980341E+00  9.40131680E-02
 1.13263863E+00  1.43005467E-01
 1.15786960E+00  1.70204849E-01
 1.16295671E+00  1.59752726E-01
 1.14876762E+00  1.06319213E-01
 1.11997073E+00  2.34473385E-02
 1.09082674E+00 -5.79807557E-02
 1.06795281E+00 -1.16371960E-01
 1.04646795E+00 -1.42618757E-01
 1.02475681E+00 -1.38495991E-01
 9.99368378E-01 -1.21146429E-01
 9.70392813E-01 -9.86753700E-02
 9.46551280E-01 -6.89284304E-02
 9.34373570E-01 -3.53711779E-02
 9.39305131E-01  1.12505797E-03
 9.64890879E-01  3.45117723E-02
 1.00702881E+00  5.17070145E-02
 1.05608563E+00  5.25340148E-02
 1.09885410E+00  4.41405937E-02
 1.12386103E+00  3.09221941E-02
 1.12610005E+00  1.88813332E-02
 1.10970871E+00  7.55632193E-03
 1.08664678E+00 -8.88246749E-03
 1.06478945E+00 -2.37645790E-02
 1.04588669E+00 -1.83109431E-02
 1.02708048E+00  3.66597344E-02
 9.99026229E-01  1.45883210E-01
 9.57469109E-01  1.97895093E-01
 9.03858355E-01  6.39895943E-02
 8.36782260E-01 -1.44180110E-01
 7.56789443E-01 -2.18965314E-01
 6.65078082E-01 -1.95368379E-01
 5.63329505E-01 -1.87191906E-01
 4.64628269E-01 -1.62099636E-01
 3.89082434E-01 -1.07783538E-01
 3.52033099E-01 -8.62024648E-02
 3.63177135E-01 -1.06805804E-01
 4.19461427E-01 -1.15425192E-01
 5.03618798E-01 -6.50597493E-02
 5.98789250E-01 -1.95319855E-03
 6.86426243E-01 -2.34504382E-03
 7.40162711E-01 -1.43859974E-02
 7.38124187E-01  4.88809211E-02
 6.71912080E-01  1.49044514E-01
 5.59673120E-01  2.20494849E-01
 4.74988997E-01  2.65477461E-01
 5.02911014E-01  2.90093251E-01
 6.26233749E-01  3.11109085E-01
 7.61126761E-01  3.66911216E-01
 8.67291566E-01  4.17250668E-01
 9.12340870E-01  3.84890939E-01
 8.68840103E-01  2.98796989E-01
 7.67115473E-01  2.26953146E-01
 6.61306443E-01  1.70299009E-01
 5.93750937E-01  1.30349026E-01
 5.45961606E-01  1.41090971E-01
 4.60086736E-01  1.98698165E-01
 3.61743591E-01  2.27378754E-01
 3.18108690E-01  1.53883165E-01
 3.47339419E-01  3.90267587E-02
 4.64006350E-01  5.08202348E-03
 6.65570730E-01  5.14732197E-02
 8.88114613E-01  1.23672869E-01
 1.03062364E+00  1.98221205E-01
 1.00988420E+00  2.23023295E-01
 8.75442210E-01  1.78634814E-01
 7.54262926E-01  1.03498352E-01
 6.40082341E-01  1.63868555E-03
 4.89837518E-01 -1.15621542E-01
 4.04382718E-01 -1.66763892E-01
 4.66415294E-01 -9.71971295E-02
 5.71312271E-01 -4.67427711E-03
 5.80154226E-01 -3.98884329E-02
 5.13060539E-01 -1.92980483E-01
 4.66090112E-01 -3.54721754E-01
 5.21727760E-01 -4.22518032E-01
 7.46234444E-01 -2.91564358E-01
 9.89972881E-01 -4.40288300E-02
 9.97937188E-01  1.01683095E-01
 8.82772333E-01  1.48669310E-01
 8.99426628E-01  1.96189808E-01
 9.41716869E-01  2.01040515E-01
 8.47352401E-01  1.52470295E-01
 7.43871143E-01  1.29976249E-01
 7.59188312E-01  1.65010376E-01
 8.35831522E-01  2.08299030E-01
 9.15629697E-01  1.97195822E-01
 1.01013845E+00  1.54034390E-01
 1.08932933E+00  1.35505692E-01
 1.04808875E+00  1.21218701E-01
 8.25557389E-01  7.86236708E-02
 5.54709309E-01  1.92316979E-02
 4.31089031E-01 -5.31659002E-02
 4.14490755E-01 -1.39243521E-01
 3.62240665E-01 -2.21086848E-01
 2.95051775E-01 -2.82312076E-01
 2.51055639E-01 -3.14052278E-01
 2.05053512E-01 -3.15778601E-01
 1.81320003E-01 -2.97116430E-01
 1.94927744E-01 -2.62434279E-01
 2.17520562E-01 -2.12862584E-01
 2.37233341E-01 -1.55614353E-01
 2.52285038E-01 -9.71844575E-02
 2.90871753E-01 -4.54414614E-02
 3.98175875E-01 -8.96611192E-03
 5.42118937E-01  1.62657510E-02
 6.53175791E-01  4.10611057E-02
 7.27465233E-01  6.76455370E-02
 7.80720495E-01  8.80551583E-02
 8.06145868E-01  7.53924360E-02
 8.14992281E-01  8.07300258E-03
 8.20186154E-01 -5.73570982E-02
 8.14842965E-01 -4.09459623E-02
 7.90495547E-01  1.52786097E-02
 7.53992672E-01  2.71671534E-02
 7.71835883E-01  3.03557095E-02
 9.10740732E-01  7.60202021E-02
 1.07153570E+00  9.88619933E-02
 1.10283228E+00  4.29056217E-02
 1.07289218E+00 -2.81005700E-03
 1.11704283E+00  6.20799545E-02
 1.16442289E+00  1.57035248E-01
 1.12057678E+00  1.55036404E-01
 1.07096527E+00  1.05195825E-01
 1.10352030E+00  9.73960434E-02
 1.16340027E+00  9.51883606E-02
 1.18143391E+00  6.08456713E-02
 1.17386035E+00  2.87400756E-02
 1.16345422E+00  1.58349275E-02
 1.14229885E+00  5.08191716E-03
 1.12026655E+00 -1.16818713E-02
 1.10869421E+00 -2.96956167E-02
 1.09935956E+00 -4.32279395E-02
 1.08834985E+00 -4.41037040E-02
 1.07440564E+00 -1.97228962E-02
 1.05720575E+00  3.46699184E-02
 1.04475334E+00  1.10406471E-01
 1.04520797E+00  1.85660389E-01
 1.06421475E+00  2.29075435E-01
 1.10102495E+00  2.20635346E-01
 1.14013498E+00  1.61340306E-01
 1.14759895E+00  7.90021028E-02
 1.09666324E+00  2.22128971E-02
 1.02829554E+00  1.81491265E-02
 1.00656438E+00  5.87932405E-02
 9.94189431E-01  9.45047573E-02
 9.24681018E-01  6.64548969E-02
 8.50771942E-01  3.10494914E-02
 8.54305455E-01  8.79460457E-02
 9.28153725E-01  1.62286243E-01
 1.03437307E+00  1.30806054E-01
 1.11161591E+00  5.34370104E-02
 1.08316763E+00  3.35389365E-02
 1.01218961E+00  6.23429029E-02
 1.03562275E+00  1.17186382E-01
 1.12110304E+00  1.75669164E-01
 1.16793095E+00  1.76325617E-01
 1.17587027E+00  1.22534027E-01
 1.15021392E+00  7.50263048E-02
 1.10333867E+00  4.78889425E-02
 1.09315639E+00  4.00122141E-02
 1.09582888E+00  4.17464397E-02
 1.04415561E+00  1.86470066E-02
 9.79009613E-01 -3.82183344E-03
 9.64642509E-01  3.08307130E-02
 9.74813688E-01  9.87290470E-02
 9.75385634E-01  1.51553974E-01
 9.86678087E-01  1.92468201E-01
 1.02592018E+00  2.23659502E-01
 1.08621632E+00  2.23742015E-01
 1.14633356E+00  1.84310892E-01
 1.12312498E+00  1.08092551E-01
 9.45423850E-01  2.50573843E-03
 7.64343175E-01 -1.02438748E-01
 7.99167054E-01 -1.63893079E-01
 9.49647576E-01 -1.56586691E-01
 9.94273811E-01 -8.60036065E-02
 9.77894692E-01 -1.28892058E-02
 9.99380505E-01 -9.28997734E-03
 1.02045607E+00 -2.04341277E-02
 1.04132941E+00  5.45714170E-02
 1.09177873E+00  1.40605242E-01
 1.14104800E+00  1.18816267E-01
 1.15503168E+00  5.98569811E-02
 1.12287418E+00  6.72127710E-02
 1.08317336E+00  9.31852189E-02
 1.10097400E+00  7.68967127E-02
 1.15290918E+00  5.36608583E-02
 1.17341964E+00  5.07814083E-02
 1.16972874E+00  3.60658336E-02
 1.15568977E+00 -1.59633523E-02
 1.09290378E+00 -1.01028129E-01
 9.62690118E-01 -2.00804906E-01
 8.08227262E-01 -2.57204898E-01
 6.89822768E-01 -2.06731807E-01
 6.38702448E-01 -1.01802835E-01
 6.65961065E-01 -4.98295633E-02
 7.57608427E-01 -3.86873579E-02
 8.66280150E-01 -8.76857442E-03
 9.61806167E-01  3.85984451E-02
 1.03837122E+00  1.02442167E-01
 1.09613353E+00  1.55854999E-01
 1.15226797E+00  1.36060960E-01
 1.20844495E+00  7.37243841E-02
 1.24539337E+00  4.45781307E-02
 1.25480379E+00  2.70108839E-02
 1.22919113E+00 -1.97559863E-02
 1.16985212E+00 -6.34065321E-02
 1.09677013E+00 -7.30999632E-02
 1.02595386E+00 -5.98262168E-02
 9.71494221E-01 -3.13750212E-02
 9.48582942E-01  1.32843684E-02
 9.60613961E-01  6.39047102E-02
 9.99045793E-01  1.05705893E-01
 1.04748500E+00  1.26797251E-01
 1.08897906E+00  1.15388473E-01
 1.11210354E+00  6.67143242E-02
 1.11615628E+00 -4.47077767E-03
 1.11039535E+00 -7.05346593E-02
 1.09763188E+00 -1.09988041E-01
 1.07591048E+00 -1.11819990E-01
 1.04805637E+00 -8.48642096E-02
 1.01551122E+00 -5.68117754E-02
 9.83298122E-01 -4.25777377E-02
 9.58766783E-01 -4.31257189E-02
 9.34482759E-01 -5.35565029E-02
 8.95456629E-01 -5.67160004E-02
 8.35815334E-01 -4.70994806E-02
 7.58851986E-01 -3.37404030E-02
 6.86578589E-01 -2.08729770E-02
 6.56318748E-01 -1.52405286E-02
 6.88829030E-01 -1.93202374E-02
 7.82963328E-01 -2.49566646E-02
 9.13893068E-01 -2.77314938E-02
 1.03267311E+00 -2.45998898E-02
 1.10563691E+00 -1.21714254E-02
 1.12400567E+00  6.73243636E-03
 1.09926212E+00  2.63157856E-02
 1.06770438E+00  3.96583784E-02
 1.05088228E+00  4.06711203E-02
 1.04829492E+00  2.80366124E-02
 1.05515034E+00  7.04258264E-03
 1.05337349E+00 -1.21649680E-02
 1.03771703E+00 -2.29425852E-02
 1.02128451E+00 -2.39864499E-02
 1.00797954E+00 -1.88857514E-02
 1.00204110E+00 -1.65423605E-02
 1.00515615E+00 -2.09341084E-02
 1.00938591E+00 -2.93375575E-02
 1.01785852E+00 -3.63651733E-02
 1.03948863E+00 -3.30452264E-02
 1.07418812E+00 -1.63843394E-02
 1.11705283E+00  6.85651955E-03
 1.15059404E+00  2.35609595E-02
 1.14675335E+00  1.62800173E-02
 1.09074698E+00 -2.17657617E-02
 9.85626645E-01 -7.83620790E-02
 8.56624681E-01 -1.19121071E-01
 7.49647263E-01 -1.10074148E-01
 6.97674014E-01 -8.49161035E-02
 7.11374715E-01 -1.03616260E-01
 7.76932560E-01 -1.29692890E-01
 8.54076467E-01 -9.99321869E-02
 9.16482311E-01 -5.73727710E-02
 9.57827141E-01 -6.20667459E-02
 9.78989899E-01 -8.16747860E-02
 9.97232057E-01 -7.21414024E-02
 1.01736672E+00 -4.60329035E-02
 1.02909755E+00 -1.70365173E-02
 1.03637128E+00  2.09193012E-02
 1.04491284E+00  6.08669008E-02
 1.06151188E+00  9.16640790E-02
 1.09771080E+00  1.10473274E-01
 1.14285386E+00  1.11148436E-01
 1.17125236E+00  8.77512623E-02
 1.16873101E+00  4.15247363E-02
 1.12932167E+00 -1.63882350E-02
 1.06369602E+00 -5.28770339E-02
 1.00116440E+00 -3.76283349E-02
 9.58113348E-01 -5.44483579E-03
 9.37477965E-01 -1.25549759E-02
 9.37556757E-01 -2.41777332E-02
 9.44545364E-01  1.88354190E-02
 9.52134991E-01  7.06259340E-02
 9.64538234E-01  6.59481030E-02
 9.79744208E-01  3.28173398E-02
 9.96632521E-01  1.37314732E-02
 1.01176766E+00 -3.63147500E-03
 1.01604674E+00 -2.89881311E-02
 1.00967609E+00 -4.79746666E-02
 9.99225029E-01 -5.64768832E-02
 9.89993013E-01 -5.42607676E-02
 9.90107137E-01 -3.55599183E-02
 1.00600383E+00 -5.21548138E-03
 1.03815535E+00  2.39707426E-02
 1.08308187E+00  4.22043355E-02
 1.12604716E+00  4.21490618E-02
 1.13040050E+00  2.59191345E-02
 1.07045165E+00  5.37994540E-03
 1.00178512E+00 -1.25879525E-02
 1.00389384E+00 -2.42469124E-02
 1.03258000E+00 -2.41298137E-02
 1.00469535E+00 -1.07258548E-02
 9.75877820E-01  1.80702045E-02
 1.02834053E+00  6.26274377E-02
 1.11826254E+00  1.08282803E-01
 1.18077509E+00  1.32307061E-01
 1.21584595E+00  1.18526522E-01
 1.21157950E+00  6.02249693E-02
 1.12150720E+00 -2.81705270E-02
 9.42477450E-01 -1.13695531E-01
 7.77459395E-01 -1.73926548E-01
 7.48962158E-01 -1.99521442E-01
 8.21398760E-01 -1.93579872E-01
 8.78493771E-01 -1.76135934E-01
 9.09158241E-01 -1.56494461E-01
 9.27859084E-01 -1.31699194E-01
 9.23259861E-01 -1.02661534E-01
 9.32534553E-01 -6.58255010E-02
 9.85003966E-01 -2.44944785E-02
 1.06688407E+00  8.19192985E-03
 1.14535103E+00  2.94778576E-02
 1.17467028E+00  4.13360022E-02
 1.16687925E+00  4.46640457E-02
 1.17297703E+00  4.48487160E-02
 1.18239588E+00  4.29158783E-02
 1.17051844E+00  3.53378254E-02
 1.15858810E+00  2.39399027E-02
 1.16091512E+00  1.18975623E-02
 1.16470749E+00  5.51325655E-04
 1.16036722E+00 -7.52995203E-03
 1.14703277E+00 -1.17262907E-02
 1.12435337E+00 -1.37825587E-02
 1.09650264E+00 -1.37795618E-02
 1.07408753E+00 -1.15297050E-02
 1.06313755E+00 -8.10603740E-03
 1.06435556E+00 -3.98614480E-03
 1.07790853E+00  1.17360678E-03
 1.10036801E+00  7.64548008E-03
 1.12886580E+00  1.52604913E-02
 1.16171480E+00  2.27043211E-02
 1.19117808E+00  2.61454640E-02
 1.20710068E+00  2.05245522E-02
 1.20194068E+00  3.67825162E-03
 1.17157497E+00 -2.25565509E-02
 1.12241467E+00 -5.11620484E-02
 1.06992286E+00 -7.06422949E-02
 1.02652090E+00 -7.21206915E-02
 1.00089994E+00 -5.14652036E-02
 9.96417749E-01 -1.01643123E-02
 1.00844004E+00  4.35571247E-02
 1.03508720E+00  1.02011215E-01
 1.07539735E+00  1.58138631E-01
 1.12019965E+00  2.01399461E-01
 1.15721411E+00  2.21978909E-01
 1.17166629E+00  2.11337886E-01
 1.14730132E+00  1.65392761E-01
 1.07823380E+00  9.57145778E-02
 9.68710036E-01  2.38782543E-02
 8.26120632E-01 -3.55477040E-02
 6.67176039E-01 -7.90108596E-02
 5.22046240E-01 -1.23858025E-01
 4.25757554E-01 -1.89103324E-01
 4.08100104E-01 -2.29546140E-01
 4.82008858E-01 -1.85845998E-01
 6.22073537E-01 -1.15950337E-01
 7.73247220E-01 -1.16268630E-01
 8.92102136E-01 -1.63847609E-01
 9.53421732E-01 -1.92825116E-01
 9.59748501E-01 -1.84893889E-01
 9.45893625E-01 -1.22914555E-01
 9.29245125E-01 -3.46018016E-02
 9.11801170E-01  9.59964414E-03
 9.07144336E-01  4.15321623E-02
 9.21249460E-01  1.30429299E-01
 9.65356728E-01  2.13767528E-01
 1.05229687E+00  2.04804145E-01
 1.14890270E+00  1.38440809E-01
 1.19629331E+00  7.10782852E-02
 1.15638736E+00 -1.09289564E-02
 1.01490972E+00 -1.14314113E-01
 8.12911669E-01 -2.01086279E-01
 6.41049776E-01 -2.40774465E-01
 5.55690150E-01 -2.21175164E-01
 5.72715238E-01 -1.41231420E-01
 6.72833689E-01 -4.25999135E-02
 7.88845081E-01  1.62107098E-02
 8.82715925E-01  4.81181796E-02
 9.53940767E-01  9.58345656E-02
 9.99167800E-01  1.23496031E-01
 1.03446905E+00  8.65294050E-02
 1.05986356E+00  3.40718633E-02
 1.05096693E+00  2.55661642E-02
 1.01333647E+00  3.52312458E-02
 9.65143964E-01  2.12741315E-02
 9.25055277E-01  2.21656878E-03
 9.23404384E-01  9.25886336E-04
 9.68448341E-01  1.92270227E-03
 1.03126566E+00 -7.83389580E-03
 1.04250175E+00 -3.10992252E-02
 9.37055383E-01 -7.39265419E-02
 7.86193819E-01 -1.22269930E-01
 7.29104670E-01 -1.45597084E-01
 7.58524064E-01 -1.30128716E-01
 8.01388297E-01 -7.96515572E-02
 8.51256082E-01 -2.04539840E-02
 8.93134827E-01  1.44534977E-02
 9.37895118E-01  5.86477818E-02
 1.03084833E+00  1.55183541E-01
 1.08429525E+00  2.01024414E-01
 9.77164248E-01  7.09856609E-02
 8.12346616E-01 -1.27533434E-01
 7.54821640E-01 -2.13848287E-01
 7.46485532E-01 -2.21692227E-01
 6.87857146E-01 -2.39216621E-01
 6.79278734E-01 -2.17028108E-01
 8.14485497E-01 -1.26943342E-01
 9.63759065E-01 -4.41288137E-02
 9.78519314E-01 -1.94808753E-02
 9.35411434E-01 -1.36897063E-02
 9.66867221E-01  2.88305990E-02
 1.03605802E+00  9.08974867E-02
 1.08221016E+00  1.29266710E-01
 1.14318470E+00  1.33604937E-01
 1.23004440E+00  9.63595019E-02
 1.29148592E+00  4.22079747E-02
 1.29379705E+00  2.45479710E-02
 1.24705517E+00  2.22265277E-02
 1.17240248E+00 -1.72010802E-02
 1.06635167E+00 -6.33212160E-02
 9.32453918E-01 -6.94884215E-02
 8.23906005E-01 -5.36644620E-02
 7.92746931E-01 -3.84577942E-02
 8.17670919E-01 -1.60645460E-02
 8.48165918E-01  1.28337125E-02
 8.84753568E-01  3.53343991E-02
 9.41044103E-01  4.77208365E-02
 1.00383905E+00  5.55788448E-02
 1.06837148E+00  6.64935069E-02
 1.12938975E+00  8.44767704E-02
 1.16715698E+00  1.08239866E-01
 1.17561052E+00  1.27650563E-01
 1.15967413E+00  1.25899829E-01
 1.12566884E+00  9.60359824E-02
 1.08886293E+00  4.40563324E-02
 1.06469880E+00 -1.21720356E-02
 1.06282161E+00 -4.44840384E-02
 1.08854355E+00 -3.78774106E-02
 1.12927118E+00  6.66003222E-04
 1.13738712E+00  4.09114819E-02
 1.06680529E+00  5.40652005E-02
 9.55317907E-01  9.40430580E-02
 8.73822298E-01  2.15899431E-01
 7.90775684E-01  2.59888978E-01
 6.52755880E-01  3.35190152E-02
 5.30728911E-01 -2.89755907E-01
 5.10073393E-01 -4.08466185E-01
 5.49126445E-01 -3.53326294E-01
 5.77578735E-01 -2.65953149E-01
 6.03441838E-01 -1.53424591E-01
 6.44467583E-01 -6.40048099E-02
 6.94871346E-01 -2.29307893E-02
 7.69471306E-01  4.63571634E-02
 8.75144112E-01  1.30357033E-01
 9.90645643E-01  1.72737552E-01
 1.09080805E+00  2.08883700E-01
 1.14537508E+00  2.61174768E-01
 1.13448599E+00  2.68584411E-01
 1.06181931E+00  1.77693202E-01
 9.46821500E-01  3.10893145E-02
 8.24899355E-01 -8.65406579E-02
 7.28175153E-01 -1.33699173E-01
 6.74720278E-01 -9.46186463E-02
 6.71151273E-01 -9.27076851E-03
 7.07801619E-01  3.00912214E-02
 7.75506428E-01  1.87111393E-02
 8.63696752E-01  8.66838041E-03
 9.39740258E-01 -6.40898342E-03
 9.66689862E-01 -2.55227810E-02
 9.24532743E-01 -1.11736576E-02
 8.25950466E-01  4.58126921E-02
 7.60200265E-01  1.16888759E-01
 8.22824118E-01  1.63871750E-01
 9.25576843E-01  1.75041927E-01
 9.06306106E-01  1.59739857E-01
 8.19190069E-01  1.27746643E-01
 7.96733897E-01  1.01429844E-01
 8.23715384E-01  9.75022078E-02
 8.73848704E-01  1.15479814E-01
 9.63245978E-01  1.55857427E-01
 1.03803986E+00  1.99527510E-01
 9.91062532E-01  1.81112342E-01
 7.71427993E-01  5.98678465E-02
 5.32009524E-01 -4.31414575E-02
 4.98262732E-01  3.41215069E-02
 5.98148617E-01  1.92816181E-01
 6.31177587E-01  2.28760541E-01
 6.46402360E-01  1.66331000E-01
 7.33038168E-01  1.02443639E-01
 8.31850768E-01  6.10738762E-02
 9.18623532E-01  9.78347701E-02
 1.02096728E+00  1.86071321E-01
 1.12326579E+00  2.03790479E-01
 1.18810629E+00  1.56195121E-01
 1.19185745E+00  1.10680371E-01
 1.15954429E+00  6.67306596E-02
 1.13874250E+00  3.82867355E-02
 1.12020956E+00  3.79849714E-02
 1.07653243E+00  3.59104163E-02
 1.03187150E+00  3.09778637E-02
 1.01317085E+00  3.71233959E-02
 1.01012059E+00  3.69413240E-02
 1.01359884E+00  1.82835979E-02
 1.03264034E+00 -4.31746467E-03
 1.07125715E+00 -1.39490092E-02
 1.11851590E+00 -7.86869563E-03
 1.16127984E+00  9.90467283E-03
 1.19202652E+00  3.12824039E-02
 1.20351268E+00  4.03965356E-02
 1.18915286E+00  2.88785406E-02
 1.14964472E+00  1.50125041E-03
 1.09473540E+00 -2.85179068E-02
 1.04038258E+00 -3.96380060E-02
 1.00345797E+00 -1.85069356E-02
 9.97131627E-01  3.27763976E-02
 1.02328662E+00  9.83972253E-02
 1.07191830E+00  1.49138567E-01
 1.13181543E+00  1.64303796E-01
 1.18596772E+00  1.38397954E-01
 1.20280483E+00  7.72871094E-02
 1.15140099E+00  1.94672770E-03
 1.02178789E+00 -7.14541903E-02
 8.43421335E-01 -1.33894497E-01
 7.21043810E-01 -1.69246965E-01
 7.63937463E-01 -1.65662931E-01
 8.99309194E-01 -1.18275427E-01
 9.70333276E-01 -3.50396012E-02
 1.00984130E+00  3.50245027E-02
 1.10613028E+00  3.58499940E-02
 1.18976110E+00 -1.12697209E-02
 1.18746047E+00 -5.12227730E-02
 1.12009822E+00 -1.03011142E-01
 1.01033721E+00 -1.91967285E-01
 8.96349109E-01 -2.46633367E-01
 8.43685249E-01 -1.95019236E-01
 8.46300140E-01 -8.57858063E-02
 8.54278961E-01 -6.03479882E-03
 8.86858707E-01  3.37810495E-02
 9.74561500E-01  4.50915403E-02
 1.08049886E+00  2.55507682E-02
 1.16008799E+00  2.70547908E-03
 1.19225492E+00 -5.37513596E-03
 1.16558268E+00 -8.75581515E-03
 1.12315724E+00 -8.83625596E-03
 1.13321191E+00 -9.11736777E-03
 1.16549986E+00 -8.99762797E-03
 1.15121437E+00  4.17493459E-03
 1.13381003E+00  2.67554302E-02
 1.17433257E+00  4.58493941E-02
 1.21622490E+00  5.44678711E-02
 1.19211857E+00  4.53619083E-02
 1.13655009E+00  2.35765345E-02
 1.09912021E+00  6.66357933E-03
 1.06195545E+00  2.79474248E-03
 1.00606225E+00  1.28498523E-02
 9.56825597E-01  3.27884300E-02
 9.37084068E-01  4.93437231E-02
 9.53922337E-01  5.60783719E-02
 1.01405005E+00  5.50530776E-02
 1.10202442E+00  4.78499749E-02
 1.18091247E+00  4.00132566E-02
 1.22592533E+00  3.42613666E-02
 1.22620665E+00  2.74848513E-02
 1.18824390E+00  1.94408529E-02
 1.13991214E+00  1.02028148E-02
 1.09763774E+00  2.65910605E-04
 1.06467733E+00 -6.87409096E-03
 1.04469828E+00 -1.00109524E-02
 1.03234831E+00 -9.72119445E-03
 1.02996414E+00 -5.94391289E-03
 1.04878006E+00  1.13316652E-04
 1.08461959E+00  7.13479511E-03
 1.12671280E+00  1.43908850E-02
 1.16487238E+00  2.02176074E-02
 1.18584382E+00  2.29921364E-02
 1.18958647E+00  2.22890467E-02
 1.18745741E+00  1.82772046E-02
 1.18274227E+00  1.14269360E-02
 1.17516820E+00  2.79265622E-03
 1.16311424E+00 -6.24203898E-03
 1.13926056E+00 -1.41339515E-02
 1.10403368E+00 -1.88132938E-02
 1.06551802E+00 -1.83067002E-02
 1.02901228E+00 -1.19673302E-02
 1.00121077E+00 -2.59034890E-04
 9.87663613E-01  1.58854393E-02
 9.88646141E-01  3.46359655E-02
 1.00426150E+00  5.32672769E-02
 1.03323860E+00  6.86412484E-02
 1.07165510E+00  7.71872254E-02
 1.11517408E+00  7.58312091E-02
 1.15782012E+00  6.38342360E-02
 1.19237556E+00  4.27294858E-02
 1.21200590E+00  1.52655808E-02
 1.21159550E+00 -1.37618252E-02
 1.19126761E+00 -3.69695106E-02
 1.15606020E+00 -4.62155177E-02
 1.11215042E+00 -3.49130217E-02
 1.06700921E+00 -9.35924337E-04
 1.02835475E+00  4.82962304E-02
 1.00237223E+00  9.79508046E-02
 9.95883278E-01  1.35431934E-01
 1.01312869E+00  1.52249033E-01
 1.04902085E+00  1.46955860E-01
 1.09221296E+00  1.26500958E-01
 1.13166041E+00  9.48074424E-02
 1.15799426E+00  5.41331563E-02
 1.16927646E+00  1.23750885E-02
 1.17111829E+00 -2.22746179E-02
 1.16520641E+00 -4.06003049E-02
 1.15154840E+00 -3.45205824E-02
 1.13414619E+00 -1.03925848E-02
 1.11648019E+00  1.55223051E-02
 1.10444869E+00  3.15800818E-02
 1.10475189E+00  3.06627765E-02
 1.11337063E+00  1.57040918E-02
 1.11975353E+00  7.21567900E-04
 1.11739071E+00 -8.16660869E-03
 1.10294403E+00 -1.17473128E-02
 1.08081740E+00 -9.77721167E-03
 1.06355973E+00 -6.54470675E-03
 1.05721926E+00 -2.06074074E-03
 1.06180098E+00  8.84794987E-03
 1.07626697E+00  2.35702916E-02
 1.09469593E+00  3.65116232E-02
 1.11422386E+00  4.37151079E-02
 1.13629490E+00  4.05047323E-02
 1.15824043E+00  2.89031784E-02
 1.17660059E+00  1.68890260E-02
 1.18760238E+00  8.28238547E-03
 1.18539572E+00  4.26829350E-03
 1.16807082E+00  4.07634426E-03
 1.13753811E+00  2.86838252E-03
 1.09651049E+00 -8.56518717E-04
 1.05124691E+00 -5.00471727E-03
 1.01205834E+00 -8.61506242E-03
 9.90300122E-01 -9.62412002E-03
 9.95476928E-01 -7.21235637E-03
 1.03118325E+00 -3.22265467E-03
 1.08845700E+00  1.85162895E-03
 1.14858797E+00  7.74185429E-03
 1.19594675E+00  1.34351272E-02
 1.22025128E+00  1.83746915E-02
 1.21972202E+00  2.06697199E-02
 1.20274056E+00  1.76904579E-02
 1.17269216E+00  8.86412545E-03
 1.12920024E+00 -3.93486743E-03
 1.07745473E+00 -1.49895573E-02
 1.02283503E+00 -1.57870143E-02
 9.75443171E-01 -9.14890335E-04
 9.49993180E-01  2.97718810E-02
 9.52029962E-01  6.88024858E-02
 9.80340725E-01  1.01924961E-01
 1.03268100E+00  1.18293724E-01
 1.10031190E+00  1.12679998E-01
 1.16885583E+00  8.58027405E-02
 1.22242709E+00  4.62878587E-02
 1.24441492E+00  1.19100510E-03
 1.22441271E+00 -4.36042815E-02
 1.17006972E+00 -7.61973689E-02
 1.10251081E+00 -8.54210568E-02
 1.03932223E+00 -6.52207001E-02
 9.93352104E-01 -1.95469070E-02
 9.68927173E-01  2.16374963E-02
 9.59118023E-01  2.82714721E-02
 9.64919833E-01  3.56668400E-02
 9.92147598E-01  9.65828049E-02
 1.03653581E+00  1.61765097E-01
 1.09140033E+00  1.52679155E-01
 1.14565529E+00  1.02752217E-01
 1.18315407E+00  7.32224948E-02
 1.19946642E+00  4.44836588E-02
 1.19881106E+00 -4.70854299E-03
 1.18203141E+00 -4.34024108E-02
 1.15263052E+00 -5.06723012E-02
 1.11743453E+00 -4.01636646E-02
 1.08202973E+00 -2.71087183E-02
 1.05587118E+00 -1.52825979E-02
 1.04779077E+00 -8.13627317E-03
 1.05369041E+00 -5.51089311E-03
 1.06187739E+00  1.17129636E-03
 1.06462418E+00  1.36664517E-02
 1.05773280E+00  2.73066673E-02
 1.04562842E+00  4.14558090E-02
 1.04161411E+00  5.42783533E-02
 1.05078146E+00  6.46834269E-02
 1.07077649E+00  7.38485228E-02
 1.09859022E+00  7.52010915E-02
 1.12594049E+00  5.82476600E-02
 1.14787513E+00  1.82974247E-02
 1.16452345E+00 -4.38425018E-02
 1.17113012E+00 -1.16671899E-01
 1.16266270E+00 -1.78719540E-01
 1.13684915E+00 -2.13758414E-01
 1.09314539E+00 -2.12799447E-01
 1.04070219E+00 -1.74384016E-01
 9.95778059E-01 -1.08057992E-01
 9.69942816E-01 -2.23179152E-02
 9.68636648E-01  7.46813045E-02
 9.86393022E-01  1.65550572E-01
 1.00667937E+00  2.31561053E-01
 1.01815560E+00  2.56962322E-01
 1.01590291E+00  2.34190364E-01
 9.98710268E-01  1.83015869E-01
 9.72972250E-01  1.41921276E-01
 9.40946437E-01  1.36694631E-01
 9.01188972E-01  1.74498931E-01
 8.60455439E-01  2.30442637E-01
 8.27383099E-01  2.50885046E-01
 8.09464684E-01  2.06645306E-01
 8.12319000E-01  1.00060041E-01
 8.26248102E-01 -4.00145507E-02
 8.31264051E-01 -1.53484814E-01
 8.17057676E-01 -2.04957708E-01
 7.84655427E-01 -1.94990318E-01
 7.52670432E-01 -1.39997114E-01
 7.53623132E-01 -8.21915759E-02
 7.98715167E-01 -4.69736015E-02
 8.69195047E-01 -3.04136822E-02
 9.13750533E-01 -2.67812291E-02
 8.78585811E-01 -1.79224505E-02
 8.14385073E-01  3.88058895E-03
 8.19198020E-01  2.59676614E-02
 8.58900988E-01  4.41076953E-02
 8.46604302E-01  5.40057978E-02
 7.80178993E-01  5.32988343E-02
 6.72387585E-01  4.92451096E-02
 5.47918100E-01  3.75850273E-02
 4.73307539E-01  7.69651498E-03
 4.52230046E-01 -4.25513521E-02
 4.43522567E-01 -1.10370915E-01
 4.65145685E-01 -1.78225595E-01
 5.38466850E-01 -2.15767073E-01
 6.36583793E-01 -2.04528497E-01
 7.36615899E-01 -1.41175656E-01
 8.35771845E-01 -4.09673855E-02
 9.26200567E-01  6.15834512E-02
 9.89879646E-01  1.42773507E-01
 1.01485781E+00  1.95815432E-01
 1.01027108E+00  2.27637062E-01
 9.94286416E-01  2.59123861E-01
 9.74397854E-01  2.88194315E-01
 9.43455793E-01  2.79823474E-01
 8.63542965E-01  1.73362799E-01
 6.98421992E-01 -6.45219304E-02
 5.14532639E-01 -2.86835932E-01
 4.27806797E-01 -2.92570479E-01
 4.52178135E-01 -1.85128508E-01
 5.46220564E-01 -1.80521267E-01
 6.76763827E-01 -1.88131550E-01
 7.79002944E-01 -6.26636646E-02
 8.23433101E-01  6.87796147E-02
 8.46007152E-01  7.93120652E-02
 8.87390147E-01  7.61313927E-02
 9.77090200E-01  1.68060291E-01
 1.05285209E+00  2.50469213E-01
 1.00630560E+00  1.95741083E-01
 8.99681127E-01  8.15002002E-02
 8.68551410E-01  3.07637585E-02
 9.02614130E-01  3.21861467E-02
 9.51265330E-01  5.36535613E-02
 1.00196521E+00  8.44003913E-02
 1.01532641E+00  7.94297401E-02
 1.00930187E+00  5.19900744E-02
 1.05245643E+00  6.01224939E-02
 1.10325037E+00  6.16786001E-02
 1.08509613E+00 -2.86746451E-03
 1.03653967E+00 -6.10014111E-02
 1.01883810E+00 -2.37640816E-02
 1.02627629E+00  5.87780006E-02
 1.05086570E+00  9.79137105E-02
 1.09417525E+00  9.08064636E-02
 1.13249872E+00  5.46373797E-02
 1.14818240E+00  7.17147579E-03
 1.14249884E+00 -2.00336059E-03
 1.12152313E+00  2.26883698E-02
 1.10032513E+00  3.06130829E-02
 1.08593083E+00  2.31721599E-02
 1.07291650E+00  1.75039975E-02
 1.05823920E+00  1.65978058E-02
 1.03673984E+00  3.57061304E-02
 1.00915884E+00  5.83684650E-02
 9.88780841E-01  4.75085629E-02
 9.91777805E-01  2.44303747E-02
 1.03308396E+00  3.02421134E-02
 1.11095124E+00  5.37203311E-02
 1.19273406E+00  6.38973567E-02
 1.20712021E+00  2.84333384E-02
 1.09670963E+00 -7.46469164E-02
 9.49679256E-01 -1.58910534E-01
 9.15744372E-01 -1.04429319E-01
 9.63006401E-01  7.11200862E-03
 9.81399466E-01  1.96426405E-02
 9.80667577E-01 -1.27272186E-02
 9.85562371E-01  1.58661369E-02
 1.00544993E+00  5.40694028E-02
 1.08673825E+00  4.80177300E-02
 1.19205105E+00  3.26273888E-02
 1.22957989E+00  2.49392442E-02
 1.21982320E+00  8.50485787E-03
 1.21828592E+00 -1.68156483E-02
 1.20061768E+00 -3.81844870E-02
 1.14533547E+00 -4.73552183E-02
 1.07953249E+00 -4.43278687E-02
 1.02375472E+00 -3.18905354E-02
 9.87586055E-01 -1.06545007E-02
 9.85199682E-01  1.73324126E-02
 1.01340371E+00  4.88621451E-02
 1.05176785E+00  8.16955969E-02
 1.08687902E+00  1.10131969E-01
 1.11086469E+00  1.26539605E-01
 1.12221412E+00  1.26960368E-01
 1.13007358E+00  1.09899189E-01
 1.13442503E+00  7.59631703E-02
 1.12819882E+00  3.07963412E-02
 1.11270988E+00 -1.46103073E-02
 1.09035782E+00 -4.67367193E-02
 1.06729720E+00 -5.45730704E-02
 1.05607046E+00 -3.49395200E-02
 1.06178817E+00 -2.71742170E-04
 1.08244374E+00  2.55064543E-02
 1.11271474E+00  2.58989239E-02
 1.13513449E+00 -3.91316331E-03
 1.11548767E+00 -5.23378203E-02
 1.03557985E+00 -9.16396978E-02
 9.58354199E-01 -1.05509212E-01
 9.67527200E-01 -9.21264353E-02
 1.01027686E+00 -5.73109520E-02
 9.86331610E-01 -1.94842261E-02
 9.46474508E-01  1.26491405E-02
 9.75750824E-01  4.38037121E-02
 1.03051181E+00  7.65764966E-02
 1.05380080E+00  1.17148686E-01
 1.06258325E+00  1.64972872E-01
 1.06927432E+00  2.06851335E-01
 1.06813992E+00  2.30152091E-01
 1.07324825E+00  2.21555687E-01
 1.09459133E+00  1.72612226E-01
 1.12007885E+00  8.82845314E-02
 1.11840400E+00 -1.53227857E-02
 1.05017039E+00 -1.13235848E-01
 9.10363224E-01 -1.83595326E-01
 7.47314496E-01 -2.14901290E-01
 6.76572787E-01 -2.08781208E-01
 8.06183376E-01 -1.80321914E-01
 1.02196757E+00 -1.40339445E-01
 1.10611866E+00 -9.43002216E-02
 1.09515916E+00 -5.01856198E-02
 1.12055699E+00 -1.20560075E-02
 1.12938036E+00  1.23854013E-02
 1.07352748E+00  1.44059890E-02
 1.01752768E+00  4.24954834E-03
 9.92039018E-01  2.48804902E-03
 9.74753596E-01  2.32418959E-02
 9.58887195E-01  7.27905006E-02
 9.79005424E-01  1.34392318E-01
 1.06427504E+00  1.71897786E-01
 1.16107455E+00  1.65344226E-01
 1.19495257E+00  1.12928258E-01
 1.19057740E+00  2.97444827E-02
 1.20307590E+00 -4.79714581E-02
 1.20715796E+00 -9.81658188E-02
 1.16863882E+00 -1.17907909E-01
 1.10972087E+00 -1.08759570E-01
 1.05279909E+00 -8.57121466E-02
 1.00680597E+00 -5.70365335E-02
 9.90350133E-01 -1.96387024E-02
 1.00644250E+00  1.93050929E-02
 1.03902750E+00  5.13894731E-02
 1.08053776E+00  6.79899757E-02
 1.12522429E+00  5.79450667E-02
 1.16291437E+00  2.82044697E-02
 1.18833151E+00 -1.32654392E-03
 1.19240926E+00 -1.73147346E-02
 1.16680070E+00 -1.11095379E-02
 1.12417210E+00  1.32001092E-02
 1.08877365E+00  3.71537038E-02
 1.07772631E+00  5.20346708E-02
 1.09984208E+00  5.74231321E-02
 1.14272044E+00  5.25375974E-02
 1.17465732E+00  4.30519322E-02
 1.17844018E+00  2.91003339E-02
 1.15241312E+00  4.35976353E-03
 1.10540998E+00 -2.83511343E-02
 1.06242099E+00 -6.27612536E-02
 1.03600880E+00 -9.28025985E-02
 1.02245900E+00 -1.09306084E-01
 1.01857993E+00 -1.09002265E-01
 1.01412847E+00 -9.44566438E-02
 1.00514005E+00 -6.58403268E-02
 9.99815409E-01 -2.49014328E-02
 1.00176626E+00  2.23987503E-02
 1.01454703E+00  6.94512683E-02
 1.04033545E+00  1.07944668E-01
 1.07414959E+00  1.29886206E-01
 1.11330300E+00  1.34706403E-01
 1.15594411E+00  1.27224347E-01
 1.19713938E+00  1.10754313E-01
 1.23190300E+00  8.84015051E-02
 1.25165235E+00  6.25561619E-02
 1.24564354E+00  3.34117322E-02
 1.20885485E+00  5.27709620E-03
 1.14414261E+00 -1.48699998E-02
 1.06677955E+00 -2.36818789E-02
 1.00208276E+00 -1.94744872E-02
 9.69599694E-01 -2.88374209E-03
 9.78088967E-01  2.08298512E-02
 1.02025654E+00  4.44335833E-02
 1.07271647E+00  5.98166558E-02
 1.11864248E+00  5.94537966E-02
 1.14997280E+00  4.08587165E-02
 1.16243538E+00  1.13941944E-02
 1.16150107E+00 -1.45930750E-02
 1.14689146E+00 -2.62606141E-02
 1.11390320E+00 -1.89262751E-02
 1.07253163E+00  2.39418755E-03
 1.03834916E+00  2.31062088E-02
 1.02548960E+00  3.50783058E-02
 1.04608899E+00  3.73952121E-02
 1.09146633E+00  3.10823223E-02
 1.13658490E+00  2.29602654E-02
 1.16647414E+00  1.52047084E-02
 1.17487314E+00  4.21597731E-03
 1.16622919E+00 -8.47813133E-03
 1.15936637E+00 -2.06151497E-02
 1.16105879E+00 -2.96618565E-02
 1.16556320E+00 -3.07384464E-02
 1.16817414E+00 -2.50356485E-02
 1.15840482E+00 -1.81614514E-02
 1.13281187E+00 -1.29162581E-02
 1.09972496E+00 -1.11159957E-02
 1.06493868E+00 -1.18419927E-02
 1.03572027E+00 -1.03856845E-02
 1.01893876E+00 -5.32650241E-03
 1.01514570E+00  1.84719810E-03
 1.02503356E+00  9.65593783E-03
 1.04823893E+00  1.48468888E-02
 1.08182807E+00  1.59054843E-02
 1.12235333E+00  1.41492779E-02
 1.16230116E+00  1.05005839E-02
 1.19139675E+00  6.52641416E-03
 1.20108868E+00  3.60750311E-03
 1.18633079E+00  1.57764020E-03
 1.15109306E+00  3.46475586E-04
 1.10743273E+00 -3.50230788E-04
 1.06598746E+00 -7.82584617E-04
 1.03541608E+00 -5.68081911E-04
 1.02124096E+00  4.55012430E-04
 1.02322771E+00  2.30857158E-03
 1.04310750E+00  4.86384468E-03
 1.08181578E+00  7.64384545E-03
 1.13000127E+00  1.05892007E-02
 1.17357655E+00  1.39080531E-02
 1.19934347E+00  1.75705474E-02
 1.19736232E+00  2.14604046E-02
 1.17277241E+00  2.50229308E-02
 1.14314914E+00  2.72666027E-02
 1.12015202E+00  2.75063300E-02
 1.11036457E+00  2.53101977E-02
 1.11564626E+00  2.03765816E-02
 1.12869563E+00  1.28306714E-02
 1.14735073E+00  3.00419479E-03
 1.17228751E+00 -8.43146144E-03
 1.19253634E+00 -1.98912639E-02
 1.19421863E+00 -2.92355191E-02
 1.16703200E+00 -3.44593031E-02
 1.10641159E+00 -3.39539655E-02
 1.03051552E+00 -2.72332370E-02
 9.73942481E-01 -1.51691113E-02
 9.59043664E-01  7.29513522E-04
 9.92986119E-01  1.78182185E-02
 1.06078355E+00  3.15314606E-02
 1.12446040E+00  3.66753202E-02
 1.16057889E+00  2.93770010E-02
 1.16403737E+00  8.78578968E-03
 1.13905700E+00 -1.97820637E-02
 1.10689604E+00 -4.62528510E-02
 1.07777059E+00 -6.25659838E-02
 1.04727246E+00 -6.41520403E-02
 1.01849248E+00 -5.19254959E-02
 9.92295253E-01 -3.28986306E-02
 9.74120533E-01 -1.16280006E-02
 9.78157838E-01  9.56663487E-03
 1.00512779E+00  2.65584040E-02
 1.04704735E+00  3.67723478E-02
 1.09715058E+00  3.66867670E-02
 1.14349989E+00  2.30130889E-02
 1.17594695E+00  1.52900425E-03
 1.18961780E+00 -1.66487405E-02
 1.17758729E+00 -2.34416569E-02
 1.13793614E+00 -1.44652635E-02
 1.08378429E+00  4.89788291E-03
 1.03613532E+00  2.04246924E-02
 1.01252165E+00  2.43249120E-02
 1.02291626E+00  1.57524261E-02
 1.05842904E+00 -1.04805101E-03
 1.09400042E+00 -1.43293195E-02
 1.11470233E+00 -1.83077528E-02
 1.11659074E+00 -1.48302680E-02
 1.10357097E+00 -5.83017764E-03
 1.09216796E+00  3.12430000E-03
 1.08886291E+00  9.28376267E-03
 1.08890773E+00  1.53378446E-02
 1.09261492E+00  2.15326987E-02
 1.09758022E+00  2.79999238E-02
 1.10421184E+00  3.43422238E-02
 1.11896970E+00  3.71631401E-02
 1.13811089E+00  3.48844524E-02
 1.15245156E+00  2.74618112E-02
 1.15678140E+00  1.49361308E-02
 1.14679062E+00 -4.53635888E-04
 1.12622150E+00 -1.50319658E-02
 1.10682272E+00 -2.47576274E-02
 1.09436860E+00 -2.58242183E-02
 1.08933833E+00 -1.63679851E-02
 1.08841726E+00  1.76150239E-03
 1.08244177E+00  2.39638897E-02
 1.06829588E+00  4.68600474E-02
 1.05104588E+00  6.90392006E-02
 1.03925833E+00  9.16483384E-02
 1.04577935E+00  1.18093112E-01
 1.07656542E+00  1.47765160E-01
 1.12548621E+00  1.75004716E-01
 1.17630192E+00  1.90434972E-01
 1.20528622E+00  1.83257663E-01
 1.20019066E+00  1.53311256E-01
 1.16943593E+00  1.17372788E-01
 1.14596375E+00  1.13056810E-01
 1.15358822E+00  1.56629449E-01
 1.11137243E+00  1.39670604E-01
 9.16953652E-01 -5.96055858E-02
 6.71023032E-01 -2.91465738E-01
 5.49440133E-01 -3.18825274E-01
 5.25862291E-01 -2.38545206E-01
 5.14392446E-01 -2.46378314E-01
 5.52983003E-01 -2.52014424E-01
 6.61018349E-01 -1.41826737E-01
 7.79663602E-01 -2.74250194E-02
 8.74999952E-01 -1.27274588E-02
 9.54833173E-01 -4.64688747E-02
 1.02696707E+00 -6.97599002E-02
 1.07692066E+00 -9.96371558E-02
 1.08825804E+00 -1.40395751E-01
 1.06845024E+00 -1.43560877E-01
 1.03237941E+00 -8.43105008E-02
 9.97075875E-01 -1.54396863E-02
 9.85090984E-01  1.94049269E-03
 9.99095985E-01  9.44996231E-03
 1.02463431E+00  7.55919719E-02
 1.05688706E+00  1.43100415E-01
 1.09192407E+00  1.28013293E-01
 1.12090859E+00  6.95810559E-02
 1.13952841E+00  3.20115114E-02
 1.13740807E+00  6.95234413E-03
 1.10324309E+00 -1.47251791E-02
 1.04746916E+00 -2.06829879E-02
 9.92645940E-01 -1.98288513E-02
 9.54907830E-01 -1.96331138E-02
 9.45238923E-01 -1.34760475E-02
 9.58749917E-01 -2.40648406E-03
 9.74494861E-01  1.04523088E-02
 9.83851751E-01  2.06507916E-02
 9.88884944E-01  1.95939253E-02
 9.92948130E-01  9.21413325E-03
 1.00757909E+00 -1.34347861E-03
 1.03573464E+00 -7.67542810E-03
 1.06900856E+00 -6.77154366E-03
 1.10351097E+00 -2.58190761E-04
 1.13386067E+00  3.82264692E-03
 1.15468477E+00  2.92548097E-03
 1.16539886E+00 -1.00527821E-03
 1.16013804E+00 -6.88414803E-03
 1.13146701E+00 -1.10826925E-02
 1.07949299E+00 -1.22160472E-02
 1.01183830E+00 -1.26550635E-02
 9.50560799E-01 -1.26315296E-02
 9.26248088E-01 -1.24488810E-02
 9.53027943E-01 -1.36831421E-02
 1.01872915E+00 -1.77461783E-02
 1.07194823E+00 -2.92042784E-02
 1.05051224E+00 -5.40568634E-02
 9.76478802E-01 -9.38003145E-02
 9.20687336E-01 -1.43869737E-01
 8.86214199E-01 -1.89997485E-01
 8.56442829E-01 -2.10918626E-01
 8.46595246E-01 -1.92438758E-01
 8.57568115E-01 -1.32357013E-01
 8.98189790E-01 -4.57257712E-02
 9.88004792E-01  3.65177234E-02
 1.08852039E+00  9.05634031E-02
 1.13846040E+00  1.04040158E-01
 1.13673259E+00  7.51818787E-02
 1.10186558E+00  1.88728372E-02
 1.01586589E+00 -5.07901892E-02
 8.82615973E-01 -1.17710578E-01
 7.84731425E-01 -1.44361574E-01
 8.02828383E-01 -1.05229441E-01
 8.89156981E-01 -4.05253748E-02
 9.43832251E-01 -8.69054051E-03
 9.78182890E-01  1.95544254E-02
 1.03957030E+00  9.65029497E-02
 1.11412864E+00  1.61841010E-01
 1.19206363E+00  1.36371097E-01
 1.24935404E+00  6.14400113E-02
 1.23646969E+00  8.24704072E-03
 1.18825389E+00 -2.15984307E-02
 1.17719266E+00 -3.32709527E-02
 1.17675191E+00 -1.89238264E-02
 1.13559733E+00  2.56248024E-03
 1.08420039E+00  1.90553815E-02
 1.06069586E+00  3.72422604E-02
 1.05580940E+00  5.57142380E-02
 1.06394358E+00  7.38811769E-02
 1.09074545E+00  8.70542000E-02
 1.12740003E+00  8.24651112E-02
 1.16243854E+00  6.19410694E-02
 1.18876316E+00  3.61598060E-02
 1.19638383E+00  1.13222437E-02
 1.18005138E+00 -5.30152304E-03
 1.14957249E+00 -1.27139311E-02
 1.12330518E+00 -1.80808888E-02
 1.11459081E+00 -2.18889810E-02
 1.12885498E+00 -2.10900762E-02
 1.15647051E+00 -1.55938158E-02
 1.17421209E+00 -3.82881649E-03
 1.17000305E+00  1.19704641E-02
 1.14434067E+00  2.44272029E-02
 1.10473859E+00  2.83844200E-02
 1.07012936E+00  2.08334425E-02
 1.05089945E+00  3.51700289E-03
 1.04549073E+00 -1.08537781E-02
 1.05336928E+00  4.29604169E-03
 1.06895897E+00  6.37483585E-02
 1.08899348E+00  1.13018396E-01
 1.11613853E+00  8.06154669E-02
 1.14578434E+00  1.60777023E-02
 1.17053378E+00  1.20389275E-02
 1.18479823E+00  3.16044534E-02
 1.18309472E+00  6.53345322E-03
 1.16966472E+00 -2.86952112E-02
 1.15656497E+00 -3.38501849E-02
 1.15080553E+00 -2.76997165E-02
 1.15456945E+00 -2.11832870E-02
 1.16233569E+00 -6.64447749E-03
 1.16037239E+00  1.00637926E-02
 1.14269419E+00  1.86048385E-02
 1.11259057E+00  1.65388688E-02
 1.07912594E+00  8.93452130E-03
 1.05895051E+00  5.48934701E-03
 1.06165292E+00  1.10336802E-02
 1.08570031E+00  2.47876985E-02
 1.12370883E+00  4.13823240E-02
 1.16022625E+00  4.97254805E-02
 1.18360053E+00  4.40171138E-02
 1.19021903E+00  2.59310154E-02
 1.17863076E+00  3.47585574E-04
 1.15309778E+00 -2.27931773E-02
 1.11737327E+00 -3.67778177E-02
 1.07394427E+00 -4.10312640E-02
 1.03435534E+00 -3.63697894E-02
 1.01349132E+00 -2.70980447E-02
 1.02241875E+00 -1.63637225E-02
 1.06554790E+00 -4.45939096E-03
 1.12694352E+00  5.51348366E-03
 1.17535507E+00  1.01233864E-02
 1.18918200E+00  6.49295427E-03
 1.16003018E+00 -7.68479311E-03
 1.09953793E+00 -2.76591888E-02
 1.04014650E+00 -4.37826761E-02
 1.00175850E+00 -4.94270034E-02
 9.89313677E-01 -4.15824510E-02
 1.00209114E+00 -2.46561319E-02
 1.02562101E+00 -1.01142064E-02
 1.05374486E+00 -4.16751613E-03
 1.09012227E+00 -6.90465793E-03
 1.12555710E+00 -1.40502339E-02
 1.14873345E+00 -1.52862932E-02
 1.14966394E+00 -5.58750142E-03
 1.11852578E+00  1.28463806E-02
 1.06792885E+00  3.60896356E-02
 1.02662022E+00  5.59677898E-02
 1.01320160E+00  6.68959966E-02
 1.03677060E+00  6.84161124E-02
 1.08900718E+00  5.92132534E-02
 1.14174764E+00  4.00140046E-02
 1.17794753E+00  1.29900152E-02
 1.19147507E+00 -1.88911980E-02
 1.17591447E+00 -4.52024937E-02
 1.13505977E+00 -5.26909792E-02
 1.07053314E+00 -3.61153821E-02
 9.83478710E-01 -2.49022165E-03
 8.99343755E-01  1.88624847E-02
 8.53241068E-01 -1.29732918E-03
 8.65063007E-01 -2.86236793E-02
 9.32344303E-01 -9.84736770E-03
 1.00255117E+00  8.84702196E-03
 1.00727442E+00 -4.57327914E-02
 9.75446544E-01 -1.32040149E-01
 9.83645382E-01 -1.72494541E-01
 1.01641888E+00 -1.52695966E-01
 1.02632604E+00 -7.66628009E-02
 1.00213218E+00  1.12350075E-02
 9.33299501E-01  3.22584875E-02
 8.71327714E-01  2.13101644E-02
 9.09412383E-01  6.39420801E-02
 1.02260857E+00  1.00044428E-01
 1.10821703E+00  3.98248946E-02
 1.08957910E+00 -5.99136203E-02
 9.22928185E-01 -1.15339819E-01
 7.37913226E-01 -1.27722291E-01
 7.49253600E-01 -1.06407746E-01
 8.67138265E-01 -5.42754023E-02
 8.68251651E-01 -9.57929011E-03
 8.08895576E-01  2.19850929E-04
 8.09166649E-01 -2.05141653E-02
 8.42911723E-01 -4.88401028E-02
 9.11493390E-01 -4.36452453E-02
 1.01947031E+00  9.53380694E-03
 1.10343705E+00  8.53724558E-02
 1.15355276E+00  1.31740001E-01
 1.19361131E+00  9.22860352E-02
 1.19098393E+00  6.74666035E-03
 1.11613284E+00 -3.11487482E-02
 9.86948641E-01 -3.81553853E-02
 8.28621301E-01 -7.35987642E-02
 6.59700658E-01 -1.28973104E-01
 5.09525835E-01 -1.92246833E-01
 4.15177966E-01 -2.40791991E-01
 4.06030513E-01 -2.21023368E-01
 4.97339547E-01 -1.43332379E-01
 6.73458116E-01 -6.01784557E-02
 8.55580655E-01  2.55364356E-02
 9.48597709E-01  1.12650906E-01
 9.61237544E-01  1.59174911E-01
 9.55110723E-01  1.37932981E-01
 9.01738448E-01  6.85383157E-02
 7.73483102E-01 -1.24341471E-02
 6.70025794E-01 -8.27816000E-02
 6.88368771E-01 -1.23847678E-01
 7.65911672E-01 -1.17001082E-01
 7.87901763E-01 -7.71344280E-02
 7.50558752E-01 -7.68748502E-02
 6.86938205E-01 -1.80091328E-01
 6.05472247E-01 -3.01463023E-01
 5.52744323E-01 -2.92119864E-01
 5.64690136E-01 -1.73694002E-01
 6.37370897E-01 -4.44025359E-02
 7.81276885E-01  8.12820348E-02
 9.76262187E-01  1.69416839E-01
 1.10970679E+00  1.52976332E-01
 1.07341009E+00  3.56810030E-02
 9.35620937E-01 -8.84771795E-02
 8.40251679E-01 -1.14399137E-01
 7.58928703E-01 -8.51528740E-02
 6.27331564E-01 -1.08572727E-01
 5.65156193E-01 -1.15398866E-01
 6.81821808E-01 -4.87001384E-03
 8.65602248E-01  1.23286247E-01
 9.57402091E-01  1.37648816E-01
 9.61021700E-01  5.08186567E-02
 9.29801144E-01 -7.92779253E-02
 8.59071185E-01 -1.79576197E-01
 7.76548266E-01 -1.55343475E-01
 7.19143847E-01 -7.34152124E-02
 6.82539031E-01 -9.08381957E-02
 6.83235950E-01 -1.45114371E-01
 7.35678064E-01 -1.00479856E-01
 7.97815239E-01 -1.75406032E-02
 8.25111013E-01  1.88555995E-02
 8.41805119E-01  3.37557433E-02
 8.97163986E-01  3.73680559E-02
 9.83411852E-01  1.30853393E-02
 1.06937976E+00 -2.19593945E-02
 1.13360313E+00 -4.78138878E-02
 1.14667351E+00 -5.89650590E-02
 1.12329088E+00 -5.47317091E-02
 1.10828387E+00 -4.17945176E-02
 1.07471088E+00 -1.95619731E-02
 9.79482360E-01  1.83291686E-02
 8.74189870E-01  6.85276338E-02
 8.33333873E-01  1.24516981E-01
 8.64269474E-01  1.75995929E-01
 9.53093033E-01  2.05415582E-01
 1.08161341E+00  1.99168304E-01
 1.19806867E+00  1.50737355E-01
 1.25635683E+00  6.27145544E-02
 1.24295568E+00 -4.10771627E-02
 1.17988045E+00 -1.04594262E-01
 1.12100969E+00 -7.91329547E-02
 1.09637748E+00 -1.22826336E-02
 1.10502722E+00  4.93624508E-03
 1.13140398E+00 -1.20304855E-02
 1.13590458E+00 -4.66973374E-03
 1.10317802E+00  1.56952864E-02
 1.05180955E+00  3.60572420E-02
 1.00179013E+00  6.02009454E-02
 9.84536223E-01  7.37501684E-02
 1.01555835E+00  1.02103734E-01
 1.07780829E+00  1.79621636E-01
 1.14478103E+00  2.32207376E-01
 1.17849313E+00  1.63226590E-01
 1.15197823E+00  3.20807959E-02
 1.06807405E+00 -5.76491239E-02
 9.53657138E-01 -1.59291253E-01
 8.57240627E-01 -3.32891282E-01
 8.14123671E-01 -4.32730021E-01
 8.32761714E-01 -3.10493544E-01
 8.99682531E-01 -1.05862057E-01
 9.76537401E-01 -3.17664928E-02
 1.04017956E+00 -2.37518317E-02
 1.08951747E+00  5.08911641E-02
 1.12472123E+00  1.10904428E-01
 1.15775562E+00  7.43613118E-02
 1.18951978E+00  2.00534870E-02
 1.20513906E+00  1.54834781E-02
 1.20523984E+00  2.82914878E-02
