# x =
 3.54878622E+01
# y =
 3.25097170E+00
 VARIABLES = u,v
 1.18299583E+00 -9.93996349E-03
 1.18020433E+00 -8.01213822E-03
 1.15796634E+00 -8.73933338E-03
 1.12432393E+00 -9.99825697E-03
 1.09719979E+00 -7.44368132E-03
 1.08783107E+00  6.50241022E-04
 1.09911512E+00  1.15263640E-02
 1.12586330E+00  2.16989027E-02
 1.15271432E+00  2.62517209E-02
 1.17058712E+00  2.21360961E-02
 1.17856691E+00  1.06269008E-02
 1.17658420E+00 -4.43011390E-03
 1.16996835E+00 -1.67013950E-02
 1.16084881E+00 -2.13583586E-02
 1.14677318E+00 -1.72669603E-02
 1.13234769E+00 -6.38821925E-03
 1.12430344E+00  5.90159070E-03
 1.12767800E+00  1.55182995E-02
 1.14648490E+00  2.05591104E-02
 1.17364327E+00  1.88705913E-02
 1.19375680E+00  1.02963875E-02
 1.19751769E+00 -4.12274417E-03
 1.18207433E+00 -2.09339815E-02
 1.15444261E+00 -2.80062201E-02
 1.13208410E+00 -1.45007503E-02
 1.12480566E+00  7.25225187E-03
 1.13303138E+00  1.56283107E-02
 1.15195273E+00  1.38833548E-02
 1.16840883E+00  1.51331344E-02
 1.17546112E+00  1.67838486E-02
 1.17521102E+00  1.56221274E-02
 1.17008371E+00  1.11778548E-02
 1.16646785E+00 -9.17352719E-04
 1.16719465E+00 -1.23609394E-02
 1.16827687E+00 -8.81284198E-03
 1.16768813E+00  3.08393062E-03
 1.16308489E+00  8.77822413E-03
 1.15351737E+00  9.37579845E-03
 1.14270390E+00  9.08801969E-03
 1.13385442E+00  6.54880236E-03
 1.12992723E+00  4.33300586E-03
 1.13344474E+00  5.03199079E-03
 1.14361974E+00  6.97005300E-03
 1.15724022E+00  8.94924922E-03
 1.16953604E+00  9.70712109E-03
 1.17658495E+00  8.53561193E-03
 1.17717949E+00  6.60592057E-03
 1.17343674E+00  4.44966223E-03
 1.17027548E+00  2.38914433E-03
 1.17038047E+00  9.49034818E-04
 1.17320514E+00 -1.32615956E-04
 1.17591834E+00 -8.94412773E-04
 1.17315778E+00 -1.07656823E-03
 1.16283044E+00 -5.80845453E-04
 1.14754907E+00  9.63275959E-04
 1.13251852E+00  3.98576514E-03
 1.12575625E+00  8.65034797E-03
 1.13203064E+00  1.46249558E-02
 1.15016650E+00  2.06958684E-02
 1.17413059E+00  2.44689222E-02
 1.19313846E+00  2.30405456E-02
 1.19931725E+00  1.48498548E-02
 1.19057149E+00  7.05980003E-04
 1.16974492E+00 -1.49951495E-02
 1.14547744E+00 -2.51818316E-02
 1.12401876E+00 -2.48641652E-02
 1.10794681E+00 -1.26902831E-02
 1.10045103E+00  7.67830290E-03
 1.10234893E+00  2.77239582E-02
 1.11514066E+00  4.11895442E-02
 1.14047837E+00  4.51124630E-02
 1.17168253E+00  3.86139145E-02
 1.19735746E+00  2.47798922E-02
 1.20829306E+00  5.70310086E-03
 1.19822265E+00 -1.70659443E-02
 1.17081568E+00 -3.66371380E-02
 1.13895490E+00 -4.48192826E-02
 1.11145129E+00 -3.64050826E-02
 1.09362933E+00 -1.14148580E-02
 1.08917664E+00  1.60665216E-02
 1.09625236E+00  2.80073249E-02
 1.11558367E+00  3.23923957E-02
 1.14873818E+00  4.65367367E-02
 1.18714594E+00  5.46175521E-02
 1.21774146E+00  3.46658548E-02
 1.22920864E+00  2.69562036E-03
 1.21305729E+00 -1.77257913E-02
 1.17429667E+00 -3.10323531E-02
 1.12956686E+00 -4.37774168E-02
 1.09049288E+00 -4.36505070E-02
 1.06473579E+00 -2.21479656E-02
 1.05685981E+00  1.06894655E-02
 1.06378418E+00  4.05552253E-02
 1.08622249E+00  5.88926626E-02
 1.12621859E+00  5.93993517E-02
 1.17363815E+00  4.36222120E-02
 1.21335552E+00  2.25367119E-02
 1.23168420E+00  2.10565896E-03
 1.21764793E+00 -1.60348475E-02
 1.17674440E+00 -2.88659435E-02
 1.12836599E+00 -3.63505199E-02
 1.08595085E+00 -3.52510883E-02
 1.05863501E+00 -1.92600102E-02
 1.05191769E+00  1.02919555E-02
 1.06212774E+00  4.70639334E-02
 1.08997671E+00  8.21252904E-02
 1.13718335E+00  1.00501673E-01
 1.18999761E+00  8.46620518E-02
 1.22843898E+00  2.78867102E-02
 1.23571114E+00 -4.29670171E-02
 1.20057610E+00 -8.44496368E-02
 1.13483041E+00 -8.85479363E-02
 1.06922263E+00 -7.01038153E-02
 1.02503019E+00 -3.61845951E-02
 1.01431764E+00  2.06688295E-05
 1.03914660E+00  3.76005645E-02
 1.08454981E+00  8.59855229E-02
 1.14060970E+00  1.09569532E-01
 1.19861842E+00  6.62751669E-02
 1.22929680E+00 -5.81129855E-03
 1.21125390E+00 -4.24449595E-02
 1.17096284E+00 -4.76014505E-02
 1.14749889E+00 -4.63009644E-02
 1.12194399E+00 -3.21414911E-02
 1.06285551E+00 -8.28075978E-03
 1.01739165E+00  1.39323456E-02
 1.04429218E+00  3.73605214E-02
 1.11215237E+00  5.53620440E-02
 1.16398402E+00  5.59117943E-02
 1.19588088E+00  4.21444469E-02
 1.21137119E+00  2.12338329E-02
 1.20343449E+00 -4.21683129E-03
 1.18578775E+00 -2.77402562E-02
 1.16723671E+00 -3.56899731E-02
 1.14272962E+00 -2.03130704E-02
 1.11761582E+00  1.61680635E-03
 1.09892342E+00  6.19834957E-03
 1.09408066E+00  3.54804965E-03
 1.11299309E+00  1.52226829E-02
 1.14749670E+00  2.55699563E-02
 1.17707949E+00  1.36099901E-02
 1.18945343E+00 -4.27419454E-03
 1.17853717E+00 -7.77689111E-03
 1.15156474E+00 -5.58336351E-03
 1.13033171E+00 -8.88754571E-03
 1.12557972E+00 -9.02446721E-03
 1.13657486E+00  1.64872910E-03
 1.15809002E+00  1.49575690E-02
 1.17490700E+00  2.12301441E-02
 1.17908715E+00  1.72301588E-02
 1.17301373E+00  1.55540818E-03
 1.15638472E+00 -1.99845887E-02
 1.13251459E+00 -3.39618355E-02
 1.10498993E+00 -3.27998024E-02
 1.07527416E+00 -1.61589772E-02
 1.05570020E+00  9.83019062E-03
 1.06256257E+00  3.12474806E-02
 1.10155872E+00  3.94453147E-02
 1.16426818E+00  3.35379827E-02
 1.21427986E+00  1.61426884E-02
 1.20983276E+00 -3.83717954E-03
 1.17357028E+00 -2.04415927E-02
 1.15647602E+00 -3.24613847E-02
 1.13761786E+00 -3.57363480E-02
 1.08352817E+00 -2.77929827E-02
 1.04532792E+00 -8.39556787E-03
 1.07851837E+00  1.95964608E-02
 1.14659468E+00  3.92623570E-02
 1.18967025E+00  3.22903097E-02
 1.20451248E+00  9.80236805E-03
 1.19910881E+00 -5.29735814E-03
 1.16807582E+00 -2.02511183E-02
 1.12620457E+00 -4.65732617E-02
 1.08724117E+00 -5.82103886E-02
 1.05177204E+00 -2.86602015E-02
 1.03155626E+00  2.10292565E-02
 1.03953946E+00  5.49850615E-02
 1.08117550E+00  6.66477210E-02
 1.15208211E+00  5.84503531E-02
 1.21229867E+00  3.13629660E-02
 1.21477972E+00  7.73781211E-04
 1.18333042E+00 -2.18370614E-02
 1.16981098E+00 -3.58046404E-02
 1.14945801E+00 -3.81532551E-02
 1.08622099E+00 -2.94659783E-02
 1.03626432E+00 -1.03879008E-02
 1.06209487E+00  1.87880664E-02
 1.12659735E+00  4.20822070E-02
 1.16705050E+00  4.07400043E-02
 1.18364319E+00  2.07805150E-02
 1.18791190E+00  3.71322524E-04
 1.17264975E+00 -1.36408370E-02
 1.14974194E+00 -1.81459893E-02
 1.13008259E+00 -1.54539809E-02
 1.10960772E+00 -1.58374893E-02
 1.09572883E+00 -1.13435280E-02
 1.09882108E+00  1.18748008E-02
 1.12344532E+00  3.38544331E-02
 1.16895397E+00  2.79688238E-02
 1.20786908E+00  7.04259923E-03
 1.20547541E+00 -5.04580149E-03
 1.17754147E+00 -1.20635962E-02
 1.15947538E+00 -2.13318417E-02
 1.13387461E+00 -2.61037989E-02
 1.07693138E+00 -2.39416961E-02
 1.02820816E+00 -1.56434036E-02
 1.03236557E+00  1.30759948E-03
 1.06904917E+00  2.23908910E-02
 1.10147468E+00  3.76936050E-02
 1.13282172E+00  4.06370553E-02
 1.16915956E+00  2.77967819E-02
 1.19516647E+00  3.59785129E-03
 1.20232310E+00 -1.97675218E-02
 1.18671749E+00 -3.43097086E-02
 1.14278494E+00 -3.64473549E-02
 1.08476305E+00 -2.53938921E-02
 1.04079239E+00 -6.49868558E-03
 1.03047689E+00  1.62141005E-02
 1.06311004E+00  3.91043758E-02
 1.12586691E+00  5.01230162E-02
 1.18461269E+00  3.98802745E-02
 1.21779464E+00  1.86071439E-02
 1.21787427E+00  2.64544937E-03
 1.18598959E+00 -1.30419849E-02
 1.14034797E+00 -3.74869574E-02
 1.09281804E+00 -5.04901073E-02
 1.04965228E+00 -2.97863666E-02
 1.03494740E+00  8.57016757E-03
 1.06598891E+00  3.59936351E-02
 1.12248090E+00  4.65226932E-02
 1.16933762E+00  4.05513182E-02
 1.19381266E+00  1.87515601E-02
 1.19607643E+00 -5.75220020E-03
 1.17976964E+00 -2.37211048E-02
 1.15846204E+00 -3.41927564E-02
 1.12616967E+00 -3.35583838E-02
 1.07054655E+00 -2.14509180E-02
 1.03304710E+00  1.36121333E-03
 1.06357572E+00  3.23222977E-02
 1.13074145E+00  5.22432230E-02
 1.17315357E+00  4.15224298E-02
 1.18547539E+00  1.62051253E-02
 1.17885938E+00  6.05615082E-03
 1.15390121E+00  5.43810394E-03
 1.13235279E+00 -2.76236988E-03
 1.12988012E+00 -1.06658137E-02
 1.14087845E+00 -1.01663790E-02
 1.16085793E+00 -3.69593953E-03
 1.17988754E+00  8.67971526E-03
 1.19011647E+00  1.63055630E-02
 1.19070357E+00  3.52181139E-03
 1.16852573E+00 -1.87179558E-02
 1.11677829E+00 -2.71555640E-02
 1.06894446E+00 -2.04032690E-02
 1.06419635E+00 -5.21806897E-03
 1.08052459E+00  1.62866265E-02
 1.07598388E+00  3.44082757E-02
 1.07579780E+00  4.08132258E-02
 1.11847198E+00  3.59643143E-02
 1.17548502E+00  2.24589373E-02
 1.20631051E+00  6.27393377E-03
 1.20886296E+00 -8.14051178E-03
 1.18489460E+00 -2.01387221E-02
 1.13710795E+00 -2.70450153E-02
 1.08772832E+00 -2.66753709E-02
 1.05554294E+00 -1.73440869E-02
 1.04725070E+00  2.46259155E-03
 1.06232291E+00  2.72368360E-02
 1.08951002E+00  4.68173433E-02
 1.12289653E+00  5.36163861E-02
 1.16153948E+00  4.32166261E-02
 1.19443216E+00  1.91098854E-02
 1.20935038E+00 -7.44708672E-03
 1.19575260E+00 -2.87751531E-02
 1.14647713E+00 -4.06983446E-02
 1.07726271E+00 -4.04819732E-02
 1.01995980E+00 -3.02259602E-02
 9.96584673E-01 -1.02967490E-02
 1.01771549E+00  1.94199421E-02
 1.07345197E+00  5.01989767E-02
 1.13228775E+00  6.96784346E-02
 1.17552300E+00  6.82587730E-02
 1.19822380E+00  4.08379089E-02
 1.19905439E+00 -3.02954294E-03
 1.18920219E+00 -4.21004882E-02
 1.17152477E+00 -6.21548907E-02
 1.13951120E+00 -5.73224306E-02
 1.10079976E+00 -3.22083894E-02
 1.06703223E+00 -4.02867617E-03
 1.04939834E+00  1.77597160E-02
 1.06099364E+00  3.22906281E-02
 1.09697445E+00  3.79493909E-02
 1.13822268E+00  3.84632840E-02
 1.17263354E+00  3.35454820E-02
 1.19143116E+00  1.78212253E-02
 1.19123907E+00 -4.20859278E-03
 1.17920082E+00 -2.38238539E-02
 1.15653265E+00 -3.41401834E-02
 1.12187187E+00 -2.83951751E-02
 1.08582772E+00 -1.01519977E-02
 1.06193767E+00  8.09245817E-03
 1.06162599E+00  1.94010271E-02
 1.09238950E+00  2.08396184E-02
 1.14099133E+00  1.30891695E-02
 1.17917408E+00  3.55244520E-03
 1.18956521E+00 -4.79763006E-03
 1.16709413E+00 -1.29879407E-02
 1.12431692E+00 -1.77844870E-02
 1.09232163E+00 -1.67557079E-02
 1.08760072E+00 -8.57644069E-03
 1.10864613E+00  6.79863542E-03
 1.14445672E+00  1.83906364E-02
 1.16928140E+00  1.36183412E-02
 1.16992356E+00  2.14619413E-03
 1.15213419E+00  1.37085765E-03
 1.12565380E+00  3.55624710E-03
 1.10960444E+00 -4.17096713E-03
 1.11491099E+00 -7.39244962E-03
 1.13633243E+00  7.98951851E-03
 1.16593367E+00  2.09192736E-02
 1.18920167E+00  2.46034257E-03
 1.19495848E+00 -4.77343295E-02
 1.18172699E+00 -1.11602531E-01
 1.14713725E+00 -1.53119194E-01
 1.09328209E+00 -1.29686496E-01
 1.02778264E+00 -6.08070096E-02
 9.64181652E-01  1.38778613E-03
 9.36275762E-01  7.75130055E-02
 9.75523696E-01  1.95204280E-01
 1.05902690E+00  2.74454428E-01
 1.12625173E+00  2.27242157E-01
 1.12697706E+00  9.82312633E-02
 1.03534712E+00 -1.95635918E-02
 9.09312526E-01 -1.03834404E-01
 8.58587955E-01 -1.44463953E-01
 8.81927090E-01 -1.21522337E-01
 9.19985171E-01 -6.07522592E-02
 9.92540993E-01 -4.78155488E-03
 1.10572803E+00  1.63632593E-02
 1.18447122E+00 -5.74164308E-03
 1.17159717E+00 -4.75171599E-02
 1.10034822E+00 -7.64554339E-02
 1.03756246E+00 -6.70653844E-02
 9.98645749E-01 -3.70509134E-02
 9.77625563E-01 -3.32201577E-02
 9.69719700E-01 -4.11908301E-02
 9.49882070E-01 -1.69731325E-02
 9.34746814E-01  4.14837617E-02
 9.72899578E-01  1.21651493E-01
 1.05497154E+00  1.78755265E-01
 1.14809580E+00  1.48902061E-01
 1.24032709E+00  7.07123995E-02
 1.29969204E+00  2.54469323E-02
 1.26946586E+00 -3.51416099E-02
 1.12264851E+00 -1.78892318E-01
 9.25857554E-01 -3.10680381E-01
 7.92344355E-01 -3.13663501E-01
 7.54407419E-01 -2.37477985E-01
 7.86612264E-01 -1.72221479E-01
 8.52697390E-01 -9.89575967E-02
 8.92381535E-01  2.63654584E-03
 9.29472321E-01  7.48742258E-02
 1.04091613E+00  7.88133455E-02
 1.16356241E+00  4.53178963E-02
 1.19578598E+00  1.69356777E-02
 1.18166903E+00  2.75391376E-03
 1.19139519E+00  9.68463066E-04
 1.20313036E+00  7.79903337E-03
 1.19176872E+00  4.63931224E-03
 1.16631768E+00 -6.95823637E-03
 1.12375941E+00 -1.01423885E-02
 1.07850083E+00 -2.29704902E-02
 1.06397793E+00 -6.37980862E-02
 1.06392653E+00 -9.52411799E-02
 1.04323162E+00 -7.56653839E-02
 1.02220573E+00 -3.78968039E-02
 1.03262292E+00 -3.47000155E-02
 1.06115248E+00 -4.40207748E-02
 1.08533208E+00 -2.62617979E-02
 1.09375039E+00 -1.28914642E-03
 1.07675832E+00  7.10124308E-03
 1.06415170E+00  1.06801064E-02
 1.10122716E+00  1.83670976E-02
 1.15079198E+00  3.04706117E-02
 1.14436242E+00  5.04177996E-02
 1.10281694E+00  6.26945066E-02
 1.07307100E+00  4.53397872E-02
 1.04401345E+00  1.93818134E-02
 1.00821585E+00  2.21572203E-02
 9.91333402E-01  4.56675849E-02
 1.00552304E+00  6.69656603E-02
 1.04032525E+00  8.93726454E-02
 1.08280394E+00  1.12177982E-01
 1.12707039E+00  1.19174738E-01
 1.16865166E+00  1.03270427E-01
 1.20149419E+00  7.21395721E-02
 1.22327494E+00  3.78758717E-02
 1.22964076E+00  6.65305416E-03
 1.21486491E+00 -1.86489643E-02
 1.18342143E+00 -3.48263290E-02
 1.14586250E+00 -4.29430639E-02
 1.11188220E+00 -4.31803541E-02
 1.09067214E+00 -3.53487194E-02
 1.08300089E+00 -2.92856742E-02
 1.08153305E+00 -3.42248528E-02
 1.08389108E+00 -3.87405986E-02
 1.09033856E+00 -2.70393803E-02
 1.09988249E+00 -1.22732064E-02
 1.11405375E+00 -1.48858934E-02
 1.13012847E+00 -2.13876576E-02
 1.14167722E+00 -1.13237731E-02
 1.14814564E+00  4.50536657E-03
 1.15145273E+00  1.02274329E-02
 1.15268417E+00  1.00961431E-02
 1.15445511E+00  9.20202936E-03
 1.15690690E+00  5.89430207E-03
 1.15751211E+00  3.11518530E-03
 1.15656025E+00  4.13393860E-03
 1.15511478E+00  7.71675862E-03
 1.15227200E+00  1.18367243E-02
 1.14744611E+00  1.37871556E-02
 1.14010188E+00  1.20294659E-02
 1.12993441E+00  7.91846271E-03
 1.12030442E+00  4.74519515E-03
 1.11676939E+00  7.24762767E-03
 1.12252308E+00  1.77956502E-02
 1.13830427E+00  3.44359866E-02
 1.16124108E+00  5.07730132E-02
 1.18433705E+00  5.69511299E-02
 1.20152024E+00  4.68479508E-02
 1.20781870E+00  2.08053696E-02
 1.19759600E+00 -1.35759920E-02
 1.16781886E+00 -4.19165621E-02
 1.11908174E+00 -5.37944189E-02
 1.05842288E+00 -4.54924443E-02
 1.00686282E+00 -1.90645068E-02
 9.92024357E-01  1.53974503E-02
 1.02877632E+00  4.88581742E-02
 1.11022437E+00  7.33554023E-02
 1.19287235E+00  7.42572636E-02
 1.22098554E+00  4.47198708E-02
 1.20762175E+00  6.46373767E-03
 1.20066387E+00 -9.77146221E-03
 1.17963234E+00 -6.84685927E-03
 1.11770728E+00 -3.89149210E-03
 1.07047979E+00  2.22899841E-03
 1.09356652E+00  1.51261714E-02
 1.15166738E+00  2.46020530E-02
 1.18489771E+00  2.67010939E-02
 1.19332793E+00  2.32615072E-02
 1.19118484E+00  1.41917439E-02
 1.17217771E+00 -1.88381553E-03
 1.14614439E+00 -2.29674345E-02
 1.12284105E+00 -3.39409322E-02
 1.09724239E+00 -1.89440874E-02
 1.07733276E+00  1.02701442E-02
 1.07609117E+00  2.90798996E-02
 1.09915478E+00  3.40009645E-02
 1.14626599E+00  2.98056656E-02
 1.19146852E+00  1.65214519E-02
 1.20008657E+00  2.02296071E-03
 1.18448337E+00 -7.25483642E-03
 1.17663108E+00 -1.27021943E-02
 1.16177558E+00 -1.40386887E-02
 1.12062530E+00 -1.18773125E-02
 1.08892063E+00 -6.27458854E-03
 1.10367650E+00  5.04554340E-03
 1.14070726E+00  1.88151792E-02
 1.15941660E+00  2.86555473E-02
 1.15961794E+00  3.03516205E-02
 1.15119552E+00  2.12400816E-02
 1.13385973E+00  5.28383365E-03
 1.11998868E+00 -7.69876460E-03
 1.11899685E+00 -1.19647814E-02
 1.12618056E+00 -6.14174813E-03
 1.13798904E+00  6.43097858E-03
 1.14896729E+00  1.65968063E-02
 1.15565623E+00  1.95542532E-02
 1.16111688E+00  1.59695730E-02
 1.16503768E+00  8.12948837E-03
 1.16610355E+00  2.06992855E-03
 1.16399221E+00  7.72374025E-04
 1.15658397E+00  2.37674095E-03
 1.14565286E+00  5.53244831E-03
 1.13616879E+00  7.51029446E-03
 1.13106720E+00  6.85178203E-03
 1.13212150E+00  5.31706684E-03
 1.13779432E+00  3.63788647E-03
 1.14292671E+00  2.47429738E-03
 1.14494491E+00  2.41393788E-03
 1.14406704E+00  2.46342473E-03
 1.14257795E+00  2.27245418E-03
 1.14553323E+00  1.98301916E-03
 1.15490227E+00  1.45330074E-03
 1.16838259E+00  1.09333414E-03
 1.18143996E+00  1.15827415E-03
 1.18690445E+00  1.55843472E-03
 1.18062657E+00  2.39152998E-03
 1.16386431E+00  3.61088430E-03
 1.14206918E+00  5.04932039E-03
 1.12478126E+00  6.56181825E-03
 1.11858744E+00  7.82176507E-03
 1.12433895E+00  8.33860039E-03
 1.13779484E+00  7.46648493E-03
 1.14945966E+00  4.59070383E-03
 1.15340307E+00 -3.11294978E-04
 1.14943449E+00 -6.26447972E-03
 1.14059206E+00 -1.07597011E-02
 1.13445461E+00 -1.04625907E-02
 1.13518093E+00 -3.57737847E-03
 1.14185755E+00  9.03855090E-03
 1.15364096E+00  2.24782927E-02
 1.16712245E+00  2.88883220E-02
 1.17918068E+00  2.33532455E-02
 1.18781909E+00  5.79373352E-03
 1.18555825E+00 -1.74334555E-02
 1.16413540E+00 -3.43209376E-02
 1.12294300E+00 -3.71163903E-02
 1.07230335E+00 -2.46454419E-02
 1.04309804E+00 -2.23891478E-03
 1.06764066E+00  1.77339879E-02
 1.12620339E+00  2.75953706E-02
 1.16999059E+00  2.65396525E-02
 1.18943217E+00  1.69945195E-02
 1.19148024E+00  6.85107702E-03
 1.17620816E+00  3.33475680E-04
 1.15954700E+00 -3.75830352E-03
 1.14752869E+00 -5.04158341E-03
 1.13079631E+00 -4.63524502E-03
 1.11836212E+00 -2.50849124E-03
 1.12209555E+00  3.89434435E-03
 1.13894935E+00  1.21894243E-02
 1.16199387E+00  1.74730218E-02
 1.17484324E+00  1.67168945E-02
 1.15870455E+00  7.95497191E-03
 1.12675498E+00 -5.18227712E-03
 1.10924606E+00 -1.42337108E-02
 1.10823224E+00 -1.45569563E-02
 1.11432831E+00 -5.55685844E-03
 1.12892733E+00  8.90283896E-03
 1.14622570E+00  1.97215773E-02
 1.15946057E+00  2.17493629E-02
 1.17042106E+00  1.51092043E-02
 1.17738725E+00  2.49930011E-03
 1.17732371E+00 -9.13567100E-03
 1.16857515E+00 -1.55988615E-02
 1.14900813E+00 -1.71131363E-02
 1.12392025E+00 -1.38911172E-02
 1.10410373E+00 -8.19519217E-03
 1.09698778E+00 -1.32800374E-03
 1.10663486E+00  7.48729284E-03
 1.12952978E+00  1.59702816E-02
 1.15422241E+00  2.07398037E-02
 1.17309566E+00  1.93076143E-02
 1.18247164E+00  9.76403778E-03
 1.18022643E+00 -4.89853833E-03
 1.16921762E+00 -1.77978286E-02
 1.15049964E+00 -2.43028922E-02
 1.12423325E+00 -2.21071720E-02
 1.09877205E+00 -1.25583515E-02
 1.08544750E+00 -1.38140091E-03
 1.09257611E+00  8.04014604E-03
 1.12365201E+00  1.46406692E-02
 1.16697753E+00  1.68227071E-02
 1.19933260E+00  1.47814390E-02
 1.20560165E+00  8.03103691E-03
 1.18109176E+00 -4.30136190E-03
 1.13542350E+00 -1.79215063E-02
 1.09348186E+00 -2.60180764E-02
 1.07073995E+00 -2.39480100E-02
 1.07094840E+00 -9.87594163E-03
 1.09330525E+00  1.04744535E-02
 1.12578097E+00  2.52300878E-02
 1.15984540E+00  2.71883501E-02
 1.19085975E+00  1.50156701E-02
 1.20026549E+00 -5.82376960E-03
 1.17575153E+00 -2.24752215E-02
 1.14107979E+00 -2.75419865E-02
 1.12765758E+00 -2.09649450E-02
 1.11993037E+00 -6.46512283E-03
 1.09016364E+00  6.24660638E-03
 1.06983944E+00  1.17899649E-02
 1.09967691E+00  1.13920651E-02
 1.15328440E+00  6.40548902E-03
 1.18683317E+00  1.06740218E-03
 1.19626351E+00 -2.47583046E-03
 1.18480009E+00 -6.28440367E-03
 1.15450267E+00 -9.75748513E-03
 1.12649817E+00 -1.18408840E-02
 1.11520679E+00 -1.16757871E-02
 1.11945886E+00 -7.08601114E-03
 1.13467608E+00  4.99764081E-04
 1.14840892E+00  7.00224409E-03
 1.15478106E+00  1.00366815E-02
 1.15822383E+00  8.14470443E-03
 1.15921633E+00  2.49914787E-03
 1.15957471E+00 -2.72963609E-03
 1.15964985E+00 -5.43082754E-03
 1.15450600E+00 -5.46954640E-03
 1.14538371E+00 -3.45522091E-03
 1.13710004E+00 -1.84385511E-03
 1.13229631E+00 -1.56240375E-03
 1.13412948E+00 -1.52130898E-03
 1.14139906E+00 -1.13891134E-03
 1.14828801E+00  6.02866813E-04
 1.15216192E+00  3.95199343E-03
 1.15251142E+00  7.46755469E-03
 1.15004136E+00  9.87709958E-03
 1.14837189E+00  9.88135677E-03
 1.14877501E+00  6.59590404E-03
 1.14982931E+00  6.63341944E-04
 1.15080993E+00 -6.03692081E-03
 1.15020483E+00 -1.07978156E-02
 1.14760275E+00 -1.15751970E-02
 1.14489015E+00 -7.96789826E-03
 1.14363038E+00 -1.73029602E-03
 1.14540468E+00  3.57667209E-03
 1.15115464E+00  5.65296409E-03
 1.15964592E+00  4.15287757E-03
 1.16790838E+00  5.18938656E-04
 1.17188307E+00 -1.82158635E-03
 1.16867642E+00 -1.04959827E-03
 1.15808501E+00  2.42653328E-03
 1.14351539E+00  7.37015186E-03
 1.13134714E+00  1.10641873E-02
 1.12605592E+00  1.20222807E-02
 1.12900463E+00  1.07575677E-02
 1.13835276E+00  7.84194604E-03
 1.14862851E+00  4.62319213E-03
 1.15635686E+00  1.98550933E-03
 1.16070418E+00 -3.82564873E-04
 1.16096366E+00 -2.26237537E-03
 1.15828060E+00 -3.42969265E-03
 1.15291775E+00 -3.71136932E-03
 1.14415529E+00 -2.57303693E-03
 1.13499581E+00 -4.04909848E-04
 1.12992593E+00  1.77402251E-03
 1.13190625E+00  3.35775135E-03
 1.14198313E+00  4.04200890E-03
 1.15484270E+00  4.52527196E-03
 1.16064765E+00  6.44995450E-03
 1.15442280E+00  1.07678065E-02
 1.13760196E+00  1.76712107E-02
 1.12038955E+00  2.66356984E-02
 1.11964476E+00  3.54822784E-02
 1.14176120E+00  4.04550989E-02
 1.17753077E+00  3.52904910E-02
 1.19982536E+00  9.07054265E-03
 1.17796759E+00 -4.16758523E-02
 1.12985265E+00 -8.74019792E-02
 1.09840405E+00 -8.87950498E-02
 1.07376474E+00 -5.67438722E-02
 1.03606151E+00 -2.61717717E-02
 1.02492637E+00  3.30378293E-03
 1.07766863E+00  3.48627900E-02
 1.15880066E+00  4.60057444E-02
 1.21215350E+00  2.62362550E-02
 1.22564191E+00 -4.07185847E-03
 1.20252291E+00 -2.00732817E-02
 1.14783168E+00 -2.32888563E-02
 1.09064894E+00 -2.57793377E-02
 1.05332935E+00 -2.12349394E-02
 1.03969333E+00 -3.19197046E-03
 1.05226411E+00  2.27241267E-02
 1.08365774E+00  4.96645939E-02
 1.12793207E+00  5.97378850E-02
 1.18070151E+00  3.44600934E-02
 1.21254330E+00 -4.44389013E-03
 1.19667888E+00 -1.93695957E-02
 1.16050225E+00 -1.96001595E-02
 1.14617862E+00 -2.97718345E-02
 1.13094685E+00 -3.43810512E-02
 1.07886574E+00 -1.66460245E-02
 1.03615482E+00  5.97020523E-03
 1.06069667E+00  1.65190027E-02
 1.12108565E+00  2.16754805E-02
 1.16287159E+00  2.91286209E-02
 1.18551846E+00  3.01016951E-02
 1.19525138E+00  1.64197591E-02
 1.18488344E+00 -4.26628565E-03
 1.16576338E+00 -2.08948708E-02
 1.14659820E+00 -2.81509297E-02
 1.12327786E+00 -2.21461242E-02
 1.10061905E+00 -6.01120820E-03
 1.08537663E+00  8.99113935E-03
 1.08399240E+00  1.67391135E-02
 1.10443823E+00  1.62499197E-02
 1.13874733E+00  8.72855112E-03
 1.16784617E+00  4.72231214E-04
 1.17995623E+00 -5.80523668E-03
 1.16928187E+00 -1.17753489E-02
 1.14240210E+00 -1.62807819E-02
 1.11929642E+00 -1.86614766E-02
 1.11019224E+00 -1.77596235E-02
 1.11501308E+00 -1.07058628E-02
 1.12945122E+00  4.23627847E-04
 1.14023617E+00  1.04208363E-02
 1.14148667E+00  1.60158360E-02
 1.13756973E+00  1.49167976E-02
 1.13137508E+00  8.51401539E-03
 1.12889362E+00  2.14302024E-03
 1.13296536E+00 -1.55533375E-03
 1.13912455E+00 -2.35140294E-03
 1.14514511E+00 -8.95539745E-04
 1.14886077E+00 -2.01581172E-04
 1.14821398E+00 -1.25455877E-03
 1.14486447E+00 -2.49844784E-03
 1.13972781E+00 -3.28805349E-03
 1.13335245E+00 -2.51560499E-03
 1.12747721E+00  2.34378381E-04
 1.12342888E+00  3.61141980E-03
 1.12381550E+00  7.08620745E-03
 1.13186861E+00  1.03333571E-02
 1.14830799E+00  1.24500953E-02
 1.17031359E+00  1.27914736E-02
 1.18887973E+00  9.98457109E-03
 1.19100068E+00  2.42517825E-03
 1.16880260E+00 -9.60222522E-03
 1.12309155E+00 -2.33431961E-02
 1.06797505E+00 -3.23357866E-02
 1.02835047E+00 -2.83045221E-02
 1.02114054E+00 -7.97030310E-03
 1.05048950E+00  2.36185404E-02
 1.10509951E+00  4.90249396E-02
 1.15792009E+00  4.78554945E-02
 1.19100310E+00  2.64295558E-02
 1.19935111E+00  6.86138165E-03
 1.18490336E+00 -9.02262140E-03
 1.16175198E+00 -2.44321454E-02
 1.13705252E+00 -3.10786287E-02
 1.10920466E+00 -2.62876937E-02
 1.08440076E+00 -1.19841369E-02
 1.06846938E+00  9.88697140E-03
 1.06795708E+00  2.64329415E-02
 1.09098471E+00  2.33865557E-02
 1.12847478E+00  8.67975001E-03
 1.16046028E+00  2.97077327E-04
 1.17525807E+00 -1.83546106E-03
 1.16934641E+00 -4.21911516E-03
 1.15697014E+00 -5.70578178E-03
 1.15878139E+00 -8.23139058E-03
 1.15068396E+00 -1.15381748E-02
 1.09745630E+00 -6.36969849E-03
 1.04154921E+00  1.85064369E-02
 1.04778128E+00  6.76496277E-02
 1.10070446E+00  1.18513880E-01
 1.15276410E+00  1.34865860E-01
 1.17604570E+00  1.13879873E-01
 1.14188824E+00  7.37622202E-02
 1.07231039E+00  2.59473502E-02
 1.03445288E+00 -1.07481768E-02
 1.03175317E+00 -2.27813505E-02
 1.03826204E+00 -1.66274841E-02
 1.07451174E+00 -5.57550026E-03
 1.14647207E+00 -5.11610369E-03
 1.20889383E+00 -1.46391165E-02
 1.22239416E+00 -1.82578595E-02
 1.20205801E+00 -1.48629630E-02
 1.18262761E+00 -9.68491251E-03
 1.15756902E+00 -5.44299563E-03
 1.11243489E+00 -7.96258550E-03
 1.06661536E+00 -3.81396836E-03
 1.03966174E+00  2.83070108E-02
 1.04109820E+00  7.26511281E-02
 1.08166947E+00  9.80551699E-02
 1.15066462E+00  1.00901218E-01
 1.21636804E+00  8.48854790E-02
 1.25168849E+00  4.65730688E-02
 1.23855561E+00 -6.56019373E-03
 1.18397481E+00 -6.27779086E-02
 1.11938631E+00 -1.11512152E-01
 1.05997026E+00 -1.31459590E-01
 1.01011882E+00 -1.06870007E-01
 9.80892608E-01 -5.91403792E-02
 9.75480947E-01 -2.39579153E-02
 1.00275287E+00  1.47372170E-03
 1.07125433E+00  3.33577806E-02
 1.14787752E+00  5.29726793E-02
 1.18807496E+00  4.26060996E-02
 1.20094616E+00  2.16256697E-02
 1.21474179E+00  1.11771979E-02
 1.21446366E+00  1.95267698E-03
 1.18047737E+00 -1.85212834E-02
 1.12819993E+00 -3.29234578E-02
 1.07611415E+00 -2.23302906E-02
 1.03629285E+00 -2.35695910E-03
 1.02516125E+00  5.47693855E-03
 1.04282578E+00  9.55866423E-03
 1.07292488E+00  2.26445154E-02
 1.10717961E+00  3.31180702E-02
 1.14042525E+00  2.84413863E-02
 1.16636389E+00  1.51001382E-02
 1.18490701E+00  1.90273108E-03
 1.19024016E+00 -8.70113768E-03
 1.17398176E+00 -1.30141683E-02
 1.14320430E+00 -1.04971572E-02
 1.11245567E+00 -6.36910686E-03
 1.09334854E+00 -1.95151469E-03
 1.09552342E+00  3.95981856E-03
 1.11512214E+00  9.98437646E-03
 1.13593166E+00  1.54505969E-02
 1.15035679E+00  1.86745677E-02
 1.15731780E+00  1.65515677E-02
 1.15771835E+00  1.02977035E-02
 1.15944704E+00  3.69889361E-03
 1.16374432E+00 -1.03477204E-03
 1.16458228E+00 -2.20382191E-03
 1.16119282E+00 -3.75129522E-04
 1.15308987E+00  1.20128523E-03
 1.14102505E+00  1.50784956E-03
 1.13041080E+00  1.34575041E-03
 1.12316134E+00  1.48937169E-03
 1.11885089E+00  3.83647920E-03
 1.11910850E+00  8.68153067E-03
 1.12439620E+00  1.39604517E-02
 1.13454894E+00  1.74746069E-02
 1.14957916E+00  1.65485138E-02
 1.16653981E+00  9.69829332E-03
 1.17959773E+00 -1.69825838E-03
 1.18084610E+00 -1.36666279E-02
 1.16237615E+00 -2.03529844E-02
 1.12326599E+00 -1.76631014E-02
 1.07493848E+00 -5.21227745E-03
 1.04729114E+00  1.25580289E-02
 1.06998269E+00  2.70578732E-02
 1.12280004E+00  3.23738952E-02
 1.15905338E+00  2.68782284E-02
 1.17667531E+00  1.30551911E-02
 1.18954145E+00 -1.76837909E-03
 1.18602826E+00 -1.28646151E-02
 1.16202083E+00 -1.89619659E-02
 1.12337536E+00 -1.85993733E-02
 1.07425207E+00 -1.26731376E-02
 1.04302880E+00 -1.49918894E-03
 1.06247580E+00  1.50727740E-02
 1.11330585E+00  3.09679634E-02
 1.15179734E+00  3.75339375E-02
 1.17181329E+00  2.99594271E-02
 1.17976033E+00  8.89824399E-03
 1.17001447E+00 -1.23573108E-02
 1.14952653E+00 -1.64033462E-02
 1.12498288E+00 -1.02808691E-02
 1.09410766E+00 -1.14455168E-02
 1.06745111E+00 -9.74080876E-03
 1.06034239E+00  9.26650926E-03
 1.08119250E+00  2.86820412E-02
 1.13031404E+00  2.87676483E-02
 1.18073131E+00  1.89103618E-02
 1.19514700E+00  1.40566258E-02
 1.18190129E+00  1.02104163E-02
 1.17008970E+00  2.06896220E-03
 1.14686663E+00 -5.34596496E-03
 1.09774748E+00 -9.17098688E-03
 1.05914666E+00 -8.73124829E-03
 1.06743369E+00 -1.31434468E-03
 1.10241717E+00  1.06914817E-02
 1.12767701E+00  2.06802107E-02
 1.14405371E+00  2.45592585E-02
 1.15996777E+00  2.03075389E-02
 1.16720341E+00  1.00936316E-02
 1.16544003E+00  6.97721774E-04
 1.15590065E+00 -4.21802159E-03
 1.13304468E+00 -4.21282394E-03
 1.10408618E+00  2.30171259E-05
 1.08413496E+00  4.84196305E-03
 1.08297208E+00  8.58019714E-03
 1.10601365E+00  1.21339496E-02
 1.14349862E+00  1.45243034E-02
 1.17227258E+00  1.49472495E-02
 1.17907251E+00  1.26310144E-02
 1.16155140E+00  6.24000941E-03
 1.12847402E+00 -1.99592580E-03
 1.10221399E+00 -7.57528795E-03
 1.09490184E+00 -7.78428126E-03
 1.10523969E+00 -1.56789001E-03
 1.12716959E+00  8.42207366E-03
 1.14517513E+00  1.60118171E-02
 1.15107838E+00  1.76729864E-02
 1.14854854E+00  1.30439395E-02
 1.14094587E+00  4.46362466E-03
 1.13569230E+00 -2.30458976E-03
 1.13656046E+00 -4.07917160E-03
 1.13907977E+00 -1.29024493E-03
 1.14102342E+00  4.38082584E-03
 1.13996359E+00  8.85271643E-03
 1.13456883E+00  9.93848189E-03
 1.12849227E+00  8.61042946E-03
 1.12442759E+00  5.91337368E-03
 1.12437846E+00  4.02940875E-03
 1.13002293E+00  4.14220697E-03
 1.13972834E+00  5.20502872E-03
 1.14992056E+00  6.61624848E-03
 1.15609758E+00  7.55897789E-03
 1.15476607E+00  7.49123203E-03
 1.14556455E+00  7.12731261E-03
 1.13209718E+00  6.77004492E-03
 1.12106688E+00  6.53811906E-03
 1.11703740E+00  6.63116631E-03
 1.12104151E+00  6.71291895E-03
 1.13066386E+00  6.63677190E-03
 1.13973479E+00  6.47504399E-03
 1.14470615E+00  6.16977073E-03
 1.14562833E+00  5.82046265E-03
 1.14356758E+00  5.49689192E-03
 1.14194089E+00  5.14846138E-03
 1.14205930E+00  4.79621492E-03
 1.14207870E+00  4.44386204E-03
 1.14097761E+00  4.08104535E-03
 1.13733452E+00  3.74101807E-03
 1.13092204E+00  3.43760113E-03
 1.12421381E+00  3.17622970E-03
 1.11962310E+00  2.97130279E-03
 1.11957540E+00  2.82517764E-03
 1.12560071E+00  2.73976794E-03
 1.13639267E+00  2.71937223E-03
 1.14786769E+00  2.76305335E-03
 1.15415033E+00  2.86807140E-03
 1.15105805E+00  3.02677683E-03
 1.13808188E+00  3.22406144E-03
 1.11979536E+00  3.43896204E-03
 1.10502989E+00  3.64564453E-03
 1.09976215E+00  3.81907147E-03
 1.10550528E+00  3.93872235E-03
 1.11936019E+00  3.99120614E-03
 1.13345923E+00  3.97427617E-03
 1.14317464E+00  3.89646635E-03
 1.14827209E+00  3.78200107E-03
 1.14953787E+00  3.67982091E-03
 1.15059190E+00  3.65554029E-03
 1.15238751E+00  3.77341926E-03
 1.15200439E+00  4.08504306E-03
 1.14791376E+00  4.60824001E-03
 1.13847451E+00  5.32033532E-03
 1.12374355E+00  6.17745949E-03
 1.10752096E+00  7.09971840E-03
 1.09406053E+00  7.94808365E-03
 1.08794888E+00  8.54869491E-03
 1.09274384E+00  8.72329165E-03
 1.10824999E+00  8.31998034E-03
 1.12996909E+00  7.28075177E-03
 1.15019734E+00  5.65084850E-03
 1.16271040E+00  3.52610430E-03
 1.16479055E+00  1.09115485E-03
 1.15845685E+00 -1.33467758E-03
 1.15028618E+00 -3.35410502E-03
 1.14395428E+00 -4.54873077E-03
 1.13946288E+00 -4.55516763E-03
 1.13540204E+00 -3.23048221E-03
 1.12769803E+00 -6.68991089E-04
 1.11588537E+00  2.91816718E-03
 1.10421214E+00  7.11278457E-03
 1.09705426E+00  1.11905252E-02
 1.09985080E+00  1.42616170E-02
 1.11504686E+00  1.54193143E-02
 1.13908485E+00  1.39367136E-02
 1.16432835E+00  9.67467942E-03
 1.17986575E+00  3.13477776E-03
 1.17762769E+00 -4.82173072E-03
 1.15641059E+00 -1.27412766E-02
 1.12346311E+00 -1.83177157E-02
 1.09341508E+00 -1.90467124E-02
 1.07697099E+00 -1.32452273E-02
 1.07809861E+00 -1.01670003E-03
 1.09449759E+00  1.41068532E-02
 1.11607892E+00  2.61375680E-02
 1.13682554E+00  3.06434551E-02
 1.15556175E+00  2.59177681E-02
 1.16861213E+00  1.45510355E-02
 1.17422944E+00  3.19509396E-03
 1.16928613E+00 -3.86697536E-03
 1.14940178E+00 -5.44520089E-03
 1.12024701E+00 -2.37202877E-03
 1.09352851E+00  1.31968185E-03
 1.07822980E+00  3.86786297E-03
 1.08105592E+00  6.22107605E-03
 1.09979492E+00  7.98413758E-03
 1.12321932E+00  9.31746457E-03
 1.14472942E+00  9.55644637E-03
 1.16105578E+00  6.51948661E-03
 1.16851227E+00  8.14711237E-04
 1.16743802E+00 -5.28440987E-03
 1.15592606E+00 -1.01555240E-02
 1.13113124E+00 -1.18448494E-02
 1.10022905E+00 -9.69297643E-03
 1.07533853E+00 -4.81500013E-03
 1.06599101E+00  2.32724644E-03
 1.07867025E+00  1.09281179E-02
 1.10822739E+00  1.82614269E-02
 1.13920578E+00  2.12396098E-02
 1.16193377E+00  1.74736889E-02
 1.17212388E+00  6.21739327E-03
 1.16943419E+00 -8.70371044E-03
 1.16097279E+00 -2.01562328E-02
 1.14885779E+00 -2.30745302E-02
 1.13051192E+00 -1.52712324E-02
 1.10901805E+00  1.16619155E-03
 1.08825024E+00  1.97893985E-02
 1.07394551E+00  3.71557999E-02
 1.07508584E+00  5.35083203E-02
 1.09411530E+00  7.08477127E-02
 1.12719004E+00  8.79488936E-02
 1.16761982E+00  8.15177668E-02
 1.20040819E+00  2.70858018E-02
 1.20001816E+00 -4.46952653E-02
 1.14827213E+00 -7.96234021E-02
 1.06792061E+00 -7.42620317E-02
 1.00685601E+00 -4.59713849E-02
 9.88151706E-01  5.23186659E-03
 1.01718235E+00  6.40921127E-02
 1.08707889E+00  1.02255122E-01
 1.16097818E+00  1.02688773E-01
 1.19639471E+00  5.89328662E-02
 1.16998059E+00 -1.78250057E-02
 1.10375715E+00 -8.81169534E-02
 1.05186171E+00 -1.07875550E-01
 1.02350505E+00 -8.28348359E-02
 1.00233246E+00 -4.95257034E-02
 1.00068584E+00 -9.26994879E-03
 1.02530534E+00  4.06368360E-02
 1.07701530E+00  6.92357545E-02
 1.15892409E+00  5.69275235E-02
 1.22651509E+00  2.33524137E-02
 1.22228324E+00 -2.79821405E-03
 1.17053065E+00 -1.80252211E-02
 1.13008461E+00 -2.86413048E-02
 1.09811582E+00 -2.96278033E-02
 1.05922815E+00 -2.07862140E-02
 1.03383610E+00 -4.35258504E-03
 1.03295097E+00  2.16672956E-02
 1.05753567E+00  4.54352386E-02
 1.11171189E+00  5.01593676E-02
 1.16951835E+00  3.80379244E-02
 1.19363735E+00  2.00627600E-02
 1.19297119E+00  1.53942318E-03
 1.19326817E+00 -1.20451414E-02
 1.17714514E+00 -2.04481708E-02
 1.12618504E+00 -3.03002162E-02
 1.07723899E+00 -3.65486554E-02
 1.07139722E+00 -2.93653958E-02
 1.09144567E+00 -1.33702600E-02
 1.10415007E+00  2.59643929E-03
 1.11586680E+00  1.46331997E-02
 1.13791028E+00  1.82731532E-02
 1.15894553E+00  1.38011175E-02
 1.17207598E+00  7.92952074E-03
 1.17346401E+00  3.39359929E-03
 1.15400469E+00  2.63657876E-04
 1.11918030E+00 -5.24771767E-04
 1.08580600E+00 -2.88621700E-04
 1.06485159E+00  1.50124602E-03
 1.06388901E+00  7.21369187E-03
 1.08199082E+00  1.47471117E-02
 1.10725521E+00  2.01183222E-02
 1.13389952E+00  2.06134496E-02
 1.16030416E+00  1.41151260E-02
 1.18042734E+00  2.93263259E-03
 1.19051769E+00 -6.75816318E-03
 1.18569393E+00 -1.15759033E-02
 1.16101034E+00 -1.06555627E-02
 1.12550849E+00 -5.29683853E-03
 1.09653058E+00 -8.26195907E-05
 1.08596546E+00  2.81515717E-03
 1.09970262E+00  4.13744512E-03
 1.12931285E+00  4.52742148E-03
 1.15312515E+00  6.01658795E-03
 1.15938327E+00  9.27348984E-03
 1.14753261E+00  1.25768270E-02
 1.12545237E+00  1.50285876E-02
 1.11253954E+00  1.56790655E-02
 1.11816757E+00  1.39501767E-02
 1.13813567E+00  1.08207415E-02
 1.16467738E+00  7.10189117E-03
 1.18233440E+00  3.57529918E-03
 1.18245386E+00  1.22920174E-03
 1.16879462E+00  4.01753190E-04
 1.14747102E+00  1.11248820E-03
 1.12981597E+00  3.13890175E-03
 1.12348585E+00  6.03736140E-03
 1.12704182E+00  9.29032245E-03
 1.13728957E+00  1.19934639E-02
 1.14748352E+00  1.30952160E-02
 1.15309538E+00  1.17828524E-02
 1.15527111E+00  7.85791751E-03
 1.15454967E+00  2.71235619E-03
 1.15264382E+00 -1.14857406E-03
 1.15023446E+00 -1.96705515E-03
 1.14522708E+00  8.29853348E-04
 1.13875635E+00  5.81899793E-03
 1.13356166E+00  9.76531556E-03
 1.13162716E+00  1.07753528E-02
 1.13518298E+00  8.68966053E-03
 1.14276224E+00  4.73365024E-03
 1.14971274E+00  1.87931040E-03
 1.15349538E+00  1.69495718E-03
 1.15316651E+00  3.80976563E-03
 1.14980128E+00  7.33104117E-03
 1.14727227E+00  1.01966745E-02
 1.14727960E+00  1.12711313E-02
 1.14916826E+00  1.10383952E-02
 1.15209850E+00  9.91526293E-03
 1.15382368E+00  8.81997904E-03
 1.15335672E+00  8.29764560E-03
 1.15177780E+00  7.89013589E-03
 1.14967236E+00  7.50667924E-03
 1.14796367E+00  7.09584511E-03
 1.14731114E+00  6.66087100E-03
 1.14718841E+00  6.69087256E-03
 1.14747331E+00  7.31157491E-03
 1.14815196E+00  8.33932367E-03
 1.14900651E+00  9.58478627E-03
 1.15015471E+00  1.05241964E-02
 1.15133400E+00  1.05098719E-02
 1.15193366E+00  9.01412897E-03
 1.15152416E+00  5.75099690E-03
 1.14971905E+00  1.08587597E-03
 1.14651009E+00 -3.51023139E-03
 1.14241591E+00 -5.91335840E-03
 1.13809708E+00 -4.68600771E-03
 1.13454787E+00  3.67324131E-04
 1.13331176E+00  7.46521035E-03
 1.13590687E+00  1.31697351E-02
 1.14303343E+00  1.51235971E-02
 1.15383194E+00  1.26086143E-02
 1.16462266E+00  6.67189063E-03
 1.16992535E+00  3.76001351E-04
 1.16609740E+00 -4.30414024E-03
 1.15268197E+00 -6.81536604E-03
 1.13421054E+00 -6.72135898E-03
 1.11946321E+00 -4.63821071E-03
 1.11446310E+00 -6.80360421E-04
 1.12103812E+00  5.58538062E-03
 1.13653137E+00  1.26069731E-02
 1.15315711E+00  1.79558872E-02
 1.16591081E+00  1.96482094E-02
 1.17344092E+00  1.61850907E-02
 1.17473890E+00  8.76557793E-03
 1.17144872E+00  8.96201160E-04
 1.16374001E+00 -4.99892185E-03
 1.15008211E+00 -7.42418850E-03
 1.13355332E+00 -5.86378189E-03
 1.11927735E+00 -1.62228336E-03
 1.11186088E+00  4.73745712E-03
 1.11570529E+00  1.29576270E-02
 1.12988049E+00  2.05821302E-02
 1.14856528E+00  2.45693466E-02
 1.16731345E+00  2.24837210E-02
 1.18173047E+00  1.30684334E-02
 1.18665224E+00 -4.79705207E-04
 1.17901992E+00 -1.16560141E-02
 1.15630894E+00 -1.59791106E-02
 1.11913343E+00 -1.14705104E-02
 1.07847966E+00  1.01050275E-04
 1.05127311E+00  1.27633137E-02
 1.04990178E+00  2.27427031E-02
 1.07909756E+00  2.86214931E-02
 1.12826091E+00  2.88276629E-02
 1.17347455E+00  2.38039933E-02
 1.19862681E+00  1.33808232E-02
 1.19775374E+00 -2.88424908E-03
 1.17448675E+00 -2.02720389E-02
 1.14534327E+00 -3.15630462E-02
 1.11949278E+00 -3.14529356E-02
 1.09774140E+00 -1.72915268E-02
 1.08480192E+00  5.92539349E-03
 1.08194352E+00  2.67975312E-02
 1.09261128E+00  3.77841393E-02
 1.12280227E+00  3.59364907E-02
 1.16353420E+00  2.34426545E-02
 1.19727857E+00  9.01425020E-03
 1.21133114E+00 -2.53858961E-03
 1.19725576E+00 -1.07850067E-02
 1.16166919E+00 -1.43653232E-02
 1.12544253E+00 -1.43449158E-02
 1.10084156E+00 -1.01103313E-02
 1.09211541E+00  1.06128259E-03
 1.09885223E+00  1.59132163E-02
 1.11079186E+00  2.82613723E-02
 1.12422688E+00  3.34376617E-02
 1.14218989E+00  2.76804931E-02
 1.16039188E+00  1.35279993E-02
 1.17422011E+00 -8.18189500E-04
 1.17866791E+00 -1.05404577E-02
 1.16709567E+00 -1.36206546E-02
 1.14511839E+00 -1.01684383E-02
 1.12662412E+00 -4.44540761E-03
 1.11988461E+00  1.86581466E-03
 1.12876607E+00  9.45028922E-03
 1.14782672E+00  1.58811542E-02
 1.16167321E+00  1.86894688E-02
 1.16273533E+00  1.56940505E-02
 1.15179134E+00  4.95435476E-03
 1.13353497E+00 -9.18871368E-03
 1.11996721E+00 -1.82947223E-02
 1.11733511E+00 -1.72901279E-02
 1.12353888E+00 -4.83409731E-03
 1.13640840E+00  1.36948616E-02
 1.15003963E+00  2.65860739E-02
 1.16027735E+00  2.71451800E-02
 1.16749225E+00  1.50649478E-02
 1.16866007E+00 -4.64152633E-03
 1.16059067E+00 -2.03771490E-02
 1.14231315E+00 -2.51846761E-02
 1.11453778E+00 -1.88701461E-02
 1.08687309E+00 -3.64516421E-03
 1.07470559E+00  1.33165468E-02
 1.08751039E+00  2.71875377E-02
 1.12638933E+00  3.71422562E-02
 1.17780462E+00  3.95114793E-02
 1.21569613E+00  3.16720029E-02
 1.22297329E+00  1.32084392E-02
 1.19564918E+00 -1.34833597E-02
 1.14450262E+00 -3.42008323E-02
 1.09630168E+00 -3.32871835E-02
 1.06806648E+00 -1.96648331E-02
 1.06333055E+00 -1.17311641E-02
 1.07991239E+00 -1.23028752E-03
 1.10407960E+00  2.41836449E-02
 1.12855156E+00  4.38315859E-02
 1.15465698E+00  3.46050095E-02
 1.17520051E+00  1.02428697E-02
 1.18332511E+00 -5.54876802E-03
 1.17449658E+00 -1.20585664E-02
 1.14665755E+00 -1.31316297E-02
 1.11996655E+00 -7.15986959E-03
 1.11988788E+00 -3.57676470E-04
 1.13219522E+00  2.89803858E-03
 1.12928925E+00  5.36827570E-03
 1.12831940E+00  7.46504416E-03
 1.15345892E+00  9.74193950E-03
 1.17718019E+00  1.18586508E-02
 1.16664508E+00  1.06084808E-02
 1.14101324E+00  6.71747093E-03
 1.13075725E+00  3.24408268E-03
 1.13203925E+00  1.67660955E-03
 1.13598323E+00  3.52110840E-03
 1.14570040E+00  7.64831827E-03
 1.15605362E+00  1.00990853E-02
 1.16137096E+00  9.19332410E-03
 1.16420370E+00  5.08610929E-03
 1.16470699E+00 -9.91195047E-04
 1.16232899E+00 -5.72013436E-03
 1.15708545E+00 -7.30551915E-03
 1.14744195E+00 -6.01472313E-03
 1.13617749E+00 -2.24046012E-03
 1.12899732E+00  2.48976683E-03
 1.12927428E+00  7.06812992E-03
 1.13853806E+00  1.14389742E-02
 1.15337243E+00  1.45934762E-02
 1.16564322E+00  1.54166137E-02
 1.17037332E+00  1.31544257E-02
 1.16634451E+00  7.30202358E-03
 1.15608306E+00 -4.79477677E-04
 1.14678098E+00 -6.95265648E-03
 1.14240604E+00 -9.74769323E-03
 1.14271957E+00 -7.56261107E-03
 1.14638491E+00 -1.26631050E-03
 1.14925427E+00  6.01104086E-03
 1.14957436E+00  1.22164864E-02
 1.14924339E+00  1.63907304E-02
 1.14927681E+00  1.77938077E-02
 1.15125560E+00  1.68966289E-02
 1.15547963E+00  1.35383193E-02
 1.15928203E+00  7.14843410E-03
 1.16023744E+00 -5.66228512E-04
 1.15605462E+00 -6.88312310E-03
 1.14559446E+00 -9.48396369E-03
 1.13105010E+00 -6.55742726E-03
 1.11777781E+00  8.12930733E-04
 1.11301647E+00  9.04338767E-03
 1.12167571E+00  1.57152285E-02
 1.14376959E+00  1.93107789E-02
 1.17241225E+00  1.90346972E-02
 1.19507962E+00  1.58218936E-02
 1.20281550E+00  9.86347430E-03
 1.19255353E+00  1.13585781E-03
 1.16776091E+00 -7.70308834E-03
 1.13923007E+00 -1.30453841E-02
 1.11428064E+00 -1.20781935E-02
 1.09570858E+00 -3.34651329E-03
 1.08644630E+00  9.90920441E-03
 1.08609342E+00  2.08509370E-02
 1.09594101E+00  2.50165032E-02
 1.11872422E+00  2.08282552E-02
 1.14907165E+00  1.05583695E-02
 1.17739462E+00  7.38314881E-04
 1.19538506E+00 -5.01328903E-03
 1.19598773E+00 -6.57333291E-03
 1.18091518E+00 -4.88435107E-03
 1.15992643E+00 -3.49835200E-03
 1.13913935E+00 -3.68321711E-03
 1.12243224E+00 -3.47885462E-03
 1.11319148E+00 -1.85825018E-03
 1.11077448E+00  2.62182381E-03
 1.11716389E+00  1.01001550E-02
 1.13528974E+00  1.78421082E-02
 1.15942663E+00  2.31047882E-02
 1.17987711E+00  2.30887773E-02
 1.18871600E+00  1.59875375E-02
 1.18021365E+00  3.08878110E-03
 1.15886435E+00 -1.11541880E-02
 1.13784543E+00 -2.02199707E-02
 1.12484274E+00 -1.94822320E-02
 1.12248722E+00 -8.36339232E-03
 1.12922806E+00  8.07882736E-03
 1.13665373E+00  2.01499987E-02
 1.14140115E+00  2.17037798E-02
 1.14539833E+00  1.20673148E-02
 1.14764217E+00 -3.85459462E-03
 1.14859504E+00 -1.53942700E-02
 1.14793549E+00 -1.65255366E-02
 1.14349333E+00 -7.88119490E-03
 1.14017965E+00  6.08923371E-03
 1.14586378E+00  1.58006609E-02
 1.16205633E+00  1.60641923E-02
 1.18287963E+00  8.61388023E-03
 1.18816525E+00 -2.56764912E-03
 1.15788224E+00 -9.68849710E-03
 1.11590796E+00 -8.35202816E-03
 1.10624803E+00 -4.87661550E-04
 1.12608704E+00  1.02035482E-02
 1.15143691E+00  1.71654951E-02
 1.17703710E+00  1.64568773E-02
 1.19079874E+00  9.63285061E-03
 1.18057218E+00  2.72710005E-04
 1.15426333E+00 -5.51622618E-03
 1.12675848E+00 -4.13918146E-03
 1.11448555E+00  2.85902537E-03
 1.12306027E+00  1.12599935E-02
 1.14291179E+00  1.41096971E-02
 1.16348060E+00  7.51965251E-03
 1.17157658E+00 -6.66948385E-03
 1.15888189E+00 -2.25474799E-02
 1.13034125E+00 -3.04132925E-02
 1.09638610E+00 -2.44864953E-02
 1.07414381E+00 -6.00763536E-03
 1.08308444E+00  1.78071288E-02
 1.12697401E+00  3.40379608E-02
 1.17146510E+00  3.44215357E-02
 1.17275809E+00  1.87665944E-02
 1.15746758E+00 -6.53358065E-03
 1.17751387E+00 -2.79518029E-02
 1.19491645E+00 -3.67672303E-02
 1.15257680E+00 -3.21114978E-02
 1.08761570E+00 -1.70731704E-02
 1.05643618E+00 -7.93162086E-04
 1.05696975E+00  1.13613954E-02
 1.08023580E+00  1.99220008E-02
 1.12550736E+00  2.41015344E-02
 1.16968102E+00  2.50307479E-02
 1.19246987E+00  2.24250573E-02
 1.19145581E+00  1.32517037E-02
 1.17290243E+00  8.73184364E-05
 1.15362074E+00 -1.15613722E-02
 1.14217748E+00 -1.76358699E-02
 1.13579677E+00 -1.45327469E-02
 1.13416890E+00 -4.31530782E-03
 1.13320372E+00  5.78914099E-03
 1.13247473E+00  1.18119373E-02
 1.13847530E+00  1.23890184E-02
 1.14932574E+00  8.28875625E-03
 1.15931556E+00  4.10865845E-03
 1.16469010E+00  1.65562683E-03
 1.16053761E+00 -1.21733579E-04
 1.14917693E+00 -6.13002233E-04
 1.13954119E+00  3.01680878E-05
 1.13592410E+00  2.12817754E-03
 1.13971266E+00  7.10361764E-03
 1.14977181E+00  1.27344302E-02
 1.15988689E+00  1.48404412E-02
 1.16665475E+00  1.11608427E-02
 1.16925817E+00  1.08567061E-03
 1.16385106E+00 -1.17555095E-02
 1.14810213E+00 -2.00217961E-02
 1.12337430E+00 -1.94903447E-02
 1.09639712E+00 -9.81904637E-03
 1.08793181E+00  5.19692538E-03
 1.11568321E+00  1.72147319E-02
 1.15297071E+00  2.10796687E-02
 1.15883852E+00  1.62828283E-02
 1.15444731E+00  5.16127078E-03
 1.17866318E+00 -5.85312485E-03
 1.20059285E+00 -1.28040753E-02
 1.17858151E+00 -1.55384249E-02
 1.13835491E+00 -1.38298937E-02
 1.11768724E+00 -9.37690802E-03
 1.11465121E+00 -2.94078647E-03
 1.12379161E+00  6.36564675E-03
 1.14612622E+00  1.58773595E-02
 1.16803236E+00  2.14812631E-02
 1.17815979E+00  2.02282100E-02
 1.17658306E+00  1.02394012E-02
 1.16628541E+00 -4.90327188E-03
 1.15529931E+00 -1.72611871E-02
 1.14734085E+00 -2.17652045E-02
 1.13968935E+00 -1.65383237E-02
 1.13293957E+00 -4.07791111E-03
 1.12725302E+00  8.10791365E-03
 1.12382255E+00  1.57242695E-02
 1.12716662E+00  1.82374402E-02
 1.13685723E+00  1.60204682E-02
 1.14918695E+00  1.23873956E-02
 1.16175566E+00  8.59536783E-03
 1.17130775E+00  3.14456831E-03
 1.17639528E+00 -3.00393012E-03
 1.17830943E+00 -8.54265678E-03
 1.17666554E+00 -1.19739937E-02
 1.17095107E+00 -1.07407281E-02
 1.16301731E+00 -5.53721560E-03
 1.15509846E+00  5.51967205E-04
 1.14970393E+00  5.67535332E-03
 1.14916963E+00  8.31138505E-03
 1.15229262E+00  8.24187344E-03
 1.15538612E+00  7.23107701E-03
 1.15637824E+00  5.68168452E-03
 1.15450693E+00  3.18828795E-03
 1.15078365E+00  5.24631017E-04
 1.14851259E+00 -1.66286237E-03
 1.14896203E+00 -2.41629764E-03
 1.15135471E+00 -4.40181967E-04
 1.15510010E+00  3.49329128E-03
 1.15858654E+00  7.26359262E-03
 1.16105283E+00  9.47414432E-03
 1.16326310E+00  9.08224827E-03
 1.16506648E+00  6.05527261E-03
 1.16616551E+00  1.78351086E-03
 1.16636395E+00 -2.91827562E-03
 1.16482439E+00 -7.37285484E-03
 1.16133009E+00 -9.62544554E-03
 1.15634003E+00 -7.70354690E-03
 1.15045490E+00 -3.87155979E-04
 1.14503949E+00  1.21116899E-02
 1.14228368E+00  2.56267853E-02
 1.14440989E+00  3.34205684E-02
 1.15253639E+00  3.11262501E-02
 1.16560838E+00  1.79417895E-02
 1.17893497E+00 -1.25771872E-03
 1.18552604E+00 -1.65747848E-02
 1.18097735E+00 -2.16531268E-02
 1.16533834E+00 -1.52045831E-02
 1.14535219E+00 -8.63219377E-04
 1.13310394E+00  1.20876477E-02
 1.13594729E+00  1.81739594E-02
 1.15390423E+00  1.72163444E-02
 1.17849426E+00  1.08007358E-02
 1.19332758E+00  4.32976591E-03
 1.18885587E+00  5.15300213E-04
 1.16581058E+00 -1.95888859E-03
 1.13369673E+00 -2.55279759E-03
 1.11144677E+00 -1.34600169E-03
 1.11035918E+00  1.88382583E-03
 1.12978877E+00  8.71600631E-03
 1.16167081E+00  1.64886404E-02
 1.18846368E+00  2.01262861E-02
 1.19916237E+00  1.67776310E-02
 1.19365315E+00  5.55278740E-03
 1.17519130E+00 -9.20427486E-03
 1.15396282E+00 -1.85877347E-02
 1.13647511E+00 -1.74158719E-02
 1.12257592E+00 -5.13285157E-03
 1.11592299E+00  1.37355765E-02
 1.11923730E+00  2.90438327E-02
 1.13450032E+00  3.44129199E-02
 1.16367856E+00  2.88252101E-02
 1.19707361E+00  1.42586299E-02
 1.21765290E+00 -2.42679388E-03
 1.21388641E+00 -1.66136327E-02
 1.18093676E+00 -2.70272372E-02
 1.12876433E+00 -3.03054515E-02
 1.08106196E+00 -2.42331136E-02
 1.05372312E+00 -7.32130106E-03
 1.05328968E+00  2.08106294E-02
 1.07838312E+00  5.17115606E-02
 1.11521757E+00  7.15587398E-02
 1.15509934E+00  7.06943922E-02
 1.19431578E+00  4.53192224E-02
 1.22046678E+00  3.87433666E-03
 1.22210933E+00 -3.42275163E-02
 1.19194717E+00 -5.59464354E-02
 1.13035298E+00 -5.63326879E-02
 1.06684342E+00 -3.79861852E-02
 1.04099484E+00 -1.39207445E-02
 1.05027043E+00  8.50322423E-03
 1.07170805E+00  2.82912191E-02
 1.11382111E+00  4.08408517E-02
 1.18124859E+00  4.41009579E-02
 1.23375738E+00  3.48745300E-02
 1.23340634E+00  8.94772744E-03
 1.19862829E+00 -2.43583961E-02
 1.16802843E+00 -4.81582586E-02
 1.14249355E+00 -5.16241633E-02
 1.11375517E+00 -3.08800554E-02
 1.09249709E+00  8.81001753E-04
 1.08219363E+00  2.03300505E-02
 1.08586964E+00  2.95721329E-02
 1.11374791E+00  4.27101691E-02
 1.15800559E+00  4.78703616E-02
 1.19877890E+00  3.16269789E-02
 1.22171737E+00  7.40291442E-03
 1.21522499E+00 -9.27115116E-03
 1.18137746E+00 -2.11016983E-02
 1.13793599E+00 -3.16618607E-02
 1.09723079E+00 -3.04807479E-02
 1.07039403E+00 -9.28979986E-03
 1.07657095E+00  2.16372815E-02
 1.12191102E+00  4.57349527E-02
 1.17841063E+00  5.38142778E-02
 1.20701031E+00  4.09449845E-02
 1.20649515E+00  1.21626390E-02
 1.19712493E+00 -1.60668774E-02
 1.18005422E+00 -3.41254636E-02
 1.15563873E+00 -3.96754231E-02
 1.12309747E+00 -3.23519998E-02
 1.07504861E+00 -1.85165754E-02
 1.04020469E+00 -8.48571396E-04
 1.05930461E+00  2.21773345E-02
 1.11307145E+00  4.44155671E-02
 1.15784314E+00  5.77443714E-02
 1.18936435E+00  5.55942127E-02
 1.21100812E+00  3.27569065E-02
 1.21426293E+00 -3.31775491E-03
 1.20430214E+00 -3.55877302E-02
 1.18522036E+00 -5.27504979E-02
 1.15307800E+00 -4.93255709E-02
 1.11635492E+00 -2.90941467E-02
 1.08888036E+00 -6.61146795E-03
 1.08187519E+00  1.03052345E-02
 1.10408799E+00  2.08621925E-02
 1.14544691E+00  2.45172075E-02
 1.18131346E+00  2.59598425E-02
 1.19703855E+00  2.62466179E-02
 1.18806616E+00  2.20367195E-02
 1.16360417E+00  1.77085626E-02
 1.14827976E+00  1.91616868E-02
 1.15332611E+00  2.71271092E-02
 1.17389898E+00  3.64490025E-02
 1.19778122E+00  2.44445601E-02
 1.20127678E+00 -2.93932955E-02
 1.17305633E+00 -8.99733207E-02
 1.12134295E+00 -1.00684970E-01
 1.06293048E+00 -7.14987273E-02
 1.02559568E+00 -4.00415027E-02
 1.02729063E+00 -2.90968901E-03
 1.06609401E+00  4.02157228E-02
 1.12686963E+00  6.40028577E-02
 1.18043187E+00  5.76795027E-02
 1.20685725E+00  3.43695943E-02
 1.20430453E+00  1.28231501E-02
 1.18247218E+00  1.21564480E-03
 1.16475913E+00 -2.00767524E-05
 1.16377239E+00  5.41197822E-03
 1.17494965E+00  6.19343576E-03
 1.18868725E+00  2.45504036E-04
 1.18649616E+00 -5.83104805E-03
 1.16063710E+00 -1.59313709E-02
 1.12115034E+00 -3.13765075E-02
 1.08218832E+00 -3.54498024E-02
 1.06450926E+00 -1.37355109E-02
 1.08053798E+00  1.85340581E-02
 1.12479682E+00  3.44401826E-02
 1.18117149E+00  3.20377998E-02
 1.22307984E+00  1.95177723E-02
 1.23104996E+00 -3.84061905E-03
 1.20196824E+00 -3.10576108E-02
 1.14637582E+00 -4.93681824E-02
 1.08941074E+00 -5.25769173E-02
 1.04946148E+00 -4.03422416E-02
 1.03331248E+00 -1.65814698E-02
 1.04519061E+00  1.68336766E-02
 1.07948023E+00  5.52974256E-02
 1.13096328E+00  7.77651726E-02
 1.19321038E+00  6.41794159E-02
 1.23643718E+00  2.79806227E-02
 1.23308656E+00 -1.58029037E-03
 1.20569926E+00 -1.83827019E-02
 1.19207919E+00 -2.55645852E-02
 1.17149454E+00 -2.15168625E-02
 1.11241633E+00 -1.40785682E-02
 1.05984317E+00 -8.09526993E-03
 1.06941900E+00  5.19452357E-04
 1.11376573E+00  1.07647073E-02
 1.14370212E+00  2.07294951E-02
 1.16107409E+00  2.76293702E-02
 1.17441245E+00  2.54017796E-02
 1.17797554E+00  1.54698409E-02
 1.18167021E+00  4.45937345E-03
 1.19113862E+00 -4.03611446E-03
 1.19720831E+00 -7.10533897E-03
 1.19640912E+00 -5.54397723E-03
 1.18631180E+00 -4.90055415E-03
 1.16710297E+00 -6.63633729E-03
 1.14699457E+00 -8.95408528E-03
 1.13083014E+00 -1.01556740E-02
 1.12131981E+00 -6.55180548E-03
 1.12258568E+00  2.79628677E-03
 1.13459670E+00  1.46633606E-02
 1.15388173E+00  2.54040040E-02
 1.17541084E+00  3.02148730E-02
 1.19314120E+00  2.57770464E-02
 1.20219534E+00  1.29231772E-02
 1.20098626E+00 -4.03335388E-03
 1.19098542E+00 -1.78721038E-02
 1.17325739E+00 -2.30596197E-02
 1.14989199E+00 -1.79814528E-02
 1.12745135E+00 -5.35388852E-03
 1.11401279E+00  7.82329307E-03
 1.11642587E+00  1.69699156E-02
 1.13777479E+00  2.09681559E-02
 1.16986815E+00  1.99730272E-02
 1.19633745E+00  1.69759561E-02
 1.20605159E+00  1.30266935E-02
 1.19494559E+00  6.84703130E-03
 1.16951420E+00 -1.07035820E-05
 1.14702975E+00 -5.42757980E-03
 1.13711079E+00 -7.35923853E-03
 1.14017072E+00 -3.38871496E-03
 1.15244768E+00  4.43871951E-03
 1.16245697E+00  1.08936102E-02
 1.16501910E+00  1.29587599E-02
 1.16370157E+00  9.44136062E-03
 1.16056989E+00  2.44515955E-03
 1.16027311E+00 -2.29941363E-03
 1.16487978E+00 -2.00337810E-03
 1.17059680E+00  2.86863544E-03
 1.17676323E+00  1.03809836E-02
 1.18333308E+00  1.58831839E-02
 1.18897488E+00  1.68051140E-02
 1.19349792E+00  1.37306669E-02
 1.19291402E+00  7.40738039E-03
 1.18138018E+00  7.67042057E-05
 1.15879310E+00 -6.62381787E-03
 1.13206502E+00 -1.26729986E-02
 1.11937056E+00 -1.67152835E-02
