# x =
 2.87739424E+01
# y =
 3.25097170E+00
 VARIABLES = u,v
 1.15308779E+00  1.35641338E-02
 1.15431956E+00  1.38047628E-02
 1.16365275E+00  1.37087265E-02
 1.17709663E+00  1.26786225E-02
 1.18613083E+00  9.92460039E-03
 1.18582757E+00  5.36498228E-03
 1.17593576E+00  5.07427504E-04
 1.16036652E+00 -3.12318199E-03
 1.14793156E+00 -3.96522130E-03
 1.14384968E+00 -9.71140728E-04
 1.14809509E+00  5.24593252E-03
 1.15824592E+00  1.23843597E-02
 1.16794174E+00  1.70158254E-02
 1.17341320E+00  1.66459576E-02
 1.17512393E+00  1.08265888E-02
 1.17329874E+00  1.93535836E-03
 1.16986455E+00 -5.25397151E-03
 1.16573602E+00 -7.64078181E-03
 1.15966683E+00 -4.66271519E-03
 1.15320174E+00  1.87360630E-03
 1.14896495E+00  7.48867012E-03
 1.14885076E+00  9.68776951E-03
 1.15458987E+00  8.71084419E-03
 1.16403345E+00  5.67234175E-03
 1.17193120E+00  3.48705904E-03
 1.17509861E+00  3.53864026E-03
 1.17232598E+00  4.80605052E-03
 1.16535081E+00  6.55485816E-03
 1.15930507E+00  7.41852244E-03
 1.15688138E+00  6.71149550E-03
 1.15797093E+00  5.41123134E-03
 1.16148814E+00  4.01656569E-03
 1.16415673E+00  3.01123313E-03
 1.16452677E+00  2.86687051E-03
 1.16379930E+00  3.23976805E-03
 1.16277463E+00  4.01268355E-03
 1.16297138E+00  5.21804269E-03
 1.16509964E+00  6.67882313E-03
 1.16795900E+00  8.39009547E-03
 1.17083672E+00  1.01381418E-02
 1.17298899E+00  1.14640939E-02
 1.17367667E+00  1.20069786E-02
 1.17310745E+00  1.14404268E-02
 1.17135180E+00  9.67218625E-03
 1.16843878E+00  6.94539626E-03
 1.16468964E+00  3.60896632E-03
 1.16033351E+00  2.36467235E-04
 1.15597850E+00 -2.24110157E-03
 1.15258255E+00 -2.82876565E-03
 1.15100947E+00 -8.32728417E-04
 1.15200249E+00  3.76327054E-03
 1.15575623E+00  9.62370628E-03
 1.16178079E+00  1.44311404E-02
 1.16928922E+00  1.64106710E-02
 1.17694946E+00  1.47405284E-02
 1.18261610E+00  1.01263460E-02
 1.18396894E+00  4.81230877E-03
 1.17940506E+00  3.49192733E-04
 1.16892353E+00 -2.52047673E-03
 1.15566494E+00 -3.22742037E-03
 1.14504548E+00 -2.05159359E-03
 1.14116313E+00  1.12489313E-03
 1.14580208E+00  6.64513244E-03
 1.15706880E+00  1.31218689E-02
 1.16942713E+00  1.83572253E-02
 1.17908744E+00  2.04747587E-02
 1.18437844E+00  1.80449325E-02
 1.18439122E+00  1.18730058E-02
 1.18045903E+00  4.72682649E-03
 1.17276119E+00 -1.45036131E-03
 1.16056453E+00 -5.33117724E-03
 1.14663631E+00 -6.00994005E-03
 1.13515966E+00 -3.84871361E-03
 1.12991529E+00  1.23248579E-03
 1.13416265E+00  9.23847000E-03
 1.14644050E+00  1.76982716E-02
 1.16128583E+00  2.30690658E-02
 1.17485106E+00  2.25415474E-02
 1.18429289E+00  1.45806040E-02
 1.18770785E+00  1.59508856E-03
 1.18574386E+00 -1.07556878E-02
 1.17785465E+00 -1.85029846E-02
 1.16338642E+00 -1.95953601E-02
 1.14626697E+00 -1.41528796E-02
 1.13242524E+00 -5.40444117E-03
 1.12704260E+00  4.82014894E-03
 1.13391148E+00  1.58302408E-02
 1.15062723E+00  2.48086490E-02
 1.16950223E+00  2.90251923E-02
 1.18520674E+00  2.60533156E-02
 1.19435773E+00  1.43757742E-02
 1.19512633E+00 -1.68712460E-03
 1.18928031E+00 -1.41435700E-02
 1.17681143E+00 -1.81927887E-02
 1.15699952E+00 -1.32073010E-02
 1.13457251E+00 -6.01039995E-03
 1.11640480E+00 -5.66699682E-03
 1.10874478E+00 -2.68028515E-03
 1.11664837E+00  1.80130152E-02
 1.13760439E+00  4.14086948E-02
 1.16264627E+00  4.35927540E-02
 1.18509280E+00  3.03967773E-02
 1.19961953E+00  1.55118008E-02
 1.20188895E+00 -3.75928597E-03
 1.19160706E+00 -2.66725123E-02
 1.16783813E+00 -4.08461385E-02
 1.13149352E+00 -3.80309941E-02
 1.09395133E+00 -2.05095133E-02
 1.07153749E+00  5.27993774E-03
 1.07621436E+00  3.48785775E-02
 1.11234050E+00  6.10427725E-02
 1.16628602E+00  6.88499810E-02
 1.21002294E+00  4.81327461E-02
 1.22513419E+00  1.14813981E-02
 1.20594582E+00 -1.74732849E-02
 1.16195823E+00 -3.20229283E-02
 1.11970790E+00 -3.42873046E-02
 1.09473934E+00 -2.23432261E-02
 1.08884526E+00 -1.95010067E-03
 1.10038085E+00  1.77310975E-02
 1.11733433E+00  3.22471927E-02
 1.13456279E+00  3.83432683E-02
 1.15633478E+00  3.49718121E-02
 1.17772361E+00  2.02787068E-02
 1.19249287E+00 -4.97594349E-03
 1.19491891E+00 -2.49676072E-02
 1.17752398E+00 -2.23107936E-02
 1.14751077E+00 -6.30160329E-03
 1.12251696E+00  2.19934360E-03
 1.11329120E+00  4.04750768E-03
 1.12501457E+00  6.87157473E-03
 1.15155828E+00  7.80824847E-03
 1.17437786E+00  7.76975724E-03
 1.18378688E+00  8.57690012E-03
 1.17944352E+00  6.33286634E-03
 1.16463910E+00  1.33991606E-03
 1.15094861E+00 -3.18684666E-03
 1.14389617E+00 -5.56207714E-03
 1.14073083E+00 -3.55177079E-03
 1.14175418E+00  1.84533662E-03
 1.14530395E+00  6.30276601E-03
 1.15076341E+00  7.86718176E-03
 1.16106670E+00  6.08552549E-03
 1.17234914E+00  1.53419248E-03
 1.17724964E+00 -2.88980798E-03
 1.17168590E+00 -5.76506814E-03
 1.15382010E+00 -7.26104829E-03
 1.13012716E+00 -6.63663529E-03
 1.11422698E+00 -3.74433411E-03
 1.11409704E+00  1.40642747E-03
 1.13104216E+00  8.83362392E-03
 1.15844087E+00  1.58025630E-02
 1.18092866E+00  1.81204794E-02
 1.18901748E+00  1.33443316E-02
 1.18129794E+00  1.30993313E-03
 1.16091028E+00 -1.35698794E-02
 1.13844115E+00 -2.31850031E-02
 1.12076217E+00 -2.24476162E-02
 1.10933155E+00 -1.06162568E-02
 1.10845168E+00  7.69575929E-03
 1.11996517E+00  2.25342638E-02
 1.14344587E+00  2.75982745E-02
 1.17519578E+00  2.18633005E-02
 1.19585218E+00  8.06424922E-03
 1.18560269E+00 -5.93499481E-03
 1.15991180E+00 -1.52800099E-02
 1.14689714E+00 -1.94173550E-02
 1.13398208E+00 -1.73835194E-02
 1.10084648E+00 -1.05705390E-02
 1.07686137E+00  1.99464307E-04
 1.09625425E+00  1.50481124E-02
 1.13906478E+00  2.80730685E-02
 1.17113927E+00  3.10251027E-02
 1.19045355E+00  1.98040603E-02
 1.19917854E+00 -4.01355881E-03
 1.19014921E+00 -2.58173567E-02
 1.16770949E+00 -2.71602234E-02
 1.13842081E+00 -1.57315036E-02
 1.10670091E+00 -1.08226309E-02
 1.09141976E+00 -3.70351492E-03
 1.10930920E+00  1.83438039E-02
 1.14263373E+00  3.55779369E-02
 1.16054833E+00  2.68401867E-02
 1.16445178E+00  5.13431502E-03
 1.16847799E+00 -8.21455531E-03
 1.16822338E+00 -1.37317604E-02
 1.16048709E+00 -1.60143531E-02
 1.14517480E+00 -1.24271617E-02
 1.11860016E+00 -6.26388775E-03
 1.09890633E+00 -7.44166645E-04
 1.11149969E+00  6.29980416E-03
 1.14302506E+00  1.36791295E-02
 1.16406507E+00  1.87883942E-02
 1.17343194E+00  1.95251595E-02
 1.17687522E+00  1.30614848E-02
 1.17013153E+00  1.45103823E-03
 1.15704375E+00 -9.41480461E-03
 1.14200276E+00 -1.57648380E-02
 1.12319911E+00 -1.51364215E-02
 1.10522623E+00 -7.78225015E-03
 1.09556247E+00  2.23046625E-03
 1.09957064E+00  1.25411612E-02
 1.12101674E+00  2.18195910E-02
 1.15283884E+00  2.66029135E-02
 1.17949945E+00  2.42157674E-02
 1.19078000E+00  1.33505753E-02
 1.18217517E+00 -4.55222474E-03
 1.15787557E+00 -1.92062674E-02
 1.13207946E+00 -1.88743121E-02
 1.11324618E+00 -8.95454668E-03
 1.10356218E+00 -2.06660059E-03
 1.10461190E+00  6.63777309E-03
 1.11272067E+00  2.41586862E-02
 1.12685114E+00  3.57235089E-02
 1.14872380E+00  2.58645244E-02
 1.17120053E+00  4.57115769E-03
 1.18383316E+00 -1.07156015E-02
 1.17912431E+00 -1.84205547E-02
 1.15305661E+00 -2.05851546E-02
 1.11577991E+00 -1.53200998E-02
 1.08837290E+00 -6.39295238E-03
 1.08389679E+00  3.08666662E-03
 1.10588326E+00  1.40318344E-02
 1.14504004E+00  2.36214914E-02
 1.17828839E+00  2.79548218E-02
 1.19198760E+00  2.40843944E-02
 1.18445889E+00  9.75556522E-03
 1.15974246E+00 -9.96982629E-03
 1.13255046E+00 -2.47974799E-02
 1.11163868E+00 -2.82155839E-02
 1.09737714E+00 -1.79530219E-02
 1.09533266E+00  9.83951128E-04
 1.10831882E+00  1.63290793E-02
 1.13582540E+00  2.10956455E-02
 1.17331986E+00  1.47940972E-02
 1.19454770E+00  1.34721732E-03
 1.17320042E+00 -9.06697599E-03
 1.13485093E+00 -1.11515343E-02
 1.12511360E+00 -6.47712749E-03
 1.13402265E+00  2.23197632E-03
 1.13234996E+00  8.60489677E-03
 1.13030808E+00  9.31372571E-03
 1.13957313E+00  6.54875168E-03
 1.15494100E+00  1.78787464E-03
 1.17570745E+00 -2.24090449E-03
 1.18692330E+00 -3.75188256E-03
 1.16574228E+00 -4.12781271E-03
 1.12713304E+00 -3.34257602E-03
 1.10404725E+00 -1.07011849E-03
 1.10004897E+00  2.46247671E-03
 1.10864849E+00  7.69411398E-03
 1.12983285E+00  1.29613103E-02
 1.15275072E+00  1.50881470E-02
 1.16780315E+00  1.22901657E-02
 1.17537387E+00  4.12711362E-03
 1.17508218E+00 -6.89993875E-03
 1.16867481E+00 -1.55691831E-02
 1.15674931E+00 -1.84223838E-02
 1.13702350E+00 -1.43486291E-02
 1.11455773E+00 -4.85449508E-03
 1.09817183E+00  5.42811680E-03
 1.09449562E+00  1.34476795E-02
 1.10850521E+00  1.81785087E-02
 1.13591046E+00  1.87293766E-02
 1.16408595E+00  1.58182648E-02
 1.18428149E+00  9.53854079E-03
 1.19103884E+00 -5.88024240E-04
 1.18211120E+00 -1.17403094E-02
 1.16180754E+00 -1.95757128E-02
 1.13265874E+00 -2.06050746E-02
 1.09725836E+00 -1.24543485E-02
 1.06753049E+00  2.60225453E-03
 1.05771018E+00  1.82187815E-02
 1.07638073E+00  2.96577351E-02
 1.12226544E+00  3.35659886E-02
 1.16998803E+00  2.78703978E-02
 1.18666912E+00  1.39465595E-02
 1.18233856E+00 -6.09290543E-03
 1.18584298E+00 -2.75294332E-02
 1.18060435E+00 -3.71704821E-02
 1.14473526E+00 -2.42500316E-02
 1.11010494E+00 -1.87676842E-03
 1.11211302E+00  7.66567755E-03
 1.13263306E+00  9.09023197E-03
 1.14142790E+00  1.71801527E-02
 1.14413732E+00  2.54999068E-02
 1.15157462E+00  2.53750439E-02
 1.15771629E+00  1.79724568E-02
 1.16226254E+00  2.88952392E-03
 1.16652576E+00 -1.31715850E-02
 1.16449332E+00 -1.75156860E-02
 1.15683973E+00 -1.30076528E-02
 1.14917176E+00 -9.93965093E-03
 1.14443751E+00 -5.93708482E-03
 1.14564599E+00  2.94012395E-03
 1.15145052E+00  1.18484819E-02
 1.15563889E+00  1.66948611E-02
 1.15577798E+00  1.55753499E-02
 1.15211880E+00  6.21759703E-03
 1.14567954E+00 -7.75224688E-03
 1.14035012E+00 -1.79867289E-02
 1.13787514E+00 -1.94142827E-02
 1.13725701E+00 -1.04909234E-02
 1.13867631E+00  4.90703552E-03
 1.14163201E+00  1.72262629E-02
 1.14553528E+00  2.11069335E-02
 1.15056884E+00  1.62760743E-02
 1.15449121E+00  5.26203952E-03
 1.15394105E+00 -4.78942500E-03
 1.14750194E+00 -9.81948147E-03
 1.13598161E+00 -1.02374419E-02
 1.12490094E+00 -5.95311414E-03
 1.12308427E+00  7.33063317E-04
 1.13512770E+00  6.97742875E-03
 1.15927463E+00  9.76175758E-03
 1.18491397E+00 -7.02251366E-04
 1.19423963E+00 -3.04730477E-02
 1.17617517E+00 -6.02553794E-02
 1.13032218E+00 -6.22013534E-02
 1.06879360E+00 -3.91493844E-02
 1.01666674E+00 -4.77115568E-03
 9.94229990E-01  5.57633716E-02
 1.01410473E+00  1.47512686E-01
 1.08554946E+00  2.12556202E-01
 1.19025629E+00  1.83728058E-01
 1.25413472E+00  7.58700046E-02
 1.20455726E+00 -5.02468140E-02
 1.09672590E+00 -1.53050156E-01
 1.04368858E+00 -1.92370844E-01
 1.02742455E+00 -1.64979146E-01
 9.88749889E-01 -1.16008735E-01
 9.71182100E-01 -5.37888930E-02
 1.01610025E+00  2.46613934E-02
 1.10119368E+00  7.19342882E-02
 1.19885258E+00  5.21965634E-02
 1.25498353E+00 -4.80381513E-03
 1.20683301E+00 -4.92580556E-02
 1.10305088E+00 -6.75018273E-02
 1.04750839E+00 -6.36385862E-02
 1.02965744E+00 -4.65232277E-02
 9.98967537E-01 -3.73151321E-02
 9.84139125E-01 -1.58944064E-02
 1.01127346E+00  5.47073977E-02
 1.07426849E+00  1.23752055E-01
 1.17318613E+00  1.17318423E-01
 1.26313224E+00  6.38554476E-02
 1.27673449E+00  1.96597994E-02
 1.23297495E+00 -3.29504856E-02
 1.19031297E+00 -1.09632272E-01
 1.14104231E+00 -1.56652677E-01
 1.06803369E+00 -1.29955027E-01
 1.00053941E+00 -6.88208940E-02
 9.62855946E-01 -3.08491391E-02
 9.66599104E-01 -2.50861819E-04
 1.02284807E+00  5.42687472E-02
 1.10359956E+00  9.76006146E-02
 1.16028039E+00  9.16770068E-02
 1.19327119E+00  5.36670516E-02
 1.22292990E+00  9.74886518E-03
 1.22785786E+00 -2.86201450E-02
 1.18989906E+00 -4.67317404E-02
 1.14141499E+00 -4.59232832E-02
 1.11699646E+00 -4.54812603E-02
 1.10427318E+00 -4.10405982E-02
 1.08001858E+00 -1.97723126E-02
 1.05819202E+00  1.54579008E-03
 1.05646441E+00  3.99293248E-03
 1.06038344E+00 -5.33818402E-03
 1.05879769E+00 -1.32479853E-02
 1.07295981E+00 -1.35880404E-02
 1.12100711E+00 -1.30554976E-03
 1.17317401E+00  1.55177398E-02
 1.18718572E+00  1.74359980E-02
 1.17117298E+00  3.20568457E-03
 1.15092799E+00 -1.60870400E-02
 1.12258439E+00 -3.44766252E-02
 1.08638771E+00 -4.15568930E-02
 1.06457292E+00 -2.87610138E-02
 1.07069763E+00  4.44562397E-04
 1.09695068E+00  3.46532183E-02
 1.12856221E+00  5.68993661E-02
 1.15885963E+00  5.60212423E-02
 1.18330919E+00  3.32057254E-02
 1.19432932E+00  3.02336455E-03
 1.18925792E+00 -1.23924651E-02
 1.16630125E+00 -1.21066240E-02
 1.12797635E+00 -9.70130159E-03
 1.09895119E+00 -1.54002365E-03
 1.10649425E+00  1.53461712E-02
 1.13686041E+00  2.50266627E-02
 1.15740420E+00  1.58337805E-02
 1.16793551E+00 -1.87024606E-03
 1.17730564E+00 -1.13234405E-02
 1.17603495E+00 -1.20247782E-02
 1.16311583E+00 -9.87971827E-03
 1.15181978E+00 -4.66677420E-03
 1.14969532E+00  2.95461531E-04
 1.14851647E+00  1.86053409E-03
 1.13701103E+00  2.77928858E-03
 1.12717170E+00  4.20877642E-03
 1.13644268E+00  6.52297150E-03
 1.15028848E+00  1.01514429E-02
 1.14777082E+00  1.32397078E-02
 1.14063734E+00  1.49199653E-02
 1.14700178E+00  1.52611146E-02
 1.16007246E+00  1.38913237E-02
 1.16964195E+00  1.13189989E-02
 1.17710340E+00  8.10069148E-03
 1.18072861E+00  4.44600706E-03
 1.17613240E+00  9.58516206E-04
 1.16478327E+00 -1.87373943E-03
 1.15122128E+00 -3.85234159E-03
 1.14085493E+00 -4.80835446E-03
 1.13786644E+00 -4.62505325E-03
 1.14288139E+00 -3.25810484E-03
 1.15178741E+00 -7.60012272E-04
 1.15683089E+00  2.70889442E-03
 1.15354741E+00  6.78716163E-03
 1.14259152E+00  1.09883733E-02
 1.12970863E+00  1.49859676E-02
 1.12544005E+00  1.84945984E-02
 1.13535527E+00  2.09908316E-02
 1.15760113E+00  2.17346337E-02
 1.18456608E+00  1.96435163E-02
 1.20243344E+00  1.36701144E-02
 1.20213574E+00  3.99188781E-03
 1.18266396E+00 -7.40961460E-03
 1.14836637E+00 -1.61038878E-02
 1.11122424E+00 -1.62882615E-02
 1.08236819E+00 -4.69829272E-03
 1.07080235E+00  1.74671594E-02
 1.09029754E+00  4.23631968E-02
 1.14304402E+00  5.71914964E-02
 1.19475246E+00  5.35900044E-02
 1.20384582E+00  3.06796108E-02
 1.18681998E+00 -2.44712453E-03
 1.18266714E+00 -2.77861119E-02
 1.16818157E+00 -3.38677399E-02
 1.11458263E+00 -1.91147446E-02
 1.07345339E+00  8.84916286E-03
 1.10027993E+00  3.21528219E-02
 1.15419218E+00  4.03049933E-02
 1.17063250E+00  3.34611987E-02
 1.16596927E+00  1.62927845E-02
 1.17510894E+00  1.23040523E-03
 1.18335265E+00 -5.13096571E-03
 1.17849757E+00 -5.27151988E-03
 1.16385488E+00 -7.91639236E-04
 1.13467426E+00  3.66695300E-03
 1.11037799E+00  5.93617940E-03
 1.12278793E+00  9.35438784E-03
 1.15594782E+00  1.31395250E-02
 1.17374760E+00  1.52138654E-02
 1.17742767E+00  1.43932289E-02
 1.17746840E+00  8.21544867E-03
 1.16976066E+00 -1.04823065E-03
 1.15914763E+00 -7.39239464E-03
 1.15187301E+00 -7.66783073E-03
 1.14497799E+00 -8.31644846E-04
 1.13931041E+00  1.03129257E-02
 1.13744540E+00  1.86680195E-02
 1.14103152E+00  2.03847127E-02
 1.15277762E+00  1.54501294E-02
 1.16855455E+00  6.32786935E-03
 1.17931145E+00 -8.88364170E-04
 1.17976490E+00 -2.81818858E-03
 1.16799554E+00 -1.20174055E-04
 1.14898612E+00  5.46043458E-03
 1.13459068E+00  9.80626242E-03
 1.13156655E+00  1.06481886E-02
 1.14051288E+00  9.04043272E-03
 1.15705973E+00  6.03983340E-03
 1.17037364E+00  3.76889100E-03
 1.17448940E+00  3.39206987E-03
 1.17032298E+00  3.80616716E-03
 1.16103049E+00  4.39451449E-03
 1.15420010E+00  4.39613018E-03
 1.15385949E+00  3.32828950E-03
 1.15803435E+00  2.00475100E-03
 1.16460805E+00  8.72782103E-04
 1.16934558E+00  2.01919659E-04
 1.16985124E+00  3.39409048E-04
 1.16793725E+00  1.05199420E-03
 1.16465924E+00  2.18108491E-03
 1.16154683E+00  3.66477279E-03
 1.15968778E+00  5.22403977E-03
 1.15791706E+00  6.60934929E-03
 1.15596090E+00  7.36858343E-03
 1.15397477E+00  6.91871739E-03
 1.15198102E+00  5.02894857E-03
 1.15094850E+00  1.98121549E-03
 1.15130071E+00 -1.03725132E-03
 1.15283732E+00 -2.23133821E-03
 1.15549006E+00 -5.21148916E-04
 1.15870380E+00  3.96846619E-03
 1.16168581E+00  9.27716935E-03
 1.16371181E+00  1.20148569E-02
 1.16393057E+00  1.01555907E-02
 1.16172163E+00  3.80434328E-03
 1.15708001E+00 -4.34503280E-03
 1.15056903E+00 -9.26621234E-03
 1.14316466E+00 -7.92732381E-03
 1.13646407E+00 -3.40978133E-04
 1.13292101E+00  1.06521901E-02
 1.13509166E+00  1.92104936E-02
 1.14429414E+00  2.16326128E-02
 1.15942724E+00  1.75427079E-02
 1.17506697E+00  8.55705514E-03
 1.18299435E+00 -8.83997952E-04
 1.17783792E+00 -7.93331527E-03
 1.15914310E+00 -1.22551436E-02
 1.13408046E+00 -1.32440823E-02
 1.11614975E+00 -1.14825757E-02
 1.11403461E+00 -7.07903899E-03
 1.12911759E+00  6.92786196E-04
 1.15474253E+00  9.58666324E-03
 1.17593850E+00  1.59139452E-02
 1.18360905E+00  1.69877637E-02
 1.17705230E+00  1.11956024E-02
 1.16036129E+00  1.13039555E-03
 1.14474885E+00 -7.15294178E-03
 1.13649580E+00 -9.97262018E-03
 1.13457993E+00 -6.33545777E-03
 1.13831967E+00  1.50702709E-03
 1.14387685E+00  7.57816745E-03
 1.14952744E+00  8.74903411E-03
 1.15763946E+00  5.41996555E-03
 1.16588934E+00 -7.04169845E-04
 1.17036292E+00 -5.32093686E-03
 1.16846367E+00 -6.22319008E-03
 1.15775208E+00 -4.43313910E-03
 1.14239211E+00 -8.01583329E-04
 1.13165114E+00  2.68137060E-03
 1.13094299E+00  4.79318184E-03
 1.14180978E+00  6.26778044E-03
 1.15983081E+00  6.83292751E-03
 1.17421788E+00  6.10176116E-03
 1.17879518E+00  3.97546015E-03
 1.17312224E+00 -4.36868726E-05
 1.16024147E+00 -4.82376537E-03
 1.14854636E+00 -8.06189916E-03
 1.14280722E+00 -8.28847335E-03
 1.14253477E+00 -4.77491735E-03
 1.14719063E+00  1.41320341E-03
 1.15363206E+00  7.39165494E-03
 1.16019497E+00  1.12097007E-02
 1.16806548E+00  1.19492942E-02
 1.17507919E+00  9.42998693E-03
 1.17805282E+00  4.90638583E-03
 1.17466232E+00 -8.23880200E-04
 1.16278504E+00 -7.26993469E-03
 1.14546664E+00 -1.23502590E-02
 1.12988792E+00 -1.36743371E-02
 1.12112724E+00 -9.56446254E-03
 1.12242190E+00  3.74813265E-04
 1.13379659E+00  1.25263545E-02
 1.15074009E+00  2.04885457E-02
 1.16975363E+00  2.00556624E-02
 1.18739138E+00  1.01347661E-02
 1.19627762E+00 -5.47471209E-03
 1.18954811E+00 -1.83722008E-02
 1.16469250E+00 -2.32719268E-02
 1.12712884E+00 -1.90651397E-02
 1.09980587E+00 -7.92650761E-03
 1.10763880E+00  3.53190953E-03
 1.13657891E+00  1.13936446E-02
 1.15339678E+00  1.53597278E-02
 1.16021178E+00  1.47582786E-02
 1.17066142E+00  1.08858072E-02
 1.17765257E+00  4.30663841E-03
 1.17736429E+00 -5.57070970E-03
 1.16878415E+00 -1.47221725E-02
 1.14633673E+00 -1.74333760E-02
 1.12472743E+00 -1.11243830E-02
 1.12615856E+00  2.71618580E-03
 1.14108246E+00  1.27632088E-02
 1.14814663E+00  6.48410690E-03
 1.15072806E+00 -3.81817632E-03
 1.15694462E+00  2.62065742E-03
 1.16195896E+00  1.24101011E-02
 1.16438567E+00  3.35596541E-03
 1.16518349E+00 -9.72279063E-03
 1.16087450E+00 -5.88573445E-03
 1.15262112E+00  4.11636895E-03
 1.14541423E+00  5.70268455E-03
 1.14215189E+00  4.01299625E-03
 1.14496092E+00  4.16320130E-03
 1.15224040E+00  3.21658594E-03
 1.15839496E+00  1.76801084E-03
 1.16074613E+00  1.96144339E-03
 1.15917168E+00  2.78868217E-03
 1.15482680E+00  3.49704239E-03
 1.15157205E+00  3.85473152E-03
 1.15111055E+00  3.61728050E-03
 1.15234912E+00  3.27167679E-03
 1.15455755E+00  3.00241513E-03
 1.15600390E+00  2.74811380E-03
 1.15583501E+00  2.61675912E-03
 1.15517407E+00  2.45685369E-03
 1.15444166E+00  2.20144169E-03
 1.15403407E+00  1.96604574E-03
 1.15431580E+00  1.75524182E-03
 1.15467848E+00  1.60882149E-03
 1.15490236E+00  1.57431292E-03
 1.15505719E+00  1.61900145E-03
 1.15500822E+00  1.73531444E-03
 1.15492718E+00  1.91293570E-03
 1.15488584E+00  2.10377215E-03
 1.15474459E+00  2.26235125E-03
 1.15449415E+00  2.33852377E-03
 1.15408726E+00  2.28243201E-03
 1.15348053E+00  2.07668347E-03
 1.15273651E+00  1.73284744E-03
 1.15189680E+00  1.27478566E-03
 1.15101854E+00  7.53256407E-04
 1.15021577E+00  2.58620645E-04
 1.14960572E+00 -9.59920843E-05
 1.14930975E+00 -1.90955454E-04
 1.14943614E+00  7.69390982E-05
 1.15002388E+00  7.44627139E-04
 1.15104390E+00  1.77877285E-03
 1.15243115E+00  3.11382640E-03
 1.15405770E+00  4.62584979E-03
 1.15570678E+00  6.10403803E-03
 1.15710014E+00  7.28895884E-03
 1.15791684E+00  7.90624960E-03
 1.15783121E+00  7.71894404E-03
 1.15660348E+00  6.64127676E-03
 1.15413885E+00  4.74797863E-03
 1.15053645E+00  2.19353495E-03
 1.14622316E+00 -7.27430645E-04
 1.14211452E+00 -3.51722174E-03
 1.13939475E+00 -5.57477906E-03
 1.13895775E+00 -6.30452916E-03
 1.14107041E+00 -5.25865462E-03
 1.14486612E+00 -2.42303460E-03
 1.14861979E+00  1.73836430E-03
 1.15125972E+00  6.46966201E-03
 1.15274743E+00  1.05534630E-02
 1.15441922E+00  1.21187104E-02
 1.15856727E+00  9.26316608E-03
 1.16545525E+00  1.11936493E-03
 1.17241055E+00 -1.12126839E-02
 1.17348656E+00 -2.31757074E-02
 1.16130065E+00 -2.80450533E-02
 1.13472822E+00 -2.15549513E-02
 1.10264176E+00 -3.67887707E-03
 1.08714663E+00  1.90491521E-02
 1.11023420E+00  3.47712843E-02
 1.15532047E+00  3.58265222E-02
 1.18443328E+00  2.10498027E-02
 1.19320507E+00 -3.21852342E-03
 1.19138115E+00 -2.31251946E-02
 1.17663577E+00 -3.00553402E-02
 1.15466148E+00 -2.29902400E-02
 1.12671096E+00 -5.86040663E-03
 1.08807970E+00  1.05374546E-02
 1.06500131E+00  1.99973651E-02
 1.08896416E+00  2.29935108E-02
 1.13941161E+00  1.99852300E-02
 1.17525435E+00  1.46798678E-02
 1.19064423E+00  8.65744402E-03
 1.19060706E+00 -2.67232629E-04
 1.17362500E+00 -9.65250159E-03
 1.15231681E+00 -1.55363504E-02
 1.13622898E+00 -1.51326654E-02
 1.12293775E+00 -5.86292720E-03
 1.11410064E+00  8.19095211E-03
 1.11043304E+00  1.80554647E-02
 1.11405781E+00  1.92006165E-02
 1.13073124E+00  1.18680067E-02
 1.15532616E+00  3.55303331E-03
 1.17614697E+00  4.87177238E-03
 1.18540133E+00  8.59989451E-03
 1.17753592E+00  2.59578752E-04
 1.15669948E+00 -1.03022730E-02
 1.13667600E+00 -7.25626385E-03
 1.12501290E+00  9.09796395E-04
 1.12367377E+00  2.01239390E-03
 1.13155541E+00  1.65635718E-03
 1.14095959E+00  5.86250186E-03
 1.14875275E+00  9.14265814E-03
 1.15691616E+00  7.15457392E-03
 1.16372717E+00  3.00513913E-03
 1.16806673E+00 -9.04468004E-05
 1.16815785E+00 -1.72186553E-03
 1.16028838E+00 -1.32002508E-03
 1.14729991E+00  8.19425353E-04
 1.13616801E+00  2.48006571E-03
 1.13119576E+00  2.75168922E-03
 1.13510609E+00  2.09666485E-03
 1.14560950E+00  9.02995112E-04
 1.15512307E+00  2.59705029E-04
 1.15982606E+00  6.16570013E-04
 1.15947306E+00  1.31138978E-03
 1.15536915E+00  2.03629839E-03
 1.15226435E+00  2.39449921E-03
 1.15203311E+00  2.07899585E-03
 1.15278228E+00  1.40672482E-03
 1.15335387E+00  5.36630336E-04
 1.15155556E+00 -4.12836274E-04
 1.14650059E+00 -1.14166312E-03
 1.14022043E+00 -1.44007680E-03
 1.13414704E+00 -8.78438060E-04
 1.12984336E+00  1.05388909E-03
 1.12883329E+00  4.38832035E-03
 1.13108733E+00  8.49524888E-03
 1.13638487E+00  1.16185214E-02
 1.14411623E+00  1.13272598E-02
 1.15292563E+00  6.27007971E-03
 1.16112405E+00 -3.08969095E-03
 1.16582554E+00 -1.35214816E-02
 1.16373336E+00 -1.96754656E-02
 1.15316799E+00 -1.80438205E-02
 1.13524059E+00 -8.13531668E-03
 1.11619032E+00  6.64406139E-03
 1.10576005E+00  1.92361178E-02
 1.11044824E+00  2.49378592E-02
 1.13120318E+00  2.25895623E-02
 1.16038816E+00  1.39468757E-02
 1.18297938E+00  4.47580428E-03
 1.18904976E+00 -2.56438833E-03
 1.17627137E+00 -6.93015145E-03
 1.15016532E+00 -8.23867947E-03
 1.12505570E+00 -7.73885606E-03
 1.10972758E+00 -5.58141286E-03
 1.10540848E+00 -3.41290513E-04
 1.11111361E+00  6.31902534E-03
 1.12023773E+00  1.14366047E-02
 1.12985583E+00  1.27898642E-02
 1.14220061E+00  8.53665503E-03
 1.15497645E+00  7.18704019E-04
 1.16523576E+00 -5.54887889E-03
 1.16931664E+00 -7.67227728E-03
 1.16129385E+00 -5.61290167E-03
 1.14144378E+00 -2.54460255E-03
 1.11568556E+00 -1.44386937E-03
 1.09124678E+00  9.08893900E-03
 1.08028690E+00  4.19141960E-02
 1.10020972E+00  7.71685141E-02
 1.15627123E+00  8.26363138E-02
 1.21091921E+00  5.80860566E-02
 1.21148230E+00  1.76218154E-02
 1.16449649E+00 -3.16866532E-02
 1.10961454E+00 -7.26287999E-02
 1.05750773E+00 -8.41029055E-02
 1.02235693E+00 -5.95886024E-02
 1.03365412E+00 -1.30773946E-02
 1.09396987E+00  2.77758870E-02
 1.16544780E+00  4.71097208E-02
 1.20126214E+00  4.25440826E-02
 1.20479500E+00  1.98319759E-02
 1.20539119E+00 -2.04247081E-03
 1.18729329E+00 -1.26802652E-02
 1.13239418E+00 -1.37438069E-02
 1.07146784E+00 -4.00365745E-03
 1.03771841E+00  1.29459790E-02
 1.03397286E+00  3.44441589E-02
 1.05721371E+00  6.05095193E-02
 1.10954474E+00  7.54190146E-02
 1.17804372E+00  6.13257635E-02
 1.22710406E+00  2.59146326E-02
 1.22584460E+00 -1.08730769E-02
 1.18813844E+00 -3.87335948E-02
 1.15116155E+00 -5.00930557E-02
 1.11768638E+00 -4.36110674E-02
 1.07903682E+00 -2.96310830E-02
 1.04848010E+00 -1.08376961E-02
 1.03459361E+00  1.44478587E-02
 1.04272536E+00  3.67996551E-02
 1.08241892E+00  4.71899755E-02
 1.14021297E+00  4.45429524E-02
 1.18711740E+00  3.07189372E-02
 1.20561509E+00  1.31325438E-02
 1.19002417E+00  1.87559799E-03
 1.16030534E+00 -4.72517002E-03
 1.15008360E+00 -1.41698711E-02
 1.14371648E+00 -2.03318008E-02
 1.10629229E+00 -1.41658557E-02
 1.06753876E+00 -6.31398367E-04
 1.07074490E+00  1.21126164E-02
 1.09647516E+00  2.03151793E-02
 1.11491818E+00  1.98183189E-02
 1.13556285E+00  1.16327430E-02
 1.16494349E+00  3.05664642E-03
 1.18146618E+00 -2.75037630E-03
 1.16964202E+00 -5.65122192E-03
 1.14216286E+00 -5.48004718E-03
 1.11950836E+00 -4.83867884E-03
 1.10949208E+00 -4.00262112E-03
 1.11475453E+00 -6.61784291E-04
 1.13153820E+00  4.13427638E-03
 1.14484204E+00  8.40661088E-03
 1.14819509E+00  1.06336751E-02
 1.14505440E+00  8.68612555E-03
 1.13839154E+00  3.62579057E-03
 1.13569390E+00 -8.98399510E-04
 1.14016612E+00 -3.11389487E-03
 1.14713024E+00 -2.40464328E-03
 1.15435497E+00  4.95288631E-04
 1.15911509E+00  2.73497291E-03
 1.15919553E+00  3.15324132E-03
 1.15665225E+00  2.38913532E-03
 1.15230257E+00  1.02009089E-03
 1.14644274E+00  5.49967128E-04
 1.14045123E+00  1.62393102E-03
 1.13481254E+00  3.34773445E-03
 1.13118295E+00  5.17114561E-03
 1.13215530E+00  6.34128921E-03
 1.13882546E+00  6.26505109E-03
 1.15062621E+00  5.24111685E-03
 1.16359320E+00  3.45156745E-03
 1.17109423E+00  1.15068864E-03
 1.16866038E+00 -1.15352631E-03
 1.15534540E+00 -3.02814755E-03
 1.13558847E+00 -3.58505451E-03
 1.11875394E+00 -1.76835932E-03
 1.11126628E+00  2.79084365E-03
 1.11526789E+00  9.44843586E-03
 1.12893784E+00  1.56896522E-02
 1.14523006E+00  1.77715812E-02
 1.15935170E+00  1.33878048E-02
 1.16917576E+00  2.63447075E-03
 1.17056312E+00 -1.07092054E-02
 1.16129227E+00 -1.98616065E-02
 1.14139204E+00 -2.03865651E-02
 1.11494787E+00 -1.15225721E-02
 1.09940096E+00  3.17588700E-03
 1.11151907E+00  1.58414381E-02
 1.13442284E+00  2.14991720E-02
 1.13964765E+00  1.93737377E-02
 1.14139278E+00  1.14218251E-02
 1.16398102E+00  3.43971211E-03
 1.18186584E+00 -1.38608385E-03
 1.16348799E+00 -3.58291247E-03
 1.12902227E+00 -3.50702438E-03
 1.11007527E+00 -3.15240116E-03
 1.10670887E+00 -3.12510579E-03
 1.11409250E+00 -1.62740711E-03
 1.13276090E+00  9.05070821E-04
 1.15148243E+00  3.30462148E-03
 1.16128744E+00  4.67671424E-03
 1.16293776E+00  3.45055476E-03
 1.15766722E+00  4.04026155E-04
 1.14983484E+00 -1.80625947E-03
 1.14147692E+00 -1.90517686E-03
 1.13038665E+00  5.57076114E-04
 1.11922697E+00  4.71465578E-03
 1.11218518E+00  7.92843458E-03
 1.11243064E+00  8.89361992E-03
 1.12334063E+00  7.70403361E-03
 1.14143615E+00  4.69285983E-03
 1.15782511E+00  1.24983654E-03
 1.16687176E+00 -1.77081239E-03
 1.16568395E+00 -4.40249142E-03
 1.15597906E+00 -5.92930835E-03
 1.14513840E+00 -5.66567512E-03
 1.13700295E+00 -3.21149111E-03
 1.13189542E+00  1.65440658E-03
 1.13029454E+00  7.39404710E-03
 1.13017568E+00  1.12997079E-02
 1.13141732E+00  1.15857664E-02
 1.13625034E+00  7.65846957E-03
 1.14310472E+00  1.19268722E-03
 1.14901387E+00 -4.07737988E-03
 1.15163892E+00 -5.84083330E-03
 1.14846968E+00 -3.65959994E-03
 1.14108719E+00  1.13188099E-03
 1.13444024E+00  5.08341434E-03
 1.13114236E+00  6.31422405E-03
 1.13204837E+00  5.05552491E-03
 1.13602406E+00  2.19863368E-03
 1.13905263E+00  3.98428548E-05
 1.13941848E+00 -2.91916936E-04
 1.13790823E+00  4.83155194E-04
 1.13527174E+00  1.84608174E-03
 1.13357731E+00  2.76444738E-03
 1.13372566E+00  2.70204753E-03
 1.13457175E+00  2.35812807E-03
 1.13567219E+00  2.01501140E-03
 1.13644289E+00  1.90915143E-03
 1.13644873E+00  2.26116200E-03
 1.13635356E+00  2.68791793E-03
 1.13636287E+00  3.04774211E-03
 1.13642320E+00  3.38961730E-03
 1.13669412E+00  3.63479059E-03
 1.13698032E+00  3.89682155E-03
 1.13724819E+00  4.22984400E-03
 1.13771364E+00  4.55422127E-03
 1.13844297E+00  4.87203157E-03
 1.13954313E+00  5.15809094E-03
 1.14107272E+00  5.37751248E-03
 1.14292545E+00  5.55038801E-03
 1.14500599E+00  5.67604698E-03
 1.14716971E+00  5.75218051E-03
 1.14915745E+00  5.79885668E-03
 1.15068124E+00  5.83096398E-03
 1.15143943E+00  5.86595112E-03
 1.15116573E+00  5.92323262E-03
 1.14976163E+00  6.00714567E-03
 1.14730103E+00  6.11030114E-03
 1.14395108E+00  6.22115157E-03
 1.14004135E+00  6.31694441E-03
 1.13613205E+00  6.35842347E-03
 1.13291181E+00  6.29744785E-03
 1.13107951E+00  6.08463224E-03
 1.13119726E+00  5.67962276E-03
 1.13339507E+00  5.07318522E-03
 1.13732476E+00  4.28930749E-03
 1.14236088E+00  3.36848295E-03
 1.14742524E+00  2.37952332E-03
 1.15078300E+00  1.43263348E-03
 1.15056711E+00  6.61166932E-04
 1.14562777E+00  2.03737359E-04
 1.13630743E+00  1.79111868E-04
 1.12573827E+00  6.33102911E-04
 1.11895686E+00  1.53235178E-03
 1.11944491E+00  2.80055466E-03
 1.12800183E+00  4.28862368E-03
 1.14125374E+00  5.74220131E-03
 1.15215914E+00  6.84816922E-03
 1.15620307E+00  7.28796374E-03
 1.15248761E+00  6.80388341E-03
 1.14351132E+00  5.33345936E-03
 1.13571426E+00  3.02970437E-03
 1.13266445E+00  1.68851303E-04
 1.13401672E+00 -2.77054563E-03
 1.13825068E+00 -5.01611085E-03
 1.14128375E+00 -5.72377345E-03
 1.14123977E+00 -4.32902584E-03
 1.13968897E+00 -8.73976694E-04
 1.13771359E+00  3.43638997E-03
 1.13722817E+00  6.58110075E-03
 1.13915307E+00  7.12544290E-03
 1.14197198E+00  4.64552990E-03
 1.14477046E+00  2.94855029E-04
 1.14661577E+00 -3.35947281E-03
 1.14658059E+00 -4.75335299E-03
 1.14494970E+00 -3.70622350E-03
 1.14185341E+00 -1.22754811E-03
 1.13738003E+00  2.82793709E-04
 1.13199497E+00 -3.33415329E-04
 1.12605311E+00 -2.51741682E-03
 1.12040002E+00 -5.00881137E-03
 1.11632313E+00 -5.50168910E-03
 1.11497067E+00 -2.87916247E-03
 1.11729925E+00  1.98758551E-03
 1.12349547E+00  7.29818470E-03
 1.13278983E+00  1.01784597E-02
 1.14395698E+00  8.83263282E-03
 1.15497317E+00  3.61894203E-03
 1.16264508E+00 -3.49486204E-03
 1.16359053E+00 -8.94166463E-03
 1.15571280E+00 -1.02310747E-02
 1.13958771E+00 -6.94705377E-03
 1.12079403E+00 -2.31864721E-04
 1.10832009E+00  6.92501525E-03
 1.10840665E+00  1.24921234E-02
 1.12253019E+00  1.59654064E-02
 1.14471628E+00  1.68984008E-02
 1.16247687E+00  1.57614443E-02
 1.16792885E+00  1.25703221E-02
 1.15977415E+00  6.75807488E-03
 1.14296689E+00 -3.25463704E-04
 1.12954062E+00 -6.42395169E-03
 1.12604524E+00 -9.65915301E-03
 1.13146726E+00 -8.50628576E-03
 1.14183563E+00 -3.88541900E-03
 1.14807028E+00  1.19078013E-03
 1.14577500E+00  4.81961685E-03
 1.13799278E+00  6.03484731E-03
 1.12878347E+00  4.82639542E-03
 1.12501663E+00  2.81011430E-03
 1.13005142E+00  5.84454003E-04
 1.14012988E+00 -2.07844165E-03
 1.14900293E+00 -4.17789167E-03
 1.14827151E+00 -4.70465941E-03
 1.13468165E+00 -2.75554975E-03
 1.11514491E+00  2.39009040E-03
 1.10645294E+00  8.81513635E-03
 1.12433591E+00  1.28881677E-02
 1.15119831E+00  1.23811570E-02
 1.15363021E+00  6.65279092E-03
 1.13875839E+00 -2.13267050E-03
 1.13147306E+00 -9.11978360E-03
 1.13418139E+00 -1.14106874E-02
 1.14671580E+00 -8.57203292E-03
 1.16100102E+00 -2.05977085E-03
 1.15553828E+00  4.15208340E-03
 1.13668511E+00  7.89476707E-03
 1.12679913E+00  9.54841021E-03
 1.12211324E+00  1.00167646E-02
 1.11521729E+00  1.15286638E-02
 1.11691770E+00  1.45972605E-02
 1.13364792E+00  1.69390564E-02
 1.15770090E+00  1.56731985E-02
 1.17923505E+00  7.46887976E-03
 1.19133034E+00 -8.11793084E-03
 1.18525842E+00 -2.62901500E-02
 1.14985731E+00 -3.69517454E-02
 1.08674612E+00 -2.75587478E-02
 1.03286762E+00  6.64873337E-03
 1.03580832E+00  5.68268226E-02
 1.09298604E+00  9.51853475E-02
 1.16606245E+00  8.86206536E-02
 1.22087151E+00  4.21725828E-02
 1.22224016E+00 -1.15455149E-02
 1.17382576E+00 -5.50956053E-02
 1.11964790E+00 -7.45716992E-02
 1.06999786E+00 -6.33359608E-02
 1.02422053E+00 -3.61552829E-02
 1.01266903E+00 -3.97616776E-04
 1.05096817E+00  3.99456391E-02
 1.11630332E+00  6.41618782E-02
 1.17521177E+00  5.66969357E-02
 1.20750730E+00  2.54282386E-02
 1.20409271E+00 -1.06935405E-02
 1.17134354E+00 -3.70541937E-02
 1.13307397E+00 -4.31570662E-02
 1.09641741E+00 -3.10736313E-02
 1.05807794E+00 -1.55887488E-02
 1.03839491E+00  3.28472852E-03
 1.05649191E+00  3.11078323E-02
 1.10458820E+00  5.16397527E-02
 1.16313147E+00  4.79843402E-02
 1.20554719E+00  2.58603526E-02
 1.20540688E+00 -1.15011911E-03
 1.17462661E+00 -2.33129293E-02
 1.14981164E+00 -3.07534100E-02
 1.13284210E+00 -2.41126521E-02
 1.11194930E+00 -1.53415569E-02
 1.09751196E+00 -6.12189243E-03
 1.09527093E+00  6.62173472E-03
 1.10551273E+00  1.75462804E-02
 1.13203995E+00  2.28093082E-02
 1.15756878E+00  2.06841038E-02
 1.15905139E+00  9.37931290E-03
 1.15188644E+00 -2.78503661E-03
 1.16231935E+00 -4.42216020E-03
 1.17145714E+00 -7.03734747E-04
 1.15216730E+00 -3.13124473E-03
 1.12749822E+00 -7.72681653E-03
 1.12589093E+00 -6.72695663E-03
 1.12396956E+00 -2.72267036E-03
 1.09594518E+00  1.83362168E-03
 1.07678852E+00  7.20753407E-03
 1.10742441E+00  1.07380081E-02
 1.15558237E+00  1.11286149E-02
 1.17088648E+00  9.53455427E-03
 1.16523549E+00  5.91820595E-03
 1.16402404E+00  5.88998983E-04
 1.15728501E+00 -4.75361295E-03
 1.14150717E+00 -8.46173937E-03
 1.13281890E+00 -8.82784288E-03
 1.13762729E+00 -4.77918959E-03
 1.14796355E+00  1.88822114E-03
 1.15377504E+00  7.49969160E-03
 1.15331644E+00  9.68479645E-03
 1.14933329E+00  7.58840734E-03
 1.14333733E+00  2.63047344E-03
 1.13980549E+00 -1.38196183E-03
 1.14089715E+00 -2.46448992E-03
 1.14379451E+00 -7.55929689E-04
 1.14729987E+00  2.79868844E-03
 1.15019476E+00  5.60616450E-03
 1.15127194E+00  6.43739269E-03
 1.15171199E+00  6.06756401E-03
 1.15197581E+00  5.03828485E-03
 1.15199905E+00  4.49806820E-03
 1.15217284E+00  5.03311063E-03
 1.15212415E+00  5.86719277E-03
 1.15167357E+00  6.69336848E-03
 1.15106829E+00  7.24717382E-03
 1.15039063E+00  7.28324044E-03
 1.14990555E+00  7.22341331E-03
 1.14972237E+00  7.22095483E-03
 1.14966551E+00  7.21939600E-03
 1.14964700E+00  7.30112536E-03
 1.14955685E+00  7.33402118E-03
 1.14935056E+00  7.25000780E-03
 1.14913286E+00  7.12697046E-03
 1.14888584E+00  6.95332216E-03
 1.14853965E+00  6.75057667E-03
 1.14811992E+00  6.55702188E-03
 1.14764778E+00  6.35667612E-03
 1.14718277E+00  6.15912840E-03
 1.14683506E+00  5.97941621E-03
 1.14661910E+00  5.81286090E-03
 1.14649295E+00  5.66260570E-03
 1.14646508E+00  5.53018454E-03
 1.14654346E+00  5.41207651E-03
 1.14672844E+00  5.30930493E-03
 1.14704094E+00  5.22311513E-03
 1.14745787E+00  5.15077531E-03
 1.14792226E+00  5.08844699E-03
 1.14840884E+00  5.03339130E-03
 1.14889708E+00  4.98260444E-03
 1.14935548E+00  4.93338699E-03
 1.14976467E+00  4.88344538E-03
 1.15010128E+00  4.82756394E-03
 1.15033961E+00  4.75934883E-03
 1.15048156E+00  4.67617669E-03
 1.15055201E+00  4.57949899E-03
 1.15059203E+00  4.47651207E-03
 1.15066222E+00  4.38007743E-03
 1.15082266E+00  4.30196147E-03
 1.15111768E+00  4.25158688E-03
 1.15156538E+00  4.23610227E-03
 1.15214968E+00  4.25794639E-03
 1.15283408E+00  4.31845114E-03
 1.15355217E+00  4.41625049E-03
 1.15418725E+00  4.54107909E-03
 1.15459247E+00  4.67698263E-03
 1.15461720E+00  4.80641522E-03
 1.15413473E+00  4.91230233E-03
 1.15310336E+00  4.98632478E-03
 1.15157295E+00  5.02862414E-03
 1.14963533E+00  5.03783695E-03
 1.14745620E+00  5.01406721E-03
 1.14531164E+00  4.96240856E-03
 1.14354154E+00  4.88880378E-03
 1.14251211E+00  4.80327562E-03
 1.14255323E+00  4.71633509E-03
 1.14381802E+00  4.62609064E-03
 1.14625918E+00  4.52112979E-03
 1.14969863E+00  4.38903523E-03
 1.15373226E+00  4.21272915E-03
 1.15762731E+00  3.97154566E-03
 1.16048182E+00  3.64910613E-03
 1.16148089E+00  3.23724621E-03
 1.16013141E+00  2.74870495E-03
 1.15668654E+00  2.23961310E-03
 1.15206219E+00  1.81370784E-03
 1.14713681E+00  1.61576762E-03
 1.14273630E+00  1.84616711E-03
 1.13962217E+00  2.77431869E-03
 1.13826102E+00  4.61814155E-03
 1.13931121E+00  7.30461266E-03
 1.14336952E+00  1.02815474E-02
 1.15013540E+00  1.22534867E-02
 1.15848843E+00  1.15503155E-02
 1.16639502E+00  7.28796523E-03
 1.17052139E+00 -6.62130696E-05
 1.16636216E+00 -7.97141555E-03
 1.15014750E+00 -1.23718485E-02
 1.12269874E+00 -1.06310586E-02
 1.09273465E+00 -2.48301800E-03
 1.08125021E+00  9.13682714E-03
 1.10707028E+00  1.84147208E-02
 1.15055559E+00  2.14771829E-02
 1.17377724E+00  1.74199693E-02
 1.17874687E+00  8.10877272E-03
 1.18343656E+00 -1.32585584E-03
 1.18134023E+00 -7.65698416E-03
 1.16782654E+00 -1.02940586E-02
 1.14522430E+00 -8.99292337E-03
 1.11159060E+00 -5.31518461E-03
 1.08511535E+00  1.33233451E-04
 1.09155205E+00  8.02082104E-03
 1.11926002E+00  1.62976309E-02
 1.14055358E+00  2.19175874E-02
 1.15440545E+00  2.24302976E-02
 1.16597535E+00  1.58979424E-02
 1.17034591E+00  4.45540961E-03
 1.16989015E+00 -6.48892245E-03
 1.16679644E+00 -1.33238808E-02
 1.15700534E+00 -1.41322152E-02
 1.14314925E+00 -9.37326088E-03
 1.13131497E+00 -2.70105091E-03
 1.12632496E+00  3.98382137E-03
 1.13309104E+00  1.03290405E-02
 1.14857379E+00  1.47039260E-02
 1.16304967E+00  1.61621507E-02
 1.17101374E+00  1.34899874E-02
 1.17001262E+00  5.43006089E-03
 1.16100788E+00 -4.96440817E-03
 1.15051288E+00 -1.21355858E-02
 1.14153087E+00 -1.24226280E-02
 1.13386725E+00 -4.37008111E-03
 1.12998400E+00  8.43416077E-03
 1.13129218E+00  1.79160553E-02
 1.13913458E+00  1.94063336E-02
 1.15480864E+00  1.23509227E-02
 1.17221301E+00 -6.37976538E-05
 1.18098776E+00 -1.00452674E-02
 1.17484566E+00 -1.31878745E-02
 1.15242843E+00 -9.71712773E-03
 1.12228248E+00 -1.32294730E-03
 1.10148853E+00  7.07424670E-03
 1.10038975E+00  1.25329486E-02
 1.12030468E+00  1.54114443E-02
 1.15299543E+00  1.47804447E-02
 1.17977141E+00  1.05550841E-02
 1.18917992E+00  2.96481105E-03
 1.18009769E+00 -7.98312960E-03
 1.15688891E+00 -1.76011949E-02
 1.13273384E+00 -1.89576190E-02
 1.11578801E+00 -8.93141624E-03
 1.10661853E+00  1.04497174E-02
 1.10816179E+00  2.71732999E-02
 1.12004160E+00  2.67012452E-02
 1.14081175E+00  1.67278247E-02
 1.16805785E+00  1.45023251E-02
 1.18479889E+00  1.13284446E-02
 1.17414738E+00 -6.28536799E-03
 1.15164805E+00 -2.23063843E-02
 1.14323630E+00 -1.81764327E-02
 1.13677671E+00 -4.19556564E-03
 1.11239054E+00  3.39794717E-03
 1.09611886E+00  6.55961049E-03
 1.11846187E+00  9.43664065E-03
 1.15821837E+00  9.35215073E-03
 1.18085235E+00  7.80416745E-03
 1.18396373E+00  6.67296155E-03
 1.17249745E+00  3.91170492E-03
 1.14875232E+00 -1.52820852E-04
 1.12884100E+00 -3.86596216E-03
 1.12409139E+00 -5.96620223E-03
 1.13259051E+00 -4.56514306E-03
 1.14888101E+00 -4.85995953E-04
 1.16141565E+00  3.20461585E-03
 1.16401691E+00  4.96854469E-03
 1.15985557E+00  4.14243227E-03
 1.15195505E+00  1.38112873E-03
 1.14628292E+00 -7.41118337E-04
 1.14616906E+00 -1.15428494E-03
 1.14852339E+00 -2.97835418E-04
 1.15166135E+00  1.39322192E-03
 1.15352635E+00  2.59193626E-03
 1.15267183E+00  2.72776365E-03
 1.15114254E+00  2.49803546E-03
 1.14985613E+00  2.14280090E-03
 1.14912333E+00  2.00354449E-03
 1.14954056E+00  2.31768078E-03
 1.15025688E+00  2.63479746E-03
 1.15088174E+00  2.81602179E-03
 1.15161642E+00  2.90183072E-03
 1.15226701E+00  2.81378588E-03
 1.15300528E+00  2.72085921E-03
 1.15388368E+00  2.72083841E-03
 1.15458975E+00  2.77403364E-03
 1.15499537E+00  2.93494523E-03
 1.15495201E+00  3.21210682E-03
 1.15433530E+00  3.58684047E-03
 1.15321613E+00  4.07901743E-03
 1.15166200E+00  4.66400158E-03
 1.14979738E+00  5.28728509E-03
 1.14789933E+00  5.87575230E-03
 1.14629567E+00  6.32113225E-03
 1.14533207E+00  6.51663009E-03
 1.14531834E+00  6.37776471E-03
 1.14637384E+00  5.86582695E-03
 1.14842087E+00  5.00152564E-03
 1.15129300E+00  3.83780282E-03
 1.15465519E+00  2.47905759E-03
 1.15791695E+00  1.11282007E-03
 1.16035290E+00 -2.37802901E-05
 1.16122785E+00 -6.83687288E-04
 1.15996122E+00 -6.53445859E-04
 1.15647369E+00  1.51371163E-04
 1.15123009E+00  1.67439141E-03
 1.14499755E+00  3.79169837E-03
 1.13904058E+00  6.25870786E-03
 1.13533790E+00  8.64813135E-03
 1.13597670E+00  1.04336438E-02
 1.14218855E+00  1.10778810E-02
 1.15345372E+00  1.01469090E-02
 1.16600804E+00  7.55127033E-03
 1.17390041E+00  3.57622643E-03
 1.17303213E+00 -1.28674818E-03
 1.16251624E+00 -6.20372920E-03
 1.14648686E+00 -9.84616869E-03
 1.13345977E+00 -1.07658643E-02
 1.12897595E+00 -7.97035163E-03
 1.13426797E+00 -1.47400785E-03
 1.14640263E+00  6.75720386E-03
 1.15763790E+00  1.33547683E-02
 1.16358297E+00  1.58214513E-02
 1.16437922E+00  1.31814305E-02
 1.16141593E+00  6.85978350E-03
 1.15905912E+00  5.60185198E-04
 1.15906893E+00 -3.35309427E-03
 1.15925230E+00 -4.24806896E-03
 1.15837124E+00 -2.58803852E-03
 1.15460646E+00 -6.00386427E-04
 1.14757337E+00  7.71971300E-04
 1.14016918E+00  2.12643469E-03
 1.13511252E+00  3.31969671E-03
 1.13512343E+00  4.51548121E-03
 1.14193312E+00  5.40703015E-03
 1.15400989E+00  4.79550351E-03
 1.16686073E+00  2.94716574E-03
 1.17412383E+00  9.63716012E-04
 1.17135440E+00 -4.83611296E-04
 1.15832882E+00 -6.24960692E-04
 1.14058168E+00  4.85759933E-04
 1.12824615E+00  1.83049242E-03
 1.12774802E+00  3.00275794E-03
 1.13964316E+00  3.85509177E-03
 1.15818743E+00  3.92678620E-03
 1.17143593E+00  3.07660978E-03
 1.17254923E+00  1.18426908E-03
 1.16215836E+00 -1.65695580E-03
 1.14599636E+00 -3.94795829E-03
 1.13590915E+00 -3.57305613E-03
 1.13830767E+00  3.81537423E-04
 1.15111335E+00  7.10520409E-03
 1.16814249E+00  1.27856703E-02
 1.17781726E+00  1.18642389E-02
 1.17364614E+00  2.43988578E-03
 1.15807092E+00 -1.17745276E-02
 1.13795293E+00 -1.93991724E-02
 1.12545373E+00 -8.49406972E-03
 1.12792592E+00  1.11586811E-02
 1.14365894E+00  1.83673116E-02
 1.16561936E+00  1.29400150E-02
 1.18089818E+00  3.85670619E-03
 1.18155498E+00 -7.10790797E-03
 1.16878325E+00 -1.35552232E-02
 1.14929719E+00 -1.09473831E-02
 1.13603553E+00 -3.53886004E-03
 1.13656278E+00  5.62532574E-03
 1.14909602E+00  1.29041653E-02
 1.16686754E+00  1.29415930E-02
 1.17709978E+00  4.78187796E-03
 1.17252754E+00 -6.64751284E-03
 1.15548682E+00 -1.32063185E-02
 1.13299789E+00 -1.06183014E-02
 1.11791803E+00  2.80610499E-04
 1.11806943E+00  1.43408533E-02
 1.13198732E+00  2.21983149E-02
 1.15375842E+00  1.99652812E-02
 1.17173910E+00  1.03523792E-02
 1.17843704E+00 -2.76991917E-03
 1.17430655E+00 -1.27157274E-02
 1.16263365E+00 -1.61535469E-02
 1.15127656E+00 -1.53522940E-02
 1.14500792E+00 -1.18257079E-02
 1.14278844E+00 -7.15975144E-03
 1.14391666E+00  2.73353936E-04
 1.14584059E+00  1.36014097E-02
 1.14755224E+00  2.37512145E-02
 1.15137148E+00  1.86768082E-02
 1.15659803E+00  5.04758685E-03
 1.16135120E+00 -3.53301942E-03
 1.16416766E+00 -6.67202931E-03
 1.16271966E+00 -7.18112082E-03
 1.15800544E+00 -4.08311576E-03
 1.15376881E+00 -5.53318017E-04
 1.15193496E+00  7.32737025E-04
 1.15338941E+00  1.13626718E-03
 1.15731033E+00  1.20063017E-03
 1.16047718E+00  1.65025877E-03
 1.16153673E+00  2.56890401E-03
 1.16098254E+00  2.34828192E-03
 1.15935431E+00  1.18931418E-03
 1.15833957E+00  2.55077768E-04
 1.15864605E+00  9.44157681E-05
 1.15939286E+00  1.53704068E-03
 1.16026261E+00  4.15562454E-03
 1.16078743E+00  6.21876789E-03
 1.16065061E+00  6.95400160E-03
 1.16041406E+00  6.17784545E-03
 1.16024535E+00  4.06697545E-03
 1.16009993E+00  1.70928628E-03
 1.16008957E+00 -2.82944431E-04
 1.16002014E+00 -1.79797326E-03
 1.15981043E+00 -2.21565989E-03
 1.15956657E+00 -1.06819115E-03
 1.15927331E+00  1.84757147E-03
 1.15896628E+00  6.40678920E-03
 1.15869172E+00  1.09361142E-02
 1.15841729E+00  1.28494582E-02
 1.15815172E+00  1.05774958E-02
 1.15791444E+00  4.03023194E-03
 1.15770348E+00 -4.27705165E-03
 1.15753425E+00 -9.70212991E-03
 1.15741606E+00 -9.35420976E-03
 1.15734762E+00 -2.92604011E-03
 1.15733555E+00  6.84648354E-03
 1.15738405E+00  1.42343258E-02
 1.15749029E+00  1.57773560E-02
 1.15764761E+00  1.13312710E-02
 1.15783952E+00  3.22243800E-03
 1.15804153E+00 -3.20736078E-03
 1.15823142E+00 -4.90900926E-03
 1.15839082E+00 -2.28973892E-03
 1.15850751E+00  3.00047213E-03
 1.15857971E+00  7.10552231E-03
 1.15861166E+00  7.93878338E-03
 1.15861766E+00  6.40314581E-03
 1.15863208E+00  3.52442026E-03
 1.15870186E+00  1.41811583E-03
 1.15887370E+00  1.23676100E-03
 1.15918608E+00  2.01017365E-03
 1.15965036E+00  3.17428428E-03
 1.16024703E+00  3.94100369E-03
 1.16094341E+00  3.79462283E-03
 1.16168239E+00  3.41944681E-03
 1.16236651E+00  3.09438056E-03
 1.16287599E+00  2.92062800E-03
 1.16308667E+00  3.07004800E-03
 1.16289228E+00  3.19790501E-03
 1.16225494E+00  3.15638971E-03
 1.16121022E+00  3.01953153E-03
 1.15982970E+00  2.73853894E-03
 1.15824825E+00  2.42485940E-03
 1.15669385E+00  2.17291398E-03
 1.15544735E+00  1.96626999E-03
 1.15480337E+00  1.86020755E-03
 1.15501488E+00  1.88622845E-03
 1.15617510E+00  2.03369017E-03
 1.15820497E+00  2.30597188E-03
 1.16093621E+00  2.67519887E-03
 1.16404609E+00  3.08345932E-03
 1.16698663E+00  3.45213047E-03
 1.16908815E+00  3.68039525E-03
 1.16967493E+00  3.67507840E-03
 1.16821210E+00  3.38113583E-03
 1.16460410E+00  2.82722366E-03
 1.15923877E+00  2.13937858E-03
 1.15278453E+00  1.51085929E-03
 1.14636519E+00  1.23332306E-03
 1.14175981E+00  1.73509023E-03
 1.14089345E+00  3.41357825E-03
 1.14502291E+00  6.32539064E-03
 1.15398407E+00  9.93172765E-03
 1.16492462E+00  1.27150827E-02
 1.17311691E+00  1.26241582E-02
 1.17521262E+00  8.53376761E-03
 1.17025552E+00  9.00641894E-04
 1.16102747E+00 -7.39180126E-03
 1.15363168E+00 -1.16756149E-02
 1.15179793E+00 -9.04759591E-03
 1.15594677E+00  5.22327391E-04
 1.16355285E+00  1.32982862E-02
 1.16866583E+00  2.22411798E-02
 1.16814196E+00  2.29253784E-02
 1.16271103E+00  1.49551943E-02
 1.15454755E+00  1.91702075E-03
 1.14841361E+00 -8.42270517E-03
 1.14703816E+00 -1.13588208E-02
 1.14975681E+00 -6.75927395E-03
 1.15574789E+00  2.82341021E-03
 1.16274449E+00  1.10832843E-02
 1.16905610E+00  1.43680874E-02
 1.17466831E+00  1.31178573E-02
 1.17812511E+00  8.17229210E-03
 1.17775456E+00  2.45784852E-03
 1.17261193E+00 -2.36573610E-03
 1.16229359E+00 -7.03845832E-03
 1.14985457E+00 -1.02328477E-02
 1.14084099E+00 -1.03087096E-02
 1.13917223E+00 -6.25538717E-03
 1.14663074E+00  2.78932302E-03
 1.16097589E+00  1.36379131E-02
 1.17591713E+00  2.03092327E-02
 1.18699512E+00  1.91494355E-02
 1.19186134E+00  9.20219939E-03
 1.18915949E+00 -5.61595570E-03
 1.18029254E+00 -1.68084967E-02
 1.16599221E+00 -1.91089647E-02
 1.14694330E+00 -1.14847700E-02
 1.12871333E+00  3.31552779E-03
 1.11877559E+00  1.77543052E-02
 1.12270274E+00  2.71221330E-02
 1.14279032E+00  3.05735294E-02
 1.17196699E+00  2.76262592E-02
 1.19590265E+00  2.04222255E-02
 1.20482634E+00  1.00460284E-02
 1.19494804E+00 -3.91983750E-03
 1.17060616E+00 -1.76000186E-02
 1.14517413E+00 -2.55027855E-02
 1.12687183E+00 -2.35811428E-02
 1.11790201E+00 -9.52704659E-03
 1.11968452E+00  1.16901987E-02
 1.12871500E+00  2.93911511E-02
 1.14396980E+00  3.64678415E-02
 1.16707501E+00  3.00174892E-02
 1.19147746E+00  1.30849024E-02
 1.20747484E+00 -4.52653688E-03
 1.20763250E+00 -1.70361765E-02
 1.18708066E+00 -2.32270916E-02
 1.15337288E+00 -2.24880569E-02
 1.12398027E+00 -1.78260585E-02
 1.11024257E+00 -1.00601686E-02
 1.11689171E+00  2.56874123E-03
 1.13999861E+00  1.66913720E-02
 1.16502316E+00  2.71720357E-02
 1.18384632E+00  2.98685283E-02
 1.19529757E+00  2.12609786E-02
 1.19748167E+00  4.98654238E-03
 1.19309101E+00 -9.62975818E-03
 1.18210709E+00 -1.67144737E-02
 1.16124814E+00 -1.35442931E-02
 1.13665394E+00 -1.69799118E-03
 1.11864614E+00  1.15378450E-02
 1.11488959E+00  2.21173379E-02
 1.13085060E+00  2.90791239E-02
 1.16024700E+00  2.98035684E-02
 1.18685632E+00  2.36846117E-02
 1.20067503E+00  1.05315913E-02
 1.19780193E+00 -8.73245489E-03
 1.18095239E+00 -2.40007992E-02
 1.16206822E+00 -2.41320386E-02
 1.14734575E+00 -1.50658854E-02
 1.13686411E+00 -8.88672960E-03
 1.13290773E+00  2.11284145E-04
 1.13479937E+00  2.03278766E-02
 1.14350302E+00  3.67240996E-02
 1.16224145E+00  3.27017615E-02
 1.18499834E+00  1.69160479E-02
 1.20100655E+00  5.09790052E-03
 1.20293652E+00 -2.77498875E-03
 1.18662980E+00 -9.13214128E-03
 1.15878889E+00 -1.08852537E-02
 1.13560006E+00 -9.37177688E-03
 1.12659036E+00 -5.71722613E-03
 1.13397377E+00  2.19988196E-03
 1.15270636E+00  1.21008036E-02
 1.16851887E+00  1.95368103E-02
 1.17397978E+00  2.13421268E-02
 1.17032174E+00  1.51848292E-02
 1.16068162E+00  4.60488186E-03
 1.15377020E+00 -2.24169098E-03
 1.15400280E+00 -1.09442450E-03
 1.15883505E+00  8.17354723E-03
 1.16782784E+00  2.04719421E-02
 1.17894279E+00  2.53265395E-02
 1.18991231E+00  1.75003405E-02
 1.20018882E+00 -1.15886777E-03
 1.20293836E+00 -2.34518647E-02
 1.18920640E+00 -3.62454906E-02
 1.15742125E+00 -3.18495561E-02
 1.11559065E+00 -1.15169324E-02
 1.08976428E+00  1.69415990E-02
 1.10837996E+00  3.85844047E-02
 1.15530189E+00  4.38351658E-02
 1.18878054E+00  3.25230469E-02
 1.19885786E+00  1.07581163E-02
 1.19060052E+00 -7.88896403E-03
 1.17170906E+00 -1.51564353E-02
 1.16545229E+00 -1.15852732E-02
 1.17217951E+00 -1.03855839E-03
 1.17136589E+00  7.10318748E-03
 1.16471490E+00  8.07098475E-03
 1.15914973E+00  4.70794019E-03
 1.15528489E+00 -1.70754807E-05
 1.15866389E+00 -6.53108818E-04
 1.15855939E+00  5.27466034E-03
 1.13952075E+00  1.41258400E-02
 1.12796970E+00  2.25719445E-02
 1.15774712E+00  2.63356045E-02
 1.19757297E+00  2.23826193E-02
 1.19923359E+00  1.20390445E-02
 1.18534793E+00 -2.15922463E-03
 1.19323822E+00 -1.59903837E-02
 1.19499457E+00 -2.47348902E-02
 1.15852728E+00 -2.47585075E-02
 1.11151955E+00 -1.15791192E-02
 1.09009764E+00  1.40432002E-02
 1.09539164E+00  3.50759186E-02
 1.12241166E+00  3.25240473E-02
 1.16586461E+00  1.82551506E-02
 1.20416155E+00  1.64904906E-02
 1.21986170E+00  1.85077594E-02
 1.21000545E+00  6.82731330E-03
 1.18234005E+00 -8.17965814E-03
 1.15606716E+00 -1.38629947E-02
 1.14201847E+00 -1.24728760E-02
 1.13949747E+00 -4.85263193E-03
 1.14590101E+00  8.36768420E-03
 1.15178032E+00  1.99798184E-02
 1.15333940E+00  2.39145536E-02
 1.15559734E+00  1.83647851E-02
 1.15864822E+00  6.80402551E-03
 1.16246982E+00 -2.36283425E-03
 1.16626874E+00 -4.76668443E-03
 1.16514386E+00 -6.96462172E-04
 1.16035495E+00  7.23571421E-03
 1.15720001E+00  1.24496419E-02
 1.15789213E+00  1.17132505E-02
 1.16387228E+00  6.67127206E-03
 1.17247064E+00 -6.43274576E-04
 1.17650601E+00 -6.06883845E-03
 1.17293933E+00 -7.14222264E-03
 1.16282887E+00 -5.03850613E-03
 1.15013090E+00 -5.99991714E-04
 1.14280773E+00  4.49796375E-03
 1.14535241E+00  8.85819155E-03
 1.15687542E+00  1.27772330E-02
 1.17319679E+00  1.54300309E-02
 1.18605644E+00  1.56564331E-02
 1.19000245E+00  1.28819682E-02
 1.18476883E+00  6.71059059E-03
 1.17305638E+00 -8.89139779E-04
 1.16147175E+00 -6.20732444E-03
 1.15425750E+00 -6.81240594E-03
 1.15159425E+00 -1.86920177E-03
 1.15317675E+00  6.44382794E-03
 1.15656297E+00  1.31482316E-02
 1.16070264E+00  1.52109880E-02
 1.16686462E+00  1.21276632E-02
 1.17370161E+00  5.71633484E-03
 1.17909228E+00  6.03913194E-04
 1.18120952E+00 -7.16329846E-04
 1.17793933E+00  1.36657345E-03
 1.17100687E+00  5.55072117E-03
 1.16502658E+00  8.63357535E-03
 1.16267037E+00  8.96791145E-03
 1.16499536E+00  7.42199080E-03
 1.17026155E+00  4.69297525E-03
 1.17362174E+00  2.27757583E-03
 1.17288942E+00  1.10087461E-03
 1.16887654E+00  5.71742044E-04
 1.16385997E+00  8.47867373E-04
 1.16240905E+00  2.15980264E-03
 1.16661470E+00  4.42320302E-03
 1.17474415E+00  7.74657960E-03
 1.18332726E+00  1.08753315E-02
 1.18675157E+00  1.16602916E-02
 1.18158846E+00  8.92302755E-03
 1.16868033E+00  2.60338547E-03
 1.15203624E+00 -5.17559963E-03
 1.13883542E+00 -1.04352235E-02
 1.13415661E+00 -1.06751401E-02
 1.13898047E+00 -5.51825824E-03
 1.15114445E+00  2.84394143E-03
 1.16475213E+00  9.71451767E-03
 1.17567651E+00  1.24267248E-02
 1.18262506E+00  1.12711574E-02
 1.18420871E+00  8.91853608E-03
