# x =
 3.83652565E+01
# y =
 3.25097170E+00
 VARIABLES = u,v
 1.18860854E+00  2.60970959E-02
 1.19038592E+00  2.42821664E-02
 1.19466210E+00  7.72276192E-03
 1.19560032E+00 -1.75437319E-02
 1.18263857E+00 -3.77954129E-02
 1.15220277E+00 -4.45701924E-02
 1.11220520E+00 -3.56407268E-02
 1.07428927E+00 -1.49258161E-02
 1.05461051E+00  5.81872971E-03
 1.06364778E+00  1.97458897E-02
 1.09925375E+00  2.62130211E-02
 1.14864073E+00  2.49338211E-02
 1.18958010E+00  1.96201543E-02
 1.20583655E+00  1.17156689E-02
 1.19373915E+00 -6.47109164E-04
 1.16210900E+00 -1.36463552E-02
 1.13245741E+00 -2.15658541E-02
 1.11832222E+00 -2.02080356E-02
 1.12127938E+00 -6.45331564E-03
 1.13755864E+00  1.41104609E-02
 1.15397199E+00  2.92615586E-02
 1.16418743E+00  3.16380907E-02
 1.17119885E+00  1.91468307E-02
 1.17317546E+00 -2.57656292E-03
 1.16971733E+00 -1.96821277E-02
 1.15948775E+00 -2.44178570E-02
 1.13802957E+00 -1.66004601E-02
 1.11204692E+00 -2.55637888E-04
 1.09490545E+00  1.39281561E-02
 1.09490240E+00  2.01430761E-02
 1.11635197E+00  1.97524010E-02
 1.15215850E+00  1.43983746E-02
 1.18430120E+00  9.00372754E-03
 1.20205084E+00  6.02923430E-03
 1.20261436E+00  3.08650289E-03
 1.18962141E+00  1.83794081E-04
 1.17607382E+00 -2.53470243E-03
 1.16847603E+00 -4.73165805E-03
 1.16506066E+00 -3.99179325E-03
 1.16418663E+00 -8.92626347E-04
 1.16023886E+00  1.92708357E-03
 1.15173337E+00  3.18123191E-03
 1.14397061E+00  1.82466022E-03
 1.13927528E+00 -1.10809993E-03
 1.13975106E+00 -2.28627815E-03
 1.14652098E+00 -2.47310984E-04
 1.15637517E+00  4.79113320E-03
 1.16716229E+00  1.15547954E-02
 1.17733198E+00  1.69501944E-02
 1.18429157E+00  1.91830042E-02
 1.18696438E+00  1.82774161E-02
 1.18514923E+00  1.45204206E-02
 1.17899940E+00  9.34284591E-03
 1.16940732E+00  3.90666888E-03
 1.15756899E+00 -1.35407654E-03
 1.14519941E+00 -4.87994872E-03
 1.13447590E+00 -4.93793568E-03
 1.12797796E+00 -4.23371488E-04
 1.12808770E+00  8.93903723E-03
 1.13534791E+00  2.04338443E-02
 1.14855225E+00  2.91534379E-02
 1.16570307E+00  3.14284613E-02
 1.18338218E+00  2.53726139E-02
 1.19665064E+00  1.22870589E-02
 1.20038490E+00 -3.11756668E-03
 1.19062015E+00 -1.72314367E-02
 1.16678709E+00 -2.74935649E-02
 1.13551747E+00 -3.08626727E-02
 1.10861610E+00 -2.57651966E-02
 1.09543500E+00 -1.09164225E-02
 1.10091485E+00  1.35045612E-02
 1.12244663E+00  4.08000242E-02
 1.14961745E+00  6.04720814E-02
 1.17518534E+00  6.44528348E-02
 1.19506128E+00  4.87139150E-02
 1.20433615E+00  1.82805501E-02
 1.20132019E+00 -1.36447302E-02
 1.18326449E+00 -3.77132084E-02
 1.14799167E+00 -4.90689296E-02
 1.10485234E+00 -4.63530312E-02
 1.06968193E+00 -3.45114150E-02
 1.05513547E+00 -1.54733437E-02
 1.06937202E+00  1.11174643E-02
 1.10705438E+00  3.89443304E-02
 1.15031811E+00  5.99625847E-02
 1.18712508E+00  6.65141281E-02
 1.21072313E+00  5.20795474E-02
 1.21676631E+00  2.18372012E-02
 1.20848106E+00 -1.01084047E-02
 1.18515008E+00 -3.37695017E-02
 1.14394315E+00 -4.26505851E-02
 1.09459098E+00 -3.61289465E-02
 1.05217040E+00 -2.17707330E-02
 1.03034677E+00 -2.53128599E-03
 1.04071550E+00  2.17311750E-02
 1.07904919E+00  4.56259303E-02
 1.12747636E+00  6.36641334E-02
 1.17376497E+00  6.92286737E-02
 1.20913247E+00  5.50960129E-02
 1.22694143E+00  2.49790284E-02
 1.22830421E+00 -9.62737371E-03
 1.20979143E+00 -3.99373219E-02
 1.16676469E+00 -5.82118618E-02
 1.10951648E+00 -6.07480344E-02
 1.05534368E+00 -5.01284273E-02
 1.02022517E+00 -2.52912453E-02
 1.01813144E+00  1.58493658E-02
 1.04686547E+00  6.82101340E-02
 1.08959274E+00  1.18101871E-01
 1.13532073E+00  1.31756294E-01
 1.17553218E+00  7.79029985E-02
 1.20004015E+00 -1.05952173E-02
 1.20459256E+00 -6.88861291E-02
 1.18242718E+00 -8.79600068E-02
 1.12912898E+00 -8.45183038E-02
 1.06264685E+00 -5.95098712E-02
 1.01307803E+00 -2.68102251E-02
 1.00290095E+00  1.28300955E-02
 1.04356009E+00  7.24013231E-02
 1.11867868E+00  1.10921855E-01
 1.18738873E+00  7.75015683E-02
 1.22418606E+00  6.88444049E-03
 1.22080052E+00 -3.65698757E-02
 1.18302356E+00 -5.01735848E-02
 1.13786404E+00 -4.90713026E-02
 1.09895779E+00 -3.17007018E-02
 1.06482985E+00 -1.19142625E-02
 1.04203981E+00  8.43870546E-03
 1.03258539E+00  4.53394791E-02
 1.04197300E+00  8.12523585E-02
 1.08152076E+00  8.79419410E-02
 1.14040523E+00  6.95649561E-02
 1.19473064E+00  3.96175379E-02
 1.22741647E+00  7.47031943E-03
 1.22547169E+00 -1.23274096E-02
 1.19449566E+00 -1.99483413E-02
 1.15883003E+00 -2.85515593E-02
 1.13139803E+00 -3.12041561E-02
 1.11588220E+00 -1.54222239E-02
 1.11336556E+00  9.38343025E-03
 1.11451664E+00  2.92974645E-02
 1.11783204E+00  3.73912015E-02
 1.12958352E+00  2.72006579E-02
 1.14464503E+00  3.94145057E-03
 1.15535751E+00 -1.53730509E-02
 1.15555037E+00 -2.18306189E-02
 1.13871563E+00 -1.40432458E-02
 1.11387833E+00  3.72214405E-03
 1.10108838E+00  1.81529714E-02
 1.11049514E+00  2.28518498E-02
 1.14270642E+00  1.98539101E-02
 1.18420383E+00  1.06160120E-02
 1.20715911E+00  6.46432110E-04
 1.19655011E+00 -7.02080937E-03
 1.15415583E+00 -1.43588653E-02
 1.09482438E+00 -1.86326406E-02
 1.04899638E+00 -1.60966654E-02
 1.03569095E+00 -5.06903458E-03
 1.05552952E+00  1.53109884E-02
 1.09874926E+00  3.78067541E-02
 1.14111633E+00  4.94124434E-02
 1.16704123E+00  4.23530306E-02
 1.17567242E+00  1.52737690E-02
 1.16788388E+00 -2.25726343E-02
 1.15260140E+00 -5.20813584E-02
 1.13455438E+00 -6.10769331E-02
 1.11112949E+00 -4.70612848E-02
 1.09032369E+00 -1.68314706E-02
 1.08313971E+00  1.18198915E-02
 1.09717231E+00  2.77986174E-02
 1.13694740E+00  2.93546120E-02
 1.18687094E+00  1.71675425E-02
 1.21687536E+00 -9.90217992E-04
 1.20852087E+00 -2.06197932E-02
 1.15735455E+00 -4.17905316E-02
 1.08121770E+00 -5.64188336E-02
 1.01975874E+00 -5.51497435E-02
 9.97376329E-01 -3.32136511E-02
 1.01857798E+00  8.05601229E-03
 1.07294612E+00  4.64775834E-02
 1.12942110E+00  5.38099463E-02
 1.16942609E+00  3.92828780E-02
 1.19172912E+00  2.85831308E-02
 1.19433691E+00  1.13537077E-02
 1.18456187E+00 -2.56797428E-02
 1.16464845E+00 -5.16821202E-02
 1.12869022E+00 -3.55753130E-02
 1.08775338E+00  2.41572154E-03
 1.05991983E+00  2.70673002E-02
 1.05844304E+00  3.64147507E-02
 1.09285712E+00  3.69179363E-02
 1.14884967E+00  2.59823114E-02
 1.19300814E+00  1.17607866E-02
 1.20519289E+00  7.63237291E-04
 1.17926985E+00 -1.02939491E-02
 1.12757973E+00 -1.91186894E-02
 1.08375818E+00 -2.21324098E-02
 1.06639073E+00 -1.66541287E-02
 1.07604608E+00  1.15293793E-03
 1.10744204E+00  2.50124443E-02
 1.14103478E+00  4.15981391E-02
 1.16625436E+00  4.27754188E-02
 1.18568571E+00  2.51730368E-02
 1.19392608E+00 -4.78177728E-03
 1.18729615E+00 -3.06368294E-02
 1.16282185E+00 -4.24004602E-02
 1.11559225E+00 -3.74836532E-02
 1.05952392E+00 -1.80379265E-02
 1.02045323E+00  5.62847858E-03
 1.01559781E+00  2.74887643E-02
 1.05325614E+00  4.68123610E-02
 1.12061397E+00  5.89507106E-02
 1.18454812E+00  6.05863667E-02
 1.22350397E+00  4.85294721E-02
 1.22901400E+00  1.96869872E-02
 1.20243551E+00 -1.72352987E-02
 1.16188337E+00 -4.61267205E-02
 1.11772243E+00 -5.56455067E-02
 1.07252299E+00 -3.99821142E-02
 1.04101652E+00 -6.25475646E-03
 1.03690798E+00  2.60826283E-02
 1.06854442E+00  4.48374970E-02
 1.13510475E+00  4.58157128E-02
 1.19787353E+00  3.01307509E-02
 1.20855662E+00  8.54203385E-03
 1.18483902E+00 -1.32539448E-02
 1.17129274E+00 -3.47899065E-02
 1.14626462E+00 -4.82834143E-02
 1.08171762E+00 -4.64343187E-02
 1.03117449E+00 -2.51170320E-02
 1.05204321E+00  1.49865608E-02
 1.11186891E+00  5.18537407E-02
 1.15331773E+00  5.69349935E-02
 1.17651789E+00  3.57854153E-02
 1.19134261E+00  1.19302204E-02
 1.18411504E+00 -1.19390173E-02
 1.15618075E+00 -3.51394135E-02
 1.11454942E+00 -4.54934398E-02
 1.06195501E+00 -3.90951080E-02
 1.02792914E+00 -1.90561844E-02
 1.04550021E+00  8.95186079E-03
 1.09715938E+00  2.88904656E-02
 1.14162392E+00  2.55152560E-02
 1.16776497E+00  9.00931677E-03
 1.17612141E+00  2.18610710E-03
 1.16892831E+00  5.69417487E-03
 1.16527777E+00  1.05623529E-02
 1.16948778E+00  1.71107848E-02
 1.16928780E+00  2.10238865E-02
 1.16559951E+00  1.80815629E-02
 1.16085591E+00  1.20608956E-02
 1.15816474E+00  4.18652126E-03
 1.16415776E+00 -5.38322411E-03
 1.16087348E+00 -1.52319312E-02
 1.12361577E+00 -2.54199456E-02
 1.07114766E+00 -3.25318704E-02
 1.03906477E+00 -3.07581598E-02
 1.02890254E+00 -1.75044248E-02
 1.03268780E+00  6.65253015E-03
 1.05498923E+00  3.50306510E-02
 1.09100194E+00  5.56151782E-02
 1.13142217E+00  6.02204170E-02
 1.17231149E+00  4.64568181E-02
 1.20374058E+00  1.94970499E-02
 1.21307826E+00 -7.68060610E-03
 1.19195339E+00 -2.60693053E-02
 1.13851356E+00 -3.23309953E-02
 1.06961859E+00 -2.64433091E-02
 1.01588335E+00 -1.43445338E-02
 9.99393613E-01  9.56483820E-04
 1.02935740E+00  1.96248400E-02
 1.09325289E+00  3.66343295E-02
 1.15718719E+00  4.62146262E-02
 1.19900073E+00  4.29734307E-02
 1.21087265E+00  2.23118598E-02
 1.19281097E+00 -9.54235269E-03
 1.16033019E+00 -3.84437787E-02
 1.12037460E+00 -5.39404896E-02
 1.07102480E+00 -4.90025254E-02
 1.02477237E+00 -2.35729168E-02
 9.96525726E-01  1.28789183E-02
 9.99871195E-01  5.22944166E-02
 1.04685357E+00  8.53016020E-02
 1.12250804E+00  9.24340399E-02
 1.19225197E+00  6.15615249E-02
 1.23248380E+00  1.36555546E-02
 1.23003193E+00 -1.75344277E-02
 1.19088142E+00 -3.20502772E-02
 1.14336795E+00 -4.43943767E-02
 1.10267147E+00 -4.47989189E-02
 1.07176470E+00 -2.56952288E-02
 1.05621511E+00  3.09577846E-05
 1.05289222E+00  2.20266084E-02
 1.06484093E+00  4.04787614E-02
 1.10136901E+00  5.46882435E-02
 1.15145464E+00  5.52542106E-02
 1.19430890E+00  3.53660553E-02
 1.21393112E+00  7.65599319E-03
 1.19732053E+00 -1.00023046E-02
 1.15230245E+00 -2.02300081E-02
 1.10547624E+00 -3.15649898E-02
 1.07228426E+00 -3.40687928E-02
 1.05925343E+00 -1.75678397E-02
 1.06702642E+00  8.29988979E-03
 1.08321515E+00  2.92339070E-02
 1.10342763E+00  3.78314814E-02
 1.13021195E+00  2.89231709E-02
 1.15404231E+00  7.10315171E-03
 1.16440406E+00 -1.24348804E-02
 1.15480438E+00 -2.17014570E-02
 1.12394995E+00 -1.99641141E-02
 1.09705235E+00 -9.98480425E-03
 1.10582119E+00 -1.53560962E-03
 1.13202156E+00  1.25874221E-03
 1.13811237E+00  1.54671884E-03
 1.13976359E+00  6.86263941E-04
 1.16167950E+00  2.08234721E-03
 1.17128242E+00  7.04904508E-03
 1.13887758E+00  1.20657320E-02
 1.10966902E+00  1.65899009E-02
 1.13786289E+00  1.99767744E-02
 1.19009424E+00  1.74607802E-02
 1.20542035E+00  8.16726105E-04
 1.18821222E+00 -4.74706640E-02
 1.15783654E+00 -1.32727651E-01
 1.11157625E+00 -1.97296354E-01
 1.06066767E+00 -1.69461033E-01
 1.00718779E+00 -8.61181125E-02
 9.40777083E-01 -2.63906637E-02
 8.94094102E-01  3.75537453E-02
 9.11674244E-01  1.49615057E-01
 9.80853515E-01  2.44369453E-01
 1.05461350E+00  2.49281223E-01
 1.07610739E+00  1.81829905E-01
 9.96131380E-01  8.56651054E-02
 8.72477953E-01 -5.05811760E-03
 8.25790849E-01 -4.45541125E-02
 8.57550199E-01 -2.89478406E-02
 9.11119940E-01 -1.98941992E-03
 9.88683455E-01  1.97042764E-02
 1.07160722E+00  2.74266435E-02
 1.11384190E+00 -5.28540613E-03
 1.10659413E+00 -7.48031134E-02
 1.06964663E+00 -1.28192843E-01
 1.03305251E+00 -1.12906164E-01
 1.00678622E+00 -6.31704463E-02
 9.79266584E-01 -5.25232365E-02
 9.40644166E-01 -6.20732886E-02
 8.85127905E-01 -3.88688662E-02
 8.52677600E-01  1.70424814E-02
 9.04041943E-01  9.92342391E-02
 1.01228965E+00  1.73960291E-01
 1.11017362E+00  1.76619014E-01
 1.19634680E+00  1.22432782E-01
 1.26392748E+00  6.34892007E-02
 1.22233858E+00 -3.98292415E-02
 1.00993723E+00 -2.22078437E-01
 7.40898762E-01 -3.68629000E-01
 5.92290519E-01 -3.53213186E-01
 5.81430814E-01 -2.50639802E-01
 6.41301341E-01 -1.99803238E-01
 7.32603530E-01 -1.67964825E-01
 7.89421405E-01 -8.52792149E-02
 8.23018004E-01 -9.24298384E-04
 9.25695776E-01  4.30096067E-02
 1.06530337E+00  6.18953787E-02
 1.15640578E+00  5.73032371E-02
 1.19659044E+00  3.84076289E-02
 1.18938626E+00  3.36519032E-02
 1.15611942E+00  3.99129022E-02
 1.15690579E+00  3.68353227E-02
 1.17492499E+00  3.21158567E-02
 1.15049477E+00  3.29272799E-02
 1.10326917E+00  1.12753046E-02
 1.07189906E+00 -5.05486275E-02
 1.05094893E+00 -9.99426600E-02
 1.04214419E+00 -7.44180480E-02
 1.05334074E+00 -1.97349286E-02
 1.07212177E+00 -1.71771389E-02
 1.08601724E+00 -3.67326310E-02
 1.08730891E+00 -2.17082925E-02
 1.07017376E+00 -2.30660109E-03
 1.04347986E+00 -8.06373835E-03
 1.03868122E+00 -4.64404892E-03
 1.08334148E+00  3.54849345E-02
 1.14180374E+00  9.15347772E-02
 1.14491914E+00  1.32219375E-01
 1.07957132E+00  1.39290269E-01
 9.73417709E-01  1.02813608E-01
 8.82646701E-01  5.33136463E-02
 8.82775733E-01  4.29385702E-02
 9.44980506E-01  5.11192416E-02
 9.74272511E-01  3.07672449E-02
 9.79222766E-01  2.49213725E-02
 1.00414817E+00  8.58414663E-02
 1.04155852E+00  1.55736453E-01
 1.09680339E+00  1.60285703E-01
 1.16317029E+00  1.28397205E-01
 1.20075852E+00  1.10066087E-01
 1.21068033E+00  7.94642160E-02
 1.21461143E+00  1.25957905E-02
 1.20099067E+00 -4.49081575E-02
 1.15825036E+00 -5.08206708E-02
 1.09128360E+00 -2.97325295E-02
 1.01173554E+00 -2.11961325E-02
 9.67234197E-01 -2.17878120E-02
 1.01010482E+00 -1.97516307E-02
 1.09833533E+00 -2.02722136E-02
 1.14698954E+00 -1.92040260E-02
 1.15989390E+00 -1.30055915E-02
 1.17229546E+00 -9.83717635E-03
 1.17095054E+00 -1.09847448E-02
 1.15566564E+00 -1.38399591E-02
 1.14957432E+00 -1.69817057E-02
 1.15588368E+00 -1.58610197E-02
 1.16356264E+00 -1.08483366E-02
 1.16064054E+00 -6.88736976E-03
 1.14776820E+00 -5.09479321E-03
 1.13534617E+00 -5.37950374E-03
 1.12638046E+00 -6.70279664E-03
 1.12342816E+00 -5.26905824E-03
 1.12819068E+00 -1.10822354E-04
 1.13439985E+00  6.70865843E-03
 1.13678759E+00  1.29080194E-02
 1.13183440E+00  1.53721089E-02
 1.11611632E+00  1.40869984E-02
 1.09235031E+00  1.48285763E-02
 1.07149074E+00  2.91707307E-02
 1.06836170E+00  6.50861250E-02
 1.09209646E+00  1.02634622E-01
 1.14116120E+00  1.09089798E-01
 1.19790664E+00  8.44631191E-02
 1.23228837E+00  4.53529596E-02
 1.22502435E+00 -5.88601728E-03
 1.17350768E+00 -6.02517117E-02
 1.09433388E+00 -9.72910065E-02
 1.02347477E+00 -1.03959300E-01
 9.85540250E-01 -7.67931201E-02
 9.88073082E-01 -2.07939266E-02
 1.02811289E+00  4.96713220E-02
 1.08521301E+00  1.10279328E-01
 1.14433146E+00  1.28425374E-01
 1.19705129E+00  8.62717951E-02
 1.22004324E+00  2.27808564E-02
 1.20045337E+00 -7.68319547E-04
 1.16690714E+00  2.12861347E-03
 1.15542366E+00 -1.29488300E-02
 1.14753318E+00 -2.09565987E-02
 1.11035929E+00  7.66768142E-03
 1.08366202E+00  3.60067645E-02
 1.11920842E+00  2.87071869E-02
 1.18283852E+00  7.34213644E-03
 1.21658137E+00  1.84484520E-03
 1.21383392E+00  1.85733027E-03
 1.17937165E+00 -8.53878089E-03
 1.12053210E+00 -1.99246818E-02
 1.07179094E+00 -2.42674545E-02
 1.05589951E+00 -2.11067024E-02
 1.07200146E+00 -5.76804885E-03
 1.11128812E+00  1.70307423E-02
 1.15048899E+00  3.30481070E-02
 1.17610580E+00  3.48681908E-02
 1.19034579E+00  2.07378194E-02
 1.19109903E+00 -3.93475221E-03
 1.18078383E+00 -2.47834964E-02
 1.16028956E+00 -3.36733506E-02
 1.12491338E+00 -3.02555371E-02
 1.08470169E+00 -1.77899057E-02
 1.05753323E+00 -6.08789351E-03
 1.05545387E+00 -4.76039481E-04
 1.08550558E+00  5.87645659E-04
 1.13559842E+00 -1.65762950E-03
 1.17719587E+00 -3.23130033E-03
 1.19296675E+00 -2.39146385E-03
 1.17822214E+00 -1.82246483E-03
 1.14288370E+00 -1.21004917E-03
 1.11410094E+00  4.29013582E-04
 1.10631216E+00  3.62178965E-03
 1.11805193E+00  1.00848659E-02
 1.14248100E+00  1.77299198E-02
 1.16130613E+00  2.17156869E-02
 1.16564787E+00  1.96031812E-02
 1.16103490E+00  1.08042654E-02
 1.15146157E+00 -1.64603672E-03
 1.14518790E+00 -1.09906220E-02
 1.14652088E+00 -1.33308903E-02
 1.15009965E+00 -8.30350297E-03
 1.15391026E+00  1.50802021E-03
 1.15625441E+00  9.82060587E-03
 1.15555238E+00  1.29773590E-02
 1.15490144E+00  1.12278850E-02
 1.15530775E+00  6.54626278E-03
 1.15614143E+00  3.64829386E-03
 1.15777523E+00  4.88668217E-03
 1.15908524E+00  8.81078618E-03
 1.15948768E+00  1.32188911E-02
 1.15948474E+00  1.42644234E-02
 1.15867657E+00  1.00199316E-02
 1.15656871E+00  2.18786432E-03
 1.15245317E+00 -6.47622257E-03
 1.14526172E+00 -1.18049492E-02
 1.13525978E+00 -1.11694826E-02
 1.12456877E+00 -5.42404113E-03
 1.11768500E+00  2.32033468E-03
 1.12032857E+00  6.86987358E-03
 1.13493339E+00  4.88441748E-03
 1.15835206E+00 -3.26651300E-03
 1.17927979E+00 -1.40285786E-02
 1.18163640E+00 -2.07806466E-02
 1.15830983E+00 -1.92444964E-02
 1.11691307E+00 -9.08573376E-03
 1.08571925E+00  7.27825566E-03
 1.09696621E+00  2.36315434E-02
 1.13244732E+00  3.45024342E-02
 1.14978102E+00  3.57125460E-02
 1.16311323E+00  2.07198601E-02
 1.19722279E+00 -1.07020878E-02
 1.21236488E+00 -3.92073103E-02
 1.16794007E+00 -4.25478423E-02
 1.09637508E+00 -3.26966927E-02
 1.04910654E+00 -3.47132483E-02
 1.03279650E+00 -3.59087500E-02
 1.04242222E+00 -1.50186849E-02
 1.07845389E+00  1.33054172E-02
 1.12207681E+00  2.90325613E-02
 1.15753665E+00  3.17066994E-02
 1.18305080E+00  2.16282489E-02
 1.19303776E+00  5.43102774E-04
 1.18563767E+00 -1.94987430E-02
 1.16061009E+00 -2.91489848E-02
 1.11984088E+00 -2.60490873E-02
 1.08932782E+00 -1.37402305E-02
 1.09678853E+00 -2.55697105E-03
 1.12110691E+00  2.34230067E-03
 1.12519184E+00  1.89109580E-03
 1.12760574E+00 -2.95576570E-03
 1.15706539E+00 -7.80811887E-03
 1.17524195E+00 -1.09292201E-02
 1.13834710E+00 -1.47666230E-02
 1.07931084E+00 -1.77805131E-02
 1.05116653E+00 -1.75224399E-02
 1.05763361E+00 -1.25746790E-02
 1.08945557E+00 -1.20962957E-03
 1.14076921E+00  1.27703922E-02
 1.18430739E+00  2.14872300E-02
 1.19987249E+00  2.04435141E-02
 1.18815855E+00  8.43775366E-03
 1.15645264E+00 -1.03127662E-02
 1.12282111E+00 -2.59494467E-02
 1.09860487E+00 -3.23937489E-02
 1.08291736E+00 -2.83806571E-02
 1.07810263E+00 -1.60497537E-02
 1.08316902E+00 -2.58301377E-03
 1.09847677E+00  7.65036706E-03
 1.12852543E+00  1.41658215E-02
 1.16516588E+00  1.56879938E-02
 1.19315722E+00  1.28368518E-02
 1.20148368E+00  5.48495504E-03
 1.18260385E+00 -7.64533215E-03
 1.14392438E+00 -2.24241784E-02
 1.10639516E+00 -3.20135262E-02
 1.08318795E+00 -3.16015510E-02
 1.07993233E+00 -1.86351649E-02
 1.09531796E+00  1.97747194E-03
 1.11682591E+00  1.90485140E-02
 1.13828610E+00  2.55721199E-02
 1.15960799E+00  1.93602485E-02
 1.17422696E+00  3.65596583E-03
 1.17676158E+00 -1.16486898E-02
 1.16209473E+00 -2.09261011E-02
 1.12585526E+00 -2.36834468E-02
 1.08065820E+00 -1.98947579E-02
 1.04977597E+00 -1.30653499E-02
 1.04841306E+00 -4.67531325E-03
 1.08236797E+00  6.63555237E-03
 1.13848062E+00  1.75130472E-02
 1.18574321E+00  2.31804793E-02
 1.20510766E+00  2.02043717E-02
 1.19197180E+00  6.16511483E-03
 1.15290348E+00 -1.37990356E-02
 1.11082528E+00 -2.88647917E-02
 1.07941561E+00 -3.23771900E-02
 1.06064376E+00 -2.23225408E-02
 1.06065094E+00 -3.67670219E-03
 1.07934183E+00  1.12964873E-02
 1.11503250E+00  1.56688300E-02
 1.16365922E+00  9.19391551E-03
 1.19478532E+00 -4.37640311E-03
 1.17896324E+00 -1.52771980E-02
 1.14746483E+00 -1.83731457E-02
 1.14909961E+00 -1.52344777E-02
 1.15406891E+00 -8.20293497E-03
 1.11407858E+00 -2.87981315E-03
 1.07336590E+00 -2.09694424E-03
 1.09096572E+00 -3.48535777E-03
 1.13534237E+00 -5.64333756E-03
 1.15691310E+00 -6.34610183E-03
 1.16192533E+00 -4.31229545E-03
 1.16124164E+00 -1.44430951E-03
 1.14985627E+00  1.35385378E-03
 1.13866660E+00  3.47464843E-03
 1.13701349E+00  4.19689949E-03
 1.14003787E+00  4.25276635E-03
 1.14385173E+00  3.97099920E-03
 1.14308310E+00  3.29695926E-03
 1.13564718E+00  2.59810321E-03
 1.12702491E+00  1.96338522E-03
 1.12102607E+00  1.79106872E-03
 1.12137633E+00  2.80669980E-03
 1.13069691E+00  5.20779507E-03
 1.14605833E+00  8.61011572E-03
 1.16230114E+00  1.15666853E-02
 1.17292074E+00  1.18579948E-02
 1.17278765E+00  8.20627740E-03
 1.16160421E+00  8.66659896E-04
 1.14452203E+00 -7.61757305E-03
 1.13093785E+00 -1.28735723E-02
 1.12730247E+00 -1.21218641E-02
 1.13490693E+00 -5.11258047E-03
 1.15004082E+00  5.32687633E-03
 1.16362580E+00  1.34790976E-02
 1.17018698E+00  1.57755972E-02
 1.16926292E+00  1.18859760E-02
 1.16173546E+00  4.18794722E-03
 1.15204290E+00 -1.83082909E-03
 1.14255618E+00 -3.05441042E-03
 1.13263640E+00  1.13987646E-04
 1.12503694E+00  5.75502624E-03
 1.12297736E+00  9.54132557E-03
 1.12880231E+00  9.17461967E-03
 1.14427151E+00  5.64517761E-03
 1.16425344E+00  3.99802005E-04
 1.17875961E+00 -3.67527694E-03
 1.18121401E+00 -4.85372504E-03
 1.16893232E+00 -3.84646568E-03
 1.14624202E+00 -1.19190073E-03
 1.12461256E+00  1.97129477E-03
 1.11132302E+00  4.77004616E-03
 1.10872062E+00  7.51916749E-03
 1.11646435E+00  9.73631534E-03
 1.12877078E+00  1.07761035E-02
 1.14214831E+00  1.05685188E-02
 1.15551599E+00  9.41504214E-03
 1.16262370E+00  9.64766466E-03
 1.15758245E+00  1.46729631E-02
 1.13951458E+00  2.56121095E-02
 1.11525530E+00  4.02925730E-02
 1.11108574E+00  5.12317346E-02
 1.15072450E+00  4.74133326E-02
 1.19952143E+00  2.29090694E-02
 1.19907475E+00 -2.00996350E-02
 1.15801670E+00 -6.82941365E-02
 1.11354577E+00 -9.94071821E-02
 1.06491715E+00 -9.89549678E-02
 1.01830621E+00 -6.51816255E-02
 1.00571428E+00 -1.15564533E-02
 1.04161335E+00  3.39589990E-02
 1.10682718E+00  5.31223336E-02
 1.16830634E+00  4.26224236E-02
 1.20731512E+00  1.11632676E-02
 1.21656038E+00 -1.77897705E-02
 1.19725635E+00 -3.06869805E-02
 1.16385320E+00 -2.81111656E-02
 1.11364217E+00 -1.30387343E-02
 1.04135564E+00  3.08812916E-03
 9.94785479E-01  1.50643433E-02
 1.02672974E+00  2.74357522E-02
 1.10491370E+00  3.75910127E-02
 1.16306978E+00  4.21914286E-02
 1.19268625E+00  3.81669900E-02
 1.20266130E+00  1.97592134E-02
 1.18713304E+00 -7.64787062E-03
 1.16111571E+00 -3.07927963E-02
 1.13600500E+00 -4.14837855E-02
 1.10583420E+00 -3.48799989E-02
 1.07719700E+00 -1.43931829E-02
 1.06001438E+00  7.14150286E-03
 1.06298158E+00  2.26082720E-02
 1.09653980E+00  3.02497979E-02
 1.14900530E+00  2.92429255E-02
 1.19275769E+00  2.38501890E-02
 1.21030254E+00  1.52194581E-02
 1.19257539E+00  1.02589022E-03
 1.14748481E+00 -1.49582171E-02
 1.10209682E+00 -2.71760260E-02
 1.07161137E+00 -3.09521234E-02
 1.05940141E+00 -2.18723937E-02
 1.06681194E+00 -3.92121142E-03
 1.08445588E+00  1.24301685E-02
 1.10867067E+00  2.08288200E-02
 1.14218800E+00  1.85292497E-02
 1.17346187E+00  8.04629655E-03
 1.18739040E+00 -1.60225116E-03
 1.17537129E+00 -6.15635589E-03
 1.13663266E+00 -6.38246294E-03
 1.09886651E+00 -3.38018299E-03
 1.09763347E+00 -1.46135004E-03
 1.11309001E+00 -2.09667028E-03
 1.10474980E+00 -2.53717194E-03
 1.09736414E+00 -2.35877112E-03
 1.12751047E+00 -1.20936938E-03
 1.15919595E+00  9.37486598E-04
 1.14869498E+00  1.90980769E-03
 1.12060216E+00  1.47246240E-03
 1.11193680E+00  7.22982528E-04
 1.11489821E+00 -2.14558921E-04
 1.11677310E+00 -8.35860706E-04
 1.12257347E+00 -1.13470139E-03
 1.12848577E+00 -2.03288448E-03
 1.12884397E+00 -3.47766523E-03
 1.12789760E+00 -4.77281012E-03
 1.12783359E+00 -5.15487716E-03
 1.12942267E+00 -3.48783829E-03
 1.13375729E+00  5.43482785E-04
 1.13912980E+00  5.86128886E-03
 1.14557792E+00  1.00878021E-02
 1.15414349E+00  9.95046637E-03
 1.16342990E+00  3.50206640E-03
 1.17048495E+00 -8.67726719E-03
 1.16851799E+00 -2.25436420E-02
 1.14870915E+00 -3.13001909E-02
 1.10841904E+00 -3.01642147E-02
 1.05436060E+00 -1.77934416E-02
 1.00708790E+00  2.94508075E-03
 9.95620169E-01  2.47580735E-02
 1.03455239E+00  4.20648924E-02
 1.11453563E+00  5.17063440E-02
 1.19213736E+00  5.09886255E-02
 1.21362163E+00  4.02377793E-02
 1.19729796E+00  2.07972653E-02
 1.19645369E+00 -3.54370965E-03
 1.18363732E+00 -1.96742221E-02
 1.11891406E+00 -1.62408222E-02
 1.05664103E+00 -6.55165385E-03
 1.05784519E+00 -1.10719471E-02
 1.09271740E+00 -1.58590258E-02
 1.11239761E+00  1.95927884E-03
 1.12656174E+00  2.39899824E-02
 1.15116389E+00  2.35626615E-02
 1.17343071E+00  1.12598819E-02
 1.18914010E+00  4.11486487E-03
 1.19680205E+00 -2.61386390E-03
 1.18390963E+00 -1.18485614E-02
 1.15024084E+00 -1.50989760E-02
 1.10640167E+00 -7.28828751E-03
 1.06264693E+00  1.35376779E-02
 1.03521458E+00  4.88089188E-02
 1.04226386E+00  9.09847441E-02
 1.08399926E+00  1.25490873E-01
 1.11526558E+00  1.40700170E-01
 1.08322458E+00  1.28848828E-01
 1.02573461E+00  8.96297158E-02
 1.01836039E+00  3.67543427E-02
 1.03921740E+00 -2.33919286E-03
 1.04302178E+00 -3.99894537E-03
 1.07209860E+00  1.29567013E-02
 1.16056278E+00  7.88727535E-03
 1.24094122E+00 -1.42083112E-02
 1.24098190E+00 -2.90425274E-02
 1.20132379E+00 -4.07479866E-02
 1.19022149E+00 -4.98741673E-02
 1.17166181E+00 -4.50901788E-02
 1.09728196E+00 -2.64254992E-02
 1.02381151E+00  1.16779607E-03
 1.01461618E+00  3.36918769E-02
 1.03920596E+00  6.79864861E-02
 1.05540915E+00  1.01228577E-01
 1.09115606E+00  1.23777948E-01
 1.17196391E+00  1.23260842E-01
 1.24833653E+00  9.28505757E-02
 1.26109354E+00  3.23934734E-02
 1.20971330E+00 -4.42503498E-02
 1.11922512E+00 -1.11513281E-01
 1.02526668E+00 -1.49982958E-01
 9.78837763E-01 -1.50007756E-01
 9.78999828E-01 -1.15912574E-01
 9.82125468E-01 -6.75093677E-02
 9.87575085E-01 -1.85762565E-02
 1.01006011E+00  2.40123640E-02
 1.05153112E+00  5.23092862E-02
 1.12276975E+00  6.49973132E-02
 1.19721629E+00  5.85273267E-02
 1.22390127E+00  2.99297440E-02
 1.21099229E+00 -1.98221231E-03
 1.19109401E+00 -1.42219815E-02
 1.15871633E+00 -1.35324306E-02
 1.10963391E+00 -1.74838110E-02
 1.06187114E+00 -1.95474862E-02
 1.02737585E+00 -8.90477628E-03
 1.01652473E+00  7.30224324E-03
 1.04109924E+00  2.17096450E-02
 1.09223504E+00  3.13199857E-02
 1.14630976E+00  3.09003429E-02
 1.18583035E+00  2.42928412E-02
 1.19896571E+00  2.12009809E-02
 1.18746135E+00  1.82959139E-02
 1.16846740E+00  8.33986345E-03
 1.14885410E+00 -1.42351192E-03
 1.12766587E+00 -1.92847422E-03
 1.10856725E+00  2.85587685E-03
 1.09130747E+00  6.45349043E-03
 1.08075679E+00  8.01636053E-03
 1.08730500E+00  6.67674817E-03
 1.10764720E+00  2.89296936E-03
 1.13120637E+00  8.11880075E-04
 1.15084759E+00  1.51512468E-03
 1.15946668E+00  3.17297096E-03
 1.15839177E+00  4.79612477E-03
 1.15769753E+00  4.44539242E-03
 1.16009932E+00  1.36523888E-03
 1.16326809E+00 -2.60602012E-03
 1.16469271E+00 -5.61283471E-03
 1.15793911E+00 -5.44133749E-03
 1.14207488E+00 -4.31950110E-04
 1.12349326E+00  8.85625170E-03
 1.10847420E+00  1.99346685E-02
 1.10484197E+00  2.88217468E-02
 1.11731354E+00  3.23290060E-02
 1.14249659E+00  2.91720015E-02
 1.17029926E+00  2.01524686E-02
 1.18565493E+00  8.40209081E-03
 1.17781434E+00 -3.45451218E-03
 1.14573435E+00 -1.33868458E-02
 1.10083161E+00 -1.81972605E-02
 1.06516494E+00 -1.53003118E-02
 1.05365421E+00 -3.28468673E-03
 1.06993801E+00  1.67906587E-02
 1.10714317E+00  3.68491488E-02
 1.14596663E+00  4.49824799E-02
 1.17393247E+00  3.45656730E-02
 1.18774858E+00  7.41422689E-03
 1.18376467E+00 -2.03238850E-02
 1.16462567E+00 -2.69184751E-02
 1.13186874E+00 -1.71858628E-02
 1.08616850E+00 -9.65208154E-03
 1.04461180E+00  3.05469962E-03
 1.03091620E+00  3.04382061E-02
 1.05795340E+00  5.15982200E-02
 1.12285688E+00  4.59469699E-02
 1.18758615E+00  2.54949667E-02
 1.20188121E+00  1.08727995E-02
 1.18039386E+00  1.44629016E-03
 1.16832760E+00 -7.68073570E-03
 1.14589647E+00 -1.19851389E-02
 1.08693220E+00 -1.13532912E-02
 1.04179556E+00 -6.65494208E-03
 1.06194233E+00  5.21856910E-03
 1.11639342E+00  2.07621197E-02
 1.15253953E+00  3.22547987E-02
 1.17131134E+00  3.45203492E-02
 1.18424803E+00  2.42212001E-02
 1.18179919E+00  5.59690764E-03
 1.16727144E+00 -1.02532895E-02
 1.14566826E+00 -1.68485196E-02
 1.11128660E+00 -1.23980989E-02
 1.07280406E+00  4.55239037E-04
 1.04710255E+00  1.28439827E-02
 1.04576688E+00  2.00946859E-02
 1.07662930E+00  2.25259790E-02
 1.12841654E+00  2.00965898E-02
 1.17352495E+00  1.55086671E-02
 1.19486859E+00  9.76934802E-03
 1.18621940E+00  1.12818243E-03
 1.15418649E+00 -7.87342906E-03
 1.12172650E+00 -1.31532700E-02
 1.10122368E+00 -1.19374462E-02
 1.09293318E+00 -2.11045599E-03
 1.09682716E+00  1.25367929E-02
 1.10503793E+00  2.35606330E-02
 1.11516427E+00  2.59402116E-02
 1.13250709E+00  1.82647960E-02
 1.15203275E+00  4.17944290E-03
 1.16552859E+00 -7.14546525E-03
 1.16686719E+00 -1.06076117E-02
 1.14987931E+00 -6.20396208E-03
 1.12201803E+00  3.33669942E-03
 1.10121000E+00  1.09304096E-02
 1.09760362E+00  1.28642061E-02
 1.11417380E+00  1.04251866E-02
 1.14336677E+00  5.36417144E-03
 1.16569294E+00  1.72695202E-03
 1.17053302E+00  1.60697004E-03
 1.15785953E+00  3.29432743E-03
 1.13247166E+00  5.77400919E-03
 1.10813809E+00  7.45378837E-03
 1.09264013E+00  7.36335543E-03
 1.08473966E+00  6.78822230E-03
 1.08455274E+00  6.25938042E-03
 1.08893215E+00  6.05311941E-03
 1.09681641E+00  6.54129717E-03
 1.11188286E+00  7.09270025E-03
 1.13193070E+00  7.44371362E-03
 1.15197623E+00  7.70721035E-03
 1.16761809E+00  7.75978275E-03
 1.17299326E+00  7.77614685E-03
 1.16724669E+00  7.85795643E-03
 1.15441715E+00  7.88048372E-03
 1.13683464E+00  7.85301140E-03
 1.11731526E+00  7.75044748E-03
 1.10002413E+00  7.52959851E-03
 1.08795120E+00  7.23787788E-03
 1.08521094E+00  6.89114444E-03
 1.09521559E+00  6.50027677E-03
 1.11490917E+00  6.10988907E-03
 1.13716724E+00  5.75398685E-03
 1.15584361E+00  5.47027934E-03
 1.16579096E+00  5.29945870E-03
 1.16586336E+00  5.25720690E-03
 1.15949290E+00  5.33927481E-03
 1.14779339E+00  5.52994364E-03
 1.13107922E+00  5.78991187E-03
 1.11311761E+00  6.04895705E-03
 1.09805608E+00  6.21765907E-03
 1.09090387E+00  6.20251326E-03
 1.09661094E+00  5.92382602E-03
 1.11312065E+00  5.35051451E-03
 1.13332393E+00  4.50537100E-03
 1.15186159E+00  3.43853227E-03
 1.16415791E+00  2.24801865E-03
 1.16787904E+00  1.10508878E-03
 1.16460289E+00  2.23559122E-04
 1.15388464E+00 -1.73357678E-04
 1.13513842E+00  1.05304852E-04
 1.11361270E+00  1.12868199E-03
 1.09668800E+00  2.83446020E-03
 1.09088933E+00  5.09598320E-03
 1.10076425E+00  7.67330086E-03
 1.12183480E+00  1.01580308E-02
 1.14251724E+00  1.20511361E-02
 1.15526809E+00  1.28446998E-02
 1.15657259E+00  1.21298626E-02
 1.14764378E+00  9.82145684E-03
 1.13618562E+00  6.18741790E-03
 1.12552287E+00  1.69486999E-03
 1.11473006E+00 -2.86163386E-03
 1.10521637E+00 -6.21699359E-03
 1.09705649E+00 -7.00122205E-03
 1.09223009E+00 -4.31274810E-03
 1.09547358E+00  1.74157553E-03
 1.10627186E+00  9.13169759E-03
 1.12108246E+00  1.44879503E-02
 1.13728815E+00  1.54273421E-02
 1.15131810E+00  1.12728700E-02
 1.16163880E+00  4.01671616E-03
 1.16923881E+00 -1.96975634E-03
 1.17262551E+00 -3.99087390E-03
 1.16924810E+00 -1.68091084E-03
 1.15783536E+00  3.27490920E-03
 1.13726209E+00  6.80347816E-03
 1.10897807E+00  6.88084870E-03
 1.07805703E+00  4.30599196E-03
 1.05149329E+00  9.81929452E-04
 1.03757804E+00  5.35858387E-04
 1.04272493E+00  4.63214479E-03
 1.06820165E+00  1.16997375E-02
 1.10745101E+00  1.88245913E-02
 1.14750981E+00  2.14716569E-02
 1.17732571E+00  1.68901617E-02
 1.19000042E+00  5.89403005E-03
 1.18452951E+00 -8.08731774E-03
 1.16702567E+00 -1.90506191E-02
 1.14113514E+00 -2.26648927E-02
 1.10893669E+00 -1.79622747E-02
 1.07755797E+00 -6.62715627E-03
 1.05453177E+00  6.52380096E-03
 1.04803263E+00  1.80159591E-02
 1.06498329E+00  2.65363240E-02
 1.09930885E+00  3.05025928E-02
 1.13579257E+00  2.96475655E-02
 1.16303308E+00  2.32696298E-02
 1.17330620E+00  1.03854744E-02
 1.16724084E+00 -5.72839417E-03
 1.15521738E+00 -1.94260961E-02
 1.14150284E+00 -2.61171244E-02
 1.12578711E+00 -2.25731368E-02
 1.11123564E+00 -1.06688694E-02
 1.09898283E+00  3.07674983E-03
 1.09314558E+00  1.43920285E-02
 1.10076525E+00  2.09771068E-02
 1.11929142E+00  2.17694565E-02
 1.14055674E+00  1.87236894E-02
 1.15842252E+00  1.20534902E-02
 1.16654124E+00  8.38358158E-04
 1.16327994E+00 -1.18005543E-02
 1.15294940E+00 -2.14158593E-02
 1.13669647E+00 -2.41264752E-02
 1.11528116E+00 -1.68683585E-02
 1.09470577E+00 -2.62475689E-03
 1.08165198E+00  1.09184883E-02
 1.08253031E+00  1.88740133E-02
 1.10184268E+00  1.89806230E-02
 1.13332354E+00  1.24160425E-02
 1.16290219E+00  4.87455901E-03
 1.18038354E+00 -9.96461233E-04
 1.17953761E+00 -5.57276861E-03
 1.16059976E+00 -8.24870794E-03
 1.13233775E+00 -9.47857804E-03
 1.10024351E+00 -7.25508755E-03
 1.06799482E+00  4.01049737E-03
 1.04548825E+00  2.89190293E-02
 1.04224868E+00  6.93981577E-02
 1.06534035E+00  1.18812841E-01
 1.11620568E+00  1.55656041E-01
 1.17613189E+00  1.39327768E-01
 1.21343518E+00  4.28013852E-02
 1.20725134E+00 -7.11439968E-02
 1.15237875E+00 -1.05332648E-01
 1.07041452E+00 -8.22259622E-02
 1.00674716E+00 -7.14687359E-02
 9.89193211E-01 -4.05000023E-02
 1.02169071E+00  4.52410832E-02
 1.08589521E+00  1.19041780E-01
 1.13748174E+00  1.15314276E-01
 1.15077139E+00  5.37216458E-02
 1.12614639E+00 -1.89426008E-02
 1.07340168E+00 -7.47535315E-02
 1.02134663E+00 -8.57964259E-02
 9.87210636E-01 -6.25966701E-02
 9.69791562E-01 -5.23363865E-02
 9.76145316E-01 -4.29946461E-02
 1.00823824E+00  4.39484351E-04
 1.06441117E+00  4.57630741E-02
 1.14103768E+00  5.39713788E-02
 1.20197729E+00  3.69799209E-02
 1.20763556E+00  1.37952894E-02
 1.18382319E+00 -7.84170481E-03
 1.17742435E+00 -1.49766734E-02
 1.16037178E+00 -1.09857067E-02
 1.09205253E+00 -1.51578615E-02
 1.02466501E+00 -2.11027627E-02
 1.02342677E+00 -1.18157968E-02
 1.06077611E+00  6.12726561E-03
 1.08748056E+00  2.25627797E-02
 1.11151098E+00  3.48041498E-02
 1.14387378E+00  3.62495801E-02
 1.16949564E+00  2.61135967E-02
 1.18440402E+00  1.20169239E-02
 1.18667930E+00 -2.99540585E-03
 1.16622907E+00 -1.76540536E-02
 1.12944518E+00 -2.90038477E-02
 1.09394082E+00 -3.64964545E-02
 1.07239874E+00 -3.77079814E-02
 1.07469965E+00 -2.91829793E-02
 1.09727381E+00 -1.39998602E-02
 1.12275885E+00  1.38998834E-03
 1.14241929E+00  1.21078788E-02
 1.15380834E+00  1.42991443E-02
 1.15447822E+00  9.22323248E-03
 1.14863859E+00  3.15339872E-03
 1.13601600E+00 -9.10945769E-04
 1.11246153E+00 -2.46137030E-03
 1.08536031E+00 -1.22274526E-03
 1.06667848E+00  5.75734473E-04
 1.06556230E+00  2.78379490E-03
 1.08903591E+00  7.32968063E-03
 1.13045758E+00  1.27301068E-02
 1.17143493E+00  1.64513675E-02
 1.19995245E+00  1.65481275E-02
 1.20938527E+00  1.09830268E-02
 1.19812753E+00  1.54347864E-03
 1.17408523E+00 -6.91077770E-03
 1.14154265E+00 -1.16621657E-02
 1.10282261E+00 -1.16491110E-02
 1.07067779E+00 -7.74621268E-03
 1.05921584E+00 -3.57068032E-03
 1.07633446E+00 -6.92680438E-04
 1.11938747E+00  1.56383995E-03
 1.15669907E+00  3.84702219E-03
 1.15016718E+00  7.91542529E-03
 1.11920341E+00  1.40510698E-02
 1.11112834E+00  2.01430421E-02
 1.12258474E+00  2.40922874E-02
 1.13409079E+00  2.34420852E-02
 1.15073554E+00  1.68888421E-02
 1.16665308E+00  5.85290633E-03
 1.16689579E+00 -6.14882834E-03
 1.15135827E+00 -1.40475428E-02
 1.13258500E+00 -1.41706381E-02
 1.12468183E+00 -6.05187932E-03
 1.11854561E+00  6.73488100E-03
 1.09729170E+00  1.71981641E-02
 1.08245602E+00  2.06346506E-02
 1.10328964E+00  1.60932823E-02
 1.14137736E+00  6.31878840E-03
 1.16494592E+00 -1.94346460E-03
 1.17454040E+00 -4.88099187E-03
 1.17660784E+00 -2.73406707E-03
 1.16830912E+00  2.76223419E-03
 1.15654744E+00  7.05571849E-03
 1.14883514E+00  7.98165645E-03
 1.14416623E+00  6.99997012E-03
 1.14097536E+00  5.13972760E-03
 1.13631500E+00  4.44649869E-03
 1.13002873E+00  5.91472181E-03
 1.12639483E+00  8.04902432E-03
 1.12700071E+00  1.02295944E-02
 1.13252559E+00  1.19434656E-02
 1.14272798E+00  1.26707758E-02
 1.15391619E+00  1.30905402E-02
 1.16268632E+00  1.34205066E-02
 1.16625024E+00  1.35080805E-02
 1.16188742E+00  1.35032208E-02
 1.14972098E+00  1.32279090E-02
 1.13393112E+00  1.26442479E-02
 1.12113371E+00  1.20075038E-02
 1.11657965E+00  1.14252746E-02
 1.12236708E+00  1.10354840E-02
 1.13536620E+00  1.09407466E-02
 1.14785797E+00  1.10753774E-02
 1.15516079E+00  1.13808145E-02
 1.15641722E+00  1.17506051E-02
 1.15326725E+00  1.19581656E-02
 1.15104650E+00  1.17498697E-02
 1.15187895E+00  1.08739248E-02
 1.15380437E+00  9.14333350E-03
 1.15523099E+00  6.59407666E-03
 1.15317373E+00  3.49294858E-03
 1.14653064E+00  2.36899086E-04
 1.13776030E+00 -2.56579026E-03
 1.12884569E+00 -4.01374436E-03
 1.12222971E+00 -3.20274779E-03
 1.12015079E+00  2.96890981E-04
 1.12282528E+00  6.00487725E-03
 1.13016280E+00  1.18297892E-02
 1.14139004E+00  1.46428816E-02
 1.15482854E+00  1.23568989E-02
 1.16838761E+00  4.70439852E-03
 1.17829316E+00 -5.73428237E-03
 1.18004660E+00 -1.39548304E-02
 1.17071320E+00 -1.65374605E-02
 1.15021443E+00 -1.24689147E-02
 1.12422676E+00 -3.30311263E-03
 1.10281185E+00  6.47328470E-03
 1.09362845E+00  1.39716375E-02
 1.10021359E+00  1.84065934E-02
 1.11961336E+00  1.92072060E-02
 1.14222549E+00  1.73436902E-02
 1.16135954E+00  1.29701851E-02
 1.17370898E+00  5.30093062E-03
 1.17653161E+00 -3.77304912E-03
 1.17072594E+00 -1.12023389E-02
 1.15590467E+00 -1.43553002E-02
 1.13137258E+00 -1.09233585E-02
 1.10484508E+00 -1.96910012E-03
 1.08788842E+00  8.49678518E-03
 1.08914105E+00  1.76354478E-02
 1.11279729E+00  2.32876179E-02
 1.14975351E+00  2.38397902E-02
 1.18009286E+00  1.95572536E-02
 1.19066844E+00  1.02213007E-02
 1.17644522E+00 -3.90363042E-03
 1.14194806E+00 -1.84287776E-02
 1.10373858E+00 -2.71335751E-02
 1.07251709E+00 -2.53615309E-02
 1.05270659E+00 -1.11799951E-02
 1.05190370E+00  1.03218984E-02
 1.07280634E+00  2.84317246E-02
 1.11542293E+00  3.59815330E-02
 1.17423674E+00  3.03491320E-02
 1.21941289E+00  1.43688553E-02
 1.21919542E+00 -2.69213032E-03
 1.19079813E+00 -1.52693673E-02
 1.17010534E+00 -2.21158429E-02
 1.14054668E+00 -2.18116703E-02
 1.07815268E+00 -1.59535403E-02
 1.02651954E+00 -4.66525524E-03
 1.03549379E+00  1.35645825E-02
 1.08097760E+00  3.38687081E-02
 1.11842821E+00  4.84639091E-02
 1.14832117E+00  5.13687805E-02
 1.17673423E+00  3.84945388E-02
 1.19235430E+00  1.42044655E-02
 1.19569871E+00 -9.91138842E-03
 1.18724688E+00 -2.61954210E-02
 1.15967873E+00 -3.08478784E-02
 1.12115053E+00 -2.41606638E-02
 1.08865718E+00 -1.26735217E-02
 1.07501896E+00  5.13709649E-04
 1.08999637E+00  1.53701748E-02
 1.12617963E+00  2.81321079E-02
 1.16086131E+00  3.54588046E-02
 1.18092908E+00  3.37178927E-02
 1.18164857E+00  1.92812172E-02
 1.16492286E+00 -2.51150756E-03
 1.14445147E+00 -2.05135304E-02
 1.12621365E+00 -2.72503960E-02
 1.10842217E+00 -1.89890572E-02
 1.09589968E+00 -1.38169091E-04
 1.09212654E+00  1.67483352E-02
 1.10096560E+00  2.47475926E-02
 1.12759369E+00  2.29659786E-02
 1.16252819E+00  1.35477243E-02
 1.18725165E+00  4.50484074E-03
 1.19025090E+00 -4.35347473E-04
 1.16697542E+00 -3.04603675E-03
 1.12816912E+00 -2.96997162E-03
 1.09898075E+00 -1.28319998E-03
 1.09385711E+00  1.76295473E-03
 1.11449869E+00  8.25393672E-03
 1.15211595E+00  1.51369732E-02
 1.18385584E+00  1.68081006E-02
 1.19590504E+00  1.04200076E-02
 1.18681880E+00 -4.61499017E-03
 1.15645738E+00 -2.20260980E-02
 1.11372712E+00 -2.99805942E-02
 1.06767289E+00 -2.19109655E-02
 1.02696683E+00  2.00235880E-03
 1.01844863E+00  3.31881960E-02
 1.06344274E+00  5.49003578E-02
 1.13347956E+00  5.67561501E-02
 1.17960747E+00  3.78473548E-02
 1.19657635E+00  5.52412937E-03
 1.19940561E+00 -2.33962408E-02
 1.18672211E+00 -3.82098183E-02
 1.16333948E+00 -3.76166697E-02
 1.12754274E+00 -2.44658191E-02
 1.07006883E+00 -8.84799549E-03
 1.02793303E+00  3.63471301E-03
 1.04946122E+00  1.42306084E-02
 1.10870916E+00  2.15094825E-02
 1.15076601E+00  2.55532168E-02
 1.17142610E+00  2.51018562E-02
 1.17933459E+00  1.59980937E-02
 1.17019305E+00  1.48963057E-03
 1.15731990E+00 -1.09197742E-02
 1.15024242E+00 -1.61906762E-02
 1.14262216E+00 -1.05936091E-02
 1.13493995E+00  2.60551082E-03
 1.12828667E+00  1.35612610E-02
 1.12514708E+00  1.71634491E-02
 1.13341104E+00  1.26873891E-02
 1.14966019E+00  2.69572843E-03
 1.16320377E+00 -5.00986241E-03
 1.16831751E+00 -6.77615738E-03
 1.16103457E+00 -4.07475520E-03
 1.14522814E+00  1.68734967E-03
 1.13336777E+00  6.65359159E-03
 1.13121086E+00  8.82278160E-03
 1.13835344E+00  9.83111910E-03
 1.15142811E+00  9.67532873E-03
 1.16101549E+00  8.42435158E-03
 1.16231786E+00  6.29669239E-03
 1.15700929E+00  2.23237396E-03
 1.14671527E+00 -2.64060630E-03
 1.13598262E+00 -5.73815920E-03
 1.12783410E+00 -5.61851944E-03
 1.12152800E+00 -1.48064351E-03
 1.11862695E+00  5.20644480E-03
 1.12082870E+00  1.07539751E-02
 1.12904986E+00  1.29631035E-02
 1.14440719E+00  1.12893944E-02
 1.16334263E+00  6.84797272E-03
 1.17893634E+00  2.87951518E-03
 1.18624006E+00  1.15386646E-03
 1.18239471E+00  1.54209960E-03
 1.16935350E+00  3.42262103E-03
 1.15406982E+00  4.89737673E-03
 1.14124013E+00  5.14122023E-03
 1.13331838E+00  4.97602884E-03
 1.13205477E+00  4.84852368E-03
 1.13628298E+00  5.48379547E-03
 1.14590565E+00  7.04283550E-03
 1.16115916E+00  8.37300493E-03
 1.17670356E+00  8.45486359E-03
 1.18486002E+00  6.33755172E-03
 1.17975599E+00  1.57970500E-03
 1.15838627E+00 -4.79609126E-03
 1.12691755E+00 -1.04249829E-02
 1.09894541E+00 -1.21583213E-02
 1.08387398E+00 -7.87902492E-03
 1.08620263E+00  2.35630987E-03
 1.10444533E+00  1.54373012E-02
 1.12923962E+00  2.57735432E-02
 1.15473684E+00  2.93323192E-02
 1.17833388E+00  2.46872144E-02
 1.19373672E+00  1.33605885E-02
 1.19601178E+00  1.76918698E-04
 1.18041748E+00 -1.14909769E-02
 1.14372524E+00 -2.01450355E-02
 1.09588407E+00 -2.40865987E-02
 1.05534741E+00 -2.30798619E-02
 1.03596854E+00 -1.64178740E-02
 1.04576626E+00 -3.25526384E-03
 1.07949748E+00  1.28687765E-02
 1.11875305E+00  2.60613903E-02
 1.15206947E+00  3.16349334E-02
 1.17491037E+00  2.65643969E-02
 1.18492612E+00  1.33798748E-02
 1.18718236E+00 -4.79828138E-04
 1.18138098E+00 -1.02072478E-02
 1.16218543E+00 -1.36206523E-02
 1.13376523E+00 -1.07118179E-02
 1.10366455E+00 -5.21504690E-03
 1.07998925E+00  1.54380882E-03
 1.07304301E+00  1.04535402E-02
 1.08369455E+00  1.96770745E-02
 1.10466951E+00  2.72140223E-02
 1.13181819E+00  3.05742364E-02
 1.16027110E+00  2.64695621E-02
 1.18292322E+00  1.61172526E-02
 1.19498783E+00  3.95312073E-03
 1.19029257E+00 -6.91133312E-03
 1.16492772E+00 -1.37021908E-02
 1.12832495E+00 -1.51997953E-02
 1.09772094E+00 -1.28025468E-02
 1.08574140E+00 -6.58589667E-03
 1.09867852E+00  3.54267076E-03
 1.12878055E+00  1.44564928E-02
 1.15545066E+00  2.21181253E-02
 1.16736595E+00  2.30656517E-02
 1.16352929E+00  1.51716108E-02
 1.14966321E+00  1.98912963E-03
 1.14164020E+00 -8.75301258E-03
 1.14607515E+00 -1.22145871E-02
 1.15739075E+00 -6.89426983E-03
 1.16876903E+00  4.11648023E-03
 1.16823230E+00  1.27753402E-02
 1.15040454E+00  1.48801469E-02
 1.12229005E+00  1.08701868E-02
 1.09438492E+00  3.14439504E-03
 1.08161715E+00 -2.31565057E-03
 1.09363443E+00 -2.55474451E-03
 1.12752031E+00  8.24091072E-04
 1.17033924E+00  6.05128986E-03
 1.20061629E+00  9.61811863E-03
 1.20386406E+00  9.64913180E-03
 1.17941578E+00  7.82072021E-03
 1.14017727E+00  5.74791410E-03
 1.11169903E+00  5.59967205E-03
 1.10919902E+00  8.28423685E-03
 1.13151259E+00  1.14855818E-02
 1.16513060E+00  1.13266734E-02
 1.18291398E+00  3.40250745E-03
 1.17004807E+00 -1.30849211E-02
 1.13080537E+00 -3.22802341E-02
 1.07977194E+00 -4.02455566E-02
 1.04468214E+00 -2.43537024E-02
 1.04216237E+00  1.27656745E-03
 1.06962293E+00  1.09324006E-02
 1.11582362E+00  1.23544359E-02
 1.15731505E+00  2.24664040E-02
 1.17859969E+00  2.18041526E-02
 1.17956299E+00 -8.60496411E-03
 1.16372579E+00 -4.08458403E-02
 1.14290072E+00 -4.08335326E-02
 1.12445617E+00 -2.32590942E-02
 1.10687266E+00 -1.49848151E-02
 1.09420198E+00 -3.01332091E-03
 1.09039703E+00  2.71782695E-02
 1.09931487E+00  5.10275497E-02
 1.12633985E+00  4.44957913E-02
 1.16369528E+00  2.18994921E-02
 1.19477161E+00  6.19700557E-03
 1.20823748E+00 -3.72667394E-03
 1.19763707E+00 -1.30433296E-02
 1.16915035E+00 -1.75239171E-02
 1.14155710E+00 -1.85417748E-02
 1.12553353E+00 -1.77916013E-02
 1.12346473E+00 -1.15943965E-02
 1.13317312E+00 -1.40737520E-03
 1.14353948E+00  8.28859777E-03
 1.14975611E+00  1.41769666E-02
 1.15447478E+00  1.26928504E-02
 1.15598170E+00  5.70672023E-03
 1.15398620E+00 -1.73249174E-04
 1.14737532E+00 -1.68492740E-03
 1.13250118E+00  1.94862356E-03
 1.11509539E+00  8.91539658E-03
 1.10622256E+00  1.34925044E-02
 1.11207301E+00  1.31385383E-02
 1.13453719E+00  8.83658020E-03
 1.16471973E+00  1.58263864E-03
 1.18413870E+00 -5.64468135E-03
 1.18220259E+00 -1.10117510E-02
 1.15804986E+00 -1.49116210E-02
 1.12082780E+00 -1.60662234E-02
 1.09095730E+00 -1.31512074E-02
 1.08090518E+00 -5.72957916E-03
 1.09165829E+00  6.22708554E-03
 1.11779890E+00  1.91832806E-02
 1.14422376E+00  2.71936748E-02
 1.16183253E+00  2.64519912E-02
 1.17087601E+00  1.59720167E-02
 1.17115729E+00 -1.39724509E-04
 1.16674174E+00 -1.32019298E-02
 1.15921936E+00 -1.75659048E-02
 1.14559738E+00 -1.18224919E-02
 1.13045200E+00  1.05265711E-03
 1.12139309E+00  1.29991845E-02
 1.12385594E+00  1.92202141E-02
 1.14199516E+00  1.92579820E-02
 1.16917978E+00  1.37757001E-02
 1.19016435E+00  6.60879759E-03
 1.19559865E+00 -4.10941564E-04
 1.18219365E+00 -8.27902156E-03
 1.15507019E+00 -1.51771322E-02
 1.12914441E+00 -1.89137707E-02
 1.11302996E+00 -1.75887722E-02
 1.10803152E+00 -9.02549054E-03
 1.11371158E+00  4.04116580E-03
 1.12380460E+00  1.53660034E-02
 1.13568680E+00  2.08923585E-02
 1.15166528E+00  1.84975271E-02
 1.16884111E+00  9.96816000E-03
 1.18335474E+00  1.38247451E-03
 1.19125076E+00 -3.93809348E-03
 1.18713788E+00 -5.50856503E-03
 1.17289522E+00 -3.65329460E-03
 1.15590782E+00 -1.22873371E-03
 1.14098249E+00  7.52764674E-04
 1.13188674E+00  3.55951670E-03
 1.12938959E+00  6.45583252E-03
 1.12975313E+00  8.55149496E-03
 1.13229336E+00  8.91070203E-03
 1.13818883E+00  5.88828145E-03
 1.14572597E+00  7.48894391E-04
 1.15330345E+00 -3.24101037E-03
 1.15853785E+00 -4.22946900E-03
 1.15824913E+00 -1.30505696E-03
 1.15425949E+00  4.34667314E-03
 1.15155520E+00  9.19877423E-03
 1.15287618E+00  1.14681723E-02
 1.15941665E+00  1.11795539E-02
 1.16906685E+00  9.10943511E-03
 1.17602361E+00  7.59718570E-03
 1.17743923E+00  7.65973596E-03
 1.17338841E+00  8.41261541E-03
 1.16463913E+00  8.94624003E-03
 1.15440659E+00  7.74548023E-03
 1.14479408E+00  4.34200538E-03
 1.13621417E+00  3.08233279E-04
 1.13112690E+00 -1.99749286E-03
 1.13203742E+00  3.11801645E-04
 1.14030932E+00  8.45312003E-03
 1.15605382E+00  2.03370027E-02
 1.17417109E+00  3.01825981E-02
 1.18605059E+00  3.01183249E-02
 1.18600791E+00  1.65855208E-02
 1.17253116E+00 -6.50793013E-03
 1.15132045E+00 -2.51298462E-02
 1.13453421E+00 -2.31261969E-02
 1.12986582E+00 -8.10934339E-03
 1.13882444E+00  5.74361571E-04
 1.15689533E+00  9.60013807E-03
 1.17252478E+00  3.01121253E-02
 1.17896847E+00  4.30183980E-02
 1.17599263E+00  2.89004043E-02
 1.16522090E+00  2.41618517E-03
 1.15295964E+00 -1.29226664E-02
 1.14272910E+00 -1.51095955E-02
 1.13383488E+00 -8.10467515E-03
 1.12906770E+00  6.82934965E-03
 1.13111330E+00  1.97643506E-02
 1.14169218E+00  2.33881948E-02
 1.16204600E+00  1.90192573E-02
 1.18512153E+00  8.95768932E-03
 1.19847427E+00 -1.44557473E-03
 1.19422049E+00 -9.00439476E-03
 1.17004715E+00 -1.49140142E-02
 1.13419012E+00 -1.75269898E-02
 1.10464170E+00 -1.50752507E-02
 1.09310196E+00 -6.62183396E-03
 1.10306643E+00  9.01202190E-03
 1.13058682E+00  2.69786130E-02
 1.16173108E+00  3.83497000E-02
 1.18742136E+00  3.73927038E-02
 1.20463019E+00  2.19338421E-02
 1.20793259E+00 -2.95109463E-03
 1.19539097E+00 -2.51770825E-02
 1.16509137E+00 -3.65591363E-02
 1.11598790E+00 -3.36856039E-02
 1.06215333E+00 -1.69581943E-02
 1.02617654E+00  6.84090891E-03
 1.02427229E+00  3.26787527E-02
 1.06375348E+00  5.69137276E-02
 1.13082681E+00  6.99233508E-02
 1.19311515E+00  6.22304227E-02
 1.22885282E+00  2.97151682E-02
 1.22917855E+00 -2.25343653E-02
 1.19771426E+00 -6.67862393E-02
 1.15557827E+00 -7.05252292E-02
 1.11461622E+00 -4.52777878E-02
 1.07680481E+00 -2.45210629E-02
 1.05145270E+00 -3.95562770E-03
 1.04436850E+00  2.98141854E-02
 1.06246577E+00  6.35045482E-02
 1.11294668E+00  8.38432672E-02
 1.17823880E+00  7.77822337E-02
 1.22639667E+00  3.29957885E-02
 1.23714964E+00 -1.80384888E-02
 1.20416053E+00 -2.72582057E-02
 1.15214699E+00 -1.62866403E-02
 1.12290137E+00 -3.09168195E-02
 1.10660048E+00 -4.66470619E-02
 1.07202679E+00 -2.60565215E-02
 1.05141642E+00  9.45194902E-03
 1.08610127E+00  3.24853534E-02
 1.15029246E+00  4.34343695E-02
 1.20245364E+00  3.96227804E-02
 1.23096072E+00  1.94395720E-02
 1.22809659E+00 -4.24235093E-03
 1.19912056E+00 -2.21441182E-02
 1.16876538E+00 -3.13654267E-02
 1.13078450E+00 -3.02335954E-02
 1.06913179E+00 -2.22980161E-02
 1.02610116E+00 -7.97716824E-03
 1.05092791E+00  1.43993107E-02
 1.11554589E+00  3.69251587E-02
 1.16565693E+00  4.84701310E-02
 1.19460986E+00  4.18982827E-02
 1.20634637E+00  1.52189598E-02
 1.19420394E+00 -1.70911050E-02
 1.17002098E+00 -3.35127285E-02
 1.14193773E+00 -3.88059187E-02
 1.10580169E+00 -4.72874354E-02
 1.07105055E+00 -4.09762543E-02
 1.05120771E+00  1.47301145E-03
 1.05727751E+00  6.13205118E-02
 1.09881295E+00  1.05446483E-01
 1.16216381E+00  1.12637120E-01
 1.21639292E+00  7.10025171E-02
 1.24138911E+00  8.41374180E-03
 1.22758612E+00 -2.31344900E-02
 1.18301116E+00 -3.09487574E-02
 1.13590242E+00 -4.97091144E-02
 1.10216946E+00 -5.94230320E-02
 1.08486438E+00 -3.64746397E-02
 1.08590801E+00 -4.28732700E-03
 1.09675445E+00  1.44766197E-02
 1.11497297E+00  2.48487971E-02
 1.14517772E+00  3.24641343E-02
 1.17639937E+00  3.06407542E-02
 1.19334505E+00  1.94605631E-02
 1.18814187E+00  1.77858944E-02
 1.16143749E+00  4.05174297E-02
 1.14386981E+00  6.68352769E-02
 1.17136296E+00  6.14330251E-02
 1.21101050E+00  2.03195603E-02
 1.20087394E+00 -4.27715083E-02
 1.15139096E+00 -1.12647981E-01
 1.10103135E+00 -1.59570173E-01
 1.05386029E+00 -1.61158753E-01
 1.02165397E+00 -1.17260438E-01
 1.02172892E+00 -4.47435376E-02
 1.04624565E+00  2.32127725E-02
 1.07856231E+00  6.34207202E-02
 1.10555128E+00  7.12250866E-02
 1.13595025E+00  5.44220763E-02
 1.18775075E+00  3.65689393E-02
 1.23290317E+00  3.01104215E-02
 1.23136621E+00  3.11676030E-02
 1.20530962E+00  3.52545942E-02
 1.19562421E+00  3.03682991E-02
 1.19921498E+00  1.17401556E-02
 1.19980368E+00 -1.36543391E-02
 1.18016996E+00 -4.69374707E-02
 1.11711285E+00 -8.33553458E-02
 1.04093808E+00 -9.46799629E-02
 1.01505482E+00 -5.82374516E-02
 1.04082031E+00 -2.25084151E-03
 1.08904481E+00  2.47839279E-02
 1.15076428E+00  2.59399772E-02
 1.20228208E+00  2.46184513E-02
 1.21813442E+00  1.21135507E-02
 1.19988393E+00 -1.54006670E-02
 1.16521394E+00 -4.12244420E-02
 1.13575018E+00 -5.60675351E-02
 1.10107058E+00 -5.81194846E-02
 1.03969020E+00 -4.48054399E-02
 9.96440122E-01 -1.31720833E-02
 1.02948619E+00  3.25337820E-02
 1.10693319E+00  6.74827223E-02
 1.16655921E+00  6.47712676E-02
 1.20300714E+00  3.61942329E-02
 1.22201537E+00  1.30424824E-02
 1.21688095E+00 -7.36033507E-04
 1.20239342E+00 -1.06143842E-02
 1.18893424E+00 -1.53960512E-02
 1.17060843E+00 -2.12375337E-02
 1.14976910E+00 -2.00421409E-02
 1.12949685E+00  4.36316339E-03
 1.11553151E+00  3.03655408E-02
 1.11950168E+00  2.65252654E-02
 1.13841437E+00  8.29569270E-03
 1.15974459E+00  4.67245917E-03
 1.17625884E+00  9.61175661E-03
 1.18177328E+00  1.09902471E-02
 1.17768855E+00  1.21612333E-02
 1.17463086E+00  1.06059222E-02
 1.17534530E+00  2.20378496E-03
 1.17655057E+00 -8.33449414E-03
 1.17532702E+00 -1.67692899E-02
 1.16503408E+00 -1.97578242E-02
 1.14450088E+00 -1.44230967E-02
 1.12056393E+00 -1.92820680E-03
 1.10052908E+00  1.43486204E-02
 1.09362113E+00  2.94481547E-02
 1.10610453E+00  3.87560876E-02
 1.13594995E+00  4.01181962E-02
 1.17393103E+00  3.38214805E-02
 1.20496717E+00  2.26757768E-02
 1.21723214E+00  8.90186638E-03
 1.20675981E+00 -5.95774613E-03
 1.17890141E+00 -1.85811796E-02
 1.14815336E+00 -2.56284993E-02
 1.12440734E+00 -2.40042930E-02
 1.11108528E+00 -1.18710048E-02
 1.10950373E+00  6.35886159E-03
 1.11527211E+00  2.20515891E-02
 1.12737237E+00  2.89871286E-02
 1.14814985E+00  2.41907064E-02
 1.17171333E+00  1.10747233E-02
 1.18936023E+00 -7.96946020E-04
 1.19388757E+00 -6.10431678E-03
 1.17972440E+00 -4.31669559E-03
 1.15414164E+00  2.38816189E-03
 1.13415092E+00  7.26005203E-03
 1.12995238E+00  7.44835600E-03
 1.14473696E+00  5.14160884E-03
 1.17184643E+00  1.90285825E-03
 1.19359941E+00  9.88695333E-04
 1.20077932E+00  3.81787629E-03
 1.19417126E+00  7.98718400E-03
 1.17844092E+00  1.22733143E-02
 1.16600031E+00  1.54080903E-02
 1.16315448E+00  1.61509239E-02
 1.16693768E+00  1.51975434E-02
 1.17493144E+00  1.28691803E-02
 1.18149582E+00  9.30023378E-03
 1.18361194E+00  5.19276899E-03
 1.18444035E+00  9.48311797E-04
 1.18488535E+00 -2.51006646E-03
