# x =
 4.02835193E+01
# y =
 3.25097170E+00
 VARIABLES = u,v
 1.16757843E+00  3.39822138E-02
 1.16303557E+00  3.35577061E-02
 1.17375006E+00  2.26347157E-02
 1.19235247E+00  7.04815907E-03
 1.20025194E+00 -9.14069312E-03
 1.18826180E+00 -2.40838383E-02
 1.15828098E+00 -3.24978260E-02
 1.11798785E+00 -3.20061365E-02
 1.08441053E+00 -2.39505652E-02
 1.06781802E+00 -9.03634248E-03
 1.06806574E+00  1.04263836E-02
 1.08387514E+00  2.90880545E-02
 1.10829931E+00  4.09983798E-02
 1.13608184E+00  4.07069581E-02
 1.16651102E+00  2.56392070E-02
 1.19295700E+00  1.42227641E-03
 1.20745112E+00 -2.04707923E-02
 1.20424352E+00 -3.17640691E-02
 1.17986261E+00 -2.86033893E-02
 1.14380167E+00 -1.39426543E-02
 1.11491949E+00  1.95669807E-03
 1.10579467E+00  1.34148596E-02
 1.12087093E+00  1.96373157E-02
 1.15013987E+00  2.00838346E-02
 1.16997064E+00  1.78340825E-02
 1.16719170E+00  1.33268173E-02
 1.14181325E+00  3.92810238E-03
 1.10429541E+00 -7.33980188E-03
 1.07822026E+00 -1.54237051E-02
 1.07637819E+00 -1.64965804E-02
 1.09637593E+00 -7.19674786E-03
 1.13062334E+00  8.73746883E-03
 1.16173925E+00  2.18816140E-02
 1.17939106E+00  2.67799554E-02
 1.18578317E+00  2.16045174E-02
 1.18358686E+00  9.09247452E-03
 1.18026040E+00 -2.29243706E-03
 1.17982886E+00 -8.23765716E-03
 1.17828885E+00 -9.20679130E-03
 1.17460829E+00 -6.51566268E-03
 1.16784268E+00 -4.63959872E-03
 1.15822880E+00 -5.32612903E-03
 1.15048123E+00 -6.10983076E-03
 1.14612662E+00 -5.68696036E-03
 1.14454607E+00 -2.20135078E-03
 1.14597030E+00  5.01296528E-03
 1.14891259E+00  1.34554988E-02
 1.15266006E+00  2.09809393E-02
 1.15784516E+00  2.54345406E-02
 1.16355355E+00  2.49511951E-02
 1.16866991E+00  1.98520095E-02
 1.17293546E+00  1.19026951E-02
 1.17585619E+00  3.89548973E-03
 1.17698059E+00 -1.75035855E-03
 1.17588067E+00 -4.12542093E-03
 1.17107093E+00 -3.99163731E-03
 1.16084279E+00 -3.56953266E-03
 1.14537136E+00 -3.81277232E-03
 1.12712070E+00 -3.93020096E-03
 1.11155448E+00 -2.24978231E-03
 1.10616930E+00  3.86368139E-03
 1.11569078E+00  1.48943758E-02
 1.14001815E+00  2.81642667E-02
 1.17231267E+00  3.88575008E-02
 1.19988660E+00  4.04661985E-02
 1.21291351E+00  2.92047149E-02
 1.20669507E+00  6.40384883E-03
 1.18252361E+00 -2.07358852E-02
 1.14905644E+00 -4.02022031E-02
 1.11327470E+00 -4.33931022E-02
 1.08065589E+00 -2.80717826E-02
 1.06097498E+00  3.99268315E-04
 1.06242743E+00  2.90445688E-02
 1.08908640E+00  4.86778985E-02
 1.13657760E+00  5.57105848E-02
 1.17766678E+00  4.93075616E-02
 1.18280131E+00  3.42375714E-02
 1.17153317E+00  1.28883023E-02
 1.18041313E+00 -1.46981123E-02
 1.18246036E+00 -4.17471421E-02
 1.13732062E+00 -5.94770345E-02
 1.08031407E+00 -6.02041708E-02
 1.06097028E+00 -3.81580143E-02
 1.06497102E+00  1.20294003E-04
 1.06846245E+00  3.85305808E-02
 1.08726264E+00  6.54123443E-02
 1.13245148E+00  7.34454810E-02
 1.18586853E+00  6.23471349E-02
 1.22843870E+00  4.12223629E-02
 1.24820051E+00  1.44638177E-02
 1.23396376E+00 -1.68670781E-02
 1.18993954E+00 -4.61093856E-02
 1.13579083E+00 -6.68650020E-02
 1.08509354E+00 -7.11763562E-02
 1.04688277E+00 -5.03558459E-02
 1.02874684E+00 -8.05021898E-03
 1.03028953E+00  4.26291331E-02
 1.05456930E+00  8.86553698E-02
 1.10452817E+00  1.14054940E-01
 1.16487550E+00  1.02234836E-01
 1.21228167E+00  5.09187800E-02
 1.23004877E+00 -1.04774609E-02
 1.21180140E+00 -4.18676337E-02
 1.18025826E+00 -4.78488031E-02
 1.16736463E+00 -5.66245995E-02
 1.14631340E+00 -6.26015071E-02
 1.07431195E+00 -5.21673979E-02
 1.00053963E+00 -2.15683773E-02
 9.98789846E-01  3.75851927E-02
 1.04911353E+00  1.05201219E-01
 1.10436689E+00  1.37122773E-01
 1.16443442E+00  1.13873446E-01
 1.21873169E+00  4.00064180E-02
 1.22748484E+00 -4.65774218E-02
 1.17789679E+00 -8.64259826E-02
 1.11548140E+00 -8.43205984E-02
 1.09504687E+00 -8.32868561E-02
 1.08784014E+00 -7.08186888E-02
 1.03860243E+00 -2.80854521E-02
 9.98722184E-01  1.97671788E-02
 1.04049610E+00  5.09783976E-02
 1.12301698E+00  5.72050119E-02
 1.17840502E+00  3.05284510E-02
 1.20021530E+00 -1.22194037E-02
 1.18982494E+00 -3.76944469E-02
 1.15539837E+00 -3.94915543E-02
 1.13088337E+00 -2.94845186E-02
 1.10421042E+00 -1.60221446E-02
 1.04244753E+00 -9.32943420E-03
 9.94951028E-01  5.26964434E-03
 1.02608364E+00  5.45042398E-02
 1.10164527E+00  1.06579311E-01
 1.15877537E+00  1.09169104E-01
 1.19491801E+00  7.44621068E-02
 1.21655460E+00  3.73022462E-02
 1.21439629E+00  4.65906871E-03
 1.19975621E+00 -1.45673085E-02
 1.18096370E+00 -1.95528331E-02
 1.15211850E+00 -2.81635717E-02
 1.11994613E+00 -2.93411167E-02
 1.09515165E+00 -2.07544929E-03
 1.08724528E+00  2.77219895E-02
 1.10659620E+00  2.64571647E-02
 1.14356262E+00  9.68500856E-03
 1.17393526E+00  4.58396630E-03
 1.18353527E+00  4.52366149E-03
 1.16684796E+00 -1.01543127E-03
 1.13336392E+00 -5.31164839E-03
 1.10913423E+00 -6.17612806E-03
 1.10704377E+00 -4.48208231E-03
 1.12522601E+00  3.81905122E-03
 1.15522885E+00  1.50500970E-02
 1.17637792E+00  1.97248395E-02
 1.17754275E+00  1.31247166E-02
 1.16191743E+00 -5.73151061E-03
 1.13314561E+00 -2.97395081E-02
 1.10142776E+00 -4.40704853E-02
 1.07425422E+00 -4.04723944E-02
 1.05177529E+00 -1.87707661E-02
 1.04030960E+00  1.37114505E-02
 1.04679375E+00  4.08433723E-02
 1.07461310E+00  5.23856876E-02
 1.12431412E+00  4.70107006E-02
 1.18094592E+00  2.81770363E-02
 1.21890157E+00  6.87141975E-03
 1.22119520E+00 -9.86633728E-03
 1.18275383E+00 -2.12475436E-02
 1.11993706E+00 -2.46999412E-02
 1.06848665E+00 -2.02390829E-02
 1.05126491E+00 -7.67043047E-03
 1.07362238E+00  1.37619851E-02
 1.12399682E+00  3.43468979E-02
 1.17032020E+00  3.94682136E-02
 1.19366408E+00  2.16119949E-02
 1.19235626E+00 -1.70109470E-02
 1.16716096E+00 -5.35510472E-02
 1.13077968E+00 -5.77665233E-02
 1.09038615E+00 -3.87100014E-02
 1.04520793E+00 -2.43253362E-02
 1.01116541E+00 -3.53455124E-03
 1.00801377E+00  3.85731786E-02
 1.04543906E+00  7.11745294E-02
 1.12036267E+00  6.31534356E-02
 1.19057589E+00  3.28407088E-02
 1.20306622E+00  1.16571190E-02
 1.17991242E+00 -7.67575537E-04
 1.17428394E+00 -1.12095517E-02
 1.15854094E+00 -1.41934111E-02
 1.09403626E+00 -1.20345684E-02
 1.03756132E+00 -7.45998801E-03
 1.05277552E+00  3.88232197E-03
 1.10583846E+00  1.84603458E-02
 1.13964202E+00  2.83986142E-02
 1.15919865E+00  2.83146894E-02
 1.17752436E+00  1.39449934E-02
 1.18073580E+00 -8.83146495E-03
 1.16837530E+00 -2.56957022E-02
 1.14441279E+00 -2.84237183E-02
 1.10471157E+00 -1.47303054E-02
 1.06502339E+00  1.03600207E-02
 1.05209665E+00  3.28044338E-02
 1.07923873E+00  4.44589914E-02
 1.14346372E+00  4.41830025E-02
 1.20535362E+00  3.21737988E-02
 1.21230263E+00  1.41265513E-02
 1.18303121E+00 -6.49080469E-03
 1.16843270E+00 -2.94216388E-02
 1.14326862E+00 -4.78165671E-02
 1.07245635E+00 -5.31625771E-02
 1.00835583E+00 -3.95097909E-02
 1.00895842E+00 -4.06189370E-03
 1.04791334E+00  4.26425937E-02
 1.08028151E+00  8.01354588E-02
 1.11420907E+00  9.43066666E-02
 1.16122493E+00  7.91488609E-02
 1.20131041E+00  4.16311756E-02
 1.22028270E+00  2.36481068E-03
 1.21154716E+00 -2.56720991E-02
 1.16632075E+00 -3.84481079E-02
 1.09968878E+00 -3.51456419E-02
 1.04522679E+00 -2.36810129E-02
 1.02548003E+00 -7.33678619E-03
 1.05079309E+00  1.54681034E-02
 1.10857633E+00  3.59585478E-02
 1.16261519E+00  4.31667898E-02
 1.19169609E+00  3.00667109E-02
 1.19117512E+00 -5.13094296E-03
 1.16389951E+00 -4.22514282E-02
 1.12926836E+00 -5.23735693E-02
 1.09702270E+00 -3.96114375E-02
 1.06551273E+00 -2.37234402E-02
 1.04606107E+00  1.86111004E-03
 1.04950889E+00  4.22845744E-02
 1.08151794E+00  6.96315435E-02
 1.14172105E+00  5.85917544E-02
 1.19591101E+00  2.49714543E-02
 1.20153707E+00 -1.54853595E-03
 1.17706316E+00 -1.86632185E-02
 1.16461712E+00 -3.16425221E-02
 1.14367915E+00 -3.45733670E-02
 1.08647331E+00 -2.88698447E-02
 1.04070853E+00 -1.74616862E-02
 1.05812460E+00  9.20400142E-04
 1.10745842E+00  1.46860562E-02
 1.13552680E+00  1.16006477E-02
 1.14336226E+00  5.59020614E-03
 1.14377404E+00  1.60044797E-02
 1.13459730E+00  2.79305152E-02
 1.12975643E+00  1.85265088E-02
 1.13944278E+00  4.87061938E-03
 1.15574072E+00  1.13865991E-02
 1.17292081E+00  2.38302322E-02
 1.18356456E+00  2.08507058E-02
 1.18255487E+00  6.36125028E-03
 1.17310151E+00 -1.27148031E-02
 1.15464172E+00 -3.48222417E-02
 1.12607190E+00 -5.06087073E-02
 1.08975116E+00 -5.20027812E-02
 1.04863110E+00 -3.90037631E-02
 1.01355014E+00 -1.54718128E-02
 1.00065082E+00  1.02962297E-02
 1.01957661E+00  3.15836004E-02
 1.07114156E+00  4.52862402E-02
 1.14070750E+00  4.82032429E-02
 1.20021069E+00  3.96176408E-02
 1.22917958E+00  1.92346391E-02
 1.21913454E+00 -1.23119086E-02
 1.17658923E+00 -4.60968044E-02
 1.12490695E+00 -6.86754607E-02
 1.07975702E+00 -6.98213223E-02
 1.04736550E+00 -4.47180052E-02
 1.03415246E+00 -2.12211264E-03
 1.03867921E+00  3.77502753E-02
 1.06299208E+00  6.09006839E-02
 1.11116852E+00  6.11174571E-02
 1.16718018E+00  4.09256205E-02
 1.20528286E+00  1.42959830E-02
 1.20615053E+00 -1.09288532E-02
 1.15902997E+00 -3.31086751E-02
 1.08154039E+00 -4.62846633E-02
 1.01493568E+00 -4.72245122E-02
 9.85386208E-01 -3.19585401E-02
 1.00219031E+00  3.36720190E-03
 1.05639234E+00  4.60119448E-02
 1.11535598E+00  7.40283802E-02
 1.16114674E+00  7.40486626E-02
 1.19245502E+00  4.34861406E-02
 1.20483855E+00  2.84889576E-03
 1.20298311E+00 -1.56587039E-02
 1.18575893E+00 -1.91322810E-02
 1.14403489E+00 -3.27335141E-02
 1.08939598E+00 -3.87000635E-02
 1.04339818E+00 -1.41993498E-02
 1.02258928E+00  1.80738129E-02
 1.04087222E+00  3.15959784E-02
 1.09018762E+00  3.55976772E-02
 1.14265533E+00  4.32033742E-02
 1.18136928E+00  4.21627431E-02
 1.19796322E+00  2.08974542E-02
 1.19054129E+00 -9.96565433E-03
 1.17102366E+00 -3.60847770E-02
 1.14308204E+00 -5.01222552E-02
 1.10385804E+00 -4.52999708E-02
 1.06378315E+00 -2.36089099E-02
 1.03571384E+00  2.31625346E-03
 1.03129360E+00  2.50013626E-02
 1.06066418E+00  4.07170624E-02
 1.11149037E+00  4.44441592E-02
 1.15531510E+00  3.57789850E-02
 1.17440915E+00  1.44763428E-02
 1.16161242E+00 -1.71559634E-02
 1.12693236E+00 -4.08383541E-02
 1.09911358E+00 -3.71200798E-02
 1.09248462E+00 -1.60961230E-02
 1.10508532E+00 -1.38490525E-03
 1.12854575E+00  5.94457306E-03
 1.14183527E+00  1.23238998E-02
 1.13560441E+00  1.50959035E-02
 1.11770583E+00  1.69149780E-02
 1.09711292E+00  1.90522264E-02
 1.08912385E+00  1.83449795E-02
 1.10196856E+00  2.60814788E-02
 1.12864933E+00  4.83578428E-02
 1.15834484E+00  4.38143053E-02
 1.17465212E+00 -3.26645342E-02
 1.16528361E+00 -1.37143088E-01
 1.12973118E+00 -1.90041570E-01
 1.07402492E+00 -1.91763909E-01
 1.01209086E+00 -1.70235180E-01
 9.56584883E-01 -1.16973301E-01
 9.15604649E-01 -3.63001993E-02
 8.99747847E-01  6.04337179E-02
 9.15008892E-01  1.70708152E-01
 9.58638574E-01  2.48530379E-01
 1.01327925E+00  2.38358681E-01
 1.02772195E+00  1.66791739E-01
 9.56646099E-01  9.75064988E-02
 8.54509882E-01  4.40903258E-02
 8.20567867E-01  9.14673681E-03
 8.52492204E-01  1.29261322E-02
 9.05071430E-01  4.53741947E-02
 9.87004748E-01  6.02346318E-02
 1.08483363E+00  2.11404689E-02
 1.13261109E+00 -3.93210191E-02
 1.09278013E+00 -5.98914921E-02
 1.01685928E+00 -6.45100993E-02
 9.83491678E-01 -1.04693398E-01
 9.68636910E-01 -1.49759215E-01
 9.09937108E-01 -1.55804247E-01
 8.40351917E-01 -1.24889732E-01
 8.11832668E-01 -5.94460730E-02
 8.30574831E-01  3.25310286E-02
 9.06317150E-01  1.16899737E-01
 1.02387596E+00  1.65104332E-01
 1.12926006E+00  1.61184059E-01
 1.19444284E+00  9.75871710E-02
 1.20436285E+00 -1.48555810E-02
 1.12088844E+00 -1.58906619E-01
 9.39601544E-01 -3.03092627E-01
 7.53195673E-01 -3.74716120E-01
 6.73207529E-01 -3.17353407E-01
 6.74538914E-01 -2.03528713E-01
 6.68718945E-01 -1.54589353E-01
 6.76927628E-01 -1.40947223E-01
 7.41993878E-01 -7.58378303E-02
 8.37693827E-01  3.95467258E-03
 9.46671294E-01  4.67338981E-02
 1.05096047E+00  6.55662081E-02
 1.11191782E+00  6.10140440E-02
 1.14327333E+00  4.21538078E-02
 1.18361166E+00  4.50890203E-02
 1.20875137E+00  6.43357332E-02
 1.18178587E+00  6.92097401E-02
 1.12966413E+00  5.81854278E-02
 1.09056026E+00  3.48595941E-02
 1.06208723E+00 -7.02734412E-04
 1.04021861E+00 -3.12343963E-02
 1.03704366E+00 -3.67709964E-02
 1.05388197E+00 -1.30979112E-02
 1.07994919E+00  8.77137751E-03
 1.10417357E+00 -1.16357940E-02
 1.11422667E+00 -4.22816633E-02
 1.10215291E+00 -2.63537626E-02
 1.08002762E+00 -3.00133291E-03
 1.07094977E+00 -2.62217658E-02
 1.07977049E+00 -2.99285497E-02
 1.08871944E+00  5.70012142E-02
 1.05043390E+00  1.43639927E-01
 9.22378928E-01  1.12624063E-01
 7.77759548E-01  3.31108070E-02
 7.41969569E-01  2.34993011E-02
 8.03358927E-01  4.82042261E-02
 8.82699189E-01  4.41481719E-02
 9.53408724E-01  3.52651494E-02
 9.81250889E-01  3.68584267E-02
 9.62090858E-01  4.86775689E-02
 9.58701536E-01  9.30380931E-02
 1.00274409E+00  1.51040010E-01
 1.08774120E+00  1.74316198E-01
 1.16604004E+00  1.60532141E-01
 1.16452808E+00  1.26810567E-01
 1.13824590E+00  7.85099685E-02
 1.17626273E+00  3.09044894E-02
 1.13025052E+00 -1.21388168E-02
 8.40773921E-01 -5.93388342E-02
 5.66679475E-01 -8.45764758E-02
 6.54740485E-01 -5.64510309E-02
 9.37000323E-01 -3.86185473E-04
 1.07533163E+00  3.77546358E-02
 1.10990116E+00  4.66120240E-02
 1.14794755E+00  2.96426273E-02
 1.14015305E+00  2.86701618E-03
 1.12184219E+00 -1.04804953E-03
 1.14712860E+00  8.88216796E-03
 1.17955612E+00 -1.21419423E-03
 1.19497798E+00 -1.38393621E-02
 1.18067960E+00 -1.73944708E-03
 1.14594188E+00  1.34051165E-02
 1.13437801E+00  8.44648744E-03
 1.14283896E+00 -1.63956769E-03
 1.14478312E+00  4.71441175E-04
 1.14645205E+00  5.57854292E-03
 1.14997996E+00  2.42137528E-03
 1.14714005E+00 -4.00894465E-03
 1.14114255E+00 -8.87182079E-03
 1.13346729E+00 -1.23480600E-02
 1.12192979E+00 -1.04471957E-02
 1.10999920E+00  1.50913584E-03
 1.10249431E+00  2.50134861E-02
 1.10421702E+00  6.00856558E-02
 1.11964936E+00  1.02020775E-01
 1.14589905E+00  1.36515728E-01
 1.17404796E+00  1.44887414E-01
 1.19662558E+00  1.16267802E-01
 1.20523023E+00  5.31895424E-02
 1.18860191E+00 -1.97817199E-02
 1.13924269E+00 -6.75501926E-02
 1.05852030E+00 -8.75964595E-02
 9.64102073E-01 -9.51119793E-02
 9.04714724E-01 -7.48853243E-02
 9.30495479E-01 -1.34791521E-02
 1.01929108E+00  5.99483674E-02
 1.10586577E+00  1.07428146E-01
 1.16976922E+00  1.14153270E-01
 1.20717024E+00  7.99090481E-02
 1.20828378E+00  2.90171074E-02
 1.19100434E+00  3.16580337E-03
 1.17056094E+00  1.58931134E-03
 1.14780282E+00 -3.20713453E-03
 1.13215270E+00 -3.47229224E-03
 1.12937935E+00  1.18695190E-02
 1.14491683E+00  2.82647149E-02
 1.18180484E+00  3.57737007E-02
 1.21117653E+00  3.04560310E-02
 1.19765695E+00  8.12596363E-03
 1.15752251E+00 -1.76935155E-02
 1.12801388E+00 -2.59407950E-02
 1.10290568E+00 -2.10996532E-02
 1.06773626E+00 -1.81114013E-02
 1.04225440E+00 -8.31463230E-03
 1.04537104E+00  1.72519803E-02
 1.08000624E+00  3.86568765E-02
 1.14269837E+00  3.52663234E-02
 1.19999571E+00  1.78409131E-02
 1.20810136E+00  5.61397532E-03
 1.18472159E+00 -4.99358834E-03
 1.17376268E+00 -2.12979735E-02
 1.15428249E+00 -3.59292456E-02
 1.09686366E+00 -4.30492467E-02
 1.04863826E+00 -4.11962586E-02
 1.06109483E+00 -2.70349759E-02
 1.10529034E+00 -4.75297133E-03
 1.13228382E+00  1.46818820E-02
 1.14449990E+00  2.41423501E-02
 1.15324532E+00  2.03653492E-02
 1.15198613E+00  7.03245907E-03
 1.14746604E+00 -4.73538659E-03
 1.14558793E+00 -8.96348139E-03
 1.13928175E+00 -5.44129135E-03
 1.12968496E+00  3.23674650E-03
 1.12164994E+00  9.26974348E-03
 1.11884005E+00  9.24303005E-03
 1.12736014E+00  5.63178877E-03
 1.14371325E+00  2.33957256E-04
 1.15679509E+00 -3.17727160E-03
 1.16102574E+00 -2.75350923E-03
 1.15418714E+00 -8.63736422E-04
 1.13960021E+00  1.59503563E-03
 1.12791245E+00  3.77391812E-03
 1.12433378E+00  4.80201868E-03
 1.12836846E+00  5.82893514E-03
 1.13842587E+00  7.22245209E-03
 1.14867724E+00  8.70062867E-03
 1.15613468E+00  1.02844656E-02
 1.16229899E+00  1.11687618E-02
 1.16670995E+00  1.04577051E-02
 1.16940438E+00  7.63897848E-03
 1.16967692E+00  2.52969798E-03
 1.16437730E+00 -4.04379005E-03
 1.15290070E+00 -9.93212754E-03
 1.13656451E+00 -1.23205954E-02
 1.11719348E+00 -9.35905401E-03
 1.09905520E+00 -1.02685368E-03
 1.08773343E+00  9.94932520E-03
 1.08844165E+00  1.86137129E-02
 1.10447100E+00  2.14084307E-02
 1.13417678E+00  1.70923842E-02
 1.16735798E+00  7.15856079E-03
 1.18833506E+00 -3.88880133E-03
 1.18613222E+00 -1.29044512E-02
 1.15829239E+00 -1.84980002E-02
 1.11585340E+00 -1.92803688E-02
 1.08148829E+00 -1.54179098E-02
 1.07011572E+00 -6.84996191E-03
 1.08539602E+00  6.29301571E-03
 1.11999824E+00  1.94656348E-02
 1.15354169E+00  2.59869929E-02
 1.17345725E+00  2.11693058E-02
 1.17743016E+00  3.38538511E-03
 1.16381635E+00 -2.14648795E-02
 1.13821543E+00 -4.13905770E-02
 1.10406361E+00 -4.84119921E-02
 1.06213594E+00 -3.98400525E-02
 1.02755651E+00 -1.94183046E-02
 1.02024902E+00  1.79830502E-03
 1.05056914E+00  1.70310762E-02
 1.11539710E+00  2.47689643E-02
 1.17892394E+00  2.43602110E-02
 1.19541674E+00  1.92074610E-02
 1.18177173E+00  1.03597824E-02
 1.18228012E+00 -4.02244035E-03
 1.17412189E+00 -2.02229300E-02
 1.12544282E+00 -3.26633001E-02
 1.08262231E+00 -3.67917456E-02
 1.09621858E+00 -2.87492730E-02
 1.13602001E+00 -1.28107962E-02
 1.15287116E+00  5.14986210E-04
 1.15080764E+00  5.03260908E-03
 1.14386788E+00 -1.18369770E-03
 1.12778860E+00 -1.39207978E-02
 1.11154460E+00 -2.21044689E-02
 1.10395515E+00 -2.02122810E-02
 1.09998337E+00 -9.27892656E-03
 1.10039588E+00  6.80932769E-03
 1.10785554E+00  1.89979529E-02
 1.12303489E+00  2.22242520E-02
 1.14807857E+00  1.76020025E-02
 1.17508445E+00  6.53950883E-03
 1.18913570E+00 -6.68972897E-03
 1.18161382E+00 -1.89034396E-02
 1.15014443E+00 -2.99612807E-02
 1.10448893E+00 -3.69370456E-02
 1.06615190E+00 -3.65096161E-02
 1.04928313E+00 -2.67762800E-02
 1.05841832E+00 -6.99151345E-03
 1.08909854E+00  1.68902615E-02
 1.12488513E+00  3.41708329E-02
 1.15498819E+00  3.75283059E-02
 1.17573921E+00  2.41779457E-02
 1.18111727E+00 -3.61836199E-04
 1.16964897E+00 -2.27120996E-02
 1.13982742E+00 -3.42831420E-02
 1.09134426E+00 -3.25990227E-02
 1.04209774E+00 -2.00904084E-02
 1.01890750E+00 -6.16819884E-03
 1.03741158E+00  4.17037448E-03
 1.09696682E+00  1.13133965E-02
 1.16310970E+00  1.40060111E-02
 1.18698027E+00  1.31994728E-02
 1.17798282E+00  8.35058449E-03
 1.17407954E+00 -3.41608847E-03
 1.15597324E+00 -1.82053218E-02
 1.10026639E+00 -2.86844640E-02
 1.05001010E+00 -2.99200449E-02
 1.04972960E+00 -1.87949831E-02
 1.07839645E+00  1.36754290E-04
 1.09945073E+00  1.55867527E-02
 1.11991749E+00  2.10121742E-02
 1.15182665E+00  1.47991643E-02
 1.17958387E+00  1.91380084E-04
 1.19102635E+00 -1.31247297E-02
 1.18095422E+00 -1.99455907E-02
 1.14214518E+00 -2.06130434E-02
 1.08802160E+00 -1.60545480E-02
 1.04811472E+00 -1.06256828E-02
 1.04081033E+00 -6.30764564E-03
 1.07249282E+00 -1.25779427E-03
 1.12902659E+00  3.47401102E-03
 1.17546999E+00  6.48579330E-03
 1.19167717E+00  6.53105174E-03
 1.17546427E+00  1.28876303E-03
 1.13629724E+00 -7.40493419E-03
 1.10117748E+00 -1.47387034E-02
 1.08461481E+00 -1.78372577E-02
 1.08376480E+00 -1.50980850E-02
 1.09567245E+00 -8.00600270E-03
 1.10916136E+00 -1.50005245E-03
 1.11927136E+00  1.89483694E-03
 1.13252377E+00  2.07003961E-03
 1.14745120E+00 -1.64257900E-04
 1.16084156E+00 -1.82105115E-03
 1.16951071E+00 -1.71481011E-03
 1.16572384E+00 -1.08349896E-03
 1.15032703E+00 -6.15590444E-04
 1.13101314E+00 -1.55980702E-03
 1.11225070E+00 -4.27402752E-03
 1.09879836E+00 -7.14455787E-03
 1.09322540E+00 -8.81801375E-03
 1.09346865E+00 -7.93472111E-03
 1.10042430E+00 -3.60551582E-03
 1.11581006E+00  3.31756971E-03
 1.13654665E+00  1.06929828E-02
 1.15817679E+00  1.55462347E-02
 1.17557283E+00  1.56713391E-02
 1.18299711E+00  1.07815875E-02
 1.17967286E+00  3.08646496E-03
 1.16898541E+00 -3.15202493E-03
 1.15306748E+00 -5.08098460E-03
 1.13471811E+00 -2.10987113E-03
 1.11862850E+00  4.14281185E-03
 1.10883899E+00  9.61054883E-03
 1.10977716E+00  1.18671346E-02
 1.12401201E+00  1.07363661E-02
 1.14573714E+00  6.63400877E-03
 1.16391498E+00  1.58940702E-03
 1.17071421E+00 -3.26621811E-03
 1.16274615E+00 -8.11456091E-03
 1.14535755E+00 -1.15751761E-02
 1.13198873E+00 -1.20594403E-02
 1.12993926E+00 -8.47476329E-03
 1.13939607E+00 -1.62177593E-04
 1.15590332E+00  1.01995355E-02
 1.16811974E+00  1.76059981E-02
 1.17019403E+00  1.87997285E-02
 1.16373502E+00  1.26512755E-02
 1.15075345E+00  1.74842355E-03
 1.13696343E+00 -7.71589357E-03
 1.12586409E+00 -1.19252804E-02
 1.11633629E+00 -1.00734898E-02
 1.11016854E+00 -3.60115410E-03
 1.10925773E+00  2.85471277E-03
 1.11462853E+00  6.77959134E-03
 1.12768620E+00  8.45329989E-03
 1.14414380E+00  7.88886326E-03
 1.15590693E+00  6.94766215E-03
 1.15810264E+00  8.16311701E-03
 1.14950988E+00  1.49165521E-02
 1.13632740E+00  3.63656160E-02
 1.13099615E+00  7.63103286E-02
 1.13967355E+00  1.09928503E-01
 1.15998574E+00  1.00549302E-01
 1.17996129E+00  4.17224569E-02
 1.17911713E+00 -4.64908617E-02
 1.14689129E+00 -1.23356288E-01
 1.08783001E+00 -1.37856308E-01
 1.02149736E+00 -9.78287710E-02
 9.81152568E-01 -5.38291966E-02
 9.87588048E-01 -1.44232387E-02
 1.04078385E+00  2.15328740E-02
 1.12046048E+00  3.29996534E-02
 1.18613729E+00  1.94142596E-02
 1.21096348E+00 -3.26365847E-04
 1.19055970E+00 -1.09084156E-02
 1.13716560E+00 -1.11106872E-02
 1.08384104E+00 -1.00150789E-02
 1.05111750E+00 -7.99586531E-03
 1.04072216E+00 -1.68387694E-03
 1.05291877E+00  1.34444750E-02
 1.07704727E+00  4.29153022E-02
 1.10868803E+00  6.56593967E-02
 1.15285400E+00  5.16629034E-02
 1.19767195E+00  1.57996225E-02
 1.22518401E+00 -8.66330231E-03
 1.22171300E+00 -2.21004935E-02
 1.17670790E+00 -3.21570068E-02
 1.10535569E+00 -3.23621889E-02
 1.04314913E+00 -2.43196516E-02
 1.01292927E+00 -1.15761781E-02
 1.02479797E+00  8.59038119E-03
 1.07046433E+00  3.11632484E-02
 1.11949061E+00  4.66065498E-02
 1.15497245E+00  4.81004539E-02
 1.17444039E+00  3.08626053E-02
 1.17523079E+00  8.47543785E-04
 1.16506336E+00 -2.68558110E-02
 1.14520715E+00 -4.26236116E-02
 1.10909097E+00 -4.23815952E-02
 1.06757747E+00 -2.88511342E-02
 1.03834163E+00 -1.35843880E-02
 1.03471578E+00 -2.44310722E-03
 1.06705247E+00  4.84274193E-03
 1.12301484E+00  7.68272049E-03
 1.17183148E+00  8.96154548E-03
 1.19495300E+00  8.68590482E-03
 1.18573535E+00  2.93371337E-03
 1.15219949E+00 -6.01007522E-03
 1.12078431E+00 -1.33613107E-02
 1.10488078E+00 -1.56932488E-02
 1.10304367E+00 -9.46800754E-03
 1.11233127E+00  2.48850040E-03
 1.12030887E+00  1.19798137E-02
 1.12228786E+00  1.47635725E-02
 1.12528333E+00  9.77035924E-03
 1.12924988E+00 -7.02162250E-04
 1.13379273E+00 -9.55825741E-03
 1.13784410E+00 -1.33198510E-02
 1.13498535E+00 -1.26885245E-02
 1.12653139E+00 -8.67907998E-03
 1.11910944E+00 -4.76852710E-03
 1.11557040E+00 -2.58855921E-03
 1.11821927E+00 -5.64565872E-04
 1.12519602E+00  1.56415822E-03
 1.12954767E+00  4.23817752E-03
 1.12905568E+00  7.48296087E-03
 1.12586573E+00  9.55273703E-03
 1.12438308E+00  9.97994716E-03
 1.13236968E+00  9.04720065E-03
 1.15256468E+00  6.49915216E-03
 1.17986753E+00  2.45711753E-03
 1.20299098E+00 -3.67819174E-03
 1.20543019E+00 -1.29731572E-02
 1.17714575E+00 -2.46849153E-02
 1.12007935E+00 -3.60043667E-02
 1.04987132E+00 -4.14221458E-02
 9.94063125E-01 -3.39245774E-02
 9.72408573E-01 -1.03028615E-02
 9.90861583E-01  2.63367794E-02
 1.04084969E+00  6.39183612E-02
 1.09795141E+00  8.42945775E-02
 1.14552568E+00  7.69525197E-02
 1.17804612E+00  4.43530470E-02
 1.19218270E+00  6.97662299E-03
 1.19335296E+00 -7.92657610E-03
 1.18180517E+00 -9.28240384E-03
 1.15220421E+00 -2.32164376E-02
 1.11309834E+00 -3.29170772E-02
 1.07866635E+00 -1.41601385E-02
 1.06169615E+00  9.86408753E-03
 1.07420102E+00  1.15250955E-02
 1.11029615E+00  4.11458355E-03
 1.14933495E+00  6.79790445E-03
 1.17844829E+00  1.09638974E-02
 1.19021249E+00  6.30104708E-03
 1.18335355E+00 -1.34962301E-03
 1.16758930E+00 -7.45372192E-03
 1.14520569E+00 -1.02725625E-02
 1.11299339E+00 -3.17176016E-03
 1.07696007E+00  1.79060786E-02
 1.04417214E+00  5.19054691E-02
 1.02218367E+00  9.52455955E-02
 1.01944130E+00  1.36844747E-01
 1.02972555E+00  1.53459831E-01
 1.03728166E+00  1.26574558E-01
 1.03510679E+00  7.70955056E-02
 1.02451627E+00  4.60287672E-02
 1.02062912E+00  3.89828215E-02
 1.04970614E+00  4.12820771E-02
 1.11877116E+00  4.10421406E-02
 1.20877566E+00  1.87292091E-02
 1.27316297E+00 -1.79771987E-02
 1.25978018E+00 -3.80676536E-02
 1.19398976E+00 -4.60431730E-02
 1.14491564E+00 -5.72791180E-02
 1.10684576E+00 -5.67726062E-02
 1.05212818E+00 -3.38976564E-02
 1.00781030E+00 -6.46132336E-03
 9.96896702E-01  1.15235950E-02
 1.02118616E+00  4.29886791E-02
 1.08605537E+00  1.10979706E-01
 1.16940968E+00  1.71830347E-01
 1.22793312E+00  1.61585239E-01
 1.24675679E+00  8.71986378E-02
 1.22424099E+00 -8.69274155E-03
 1.14186516E+00 -9.03656830E-02
 1.00686669E+00 -1.14537308E-01
 9.01642131E-01 -8.74251086E-02
 9.09631522E-01 -6.32836477E-02
 9.73144002E-01 -5.10871892E-02
 9.79442451E-01 -3.72543749E-02
 9.65200512E-01 -1.98317662E-02
 1.01308973E+00  1.64271235E-02
 1.09121260E+00  5.54021361E-02
 1.15650556E+00  5.62655779E-02
 1.20340859E+00  3.09862668E-02
 1.20759610E+00  1.20209818E-02
 1.17991220E+00 -1.39788156E-03
 1.16570317E+00 -1.07646766E-02
 1.15248771E+00 -9.72823350E-03
 1.10868318E+00 -4.54799060E-03
 1.06036191E+00  9.66567256E-04
 1.04001649E+00  9.92930884E-03
 1.04081414E+00  2.11999171E-02
 1.05389501E+00  3.34305920E-02
 1.08244775E+00  4.31235522E-02
 1.12097532E+00  4.38777262E-02
 1.15903254E+00  3.65230799E-02
 1.18950804E+00  2.63573294E-02
 1.20197178E+00  1.60440061E-02
 1.18788289E+00  8.26736601E-03
 1.15382421E+00  3.77759457E-03
 1.11575685E+00 -6.55374162E-05
 1.08594493E+00 -2.89858403E-03
 1.07294089E+00 -2.76399859E-03
 1.07624445E+00 -5.08496761E-04
 1.08519803E+00  2.78577376E-03
 1.09655396E+00  5.64293032E-03
 1.11253557E+00  5.68676453E-03
 1.13135330E+00  3.51117226E-03
 1.15300645E+00  1.73559010E-03
 1.17345679E+00  1.34266001E-03
 1.18376195E+00  2.59140689E-03
 1.18289716E+00  4.77927517E-03
 1.17423389E+00  5.68065138E-03
 1.15958905E+00  4.87755348E-03
 1.14293692E+00  3.85276990E-03
 1.12690631E+00  4.44472513E-03
 1.11152075E+00  9.24956581E-03
 1.10023187E+00  1.91803836E-02
 1.09730933E+00  3.20584244E-02
 1.10326679E+00  4.30175707E-02
 1.11694969E+00  4.52881311E-02
 1.13526232E+00  3.47148455E-02
 1.15182881E+00  1.21926951E-02
 1.15907766E+00 -1.48299280E-02
 1.15013376E+00 -3.37023767E-02
 1.12149271E+00 -3.59624433E-02
 1.07811814E+00 -2.02464257E-02
 1.03995129E+00  6.41689023E-03
 1.03456350E+00  2.89196005E-02
 1.07563225E+00  3.75973072E-02
 1.15322803E+00  3.09160415E-02
 1.22040154E+00  1.31978005E-02
 1.22033351E+00 -3.50028720E-03
 1.17573024E+00 -1.21985542E-02
 1.14818987E+00 -1.31011473E-02
 1.11469979E+00 -6.40231390E-03
 1.03978341E+00  3.94731722E-03
 9.86773791E-01  1.61393870E-02
 1.02083777E+00  3.19482677E-02
 1.09959468E+00  4.69636577E-02
 1.15295633E+00  5.45096306E-02
 1.17826971E+00  4.99324372E-02
 1.18725784E+00  3.00801569E-02
 1.17223271E+00  1.26027489E-03
 1.14652830E+00 -2.27532120E-02
 1.12199830E+00 -3.31741006E-02
 1.09309025E+00 -2.66556980E-02
 1.06637802E+00 -7.62875028E-03
 1.05240383E+00  1.07025582E-02
 1.05950816E+00  2.07765055E-02
 1.09650750E+00  2.16955775E-02
 1.15012100E+00  1.46890044E-02
 1.19108966E+00  6.52043116E-03
 1.20115516E+00  2.17432807E-04
 1.17259465E+00 -6.17078222E-03
 1.11730186E+00 -1.06756091E-02
 1.06795268E+00 -1.13818856E-02
 1.04342790E+00 -6.48692563E-03
 1.04708661E+00  6.80749930E-03
 1.07471455E+00  2.39846088E-02
 1.10699893E+00  3.57375262E-02
 1.13391743E+00  3.64237900E-02
 1.15748146E+00  2.37530311E-02
 1.17207981E+00  2.63357151E-03
 1.17428055E+00 -1.49156341E-02
 1.16022860E+00 -2.18537545E-02
 1.12367056E+00 -1.69169381E-02
 1.07704007E+00 -3.04339870E-03
 1.04419018E+00  1.06174214E-02
 1.04056361E+00  1.89767525E-02
 1.07321024E+00  2.24077198E-02
 1.12858663E+00  2.10421605E-02
 1.17407359E+00  1.77501811E-02
 1.19056521E+00  1.35787905E-02
 1.17469267E+00  6.42464418E-03
 1.13670272E+00 -1.85716765E-03
 1.10478676E+00 -8.01707943E-03
 1.09407457E+00 -9.61547319E-03
 1.10243834E+00 -4.07213296E-03
 1.12465400E+00  6.16210739E-03
 1.14500363E+00  1.46452340E-02
 1.15545625E+00  1.77090559E-02
 1.16082093E+00  1.40938746E-02
 1.16036792E+00  6.08064531E-03
 1.15464870E+00  1.30557421E-04
 1.14346356E+00 -5.15952060E-04
 1.12154286E+00  3.68392544E-03
 1.09341449E+00  1.09235661E-02
 1.06982455E+00  1.65419746E-02
 1.05794490E+00  1.81109714E-02
 1.06385158E+00  1.66279262E-02
 1.08571750E+00  1.29151595E-02
 1.11309982E+00  9.02847121E-03
 1.13959734E+00  6.17421760E-03
 1.16136311E+00  3.42932420E-03
 1.17433438E+00  8.43012999E-04
 1.17827608E+00 -1.37924449E-03
 1.17088919E+00 -2.94214263E-03
 1.14907774E+00 -2.53870057E-03
 1.11821396E+00  2.39726106E-04
 1.08798832E+00  4.99018650E-03
 1.06703352E+00  1.12621898E-02
 1.06284080E+00  1.77891234E-02
 1.07467694E+00  2.28160994E-02
 1.09413618E+00  2.46592297E-02
 1.11637227E+00  2.19450495E-02
 1.13845649E+00  1.44766439E-02
 1.15679989E+00  4.31770452E-03
 1.17065332E+00 -4.89652601E-03
 1.17629679E+00 -1.03002521E-02
 1.16841067E+00 -1.04566484E-02
 1.14941296E+00 -6.26382890E-03
 1.12583599E+00 -9.31375817E-04
 1.10370745E+00  3.60740186E-03
 1.08961215E+00  6.87033645E-03
 1.08533054E+00  8.75401500E-03
 1.08757494E+00  1.03932774E-02
 1.09588012E+00  1.17284508E-02
 1.11005813E+00  1.13808592E-02
 1.12615523E+00  9.27725521E-03
 1.13994646E+00  5.71181916E-03
 1.14628994E+00  1.36386382E-03
 1.14045537E+00 -2.06322534E-03
 1.12557453E+00 -3.61575796E-03
 1.11017265E+00 -3.01587450E-03
 1.10006262E+00  2.07885484E-04
 1.09894984E+00  5.74412827E-03
 1.10656631E+00  1.20917870E-02
 1.11743002E+00  1.72356016E-02
 1.12950591E+00  1.92873809E-02
 1.14325331E+00  1.71459928E-02
 1.15620343E+00  1.17359054E-02
 1.16627496E+00  5.58944676E-03
 1.17025523E+00  4.09902941E-04
 1.16363021E+00 -3.02809639E-03
 1.14740425E+00 -4.79252872E-03
 1.12640663E+00 -6.17603734E-03
 1.10458836E+00 -7.31654047E-03
 1.08662612E+00 -7.16193951E-03
 1.07641463E+00 -5.08747327E-03
 1.07543085E+00 -3.17016841E-04
 1.08586310E+00  6.97878912E-03
 1.10828522E+00  1.50264900E-02
 1.13675796E+00  2.16839357E-02
 1.16184496E+00  2.44957561E-02
 1.17535192E+00  2.16389203E-02
 1.17180186E+00  1.31665418E-02
 1.15366241E+00  1.43290483E-03
 1.13046121E+00 -9.41377685E-03
 1.10821403E+00 -1.60027024E-02
 1.08963876E+00 -1.67278707E-02
 1.07575060E+00 -1.23777140E-02
 1.06360286E+00 -6.19225526E-03
 1.05456873E+00 -1.60550328E-04
 1.05425341E+00  5.19730210E-03
 1.06509292E+00  9.38922796E-03
 1.08865426E+00  1.29584469E-02
 1.12329964E+00  1.52886112E-02
 1.16134814E+00  1.45482665E-02
 1.19321061E+00  1.07536883E-02
 1.20837784E+00  4.79005143E-03
 1.19847484E+00 -2.14119224E-03
 1.16255871E+00 -7.79005806E-03
 1.11087337E+00 -1.05683937E-02
 1.06212263E+00 -9.76002965E-03
 1.03171834E+00 -4.51972266E-03
 1.02802009E+00  4.84458915E-03
 1.04883809E+00  1.56792779E-02
 1.08073587E+00  2.41053735E-02
 1.11522935E+00  2.67631106E-02
 1.14867795E+00  2.17758317E-02
 1.17470534E+00  1.07657318E-02
 1.19006623E+00 -1.60557407E-03
 1.18870322E+00 -1.19510533E-02
 1.16326403E+00 -1.82283699E-02
 1.12113993E+00 -1.91993584E-02
 1.07851789E+00 -1.56815559E-02
 1.04863169E+00 -7.70869509E-03
 1.04243417E+00  4.82353283E-03
 1.05912406E+00  1.82432945E-02
 1.08573884E+00  2.73290278E-02
 1.11550382E+00  2.79738042E-02
 1.14493674E+00  1.79730804E-02
 1.16702172E+00  1.43455453E-03
 1.17806632E+00 -1.25720931E-02
 1.17191770E+00 -1.81525793E-02
 1.14233035E+00 -1.32021513E-02
 1.09914972E+00 -4.06106089E-04
 1.06156715E+00  1.19856553E-02
 1.04389461E+00  1.93616455E-02
 1.05530179E+00  2.13312715E-02
 1.09011005E+00  1.79882616E-02
 1.12811859E+00  1.24438765E-02
 1.15773173E+00  5.95348959E-03
 1.17508504E+00 -2.72832740E-03
 1.17833359E+00 -1.10090559E-02
 1.17366252E+00 -1.53561065E-02
 1.16109449E+00 -1.36780239E-02
 1.13443659E+00 -5.15162617E-03
 1.09697167E+00  4.09264715E-03
 1.05608932E+00  9.50485563E-03
 1.02313692E+00  3.08389461E-02
 1.01749763E+00  9.03882057E-02
 1.05710580E+00  1.61557577E-01
 1.14102346E+00  1.90598351E-01
 1.21798532E+00  1.44360784E-01
 1.21967508E+00  1.97340635E-02
 1.15779595E+00 -1.03578787E-01
 1.09069900E+00 -1.11619043E-01
 1.03413541E+00 -4.59925539E-02
 9.99837487E-01 -2.14921166E-02
 1.00875231E+00 -4.79566546E-03
 1.04884787E+00  6.15146855E-02
 1.09504488E+00  1.06055496E-01
 1.12249053E+00  6.77225550E-02
 1.10683148E+00 -3.32058862E-03
 1.04824349E+00 -4.48925272E-02
 9.92439540E-01 -6.29161844E-02
 9.92107895E-01 -7.44338361E-02
 1.00814118E+00 -6.59238521E-02
 9.68623705E-01 -3.80055981E-02
 9.30488692E-01 -1.00302730E-02
 9.83201092E-01  9.21428284E-03
 1.07983641E+00  2.19366432E-02
 1.14289358E+00  3.18048351E-02
 1.17990288E+00  3.01673400E-02
 1.20251287E+00  8.55656902E-03
 1.19586928E+00 -1.14323503E-02
 1.16973265E+00 -5.84298182E-03
 1.13750673E+00  3.46696028E-04
 1.09877344E+00 -2.71545369E-02
 1.06075298E+00 -5.69684741E-02
 1.03309517E+00 -4.22371727E-02
 1.02596609E+00 -6.50101530E-03
 1.04977070E+00  1.03960898E-02
 1.09587168E+00  2.09738948E-02
 1.14230636E+00  4.03473798E-02
 1.17342914E+00  4.97244217E-02
 1.17876626E+00  3.64348964E-02
 1.16090334E+00  1.17328176E-02
 1.13739188E+00 -1.16177865E-02
 1.11655516E+00 -2.87212473E-02
 1.09943236E+00 -3.53899806E-02
 1.09007639E+00 -3.19237485E-02
 1.08750011E+00 -2.60197032E-02
 1.09471887E+00 -2.07448336E-02
 1.11832865E+00 -1.47975176E-02
 1.15009931E+00 -8.89453828E-03
 1.17434799E+00 -2.14153515E-03
 1.18006287E+00  4.22572748E-03
 1.15982916E+00  6.03074752E-03
 1.12111388E+00  4.09193767E-03
 1.08507712E+00  1.72872109E-03
 1.06418646E+00  8.76568670E-04
 1.06291033E+00  3.72038229E-03
 1.08041690E+00  9.20404976E-03
 1.10551325E+00  1.29843672E-02
 1.13281000E+00  1.34319911E-02
 1.16285747E+00  1.07293571E-02
 1.18882463E+00  5.49087567E-03
 1.20377638E+00  2.64180782E-04
 1.20110256E+00 -3.86290241E-03
 1.17429239E+00 -7.61718129E-03
 1.13174716E+00 -1.06639785E-02
 1.09210528E+00 -1.28242924E-02
 1.06793958E+00 -1.37284942E-02
 1.06588826E+00 -1.20115013E-02
 1.08022922E+00 -7.22037790E-03
 1.09251931E+00  3.42293702E-04
 1.09394126E+00  1.01762012E-02
 1.08606837E+00  2.07358845E-02
 1.07553986E+00  2.96062302E-02
 1.07777800E+00  3.41492975E-02
 1.09898387E+00  3.22301196E-02
 1.13251682E+00  2.32097034E-02
 1.16924560E+00  9.18083766E-03
 1.19417402E+00 -5.59903252E-03
 1.19773896E+00 -1.74836488E-02
 1.18196665E+00 -2.40021146E-02
 1.15324455E+00 -2.44140779E-02
 1.12396178E+00 -2.02190132E-02
 1.10387125E+00 -1.22108013E-02
 1.09504034E+00 -9.15232795E-04
 1.09664369E+00  1.10625913E-02
 1.10329682E+00  2.06508513E-02
 1.11206270E+00  2.47744337E-02
 1.12435264E+00  2.10924706E-02
 1.13863331E+00  1.19163318E-02
 1.15318357E+00  2.90302256E-03
 1.16488431E+00 -2.02135412E-03
 1.16840085E+00 -7.98247631E-04
 1.16432074E+00  5.32716912E-03
 1.15720750E+00  1.14084281E-02
 1.14995534E+00  1.51391435E-02
 1.14542001E+00  1.67602846E-02
 1.14363351E+00  1.63984233E-02
 1.14115035E+00  1.58330801E-02
 1.13778587E+00  1.53262866E-02
 1.13545253E+00  1.31604663E-02
 1.13504978E+00  9.84598726E-03
 1.13833664E+00  6.59558197E-03
 1.14515485E+00  4.34018351E-03
 1.15253655E+00  4.61377792E-03
 1.15798500E+00  7.02946977E-03
 1.15893934E+00  9.58014361E-03
 1.15346120E+00  1.14143479E-02
 1.14243553E+00  1.22229182E-02
 1.12979797E+00  1.22691732E-02
 1.12145838E+00  1.29366411E-02
 1.12185009E+00  1.45985855E-02
 1.13197163E+00  1.66023317E-02
 1.14762731E+00  1.84413280E-02
 1.16028355E+00  1.91666102E-02
 1.16444379E+00  1.82068681E-02
 1.15898104E+00  1.57972512E-02
 1.14678924E+00  1.20094251E-02
 1.13546755E+00  7.11215524E-03
 1.12920796E+00  1.67432227E-03
 1.12761707E+00 -3.67891033E-03
 1.12926958E+00 -7.63262412E-03
 1.12994485E+00 -8.54803631E-03
 1.12794701E+00 -5.47890313E-03
 1.12556592E+00  1.47163143E-03
 1.12423937E+00  1.02599717E-02
 1.12603545E+00  1.73169866E-02
 1.13181745E+00  1.99779672E-02
 1.13941207E+00  1.71271160E-02
 1.14693173E+00  9.94654313E-03
 1.15229183E+00  1.94611861E-03
 1.15344951E+00 -4.44443811E-03
 1.15003569E+00 -8.17300406E-03
 1.14231955E+00 -8.71603756E-03
 1.13141480E+00 -6.99028878E-03
 1.11938224E+00 -3.13862351E-03
 1.10898410E+00  3.34178651E-03
 1.10474981E+00  1.08264752E-02
 1.11161087E+00  1.68802117E-02
 1.13196429E+00  1.92998230E-02
 1.16367657E+00  1.61827984E-02
 1.19636749E+00  8.62425777E-03
 1.21413394E+00  2.11054829E-04
 1.20629003E+00 -6.51549936E-03
 1.17114072E+00 -9.69836545E-03
 1.12097400E+00 -8.24215049E-03
 1.08012504E+00 -2.88197552E-03
 1.06496165E+00  6.10866009E-03
 1.07991451E+00  1.81037019E-02
 1.11706548E+00  2.90587583E-02
 1.15432164E+00  3.36095139E-02
 1.17783833E+00  2.78841322E-02
 1.18473919E+00  1.06626205E-02
 1.17382771E+00 -1.25714046E-02
 1.15199802E+00 -3.11435765E-02
 1.12227261E+00 -3.77074424E-02
 1.08285725E+00 -2.94409599E-02
 1.04452664E+00 -9.50566545E-03
 1.02260153E+00  1.22810886E-02
 1.02876894E+00  2.96280108E-02
 1.07058628E+00  4.04376042E-02
 1.13506630E+00  4.29912994E-02
 1.19293941E+00  3.90361348E-02
 1.22435557E+00  2.86728922E-02
 1.21971708E+00  1.04371484E-02
 1.18386722E+00 -1.05512532E-02
 1.13935770E+00 -2.62909874E-02
 1.09904078E+00 -3.03774347E-02
 1.06596762E+00 -1.82941568E-02
 1.04629210E+00  5.34377802E-03
 1.04003877E+00  2.83162448E-02
 1.05126849E+00  4.26453278E-02
 1.08790717E+00  4.45212337E-02
 1.13966733E+00  3.48600254E-02
 1.18655456E+00  2.13825950E-02
 1.21293564E+00  7.72939684E-03
 1.20653197E+00 -6.27816129E-03
 1.17290109E+00 -1.76687041E-02
 1.13432998E+00 -2.45227405E-02
 1.10373264E+00 -2.39470758E-02
 1.08677547E+00 -1.19418256E-02
 1.08620820E+00  7.46120244E-03
 1.09488377E+00  2.52463850E-02
 1.11200918E+00  3.50699974E-02
 1.14169694E+00  3.26023846E-02
 1.17470994E+00  1.98624674E-02
 1.19765580E+00  5.54431418E-03
 1.19979204E+00 -5.68584984E-03
 1.17306640E+00 -1.25182175E-02
 1.12881341E+00 -1.38088109E-02
 1.09313012E+00 -1.17304268E-02
 1.08151470E+00 -6.36577834E-03
 1.09857059E+00  4.10269653E-03
 1.13440322E+00  1.58805508E-02
 1.16263960E+00  2.30964964E-02
 1.16952032E+00  2.16227991E-02
 1.15648484E+00  9.06087244E-03
 1.13082355E+00 -9.03345583E-03
 1.11145485E+00 -2.09656263E-02
 1.10831290E+00 -2.00461347E-02
 1.11752063E+00 -5.32198222E-03
 1.13608281E+00  1.68444702E-02
 1.15581678E+00  3.24140557E-02
 1.17114446E+00  3.34867644E-02
 1.18364538E+00  2.03875977E-02
 1.18835512E+00 -1.21744103E-03
 1.17882277E+00 -1.84424207E-02
 1.15225646E+00 -2.35552647E-02
 1.10826869E+00 -1.68718456E-02
 1.06001187E+00 -1.00151017E-03
 1.03031575E+00  1.62650070E-02
 1.03380737E+00  2.96152832E-02
 1.07427640E+00  3.84112284E-02
 1.13727602E+00  3.89501978E-02
 1.19128536E+00  2.85796063E-02
 1.21532883E+00  7.07175209E-03
 1.20296715E+00 -2.29401010E-02
 1.16097779E+00 -4.62692871E-02
 1.11345968E+00 -4.58695912E-02
 1.07547826E+00 -3.00009693E-02
 1.05074112E+00 -1.71736101E-02
 1.04620984E+00 -2.90948577E-04
 1.06186459E+00  3.07815316E-02
 1.09756339E+00  5.35027881E-02
 1.15166504E+00  4.38885581E-02
 1.19588470E+00  1.64446837E-02
 1.20030536E+00 -2.87187783E-03
 1.18613980E+00 -1.21016807E-02
 1.19005334E+00 -1.48991059E-02
 1.18865741E+00 -9.76097520E-03
 1.14771780E+00 -3.90837930E-03
 1.10686390E+00 -1.98828626E-03
 1.11559422E+00 -5.47957955E-04
 1.14673747E+00  9.27922907E-04
 1.15530537E+00  3.10779786E-03
 1.14597065E+00  5.59068628E-03
 1.13101991E+00  4.60463339E-03
 1.10935981E+00  1.08526647E-03
 1.09430186E+00 -1.26454843E-03
 1.09614854E+00 -8.39151622E-04
 1.10973626E+00  3.70243020E-03
 1.12954631E+00  1.03361131E-02
 1.14711019E+00  1.35775381E-02
 1.15652957E+00  1.10888675E-02
 1.15969759E+00  3.47948744E-03
 1.15773995E+00 -6.32111089E-03
 1.15304724E+00 -1.22305215E-02
 1.14773386E+00 -1.08448729E-02
 1.14038485E+00 -2.76232425E-03
 1.13160991E+00  9.02401479E-03
 1.12312495E+00  1.84423819E-02
 1.11675000E+00  2.15470352E-02
 1.11575670E+00  1.82523550E-02
 1.12108939E+00  1.05213726E-02
 1.13140336E+00  3.09077144E-03
 1.14532867E+00 -1.15089730E-03
 1.16006563E+00 -2.49775454E-03
 1.17181489E+00 -1.77614480E-03
 1.17715613E+00 -1.36072027E-03
 1.17307579E+00 -2.17613576E-03
 1.15895764E+00 -2.66360482E-03
 1.13983008E+00 -1.95742272E-03
 1.12440123E+00  9.36882674E-04
 1.11927228E+00  6.13072154E-03
 1.12737678E+00  1.16252939E-02
 1.14513255E+00  1.53547420E-02
 1.16273905E+00  1.52411910E-02
 1.17374831E+00  9.92577147E-03
 1.17557177E+00  3.28156381E-04
 1.16726892E+00 -1.02214536E-02
 1.15223099E+00 -1.67682117E-02
 1.13227651E+00 -1.55997716E-02
 1.10816861E+00 -5.74043250E-03
 1.08735143E+00  9.97112930E-03
 1.07945547E+00  2.52207819E-02
 1.09132155E+00  3.53396572E-02
 1.12544301E+00  3.81018686E-02
 1.17087537E+00  3.29617329E-02
 1.20644716E+00  2.23132742E-02
 1.21750716E+00  7.61298314E-03
 1.19798897E+00 -1.03506591E-02
 1.15417763E+00 -2.72260047E-02
 1.10592608E+00 -3.76034269E-02
 1.06620514E+00 -3.68876332E-02
 1.04001263E+00 -2.21760558E-02
 1.03148517E+00  2.16420639E-03
 1.03774625E+00  2.61795067E-02
 1.05944992E+00  4.25731320E-02
 1.10037108E+00  4.71048212E-02
 1.15107572E+00  4.04092916E-02
 1.19605174E+00  2.90390927E-02
 1.22177902E+00  1.62592164E-02
 1.21678414E+00  2.43870161E-03
 1.18551367E+00 -1.01692020E-02
 1.14627718E+00 -2.06047154E-02
 1.11084820E+00 -2.61305431E-02
 1.08638172E+00 -2.22754540E-02
 1.07652025E+00 -1.04260743E-02
 1.07624858E+00  4.51700058E-03
 1.08646634E+00  1.84738744E-02
 1.11176691E+00  2.68528778E-02
 1.14541164E+00  2.77790324E-02
 1.17687819E+00  2.29149317E-02
 1.19602977E+00  1.23166358E-02
 1.19289887E+00 -3.46325687E-03
 1.17159189E+00 -1.96319585E-02
 1.14733693E+00 -3.02652528E-02
 1.12872249E+00 -3.01904762E-02
 1.11978840E+00 -1.65749581E-02
 1.11972291E+00  4.99872705E-03
 1.11947543E+00  2.28664169E-02
 1.11700584E+00  2.95219378E-02
 1.11663577E+00  2.25248128E-02
 1.11850867E+00  6.50059815E-03
 1.12385328E+00 -6.46308427E-03
 1.13179199E+00 -1.00021854E-02
 1.13717340E+00 -4.69553801E-03
 1.14027248E+00  5.84575584E-03
 1.14408723E+00  1.26204068E-02
 1.14855870E+00  1.14052573E-02
 1.15292294E+00  5.07710473E-03
 1.15264956E+00 -2.97031464E-03
 1.14068932E+00 -6.59904233E-03
 1.11787813E+00 -2.56726744E-03
 1.09514844E+00  6.29495358E-03
 1.09563044E+00  1.62540303E-02
 1.13747731E+00  2.18270288E-02
 1.18544373E+00  1.94871121E-02
 1.18543759E+00  1.08626338E-02
 1.16164566E+00  3.44595435E-04
 1.16396469E+00 -5.25275296E-03
 1.16080768E+00 -1.78235632E-03
 1.11411753E+00  9.35738267E-03
 1.07695924E+00  2.19755175E-02
 1.10635496E+00  2.58597992E-02
 1.15935100E+00  1.51420637E-02
 1.16800345E+00 -8.60825435E-03
 1.13634788E+00 -3.68469982E-02
 1.08949864E+00 -5.46484737E-02
 1.04011064E+00 -5.28134068E-02
 1.02001233E+00 -3.16678244E-02
 1.03941133E+00  7.41820844E-05
 1.07530598E+00  2.50871541E-02
 1.11951872E+00  3.23450293E-02
 1.16379840E+00  2.11514173E-02
 1.18931471E+00 -2.28630734E-03
 1.19069960E+00 -2.30778963E-02
 1.17432908E+00 -3.21325337E-02
 1.14842893E+00 -2.95438456E-02
 1.11039695E+00 -1.73513967E-02
 1.05839674E+00 -3.00617951E-03
 1.02720446E+00  9.55714506E-03
 1.05551685E+00  2.23051859E-02
 1.11868864E+00  3.30234270E-02
 1.16555536E+00  3.92066346E-02
 1.18848522E+00  3.83381917E-02
 1.19407466E+00  2.63333439E-02
 1.18056351E+00  6.50854642E-03
 1.16357628E+00 -1.25954365E-02
 1.15391027E+00 -2.52725408E-02
 1.14614740E+00 -2.76016693E-02
 1.13922901E+00 -2.09145501E-02
 1.13068880E+00 -1.25095071E-02
 1.12140275E+00 -5.91055723E-03
 1.11984464E+00 -1.42059410E-03
 1.12521610E+00  7.38614479E-04
 1.13168612E+00  3.08649428E-03
 1.13629012E+00  5.72021887E-03
 1.13477522E+00  5.98077104E-03
 1.12877178E+00  4.58165933E-03
 1.12611152E+00  3.13755179E-03
 1.12962996E+00  2.81658329E-03
 1.13906536E+00  5.35706113E-03
 1.15292880E+00  8.88484570E-03
 1.16573411E+00  8.87761816E-03
 1.17448323E+00  3.49119092E-03
 1.17909212E+00 -6.85023793E-03
 1.17740284E+00 -1.86671257E-02
 1.16809294E+00 -2.52227649E-02
 1.15100939E+00 -2.27934895E-02
 1.12687390E+00 -1.17226289E-02
 1.10226800E+00  4.41513425E-03
 1.08732722E+00  1.82356692E-02
 1.08873779E+00  2.47441547E-02
 1.10831486E+00  2.30416386E-02
 1.13875044E+00  1.47102352E-02
 1.16481837E+00  4.84990685E-03
 1.17631505E+00 -3.18472112E-03
 1.17022893E+00 -8.84431402E-03
 1.15155709E+00 -1.09634343E-02
 1.13432312E+00 -9.63538730E-03
 1.12670458E+00 -4.47223337E-03
 1.12927869E+00  5.54331973E-03
 1.14046497E+00  1.69843519E-02
 1.15294631E+00  2.40791290E-02
 1.16316822E+00  2.27511573E-02
 1.17272629E+00  1.09401834E-02
 1.17833993E+00 -7.31548926E-03
 1.17641759E+00 -2.27671702E-02
 1.16438640E+00 -2.95414964E-02
 1.13989494E+00 -2.56448670E-02
 1.11040399E+00 -1.31923742E-02
 1.09006437E+00  4.28032267E-04
 1.08796372E+00  1.10849443E-02
 1.10766465E+00  1.84803729E-02
 1.14241548E+00  2.19775670E-02
 1.17517783E+00  2.31509591E-02
 1.19519148E+00  2.19783224E-02
 1.19927590E+00  1.62048180E-02
 1.18931708E+00  7.48387238E-03
 1.17542899E+00 -8.71747439E-04
 1.16260364E+00 -6.19484049E-03
 1.14948128E+00 -5.69261725E-03
 1.13762044E+00 -6.37391507E-04
 1.12695671E+00  4.23786703E-03
 1.11962410E+00  6.49390842E-03
 1.12139736E+00  5.35853813E-03
 1.13118894E+00  1.75139090E-03
 1.14395505E+00 -7.16508364E-04
 1.15607428E+00 -7.05176164E-04
 1.16320078E+00  7.44166980E-04
 1.16484838E+00  3.00739564E-03
 1.16486110E+00  4.49538482E-03
 1.16402990E+00  4.67372272E-03
 1.16192244E+00  4.97938596E-03
 1.15966511E+00  6.17261231E-03
 1.15736218E+00  8.89829444E-03
 1.15629096E+00  1.33880367E-02
 1.15855565E+00  1.82145980E-02
 1.16210622E+00  2.11105525E-02
 1.16276861E+00  1.95360297E-02
 1.15821876E+00  1.21069121E-02
 1.14758502E+00  4.69068691E-05
 1.13373601E+00 -1.18610656E-02
 1.12314604E+00 -1.65205401E-02
 1.11968281E+00 -9.53612977E-03
 1.12446242E+00  8.80673205E-03
 1.13690494E+00  3.18196857E-02
 1.15321170E+00  4.75213593E-02
 1.17043566E+00  4.82257681E-02
 1.18664976E+00  3.30557731E-02
 1.19731151E+00  8.57490387E-03
 1.19786129E+00 -1.12252038E-02
 1.18537890E+00 -1.76823176E-02
 1.15972084E+00 -1.00942270E-02
 1.12914795E+00  6.86017197E-03
 1.10756079E+00  2.14526364E-02
 1.10448201E+00  2.69622268E-02
 1.12272333E+00  2.41312028E-02
 1.15364007E+00  1.48785650E-02
 1.17837691E+00  5.25736679E-03
 1.18526939E+00 -1.52601533E-03
 1.17247152E+00 -7.23101581E-03
 1.14726750E+00 -1.05559342E-02
 1.12766955E+00 -1.02128487E-02
 1.12363484E+00 -5.31184305E-03
 1.13415025E+00  5.97484631E-03
 1.15465317E+00  1.95369077E-02
 1.17303636E+00  2.74249357E-02
 1.18240068E+00  2.50184122E-02
 1.18424243E+00  1.10311416E-02
 1.17749960E+00 -8.71014788E-03
 1.16338693E+00 -2.18837571E-02
 1.14328836E+00 -2.11708323E-02
 1.11683856E+00 -5.64994482E-03
 1.09288407E+00  1.92324929E-02
 1.08496820E+00  4.05779130E-02
 1.10092937E+00  5.01970832E-02
 1.14172629E+00  4.65503323E-02
 1.19234543E+00  3.06425849E-02
 1.22497058E+00  9.05923219E-03
 1.22181781E+00 -1.36666485E-02
 1.17920829E+00 -3.60115773E-02
 1.11182486E+00 -5.12655707E-02
 1.05295467E+00 -5.22187932E-02
 1.02429327E+00 -3.41527376E-02
 1.03131011E+00  3.94825437E-03
 1.06894155E+00  4.89048762E-02
 1.11589227E+00  7.82115207E-02
 1.15940073E+00  7.79252188E-02
 1.19798118E+00  4.62932918E-02
 1.22338621E+00  1.90782676E-03
 1.23053147E+00 -2.48736910E-02
 1.21330095E+00 -3.56576416E-02
 1.16412999E+00 -4.88092750E-02
 1.09767118E+00 -5.01164511E-02
 1.04232611E+00 -2.35107632E-02
 1.01875619E+00  1.16503326E-02
 1.03960547E+00  3.35601515E-02
 1.09501240E+00  4.58781441E-02
 1.15323773E+00  5.48858273E-02
 1.19496359E+00  4.88276260E-02
 1.21293898E+00  1.98878621E-02
 1.20587202E+00 -1.33842641E-02
 1.18685114E+00 -2.94286805E-02
 1.16016586E+00 -3.54552512E-02
 1.12172047E+00 -4.57714131E-02
 1.08203464E+00 -4.64687953E-02
 1.05475391E+00 -2.19108768E-02
 1.05225083E+00  9.75539007E-03
 1.08623546E+00  2.52705955E-02
 1.14509453E+00  3.02420861E-02
 1.19980085E+00  3.54675738E-02
 1.23122880E+00  3.16764760E-02
 1.22866861E+00  1.11011153E-02
 1.19550882E+00 -1.56025657E-02
 1.15337849E+00 -3.50299622E-02
 1.11423468E+00 -3.95612742E-02
 1.08210359E+00 -2.39914003E-02
 1.06804789E+00  5.15094331E-03
 1.07771312E+00  3.01879338E-02
 1.11405032E+00  4.06561536E-02
 1.17350111E+00  3.37677146E-02
 1.21885870E+00  1.29650859E-02
 1.20951684E+00 -8.87436459E-03
 1.17185591E+00 -2.46999838E-02
 1.15595956E+00 -3.42446323E-02
 1.13552278E+00 -3.43864630E-02
 1.07110604E+00 -2.49088626E-02
 1.01629911E+00 -5.16684627E-03
 1.03507053E+00  2.64111537E-02
 1.09522018E+00  5.96652540E-02
 1.14118954E+00  7.83952523E-02
 1.17642699E+00  7.29012486E-02
 1.20981561E+00  4.16086362E-02
 1.22615969E+00  1.32091274E-03
 1.22436523E+00 -2.20081686E-02
 1.20596527E+00 -3.20515369E-02
 1.16442805E+00 -4.63094617E-02
 1.11153678E+00 -5.15203793E-02
 1.07016935E+00 -3.19252259E-02
 1.05686795E+00 -5.88686861E-03
 1.08179914E+00  5.81036308E-03
 1.13232449E+00  1.08724865E-02
 1.17617636E+00  2.17306233E-02
 1.19505888E+00  3.14277763E-02
 1.18576551E+00  3.42951213E-02
 1.16031803E+00  4.43990171E-02
 1.14846840E+00  7.14587935E-02
 1.16074583E+00  9.35197292E-02
 1.18248759E+00  7.73285406E-02
 1.18509199E+00  1.23532997E-02
 1.13702840E+00 -8.96064407E-02
 1.06798142E+00 -1.82124282E-01
 1.03893992E+00 -2.01276181E-01
 1.02825816E+00 -1.51223040E-01
 9.91137688E-01 -8.47683401E-02
 9.67757695E-01 -2.37505847E-02
 1.00470738E+00  1.57427517E-02
 1.07039467E+00  2.88418217E-02
 1.12135431E+00  4.44394878E-02
 1.15817147E+00  6.68148484E-02
 1.18512240E+00  7.95311707E-02
 1.19633533E+00  7.88987547E-02
 1.20032789E+00  5.87477940E-02
 1.20478012E+00  3.41079155E-02
 1.20575557E+00  3.12472023E-02
 1.19817644E+00  1.83548090E-02
 1.17505702E+00 -4.90698431E-02
 1.13666806E+00 -1.27689577E-01
 1.09380770E+00 -1.47295602E-01
 1.05869111E+00 -1.13639569E-01
 1.04572572E+00 -5.94405831E-02
 1.06399926E+00 -2.29747229E-03
 1.10981753E+00  2.55569372E-02
 1.16770471E+00  1.78762116E-02
 1.21283448E+00  4.26849285E-03
 1.22571771E+00 -9.77213716E-03
 1.19990330E+00 -2.71742839E-02
 1.14575724E+00 -3.93674667E-02
 1.08955488E+00 -4.85846026E-02
 1.04961487E+00 -5.27681928E-02
 1.03284240E+00 -4.15453368E-02
 1.04027985E+00 -1.55016271E-02
 1.06153761E+00  1.76370889E-02
 1.09280104E+00  4.11349402E-02
 1.13679656E+00  3.55621078E-02
 1.18354576E+00  1.17692437E-02
 1.21979469E+00 -2.22181596E-03
 1.23328541E+00 -3.41921179E-03
 1.21286422E+00  1.22003569E-03
 1.16871175E+00  1.20599927E-02
 1.12686746E+00  2.13461913E-02
 1.10397293E+00  2.36487296E-02
 1.10817517E+00  2.33217498E-02
 1.13368731E+00  2.20195307E-02
 1.15823861E+00  2.14328881E-02
 1.17174964E+00  2.23362564E-02
 1.17656781E+00  2.10325963E-02
 1.17591427E+00  1.65693717E-02
 1.18082907E+00  9.73128333E-03
 1.19374956E+00  5.85337317E-04
 1.20471336E+00 -8.87349230E-03
 1.20751765E+00 -1.69055721E-02
 1.19520369E+00 -2.26977033E-02
 1.16449214E+00 -2.45911888E-02
 1.12279681E+00 -2.13904082E-02
 1.08052968E+00 -1.30473706E-02
 1.05064515E+00 -1.33179659E-04
 1.04446227E+00  1.59265021E-02
 1.06490338E+00  3.26087772E-02
 1.10543417E+00  4.62862875E-02
 1.15146047E+00  5.29145881E-02
 1.19066926E+00  4.94142730E-02
 1.21574113E+00  3.51656565E-02
 1.22297151E+00  1.43295221E-02
 1.21496071E+00 -5.32560418E-03
 1.19206155E+00 -1.76128552E-02
 1.15391087E+00 -1.92518777E-02
 1.11066294E+00 -1.17050416E-02
 1.07683348E+00 -1.34484571E-03
 1.06519793E+00  7.90372808E-03
 1.08457809E+00  1.47064928E-02
 1.12612702E+00  1.76994221E-02
 1.16709667E+00  1.77334272E-02
 1.19254627E+00  1.40483335E-02
 1.19575629E+00  4.61894431E-03
 1.18067391E+00 -7.50282443E-03
 1.16467286E+00 -1.69380674E-02
 1.15546106E+00 -1.95433305E-02
 1.15090636E+00 -1.23349234E-02
 1.15090718E+00  1.58559249E-03
 1.15047841E+00  1.40163509E-02
 1.14940636E+00  2.03131918E-02
 1.15440505E+00  1.92628160E-02
 1.16339548E+00  1.29851036E-02
 1.17087813E+00  8.17503155E-03
 1.17352729E+00  7.92120700E-03
 1.16707775E+00  1.10441949E-02
 1.15500655E+00  1.61179616E-02
 1.14750372E+00  1.94318304E-02
 1.14931871E+00  1.92936550E-02
 1.16112038E+00  1.75100575E-02
 1.17945118E+00  1.48750306E-02
