# x =
 3.83652560E+00
# y =
 3.25097170E+00
 VARIABLES = u,v
 1.17570980E+00  4.47716355E-03
 1.17568205E+00  4.48830639E-03
 1.17568174E+00  4.51966797E-03
 1.17570943E+00  4.57100008E-03
 1.17576638E+00  4.64247135E-03
 1.17585093E+00  4.73277750E-03
 1.17595890E+00  4.83936067E-03
 1.17608429E+00  4.95908332E-03
 1.17621850E+00  5.08774488E-03
 1.17635306E+00  5.22114010E-03
 1.17647966E+00  5.35513168E-03
 1.17658767E+00  5.48437287E-03
 1.17666611E+00  5.60315853E-03
 1.17670544E+00  5.70648188E-03
 1.17669823E+00  5.79021747E-03
 1.17664226E+00  5.85240652E-03
 1.17654002E+00  5.89314780E-03
 1.17639424E+00  5.91261401E-03
 1.17620767E+00  5.91103555E-03
 1.17598227E+00  5.88859913E-03
 1.17571849E+00  5.84508781E-03
 1.17541992E+00  5.78178955E-03
 1.17509270E+00  5.70133700E-03
 1.17474222E+00  5.60629654E-03
 1.17437479E+00  5.49984000E-03
 1.17399675E+00  5.38534357E-03
 1.17361432E+00  5.26624582E-03
 1.17323791E+00  5.14760971E-03
 1.17288016E+00  5.03531522E-03
 1.17255117E+00  4.93415333E-03
 1.17225844E+00  4.84769070E-03
 1.17200483E+00  4.77727948E-03
 1.17178812E+00  4.72195124E-03
 1.17160694E+00  4.68087463E-03
 1.17146078E+00  4.65343730E-03
 1.17134832E+00  4.63884491E-03
 1.17126925E+00  4.63674783E-03
 1.17122103E+00  4.64551551E-03
 1.17119920E+00  4.66237495E-03
 1.17120186E+00  4.68526913E-03
 1.17122792E+00  4.71208577E-03
 1.17127563E+00  4.74047008E-03
 1.17134287E+00  4.76794931E-03
 1.17142354E+00  4.79020627E-03
 1.17150858E+00  4.80176520E-03
 1.17159157E+00  4.79845964E-03
 1.17166848E+00  4.77746219E-03
 1.17173798E+00  4.73787366E-03
 1.17180239E+00  4.68103083E-03
 1.17186285E+00  4.60791289E-03
 1.17191923E+00  4.51906584E-03
 1.17197294E+00  4.41553000E-03
 1.17202506E+00  4.29800904E-03
 1.17207746E+00  4.16807316E-03
 1.17213283E+00  4.02807638E-03
 1.17219085E+00  3.87911812E-03
 1.17224930E+00  3.72178992E-03
 1.17230675E+00  3.55702633E-03
 1.17236219E+00  3.38599869E-03
 1.17241718E+00  3.21166055E-03
 1.17247566E+00  3.03835518E-03
 1.17253930E+00  2.86921527E-03
 1.17260773E+00  2.70626310E-03
 1.17267947E+00  2.55042039E-03
 1.17275080E+00  2.40102039E-03
 1.17281884E+00  2.25797833E-03
 1.17288167E+00  2.12184245E-03
 1.17293567E+00  1.99245683E-03
 1.17297690E+00  1.86982709E-03
 1.17300151E+00  1.75375737E-03
 1.17300552E+00  1.64382962E-03
 1.17298744E+00  1.54117524E-03
 1.17294774E+00  1.44792964E-03
 1.17288625E+00  1.36586098E-03
 1.17280243E+00  1.29644983E-03
 1.17269457E+00  1.23991473E-03
 1.17255959E+00  1.19520365E-03
 1.17239609E+00  1.16213425E-03
 1.17220429E+00  1.14119872E-03
 1.17198475E+00  1.13294064E-03
 1.17173931E+00  1.13849613E-03
 1.17146981E+00  1.15831888E-03
 1.17117802E+00  1.19212445E-03
 1.17086772E+00  1.24028013E-03
 1.17054393E+00  1.30309143E-03
 1.17021197E+00  1.38027344E-03
 1.16987773E+00  1.47103935E-03
 1.16954648E+00  1.57296123E-03
 1.16922278E+00  1.68220635E-03
 1.16891221E+00  1.79511023E-03
 1.16862091E+00  1.90816560E-03
 1.16835521E+00  2.01828834E-03
 1.16812181E+00  2.12320078E-03
 1.16792640E+00  2.22014497E-03
 1.16777336E+00  2.30614798E-03
 1.16766634E+00  2.37911985E-03
 1.16760781E+00  2.43734993E-03
 1.16759921E+00  2.47964994E-03
 1.16764120E+00  2.50536558E-03
 1.16773286E+00  2.51313814E-03
 1.16787174E+00  2.50134180E-03
 1.16805370E+00  2.46944988E-03
 1.16827263E+00  2.41788051E-03
 1.16852073E+00  2.34828624E-03
 1.16878867E+00  2.26370640E-03
 1.16906591E+00  2.16709202E-03
 1.16934122E+00  2.06130320E-03
 1.16960305E+00  1.94971894E-03
 1.16984008E+00  1.83555849E-03
 1.17004178E+00  1.72202773E-03
 1.17019927E+00  1.61209532E-03
 1.17030653E+00  1.50716808E-03
 1.17036022E+00  1.40748162E-03
 1.17035840E+00  1.31321918E-03
 1.17030014E+00  1.22456278E-03
 1.17018447E+00  1.14249814E-03
 1.17001063E+00  1.06883924E-03
 1.16978112E+00  1.00442133E-03
 1.16950151E+00  9.49350097E-04
 1.16917953E+00  9.03735634E-04
 1.16882565E+00  8.67133104E-04
 1.16845100E+00  8.39345697E-04
 1.16806708E+00  8.20348769E-04
 1.16768772E+00  8.08808662E-04
 1.16732722E+00  8.02783264E-04
 1.16699834E+00  8.00883508E-04
 1.16671144E+00  8.02230586E-04
 1.16647145E+00  8.07374020E-04
 1.16627831E+00  8.18230042E-04
 1.16613150E+00  8.36141544E-04
 1.16603041E+00  8.61880278E-04
 1.16597537E+00  8.95875029E-04
 1.16596832E+00  9.37630464E-04
 1.16600760E+00  9.86866454E-04
 1.16608851E+00  1.04330871E-03
 1.16620676E+00  1.10522222E-03
 1.16635658E+00  1.17008600E-03
 1.16653213E+00  1.23514058E-03
 1.16672747E+00  1.29748437E-03
 1.16693193E+00  1.35554751E-03
 1.16713230E+00  1.40887885E-03
 1.16731807E+00  1.45630578E-03
 1.16748155E+00  1.49629744E-03
 1.16762055E+00  1.52721288E-03
 1.16773860E+00  1.54690036E-03
 1.16783793E+00  1.55410006E-03
 1.16791936E+00  1.54833150E-03
 1.16798360E+00  1.52855698E-03
 1.16802926E+00  1.49395941E-03
 1.16805693E+00  1.44449464E-03
 1.16806868E+00  1.38084737E-03
 1.16806261E+00  1.30557894E-03
 1.16803522E+00  1.22286513E-03
 1.16798309E+00  1.13680667E-03
 1.16790297E+00  1.05142710E-03
 1.16779679E+00  9.70461401E-04
 1.16767048E+00  8.96813994E-04
 1.16752696E+00  8.33641541E-04
 1.16736681E+00  7.83932038E-04
 1.16718829E+00  7.49115098E-04
 1.16698609E+00  7.29644906E-04
 1.16675737E+00  7.25369971E-04
 1.16650177E+00  7.35637312E-04
 1.16621734E+00  7.60720877E-04
 1.16590323E+00  8.01470868E-04
 1.16555951E+00  8.57338540E-04
 1.16518713E+00  9.26653170E-04
 1.16479293E+00  1.00678158E-03
 1.16438808E+00  1.09374165E-03
 1.16398335E+00  1.18380258E-03
 1.16358908E+00  1.27344159E-03
 1.16321277E+00  1.35807219E-03
 1.16285833E+00  1.43300815E-03
 1.16253168E+00  1.49408878E-03
 1.16223963E+00  1.53788951E-03
 1.16198673E+00  1.56331608E-03
 1.16177716E+00  1.57130506E-03
 1.16161268E+00  1.56282714E-03
 1.16149280E+00  1.53887997E-03
 1.16141952E+00  1.50005564E-03
 1.16139544E+00  1.44621781E-03
 1.16141962E+00  1.37864206E-03
 1.16148811E+00  1.29974753E-03
 1.16159199E+00  1.21168119E-03
 1.16171725E+00  1.11707494E-03
 1.16185052E+00  1.01852578E-03
 1.16197910E+00  9.18550707E-04
 1.16208958E+00  8.21405648E-04
 1.16217030E+00  7.32249962E-04
 1.16220979E+00  6.55189006E-04
 1.16219783E+00  5.93267477E-04
 1.16213040E+00  5.47513117E-04
 1.16200814E+00  5.16798138E-04
 1.16183329E+00  5.00317347E-04
 1.16160953E+00  4.97569703E-04
 1.16133861E+00  5.07738535E-04
 1.16102077E+00  5.30404575E-04
 1.16066145E+00  5.64122772E-04
 1.16027050E+00  6.06531328E-04
 1.15986037E+00  6.56206107E-04
 1.15944760E+00  7.11935590E-04
 1.15904842E+00  7.72235063E-04
 1.15867851E+00  8.35487651E-04
 1.15835725E+00  8.98448084E-04
 1.15810461E+00  9.56720868E-04
 1.15793783E+00  1.00705791E-03
 1.15787060E+00  1.04730694E-03
 1.15790799E+00  1.07665081E-03
 1.15804706E+00  1.09599070E-03
 1.15828386E+00  1.10585147E-03
 1.15861358E+00  1.10634194E-03
 1.15903144E+00  1.09820090E-03
 1.15953379E+00  1.08205856E-03
 1.16011064E+00  1.05911750E-03
 1.16074626E+00  1.03115815E-03
 1.16142421E+00  9.98889150E-04
 1.16212493E+00  9.62476901E-04
 1.16282805E+00  9.22450823E-04
 1.16351304E+00  8.79559612E-04
 1.16415351E+00  8.35774423E-04
 1.16472060E+00  7.94082688E-04
 1.16518985E+00  7.56470987E-04
 1.16554206E+00  7.23971639E-04
 1.16576781E+00  6.96821822E-04
 1.16586773E+00  6.74043567E-04
 1.16584309E+00  6.54963116E-04
 1.16569564E+00  6.39286761E-04
 1.16542852E+00  6.26062374E-04
 1.16504430E+00  6.14296561E-04
 1.16455271E+00  6.02753072E-04
 1.16397018E+00  5.89909148E-04
 1.16331291E+00  5.75220525E-04
 1.16259978E+00  5.58779927E-04
 1.16185152E+00  5.40371487E-04
 1.16108978E+00  5.19583160E-04
 1.16034368E+00  4.95201308E-04
 1.15964626E+00  4.65260855E-04
 1.15902520E+00  4.28606910E-04
 1.15850183E+00  3.84860347E-04
 1.15808695E+00  3.34096661E-04
 1.15778010E+00  2.77228562E-04
 1.15758078E+00  2.15025806E-04
 1.15748903E+00  1.48055623E-04
 1.15750344E+00  7.75823836E-05
 1.15762388E+00  5.11695520E-06
 1.15784325E+00 -6.76608499E-05
 1.15814801E+00 -1.38828540E-04
 1.15852674E+00 -2.07076207E-04
 1.15896660E+00 -2.71542425E-04
 1.15945300E+00 -3.31046093E-04
 1.15997028E+00 -3.84215316E-04
 1.16049383E+00 -4.29264536E-04
 1.16099366E+00 -4.63987587E-04
 1.16144606E+00 -4.86800449E-04
 1.16183425E+00 -4.96786241E-04
 1.16215197E+00 -4.93430976E-04
 1.16240469E+00 -4.76913098E-04
 1.16259656E+00 -4.47561538E-04
 1.16272972E+00 -4.05800616E-04
 1.16280790E+00 -3.52731301E-04
 1.16283254E+00 -2.89906727E-04
 1.16281029E+00 -2.19338296E-04
 1.16275245E+00 -1.43585924E-04
 1.16266466E+00 -6.52756543E-05
 1.16255092E+00  1.28571258E-05
 1.16241650E+00  8.76901242E-05
 1.16226752E+00  1.55893766E-04
 1.16211972E+00  2.13912663E-04
 1.16199559E+00  2.58101254E-04
 1.16191083E+00  2.85349197E-04
 1.16187451E+00  2.93301055E-04
 1.16188781E+00  2.80518615E-04
 1.16194180E+00  2.46590425E-04
 1.16203027E+00  1.91598099E-04
 1.16215006E+00  1.16018126E-04
 1.16229480E+00  2.07811585E-05
 1.16245964E+00 -9.27605638E-05
 1.16263743E+00 -2.22140453E-04
 1.16281894E+00 -3.63747600E-04
 1.16300325E+00 -5.13247011E-04
 1.16319425E+00 -6.65456186E-04
 1.16339427E+00 -8.14776499E-04
 1.16360454E+00 -9.55399843E-04
 1.16381854E+00 -1.08095880E-03
 1.16402284E+00 -1.18505478E-03
 1.16420991E+00 -1.26196821E-03
 1.16437719E+00 -1.30704999E-03
 1.16452490E+00 -1.31761961E-03
 1.16465903E+00 -1.29289178E-03
 1.16478266E+00 -1.23269869E-03
 1.16489582E+00 -1.13733817E-03
 1.16500335E+00 -1.00723357E-03
 1.16511070E+00 -8.42861513E-04
 1.16522264E+00 -6.46550794E-04
 1.16534373E+00 -4.22376941E-04
 1.16547095E+00 -1.75221689E-04
 1.16559538E+00  8.87509523E-05
 1.16571017E+00  3.62969056E-04
 1.16580998E+00  6.40631512E-04
 1.16589310E+00  9.13433930E-04
 1.16596268E+00  1.17255214E-03
 1.16601830E+00  1.41018405E-03
 1.16605684E+00  1.61995224E-03
 1.16607704E+00  1.79839647E-03
 1.16607665E+00  1.94487468E-03
 1.16605529E+00  2.05896982E-03
 1.16601458E+00  2.14031418E-03
 1.16595179E+00  2.18839811E-03
 1.16586224E+00  2.20212004E-03
 1.16574371E+00  2.18241176E-03
 1.16559555E+00  2.13199870E-03
 1.16542163E+00  2.05345519E-03
 1.16523040E+00  1.95016539E-03
 1.16502864E+00  1.82581136E-03
 1.16482182E+00  1.68428382E-03
 1.16461575E+00  1.53203120E-03
 1.16441449E+00  1.37691336E-03
 1.16422327E+00  1.22535681E-03
 1.16404814E+00  1.08220674E-03
 1.16389167E+00  9.49375611E-04
 1.16375455E+00  8.25703684E-04
 1.16363723E+00  7.10661075E-04
 1.16353956E+00  6.04490776E-04
 1.16346403E+00  5.07523753E-04
 1.16341521E+00  4.21228899E-04
 1.16339527E+00  3.45910460E-04
 1.16340466E+00  2.80978693E-04
 1.16344275E+00  2.27824512E-04
 1.16350669E+00  1.88571052E-04
 1.16359446E+00  1.65241002E-04
 1.16370469E+00  1.59722354E-04
 1.16383373E+00  1.70994142E-04
 1.16397723E+00  1.95829711E-04
 1.16413109E+00  2.32610661E-04
 1.16429132E+00  2.80998386E-04
 1.16445653E+00  3.42073324E-04
 1.16462743E+00  4.18947606E-04
 1.16480365E+00  5.13235559E-04
 1.16498389E+00  6.25025308E-04
 1.16516558E+00  7.54907344E-04
 1.16534415E+00  9.02471067E-04
 1.16551567E+00  1.06666737E-03
 1.16567648E+00  1.24571160E-03
 1.16582104E+00  1.43419696E-03
 1.16594315E+00  1.62406812E-03
 1.16603611E+00  1.80729159E-03
 1.16609295E+00  1.97596868E-03
 1.16610920E+00  2.12410077E-03
 1.16608234E+00  2.24796671E-03
 1.16600930E+00  2.34273210E-03
 1.16588714E+00  2.40322597E-03
 1.16571303E+00  2.42576892E-03
 1.16548391E+00  2.40710991E-03
 1.16519897E+00  2.34580573E-03
 1.16485956E+00  2.24210621E-03
 1.16446746E+00  2.09496420E-03
 1.16402622E+00  1.90336890E-03
 1.16354171E+00  1.66896339E-03
 1.16302232E+00  1.39578496E-03
 1.16248092E+00  1.09163242E-03
 1.16193414E+00  7.68041395E-04
 1.16139932E+00  4.36466020E-04
 1.16089413E+00  1.08181470E-04
 1.16043536E+00 -2.05013288E-04
 1.16003778E+00 -4.92436552E-04
 1.15971612E+00 -7.43499728E-04
 1.15948372E+00 -9.48573981E-04
 1.15934950E+00 -1.10246388E-03
 1.15931904E+00 -1.20331838E-03
 1.15939520E+00 -1.25040800E-03
 1.15957845E+00 -1.24394958E-03
 1.15987007E+00 -1.18254470E-03
 1.16027105E+00 -1.06352532E-03
 1.16077687E+00 -8.87955917E-04
 1.16137790E+00 -6.60050439E-04
 1.16205949E+00 -3.85804737E-04
 1.16280135E+00 -7.42175944E-05
 1.16358246E+00  2.65844968E-04
 1.16438149E+00  6.25680480E-04
 1.16517429E+00  9.93282715E-04
 1.16593697E+00  1.35565382E-03
 1.16664729E+00  1.70134343E-03
 1.16728617E+00  2.02091166E-03
 1.16784332E+00  2.31051334E-03
 1.16831605E+00  2.57140543E-03
 1.16870312E+00  2.80446723E-03
 1.16900424E+00  3.01007473E-03
 1.16921722E+00  3.18755994E-03
 1.16933761E+00  3.33412584E-03
 1.16936775E+00  3.44999132E-03
 1.16931578E+00  3.53775488E-03
 1.16919136E+00  3.59839787E-03
 1.16900830E+00  3.63333514E-03
 1.16878058E+00  3.64384386E-03
 1.16852216E+00  3.63107079E-03
 1.16825401E+00  3.60088849E-03
 1.16799999E+00  3.56202152E-03
 1.16777994E+00  3.52055546E-03
 1.16760888E+00  3.48016627E-03
 1.16749127E+00  3.44032732E-03
 1.16742126E+00  3.39579459E-03
 1.16739400E+00  3.34302325E-03
 1.16740598E+00  3.28017216E-03
 1.16745453E+00  3.20494024E-03
 1.16754059E+00  3.11673992E-03
 1.16765974E+00  3.01405723E-03
 1.16780332E+00  2.89478040E-03
 1.16796685E+00  2.76117042E-03
 1.16814620E+00  2.61797431E-03
 1.16833713E+00  2.46984560E-03
 1.16853545E+00  2.32140664E-03
 1.16872797E+00  2.17344786E-03
 1.16889570E+00  2.02342411E-03
 1.16902536E+00  1.87151347E-03
 1.16910891E+00  1.71987411E-03
 1.16914607E+00  1.57167052E-03
 1.16914578E+00  1.43246983E-03
 1.16911411E+00  1.30599210E-03
 1.16905423E+00  1.19422418E-03
 1.16897149E+00  1.10139432E-03
 1.16886914E+00  1.03179681E-03
 1.16875245E+00  9.88699114E-04
 1.16862842E+00  9.74568103E-04
 1.16849620E+00  9.87535941E-04
 1.16835049E+00  1.02214610E-03
 1.16818708E+00  1.07366039E-03
 1.16800248E+00  1.13780932E-03
 1.16780050E+00  1.21152740E-03
 1.16759145E+00  1.29391527E-03
 1.16738070E+00  1.38253342E-03
 1.16716979E+00  1.47404686E-03
 1.16695860E+00  1.56710598E-03
 1.16674255E+00  1.66082842E-03
 1.16652036E+00  1.75509863E-03
 1.16629394E+00  1.85049875E-03
 1.16606109E+00  1.94483901E-03
 1.16581931E+00  2.03414965E-03
 1.16556771E+00  2.11607185E-03
 1.16530644E+00  2.18922289E-03
 1.16504321E+00  2.25375874E-03
 1.16479184E+00  2.31194716E-03
 1.16456440E+00  2.36489825E-03
 1.16437162E+00  2.41291885E-03
 1.16422134E+00  2.45762215E-03
 1.16411679E+00  2.50048252E-03
 1.16406364E+00  2.54286083E-03
 1.16406885E+00  2.58598495E-03
 1.16413560E+00  2.62843799E-03
 1.16426589E+00  2.66686232E-03
 1.16445920E+00  2.69845155E-03
 1.16471237E+00  2.72078942E-03
 1.16502563E+00  2.73274056E-03
 1.16540049E+00  2.73490485E-03
 1.16583406E+00  2.72702693E-03
 1.16631988E+00  2.70849370E-03
 1.16684613E+00  2.68001196E-03
 1.16739519E+00  2.64258177E-03
 1.16795036E+00  2.59790838E-03
 1.16849579E+00  2.54824566E-03
 1.16901418E+00  2.49399242E-03
 1.16948964E+00  2.43438758E-03
 1.16990640E+00  2.36962206E-03
 1.17024970E+00  2.30037910E-03
 1.17051146E+00  2.22829664E-03
 1.17068868E+00  2.15629281E-03
 1.17077959E+00  2.08637893E-03
 1.17078379E+00  2.01994376E-03
 1.17069891E+00  1.95914285E-03
 1.17052085E+00  1.90595885E-03
 1.17025109E+00  1.86226043E-03
 1.16989592E+00  1.82982870E-03
 1.16946418E+00  1.80876089E-03
 1.16896913E+00  1.79789510E-03
 1.16842413E+00  1.79630957E-03
 1.16784240E+00  1.80313568E-03
 1.16724182E+00  1.81801088E-03
 1.16664175E+00  1.84138066E-03
 1.16605957E+00  1.87305139E-03
 1.16551009E+00  1.91248481E-03
 1.16500058E+00  1.95980665E-03
 1.16453144E+00  2.01518572E-03
 1.16410356E+00  2.07891213E-03
 1.16371854E+00  2.15129297E-03
 1.16337954E+00  2.23128976E-03
 1.16309261E+00  2.31682774E-03
 1.16285949E+00  2.40600779E-03
 1.16267837E+00  2.49677476E-03
 1.16254922E+00  2.58700009E-03
 1.16247099E+00  2.67480131E-03
 1.16244271E+00  2.75762053E-03
 1.16246352E+00  2.83253650E-03
 1.16252604E+00  2.89735249E-03
 1.16261901E+00  2.95018081E-03
 1.16273459E+00  2.98917175E-03
 1.16286812E+00  3.01274969E-03
 1.16302090E+00  3.01907998E-03
 1.16320067E+00  3.00619839E-03
 1.16341258E+00  2.97292889E-03
 1.16365904E+00  2.91873050E-03
 1.16394219E+00  2.84347544E-03
 1.16426092E+00  2.74786199E-03
 1.16461501E+00  2.63332091E-03
 1.16500453E+00  2.50217109E-03
 1.16542278E+00  2.35830265E-03
 1.16585917E+00  2.20684925E-03
 1.16630264E+00  2.05335123E-03
 1.16674187E+00  1.90357495E-03
 1.16717130E+00  1.76294640E-03
 1.16759038E+00  1.63621039E-03
 1.16799475E+00  1.52805951E-03
 1.16837761E+00  1.44259352E-03
 1.16873113E+00  1.38233425E-03
 1.16904450E+00  1.34860438E-03
 1.16931032E+00  1.34181717E-03
 1.16952427E+00  1.36169240E-03
 1.16967914E+00  1.40845624E-03
 1.16976823E+00  1.48246643E-03
 1.16978751E+00  1.58232517E-03
 1.16973545E+00  1.70506397E-03
 1.16961831E+00  1.84631159E-03
 1.16944898E+00  1.99998428E-03
 1.16923984E+00  2.15994222E-03
 1.16900285E+00  2.32004705E-03
 1.16874848E+00  2.47302771E-03
 1.16848378E+00  2.61158071E-03
 1.16821776E+00  2.72913024E-03
 1.16795996E+00  2.82027339E-03
 1.16771501E+00  2.88267723E-03
 1.16748518E+00  2.91672055E-03
 1.16727106E+00  2.92314143E-03
 1.16707186E+00  2.90291000E-03
 1.16689158E+00  2.85651841E-03
 1.16673742E+00  2.78370379E-03
 1.16661249E+00  2.68635459E-03
 1.16651708E+00  2.56818081E-03
 1.16644853E+00  2.43300919E-03
 1.16639984E+00  2.28572279E-03
 1.16636580E+00  2.13126811E-03
 1.16634242E+00  1.97457568E-03
 1.16632211E+00  1.82294371E-03
 1.16629690E+00  1.68475442E-03
 1.16625999E+00  1.56690928E-03
 1.16620601E+00  1.47464632E-03
 1.16613645E+00  1.40988750E-03
 1.16605837E+00  1.37118035E-03
 1.16597782E+00  1.35733379E-03
 1.16589995E+00  1.36747768E-03
 1.16582760E+00  1.40056849E-03
 1.16575992E+00  1.45631537E-03
 1.16569876E+00  1.53260047E-03
 1.16564754E+00  1.62572412E-03
 1.16560652E+00  1.73314087E-03
 1.16557544E+00  1.85229132E-03
 1.16555292E+00  1.98029629E-03
 1.16553665E+00  2.11410608E-03
 1.16552957E+00  2.24791569E-03
 1.16553792E+00  2.37412325E-03
 1.16556503E+00  2.48692020E-03
 1.16561215E+00  2.58225263E-03
 1.16567710E+00  2.65857244E-03
 1.16575341E+00  2.71731976E-03
 1.16583676E+00  2.75924679E-03
 1.16592453E+00  2.78435392E-03
 1.16601231E+00  2.79336485E-03
 1.16609644E+00  2.78649757E-03
 1.16617292E+00  2.76496260E-03
 1.16623749E+00  2.73087648E-03
 1.16629052E+00  2.68438354E-03
 1.16633548E+00  2.62468930E-03
 1.16637520E+00  2.55147583E-03
 1.16641218E+00  2.46475832E-03
 1.16644637E+00  2.36694789E-03
 1.16647481E+00  2.26243930E-03
 1.16649679E+00  2.15402962E-03
 1.16651306E+00  2.04312650E-03
 1.16652372E+00  1.93000301E-03
 1.16652983E+00  1.81308043E-03
 1.16653150E+00  1.69173960E-03
 1.16652804E+00  1.56640126E-03
 1.16652194E+00  1.43657667E-03
 1.16651750E+00  1.30208031E-03
 1.16651835E+00  1.16287632E-03
 1.16652815E+00  1.01903650E-03
 1.16654891E+00  8.73072618E-04
 1.16658077E+00  7.29254356E-04
 1.16662534E+00  5.91489348E-04
 1.16668499E+00  4.63381833E-04
 1.16676147E+00  3.47062381E-04
 1.16685686E+00  2.42990820E-04
 1.16697241E+00  1.52732803E-04
 1.16710829E+00  7.85945484E-05
 1.16726557E+00  2.24410145E-05
 1.16744546E+00 -1.35105085E-05
 1.16764807E+00 -2.80339647E-05
 1.16787276E+00 -2.09332126E-05
 1.16811710E+00  9.00999850E-06
 1.16837669E+00  6.30798418E-05
 1.16864640E+00  1.41325778E-04
 1.16891991E+00  2.42727823E-04
 1.16918905E+00  3.63916420E-04
 1.16944447E+00  4.99326924E-04
 1.16967584E+00  6.43609616E-04
 1.16987224E+00  7.91634599E-04
 1.17002383E+00  9.38412485E-04
 1.17012190E+00  1.07988930E-03
 1.17015829E+00  1.21163064E-03
 1.17012627E+00  1.32924807E-03
 1.17002138E+00  1.43029450E-03
 1.16984118E+00  1.51353430E-03
 1.16958533E+00  1.57836538E-03
 1.16925522E+00  1.62478093E-03
 1.16885247E+00  1.65164815E-03
 1.16837967E+00  1.65712264E-03
 1.16784278E+00  1.64115653E-03
 1.16725103E+00  1.60518876E-03
 1.16661708E+00  1.55194380E-03
 1.16595715E+00  1.48591699E-03
 1.16528821E+00  1.41135758E-03
 1.16462767E+00  1.33227394E-03
 1.16399433E+00  1.25394623E-03
 1.16340656E+00  1.18175277E-03
 1.16288152E+00  1.12052724E-03
 1.16243401E+00  1.07429376E-03
 1.16207299E+00  1.04427012E-03
 1.16180232E+00  1.02928180E-03
 1.16162423E+00  1.02815813E-03
 1.16153973E+00  1.03977455E-03
 1.16155049E+00  1.06373570E-03
 1.16165883E+00  1.10072389E-03
 1.16186186E+00  1.14977220E-03
 1.16215201E+00  1.20861752E-03
 1.16251948E+00  1.27538077E-03
 1.16295073E+00  1.34761644E-03
 1.16343148E+00  1.42306621E-03
 1.16394702E+00  1.49966406E-03
 1.16447801E+00  1.57319516E-03
 1.16500335E+00  1.63835024E-03
 1.16550446E+00  1.69109667E-03
 1.16596606E+00  1.72864526E-03
 1.16638063E+00  1.75066999E-03
 1.16674800E+00  1.75943852E-03
 1.16706771E+00  1.75669015E-03
 1.16733871E+00  1.74366325E-03
 1.16755881E+00  1.72184480E-03
 1.16772322E+00  1.69203662E-03
 1.16783168E+00  1.65606332E-03
 1.16788764E+00  1.61659272E-03
 1.16789264E+00  1.57478470E-03
 1.16784910E+00  1.53122295E-03
 1.16775958E+00  1.48666546E-03
 1.16762671E+00  1.44193178E-03
 1.16746001E+00  1.39983371E-03
 1.16727310E+00  1.36467136E-03
 1.16707567E+00  1.33933554E-03
 1.16687357E+00  1.32549512E-03
 1.16666599E+00  1.32353010E-03
 1.16644482E+00  1.33197348E-03
 1.16620436E+00  1.34993545E-03
 1.16594149E+00  1.37707409E-03
 1.16565292E+00  1.41202710E-03
 1.16533837E+00  1.45337710E-03
 1.16499602E+00  1.49929788E-03
 1.16462319E+00  1.54748634E-03
 1.16422391E+00  1.59707854E-03
 1.16380595E+00  1.64811518E-03
 1.16337720E+00  1.70009792E-03
 1.16294569E+00  1.75219094E-03
 1.16251318E+00  1.80237376E-03
 1.16207622E+00  1.84744429E-03
 1.16163577E+00  1.88520480E-03
 1.16119600E+00  1.91435649E-03
 1.16076320E+00  1.93392381E-03
 1.16034783E+00  1.94383217E-03
 1.15995728E+00  1.94367925E-03
 1.15959614E+00  1.93266512E-03
 1.15927233E+00  1.91091371E-03
 1.15899353E+00  1.87886828E-03
 1.15876580E+00  1.83701222E-03
 1.15859384E+00  1.78601651E-03
 1.15847495E+00  1.72567716E-03
 1.15840044E+00  1.65511462E-03
 1.15836260E+00  1.57394786E-03
 1.15835436E+00  1.48216339E-03
 1.15837091E+00  1.38032763E-03
 1.15841118E+00  1.26973067E-03
 1.15847148E+00  1.15114499E-03
 1.15854663E+00  1.02484334E-03
 1.15863466E+00  8.91150095E-04
 1.15873430E+00  7.50090981E-04
 1.15884564E+00  6.01952984E-04
 1.15896998E+00  4.47409514E-04
 1.15910375E+00  2.86779119E-04
 1.15924030E+00  1.20363105E-04
 1.15937567E+00 -5.12460186E-05
 1.15950745E+00 -2.27225256E-04
 1.15963592E+00 -4.05950126E-04
 1.15976494E+00 -5.85102705E-04
 1.15989632E+00 -7.62471112E-04
 1.16003044E+00 -9.35963201E-04
 1.16016988E+00 -1.10377796E-03
 1.16031693E+00 -1.26455642E-03
 1.16047363E+00 -1.41661947E-03
 1.16064177E+00 -1.55806131E-03
 1.16081845E+00 -1.68724190E-03
 1.16099742E+00 -1.80254889E-03
 1.16117334E+00 -1.90266936E-03
 1.16134156E+00 -1.98663498E-03
 1.16149966E+00 -2.05320882E-03
 1.16164828E+00 -2.10116872E-03
 1.16178661E+00 -2.12985780E-03
 1.16191330E+00 -2.13915358E-03
 1.16202942E+00 -2.12980237E-03
 1.16213662E+00 -2.10341162E-03
 1.16223774E+00 -2.06164221E-03
 1.16233650E+00 -2.00617737E-03
 1.16243316E+00 -1.93880730E-03
 1.16252576E+00 -1.86113598E-03
 1.16261379E+00 -1.77495294E-03
 1.16269735E+00 -1.68207861E-03
 1.16277780E+00 -1.58367609E-03
 1.16285834E+00 -1.48051743E-03
 1.16294025E+00 -1.37332080E-03
 1.16302344E+00 -1.26280805E-03
 1.16310903E+00 -1.15034048E-03
 1.16319767E+00 -1.03781237E-03
 1.16328926E+00 -9.26666344E-04
 1.16338310E+00 -8.18035018E-04
 1.16347504E+00 -7.12925144E-04
 1.16355830E+00 -6.11956936E-04
 1.16362653E+00 -5.15987014E-04
 1.16367359E+00 -4.26023808E-04
 1.16369435E+00 -3.42456141E-04
 1.16368551E+00 -2.65449435E-04
 1.16364319E+00 -1.95359964E-04
 1.16356368E+00 -1.32711331E-04
 1.16344578E+00 -7.87807190E-05
 1.16328972E+00 -3.54782526E-05
 1.16309684E+00 -4.33205165E-06
 1.16286942E+00  1.35224314E-05
 1.16260805E+00  1.73787179E-05
 1.16231227E+00  7.25746997E-06
 1.16198373E+00 -1.67601400E-05
 1.16162566E+00 -5.43628163E-05
 1.16124276E+00 -1.04236714E-04
 1.16084185E+00 -1.64455184E-04
 1.16042917E+00 -2.32742912E-04
 1.16001060E+00 -3.06587022E-04
 1.15959373E+00 -3.84136035E-04
 1.15918633E+00 -4.64095459E-04
 1.15879553E+00 -5.44732634E-04
 1.15842754E+00 -6.24151727E-04
 1.15808520E+00 -7.00492366E-04
 1.15776843E+00 -7.71685716E-04
 1.15747719E+00 -8.36154265E-04
 1.15721133E+00 -8.92687355E-04
 1.15697111E+00 -9.39577061E-04
 1.15675767E+00 -9.75077934E-04
 1.15657004E+00 -9.97956269E-04
 1.15640547E+00 -1.00744202E-03
 1.15626149E+00 -1.00379976E-03
 1.15613480E+00 -9.88276551E-04
 1.15602204E+00 -9.62068641E-04
 1.15591988E+00 -9.26386080E-04
 1.15582263E+00 -8.82612836E-04
 1.15572338E+00 -8.31919963E-04
 1.15561668E+00 -7.75681874E-04
 1.15549857E+00 -7.15284069E-04
 1.15536795E+00 -6.51248975E-04
 1.15522678E+00 -5.83609073E-04
 1.15507671E+00 -5.12508656E-04
 1.15491907E+00 -4.38308099E-04
 1.15475565E+00 -3.62357517E-04
 1.15458778E+00 -2.86980721E-04
 1.15441848E+00 -2.14284218E-04
 1.15425234E+00 -1.46418472E-04
 1.15409305E+00 -8.60177571E-05
 1.15394431E+00 -3.57511943E-05
 1.15381020E+00  1.26127459E-06
 1.15369486E+00  2.17026192E-05
 1.15360444E+00  2.33116073E-05
 1.15354632E+00  4.53069120E-06
 1.15352596E+00 -3.63227224E-05
 1.15354676E+00 -1.00778467E-04
 1.15360933E+00 -1.90502570E-04
 1.15371103E+00 -3.07307082E-04
 1.15384915E+00 -4.51936894E-04
 1.15402108E+00 -6.24154963E-04
 1.15422319E+00 -8.23281865E-04
 1.15445180E+00 -1.04759873E-03
 1.15470142E+00 -1.29428125E-03
 1.15496477E+00 -1.55924488E-03
 1.15523527E+00 -1.83616822E-03
 1.15550621E+00 -2.11692136E-03
 1.15577027E+00 -2.39289891E-03
 1.15601986E+00 -2.65529290E-03
 1.15624537E+00 -2.89586240E-03
 1.15643606E+00 -3.10743230E-03
 1.15658321E+00 -3.28287666E-03
 1.15668046E+00 -3.41584385E-03
 1.15672454E+00 -3.50218307E-03
 1.15671580E+00 -3.53942115E-03
 1.15665507E+00 -3.52652805E-03
 1.15654353E+00 -3.46369002E-03
 1.15638384E+00 -3.35062137E-03
 1.15617928E+00 -3.18717865E-03
 1.15593573E+00 -2.97597236E-03
 1.15566171E+00 -2.72217481E-03
 1.15536597E+00 -2.43348653E-03
 1.15505825E+00 -2.12045720E-03
 1.15474940E+00 -1.79392244E-03
 1.15445086E+00 -1.46480283E-03
 1.15417627E+00 -1.14538792E-03
 1.15394037E+00 -8.47737966E-04
 1.15375576E+00 -5.82963451E-04
 1.15363232E+00 -3.60428544E-04
 1.15357584E+00 -1.84825505E-04
 1.15358766E+00 -5.67905471E-05
 1.15366826E+00  2.39364874E-05
 1.15381755E+00  5.82755801E-05
 1.15403435E+00  4.63594776E-05
 1.15431707E+00 -1.26280431E-05
 1.15466043E+00 -1.15808337E-04
 1.15505556E+00 -2.57082453E-04
 1.15549268E+00 -4.29358389E-04
 1.15596005E+00 -6.23232320E-04
 1.15644469E+00 -8.29145180E-04
 1.15693294E+00 -1.03757317E-03
 1.15740790E+00 -1.23553197E-03
 1.15785121E+00 -1.40878279E-03
 1.15824700E+00 -1.54538298E-03
 1.15858268E+00 -1.63620939E-03
 1.15885142E+00 -1.67811003E-03
 1.15905224E+00 -1.67375845E-03
 1.15918461E+00 -1.62586583E-03
 1.15924803E+00 -1.53700591E-03
 1.15924213E+00 -1.40971495E-03
 1.15916563E+00 -1.24524833E-03
 1.15902129E+00 -1.04855638E-03
 1.15881552E+00 -8.27794093E-04
 1.15855428E+00 -5.90014183E-04
 1.15824492E+00 -3.43107128E-04
 1.15789557E+00 -9.53482660E-05
 1.15751485E+00  1.44903049E-04
 1.15711651E+00  3.64682313E-04
 1.15671712E+00  5.48494373E-04
 1.15633009E+00  6.84200350E-04
 1.15596522E+00  7.63222259E-04
 1.15562613E+00  7.82739040E-04
 1.15530990E+00  7.46266528E-04
 1.15501462E+00  6.56865618E-04
 1.15473974E+00  5.17021408E-04
 1.15448458E+00  3.30539560E-04
 1.15425051E+00  1.00589504E-04
 1.15403619E+00 -1.66402518E-04
 1.15383810E+00 -4.61001007E-04
 1.15365651E+00 -7.75968330E-04
 1.15349294E+00 -1.10432488E-03
 1.15334863E+00 -1.43808421E-03
 1.15322457E+00 -1.76874077E-03
 1.15311593E+00 -2.08318276E-03
 1.15301371E+00 -2.36522500E-03
 1.15291263E+00 -2.60228171E-03
 1.15281073E+00 -2.78549191E-03
 1.15270996E+00 -2.91075363E-03
 1.15261744E+00 -2.97977938E-03
 1.15253806E+00 -2.99381318E-03
 1.15247435E+00 -2.95344625E-03
 1.15243050E+00 -2.86136082E-03
 1.15240944E+00 -2.72031443E-03
 1.15241425E+00 -2.53588527E-03
 1.15244804E+00 -2.31647207E-03
 1.15250792E+00 -2.06835519E-03
 1.15258695E+00 -1.79732008E-03
 1.15267871E+00 -1.51058208E-03
 1.15277717E+00 -1.21621213E-03
 1.15288028E+00 -9.26363340E-04
 1.15299004E+00 -6.56122292E-04
 1.15310534E+00 -4.17247335E-04
 1.15322287E+00 -2.17927665E-04
 1.15333953E+00 -6.22422543E-05
 1.15345044E+00  5.09043002E-05
 1.15355276E+00  1.22243695E-04
 1.15364564E+00  1.51807361E-04
 1.15372493E+00  1.41447109E-04
 1.15378559E+00  9.30440879E-05
 1.15382446E+00  1.09098868E-05
 1.15383975E+00 -9.82028750E-05
 1.15383444E+00 -2.29562551E-04
 1.15381595E+00 -3.78991356E-04
 1.15379060E+00 -5.41069273E-04
 1.15376401E+00 -7.09582073E-04
 1.15374152E+00 -8.74491812E-04
 1.15372656E+00 -1.02301069E-03
 1.15372406E+00 -1.14546114E-03
 1.15373982E+00 -1.23550229E-03
 1.15377665E+00 -1.29063384E-03
 1.15383590E+00 -1.31314027E-03
 1.15391795E+00 -1.30477343E-03
 1.15402186E+00 -1.26639045E-03
 1.15414849E+00 -1.20028991E-03
 1.15429950E+00 -1.10843583E-03
 1.15447297E+00 -9.94661774E-04
 1.15466374E+00 -8.64588983E-04
 1.15486302E+00 -7.21273958E-04
 1.15505833E+00 -5.66685546E-04
 1.15523875E+00 -4.03694257E-04
 1.15539608E+00 -2.35796113E-04
 1.15552421E+00 -7.02184923E-05
 1.15562184E+00  8.29624721E-05
 1.15569192E+00  2.16589213E-04
 1.15574346E+00  3.26405165E-04
 1.15579718E+00  4.11125760E-04
 1.15588154E+00  4.73479861E-04
 1.15602390E+00  5.15305115E-04
 1.15624604E+00  5.37322683E-04
 1.15655481E+00  5.41889523E-04
 1.15693906E+00  5.31137550E-04
 1.15737916E+00  5.08187423E-04
 1.15784060E+00  4.77140170E-04
 1.15826352E+00  4.39016168E-04
 1.15857338E+00  3.93017430E-04
 1.15869302E+00  3.39203497E-04
 1.15855548E+00  2.78257850E-04
 1.15813307E+00  2.13906583E-04
 1.15744088E+00  1.52598933E-04
 1.15651417E+00  9.83750856E-05
 1.15542444E+00  5.30967109E-05
 1.15429812E+00  1.72868677E-05
 1.15329334E+00 -1.10494034E-05
 1.15257803E+00 -3.29095364E-05
 1.15229884E+00 -4.81626557E-05
 1.15251289E+00 -5.85421534E-05
 1.15318178E+00 -6.60244840E-05
 1.15422132E+00 -7.25838624E-05
 1.15546504E+00 -8.03699709E-05
 1.15662497E+00 -8.86957115E-05
 1.15734931E+00 -9.47604593E-05
 1.15728240E+00 -9.66217725E-05
 1.15614562E+00 -9.29681627E-05
 1.15390450E+00 -8.41905411E-05
 1.15079056E+00 -7.26737236E-05
 1.14718804E+00 -5.92128722E-05
 1.14372935E+00 -4.32602325E-05
 1.14140128E+00 -2.44331063E-05
 1.14125469E+00 -1.45834931E-06
 1.14393929E+00  2.62172066E-05
 1.14927298E+00  5.82918545E-05
 1.15552363E+00  9.60692776E-05
 1.15989751E+00  1.41411500E-04
 1.16044340E+00  1.95477702E-04
 1.15667432E+00  2.58990354E-04
 1.15039347E+00  3.30680050E-04
 1.14541686E+00  4.07435502E-04
 1.14416171E+00  4.86763656E-04
 1.14705196E+00  5.66633333E-04
 1.15264697E+00  6.45371696E-04
 1.15735024E+00  7.22260450E-04
 1.15917781E+00  7.95773006E-04
 1.15834676E+00  8.63723089E-04
 1.15578376E+00  9.24810073E-04
 1.15387550E+00  9.77893741E-04
 1.15379229E+00  1.02204090E-03
 1.15477890E+00  1.05663719E-03
 1.15628485E+00  1.07985913E-03
 1.15722319E+00  1.08910235E-03
 1.15703134E+00  1.08251811E-03
 1.15644046E+00  1.05875873E-03
 1.15574838E+00  1.01727720E-03
 1.15520902E+00  9.58588609E-04
 1.15506094E+00  8.82812094E-04
 1.15491378E+00  7.89801982E-04
 1.15463590E+00  6.79988747E-04
 1.15429882E+00  5.53826726E-04
 1.15384037E+00  4.12063146E-04
 1.15339875E+00  2.55787206E-04
 1.15304621E+00  8.53998211E-05
 1.15271085E+00 -9.90328848E-05
 1.15240737E+00 -2.96938764E-04
 1.15212229E+00 -5.07302636E-04
 1.15183029E+00 -7.28148761E-04
 1.15156226E+00 -9.56414282E-04
 1.15132091E+00 -1.18894743E-03
 1.15109946E+00 -1.42228581E-03
 1.15090947E+00 -1.65213966E-03
 1.15075196E+00 -1.87383820E-03
 1.15063036E+00 -2.08221301E-03
 1.15055354E+00 -2.27181225E-03
 1.15051903E+00 -2.43796900E-03
 1.15052028E+00 -2.57667383E-03
 1.15055556E+00 -2.68393891E-03
 1.15062470E+00 -2.75619865E-03
 1.15073207E+00 -2.79039381E-03
 1.15088744E+00 -2.78389349E-03
 1.15109657E+00 -2.73518579E-03
 1.15136168E+00 -2.64376140E-03
 1.15168591E+00 -2.50947000E-03
 1.15206955E+00 -2.33303304E-03
 1.15251154E+00 -2.11668825E-03
 1.15300909E+00 -1.86426596E-03
 1.15355051E+00 -1.58175203E-03
 1.15411773E+00 -1.27709482E-03
 1.15469245E+00 -9.58803099E-04
 1.15525643E+00 -6.35701362E-04
 1.15579607E+00 -3.16730137E-04
 1.15630321E+00 -1.02307124E-05
 1.15676680E+00  2.75672029E-04
 1.15717485E+00  5.33767307E-04
 1.15751874E+00  7.59392567E-04
 1.15779052E+00  9.49953630E-04
 1.15798638E+00  1.10390666E-03
 1.15810618E+00  1.22051465E-03
 1.15814605E+00  1.29839736E-03
 1.15810159E+00  1.33587056E-03
 1.15797422E+00  1.33386705E-03
 1.15777041E+00  1.29568457E-03
 1.15750495E+00  1.22633214E-03
 1.15720095E+00  1.13313066E-03
 1.15688083E+00  1.02357925E-03
 1.15656627E+00  9.05233202E-04
 1.15628025E+00  7.87571845E-04
 1.15604319E+00  6.80417027E-04
 1.15587514E+00  5.92435261E-04
 1.15579390E+00  5.30555893E-04
 1.15580695E+00  4.97347796E-04
 1.15591400E+00  4.91460716E-04
 1.15611243E+00  5.11310233E-04
 1.15639769E+00  5.55309220E-04
 1.15676892E+00  6.22692112E-04
 1.15722847E+00  7.14073445E-04
 1.15777054E+00  8.27325053E-04
 1.15838263E+00  9.58073288E-04
 1.15904902E+00  1.10241787E-03
 1.15974790E+00  1.25547920E-03
 1.16045821E+00  1.41246387E-03
 1.16115969E+00  1.56869996E-03
 1.16182490E+00  1.71598566E-03
 1.16242446E+00  1.84432706E-03
 1.16293311E+00  1.94596567E-03
 1.16333072E+00  2.01547352E-03
 1.16361006E+00  2.05178701E-03
 1.16377600E+00  2.05841813E-03
 1.16383331E+00  2.03816438E-03
 1.16378664E+00  1.99305575E-03
 1.16363989E+00  1.92550174E-03
 1.16339378E+00  1.83675315E-03
 1.16305692E+00  1.72999705E-03
 1.16264466E+00  1.61001885E-03
 1.16217029E+00  1.47915339E-03
 1.16164923E+00  1.33892385E-03
 1.16109752E+00  1.19119435E-03
 1.16053127E+00  1.03801819E-03
 1.15997636E+00  8.85141326E-04
 1.15946412E+00  7.41006931E-04
 1.15901949E+00  6.11585642E-04
 1.15866084E+00  5.00655454E-04
 1.15839523E+00  4.09498268E-04
 1.15821732E+00  3.35976571E-04
 1.15812332E+00  2.79089832E-04
 1.15811103E+00  2.38955375E-04
 1.15817607E+00  2.14125363E-04
 1.15831586E+00  2.03355491E-04
 1.15852176E+00  2.04713482E-04
 1.15877961E+00  2.15530430E-04
 1.15908023E+00  2.36019256E-04
 1.15941541E+00  2.68176700E-04
 1.15977512E+00  3.13166400E-04
 1.16014839E+00  3.71591797E-04
 1.16051489E+00  4.41615416E-04
 1.16084784E+00  5.19010491E-04
 1.16112721E+00  6.01390338E-04
 1.16133975E+00  6.87902952E-04
 1.16148056E+00  7.78151185E-04
 1.16155523E+00  8.73271919E-04
 1.16156747E+00  9.73421933E-04
 1.16151878E+00  1.07767786E-03
 1.16141409E+00  1.18667205E-03
 1.16125763E+00  1.30130040E-03
 1.16105746E+00  1.42201374E-03
 1.16082541E+00  1.54904950E-03
 1.16056733E+00  1.68025366E-03
 1.16028629E+00  1.81151871E-03
 1.15998750E+00  1.93941110E-03
 1.15967749E+00  2.06100703E-03
 1.15937055E+00  2.17437517E-03
 1.15908711E+00  2.27905570E-03
 1.15884156E+00  2.37358166E-03
 1.15864242E+00  2.45573130E-03
 1.15849275E+00  2.52406668E-03
 1.15838779E+00  2.57711155E-03
 1.15832471E+00  2.61409241E-03
 1.15830308E+00  2.63507926E-03
 1.15831880E+00  2.63910270E-03
 1.15836788E+00  2.62489630E-03
 1.15844466E+00  2.59239844E-03
 1.15854155E+00  2.54254562E-03
 1.15865721E+00  2.47814178E-03
 1.15879408E+00  2.40386504E-03
 1.15895267E+00  2.32412428E-03
 1.15913209E+00  2.24303822E-03
 1.15932557E+00  2.16476628E-03
 1.15952094E+00  2.09275423E-03
 1.15971065E+00  2.03068112E-03
 1.15989137E+00  1.98215796E-03
 1.16006197E+00  1.94904713E-03
 1.16022591E+00  1.93204737E-03
 1.16038457E+00  1.93134872E-03
 1.16053690E+00  1.94661634E-03
 1.16068528E+00  1.97833500E-03
 1.16083236E+00  2.02751179E-03
 1.16098034E+00  2.09351833E-03
 1.16113129E+00  2.17432568E-03
 1.16128137E+00  2.26675807E-03
 1.16142221E+00  2.36608523E-03
 1.16154702E+00  2.46773054E-03
 1.16165027E+00  2.56734426E-03
 1.16172985E+00  2.65958431E-03
 1.16178784E+00  2.73913617E-03
 1.16182350E+00  2.80127575E-03
 1.16183394E+00  2.84215454E-03
 1.16181746E+00  2.86055877E-03
 1.16177142E+00  2.85756570E-03
 1.16169525E+00  2.83450859E-03
 1.16159069E+00  2.79292628E-03
 1.16145669E+00  2.73390947E-03
 1.16129165E+00  2.65786884E-03
 1.16109660E+00  2.56704943E-03
 1.16087474E+00  2.46525345E-03
 1.16063444E+00  2.35643791E-03
 1.16038890E+00  2.24548735E-03
 1.16015046E+00  2.13725481E-03
 1.15993060E+00  2.03644880E-03
 1.15974019E+00  1.94958112E-03
 1.15958771E+00  1.88386458E-03
 1.15948254E+00  1.84519064E-03
 1.15943413E+00  1.83795219E-03
 1.15944769E+00  1.86357093E-03
 1.15952588E+00  1.92046357E-03
 1.15966965E+00  2.00698014E-03
 1.15987825E+00  2.12142323E-03
 1.16015295E+00  2.26172565E-03
 1.16049606E+00  2.42613408E-03
 1.16090556E+00  2.61093588E-03
 1.16137571E+00  2.81063114E-03
 1.16189707E+00  3.02009500E-03
 1.16245565E+00  3.23369050E-03
 1.16303772E+00  3.44537308E-03
 1.16362987E+00  3.64895459E-03
 1.16421638E+00  3.83613479E-03
 1.16478172E+00  3.99747933E-03
 1.16531129E+00  4.12524467E-03
 1.16579220E+00  4.21357668E-03
 1.16621795E+00  4.25957645E-03
 1.16658735E+00  4.26361693E-03
 1.16689983E+00  4.22620378E-03
 1.16715533E+00  4.14790078E-03
 1.16735215E+00  4.03016063E-03
 1.16748665E+00  3.87452042E-03
 1.16755982E+00  3.68468653E-03
 1.16757655E+00  3.46648398E-03
 1.16754251E+00  3.22548858E-03
 1.16746611E+00  2.96789369E-03
 1.16735570E+00  2.70068200E-03
 1.16721939E+00  2.43126091E-03
 1.16707015E+00  2.16931212E-03
 1.16692293E+00  1.92581201E-03
 1.16679009E+00  1.70993930E-03
 1.16668097E+00  1.52874011E-03
 1.16659811E+00  1.38604995E-03
 1.16653733E+00  1.28216386E-03
 1.16649534E+00  1.21724531E-03
 1.16646980E+00  1.19154275E-03
 1.16645894E+00  1.20464688E-03
 1.16646339E+00  1.25632904E-03
 1.16648042E+00  1.34409033E-03
 1.16650462E+00  1.46326653E-03
 1.16653349E+00  1.60966167E-03
 1.16656487E+00  1.77851064E-03
 1.16659665E+00  1.96433909E-03
 1.16662685E+00  2.16123772E-03
 1.16664787E+00  2.36050641E-03
 1.16664847E+00  2.55179510E-03
 1.16662121E+00  2.72673390E-03
 1.16656208E+00  2.87921693E-03
 1.16647208E+00  3.00660931E-03
 1.16635818E+00  3.11008749E-03
 1.16622567E+00  3.19050547E-03
 1.16607819E+00  3.24814011E-03
 1.16592102E+00  3.28365746E-03
 1.16575840E+00  3.29695784E-03
 1.16559607E+00  3.28975957E-03
 1.16544106E+00  3.26538117E-03
 1.16529579E+00  3.22547969E-03
 1.16515998E+00  3.17136325E-03
 1.16503414E+00  3.10475317E-03
 1.16491911E+00  3.02766113E-03
 1.16482003E+00  2.94534045E-03
 1.16474569E+00  2.86527826E-03
 1.16470144E+00  2.79276127E-03
 1.16468965E+00  2.73092836E-03
 1.16471090E+00  2.68015237E-03
 1.16476214E+00  2.63740851E-03
 1.16484160E+00  2.60064273E-03
 1.16494867E+00  2.56890714E-03
 1.16507951E+00  2.54043351E-03
 1.16522929E+00  2.51420013E-03
 1.16539276E+00  2.48846372E-03
 1.16556393E+00  2.46089384E-03
 1.16573997E+00  2.43209828E-03
 1.16592045E+00  2.40439219E-03
 1.16610331E+00  2.37971016E-03
 1.16628547E+00  2.35969419E-03
 1.16646201E+00  2.34323253E-03
 1.16662571E+00  2.32677739E-03
 1.16677142E+00  2.30877557E-03
 1.16689594E+00  2.28928037E-03
 1.16699610E+00  2.26922081E-03
 1.16707018E+00  2.25141388E-03
 1.16711626E+00  2.23747047E-03
 1.16713207E+00  2.22778273E-03
 1.16711773E+00  2.22429293E-03
 1.16707489E+00  2.22896682E-03
 1.16700545E+00  2.24322999E-03
 1.16691216E+00  2.26811179E-03
 1.16679700E+00  2.30162110E-03
 1.16666125E+00  2.33935450E-03
 1.16650765E+00  2.37748208E-03
 1.16633993E+00  2.41260274E-03
 1.16616252E+00  2.44251709E-03
 1.16598077E+00  2.46677741E-03
 1.16579917E+00  2.48375317E-03
 1.16562100E+00  2.49105602E-03
 1.16544909E+00  2.48741250E-03
 1.16528539E+00  2.47161380E-03
 1.16513171E+00  2.44323438E-03
 1.16499021E+00  2.40264233E-03
 1.16486269E+00  2.34851830E-03
 1.16475093E+00  2.27872335E-03
 1.16465641E+00  2.19240540E-03
 1.16458021E+00  2.08963943E-03
 1.16452398E+00  1.97225857E-03
 1.16448962E+00  1.84404710E-03
 1.16447870E+00  1.70820423E-03
 1.16449243E+00  1.56750464E-03
 1.16453082E+00  1.42527538E-03
 1.16459292E+00  1.28441497E-03
 1.16467846E+00  1.14803436E-03
 1.16478788E+00  1.01928146E-03
 1.16492245E+00  8.99402503E-04
 1.16508440E+00  7.88380357E-04
 1.16527518E+00  6.86241753E-04
 1.16549525E+00  5.92988977E-04
 1.16574466E+00  5.09755239E-04
 1.16602236E+00  4.38811770E-04
 1.16632666E+00  3.81363583E-04
 1.16665501E+00  3.37898932E-04
 1.16700248E+00  3.08970443E-04
 1.16736232E+00  2.94520801E-04
 1.16772731E+00  2.94899805E-04
 1.16809005E+00  3.10752152E-04
 1.16844441E+00  3.41289406E-04
 1.16878565E+00  3.85045333E-04
 1.16910819E+00  4.41009199E-04
 1.16940621E+00  5.08472621E-04
 1.16967461E+00  5.88001754E-04
 1.16990836E+00  6.81380293E-04
 1.17010375E+00  7.89674535E-04
 1.17025819E+00  9.13327930E-04
 1.17036816E+00  1.05248466E-03
 1.17043030E+00  1.20638652E-03
 1.17044308E+00  1.37437858E-03
 1.17040672E+00  1.55573602E-03
 1.17032436E+00  1.74826178E-03
 1.17020197E+00  1.94890636E-03
 1.17004560E+00  2.15436533E-03
 1.16986142E+00  2.36112208E-03
 1.16965606E+00  2.56671033E-03
 1.16943557E+00  2.76959000E-03
 1.16920622E+00  2.96753711E-03
 1.16897393E+00  3.15800218E-03
 1.16874169E+00  3.33844518E-03
 1.16851057E+00  3.50594294E-03
 1.16828133E+00  3.65827539E-03
 1.16805474E+00  3.79381406E-03
 1.16783364E+00  3.91029393E-03
 1.16762273E+00  4.00546714E-03
 1.16742495E+00  4.07774580E-03
 1.16724207E+00  4.12612394E-03
 1.16707578E+00  4.15105900E-03
 1.16692665E+00  4.15434907E-03
 1.16679600E+00  4.13772067E-03
 1.16668557E+00  4.10290262E-03
 1.16659445E+00  4.05169350E-03
 1.16652051E+00  3.98548747E-03
 1.16646259E+00  3.90602082E-03
 1.16642038E+00  3.81510913E-03
 1.16639633E+00  3.71351595E-03
 1.16639548E+00  3.60144214E-03
 1.16642142E+00  3.47905515E-03
 1.16647637E+00  3.34658153E-03
 1.16656159E+00  3.20537305E-03
 1.16667612E+00  3.05776725E-03
 1.16681900E+00  2.90557713E-03
 1.16698873E+00  2.75037540E-03
 1.16718024E+00  2.59382982E-03
 1.16738631E+00  2.43726239E-03
 1.16759899E+00  2.28250923E-03
 1.16780990E+00  2.13172695E-03
 1.16801331E+00  1.98609800E-03
 1.16820594E+00  1.84639626E-03
 1.16838313E+00  1.71372560E-03
 1.16853983E+00  1.58938698E-03
 1.16867151E+00  1.47561687E-03
 1.16877328E+00  1.37548101E-03
 1.16884235E+00  1.29139112E-03
 1.16887772E+00  1.22516308E-03
 1.16887705E+00  1.17822247E-03
 1.16883825E+00  1.15108616E-03
 1.16876161E+00  1.14401261E-03
 1.16864955E+00  1.15679595E-03
 1.16850876E+00  1.18763507E-03
 1.16834987E+00  1.23364362E-03
 1.16818336E+00  1.29153246E-03
 1.16801958E+00  1.35774113E-03
 1.16786890E+00  1.42950306E-03
 1.16774019E+00  1.50487382E-03
 1.16764243E+00  1.58140300E-03
 1.16758374E+00  1.65657451E-03
 1.16756773E+00  1.72839579E-03
 1.16759484E+00  1.79496940E-03
 1.16766427E+00  1.85508982E-03
 1.16777428E+00  1.90804335E-03
 1.16792523E+00  1.95225723E-03
 1.16811915E+00  1.98587580E-03
 1.16835447E+00  2.00795416E-03
 1.16862677E+00  2.01830647E-03
 1.16892998E+00  2.01801164E-03
 1.16925516E+00  2.00948501E-03
 1.16959389E+00  1.99491086E-03
 1.16993820E+00  1.97632917E-03
 1.17027684E+00  1.95624399E-03
 1.17059770E+00  1.93689428E-03
 1.17089037E+00  1.92040036E-03
 1.17114654E+00  1.90849151E-03
 1.17136374E+00  1.90108556E-03
 1.17154480E+00  1.89674533E-03
 1.17169226E+00  1.89399302E-03
 1.17180839E+00  1.89140436E-03
 1.17189472E+00  1.88847992E-03
 1.17195098E+00  1.88575220E-03
 1.17198005E+00  1.88286901E-03
 1.17198740E+00  1.87893639E-03
 1.17197694E+00  1.87347038E-03
 1.17195309E+00  1.86573936E-03
 1.17192022E+00  1.85543562E-03
 1.17188255E+00  1.84253424E-03
 1.17184876E+00  1.82554189E-03
 1.17183011E+00  1.80221589E-03
 1.17183502E+00  1.77108283E-03
 1.17186915E+00  1.73129710E-03
 1.17193362E+00  1.68342634E-03
 1.17202441E+00  1.62953196E-03
 1.17213847E+00  1.57111090E-03
 1.17227367E+00  1.50920554E-03
 1.17242663E+00  1.44506458E-03
 1.17259466E+00  1.37943530E-03
 1.17277298E+00  1.31336803E-03
 1.17295487E+00  1.24809407E-03
 1.17313632E+00  1.18347273E-03
 1.17331441E+00  1.11858457E-03
 1.17348544E+00  1.05259571E-03
 1.17364544E+00  9.84723571E-04
 1.17378686E+00  9.15350518E-04
 1.17389952E+00  8.45945993E-04
 1.17397624E+00  7.77293862E-04
 1.17401268E+00  7.09777324E-04
 1.17400747E+00  6.43813003E-04
 1.17396329E+00  5.79371356E-04
 1.17388237E+00  5.17014874E-04
 1.17376630E+00  4.57805008E-04
 1.17361892E+00  4.01994091E-04
 1.17344458E+00  3.49622546E-04
 1.17324929E+00  3.01099344E-04
 1.17304088E+00  2.57051395E-04
 1.17282540E+00  2.19162692E-04
 1.17260804E+00  1.90053702E-04
 1.17239526E+00  1.71955039E-04
 1.17219421E+00  1.66811247E-04
 1.17201444E+00  1.76369791E-04
 1.17186737E+00  2.01771205E-04
 1.17176197E+00  2.44283626E-04
 1.17170445E+00  3.05134261E-04
 1.17169849E+00  3.84568422E-04
 1.17174423E+00  4.82215156E-04
 1.17184158E+00  5.97312840E-04
 1.17199043E+00  7.28654689E-04
 1.17218874E+00  8.75346952E-04
 1.17243361E+00  1.03662901E-03
 1.17272004E+00  1.21082554E-03
 1.17304074E+00  1.39548960E-03
 1.17338880E+00  1.58746052E-03
 1.17375698E+00  1.78269311E-03
 1.17413673E+00  1.97715763E-03
 1.17451869E+00  2.16689343E-03
 1.17489129E+00  2.34749125E-03
 1.17524159E+00  2.51459740E-03
 1.17555876E+00  2.66409203E-03
 1.17583467E+00  2.79225127E-03
 1.17606460E+00  2.89663255E-03
 1.17624779E+00  2.97592717E-03
 1.17638395E+00  3.02912809E-03
 1.17647295E+00  3.05555941E-03
 1.17651562E+00  3.05455251E-03
 1.17651303E+00  3.02543323E-03
 1.17646895E+00  2.96877315E-03
 1.17638985E+00  2.88632594E-03
 1.17628210E+00  2.78051715E-03
 1.17615304E+00  2.65475262E-03
 1.17601094E+00  2.51273938E-03
 1.17586462E+00  2.35834971E-03
 1.17572590E+00  2.19637060E-03
 1.17560812E+00  2.03190710E-03
 1.17552222E+00  1.86965658E-03
 1.17547616E+00  1.71368099E-03
 1.17547324E+00  1.56643511E-03
 1.17551186E+00  1.42889188E-03
 1.17559023E+00  1.30201265E-03
 1.17570677E+00  1.18686411E-03
 1.17585933E+00  1.08490795E-03
 1.17604638E+00  9.98209888E-04
 1.17626344E+00  9.27775181E-04
 1.17650332E+00  8.73713384E-04
 1.17675996E+00  8.36305631E-04
 1.17702683E+00  8.15399612E-04
 1.17729676E+00  8.10816048E-04
 1.17756220E+00  8.22325534E-04
 1.17781164E+00  8.48130697E-04
 1.17803122E+00  8.85537470E-04
 1.17821007E+00  9.32551386E-04
 1.17834053E+00  9.87877560E-04
 1.17841977E+00  1.05171088E-03
 1.17845037E+00  1.12575712E-03
 1.17843445E+00  1.21099317E-03
 1.17837345E+00  1.30757291E-03
 1.17826990E+00  1.41521031E-03
 1.17812568E+00  1.53246948E-03
 1.17794517E+00  1.65796649E-03
 1.17773510E+00  1.79013314E-03
 1.17749985E+00  1.92544875E-03
 1.17724327E+00  2.05925311E-03
 1.17697003E+00  2.18659299E-03
 1.17668540E+00  2.30241301E-03
 1.17639892E+00  2.40337290E-03
 1.17612320E+00  2.48766230E-03
 1.17586786E+00  2.55268052E-03
 1.17563958E+00  2.59553441E-03
 1.17544150E+00  2.61350642E-03
 1.17527225E+00  2.60355652E-03
 1.17513148E+00  2.56407247E-03
 1.17502002E+00  2.49476701E-03
 1.17493717E+00  2.39493780E-03
 1.17488261E+00  2.26452859E-03
 1.17485465E+00  2.10506984E-03
 1.17485026E+00  1.91967557E-03
 1.17486948E+00  1.71454482E-03
 1.17491399E+00  1.49857791E-03
 1.17498447E+00  1.28084028E-03
 1.17508089E+00  1.07039320E-03
 1.17519963E+00  8.75899757E-04
 1.17533393E+00  7.04705057E-04
 1.17547952E+00  5.64292068E-04
 1.17563430E+00  4.61480709E-04
 1.17579772E+00  4.00124734E-04
 1.17597198E+00  3.81971580E-04
 1.17615780E+00  4.07413975E-04
 1.17635429E+00  4.75701279E-04
 1.17656197E+00  5.87240406E-04
 1.17678090E+00  7.42971321E-04
 1.17701084E+00  9.40793770E-04
 1.17725129E+00  1.17595171E-03
 1.17749799E+00  1.44137781E-03
 1.17774391E+00  1.72706143E-03
 1.17798259E+00  2.02304373E-03
 1.17820801E+00  2.31950898E-03
 1.17841643E+00  2.60467448E-03
 1.17860663E+00  2.86668386E-03
 1.17877567E+00  3.09480897E-03
 1.17891945E+00  3.28009971E-03
 1.17903450E+00  3.41863695E-03
 1.17911684E+00  3.51091134E-03
 1.17916402E+00  3.55788932E-03
 1.17917528E+00  3.56086057E-03
 1.17914836E+00  3.52025534E-03
 1.17908102E+00  3.43517322E-03
 1.17897307E+00  3.30819069E-03
 1.17882611E+00  3.14481959E-03
 1.17864561E+00  2.95071216E-03
 1.17844059E+00  2.73321905E-03
 1.17821987E+00  2.49975623E-03
 1.17799196E+00  2.25767574E-03
 1.17776511E+00  2.01817861E-03
 1.17754605E+00  1.79424787E-03
 1.17734213E+00  1.59653068E-03
 1.17716064E+00  1.43308824E-03
 1.17700572E+00  1.30673924E-03
 1.17687960E+00  1.21496979E-03
 1.17678342E+00  1.15578375E-03
 1.17671738E+00  1.12778566E-03
 1.17668355E+00  1.12937168E-03
 1.17668518E+00  1.16023496E-03
 1.17672258E+00  1.21726983E-03
 1.17679361E+00  1.29496794E-03
 1.17689398E+00  1.38980806E-03
 1.17701646E+00  1.49839026E-03
 1.17715422E+00  1.61691006E-03
 1.17730084E+00  1.74139831E-03
 1.17744783E+00  1.86360240E-03
 1.17758653E+00  1.97249019E-03
 1.17770920E+00  2.05997331E-03
 1.17780942E+00  2.12082152E-03
 1.17788549E+00  2.15380582E-03
 1.17793961E+00  2.16249185E-03
 1.17797401E+00  2.14945070E-03
 1.17799073E+00  2.11617934E-03
 1.17799053E+00  2.06550877E-03
 1.17797225E+00  1.99965123E-03
 1.17793739E+00  1.92247990E-03
 1.17788947E+00  1.83941511E-03
 1.17783124E+00  1.75289621E-03
 1.17776624E+00  1.66393635E-03
 1.17769763E+00  1.57430638E-03
 1.17762821E+00  1.48620879E-03
 1.17756441E+00  1.40533950E-03
 1.17751453E+00  1.34019623E-03
 1.17748475E+00  1.29648940E-03
 1.17747924E+00  1.27734572E-03
 1.17749819E+00  1.28359146E-03
 1.17753756E+00  1.31260090E-03
 1.17759430E+00  1.36261625E-03
 1.17766626E+00  1.43285519E-03
 1.17775082E+00  1.52054590E-03
 1.17784648E+00  1.62267956E-03
 1.17795022E+00  1.73546633E-03
 1.17805779E+00  1.85419404E-03
 1.17816763E+00  1.97676507E-03
 1.17827933E+00  2.10274754E-03
 1.17839222E+00  2.23069048E-03
 1.17850548E+00  2.35848060E-03
 1.17861508E+00  2.48175741E-03
 1.17871449E+00  2.59399620E-03
 1.17879942E+00  2.69074627E-03
 1.17886751E+00  2.76952737E-03
 1.17891815E+00  2.82887161E-03
 1.17895350E+00  2.86939405E-03
 1.17897471E+00  2.89124634E-03
 1.17898197E+00  2.89395026E-03
 1.17897728E+00  2.87885356E-03
 1.17896284E+00  2.84795053E-03
 1.17894127E+00  2.80361339E-03
 1.17891581E+00  2.74882959E-03
 1.17888729E+00  2.68498629E-03
 1.17885491E+00  2.61232025E-03
 1.17881877E+00  2.53204383E-03
 1.17877950E+00  2.44605674E-03
 1.17873936E+00  2.35755009E-03
 1.17870238E+00  2.27110611E-03
 1.17867103E+00  2.19000415E-03
 1.17864638E+00  2.11617073E-03
 1.17862923E+00  2.05099734E-03
 1.17861916E+00  1.99463273E-03
 1.17861614E+00  1.94743967E-03
 1.17862067E+00  1.91021645E-03
 1.17863163E+00  1.88271290E-03
 1.17864719E+00  1.86431803E-03
 1.17866549E+00  1.85423102E-03
 1.17868433E+00  1.85132117E-03
 1.17870269E+00  1.85548521E-03
 1.17872046E+00  1.86735997E-03
 1.17873677E+00  1.88701625E-03
 1.17875018E+00  1.91407949E-03
 1.17875874E+00  1.94724412E-03
 1.17875969E+00  1.98426009E-03
 1.17875113E+00  2.02374486E-03
 1.17873215E+00  2.06522187E-03
 1.17870196E+00  2.10866262E-03
 1.17866047E+00  2.15490411E-03
 1.17860764E+00  2.20449028E-03
 1.17854330E+00  2.25749885E-03
 1.17846802E+00  2.31449296E-03
 1.17838283E+00  2.37597948E-03
 1.17828890E+00  2.44236704E-03
 1.17818769E+00  2.51398456E-03
 1.17808027E+00  2.58999276E-03
 1.17796743E+00  2.66867748E-03
 1.17785037E+00  2.74849583E-03
 1.17773065E+00  2.82808287E-03
 1.17761036E+00  2.90683025E-03
 1.17749203E+00  2.98493643E-03
 1.17737775E+00  3.06192731E-03
 1.17726898E+00  3.13677868E-03
 1.17716681E+00  3.20843891E-03
 1.17707170E+00  3.27543903E-03
 1.17698418E+00  3.33672179E-03
 1.17690499E+00  3.39167968E-03
 1.17683465E+00  3.43912320E-03
 1.17677368E+00  3.47779883E-03
 1.17672254E+00  3.50690542E-03
 1.17668151E+00  3.52603874E-03
 1.17665145E+00  3.53598445E-03
 1.17663351E+00  3.53858609E-03
 1.17662866E+00  3.53553474E-03
 1.17663766E+00  3.52838100E-03
 1.17666056E+00  3.51843895E-03
 1.17669677E+00  3.50646965E-03
 1.17674598E+00  3.49358473E-03
 1.17680814E+00  3.48106256E-03
 1.17688327E+00  3.46947851E-03
 1.17697166E+00  3.45911441E-03
 1.17707308E+00  3.45001533E-03
 1.17718675E+00  3.44201847E-03
 1.17731191E+00  3.43571702E-03
 1.17744743E+00  3.43220112E-03
 1.17759167E+00  3.43196367E-03
 1.17774250E+00  3.43507372E-03
 1.17789658E+00  3.44110616E-03
 1.17804961E+00  3.44894418E-03
 1.17819718E+00  3.45776228E-03
 1.17833495E+00  3.46695246E-03
 1.17845901E+00  3.47544030E-03
 1.17856617E+00  3.48216644E-03
 1.17865307E+00  3.48619428E-03
 1.17871649E+00  3.48675135E-03
 1.17875408E+00  3.48405742E-03
