# x =
 9.59131410E+00
# y =
 3.25097170E+00
 VARIABLES = u,v
 1.17219442E+00  4.49563236E-03
 1.17217901E+00  4.48859356E-03
 1.17217476E+00  4.45246070E-03
 1.17218296E+00  4.38853332E-03
 1.17220452E+00  4.29840015E-03
 1.17224012E+00  4.18498154E-03
 1.17229012E+00  4.05259491E-03
 1.17235344E+00  3.90476782E-03
 1.17242792E+00  3.74489428E-03
 1.17251133E+00  3.57718368E-03
 1.17260138E+00  3.40633298E-03
 1.17269652E+00  3.23875540E-03
 1.17279595E+00  3.08210176E-03
 1.17289823E+00  2.94253411E-03
 1.17300151E+00  2.82453224E-03
 1.17310418E+00  2.73065338E-03
 1.17320438E+00  2.66106353E-03
 1.17330070E+00  2.61590942E-03
 1.17339203E+00  2.59551587E-03
 1.17347636E+00  2.59939125E-03
 1.17355127E+00  2.62693368E-03
 1.17361485E+00  2.67619635E-03
 1.17366558E+00  2.74387229E-03
 1.17370289E+00  2.82720738E-03
 1.17372723E+00  2.92336139E-03
 1.17373877E+00  3.02887573E-03
 1.17373750E+00  3.13990367E-03
 1.17372365E+00  3.25082842E-03
 1.17369728E+00  3.35489458E-03
 1.17365864E+00  3.44681253E-03
 1.17360818E+00  3.52297968E-03
 1.17354549E+00  3.58202621E-03
 1.17346971E+00  3.62514108E-03
 1.17338025E+00  3.65340997E-03
 1.17327682E+00  3.66759801E-03
 1.17316013E+00  3.66894091E-03
 1.17303195E+00  3.65836744E-03
 1.17289399E+00  3.63803807E-03
 1.17274817E+00  3.61123653E-03
 1.17259709E+00  3.58021440E-03
 1.17244359E+00  3.54699202E-03
 1.17229107E+00  3.51392569E-03
 1.17214330E+00  3.48357592E-03
 1.17200319E+00  3.46051542E-03
 1.17187311E+00  3.45064980E-03
 1.17175565E+00  3.45824453E-03
 1.17165325E+00  3.48586201E-03
 1.17156842E+00  3.53391409E-03
 1.17150377E+00  3.60022215E-03
 1.17146107E+00  3.68289973E-03
 1.17144143E+00  3.78045833E-03
 1.17144590E+00  3.89057371E-03
 1.17147495E+00  4.01105785E-03
 1.17152820E+00  4.13869925E-03
 1.17160430E+00  4.26932297E-03
 1.17170024E+00  4.40011486E-03
 1.17181157E+00  4.52885211E-03
 1.17193354E+00  4.65283997E-03
 1.17206124E+00  4.76910421E-03
 1.17218987E+00  4.87283523E-03
 1.17231517E+00  4.95783101E-03
 1.17243289E+00  5.01947723E-03
 1.17253919E+00  5.05474328E-03
 1.17263190E+00  5.06218461E-03
 1.17271005E+00  5.04254004E-03
 1.17277329E+00  4.99635164E-03
 1.17282169E+00  4.92390212E-03
 1.17285452E+00  4.82670308E-03
 1.17287052E+00  4.70661699E-03
 1.17286990E+00  4.56644829E-03
 1.17285413E+00  4.41002775E-03
 1.17282554E+00  4.24028190E-03
 1.17278777E+00  4.05976121E-03
 1.17274427E+00  3.87177570E-03
 1.17269833E+00  3.68011855E-03
 1.17265446E+00  3.48998578E-03
 1.17261741E+00  3.30771025E-03
 1.17259114E+00  3.13838306E-03
 1.17257854E+00  2.98573190E-03
 1.17257978E+00  2.85220124E-03
 1.17259260E+00  2.73846222E-03
 1.17261466E+00  2.64520876E-03
 1.17264365E+00  2.57331375E-03
 1.17267765E+00  2.52279357E-03
 1.17271555E+00  2.49340755E-03
 1.17275468E+00  2.48398504E-03
 1.17279110E+00  2.49235411E-03
 1.17282142E+00  2.51682566E-03
 1.17284188E+00  2.55575136E-03
 1.17284887E+00  2.60686606E-03
 1.17283896E+00  2.66748379E-03
 1.17280685E+00  2.73360680E-03
 1.17274630E+00  2.80029743E-03
 1.17265265E+00  2.86366501E-03
 1.17252288E+00  2.92103998E-03
 1.17235665E+00  2.97120907E-03
 1.17215659E+00  3.01469684E-03
 1.17192535E+00  3.05187741E-03
 1.17166561E+00  3.08276936E-03
 1.17138101E+00  3.10766773E-03
 1.17107529E+00  3.12656705E-03
 1.17075395E+00  3.14017568E-03
 1.17042421E+00  3.14984195E-03
 1.17009280E+00  3.15598634E-03
 1.16976669E+00  3.15869138E-03
 1.16945342E+00  3.15824472E-03
 1.16916070E+00  3.15509953E-03
 1.16889789E+00  3.15122385E-03
 1.16867515E+00  3.14967122E-03
 1.16850083E+00  3.15237429E-03
 1.16838110E+00  3.16016268E-03
 1.16831924E+00  3.17258171E-03
 1.16831518E+00  3.18756072E-03
 1.16836809E+00  3.20350826E-03
 1.16847638E+00  3.21940376E-03
 1.16863693E+00  3.23379965E-03
 1.16884560E+00  3.24561333E-03
 1.16909536E+00  3.25354118E-03
 1.16937617E+00  3.25613373E-03
 1.16967690E+00  3.25353283E-03
 1.16998479E+00  3.24688392E-03
 1.17028587E+00  3.23718602E-03
 1.17056559E+00  3.22531102E-03
 1.17080775E+00  3.21082568E-03
 1.17099566E+00  3.19209154E-03
 1.17111476E+00  3.16847381E-03
 1.17115340E+00  3.14011899E-03
 1.17110477E+00  3.10746439E-03
 1.17096700E+00  3.07178765E-03
 1.17073979E+00  3.03379733E-03
 1.17042409E+00  2.99365824E-03
 1.17002180E+00  2.95248596E-03
 1.16953549E+00  2.91159050E-03
 1.16897252E+00  2.87197516E-03
 1.16834495E+00  2.83444700E-03
 1.16766709E+00  2.79840377E-03
 1.16695653E+00  2.76205803E-03
 1.16623220E+00  2.72400775E-03
 1.16551370E+00  2.68312861E-03
 1.16482405E+00  2.63873076E-03
 1.16418729E+00  2.59091155E-03
 1.16362458E+00  2.53926441E-03
 1.16315301E+00  2.48305682E-03
 1.16278178E+00  2.42224429E-03
 1.16251247E+00  2.35694425E-03
 1.16234534E+00  2.28753256E-03
 1.16227990E+00  2.21465432E-03
 1.16231564E+00  2.13806629E-03
 1.16245291E+00  2.05695812E-03
 1.16268588E+00  1.97105240E-03
 1.16300307E+00  1.88038897E-03
 1.16339212E+00  1.78552701E-03
 1.16383745E+00  1.68772413E-03
 1.16432244E+00  1.58786031E-03
 1.16482990E+00  1.48654617E-03
 1.16533627E+00  1.38477675E-03
 1.16581507E+00  1.28347903E-03
 1.16624404E+00  1.18358525E-03
 1.16660606E+00  1.08603901E-03
 1.16689372E+00  9.91001406E-04
 1.16710944E+00  8.98065995E-04
 1.16725536E+00  8.06948822E-04
 1.16733285E+00  7.17403007E-04
 1.16734338E+00  6.29492476E-04
 1.16728613E+00  5.43693701E-04
 1.16716594E+00  4.60118388E-04
 1.16699261E+00  3.78637215E-04
 1.16677308E+00  2.99308055E-04
 1.16651492E+00  2.22106645E-04
 1.16622645E+00  1.47145495E-04
 1.16591639E+00  7.46737780E-05
 1.16560181E+00  4.46946981E-06
 1.16530483E+00 -6.39315821E-05
 1.16504204E+00 -1.30739113E-04
 1.16482435E+00 -1.95983267E-04
 1.16465405E+00 -2.59273561E-04
 1.16452359E+00 -3.19747616E-04
 1.16442734E+00 -3.76674708E-04
 1.16436188E+00 -4.29394856E-04
 1.16432201E+00 -4.77080979E-04
 1.16430460E+00 -5.18934177E-04
 1.16430300E+00 -5.53946442E-04
 1.16430757E+00 -5.80899230E-04
 1.16431485E+00 -5.98778984E-04
 1.16432419E+00 -6.06654852E-04
 1.16433392E+00 -6.03537117E-04
 1.16434182E+00 -5.88470883E-04
 1.16433804E+00 -5.60349574E-04
 1.16430684E+00 -5.17988887E-04
 1.16423830E+00 -4.60540804E-04
 1.16412775E+00 -3.87517645E-04
 1.16397563E+00 -2.98826569E-04
 1.16378973E+00 -1.94868442E-04
 1.16357566E+00 -7.62499136E-05
 1.16333670E+00  5.62184026E-05
 1.16308008E+00  2.01350704E-04
 1.16281307E+00  3.57648611E-04
 1.16254425E+00  5.23115309E-04
 1.16228365E+00  6.95209664E-04
 1.16203500E+00  8.71048753E-04
 1.16179784E+00  1.04738830E-03
 1.16157358E+00  1.22071901E-03
 1.16136477E+00  1.38740533E-03
 1.16117874E+00  1.54366743E-03
 1.16102752E+00  1.68575933E-03
 1.16091869E+00  1.81021715E-03
 1.16085584E+00  1.91404977E-03
 1.16084102E+00  1.99506473E-03
 1.16087229E+00  2.05186297E-03
 1.16094883E+00  2.08345488E-03
 1.16107110E+00  2.08920037E-03
 1.16123507E+00  2.06864670E-03
 1.16143475E+00  2.02157577E-03
 1.16166376E+00  1.94875250E-03
 1.16191464E+00  1.85192447E-03
 1.16218330E+00  1.73356284E-03
 1.16246834E+00  1.59700124E-03
 1.16276602E+00  1.44590759E-03
 1.16307105E+00  1.28416038E-03
 1.16337610E+00  1.11624719E-03
 1.16367129E+00  9.46798285E-04
 1.16394915E+00  7.80105512E-04
 1.16420486E+00  6.19847250E-04
 1.16443387E+00  4.68272133E-04
 1.16463357E+00  3.26327102E-04
 1.16480136E+00  1.94771172E-04
 1.16493419E+00  7.43036255E-05
 1.16503160E+00 -3.40767243E-05
 1.16509466E+00 -1.28974442E-04
 1.16512501E+00 -2.10086597E-04
 1.16512533E+00 -2.78062441E-04
 1.16509745E+00 -3.33684362E-04
 1.16504250E+00 -3.78335217E-04
 1.16496316E+00 -4.13427669E-04
 1.16486326E+00 -4.40374639E-04
 1.16474785E+00 -4.61822756E-04
 1.16462328E+00 -4.80955755E-04
 1.16449456E+00 -5.00179497E-04
 1.16436492E+00 -5.20990023E-04
 1.16423644E+00 -5.43030558E-04
 1.16410941E+00 -5.64126247E-04
 1.16398420E+00 -5.82321744E-04
 1.16386171E+00 -5.95976882E-04
 1.16374251E+00 -6.03641241E-04
 1.16362748E+00 -6.04575364E-04
 1.16351701E+00 -5.97241907E-04
 1.16341104E+00 -5.79513791E-04
 1.16331082E+00 -5.50246179E-04
 1.16321827E+00 -5.08591955E-04
 1.16313507E+00 -4.53859101E-04
 1.16306255E+00 -3.85537918E-04
 1.16300010E+00 -3.01698276E-04
 1.16294559E+00 -1.99560501E-04
 1.16289816E+00 -7.76379413E-05
 1.16285813E+00  6.43390255E-05
 1.16282709E+00  2.25026125E-04
 1.16280822E+00  4.01197408E-04
 1.16280371E+00  5.89978931E-04
 1.16281458E+00  7.88898991E-04
 1.16284200E+00  9.94971608E-04
 1.16288624E+00  1.20554129E-03
 1.16294698E+00  1.41761624E-03
 1.16302319E+00  1.62801196E-03
 1.16311076E+00  1.83519064E-03
 1.16320335E+00  2.03844644E-03
 1.16329430E+00  2.23634649E-03
 1.16337681E+00  2.42645093E-03
 1.16344548E+00  2.60365673E-03
 1.16349647E+00  2.76003213E-03
 1.16352454E+00  2.88719543E-03
 1.16352357E+00  2.97564104E-03
 1.16348790E+00  3.01360678E-03
 1.16341172E+00  2.98898778E-03
 1.16329124E+00  2.89063203E-03
 1.16312508E+00  2.71040921E-03
 1.16291243E+00  2.44794109E-03
 1.16265475E+00  2.11142218E-03
 1.16235758E+00  1.71554625E-03
 1.16203111E+00  1.28442459E-03
 1.16169257E+00  8.54396256E-04
 1.16136469E+00  4.69474868E-04
 1.16106933E+00  1.74396771E-04
 1.16082519E+00  7.62639086E-06
 1.16064439E+00 -1.13117676E-05
 1.16052959E+00  1.14756399E-04
 1.16047755E+00  3.68625874E-04
 1.16047541E+00  7.09850409E-04
 1.16049322E+00  1.06319950E-03
 1.16049036E+00  1.33150760E-03
 1.16042581E+00  1.41381764E-03
 1.16026575E+00  1.22342593E-03
 1.16000026E+00  7.24805767E-04
 1.15964438E+00 -6.04041965E-05
 1.15921900E+00 -1.08262728E-03
 1.15875757E+00 -2.24254548E-03
 1.15831549E+00 -3.36353058E-03
 1.15796445E+00 -4.22426544E-03
 1.15780392E+00 -4.59318665E-03
 1.15795693E+00 -4.27207935E-03
 1.15854594E+00 -3.19110555E-03
 1.15965700E+00 -1.41836325E-03
 1.16126559E+00  9.11728263E-04
 1.16316233E+00  3.54709158E-03
 1.16486814E+00  6.06070358E-03
 1.16575470E+00  7.93341980E-03
 1.16541430E+00  8.64062256E-03
 1.16385273E+00  7.76719156E-03
 1.16174179E+00  5.24581808E-03
 1.16022676E+00  1.38908623E-03
 1.15994561E+00 -3.27148089E-03
 1.16071936E+00 -7.84855538E-03
 1.16127675E+00 -1.09465200E-02
 1.15960908E+00 -1.10742955E-02
 1.15508673E+00 -7.30754600E-03
 1.14918296E+00  9.90406338E-05
 1.14590715E+00  8.69005532E-03
 1.15052466E+00  1.45030117E-02
 1.16404978E+00  1.47757293E-02
 1.18072805E+00  8.82849610E-03
 1.18585621E+00 -7.64638133E-04
 1.16683985E+00 -8.56872694E-03
 1.14379313E+00 -1.11341331E-02
 1.14792756E+00 -7.84036519E-03
 1.16126131E+00 -7.09858158E-04
 1.15070227E+00  5.17676045E-03
 1.13656941E+00  7.02858944E-03
 1.14870567E+00  5.18036129E-03
 1.17033877E+00  9.72627131E-04
 1.17899810E+00 -2.18422739E-03
 1.17953207E+00 -2.60936461E-03
 1.17665204E+00 -1.36096539E-03
 1.16754323E+00  7.84396133E-04
 1.15701036E+00  2.27877750E-03
 1.15061371E+00  2.30836015E-03
 1.14863762E+00  1.88347043E-03
 1.15022377E+00  1.38554224E-03
 1.15296394E+00  1.12344959E-03
 1.15595009E+00  1.38141527E-03
 1.16034915E+00  1.55499224E-03
 1.16531599E+00  1.42204667E-03
 1.16964849E+00  1.06987089E-03
 1.17211702E+00  4.14767730E-04
 1.17083003E+00 -3.12295304E-04
 1.16679812E+00 -9.28366609E-04
 1.16310633E+00 -1.42634812E-03
 1.16142129E+00 -1.68231372E-03
 1.16247285E+00 -1.64361855E-03
 1.16500304E+00 -1.35075212E-03
 1.16557929E+00 -8.34782783E-04
 1.16286332E+00 -1.58764863E-04
 1.15781396E+00  6.07389883E-04
 1.15271190E+00  1.41843256E-03
 1.15160533E+00  2.21498677E-03
 1.15643394E+00  2.84292907E-03
 1.16580141E+00  3.04568007E-03
 1.17604648E+00  2.48445813E-03
 1.18126935E+00  8.42711671E-04
 1.17782099E+00 -1.86781262E-03
 1.16628112E+00 -5.10495389E-03
 1.15123411E+00 -7.59187261E-03
 1.14090265E+00 -7.67050988E-03
 1.14056920E+00 -4.48571415E-03
 1.15041300E+00  1.41415577E-03
 1.16589140E+00  7.37202503E-03
 1.17768108E+00  9.42535717E-03
 1.18010580E+00  5.77076746E-03
 1.17320107E+00 -1.88859817E-03
 1.16066369E+00 -7.01972137E-03
 1.15081241E+00 -2.77630371E-03
 1.14837740E+00  3.71319607E-03
 1.15247715E+00  1.14400869E-04
 1.16057823E+00 -5.88450929E-03
 1.16692602E+00 -1.04266818E-03
 1.16839818E+00  6.37108593E-03
 1.16652820E+00  4.48787438E-03
 1.16284361E+00 -6.12964657E-04
 1.16033896E+00 -1.01182677E-03
 1.16067125E+00  2.03982998E-04
 1.16230706E+00  2.01705442E-04
 1.16438133E+00  7.04944669E-04
 1.16581257E+00  1.54927777E-03
 1.16584679E+00  1.58692772E-03
 1.16548181E+00  1.28180967E-03
 1.16514865E+00  1.02664745E-03
 1.16498760E+00  9.11051349E-04
 1.16527523E+00  1.03718651E-03
 1.16555852E+00  1.18448338E-03
 1.16563224E+00  1.26686134E-03
 1.16560034E+00  1.31397461E-03
 1.16538532E+00  1.28080209E-03
 1.16512005E+00  1.24415814E-03
 1.16490181E+00  1.24652472E-03
 1.16466321E+00  1.24931007E-03
 1.16443228E+00  1.26488221E-03
 1.16421406E+00  1.28765801E-03
 1.16399497E+00  1.30379193E-03
 1.16382045E+00  1.33045060E-03
 1.16370844E+00  1.36988223E-03
 1.16366364E+00  1.41990662E-03
 1.16369930E+00  1.48608137E-03
 1.16380957E+00  1.56655405E-03
 1.16398948E+00  1.66014525E-03
 1.16423949E+00  1.76833074E-03
 1.16455612E+00  1.89023363E-03
 1.16493822E+00  2.02543133E-03
 1.16538060E+00  2.17313558E-03
 1.16587207E+00  2.33085473E-03
 1.16640185E+00  2.49526003E-03
 1.16695699E+00  2.66199487E-03
 1.16752375E+00  2.82642356E-03
 1.16808837E+00  2.98401763E-03
 1.16863151E+00  3.13005704E-03
 1.16913110E+00  3.26011624E-03
 1.16956873E+00  3.37001426E-03
 1.16993019E+00  3.45612390E-03
 1.17020910E+00  3.51647532E-03
 1.17040727E+00  3.55047268E-03
 1.17052606E+00  3.55804995E-03
 1.17056619E+00  3.53958456E-03
 1.17052904E+00  3.49512880E-03
 1.17041446E+00  3.42451230E-03
 1.17022693E+00  3.32909878E-03
 1.16997506E+00  3.21162366E-03
 1.16966512E+00  3.07565944E-03
 1.16930379E+00  2.92601653E-03
 1.16889876E+00  2.76760760E-03
 1.16845835E+00  2.60535890E-03
 1.16799759E+00  2.44535993E-03
 1.16753585E+00  2.29397374E-03
 1.16708832E+00  2.15686466E-03
 1.16666595E+00  2.03871234E-03
 1.16627347E+00  1.94178876E-03
 1.16590832E+00  1.86614002E-03
 1.16556964E+00  1.81165788E-03
 1.16525851E+00  1.77816259E-03
 1.16497471E+00  1.76571402E-03
 1.16471962E+00  1.77493892E-03
 1.16449219E+00  1.80481565E-03
 1.16428917E+00  1.85289564E-03
 1.16411222E+00  1.91680436E-03
 1.16396522E+00  1.99347400E-03
 1.16385112E+00  2.07970897E-03
 1.16377222E+00  2.17227457E-03
 1.16372469E+00  2.26602476E-03
 1.16369978E+00  2.35485125E-03
 1.16369274E+00  2.43383321E-03
 1.16370229E+00  2.49935805E-03
 1.16373022E+00  2.55028515E-03
 1.16378307E+00  2.58804114E-03
 1.16386475E+00  2.61375570E-03
 1.16397635E+00  2.62818988E-03
 1.16412087E+00  2.63222271E-03
 1.16430010E+00  2.62607788E-03
 1.16451517E+00  2.61121459E-03
 1.16476656E+00  2.59013377E-03
 1.16504793E+00  2.56418779E-03
 1.16534803E+00  2.53458973E-03
 1.16565611E+00  2.50301586E-03
 1.16596189E+00  2.47166137E-03
 1.16625885E+00  2.44545351E-03
 1.16654470E+00  2.43059382E-03
 1.16681410E+00  2.42976837E-03
 1.16705972E+00  2.44101633E-03
 1.16727546E+00  2.45573106E-03
 1.16745423E+00  2.46206744E-03
 1.16759145E+00  2.45864653E-03
 1.16768497E+00  2.46065075E-03
 1.16772941E+00  2.50607581E-03
 1.16771875E+00  2.64314508E-03
 1.16765009E+00  2.88466167E-03
 1.16752318E+00  3.18607284E-03
 1.16734368E+00  3.42202678E-03
 1.16712292E+00  3.42280380E-03
 1.16687140E+00  3.11679316E-03
 1.16659901E+00  2.59331974E-03
 1.16631573E+00  2.16729266E-03
 1.16602943E+00  2.29470546E-03
 1.16574898E+00  3.19026822E-03
 1.16548327E+00  4.67496341E-03
 1.16523615E+00  6.03682339E-03
 1.16500836E+00  6.21538400E-03
 1.16479974E+00  4.72884014E-03
 1.16460941E+00  2.02791704E-03
 1.16444006E+00 -2.20659599E-04
 1.16429729E+00  3.38968526E-04
 1.16418305E+00  4.36261070E-03
 1.16409666E+00  9.80188252E-03
 1.16403590E+00  1.10479006E-02
 1.16399548E+00  3.40955450E-03
 1.16397142E+00 -4.28437935E-03
 1.16396071E+00  9.25616975E-04
 1.16395670E+00  1.02523506E-02
 1.16395179E+00  7.87038808E-03
 1.16393989E+00  1.07793301E-03
 1.16391654E+00  2.22988956E-03
 1.16388304E+00  5.64516545E-03
 1.16384580E+00  4.64321623E-03
 1.16381017E+00  3.12174703E-03
 1.16378059E+00  3.53283057E-03
 1.16376019E+00  3.76673464E-03
 1.16374931E+00  3.32809519E-03
 1.16375054E+00  3.05360171E-03
 1.16376796E+00  2.91528260E-03
 1.16380266E+00  2.69302684E-03
 1.16385498E+00  2.45114731E-03
 1.16392458E+00  2.23156782E-03
 1.16401047E+00  2.02151102E-03
 1.16411604E+00  1.82535181E-03
 1.16424750E+00  1.65120489E-03
 1.16440827E+00  1.50383490E-03
 1.16459964E+00  1.38787160E-03
 1.16481983E+00  1.30619597E-03
 1.16506311E+00  1.26013080E-03
 1.16532527E+00  1.25013660E-03
 1.16560328E+00  1.27580213E-03
 1.16589213E+00  1.33703360E-03
 1.16618699E+00  1.43372790E-03
 1.16648232E+00  1.56361503E-03
 1.16677184E+00  1.72241796E-03
 1.16705265E+00  1.90410521E-03
 1.16732409E+00  2.10056233E-03
 1.16758464E+00  2.30344695E-03
 1.16783237E+00  2.50441431E-03
 1.16806319E+00  2.69409848E-03
 1.16827071E+00  2.86328801E-03
 1.16845072E+00  3.00352310E-03
 1.16860076E+00  3.10764427E-03
 1.16871869E+00  3.17191903E-03
 1.16880404E+00  3.19564475E-03
 1.16885604E+00  3.17888788E-03
 1.16887370E+00  3.12234923E-03
 1.16885889E+00  3.02636866E-03
 1.16881523E+00  2.89084871E-03
 1.16874689E+00  2.71864737E-03
 1.16865916E+00  2.51529924E-03
 1.16855681E+00  2.28748357E-03
 1.16844406E+00  2.04391674E-03
 1.16832671E+00  1.79361229E-03
 1.16821145E+00  1.54563955E-03
 1.16810509E+00  1.31148172E-03
 1.16801490E+00  1.10336259E-03
 1.16794708E+00  9.31839674E-04
 1.16790627E+00  8.05277956E-04
 1.16789628E+00  7.27318985E-04
 1.16791955E+00  6.97077624E-04
 1.16797743E+00  7.13373588E-04
 1.16807053E+00  7.74928250E-04
 1.16819835E+00  8.80642083E-04
 1.16835914E+00  1.03036418E-03
 1.16854932E+00  1.22074876E-03
 1.16876327E+00  1.44564595E-03
 1.16899360E+00  1.69922115E-03
 1.16923127E+00  1.97445919E-03
 1.16946627E+00  2.26398126E-03
 1.16968801E+00  2.56025630E-03
 1.16988523E+00  2.85199183E-03
 1.17004685E+00  3.12593412E-03
 1.17016288E+00  3.37129150E-03
 1.17022531E+00  3.57998844E-03
 1.17022975E+00  3.74879061E-03
 1.17017519E+00  3.87958412E-03
 1.17006178E+00  3.97376715E-03
 1.16989046E+00  4.03209886E-03
 1.16966179E+00  4.05581623E-03
 1.16937599E+00  4.04510943E-03
 1.16903649E+00  4.00274249E-03
 1.16864959E+00  3.93373595E-03
 1.16822279E+00  3.84107689E-03
 1.16776577E+00  3.72747245E-03
 1.16728860E+00  3.59617767E-03
 1.16680155E+00  3.45076496E-03
 1.16631792E+00  3.29896802E-03
 1.16585213E+00  3.15133922E-03
 1.16541662E+00  3.01561986E-03
 1.16502134E+00  2.89681626E-03
 1.16467085E+00  2.79630681E-03
 1.16436458E+00  2.71102021E-03
 1.16410191E+00  2.63895843E-03
 1.16388241E+00  2.57931510E-03
 1.16370592E+00  2.53004353E-03
 1.16357363E+00  2.48977209E-03
 1.16348349E+00  2.45579750E-03
 1.16343071E+00  2.42418858E-03
 1.16341164E+00  2.39416075E-03
 1.16342194E+00  2.36657877E-03
 1.16345698E+00  2.34162902E-03
 1.16351194E+00  2.31907189E-03
 1.16357751E+00  2.29529442E-03
 1.16364173E+00  2.26386467E-03
 1.16369548E+00  2.22096364E-03
 1.16373255E+00  2.16510389E-03
 1.16375151E+00  2.09661683E-03
 1.16375625E+00  2.01880419E-03
 1.16374964E+00  1.93387040E-03
 1.16373338E+00  1.84281659E-03
 1.16370993E+00  1.74846528E-03
 1.16368054E+00  1.65369200E-03
 1.16364848E+00  1.56154745E-03
 1.16361873E+00  1.47538676E-03
 1.16359307E+00  1.39548256E-03
 1.16357197E+00  1.31990514E-03
 1.16355632E+00  1.24751387E-03
 1.16354723E+00  1.17770080E-03
 1.16354988E+00  1.11180186E-03
 1.16357252E+00  1.05327516E-03
 1.16362019E+00  1.00369225E-03
 1.16369497E+00  9.63017658E-04
 1.16379588E+00  9.31045677E-04
 1.16391770E+00  9.06254913E-04
 1.16405629E+00  8.87776414E-04
 1.16420862E+00  8.75485974E-04
 1.16436963E+00  8.67297812E-04
 1.16453422E+00  8.60333703E-04
 1.16469636E+00  8.52092904E-04
 1.16484898E+00  8.40149697E-04
 1.16498827E+00  8.23961197E-04
 1.16511248E+00  8.04679663E-04
 1.16521896E+00  7.82608018E-04
 1.16530458E+00  7.57470052E-04
 1.16536363E+00  7.28508243E-04
 1.16538807E+00  6.93956708E-04
 1.16537260E+00  6.53047606E-04
 1.16531454E+00  6.05961267E-04
 1.16521277E+00  5.52380242E-04
 1.16506911E+00  4.92272437E-04
 1.16488522E+00  4.25668959E-04
 1.16466255E+00  3.52532484E-04
 1.16440536E+00  2.74296201E-04
 1.16411937E+00  1.93472587E-04
 1.16381144E+00  1.12467352E-04
 1.16348997E+00  3.38841099E-05
 1.16316232E+00 -3.98766820E-05
 1.16283515E+00 -1.06842488E-04
 1.16251671E+00 -1.64312728E-04
 1.16221617E+00 -2.09105715E-04
 1.16194397E+00 -2.38303543E-04
 1.16171168E+00 -2.48958168E-04
 1.16152909E+00 -2.38543647E-04
 1.16140372E+00 -2.05224397E-04
 1.16134131E+00 -1.47338546E-04
 1.16134505E+00 -6.36353907E-05
 1.16141721E+00  4.64971376E-05
 1.16155950E+00  1.83224341E-04
 1.16177175E+00  3.46119398E-04
 1.16205241E+00  5.34037888E-04
 1.16239756E+00  7.45084310E-04
 1.16280065E+00  9.76499311E-04
 1.16325393E+00  1.22459820E-03
 1.16374813E+00  1.48488078E-03
 1.16427245E+00  1.75234130E-03
 1.16481502E+00  2.02161433E-03
 1.16536227E+00  2.28710954E-03
 1.16589982E+00  2.54333083E-03
 1.16641463E+00  2.78507179E-03
 1.16689580E+00  3.00782587E-03
 1.16733597E+00  3.20846153E-03
 1.16773133E+00  3.38507195E-03
 1.16807864E+00  3.53624007E-03
 1.16837465E+00  3.66084223E-03
 1.16861574E+00  3.75749865E-03
 1.16879744E+00  3.82463754E-03
 1.16891803E+00  3.86197025E-03
 1.16897819E+00  3.87035554E-03
 1.16897863E+00  3.85122244E-03
 1.16892142E+00  3.80696329E-03
 1.16880911E+00  3.74012128E-03
 1.16864486E+00  3.65337652E-03
 1.16843582E+00  3.55069961E-03
 1.16819149E+00  3.43656938E-03
 1.16791981E+00  3.31481876E-03
 1.16762694E+00  3.18840449E-03
 1.16731529E+00  3.05823813E-03
 1.16698327E+00  2.92335507E-03
 1.16663034E+00  2.78311485E-03
 1.16625699E+00  2.63738629E-03
 1.16586341E+00  2.48673625E-03
 1.16545082E+00  2.33295269E-03
 1.16501824E+00  2.17716741E-03
 1.16456257E+00  2.02019748E-03
 1.16408226E+00  1.86429405E-03
 1.16357640E+00  1.71212413E-03
 1.16304526E+00  1.56636115E-03
 1.16249157E+00  1.42931250E-03
 1.16191871E+00  1.30046170E-03
 1.16133263E+00  1.17690354E-03
 1.16074616E+00  1.05593434E-03
 1.16018026E+00  9.34472191E-04
 1.15966681E+00  8.08947655E-04
 1.15924589E+00  6.76409583E-04
 1.15895456E+00  5.33483155E-04
 1.15882165E+00  3.77583314E-04
 1.15886147E+00  2.10168764E-04
 1.15906861E+00  3.64964484E-05
 1.15942447E+00 -1.35118644E-04
 1.15989039E+00 -2.91836173E-04
 1.16039421E+00 -4.16099721E-04
 1.16084206E+00 -4.87689428E-04
 1.16113745E+00 -4.86578639E-04
 1.16119582E+00 -3.96799821E-04
 1.16097614E+00 -2.12584652E-04
 1.16048708E+00  5.98399637E-05
 1.15975985E+00  4.05171929E-04
 1.15886732E+00  7.94495301E-04
 1.15794980E+00  1.17961571E-03
 1.15718710E+00  1.49994376E-03
 1.15677053E+00  1.69364627E-03
 1.15686737E+00  1.70792501E-03
 1.15753986E+00  1.51864591E-03
 1.15873702E+00  1.13462433E-03
 1.16035404E+00  5.82580122E-04
 1.16218735E+00 -8.03425121E-05
 1.16388481E+00 -7.49926616E-04
 1.16502052E+00 -1.29371708E-03
 1.16518039E+00 -1.57345052E-03
 1.16406631E+00 -1.47040364E-03
 1.16170610E+00 -9.39787106E-04
 1.15845250E+00 -1.74673540E-05
 1.15477025E+00  1.22186442E-03
 1.15130708E+00  2.63432263E-03
 1.14896738E+00  3.97119659E-03
 1.14864542E+00  4.92800189E-03
 1.15095290E+00  5.19732733E-03
 1.15583610E+00  4.53615857E-03
 1.16186838E+00  2.90632457E-03
 1.16666201E+00  4.93487500E-04
 1.16836617E+00 -2.38985642E-03
 1.16611042E+00 -5.22389941E-03
 1.16071027E+00 -7.19083159E-03
 1.15467357E+00 -7.41703959E-03
 1.14993438E+00 -5.35898452E-03
 1.14779938E+00 -1.16106215E-03
 1.14959209E+00  3.74480919E-03
 1.15538376E+00  7.04539931E-03
 1.16407639E+00  7.12998141E-03
 1.17229136E+00  3.60527277E-03
 1.17113647E+00 -2.01937084E-03
 1.15502805E+00 -6.56156631E-03
 1.14101434E+00 -8.00034067E-03
 1.15127321E+00 -5.96931410E-03
 1.16956328E+00 -1.64739090E-03
 1.16651493E+00  1.99699353E-03
 1.15445939E+00  3.33045865E-03
 1.15619736E+00  2.54198298E-03
 1.16196544E+00  4.01263790E-04
 1.16016655E+00 -1.11771450E-03
 1.15798753E+00 -1.05154886E-03
 1.15932229E+00 -3.52044604E-05
 1.16025213E+00  1.46707499E-03
 1.15996205E+00  2.54801198E-03
 1.15984908E+00  2.73151638E-03
 1.16000265E+00  2.61237181E-03
 1.16009914E+00  2.42822585E-03
 1.16015729E+00  2.38029017E-03
 1.16025584E+00  2.65785851E-03
 1.16034394E+00  2.92901750E-03
 1.16038294E+00  3.07091961E-03
 1.16040190E+00  3.12644804E-03
 1.16039547E+00  3.03264595E-03
 1.16035039E+00  2.89788907E-03
 1.16027369E+00  2.78324714E-03
 1.16016197E+00  2.63831958E-03
 1.16001293E+00  2.48344689E-03
 1.15982969E+00  2.31420395E-03
 1.15960954E+00  2.11787526E-03
 1.15934905E+00  1.92640563E-03
 1.15904808E+00  1.74936924E-03
 1.15870689E+00  1.58834086E-03
 1.15832573E+00  1.45184851E-03
 1.15790605E+00  1.33434196E-03
 1.15744924E+00  1.23221500E-03
 1.15695704E+00  1.14671236E-03
 1.15643444E+00  1.07625884E-03
 1.15588878E+00  1.02176870E-03
 1.15532785E+00  9.82585999E-04
 1.15476044E+00  9.55104702E-04
 1.15419564E+00  9.37760365E-04
 1.15364229E+00  9.29085730E-04
 1.15311076E+00  9.27453979E-04
 1.15261223E+00  9.31448105E-04
 1.15215685E+00  9.35703581E-04
 1.15175421E+00  9.32355554E-04
 1.15141266E+00  9.15999656E-04
 1.15113849E+00  8.83476135E-04
 1.15093642E+00  8.35188256E-04
 1.15080945E+00  7.75666489E-04
 1.15075887E+00  7.08155891E-04
 1.15078509E+00  6.34630312E-04
 1.15088841E+00  5.57873467E-04
 1.15106883E+00  4.79602647E-04
 1.15132482E+00  4.02496128E-04
 1.15165358E+00  3.29980020E-04
 1.15205158E+00  2.62012125E-04
 1.15251365E+00  1.96601798E-04
 1.15303261E+00  1.32108484E-04
 1.15359816E+00  6.70959443E-05
 1.15419413E+00  3.30636127E-06
 1.15479873E+00 -5.47360022E-05
 1.15538668E+00 -1.04825556E-04
 1.15592833E+00 -1.46562866E-04
 1.15638926E+00 -1.80540465E-04
 1.15673346E+00 -2.09543039E-04
 1.15692697E+00 -2.35056842E-04
 1.15694268E+00 -2.57328481E-04
 1.15676860E+00 -2.78618184E-04
 1.15641078E+00 -3.01481038E-04
 1.15589118E+00 -3.28066169E-04
 1.15525414E+00 -3.60350010E-04
 1.15457372E+00 -3.97242119E-04
 1.15394431E+00 -4.35201015E-04
 1.15346331E+00 -4.71539063E-04
 1.15321628E+00 -5.04153817E-04
 1.15325055E+00 -5.32164075E-04
 1.15356744E+00 -5.56528114E-04
 1.15414134E+00 -5.76936130E-04
 1.15490087E+00 -5.92179236E-04
 1.15570236E+00 -6.02146447E-04
 1.15635693E+00 -6.06693781E-04
 1.15666660E+00 -6.06321213E-04
 1.15646074E+00 -6.02231777E-04
 1.15567396E+00 -5.93809646E-04
 1.15435610E+00 -5.79440308E-04
 1.15260745E+00 -5.58554290E-04
 1.15062210E+00 -5.31215616E-04
 1.14874169E+00 -4.98920036E-04
 1.14738471E+00 -4.64801778E-04
 1.14697464E+00 -4.31217753E-04
 1.14784570E+00 -3.99939592E-04
 1.15004045E+00 -3.73135624E-04
 1.15328630E+00 -3.52479352E-04
 1.15713781E+00 -3.39807168E-04
 1.16086451E+00 -3.37043107E-04
 1.16332761E+00 -3.44472776E-04
 1.16331930E+00 -3.61293380E-04
 1.16009368E+00 -3.86650142E-04
 1.15386748E+00 -4.19474703E-04
 1.14666088E+00 -4.59408360E-04
 1.14172553E+00 -5.06793041E-04
 1.14133177E+00 -5.60913551E-04
 1.14604589E+00 -6.20254716E-04
 1.15376236E+00 -6.83053918E-04
 1.16002863E+00 -7.46828955E-04
 1.16201774E+00 -8.09320871E-04
 1.15921929E+00 -8.68513993E-04
 1.15329381E+00 -9.21478317E-04
 1.14841252E+00 -9.64998398E-04
 1.14686905E+00 -9.96260994E-04
 1.14839735E+00 -1.01283920E-03
 1.15191053E+00 -1.01360583E-03
 1.15462549E+00 -9.98667570E-04
 1.15517597E+00 -9.68037323E-04
 1.15443616E+00 -9.21725306E-04
 1.15303671E+00 -8.59782217E-04
 1.15222919E+00 -7.82025008E-04
 1.15266074E+00 -6.89146845E-04
 1.15347874E+00 -5.82646615E-04
 1.15434053E+00 -4.63952801E-04
 1.15496168E+00 -3.34830119E-04
 1.15507396E+00 -1.97226165E-04
 1.15513900E+00 -5.31521348E-05
 1.15532061E+00  9.44679812E-05
 1.15554553E+00  2.42195547E-04
 1.15589601E+00  3.87098049E-04
 1.15622069E+00  5.26787654E-04
 1.15643674E+00  6.59894267E-04
 1.15662311E+00  7.86139574E-04
 1.15675884E+00  9.05087143E-04
 1.15685659E+00  1.01609772E-03
 1.15694794E+00  1.11855404E-03
 1.15700483E+00  1.21154152E-03
 1.15702856E+00  1.29470860E-03
 1.15702974E+00  1.36821116E-03
 1.15700037E+00  1.43178608E-03
 1.15694416E+00  1.48515175E-03
 1.15686433E+00  1.52813260E-03
 1.15675925E+00  1.56061995E-03
 1.15663351E+00  1.58346529E-03
 1.15649242E+00  1.59816881E-03
 1.15633847E+00  1.60566559E-03
 1.15617379E+00  1.60635164E-03
 1.15599980E+00  1.59984122E-03
 1.15581642E+00  1.58483183E-03
 1.15562412E+00  1.56040817E-03
 1.15542382E+00  1.52610036E-03
 1.15521515E+00  1.48142174E-03
 1.15499729E+00  1.42632874E-03
 1.15476945E+00  1.36072478E-03
 1.15453058E+00  1.28453785E-03
 1.15428094E+00  1.19876814E-03
 1.15402179E+00  1.10508942E-03
 1.15375389E+00  1.00524701E-03
 1.15347756E+00  9.01029438E-04
 1.15319232E+00  7.93423488E-04
 1.15289683E+00  6.82699438E-04
 1.15259113E+00  5.69746869E-04
 1.15227674E+00  4.55884642E-04
 1.15195620E+00  3.42588861E-04
 1.15163358E+00  2.31806684E-04
 1.15131293E+00  1.25039004E-04
 1.15099806E+00  2.33748580E-05
 1.15069359E+00 -7.15734802E-05
 1.15040426E+00 -1.58183913E-04
 1.15013511E+00 -2.35201651E-04
 1.14989144E+00 -3.01697178E-04
 1.14967736E+00 -3.57851553E-04
 1.14949616E+00 -4.04808821E-04
 1.14935131E+00 -4.43592572E-04
 1.14924638E+00 -4.75147363E-04
 1.14918576E+00 -5.00234643E-04
 1.14917452E+00 -5.19142569E-04
 1.14921630E+00 -5.32487854E-04
 1.14931334E+00 -5.41029371E-04
 1.14946663E+00 -5.44872624E-04
 1.14967545E+00 -5.43860988E-04
 1.14993861E+00 -5.37701003E-04
 1.15025442E+00 -5.26018383E-04
 1.15061945E+00 -5.09253072E-04
 1.15102902E+00 -4.88459932E-04
 1.15147715E+00 -4.64286344E-04
 1.15195636E+00 -4.37167079E-04
 1.15245875E+00 -4.07349286E-04
 1.15297588E+00 -3.74657436E-04
 1.15349819E+00 -3.39284762E-04
 1.15401541E+00 -3.01667054E-04
 1.15451666E+00 -2.61712598E-04
 1.15499069E+00 -2.19215837E-04
 1.15542712E+00 -1.74111272E-04
 1.15581694E+00 -1.26427655E-04
 1.15615283E+00 -7.69191749E-05
 1.15642943E+00 -2.69253178E-05
 1.15664241E+00  2.25156847E-05
 1.15678829E+00  7.06165813E-05
 1.15686453E+00  1.16891123E-04
 1.15686960E+00  1.61405297E-04
 1.15680450E+00  2.04178918E-04
 1.15667289E+00  2.45329802E-04
 1.15648041E+00  2.85717261E-04
 1.15623496E+00  3.26605983E-04
 1.15594566E+00  3.69459414E-04
 1.15562244E+00  4.15860263E-04
 1.15527674E+00  4.66778089E-04
 1.15492044E+00  5.22642121E-04
 1.15456463E+00  5.84112599E-04
 1.15421881E+00  6.51839691E-04
 1.15388890E+00  7.26287687E-04
 1.15357760E+00  8.07936448E-04
 1.15328706E+00  8.96772554E-04
 1.15301940E+00  9.92402050E-04
 1.15277769E+00  1.09474945E-03
 1.15256616E+00  1.20370794E-03
 1.15238620E+00  1.31866342E-03
 1.15223672E+00  1.43855162E-03
 1.15211615E+00  1.56145953E-03
 1.15202139E+00  1.68467138E-03
 1.15194970E+00  1.80553044E-03
 1.15189892E+00  1.92142133E-03
 1.15186446E+00  2.02963294E-03
 1.15184131E+00  2.12772845E-03
 1.15182748E+00  2.21330939E-03
 1.15182462E+00  2.28422247E-03
 1.15184100E+00  2.33934126E-03
 1.15189049E+00  2.37830869E-03
 1.15198505E+00  2.40100734E-03
 1.15213308E+00  2.40751279E-03
 1.15233746E+00  2.39752124E-03
 1.15259299E+00  2.37040134E-03
 1.15289149E+00  2.32630062E-03
 1.15321923E+00  2.26599129E-03
 1.15354982E+00  2.19051327E-03
 1.15384950E+00  2.10147538E-03
 1.15408395E+00  2.00044234E-03
 1.15422321E+00  1.88896211E-03
 1.15425534E+00  1.76940717E-03
 1.15418776E+00  1.64448773E-03
 1.15403488E+00  1.51659932E-03
 1.15382498E+00  1.38777289E-03
 1.15360856E+00  1.25897583E-03
 1.15344799E+00  1.13017609E-03
 1.15341036E+00  1.00155116E-03
 1.15355471E+00  8.73485735E-04
 1.15390199E+00  7.46540733E-04
 1.15443341E+00  6.21741894E-04
 1.15511111E+00  4.99633804E-04
 1.15586280E+00  3.80397068E-04
 1.15656694E+00  2.64736466E-04
 1.15707444E+00  1.53452636E-04
 1.15722828E+00  4.73750033E-05
 1.15689436E+00 -5.26401323E-05
 1.15602648E+00 -1.46667536E-04
 1.15467227E+00 -2.35415264E-04
 1.15292805E+00 -3.19068901E-04
 1.15097401E+00 -3.97386299E-04
 1.14911164E+00 -4.69503996E-04
 1.14770731E+00 -5.33786445E-04
 1.14713005E+00 -5.89022713E-04
 1.14767089E+00 -6.34426777E-04
 1.14937989E+00 -6.69090168E-04
 1.15204208E+00 -6.92442154E-04
 1.15528720E+00 -7.03954380E-04
 1.15849424E+00 -7.03186578E-04
 1.16068294E+00 -6.90730930E-04
 1.16080331E+00 -6.67883951E-04
 1.15820443E+00 -6.35967895E-04
 1.15306392E+00 -5.96330585E-04
 1.14710326E+00 -5.49721539E-04
 1.14310231E+00 -4.96276382E-04
 1.14299728E+00 -4.36630367E-04
 1.14726139E+00 -3.71729260E-04
 1.15408508E+00 -3.02440844E-04
 1.15965130E+00 -2.29865640E-04
 1.16153699E+00 -1.54740730E-04
 1.15930631E+00 -7.74749702E-05
 1.15437936E+00  9.92657959E-07
 1.15032400E+00  7.95978519E-05
 1.14910319E+00  1.57674614E-04
 1.15048832E+00  2.34881499E-04
 1.15354747E+00  3.11730279E-04
 1.15589790E+00  3.89528597E-04
 1.15637044E+00  4.69400773E-04
 1.15571644E+00  5.52316768E-04
 1.15448567E+00  6.39177850E-04
 1.15376366E+00  7.30481537E-04
 1.15411565E+00  8.26803403E-04
 1.15481898E+00  9.28633482E-04
 1.15558119E+00  1.03560338E-03
 1.15615299E+00  1.14679307E-03
 1.15630206E+00  1.26106381E-03
 1.15642462E+00  1.37708901E-03
 1.15666288E+00  1.49403280E-03
 1.15695938E+00  1.61144046E-03
 1.15738650E+00  1.72823563E-03
 1.15781282E+00  1.84288139E-03
 1.15816851E+00  1.95356499E-03
 1.15852229E+00  2.05797588E-03
 1.15885715E+00  2.15402423E-03
 1.15918548E+00  2.23982386E-03
 1.15953046E+00  2.31301003E-03
 1.15986027E+00  2.37120122E-03
 1.16017012E+00  2.41240144E-03
 1.16046404E+00  2.43506713E-03
 1.16073243E+00  2.43882024E-03
 1.16097891E+00  2.42436180E-03
 1.16120431E+00  2.39252653E-03
 1.16140348E+00  2.34432437E-03
 1.16157769E+00  2.28087352E-03
 1.16172827E+00  2.20322947E-03
 1.16185547E+00  2.11329332E-03
 1.16196119E+00  2.01372931E-03
 1.16204521E+00  1.90730919E-03
 1.16210573E+00  1.79720483E-03
 1.16214248E+00  1.68674775E-03
 1.16215587E+00  1.57931422E-03
 1.16214695E+00  1.47897924E-03
 1.16211802E+00  1.39011726E-03
 1.16207062E+00  1.31656291E-03
 1.16200549E+00  1.26150224E-03
 1.16192402E+00  1.22695241E-03
 1.16182751E+00  1.21368987E-03
 1.16171748E+00  1.22229048E-03
 1.16159594E+00  1.25312845E-03
 1.16146412E+00  1.30621570E-03
 1.16132284E+00  1.38139231E-03
 1.16117335E+00  1.47740397E-03
 1.16101717E+00  1.59189887E-03
 1.16085647E+00  1.72216115E-03
 1.16069423E+00  1.86482549E-03
 1.16053304E+00  2.01611337E-03
 1.16037516E+00  2.17202227E-03
 1.16022276E+00  2.32771061E-03
 1.16007760E+00  2.47797429E-03
 1.15994175E+00  2.61820948E-03
 1.15981763E+00  2.74465335E-03
 1.15970737E+00  2.85508733E-03
 1.15961303E+00  2.94884027E-03
 1.15953637E+00  3.02541218E-03
 1.15947870E+00  3.08433908E-03
 1.15944123E+00  3.12512054E-03
 1.15942485E+00  3.14700058E-03
 1.15942970E+00  3.15040893E-03
 1.15945511E+00  3.13686330E-03
 1.15949922E+00  3.10793886E-03
 1.15955909E+00  3.06576635E-03
 1.15963150E+00  3.01267077E-03
 1.15971314E+00  2.95109340E-03
 1.15980092E+00  2.88484009E-03
 1.15989217E+00  2.81839843E-03
 1.15998403E+00  2.75539141E-03
 1.16007375E+00  2.69842172E-03
 1.16015940E+00  2.64819485E-03
 1.16023961E+00  2.60349488E-03
 1.16031355E+00  2.56334435E-03
 1.16038079E+00  2.52713495E-03
 1.16044038E+00  2.49440739E-03
 1.16049122E+00  2.46541632E-03
 1.16053333E+00  2.43958440E-03
 1.16056781E+00  2.41570036E-03
 1.16059693E+00  2.39360608E-03
 1.16062426E+00  2.37344787E-03
 1.16065335E+00  2.35540792E-03
 1.16068762E+00  2.33969069E-03
 1.16073102E+00  2.32477662E-03
 1.16078727E+00  2.30797766E-03
 1.16085970E+00  2.28776414E-03
 1.16095095E+00  2.26363558E-03
 1.16106152E+00  2.23643840E-03
 1.16119014E+00  2.20870709E-03
 1.16133528E+00  2.18236482E-03
 1.16149523E+00  2.15873006E-03
 1.16166898E+00  2.13966732E-03
 1.16185630E+00  2.12670189E-03
 1.16205557E+00  2.12156402E-03
 1.16226410E+00  2.12613113E-03
 1.16247914E+00  2.14058776E-03
 1.16269725E+00  2.16401422E-03
 1.16291518E+00  2.19565532E-03
 1.16312980E+00  2.23483336E-03
 1.16333631E+00  2.28202596E-03
 1.16352914E+00  2.33882506E-03
 1.16370368E+00  2.40575291E-03
 1.16385627E+00  2.48248764E-03
 1.16398545E+00  2.56845107E-03
 1.16409191E+00  2.66220491E-03
 1.16417601E+00  2.76265846E-03
 1.16423776E+00  2.86901894E-03
 1.16427729E+00  2.97925909E-03
 1.16429410E+00  3.09078983E-03
 1.16428868E+00  3.20105049E-03
 1.16426234E+00  3.30732570E-03
 1.16421532E+00  3.40776961E-03
 1.16414758E+00  3.50132039E-03
 1.16405930E+00  3.58636240E-03
 1.16395087E+00  3.66096890E-03
 1.16382462E+00  3.72307493E-03
 1.16368434E+00  3.77020988E-03
 1.16353294E+00  3.80050980E-03
 1.16337260E+00  3.81275825E-03
 1.16320468E+00  3.80568047E-03
 1.16302928E+00  3.77837338E-03
 1.16284741E+00  3.73029529E-03
 1.16266095E+00  3.66119988E-03
 1.16247141E+00  3.57185593E-03
 1.16228078E+00  3.46396284E-03
 1.16209121E+00  3.33972342E-03
 1.16190501E+00  3.20206145E-03
 1.16172636E+00  3.05454244E-03
 1.16156073E+00  2.90118549E-03
 1.16141340E+00  2.74665034E-03
 1.16128946E+00  2.59597447E-03
 1.16119282E+00  2.45404824E-03
 1.16112602E+00  2.32554617E-03
 1.16109223E+00  2.21482961E-03
 1.16109481E+00  2.12554777E-03
 1.16113646E+00  2.06036934E-03
 1.16121974E+00  2.02101067E-03
 1.16134605E+00  2.00840650E-03
 1.16151560E+00  2.02290635E-03
 1.16172889E+00  2.06472654E-03
 1.16198595E+00  2.13372651E-03
 1.16228516E+00  2.22835273E-03
 1.16262338E+00  2.34564840E-03
 1.16299496E+00  2.48138940E-03
 1.16339187E+00  2.62996566E-03
 1.16380579E+00  2.78540350E-03
 1.16422824E+00  2.94151839E-03
 1.16465065E+00  3.09139257E-03
 1.16506515E+00  3.22814818E-03
 1.16546359E+00  3.34550945E-03
 1.16583814E+00  3.43829303E-03
 1.16618313E+00  3.50381836E-03
 1.16649445E+00  3.54163200E-03
 1.16676875E+00  3.55178720E-03
 1.16700333E+00  3.53463782E-03
 1.16719444E+00  3.49011401E-03
 1.16733776E+00  3.41761336E-03
 1.16743119E+00  3.31847995E-03
 1.16747463E+00  3.19574370E-03
 1.16746961E+00  3.05284574E-03
 1.16741989E+00  2.89438326E-03
 1.16732935E+00  2.72505609E-03
 1.16720194E+00  2.54961425E-03
 1.16704356E+00  2.37486104E-03
 1.16686067E+00  2.20846575E-03
 1.16665935E+00  2.05685912E-03
 1.16644492E+00  1.92498477E-03
 1.16621965E+00  1.81466558E-03
 1.16598330E+00  1.72465620E-03
 1.16573632E+00  1.65393786E-03
 1.16548006E+00  1.60182939E-03
 1.16521763E+00  1.56779585E-03
 1.16495452E+00  1.55223912E-03
 1.16469522E+00  1.55392378E-03
 1.16444381E+00  1.57027347E-03
 1.16420632E+00  1.59987309E-03
 1.16398927E+00  1.64132871E-03
 1.16379988E+00  1.69312587E-03
 1.16364568E+00  1.75367780E-03
 1.16353080E+00  1.81870331E-03
 1.16345696E+00  1.88217815E-03
 1.16342695E+00  1.93973528E-03
 1.16344397E+00  1.98856236E-03
 1.16351215E+00  2.02815437E-03
 1.16363694E+00  2.06074377E-03
 1.16382102E+00  2.08771481E-03
 1.16406443E+00  2.10957808E-03
 1.16436654E+00  2.12743330E-03
 1.16472418E+00  2.14171864E-03
 1.16513172E+00  2.15351832E-03
 1.16558077E+00  2.16444643E-03
 1.16605681E+00  2.17382986E-03
 1.16654060E+00  2.17971562E-03
 1.16701195E+00  2.18044310E-03
 1.16745035E+00  2.17454848E-03
 1.16783742E+00  2.16274161E-03
 1.16815803E+00  2.14763973E-03
 1.16839661E+00  2.13032235E-03
 1.16853897E+00  2.11065244E-03
 1.16857590E+00  2.08781077E-03
 1.16850167E+00  2.05951288E-03
 1.16831435E+00  2.02443055E-03
 1.16801532E+00  1.98219522E-03
 1.16760455E+00  1.93126406E-03
 1.16708248E+00  1.87009999E-03
 1.16645634E+00  1.79757099E-03
 1.16573971E+00  1.71283315E-03
 1.16495316E+00  1.61735960E-03
 1.16412487E+00  1.51447231E-03
 1.16328355E+00  1.40708085E-03
 1.16245795E+00  1.29781110E-03
 1.16167947E+00  1.18841137E-03
 1.16097823E+00  1.07934808E-03
 1.16038228E+00  9.72055392E-04
 1.15991550E+00  8.68623901E-04
 1.15958999E+00  7.70403766E-04
 1.15940787E+00  6.78801817E-04
 1.15936846E+00  5.94705637E-04
 1.15946889E+00  5.18469768E-04
 1.15970842E+00  4.51783855E-04
 1.16008843E+00  3.97016219E-04
 1.16060051E+00  3.55671072E-04
 1.16122767E+00  3.28659669E-04
 1.16194928E+00  3.15648842E-04
 1.16273792E+00  3.14916549E-04
 1.16356567E+00  3.25219648E-04
 1.16440465E+00  3.45651091E-04
 1.16521846E+00  3.74914303E-04
 1.16596792E+00  4.12019683E-04
 1.16661928E+00  4.55760860E-04
 1.16714578E+00  5.04810740E-04
 1.16753619E+00  5.59107541E-04
 1.16779423E+00  6.19371116E-04
 1.16792399E+00  6.86181020E-04
 1.16792950E+00  7.60024484E-04
 1.16781419E+00  8.40445031E-04
 1.16757806E+00  9.26020571E-04
 1.16723112E+00  1.01588300E-03
 1.16679207E+00  1.10944418E-03
 1.16627764E+00  1.20584118E-03
 1.16570759E+00  1.30442141E-03
 1.16510275E+00  1.40408254E-03
 1.16448430E+00  1.50338786E-03
 1.16388572E+00  1.60181648E-03
 1.16334717E+00  1.69927818E-03
 1.16290067E+00  1.79531807E-03
 1.16256951E+00  1.88929198E-03
 1.16236199E+00  1.97979819E-03
 1.16227022E+00  2.06468205E-03
 1.16228811E+00  2.14229244E-03
 1.16241179E+00  2.21137298E-03
 1.16263525E+00  2.27070658E-03
 1.16295549E+00  2.31956423E-03
 1.16336167E+00  2.35726525E-03
 1.16383604E+00  2.38327364E-03
 1.16436771E+00  2.39810852E-03
 1.16494714E+00  2.40298821E-03
 1.16556288E+00  2.39926562E-03
 1.16620235E+00  2.38842537E-03
 1.16684014E+00  2.37143297E-03
 1.16744197E+00  2.34870352E-03
 1.16798242E+00  2.32105880E-03
 1.16844475E+00  2.28947163E-03
 1.16882309E+00  2.25465781E-03
 1.16912521E+00  2.21739682E-03
 1.16935570E+00  2.17815208E-03
 1.16951555E+00  2.13718558E-03
 1.16961005E+00  2.09544530E-03
 1.16964289E+00  2.05422912E-03
 1.16962182E+00  2.01449592E-03
 1.16955854E+00  1.97700121E-03
 1.16945522E+00  1.94199339E-03
 1.16930906E+00  1.90914642E-03
 1.16911978E+00  1.87842348E-03
 1.16888883E+00  1.84996322E-03
 1.16862818E+00  1.82365016E-03
 1.16835877E+00  1.79948815E-03
 1.16809391E+00  1.77751695E-03
 1.16784013E+00  1.75787564E-03
 1.16759901E+00  1.74149133E-03
 1.16736362E+00  1.72985191E-03
 1.16713081E+00  1.72434543E-03
 1.16690167E+00  1.72625962E-03
 1.16667221E+00  1.73644249E-03
 1.16643884E+00  1.75519420E-03
 1.16619812E+00  1.78304037E-03
 1.16594645E+00  1.82055861E-03
 1.16569032E+00  1.86789906E-03
 1.16544359E+00  1.92507802E-03
 1.16521786E+00  1.99180553E-03
 1.16502308E+00  2.06754500E-03
 1.16486291E+00  2.15225601E-03
 1.16473391E+00  2.24614389E-03
 1.16463786E+00  2.34897827E-03
 1.16458051E+00  2.46020632E-03
 1.16456664E+00  2.57876052E-03
 1.16460353E+00  2.70294902E-03
 1.16469500E+00  2.83116617E-03
 1.16484115E+00  2.96178531E-03
 1.16504696E+00  3.09270821E-03
 1.16531839E+00  3.22164939E-03
 1.16565757E+00  3.34605717E-03
 1.16606361E+00  3.46309211E-03
 1.16652694E+00  3.57014358E-03
 1.16703002E+00  3.66474054E-03
 1.16755681E+00  3.74422865E-03
 1.16809253E+00  3.80593580E-03
 1.16862357E+00  3.84713814E-03
 1.16914017E+00  3.86508450E-03
 1.16963031E+00  3.85746636E-03
 1.17008091E+00  3.82248657E-03
 1.17048461E+00  3.75879540E-03
 1.17083693E+00  3.66567914E-03
 1.17113527E+00  3.54295504E-03
 1.17137902E+00  3.39100150E-03
 1.17156303E+00  3.21101915E-03
 1.17167935E+00  3.00506807E-03
 1.17172536E+00  2.77622207E-03
 1.17170266E+00  2.52871931E-03
 1.17161733E+00  2.26793340E-03
 1.17148138E+00  2.00025288E-03
 1.17130556E+00  1.73269599E-03
 1.17109964E+00  1.47259126E-03
 1.17087700E+00  1.22723950E-03
 1.17065108E+00  1.00358969E-03
 1.17043459E+00  8.08237290E-04
 1.17023894E+00  6.46931133E-04
 1.17006789E+00  5.23797131E-04
 1.16991913E+00  4.41484034E-04
 1.16979096E+00  4.01628459E-04
 1.16968227E+00  4.05033562E-04
 1.16959518E+00  4.52425820E-04
 1.16953588E+00  5.44156292E-04
 1.16950664E+00  6.78434038E-04
 1.16950698E+00  8.51365470E-04
 1.16953820E+00  1.05722015E-03
 1.16960051E+00  1.28819062E-03
 1.16969522E+00  1.53597356E-03
 1.16982445E+00  1.79201039E-03
 1.16998406E+00  2.04663120E-03
 1.17016637E+00  2.29019686E-03
 1.17036648E+00  2.51387603E-03
 1.17058161E+00  2.71031058E-03
 1.17081405E+00  2.87569983E-03
 1.17107147E+00  3.00938944E-03
 1.17135856E+00  3.11138636E-03
 1.17167723E+00  3.18208206E-03
 1.17202914E+00  3.22118373E-03
 1.17241274E+00  3.22756463E-03
 1.17282662E+00  3.20285727E-03
 1.17326890E+00  3.15108291E-03
 1.17373091E+00  3.07684558E-03
 1.17419971E+00  2.98639130E-03
 1.17466189E+00  2.88602690E-03
 1.17510375E+00  2.78202473E-03
 1.17551640E+00  2.68347287E-03
 1.17589559E+00  2.60055616E-03
 1.17623436E+00  2.54160436E-03
 1.17652458E+00  2.51272107E-03
 1.17675924E+00  2.51538798E-03
 1.17693046E+00  2.54655988E-03
 1.17703393E+00  2.60336193E-03
 1.17706845E+00  2.68324670E-03
 1.17703006E+00  2.78378750E-03
 1.17691500E+00  2.90377769E-03
 1.17672336E+00  3.03946537E-03
 1.17645863E+00  3.18497937E-03
 1.17613147E+00  3.33588186E-03
 1.17575919E+00  3.48758518E-03
 1.17535867E+00  3.63535804E-03
 1.17494643E+00  3.77448119E-03
 1.17453913E+00  3.89657815E-03
 1.17415092E+00  3.99110211E-03
 1.17379662E+00  4.05017047E-03
 1.17349012E+00  4.06855863E-03
 1.17323850E+00  4.04504121E-03
 1.17304416E+00  3.98299196E-03
 1.17290776E+00  3.88519927E-03
 1.17282852E+00  3.75384875E-03
 1.17280931E+00  3.59245618E-03
 1.17285575E+00  3.40420913E-03
 1.17296799E+00  3.19431967E-03
 1.17314179E+00  2.96990300E-03
 1.17337028E+00  2.73596743E-03
 1.17364194E+00  2.49680076E-03
 1.17394619E+00  2.25753403E-03
 1.17427311E+00  2.02375172E-03
 1.17460771E+00  1.80423284E-03
 1.17493358E+00  1.61011971E-03
 1.17523657E+00  1.44996163E-03
 1.17550528E+00  1.32972515E-03
 1.17573679E+00  1.25260684E-03
 1.17593585E+00  1.21807502E-03
 1.17610628E+00  1.22595215E-03
 1.17625094E+00  1.27651457E-03
 1.17637101E+00  1.36813033E-03
 1.17646410E+00  1.49869359E-03
 1.17653199E+00  1.66437348E-03
 1.17657952E+00  1.85947651E-03
 1.17660845E+00  2.07969129E-03
 1.17662056E+00  2.32114968E-03
 1.17661717E+00  2.57872766E-03
 1.17659918E+00  2.84650835E-03
 1.17657437E+00  3.11609225E-03
 1.17655485E+00  3.37714176E-03
 1.17654874E+00  3.62137744E-03
 1.17656078E+00  3.84279351E-03
 1.17659010E+00  4.03771689E-03
 1.17662929E+00  4.20555101E-03
 1.17667342E+00  4.34551643E-03
 1.17671995E+00  4.45635101E-03
 1.17676489E+00  4.53790646E-03
 1.17680611E+00  4.59009109E-03
 1.17684031E+00  4.61426473E-03
 1.17686332E+00  4.61328010E-03
 1.17687713E+00  4.58880413E-03
 1.17688734E+00  4.54219988E-03
 1.17689901E+00  4.47564566E-03
 1.17691686E+00  4.39189751E-03
 1.17694061E+00  4.29616065E-03
 1.17696530E+00  4.19542456E-03
 1.17698952E+00  4.09483599E-03
 1.17701435E+00  3.99754283E-03
 1.17704155E+00  3.90436126E-03
 1.17707555E+00  3.81324912E-03
 1.17711841E+00  3.72273845E-03
 1.17716991E+00  3.63222886E-03
 1.17723314E+00  3.54062613E-03
 1.17731169E+00  3.44751284E-03
 1.17740769E+00  3.35172259E-03
 1.17752225E+00  3.25148015E-03
 1.17765121E+00  3.14726015E-03
 1.17778587E+00  3.04075312E-03
 1.17791881E+00  2.93343174E-03
 1.17804349E+00  2.82657487E-03
 1.17815470E+00  2.71900850E-03
 1.17824999E+00  2.60758527E-03
 1.17832529E+00  2.49104724E-03
 1.17837569E+00  2.36980305E-03
 1.17839930E+00  2.24568160E-03
 1.17839541E+00  2.12268501E-03
 1.17836446E+00  2.00386651E-03
 1.17830819E+00  1.89127108E-03
 1.17822547E+00  1.78811427E-03
 1.17811345E+00  1.69739376E-03
 1.17797198E+00  1.62195601E-03
 1.17780284E+00  1.56450209E-03
 1.17761026E+00  1.52495198E-03
 1.17740162E+00  1.50116666E-03
 1.17718329E+00  1.49137864E-03
 1.17696087E+00  1.49408710E-03
 1.17674159E+00  1.50925746E-03
 1.17653246E+00  1.53855318E-03
 1.17634014E+00  1.58220785E-03
 1.17617077E+00  1.63940123E-03
 1.17602650E+00  1.70963461E-03
 1.17590636E+00  1.79173783E-03
 1.17580944E+00  1.88513915E-03
 1.17573472E+00  1.98980779E-03
 1.17568238E+00  2.10380605E-03
 1.17565422E+00  2.22423578E-03
 1.17564957E+00  2.34876848E-03
 1.17566588E+00  2.47531309E-03
 1.17570073E+00  2.60320671E-03
 1.17575053E+00  2.73325000E-03
 1.17581201E+00  2.86538655E-03
 1.17588224E+00  2.99897815E-03
 1.17595553E+00  3.13346667E-03
 1.17602495E+00  3.26766093E-03
 1.17608496E+00  3.40080607E-03
 1.17613138E+00  3.53253451E-03
 1.17616323E+00  3.66133978E-03
 1.17618280E+00  3.78522012E-03
 1.17619172E+00  3.90235606E-03
 1.17619109E+00  4.01101173E-03
 1.17618210E+00  4.11063423E-03
 1.17616503E+00  4.20181039E-03
 1.17614168E+00  4.28485050E-03
 1.17611515E+00  4.36013057E-03
 1.17608703E+00  4.42844847E-03
 1.17605856E+00  4.49056825E-03
 1.17603116E+00  4.54789402E-03
 1.17600627E+00  4.60226374E-03
 1.17598777E+00  4.65475037E-03
 1.17598127E+00  4.70601965E-03
 1.17599060E+00  4.75683745E-03
 1.17601802E+00  4.80774822E-03
 1.17606375E+00  4.85941810E-03
 1.17612542E+00  4.91266145E-03
 1.17620133E+00  4.96765410E-03
 1.17629040E+00  5.02416360E-03
 1.17639063E+00  5.08205510E-03
 1.17650022E+00  5.14090183E-03
 1.17661664E+00  5.19982520E-03
 1.17673656E+00  5.25747982E-03
 1.17685843E+00  5.31153558E-03
 1.17698165E+00  5.35884659E-03
 1.17710514E+00  5.39624511E-03
 1.17722756E+00  5.42055526E-03
 1.17734585E+00  5.42868709E-03
 1.17745546E+00  5.41800293E-03
 1.17755335E+00  5.38604701E-03
 1.17763788E+00  5.33088229E-03
 1.17770843E+00  5.25192159E-03
 1.17776608E+00  5.14964199E-03
 1.17781159E+00  5.02504015E-03
 1.17784527E+00  4.87951593E-03
 1.17786872E+00  4.71414997E-03
 1.17788392E+00  4.52980928E-03
 1.17789327E+00  4.32849922E-03
 1.17789978E+00  4.11317895E-03
 1.17790532E+00  3.88735699E-03
 1.17791099E+00  3.65541016E-03
 1.17791855E+00  3.42171030E-03
 1.17793010E+00  3.19061040E-03
 1.17794868E+00  2.96741702E-03
 1.17797818E+00  2.75768671E-03
 1.17802137E+00  2.56637635E-03
 1.17807983E+00  2.39765243E-03
 1.17815436E+00  2.25382777E-03
 1.17824449E+00  2.13545033E-03
 1.17834958E+00  2.04291990E-03
 1.17846896E+00  1.97649093E-03
 1.17860084E+00  1.93633819E-03
 1.17874281E+00  1.92284658E-03
 1.17889167E+00  1.93504303E-03
 1.17904334E+00  1.97072505E-03
 1.17919382E+00  2.02762924E-03
 1.17933903E+00  2.10288269E-03
 1.17947427E+00  2.19332820E-03
 1.17959449E+00  2.29565832E-03
 1.17969408E+00  2.40515594E-03
 1.17976713E+00  2.51637376E-03
 1.17980870E+00  2.62472669E-03
 1.17981513E+00  2.72663634E-03
 1.17978428E+00  2.82037672E-03
 1.17971575E+00  2.90616505E-03
 1.17960976E+00  2.98411327E-03
 1.17946700E+00  3.05415182E-03
 1.17928886E+00  3.11633725E-03
 1.17907723E+00  3.17035731E-03
 1.17883563E+00  3.21705285E-03
 1.17856919E+00  3.25831400E-03
 1.17828382E+00  3.29553933E-03
 1.17798642E+00  3.33027728E-03
 1.17768452E+00  3.36427558E-03
 1.17738598E+00  3.39934950E-03
 1.17709969E+00  3.43882866E-03
 1.17683486E+00  3.48691603E-03
 1.17659956E+00  3.54662120E-03
 1.17640023E+00  3.61967343E-03
 1.17624048E+00  3.70588181E-03
 1.17612111E+00  3.80292746E-03
 1.17604219E+00  3.90868229E-03
 1.17600330E+00  4.02131660E-03
 1.17600372E+00  4.13866512E-03
 1.17604266E+00  4.25891817E-03
 1.17611688E+00  4.37933153E-03
 1.17622076E+00  4.49634156E-03
 1.17634791E+00  4.60738803E-03
 1.17649049E+00  4.71023755E-03
 1.17664009E+00  4.80248062E-03
 1.17678805E+00  4.88165111E-03
 1.17692363E+00  4.94374150E-03
 1.17703535E+00  4.98371697E-03
 1.17711340E+00  4.99791894E-03
 1.17715024E+00  4.98406117E-03
 1.17714251E+00  4.94150042E-03
 1.17709098E+00  4.87164936E-03
 1.17699692E+00  4.77580115E-03
 1.17686187E+00  4.65510730E-03
 1.17668761E+00  4.51169892E-03
 1.17647550E+00  4.34793057E-03
 1.17622998E+00  4.16711406E-03
 1.17595829E+00  3.97353874E-03
 1.17566774E+00  3.77074391E-03
 1.17536689E+00  3.56202516E-03
 1.17506487E+00  3.35127106E-03
 1.17477101E+00  3.14271643E-03
 1.17449784E+00  2.94186809E-03
 1.17425939E+00  2.75519110E-03
 1.17406723E+00  2.58798827E-03
 1.17393000E+00  2.44429691E-03
 1.17385133E+00  2.32684206E-03
 1.17382959E+00  2.23659237E-03
 1.17386301E+00  2.17438934E-03
 1.17394989E+00  2.14102207E-03
 1.17408786E+00  2.13627764E-03
 1.17427511E+00  2.15944750E-03
 1.17450652E+00  2.20864004E-03
 1.17477398E+00  2.28067416E-03
 1.17507026E+00  2.37237183E-03
 1.17538742E+00  2.48020690E-03
 1.17571678E+00  2.59990008E-03
 1.17604923E+00  2.72671098E-03
 1.17637169E+00  2.85479155E-03
 1.17666873E+00  2.97761445E-03
 1.17692795E+00  3.08963775E-03
 1.17714023E+00  3.18661543E-03
 1.17730153E+00  3.26607172E-03
 1.17741343E+00  3.32748997E-03
 1.17747725E+00  3.37057853E-03
 1.17749388E+00  3.39504169E-03
 1.17746539E+00  3.40084142E-03
 1.17739336E+00  3.38783013E-03
 1.17728245E+00  3.35723033E-03
 1.17714016E+00  3.31156982E-03
 1.17697229E+00  3.25329802E-03
 1.17678466E+00  3.18535201E-03
 1.17658405E+00  3.11101230E-03
 1.17637778E+00  3.03376825E-03
 1.17617742E+00  2.95871858E-03
 1.17599725E+00  2.89179613E-03
 1.17584830E+00  2.83768856E-03
 1.17573814E+00  2.79959501E-03
 1.17566971E+00  2.77829287E-03
