# x =
 2.97330738E+01
# y =
 3.25097170E+00
 VARIABLES = u,v
 1.16037103E+00  1.23440687E-02
 1.15999445E+00  1.24672866E-02
 1.16043042E+00  1.25392385E-02
 1.16194284E+00  1.19297312E-02
 1.16414427E+00  9.71903265E-03
 1.16674404E+00  5.70614124E-03
 1.16879934E+00  1.32845890E-03
 1.16913033E+00 -2.06417989E-03
 1.16684435E+00 -3.09926255E-03
 1.16154989E+00 -8.36139603E-04
 1.15414016E+00  4.13039128E-03
 1.14762920E+00  9.86159371E-03
 1.14616807E+00  1.35273281E-02
 1.15225996E+00  1.30400400E-02
 1.16550995E+00  8.05991061E-03
 1.18100732E+00  5.75695892E-04
 1.19039626E+00 -5.46973580E-03
 1.18840217E+00 -7.50567496E-03
 1.17464203E+00 -5.07910447E-03
 1.15481725E+00  2.95492877E-04
 1.14024368E+00  4.90074180E-03
 1.13792878E+00  6.66596459E-03
 1.14840144E+00  5.79885673E-03
 1.16658753E+00  3.24913351E-03
 1.18110387E+00  1.46706002E-03
 1.18528572E+00  1.63037852E-03
 1.17951182E+00  2.91257901E-03
 1.16742799E+00  4.70449368E-03
 1.15774269E+00  5.85125563E-03
 1.15519779E+00  5.75843490E-03
 1.15816252E+00  5.20204879E-03
 1.16438253E+00  4.54086547E-03
 1.16888091E+00  4.11231085E-03
 1.16906144E+00  4.23944597E-03
 1.16708559E+00  4.57614971E-03
 1.16427434E+00  5.00463942E-03
 1.16262387E+00  5.57290210E-03
 1.16332958E+00  6.17765652E-03
 1.16473361E+00  6.89749255E-03
 1.16607696E+00  7.68924149E-03
 1.16689560E+00  8.33268452E-03
 1.16660879E+00  8.68734164E-03
 1.16591524E+00  8.60196796E-03
 1.16510363E+00  8.00816778E-03
 1.16404929E+00  6.99156369E-03
 1.16295007E+00  5.64542687E-03
 1.16167344E+00  4.12467474E-03
 1.16025496E+00  2.70431319E-03
 1.15905927E+00  1.69391577E-03
 1.15829905E+00  1.40940768E-03
 1.15820760E+00  2.09830594E-03
 1.15892294E+00  3.75994258E-03
 1.16034549E+00  6.13550452E-03
 1.16236269E+00  8.81354487E-03
 1.16476743E+00  1.11354432E-02
 1.16716139E+00  1.21073779E-02
 1.16908659E+00  1.07234912E-02
 1.17007808E+00  6.50293723E-03
 1.16977105E+00 -2.00581792E-05
 1.16815618E+00 -6.51384489E-03
 1.16559857E+00 -9.48972859E-03
 1.16268109E+00 -6.62887776E-03
 1.16034263E+00  2.34845958E-03
 1.16001905E+00  1.45398505E-02
 1.16313902E+00  2.43318273E-02
 1.17027141E+00  2.78775948E-02
 1.18036669E+00  2.40144447E-02
 1.18955049E+00  1.44355040E-02
 1.19217937E+00  4.10025557E-03
 1.18459587E+00 -3.81837654E-03
 1.16658728E+00 -8.49980276E-03
 1.14329522E+00 -9.36476700E-03
 1.12438425E+00 -7.54125024E-03
 1.11665821E+00 -3.20884755E-03
 1.12246852E+00  4.56311672E-03
 1.13924585E+00  1.38109412E-02
 1.15879428E+00  2.13493102E-02
 1.17565354E+00  2.44423597E-02
 1.18790090E+00  2.06653174E-02
 1.19356323E+00  1.12638377E-02
 1.19325306E+00  6.27161544E-04
 1.18620934E+00 -8.28731122E-03
 1.17038927E+00 -1.34841739E-02
 1.14964874E+00 -1.39278824E-02
 1.13081588E+00 -1.07453972E-02
 1.11978401E+00 -3.98661837E-03
 1.12159995E+00  6.69788192E-03
 1.13479232E+00  1.86179096E-02
 1.15199254E+00  2.79810759E-02
 1.16858142E+00  3.13844507E-02
 1.18169438E+00  2.61883752E-02
 1.18916531E+00  1.41995269E-02
 1.19190419E+00  8.52379345E-04
 1.18840317E+00 -1.00722683E-02
 1.17569561E+00 -1.61631280E-02
 1.15595516E+00 -1.65390020E-02
 1.13376215E+00 -1.30420084E-02
 1.11428533E+00 -5.90952198E-03
 1.10407861E+00  5.62437981E-03
 1.10648389E+00  1.94682706E-02
 1.12111580E+00  3.24113736E-02
 1.14732068E+00  3.99902456E-02
 1.18099282E+00  3.60280997E-02
 1.21105870E+00  1.60921997E-02
 1.22379156E+00 -1.75110848E-02
 1.20899076E+00 -4.69829637E-02
 1.16454034E+00 -5.05892354E-02
 1.10552607E+00 -3.51000136E-02
 1.05980312E+00 -2.02658939E-02
 1.04653579E+00  2.19195984E-03
 1.07185294E+00  4.24411347E-02
 1.12395022E+00  7.41924063E-02
 1.17287473E+00  6.91463771E-02
 1.20011773E+00  3.84814025E-02
 1.20190949E+00  6.69737728E-03
 1.18161991E+00 -2.05887607E-02
 1.15603680E+00 -3.95437813E-02
 1.13339548E+00 -4.39138318E-02
 1.11091849E+00 -3.73681939E-02
 1.09366299E+00 -1.80498064E-02
 1.08562349E+00  1.68383797E-02
 1.09176716E+00  4.52600799E-02
 1.12009597E+00  4.23044553E-02
 1.16195876E+00  2.06176036E-02
 1.19796828E+00  7.39818241E-03
 1.21533934E+00  1.93973652E-03
 1.20638857E+00 -4.02655468E-03
 1.17766314E+00 -6.27786004E-03
 1.15028380E+00 -6.24546700E-03
 1.13559485E+00 -5.78490849E-03
 1.13534194E+00  2.29591631E-04
 1.14680128E+00  1.01111909E-02
 1.15749216E+00  1.79769258E-02
 1.16225876E+00  2.02865758E-02
 1.16495538E+00  1.35425938E-02
 1.16502327E+00  5.03157730E-04
 1.16360902E+00 -1.01850456E-02
 1.16045464E+00 -1.41505919E-02
 1.15117624E+00 -1.04216084E-02
 1.13954595E+00 -9.61387294E-04
 1.13379015E+00  7.47066114E-03
 1.13815873E+00  1.14578202E-02
 1.15457241E+00  1.15269086E-02
 1.17662691E+00  7.85204310E-03
 1.19032692E+00  2.70737585E-03
 1.18793451E+00 -2.70108754E-03
 1.16879593E+00 -9.22599952E-03
 1.13950207E+00 -1.47357813E-02
 1.11520019E+00 -1.61642939E-02
 1.10529818E+00 -1.16794712E-02
 1.11101945E+00 -3.74133901E-04
 1.12945283E+00  1.37203395E-02
 1.15063977E+00  2.28750924E-02
 1.16805467E+00  2.23524827E-02
 1.18051626E+00  1.10930489E-02
 1.18418795E+00 -6.40217831E-03
 1.17714556E+00 -2.01727084E-02
 1.15834036E+00 -2.40999675E-02
 1.12783529E+00 -1.72382922E-02
 1.09780149E+00 -2.66747842E-03
 1.08662689E+00  1.12106923E-02
 1.10398187E+00  1.93497193E-02
 1.14705171E+00  2.14290530E-02
 1.18927917E+00  1.74882646E-02
 1.19550586E+00  1.04209737E-02
 1.17648341E+00  1.73914228E-03
 1.16511106E+00 -9.27791291E-03
 1.14705315E+00 -1.91951714E-02
 1.10261699E+00 -2.32545254E-02
 1.06695438E+00 -1.82394220E-02
 1.07671278E+00 -2.50941767E-03
 1.11211996E+00  1.80782892E-02
 1.13944016E+00  3.21112947E-02
 1.16063046E+00  3.24779342E-02
 1.18243698E+00  1.73786723E-02
 1.19363276E+00 -6.97014225E-03
 1.18959961E+00 -2.64054142E-02
 1.17004870E+00 -3.24399885E-02
 1.13234210E+00 -2.40409052E-02
 1.09028715E+00 -5.51022776E-03
 1.06794336E+00  1.15243932E-02
 1.07873116E+00  2.04261719E-02
 1.12224831E+00  2.16352330E-02
 1.17084224E+00  1.62098600E-02
 1.18488283E+00  9.08968695E-03
 1.17479288E+00  2.66743946E-03
 1.17501828E+00 -5.06958161E-03
 1.16808080E+00 -1.22539344E-02
 1.13078638E+00 -1.62433318E-02
 1.09763976E+00 -1.49365921E-02
 1.10471239E+00 -5.53381555E-03
 1.13197220E+00  8.79522338E-03
 1.14735312E+00  2.04863158E-02
 1.15618135E+00  2.48305386E-02
 1.16910131E+00  1.94807448E-02
 1.17728574E+00  6.82408886E-03
 1.17701868E+00 -5.44537565E-03
 1.16868505E+00 -1.29398020E-02
 1.14765467E+00 -1.46725568E-02
 1.11984017E+00 -1.05947446E-02
 1.09930616E+00 -3.88562220E-03
 1.09492193E+00  3.98770323E-03
 1.11120543E+00  1.35321893E-02
 1.14208659E+00  2.17008830E-02
 1.17073079E+00  2.46793010E-02
 1.18689435E+00  1.97040761E-02
 1.18733230E+00  5.14963654E-03
 1.17316140E+00 -1.39591559E-02
 1.15371246E+00 -2.77988972E-02
 1.13396631E+00 -3.00628279E-02
 1.11402730E+00 -1.86530331E-02
 1.09928138E+00  1.83392890E-03
 1.09464293E+00  1.99900671E-02
 1.10434665E+00  2.88257008E-02
 1.13172123E+00  2.68497107E-02
 1.16687939E+00  1.58067477E-02
 1.19139408E+00  2.91964071E-03
 1.19319513E+00 -7.78889585E-03
 1.16780414E+00 -1.64633752E-02
 1.12562388E+00 -2.09235207E-02
 1.09102989E+00 -2.01037587E-02
 1.07874165E+00 -1.27109730E-02
 1.09163650E+00  3.19899120E-03
 1.12321474E+00  2.24116378E-02
 1.15396044E+00  3.54869648E-02
 1.17269481E+00  3.61502614E-02
 1.17920155E+00  2.15923761E-02
 1.17251169E+00 -2.43652952E-03
 1.15765507E+00 -2.24585558E-02
 1.13718982E+00 -3.02692374E-02
 1.10945928E+00 -2.38971873E-02
 1.08476614E+00 -7.10291155E-03
 1.07766918E+00  8.82847482E-03
 1.09564229E+00  1.75443344E-02
 1.13756261E+00  1.89668520E-02
 1.17842112E+00  1.32478562E-02
 1.18542884E+00  4.57211529E-03
 1.17120129E+00 -4.31697907E-03
 1.16804091E+00 -1.29644139E-02
 1.16051239E+00 -1.40306016E-02
 1.12701783E+00 -2.12931710E-03
 1.10084146E+00  1.13704966E-02
 1.11719222E+00  1.18600467E-02
 1.15289149E+00  6.99422930E-03
 1.17049178E+00  1.07175207E-02
 1.17095519E+00  1.16443588E-02
 1.16372934E+00 -4.13285555E-03
 1.14725138E+00 -1.92093280E-02
 1.13108312E+00 -1.28843426E-02
 1.12369081E+00  1.29160963E-03
 1.12208477E+00  3.12076187E-03
 1.12565554E+00  3.48948123E-03
 1.13327100E+00  1.66075719E-02
 1.14390522E+00  2.70471131E-02
 1.15952401E+00  1.79494812E-02
 1.17563390E+00  1.65038516E-04
 1.18404236E+00 -1.03295610E-02
 1.17973080E+00 -1.43752473E-02
 1.16012719E+00 -1.48476708E-02
 1.13111154E+00 -9.71273088E-03
 1.10617963E+00 -1.89471542E-03
 1.09427476E+00  5.44572932E-03
 1.09911914E+00  1.28079328E-02
 1.11841931E+00  1.90051395E-02
 1.14195687E+00  2.24196133E-02
 1.16314012E+00  2.14074422E-02
 1.17928513E+00  1.38697089E-02
 1.18555730E+00  1.59146511E-03
 1.17966200E+00 -1.07656205E-02
 1.15932551E+00 -1.94111102E-02
 1.12341884E+00 -2.08094901E-02
 1.08310901E+00 -1.32296005E-02
 1.05655113E+00  1.77918164E-03
 1.05653937E+00  2.16442712E-02
 1.08830499E+00  4.06306335E-02
 1.14006672E+00  4.57462923E-02
 1.18525151E+00  2.69291373E-02
 1.20677986E+00 -3.07116056E-03
 1.19945159E+00 -2.12715218E-02
 1.16977304E+00 -2.74346128E-02
 1.13909093E+00 -3.08082530E-02
 1.11915271E+00 -2.64363786E-02
 1.10990506E+00 -1.22597513E-02
 1.11148771E+00  3.35346089E-03
 1.11727737E+00  1.53237818E-02
 1.12569942E+00  2.43134509E-02
 1.14257218E+00  3.07740321E-02
 1.16382198E+00  2.93152009E-02
 1.18179720E+00  1.53167993E-02
 1.19024553E+00 -2.06449737E-03
 1.18173134E+00 -1.01769438E-02
 1.15972398E+00 -1.22287755E-02
 1.13680739E+00 -1.62868999E-02
 1.12022545E+00 -1.72408110E-02
 1.11402642E+00 -9.00696438E-03
 1.11824450E+00  3.28844619E-03
 1.12586512E+00  1.32644891E-02
 1.13440082E+00  1.78922770E-02
 1.14495118E+00  1.41183024E-02
 1.15416971E+00  4.07246313E-03
 1.15913831E+00 -4.76685231E-03
 1.15678328E+00 -8.42739351E-03
 1.14377975E+00 -6.13578964E-03
 1.12584604E+00  6.92979096E-04
 1.11436533E+00  6.79736079E-03
 1.11607981E+00  9.72681058E-03
 1.13293457E+00  1.02939122E-02
 1.15761484E+00  8.18777023E-03
 1.17417604E+00  4.33873538E-03
 1.17402128E+00 -6.29975048E-04
 1.15772180E+00 -7.09149468E-03
 1.13364866E+00 -1.16338971E-02
 1.11919064E+00 -9.61490707E-03
 1.12385493E+00 -3.28790948E-04
 1.14537830E+00  1.19092705E-02
 1.17446017E+00  1.30243173E-02
 1.19274344E+00 -1.05802807E-02
 1.18824438E+00 -4.28043305E-02
 1.16004611E+00 -5.44138361E-02
 1.11180677E+00 -4.90138644E-02
 1.05652310E+00 -3.84675073E-02
 1.00876311E+00 -1.10424042E-04
 9.84104319E-01  8.29191857E-02
 1.01188250E+00  1.70963332E-01
 1.10507543E+00  2.06441942E-01
 1.20417766E+00  1.69918403E-01
 1.22426934E+00  6.87544222E-02
 1.16843962E+00 -5.96865342E-02
 1.09182076E+00 -1.49469662E-01
 1.02370988E+00 -1.81413639E-01
 9.94401761E-01 -1.75235435E-01
 9.96763344E-01 -1.25501660E-01
 9.86776184E-01 -4.07402615E-02
 1.00972544E+00  3.20065507E-02
 1.12737862E+00  5.49764786E-02
 1.24268820E+00  3.03354153E-02
 1.22866272E+00 -1.50721493E-02
 1.13961684E+00 -5.72023549E-02
 1.08540803E+00 -7.42701216E-02
 1.05312360E+00 -6.51282012E-02
 1.01347211E+00 -5.21917170E-02
 9.90428540E-01 -3.20313234E-02
 9.85835385E-01  1.00502313E-02
 1.01206115E+00  6.18440567E-02
 1.09992182E+00  1.04656187E-01
 1.20452299E+00  1.12403683E-01
 1.25222345E+00  5.86382987E-02
 1.25484772E+00 -2.59436240E-02
 1.24924488E+00 -8.26718389E-02
 1.20906562E+00 -1.14966617E-01
 1.11441810E+00 -1.47379144E-01
 1.01473807E+00 -1.53566438E-01
 9.62484043E-01 -1.10493694E-01
 9.51163541E-01 -4.23427535E-02
 9.59965891E-01  2.19402209E-02
 1.00546089E+00  7.19626217E-02
 1.09544753E+00  9.76222871E-02
 1.18189628E+00  8.87300348E-02
 1.21539935E+00  5.09468487E-02
 1.21232051E+00  6.46025208E-03
 1.21182424E+00 -2.15844453E-02
 1.20624725E+00 -3.41984795E-02
 1.17919231E+00 -4.62892687E-02
 1.14307975E+00 -5.06678916E-02
 1.10603585E+00 -3.73053425E-02
 1.07408246E+00 -2.24626784E-02
 1.06051697E+00 -2.21180623E-02
 1.05605122E+00 -2.83617036E-02
 1.04419255E+00 -2.75365411E-02
 1.04720058E+00 -1.73552616E-02
 1.09265756E+00  7.09188111E-04
 1.14973745E+00  1.95471012E-02
 1.17186937E+00  2.42106541E-02
 1.16874105E+00  1.26654533E-02
 1.16495362E+00 -5.76422105E-03
 1.14979361E+00 -2.56599991E-02
 1.11680557E+00 -3.86882640E-02
 1.08579907E+00 -3.60594112E-02
 1.07182523E+00 -1.77032857E-02
 1.07283975E+00  8.99197160E-03
 1.08417803E+00  3.15806651E-02
 1.10788747E+00  4.11416300E-02
 1.14314788E+00  3.58980871E-02
 1.17806494E+00  2.10801809E-02
 1.19849395E+00  8.92308067E-03
 1.19471362E+00  6.07809446E-03
 1.16553447E+00  1.14487522E-02
 1.13367891E+00  2.10438928E-02
 1.12953842E+00  2.57737969E-02
 1.14118806E+00  2.13541673E-02
 1.13889672E+00  1.09669680E-02
 1.13886429E+00 -1.92284857E-03
 1.16373814E+00 -1.12515204E-02
 1.18480487E+00 -1.34072209E-02
 1.17064189E+00 -1.04801428E-02
 1.14121479E+00 -4.73664653E-03
 1.12745733E+00  2.37267169E-04
 1.12579073E+00  1.83235499E-03
 1.12644960E+00  1.09755540E-03
 1.13257965E+00 -3.20455792E-04
 1.13984093E+00  9.62968782E-05
 1.14313345E+00  3.90825731E-03
 1.14631119E+00  1.00433745E-02
 1.15140029E+00  1.66663114E-02
 1.15936078E+00  2.10593247E-02
 1.17049640E+00  2.14846298E-02
 1.18121123E+00  1.83508143E-02
 1.18842508E+00  1.28183023E-02
 1.18975515E+00  7.04760748E-03
 1.18332293E+00  2.61580282E-03
 1.17038966E+00 -3.61911774E-04
 1.15491636E+00 -2.06330768E-03
 1.14242113E+00 -3.28790091E-03
 1.13735095E+00 -4.36273616E-03
 1.14110686E+00 -4.63715197E-03
 1.15081397E+00 -3.73913362E-03
 1.15997871E+00 -1.25861508E-03
 1.16426916E+00  2.85413605E-03
 1.16258820E+00  7.90325641E-03
 1.15647331E+00  1.34956127E-02
 1.15093462E+00  1.92514165E-02
 1.14872162E+00  2.43569596E-02
 1.14985102E+00  2.78039376E-02
 1.15535355E+00  2.78211011E-02
 1.16473681E+00  2.24115617E-02
 1.17658983E+00  1.11492393E-02
 1.18814835E+00 -4.11459512E-03
 1.18935867E+00 -1.81484638E-02
 1.16812702E+00 -2.35056111E-02
 1.12268700E+00 -1.55140294E-02
 1.06678799E+00  5.63671928E-03
 1.03977193E+00  3.25628359E-02
 1.08043849E+00  5.20172985E-02
 1.15381677E+00  5.50060129E-02
 1.18988460E+00  3.94761627E-02
 1.19563671E+00  1.17069152E-02
 1.20498262E+00 -1.35574760E-02
 1.19743367E+00 -2.66166917E-02
 1.16027241E+00 -2.49139149E-02
 1.12415848E+00 -9.70948226E-03
 1.11283871E+00  1.06121759E-02
 1.11972304E+00  2.99274768E-02
 1.13272302E+00  4.46682432E-02
 1.15811241E+00  4.38685372E-02
 1.19737722E+00  2.18413900E-02
 1.21793343E+00 -3.88166294E-03
 1.18895452E+00 -1.02624528E-02
 1.13490160E+00 -3.54356354E-03
 1.10219884E+00 -2.72279306E-03
 1.09606992E+00 -4.25691393E-03
 1.10595330E+00 -4.21956568E-05
 1.13119882E+00  8.11190775E-03
 1.15701279E+00  2.09876249E-02
 1.17114481E+00  3.07806138E-02
 1.17702781E+00  2.31706202E-02
 1.17627683E+00  5.42332234E-03
 1.17251872E+00 -4.94522591E-03
 1.16751440E+00 -6.70286088E-03
 1.15688272E+00 -3.19789385E-03
 1.14343770E+00  5.40151746E-03
 1.13353251E+00  1.27565980E-02
 1.13131195E+00  1.42209060E-02
 1.14098183E+00  1.12646395E-02
 1.15837491E+00  5.89479161E-03
 1.17212806E+00  1.97326683E-03
 1.17588555E+00  1.51914437E-03
 1.16775348E+00  2.85040598E-03
 1.15179481E+00  5.02552075E-03
 1.13932944E+00  6.59719034E-03
 1.13620993E+00  6.62162000E-03
 1.14183383E+00  6.28931551E-03
 1.15328528E+00  6.01014397E-03
 1.16273609E+00  5.87027557E-03
 1.16616079E+00  6.08517385E-03
 1.16541478E+00  5.96327411E-03
 1.16199452E+00  5.22297915E-03
 1.15940605E+00  4.03805178E-03
 1.15949401E+00  2.38997341E-03
 1.16017293E+00  5.93760279E-04
 1.16072740E+00 -9.91708692E-04
 1.16049628E+00 -2.16827389E-03
 1.15905382E+00 -2.61310324E-03
 1.15797756E+00 -2.09861880E-03
 1.15777234E+00 -6.30376927E-04
 1.15816465E+00  1.63538198E-03
 1.15923942E+00  4.37596649E-03
 1.16033077E+00  7.04079485E-03
 1.16097516E+00  8.79743510E-03
 1.16119031E+00  8.74158722E-03
 1.16062549E+00  6.31359753E-03
 1.15908104E+00  1.67155771E-03
 1.15672409E+00 -3.71460884E-03
 1.15381118E+00 -7.47060658E-03
 1.15083777E+00 -7.93718195E-03
 1.14855307E+00 -4.70395793E-03
 1.14782409E+00  6.91369787E-04
 1.14943919E+00  5.00312822E-03
 1.15369518E+00  6.18818297E-03
 1.15986926E+00  3.91948654E-03
 1.16547781E+00 -5.15206565E-04
 1.16702583E+00 -3.96155089E-03
 1.16237438E+00 -4.61031532E-03
 1.15177357E+00 -2.49217169E-03
 1.13929829E+00  1.80100042E-03
 1.13196466E+00  6.35130727E-03
 1.13423160E+00  9.93871998E-03
 1.14653503E+00  1.24504971E-02
 1.16429313E+00  1.28018748E-02
 1.17810480E+00  1.00256184E-02
 1.18169655E+00  3.72941000E-03
 1.17343801E+00 -5.84370111E-03
 1.15520308E+00 -1.54279422E-02
 1.13426956E+00 -1.98913930E-02
 1.11739307E+00 -1.60667025E-02
 1.11086765E+00 -3.60178421E-03
 1.12628947E+00  1.29250895E-02
 1.16598955E+00  2.47981024E-02
 1.19855308E+00  2.64785012E-02
 1.18768615E+00  1.70682690E-02
 1.15847406E+00  9.56209712E-04
 1.15909629E+00 -1.20441646E-02
 1.17066412E+00 -1.60512907E-02
 1.15647569E+00 -1.08120959E-02
 1.13535618E+00  3.45920170E-04
 1.13057996E+00  9.24186603E-03
 1.13450957E+00  1.14275161E-02
 1.14326279E+00  8.01409753E-03
 1.15882577E+00  1.17957665E-03
 1.17320309E+00 -3.96761454E-03
 1.17826824E+00 -4.80061996E-03
 1.17184743E+00 -3.13973831E-03
 1.15777015E+00 -2.01529719E-04
 1.14526677E+00  1.84787062E-03
 1.13937790E+00  1.76896621E-03
 1.14048174E+00  1.08165308E-03
 1.14733990E+00  3.34926270E-04
 1.15469757E+00 -1.50826164E-04
 1.15999057E+00 -6.97728282E-06
 1.16435874E+00 -1.25954161E-04
 1.16656899E+00 -7.95524440E-04
 1.16577091E+00 -1.73738767E-03
 1.16119988E+00 -2.88234685E-03
 1.15132409E+00 -3.63734058E-03
 1.13956564E+00 -3.35363072E-03
 1.13242048E+00 -1.69425768E-03
 1.13383244E+00  1.48574137E-03
 1.14522203E+00  5.62566565E-03
 1.16231028E+00  9.05472307E-03
 1.17553161E+00  9.59370228E-03
 1.17903945E+00  5.95669046E-03
 1.17154235E+00 -1.53820094E-03
 1.15596371E+00 -1.00532023E-02
 1.14066608E+00 -1.48837994E-02
 1.13082995E+00 -1.30397739E-02
 1.12742137E+00 -4.29254332E-03
 1.13117859E+00  8.04222972E-03
 1.13992752E+00  1.74022888E-02
 1.15241584E+00  1.95635082E-02
 1.16865152E+00  1.38379234E-02
 1.18322250E+00  2.64710838E-03
 1.18865380E+00 -7.92072543E-03
 1.18003451E+00 -1.40303869E-02
 1.15592251E+00 -1.51037275E-02
 1.12518243E+00 -1.13060259E-02
 1.10442057E+00 -5.11389287E-03
 1.10414666E+00  2.10917865E-03
 1.12664295E+00  1.06237999E-02
 1.16260541E+00  1.79668646E-02
 1.19137623E+00  2.10058312E-02
 1.20037002E+00  1.74563904E-02
 1.18798877E+00  5.97446106E-03
 1.16064232E+00 -9.39247973E-03
 1.13544743E+00 -2.07094052E-02
 1.12219693E+00 -2.28945151E-02
 1.12024683E+00 -1.43426381E-02
 1.12779748E+00  9.14577253E-04
 1.13725966E+00  1.32969008E-02
 1.14509629E+00  1.72290024E-02
 1.15464111E+00  1.22193839E-02
 1.16406922E+00  1.34741684E-03
 1.17077430E+00 -7.38709408E-03
 1.17236941E+00 -9.75767568E-03
 1.16449761E+00 -6.84803679E-03
 1.15031578E+00 -6.56291786E-04
 1.13837769E+00  3.95715680E-03
 1.13369873E+00  4.54488131E-03
 1.13898269E+00  2.94030237E-03
 1.15135973E+00  2.93860511E-04
 1.16175469E+00 -1.39098081E-03
 1.16563080E+00 -9.76750657E-04
 1.16305495E+00  1.39671400E-05
 1.15603395E+00  9.60551084E-04
 1.15072574E+00  1.46859078E-03
 1.14995121E+00  1.08395370E-03
 1.15190751E+00  5.78869824E-04
 1.15536164E+00  2.59613276E-04
 1.15755310E+00  3.28781129E-07
 1.15709829E+00 -4.43284545E-05
 1.15581508E+00 -9.15185016E-05
 1.15439340E+00 -2.57651959E-04
 1.15345243E+00 -3.83995967E-04
 1.15356700E+00 -4.76165121E-04
 1.15374630E+00 -4.93450560E-04
 1.15364454E+00 -3.72792431E-04
 1.15341035E+00 -1.62453754E-04
 1.15286375E+00  1.25388048E-04
 1.15232795E+00  4.78968326E-04
 1.15197867E+00  8.37024299E-04
 1.15165077E+00  1.14471011E-03
 1.15139236E+00  1.34378972E-03
 1.15117992E+00  1.37614263E-03
 1.15095469E+00  1.22091259E-03
 1.15078779E+00  8.90561428E-04
 1.15068818E+00  4.13455231E-04
 1.15064625E+00 -1.48584327E-04
 1.15069095E+00 -6.83509824E-04
 1.15082364E+00 -1.04931994E-03
 1.15104445E+00 -1.09814284E-03
 1.15135844E+00 -7.03404860E-04
 1.15174753E+00  1.81846752E-04
 1.15218323E+00  1.51821332E-03
 1.15263790E+00  3.22652531E-03
 1.15307963E+00  5.15588762E-03
 1.15347555E+00  7.04589964E-03
 1.15378506E+00  8.57329389E-03
 1.15393174E+00  9.39421522E-03
 1.15379209E+00  9.20634656E-03
 1.15318669E+00  7.88672118E-03
 1.15193536E+00  5.50913346E-03
 1.15000719E+00  2.25697576E-03
 1.14761394E+00 -1.49407038E-03
 1.14532199E+00 -5.08628139E-03
 1.14389546E+00 -7.71794988E-03
 1.14374171E+00 -8.62947791E-03
 1.14465361E+00 -7.30165488E-03
 1.14550948E+00 -3.83582127E-03
 1.14465848E+00  1.05268773E-03
 1.14154927E+00  6.46790846E-03
 1.13738462E+00  1.12245677E-02
 1.13576045E+00  1.37228536E-02
 1.14154368E+00  1.24615697E-02
 1.15621729E+00  6.52737520E-03
 1.17587000E+00 -3.67764801E-03
 1.18929887E+00 -1.50809137E-02
 1.18134309E+00 -2.28042716E-02
 1.14643506E+00 -2.31373231E-02
 1.09459899E+00 -1.45068270E-02
 1.05728148E+00  9.81183841E-04
 1.07070715E+00  1.74612676E-02
 1.12198562E+00  2.97124046E-02
 1.16735302E+00  3.31317283E-02
 1.19628414E+00  2.23578247E-02
 1.20797416E+00 -1.87246733E-03
 1.19079966E+00 -2.38659421E-02
 1.15214010E+00 -2.54614745E-02
 1.11005923E+00 -1.47692941E-02
 1.07850359E+00 -1.07556449E-02
 1.06660764E+00 -4.07070859E-03
 1.07548538E+00  1.86801058E-02
 1.10536810E+00  3.72404039E-02
 1.14996997E+00  2.95424182E-02
 1.18547683E+00  9.68561808E-03
 1.18944502E+00 -3.36212941E-05
 1.17175346E+00 -3.39977120E-03
 1.15752562E+00 -9.09531143E-03
 1.14472422E+00 -1.29318830E-02
 1.12304930E+00 -1.33054937E-02
 1.10208880E+00 -8.79442877E-03
 1.09058887E+00  5.53389586E-03
 1.09264474E+00  2.03911645E-02
 1.11521069E+00  2.09910941E-02
 1.15092683E+00  1.29029727E-02
 1.18076602E+00  8.81758588E-03
 1.19293344E+00  5.97003919E-03
 1.18203096E+00 -5.02297174E-04
 1.15421178E+00 -6.61100757E-03
 1.12855679E+00 -1.00768735E-02
 1.11539018E+00 -1.05607810E-02
 1.11564447E+00 -5.82567931E-03
 1.12709316E+00  2.51391675E-03
 1.13933350E+00  9.57161458E-03
 1.14780764E+00  1.23838094E-02
 1.15574147E+00  9.46851383E-03
 1.16179010E+00  2.47013727E-03
 1.16535580E+00 -3.53857841E-03
 1.16499659E+00 -5.98213057E-03
 1.15604533E+00 -4.86922690E-03
 1.14143172E+00 -1.27749862E-03
 1.12887513E+00  1.42637125E-03
 1.12304575E+00  1.74820668E-03
 1.12730624E+00  7.81912642E-04
 1.13931996E+00 -7.44042723E-04
 1.15067048E+00 -1.30388476E-03
 1.15715375E+00 -1.73233066E-04
 1.15830963E+00  1.52204199E-03
 1.15530316E+00  3.21323559E-03
 1.15312811E+00  4.33305413E-03
 1.15355364E+00  4.34288236E-03
 1.15426352E+00  3.63878197E-03
 1.15390678E+00  2.41022923E-03
 1.15012065E+00  7.40075140E-04
 1.14206809E+00 -1.00452369E-03
 1.13226012E+00 -2.58065786E-03
 1.12275039E+00 -3.43367790E-03
 1.11585805E+00 -2.80279520E-03
 1.11386738E+00 -3.91053364E-04
 1.11723153E+00  3.47704022E-03
 1.12579930E+00  7.31931420E-03
 1.13855793E+00  8.82808058E-03
 1.15343476E+00  6.52276832E-03
 1.16759513E+00  3.03027937E-04
 1.17631494E+00 -7.82524977E-03
 1.17430419E+00 -1.40356516E-02
 1.15865703E+00 -1.56861971E-02
 1.13081699E+00 -1.19510739E-02
 1.10028862E+00 -3.94720791E-03
 1.08210520E+00  4.95059264E-03
 1.08646533E+00  1.24185782E-02
 1.11526818E+00  1.75042023E-02
 1.15753290E+00  1.91479342E-02
 1.19108934E+00  1.73466427E-02
 1.20145519E+00  1.18575065E-02
 1.18542320E+00  2.38944927E-03
 1.15100809E+00 -8.32552762E-03
 1.11897207E+00 -1.60061601E-02
 1.10149993E+00 -1.74384614E-02
 1.09909404E+00 -1.09496550E-02
 1.10876083E+00  7.23266320E-04
 1.11934597E+00  1.11293664E-02
 1.12603003E+00  1.60774478E-02
 1.13337413E+00  1.40406767E-02
 1.14199610E+00  6.38872926E-03
 1.15323100E+00 -1.80091499E-03
 1.16548687E+00 -7.77612400E-03
 1.17035481E+00 -1.14063755E-02
 1.16305831E+00 -1.20653467E-02
 1.14221086E+00 -9.89032024E-03
 1.11012812E+00 -2.03997072E-03
 1.07925541E+00  1.86597364E-02
 1.07254268E+00  6.04892433E-02
 1.10744265E+00  1.18865048E-01
 1.16171192E+00  1.44314768E-01
 1.19135474E+00  8.33817082E-02
 1.18806434E+00 -1.53829178E-02
 1.16184446E+00 -5.99926718E-02
 1.11213914E+00 -5.93368638E-02
 1.05539293E+00 -5.71965067E-02
 1.02608392E+00 -3.93024670E-02
 1.04700517E+00 -3.34301259E-03
 1.10517421E+00  2.17532988E-02
 1.16374924E+00  2.65577510E-02
 1.20254976E+00  2.01247019E-02
 1.21378735E+00  1.31049089E-02
 1.19861797E+00  5.67417352E-03
 1.17408943E+00 -6.63126706E-03
 1.13292070E+00 -1.64307799E-02
 1.06200666E+00 -1.45936071E-02
 1.00990520E+00  3.33182669E-03
 1.03324547E+00  3.79711103E-02
 1.10084587E+00  6.91348680E-02
 1.14993740E+00  6.85153086E-02
 1.17869401E+00  4.15412536E-02
 1.19954004E+00  1.15724375E-02
 1.20078113E+00 -1.83120286E-02
 1.18632717E+00 -4.57115826E-02
 1.16198812E+00 -5.56810329E-02
 1.12086778E+00 -4.34895247E-02
 1.07235366E+00 -2.05729873E-02
 1.03513581E+00 -8.51654342E-04
 1.02358052E+00  1.50934912E-02
 1.04960365E+00  3.23486602E-02
 1.10406638E+00  4.26122817E-02
 1.15958869E+00  3.75401512E-02
 1.19880242E+00  2.46617014E-02
 1.21267843E+00  1.30943884E-02
 1.20132778E+00  6.32778047E-04
 1.17965726E+00 -1.53398117E-02
 1.15365022E+00 -2.58477290E-02
 1.12159258E+00 -2.17405502E-02
 1.09067427E+00 -7.88472175E-03
 1.06733904E+00  5.91024609E-03
 1.05975751E+00  1.55080984E-02
 1.07817839E+00  1.79986685E-02
 1.11502065E+00  1.36049477E-02
 1.15099165E+00  8.29722300E-03
 1.17328470E+00  4.09049864E-03
 1.17372592E+00 -3.51378084E-04
 1.15630443E+00 -3.91568789E-03
 1.13851283E+00 -6.40906778E-03
 1.12826060E+00 -6.62426957E-03
 1.12496977E+00 -1.68515808E-03
 1.12772620E+00  6.57709762E-03
 1.12918195E+00  1.36338549E-02
 1.12794198E+00  1.67775152E-02
 1.13019871E+00  1.41387174E-02
 1.13584691E+00  7.21365694E-03
 1.14357950E+00  1.03601831E-03
 1.15200315E+00 -1.97808366E-03
 1.15616085E+00 -1.76879384E-03
 1.15599308E+00  7.94319947E-04
 1.15523007E+00  2.58572198E-03
 1.15462895E+00  2.34827241E-03
 1.15461842E+00  1.31731361E-03
 1.15469098E+00  2.63309156E-04
 1.15201274E+00  6.46295627E-04
 1.14636951E+00  3.11792689E-03
 1.13992239E+00  6.44185543E-03
 1.13479710E+00  9.73362485E-03
 1.13411577E+00  1.20009610E-02
 1.13957514E+00  1.22937614E-02
 1.14986731E+00  1.06630724E-02
 1.16155880E+00  7.25108579E-03
 1.16933958E+00  2.42382043E-03
 1.16919299E+00 -3.03189170E-03
 1.16025676E+00 -8.18717089E-03
 1.14543230E+00 -1.13857107E-02
 1.13112122E+00 -1.06947637E-02
 1.12203343E+00 -5.07740146E-03
 1.12017437E+00  4.97782360E-03
 1.12575741E+00  1.60957635E-02
 1.13594241E+00  2.28817952E-02
 1.14882196E+00  2.16724381E-02
 1.16321735E+00  1.17436780E-02
 1.17429745E+00 -3.07891661E-03
 1.17647207E+00 -1.49815385E-02
 1.16594464E+00 -1.88534069E-02
 1.14209549E+00 -1.35328909E-02
 1.11392190E+00 -1.72919292E-03
 1.09692414E+00  9.37432135E-03
 1.10076315E+00  1.55230249E-02
 1.12669299E+00  1.64189285E-02
 1.16285070E+00  1.27035875E-02
 1.18624927E+00  7.76945879E-03
 1.18460778E+00  3.19376728E-03
 1.16091689E+00 -2.09535390E-03
 1.13393326E+00 -6.82091554E-03
 1.12968344E+00 -9.43692555E-03
 1.13594746E+00 -8.55457706E-03
 1.12202780E+00 -2.30891125E-03
 1.10732237E+00  7.18793296E-03
 1.12254707E+00  1.50154067E-02
 1.14732492E+00  1.80569634E-02
 1.15489991E+00  1.46778827E-02
 1.15598532E+00  6.42197390E-03
 1.16276800E+00 -1.68172635E-03
 1.16318040E+00 -6.82606630E-03
 1.14782311E+00 -8.45752364E-03
 1.12620042E+00 -6.70912951E-03
 1.10994198E+00 -3.82639583E-03
 1.10371639E+00 -6.83070160E-04
 1.11095253E+00  3.50442791E-03
 1.12896867E+00  7.69615715E-03
 1.14710188E+00  1.06122440E-02
 1.15915947E+00  1.10743545E-02
 1.16359536E+00  7.63985318E-03
 1.15994138E+00  1.72334046E-03
 1.15203232E+00 -3.23521683E-03
 1.14143359E+00 -5.14794327E-03
 1.12721105E+00 -3.05181759E-03
 1.11370906E+00  1.84028287E-03
 1.10668075E+00  5.93016498E-03
 1.11036733E+00  7.38137180E-03
 1.12732969E+00  6.25316319E-03
 1.15086038E+00  3.37633155E-03
 1.16749842E+00  1.19589367E-03
 1.16897110E+00  8.45623191E-04
 1.15317304E+00  1.60262628E-03
 1.12732134E+00  2.96566645E-03
 1.10792043E+00  3.83793030E-03
 1.10439383E+00  3.66762059E-03
 1.11700346E+00  3.18234463E-03
 1.13959249E+00  2.66228113E-03
 1.15742995E+00  2.35584195E-03
 1.16232920E+00  2.49406174E-03
 1.15570624E+00  2.68221571E-03
 1.14156495E+00  2.78182612E-03
 1.12960342E+00  2.85192551E-03
 1.12513287E+00  2.81976587E-03
 1.12569209E+00  2.81313378E-03
 1.12932846E+00  2.90029336E-03
 1.13189062E+00  3.01249821E-03
 1.13133759E+00  3.16530289E-03
 1.13079230E+00  3.34474750E-03
 1.13173549E+00  3.52240706E-03
 1.13539523E+00  3.72119421E-03
 1.14227525E+00  3.93817198E-03
 1.14958209E+00  4.16201019E-03
 1.15478250E+00  4.39552880E-03
 1.15574781E+00  4.63001807E-03
 1.15083290E+00  4.85793208E-03
 1.14108286E+00  5.07649183E-03
 1.13003239E+00  5.27776569E-03
 1.12267154E+00  5.45410333E-03
 1.12272617E+00  5.60009366E-03
 1.13088776E+00  5.71060494E-03
 1.14365435E+00  5.78277357E-03
 1.15405915E+00  5.81607786E-03
 1.15757494E+00  5.81022513E-03
 1.15339688E+00  5.76540733E-03
 1.14420329E+00  5.68272233E-03
 1.13657149E+00  5.56374226E-03
 1.13413564E+00  5.41185312E-03
 1.13647669E+00  5.23228104E-03
 1.14184950E+00  5.03081815E-03
 1.14583673E+00  4.81419841E-03
 1.14627363E+00  4.58979059E-03
 1.14455405E+00  4.36521262E-03
 1.14170186E+00  4.14919886E-03
 1.13973415E+00  3.95071647E-03
 1.13970845E+00  3.77712042E-03
 1.14030236E+00  3.63355308E-03
 1.14100198E+00  3.52163469E-03
 1.14138240E+00  3.43969184E-03
 1.14104549E+00  3.38583724E-03
 1.14074992E+00  3.35866742E-03
 1.14077007E+00  3.35797224E-03
 1.14099034E+00  3.38549684E-03
 1.14152172E+00  3.44206655E-03
 1.14207615E+00  3.52835920E-03
 1.14244354E+00  3.64770626E-03
 1.14264828E+00  3.80393771E-03
 1.14255859E+00  3.99961847E-03
 1.14211673E+00  4.23437291E-03
 1.14133872E+00  4.49942716E-03
 1.14020206E+00  4.77769540E-03
 1.13876972E+00  5.04875898E-03
 1.13717955E+00  5.28674395E-03
 1.13563606E+00  5.45846792E-03
 1.13442309E+00  5.52809013E-03
 1.13382663E+00  5.46053393E-03
 1.13408035E+00  5.22770433E-03
 1.13528554E+00  4.82108714E-03
 1.13738283E+00  4.25408025E-03
 1.14022782E+00  3.55662042E-03
 1.14353543E+00  2.78321103E-03
 1.14679910E+00  2.02096207E-03
 1.14938155E+00  1.37778020E-03
 1.15061805E+00  9.64312531E-04
 1.14993657E+00  8.75660388E-04
 1.14711841E+00  1.15760341E-03
 1.14232910E+00  1.79858032E-03
 1.13592145E+00  2.75279550E-03
 1.12858017E+00  3.91765522E-03
 1.12148839E+00  5.10442144E-03
 1.11610013E+00  6.07111931E-03
 1.11389968E+00  6.56556703E-03
 1.11608812E+00  6.37091779E-03
 1.12292691E+00  5.40086665E-03
 1.13365406E+00  3.71296497E-03
 1.14694138E+00  1.43361989E-03
 1.16052212E+00 -1.18753297E-03
 1.17077404E+00 -3.71117606E-03
 1.17372642E+00 -5.59468602E-03
 1.16660014E+00 -6.28469054E-03
 1.14928719E+00 -5.33413713E-03
 1.12689624E+00 -2.65057279E-03
 1.10833257E+00  1.47314976E-03
 1.10030218E+00  6.53574427E-03
 1.10566017E+00  1.16881005E-02
 1.12117034E+00  1.55767576E-02
 1.13767688E+00  1.67180341E-02
 1.14931478E+00  1.40620215E-02
 1.15431862E+00  7.53996358E-03
 1.15299509E+00 -9.88022750E-04
 1.14972261E+00 -8.24738764E-03
 1.14596835E+00 -1.17408502E-02
 1.13994518E+00 -1.03367920E-02
 1.13300041E+00 -5.07316176E-03
 1.12671777E+00  8.67687197E-04
 1.12315390E+00  5.44560325E-03
 1.12560464E+00  7.99957464E-03
 1.13247159E+00  8.41936872E-03
 1.13882203E+00  7.93214315E-03
 1.14183511E+00  6.80385077E-03
 1.13982038E+00  4.29179785E-03
 1.13398274E+00  1.06858574E-03
 1.12899738E+00 -1.86165068E-03
 1.12684493E+00 -3.49777919E-03
 1.12707434E+00 -2.63020415E-03
 1.12907878E+00 -4.12834573E-05
 1.13055253E+00  2.02677357E-03
 1.13081187E+00  2.31264830E-03
 1.13154599E+00  2.57903918E-04
 1.13366223E+00 -3.53308073E-03
 1.13816028E+00 -6.97916067E-03
 1.14515127E+00 -9.06114904E-03
 1.15242775E+00 -9.79810859E-03
 1.15687120E+00 -9.14331110E-03
 1.15495294E+00 -7.67857158E-03
 1.14458433E+00 -5.40378127E-03
 1.12705554E+00 -1.44646790E-03
 1.10802695E+00  4.48416833E-03
 1.09628021E+00  1.23436989E-02
 1.09810447E+00  2.13549396E-02
 1.11513446E+00  2.92373353E-02
 1.14270829E+00  3.25591622E-02
 1.16988173E+00  2.76346548E-02
 1.18763554E+00  1.27625984E-02
 1.18977940E+00 -9.93370217E-03
 1.17086211E+00 -3.25988277E-02
 1.13118116E+00 -4.34207580E-02
 1.07707826E+00 -3.40116584E-02
 1.02568465E+00 -2.20380687E-03
 1.01773180E+00  4.50107681E-02
 1.08490666E+00  8.78808229E-02
 1.17751972E+00  9.74144165E-02
 1.21231265E+00  5.35245813E-02
 1.19856745E+00 -1.79493192E-02
 1.18261468E+00 -6.50513237E-02
 1.14392617E+00 -7.79492051E-02
 1.06909327E+00 -6.94452271E-02
 1.00784169E+00 -3.74973744E-02
 1.00344146E+00  6.29453860E-03
 1.04799825E+00  4.28627045E-02
 1.11334803E+00  6.46231257E-02
 1.17586968E+00  6.25468029E-02
 1.20853521E+00  3.39841207E-02
 1.20634719E+00 -5.11288519E-03
 1.18862599E+00 -3.32438381E-02
 1.14696723E+00 -4.27567424E-02
 1.07285821E+00 -3.61933919E-02
 1.01715556E+00 -1.53157315E-02
 1.03309608E+00  1.23239244E-02
 1.09161605E+00  3.74540638E-02
 1.13373585E+00  5.47314120E-02
 1.16028027E+00  5.47413050E-02
 1.18694615E+00  3.22358723E-02
 1.19853886E+00  7.49161758E-04
 1.19086122E+00 -2.01297979E-02
 1.16733254E+00 -2.90020184E-02
 1.12499292E+00 -3.25626308E-02
 1.08715018E+00 -2.49236359E-02
 1.08465935E+00 -3.57856342E-03
 1.10414543E+00  1.57067142E-02
 1.11509036E+00  1.84167179E-02
 1.12126688E+00  1.25112298E-02
 1.13534593E+00  1.33107089E-02
 1.15393634E+00  1.68314762E-02
 1.17588598E+00  1.36069143E-02
 1.19016135E+00  6.93176872E-03
 1.17687986E+00 -2.54019279E-04
 1.14832237E+00 -7.71799633E-03
 1.13078518E+00 -1.10479010E-02
 1.11794964E+00 -9.17669666E-03
 1.09702071E+00 -4.97688173E-03
 1.08258491E+00  6.58089440E-04
 1.08884678E+00  6.53309254E-03
 1.10802763E+00  1.09159728E-02
 1.12933181E+00  1.33703088E-02
 1.14915217E+00  1.25248186E-02
 1.16288843E+00  7.15941363E-03
 1.16858296E+00 -5.06844682E-04
 1.17039995E+00 -6.59542706E-03
 1.16867642E+00 -8.34738542E-03
 1.16142113E+00 -4.33283521E-03
 1.15120588E+00  3.40670150E-03
 1.14118154E+00  9.75086170E-03
 1.13497801E+00  1.19068867E-02
 1.13676561E+00  9.59795687E-03
 1.14395666E+00  4.32205919E-03
 1.14938084E+00  2.01087877E-04
 1.14932834E+00 -7.40234173E-04
 1.14279696E+00  7.44796220E-04
 1.13318514E+00  3.70870899E-03
 1.12880773E+00  5.85674093E-03
 1.13327682E+00  6.03521173E-03
 1.14489827E+00  5.25676336E-03
 1.15954587E+00  4.07229557E-03
 1.16914425E+00  3.33444468E-03
 1.16911473E+00  3.58421645E-03
 1.16072643E+00  4.10132023E-03
 1.14771574E+00  4.59092081E-03
 1.13732331E+00  4.91867056E-03
 1.13435657E+00  4.87636631E-03
 1.13853661E+00  4.79956240E-03
 1.14718392E+00  4.83054850E-03
 1.15447977E+00  4.89925326E-03
 1.15687462E+00  5.06460885E-03
 1.15501358E+00  5.22607202E-03
 1.15059060E+00  5.31973707E-03
 1.14738608E+00  5.40501323E-03
 1.14733098E+00  5.47061989E-03
 1.14906932E+00  5.52516329E-03
 1.15163319E+00  5.58979511E-03
 1.15333846E+00  5.64044795E-03
 1.15330507E+00  5.67479709E-03
 1.15277454E+00  5.69904686E-03
 1.15220344E+00  5.70812241E-03
 1.15186382E+00  5.70771970E-03
 1.15207136E+00  5.70137532E-03
 1.15214938E+00  5.68707566E-03
 1.15184253E+00  5.66689826E-03
 1.15128655E+00  5.64163724E-03
 1.15038574E+00  5.61001016E-03
 1.14937481E+00  5.57054151E-03
 1.14849108E+00  5.51826646E-03
 1.14779371E+00  5.44585089E-03
 1.14746987E+00  5.34729218E-03
 1.14764495E+00  5.21855232E-03
 1.14833267E+00  5.05970998E-03
 1.14952831E+00  4.87610537E-03
 1.15115755E+00  4.67546311E-03
 1.15305988E+00  4.46947116E-03
 1.15496112E+00  4.27686770E-03
 1.15649436E+00  4.12032185E-03
 1.15727839E+00  4.02278004E-03
 1.15698563E+00  4.00393127E-03
 1.15548279E+00  4.07201731E-03
 1.15285488E+00  4.22254629E-03
 1.14928710E+00  4.44421138E-03
 1.14514706E+00  4.71411504E-03
 1.14108466E+00  4.99218766E-03
 1.13790248E+00  5.22795984E-03
 1.13642320E+00  5.36784203E-03
 1.13731755E+00  5.36433736E-03
 1.14073662E+00  5.19576503E-03
 1.14626778E+00  4.86851706E-03
 1.15319465E+00  4.40252039E-03
 1.16029066E+00  3.84225890E-03
 1.16558876E+00  3.26930088E-03
 1.16693424E+00  2.78692502E-03
 1.16281982E+00  2.50528365E-03
 1.15319482E+00  2.52034210E-03
 1.14086393E+00  2.86790956E-03
 1.13072639E+00  3.52003085E-03
 1.12653424E+00  4.41968319E-03
 1.13002027E+00  5.45666130E-03
 1.13970823E+00  6.44156389E-03
 1.15088178E+00  7.14532769E-03
 1.16030506E+00  7.33945403E-03
 1.16646834E+00  6.85124731E-03
 1.16822518E+00  5.67776520E-03
 1.16621049E+00  4.00096173E-03
 1.16018838E+00  2.11204045E-03
 1.14938627E+00  4.76714988E-04
 1.13659789E+00 -1.92971751E-04
 1.12626136E+00  8.26934189E-04
 1.12214424E+00  3.87849392E-03
 1.12711209E+00  8.57098670E-03
 1.13939745E+00  1.32168325E-02
 1.15317216E+00  1.52945952E-02
 1.16430479E+00  1.31369196E-02
 1.16991948E+00  6.56095929E-03
 1.16802362E+00 -2.30547452E-03
 1.15938021E+00 -9.36987473E-03
 1.14422746E+00 -1.18289510E-02
 1.12354865E+00 -8.84382630E-03
 1.10427224E+00 -1.67800256E-03
 1.09578864E+00  5.99605345E-03
 1.10462228E+00  1.17568261E-02
 1.13238777E+00  1.48283941E-02
 1.16908607E+00  1.45307478E-02
 1.19585379E+00  1.14556925E-02
 1.20038564E+00  5.78112005E-03
 1.17954120E+00 -2.66963424E-03
 1.14222422E+00 -1.12793153E-02
 1.10962026E+00 -1.61925853E-02
 1.09469012E+00 -1.46292306E-02
 1.09940459E+00 -5.31490783E-03
 1.11947501E+00  8.41575135E-03
 1.14062852E+00  1.95454939E-02
 1.15525878E+00  2.34982015E-02
 1.16501626E+00  1.87310129E-02
 1.16926073E+00  7.55409364E-03
 1.17044394E+00 -3.36823221E-03
 1.16853395E+00 -1.01073372E-02
 1.15867078E+00 -1.20581221E-02
 1.14397453E+00 -9.39743706E-03
 1.13152353E+00 -4.90877321E-03
 1.12627370E+00  2.18243321E-04
 1.13301165E+00  6.88828472E-03
 1.14886946E+00  1.33099305E-02
 1.16394558E+00  1.71237905E-02
 1.17279593E+00  1.63922750E-02
 1.17330969E+00  9.25841823E-03
 1.16611760E+00 -1.68816110E-03
 1.15708049E+00 -1.06020525E-02
 1.14873539E+00 -1.37853270E-02
 1.14041730E+00 -9.60930087E-03
 1.13446087E+00 -3.29956576E-05
 1.13262063E+00  9.01037410E-03
 1.13656247E+00  1.41396087E-02
 1.14811596E+00  1.47474440E-02
 1.16231299E+00  1.10303261E-02
 1.17005077E+00  5.67709188E-03
 1.16585834E+00  1.32716767E-05
 1.14832134E+00 -6.31487751E-03
 1.12409627E+00 -1.11506653E-02
 1.10715773E+00 -1.19518816E-02
 1.10594824E+00 -7.02462350E-03
 1.12180203E+00  4.42643524E-03
 1.14937283E+00  1.80153983E-02
 1.17505375E+00  2.58392111E-02
 1.18972917E+00  2.31429655E-02
 1.19052015E+00  9.18699444E-03
 1.17530889E+00 -1.02351993E-02
 1.14768795E+00 -2.34069169E-02
 1.11302973E+00 -2.33348731E-02
 1.07974642E+00 -9.54755526E-03
 1.07145496E+00  1.22452581E-02
 1.10643768E+00  2.94406682E-02
 1.15584639E+00  3.44621645E-02
 1.17386340E+00  2.71306366E-02
 1.16995184E+00  1.11454558E-02
 1.17527221E+00 -3.92923818E-03
 1.17901165E+00 -1.24583173E-02
 1.16627350E+00 -1.50283690E-02
 1.14347841E+00 -1.22720897E-02
 1.11404723E+00 -7.61408041E-03
 1.09380172E+00 -2.67446211E-03
 1.10743926E+00  4.44333285E-03
 1.14235889E+00  1.20111098E-02
 1.16675253E+00  1.71608835E-02
 1.17710242E+00  1.76978241E-02
 1.17885945E+00  1.10725256E-02
 1.17026445E+00 -1.76784218E-04
 1.15968120E+00 -9.58012144E-03
 1.15332753E+00 -1.32802676E-02
 1.14795106E+00 -9.64871165E-03
 1.14366979E+00 -8.83929796E-04
 1.14048329E+00  6.46066988E-03
 1.13935500E+00  9.02250544E-03
 1.14461959E+00  6.96693418E-03
 1.15431111E+00  1.81402848E-03
 1.16257728E+00 -2.01496293E-03
 1.16605302E+00 -2.45515042E-03
 1.16201880E+00 -8.36212395E-04
 1.15242395E+00  1.91140610E-03
 1.14415677E+00  3.78799899E-03
 1.14051772E+00  3.77278142E-03
 1.14174967E+00  3.16831582E-03
 1.14652629E+00  2.47042625E-03
 1.15018864E+00  2.11573265E-03
 1.15072532E+00  2.50983653E-03
 1.14951295E+00  2.92411944E-03
 1.14745449E+00  3.09797211E-03
 1.14665352E+00  3.13455514E-03
 1.14810029E+00  2.90696162E-03
 1.15032608E+00  2.66381447E-03
 1.15266406E+00  2.55741141E-03
 1.15443286E+00  2.50057836E-03
 1.15498605E+00  2.55923597E-03
 1.15489084E+00  2.73919151E-03
 1.15431461E+00  3.00647906E-03
 1.15316558E+00  3.40176878E-03
 1.15166224E+00  3.90510714E-03
 1.14974855E+00  4.45986245E-03
 1.14764691E+00  4.99988306E-03
 1.14593878E+00  5.41543482E-03
 1.14506560E+00  5.59875878E-03
 1.14545902E+00  5.46755133E-03
 1.14733146E+00  4.98161322E-03
 1.15052861E+00  4.15981977E-03
 1.15482166E+00  3.05260038E-03
 1.15977297E+00  1.75939258E-03
 1.16456907E+00  4.61745621E-04
 1.16823046E+00 -6.10019463E-04
 1.16975273E+00 -1.21568458E-03
 1.16831592E+00 -1.14744649E-03
 1.16376726E+00 -3.24589064E-04
 1.15666424E+00  1.19568608E-03
 1.14794187E+00  3.29182911E-03
 1.13917365E+00  5.72615397E-03
 1.13285140E+00  8.08494445E-03
 1.13166526E+00  9.86006368E-03
 1.13741145E+00  1.05319632E-02
 1.14993457E+00  9.68100189E-03
 1.16531664E+00  7.22301952E-03
 1.17696635E+00  3.43760150E-03
 1.18003784E+00 -1.19547764E-03
 1.17273378E+00 -5.86408195E-03
 1.15807470E+00 -9.27802952E-03
 1.14362923E+00 -1.00370097E-02
 1.13439942E+00 -7.19636114E-03
 1.13201756E+00 -8.09089455E-04
 1.13589776E+00  7.14865792E-03
 1.14185544E+00  1.33267132E-02
 1.14802235E+00  1.52533165E-02
 1.15519111E+00  1.19916772E-02
 1.16215059E+00  5.02708178E-03
 1.16792712E+00 -1.86038788E-03
 1.17078239E+00 -6.19697286E-03
 1.16766588E+00 -7.21198340E-03
 1.15927109E+00 -5.22575064E-03
 1.14883379E+00 -2.34974700E-03
 1.13883338E+00  4.90640983E-04
 1.13213254E+00  3.74248826E-03
 1.13048680E+00  6.86924121E-03
 1.13360903E+00  9.47046503E-03
 1.14188913E+00  1.07674054E-02
 1.15493099E+00  9.30170373E-03
 1.16867728E+00  5.44632454E-03
 1.17762015E+00  7.92949855E-04
 1.17742570E+00 -3.49268227E-03
 1.16621331E+00 -6.12219241E-03
 1.14859080E+00 -6.46568203E-03
 1.13417252E+00 -4.95079485E-03
 1.12919727E+00 -1.56288860E-03
 1.13556543E+00  3.52882618E-03
 1.14984343E+00  8.70424818E-03
 1.16271953E+00  1.19100086E-02
 1.16908723E+00  1.15404991E-02
 1.16906069E+00  6.96508871E-03
 1.16447718E+00  4.13215699E-04
 1.16098138E+00 -3.85229594E-03
 1.16095787E+00 -3.27664511E-03
 1.16200817E+00  2.42414605E-03
 1.16266924E+00  1.04226731E-02
 1.16045846E+00  1.49654824E-02
 1.15451253E+00  1.28975720E-02
 1.14769507E+00  4.64031998E-03
 1.14230466E+00 -6.47891895E-03
 1.14066217E+00 -1.38760253E-02
 1.14447038E+00 -1.37299069E-02
 1.15257174E+00 -6.52113231E-03
 1.16211951E+00  4.63549260E-03
 1.16914225E+00  1.33567845E-02
 1.17051839E+00  1.57455945E-02
 1.16571369E+00  1.21590714E-02
 1.15727133E+00  4.90734065E-03
 1.15025630E+00 -9.31020192E-04
 1.14789498E+00 -2.44358739E-03
 1.15048058E+00 -5.16323952E-04
 1.15575548E+00  3.01685453E-03
 1.15866969E+00  4.52651603E-03
 1.15657316E+00  2.23981970E-03
 1.15020255E+00 -2.19320484E-03
 1.14164536E+00 -6.47873866E-03
 1.13523743E+00 -7.19485894E-03
 1.13354789E+00 -2.55636009E-03
 1.13616545E+00  5.79401318E-03
 1.14240391E+00  1.44260263E-02
 1.15017837E+00  1.82909483E-02
 1.15780790E+00  1.41811805E-02
 1.16491130E+00  2.77413795E-03
 1.16964043E+00 -1.16443852E-02
 1.16991976E+00 -2.16621689E-02
 1.16457490E+00 -2.23584378E-02
 1.15343568E+00 -1.33121660E-02
 1.14029239E+00  1.61464652E-03
 1.13168457E+00  1.42348538E-02
 1.13198969E+00  1.93740794E-02
 1.14246834E+00  1.65667939E-02
 1.15896627E+00  8.12698444E-03
 1.17244565E+00  2.32127732E-04
 1.17723952E+00 -3.69386725E-03
 1.17227054E+00 -4.36646197E-03
 1.16078141E+00 -2.58031125E-03
 1.15111614E+00 -9.50745368E-04
 1.14786171E+00 -5.32224813E-04
 1.15051851E+00  4.45147086E-04
 1.15701156E+00  1.93812073E-03
 1.16189775E+00  3.53613732E-03
 1.16256467E+00  4.84213694E-03
 1.16086168E+00  4.33242657E-03
 1.15810499E+00  2.45274780E-03
 1.15679484E+00  1.11452442E-03
 1.15819270E+00  1.17589287E-03
 1.16050744E+00  3.15097821E-03
 1.16286513E+00  6.42894798E-03
 1.16444463E+00  8.94686222E-03
 1.16445172E+00  9.71889764E-03
 1.16359056E+00  8.73990865E-03
 1.16211539E+00  6.24426006E-03
 1.15996660E+00  3.36499498E-03
 1.15745952E+00  7.98612950E-04
 1.15456458E+00 -1.40091239E-03
 1.15158671E+00 -2.57528987E-03
 1.14925490E+00 -2.12884224E-03
 1.14810782E+00  2.50291343E-04
 1.14863711E+00  4.60117562E-03
 1.15098512E+00  9.37747922E-03
 1.15475829E+00  1.20128033E-02
 1.15939404E+00  1.08423499E-02
 1.16397066E+00  5.45337363E-03
 1.16699125E+00 -2.29290565E-03
 1.16688857E+00 -8.52232249E-03
 1.16269260E+00 -1.07184375E-02
 1.15467856E+00 -8.23939059E-03
 1.14549272E+00 -2.34359400E-03
 1.13939149E+00  3.47356234E-03
 1.13933679E+00  7.11162561E-03
 1.14605642E+00  8.32029363E-03
 1.15677646E+00  7.21895419E-03
 1.16564518E+00  5.22980016E-03
 1.16893894E+00  2.94439956E-03
 1.16596643E+00 -2.11403733E-04
 1.15887318E+00 -3.45797817E-03
 1.15309152E+00 -5.71482033E-03
 1.15160317E+00 -6.04875651E-03
 1.15404919E+00 -3.42087866E-03
 1.15901374E+00  1.10498666E-03
 1.16287559E+00  4.92418515E-03
 1.16386638E+00  6.46124256E-03
 1.16314462E+00  5.04097682E-03
 1.16153853E+00  1.59876932E-03
 1.16067302E+00 -1.15152124E-03
 1.16138054E+00 -1.82641564E-03
 1.16252398E+00 -5.07463235E-04
 1.16361203E+00  2.12250395E-03
 1.16421985E+00  4.15551944E-03
 1.16394482E+00  4.66774228E-03
 1.16335111E+00  4.15291695E-03
 1.16265552E+00  2.97324633E-03
 1.16180793E+00  1.97528668E-03
 1.16097873E+00  1.60934783E-03
 1.16006336E+00  1.38488501E-03
 1.15909172E+00  1.19136183E-03
 1.15832751E+00  9.65657749E-04
 1.15791077E+00  6.66414424E-04
 1.15800306E+00  7.08734645E-04
 1.15870296E+00  1.23823854E-03
 1.15993724E+00  2.17152233E-03
 1.16161590E+00  3.48479604E-03
 1.16356989E+00  4.93187935E-03
 1.16548024E+00  6.21178702E-03
 1.16696817E+00  7.07725847E-03
 1.16763679E+00  7.22211485E-03
 1.16714031E+00  6.43991628E-03
 1.16534868E+00  4.75551294E-03
 1.16236161E+00  2.39853959E-03
 1.15839941E+00 -2.29478112E-04
 1.15389408E+00 -2.48240148E-03
 1.14959071E+00 -3.38857289E-03
 1.14640675E+00 -1.95841116E-03
 1.14526715E+00  2.23817684E-03
 1.14690662E+00  8.57774166E-03
 1.15146636E+00  1.46124175E-02
 1.15843334E+00  1.67754173E-02
 1.16692349E+00  1.28818777E-02
 1.17544572E+00  3.12202684E-03
 1.18162681E+00 -8.65090371E-03
 1.18290280E+00 -1.57139096E-02
 1.17761681E+00 -1.38852072E-02
 1.16603530E+00 -2.95884422E-03
 1.15206627E+00  1.24756262E-02
 1.14214164E+00  2.33549642E-02
 1.14078010E+00  2.41496004E-02
 1.14919265E+00  1.46334113E-02
 1.16342508E+00 -9.35098578E-04
 1.17494757E+00 -1.32350721E-02
 1.17846670E+00 -1.67060694E-02
 1.17323269E+00 -1.14915485E-02
 1.16260069E+00 -4.45819824E-04
 1.15470037E+00  9.37960107E-03
 1.15388515E+00  1.38804381E-02
 1.15931486E+00  1.37441210E-02
 1.16832619E+00  9.73765916E-03
 1.17481925E+00  4.68701132E-03
 1.17550152E+00  1.22369379E-04
 1.17167515E+00 -5.12939222E-03
 1.16466358E+00 -9.76895326E-03
 1.15755627E+00 -1.18281436E-02
 1.15258197E+00 -9.91372511E-03
 1.14952631E+00 -2.46160956E-03
 1.14989143E+00  8.22515633E-03
 1.15524604E+00  1.69011046E-02
 1.16583112E+00  2.02030781E-02
 1.18082056E+00  1.64926253E-02
 1.19449779E+00  7.32683118E-03
 1.19806019E+00 -2.11551447E-03
 1.18625741E+00 -8.65519771E-03
 1.15899916E+00 -1.11719893E-02
 1.12504967E+00 -8.86706199E-03
 1.10055479E+00 -2.99195083E-03
 1.09622739E+00  5.89213557E-03
 1.11458146E+00  1.77289221E-02
 1.14838558E+00  2.87611734E-02
 1.18021287E+00  3.38062853E-02
 1.19862679E+00  2.92323790E-02
 1.20061027E+00  1.36565186E-02
 1.18738193E+00 -7.63278390E-03
 1.16797371E+00 -2.41670229E-02
 1.14736768E+00 -2.89800662E-02
 1.12540015E+00 -1.96612239E-02
 1.10764203E+00  4.67921763E-05
 1.09979331E+00  1.96602737E-02
 1.10703200E+00  3.24639713E-02
 1.13397071E+00  3.63483187E-02
 1.17193500E+00  3.03589935E-02
 1.20319228E+00  1.79278451E-02
 1.21558084E+00  1.52786825E-03
 1.20293709E+00 -1.70029181E-02
 1.17142909E+00 -2.80120488E-02
 1.13989945E+00 -2.32236630E-02
 1.11954563E+00 -1.12374250E-02
 1.11349623E+00 -5.19696055E-03
 1.12178900E+00  1.77332836E-03
 1.13629236E+00  2.05460095E-02
 1.15372456E+00  3.58648907E-02
 1.17610734E+00  2.87154443E-02
 1.19732940E+00  9.04566927E-03
 1.20973341E+00 -5.32420759E-03
 1.20690465E+00 -1.37664748E-02
 1.18328117E+00 -1.76103954E-02
 1.14734939E+00 -1.35328047E-02
 1.11778282E+00 -4.25822343E-03
 1.10658415E+00  7.72435290E-03
 1.11903019E+00  2.27450589E-02
 1.14899614E+00  3.57586644E-02
 1.17783408E+00  3.99199033E-02
 1.19503269E+00  3.12276502E-02
 1.19901693E+00  9.63064964E-03
 1.19085901E+00 -1.29811886E-02
 1.17934463E+00 -2.05621322E-02
 1.16815350E+00 -1.76429936E-02
 1.15442422E+00 -1.74929867E-02
 1.14157770E+00 -1.19600546E-02
 1.13363169E+00  9.23581741E-03
 1.13437270E+00  3.09566858E-02
 1.14890662E+00  3.58397829E-02
 1.17217371E+00  3.02797336E-02
 1.19194964E+00  2.57918778E-02
 1.20052398E+00  1.83637321E-02
 1.19367906E+00  3.61324940E-03
 1.17471420E+00 -1.16613917E-02
 1.15545699E+00 -2.09447203E-02
 1.14240680E+00 -2.07653402E-02
 1.13692523E+00 -7.98604934E-03
 1.13969554E+00  1.22930940E-02
 1.14673057E+00  2.81888679E-02
 1.15640865E+00  3.24999298E-02
 1.16967194E+00  2.32706418E-02
 1.18072282E+00  5.84704556E-03
 1.18226382E+00 -6.69755796E-03
 1.17137410E+00 -7.48323442E-03
 1.15085101E+00  2.61203374E-03
 1.13920312E+00  1.82866221E-02
 1.15644006E+00  2.77708335E-02
 1.18348408E+00  2.47447496E-02
 1.18653439E+00  1.11816731E-02
 1.17995287E+00 -8.61196019E-03
 1.18962207E+00 -2.53746803E-02
 1.18913159E+00 -3.22682890E-02
 1.14937997E+00 -2.76505832E-02
 1.09996544E+00 -8.50152265E-03
 1.08321426E+00  2.16645884E-02
 1.10191608E+00  4.37589918E-02
 1.14351844E+00  3.92305113E-02
 1.18658065E+00  1.97601568E-02
 1.19745934E+00  1.00165950E-02
 1.18622796E+00  3.40663677E-03
 1.18988158E+00 -1.38251078E-02
 1.19161341E+00 -2.28173648E-02
 1.16416738E+00 -6.13652489E-03
 1.13944895E+00  1.54559097E-02
 1.15134850E+00  1.59435417E-02
 1.17614651E+00  4.54085748E-03
 1.17932844E+00  4.50556713E-04
 1.16514753E+00  8.87028574E-04
 1.14670729E+00  2.22124811E-03
 1.12718079E+00  1.05421292E-02
 1.11992545E+00  2.34810341E-02
 1.13533010E+00  2.91137569E-02
 1.16777238E+00  1.89875873E-02
 1.20410998E+00  1.61784781E-03
 1.22499816E+00 -7.87291025E-03
 1.21766309E+00 -1.51663177E-02
 1.18324243E+00 -3.02179051E-02
 1.13461902E+00 -3.55627849E-02
 1.09582730E+00 -1.36357055E-02
 1.08319776E+00  1.40807427E-02
 1.09903287E+00  1.91501155E-02
 1.13500370E+00  1.63545756E-02
 1.17035317E+00  2.98573015E-02
 1.19214579E+00  4.10636224E-02
 1.19945974E+00  2.60234339E-02
 1.19352232E+00  1.84832437E-04
 1.18282360E+00 -1.47234395E-02
 1.17094784E+00 -1.91582375E-02
 1.15399626E+00 -1.51590905E-02
 1.13574319E+00 -2.50371513E-03
 1.12174806E+00  9.90340894E-03
 1.11703594E+00  1.51215677E-02
 1.12803909E+00  1.31442598E-02
 1.14971262E+00  6.63711939E-03
 1.16859771E+00  2.08815129E-03
 1.17688545E+00  2.29156293E-03
 1.17121214E+00  4.93275549E-03
 1.15662020E+00  8.39389322E-03
 1.14743333E+00  9.54341598E-03
 1.15026082E+00  6.95176707E-03
 1.16322497E+00  2.99476903E-03
 1.18035603E+00 -1.06708272E-03
 1.18884732E+00 -3.97414220E-03
 1.18248890E+00 -4.46513819E-03
 1.16507398E+00 -3.18501736E-03
 1.14365833E+00 -4.73042666E-04
 1.13057697E+00  3.47918696E-03
 1.13344530E+00  7.90498044E-03
 1.15029539E+00  1.22906070E-02
 1.17435126E+00  1.55487485E-02
 1.19318728E+00  1.61673982E-02
 1.19836519E+00  1.33003797E-02
 1.18978103E+00  7.02675668E-03
 1.17195477E+00 -5.92931470E-04
 1.15513335E+00 -5.98822584E-03
 1.14585796E+00 -6.68256197E-03
 1.14411085E+00 -1.99942227E-03
 1.14878549E+00  5.88732864E-03
 1.15535833E+00  1.22336826E-02
 1.16162232E+00  1.40931640E-02
 1.16934940E+00  1.10159644E-02
 1.17690373E+00  4.80505063E-03
 1.18197676E+00 -8.16786636E-05
 1.18250949E+00 -1.24023449E-03
 1.17563934E+00  9.25318127E-04
 1.16402621E+00  5.10184700E-03
 1.15432822E+00  8.14221821E-03
 1.15061814E+00  8.40760143E-03
 1.15494878E+00  6.71387048E-03
 1.16509877E+00  3.75520277E-03
 1.17414229E+00  1.03495073E-03
 1.17850717E+00 -4.91564779E-04
 1.17811664E+00 -1.33234767E-03
 1.17427198E+00 -1.26678999E-03
 1.17133359E+00 -1.67181891E-05
 1.17112065E+00  2.38729527E-03
 1.17196493E+00  6.07283267E-03
 1.17281118E+00  9.76076135E-03
 1.17165092E+00  1.12311701E-02
 1.16762097E+00  9.16766540E-03
 1.16247354E+00  3.29362585E-03
 1.15735340E+00 -4.57459656E-03
 1.15348176E+00 -1.07437213E-02
 1.15205831E+00 -1.27312561E-02
 1.15293457E+00 -9.71900012E-03
 1.15596053E+00 -2.73468192E-03
 1.16082507E+00  4.99903529E-03
 1.16665387E+00  1.13398551E-02
 1.17244829E+00  1.55205529E-02
 1.17637077E+00  1.67665342E-02
