# x =
 3.35695994E+01
# y =
 3.25097170E+00
 VARIABLES = u,v
 1.14336034E+00 -8.77313117E-03
 1.14387071E+00 -7.10448196E-03
 1.14300169E+00 -2.61510658E-03
 1.14144388E+00  4.19974936E-03
 1.14140876E+00  1.17646582E-02
 1.14364435E+00  1.84716587E-02
 1.14687734E+00  2.15798786E-02
 1.15036577E+00  2.01320996E-02
 1.15298179E+00  1.50032520E-02
 1.15388483E+00  6.71796606E-03
 1.15348547E+00 -3.21345141E-03
 1.15198039E+00 -1.17433023E-02
 1.14968732E+00 -1.57050792E-02
 1.14733926E+00 -1.24626707E-02
 1.14561351E+00 -1.34784103E-03
 1.14585195E+00  1.34059837E-02
 1.14961780E+00  2.42784835E-02
 1.15737246E+00  2.61488723E-02
 1.16792252E+00  1.75388623E-02
 1.17713434E+00  2.63413895E-03
 1.17901445E+00 -9.12560943E-03
 1.16999915E+00 -1.21969129E-02
 1.15061281E+00 -6.14427955E-03
 1.12762746E+00  5.68405659E-03
 1.11275618E+00  1.50059505E-02
 1.11356928E+00  1.74047295E-02
 1.13104881E+00  1.39079540E-02
 1.15812087E+00  6.75108225E-03
 1.18005189E+00  1.25654349E-03
 1.18764431E+00  2.01358145E-04
 1.17992914E+00  1.88046165E-03
 1.16245879E+00  5.00977167E-03
 1.14856306E+00  7.17935926E-03
 1.14554406E+00  7.03630969E-03
 1.15187369E+00  6.13409377E-03
 1.16284979E+00  5.23755873E-03
 1.16826871E+00  5.06970390E-03
 1.16315378E+00  6.20124544E-03
 1.15111881E+00  7.68152698E-03
 1.13724232E+00  8.97914335E-03
 1.13003265E+00  9.86340642E-03
 1.13442837E+00  9.91665035E-03
 1.14782183E+00  9.31398854E-03
 1.16533619E+00  8.16064996E-03
 1.17897124E+00  6.39736081E-03
 1.18316871E+00  4.18147713E-03
 1.17846953E+00  1.62493559E-03
 1.16850342E+00 -9.96366889E-04
 1.16030714E+00 -3.18436147E-03
 1.15830853E+00 -4.48790328E-03
 1.16171191E+00 -4.50272883E-03
 1.16728281E+00 -3.04334537E-03
 1.16885341E+00 -2.24268054E-04
 1.16351878E+00  3.73591485E-03
 1.15386630E+00  8.40820402E-03
 1.14474859E+00  1.30242053E-02
 1.14360801E+00  1.66481833E-02
 1.15420944E+00  1.83207473E-02
 1.17360070E+00  1.72648872E-02
 1.19410883E+00  1.33340362E-02
 1.20383585E+00  7.06018336E-03
 1.19513548E+00 -6.51913228E-04
 1.16859538E+00 -8.27630029E-03
 1.13287620E+00 -1.33960156E-02
 1.10412287E+00 -1.34180364E-02
 1.09349832E+00 -6.68620283E-03
 1.10343724E+00  6.46205083E-03
 1.12896258E+00  2.19088660E-02
 1.15644505E+00  3.28685855E-02
 1.17708953E+00  3.43651257E-02
 1.18921873E+00  2.45954621E-02
 1.19186553E+00  6.76194597E-03
 1.18852414E+00 -1.11567533E-02
 1.17975907E+00 -2.35332681E-02
 1.16220343E+00 -2.78377344E-02
 1.13935597E+00 -2.34056701E-02
 1.11757278E+00 -1.32093788E-02
 1.10303121E+00  1.26593134E-03
 1.10297419E+00  1.97554911E-02
 1.11738703E+00  3.76684265E-02
 1.13967709E+00  4.91796084E-02
 1.16523535E+00  4.93202940E-02
 1.18883220E+00  3.47142593E-02
 1.20358807E+00  1.02457608E-02
 1.20474812E+00 -1.29158116E-02
 1.18739584E+00 -2.68947043E-02
 1.14981230E+00 -2.74207590E-02
 1.10268605E+00 -1.59070460E-02
 1.06425313E+00 -6.01713258E-04
 1.04865279E+00  1.41240755E-02
 1.06354304E+00  2.75008165E-02
 1.10264734E+00  3.71615424E-02
 1.14644461E+00  4.27272131E-02
 1.18215759E+00  4.18844879E-02
 1.20407207E+00  3.03634480E-02
 1.20928811E+00  1.04672748E-02
 1.20301470E+00 -1.16865315E-02
 1.18562367E+00 -3.06322081E-02
 1.15347952E+00 -4.01946339E-02
 1.11426742E+00 -3.76604093E-02
 1.07989958E+00 -2.47260228E-02
 1.06170570E+00 -2.05457957E-03
 1.07079943E+00  2.79714478E-02
 1.10420150E+00  5.70158831E-02
 1.14690950E+00  7.47642815E-02
 1.18832656E+00  7.23756209E-02
 1.21926029E+00  4.53237503E-02
 1.23115235E+00  1.51817911E-03
 1.22195013E+00 -4.13120780E-02
 1.18795774E+00 -6.94347880E-02
 1.12863423E+00 -7.40156388E-02
 1.06237075E+00 -5.28181858E-02
 1.01702213E+00 -1.40493465E-02
 1.01327567E+00  3.45120910E-02
 1.05988991E+00  8.20763552E-02
 1.13700332E+00  1.02041411E-01
 1.20166275E+00  7.36857062E-02
 1.22819354E+00  1.81626862E-02
 1.21303078E+00 -2.42052216E-02
 1.17714648E+00 -4.69054044E-02
 1.15834151E+00 -5.80436749E-02
 1.14281173E+00 -4.99427374E-02
 1.09299666E+00 -2.38156237E-02
 1.04521318E+00  9.37257046E-03
 1.05245002E+00  4.33369762E-02
 1.09734876E+00  6.66757339E-02
 1.14475104E+00  6.74295099E-02
 1.18152822E+00  4.64343075E-02
 1.19194957E+00  1.41507440E-02
 1.18527575E+00 -1.36810501E-02
 1.19298874E+00 -2.18056764E-02
 1.19496547E+00 -1.61191696E-02
 1.15564396E+00 -1.56296037E-02
 1.11326151E+00 -1.71385209E-02
 1.11902125E+00 -9.04602756E-03
 1.14872326E+00  3.26019554E-03
 1.16120051E+00  1.40310682E-02
 1.16485662E+00  2.11101480E-02
 1.17245506E+00  1.82228537E-02
 1.17471511E+00  7.29849534E-03
 1.17142131E+00 -2.21062180E-03
 1.16541151E+00 -5.76800705E-03
 1.15166631E+00 -1.50686161E-03
 1.13460606E+00  8.58957682E-03
 1.12496143E+00  1.66132442E-02
 1.12868012E+00  1.90247064E-02
 1.14837209E+00  1.64777545E-02
 1.17564362E+00  8.86134687E-03
 1.19236339E+00 -1.32635117E-03
 1.18839044E+00 -1.23168365E-02
 1.16277211E+00 -2.37772224E-02
 1.12434095E+00 -3.04472528E-02
 1.09318257E+00 -2.57319255E-02
 1.08157899E+00 -7.51798192E-03
 1.09082418E+00  2.04935306E-02
 1.11637915E+00  4.21613871E-02
 1.14421615E+00  3.85539196E-02
 1.16534922E+00  1.75242102E-02
 1.17862376E+00  1.10415688E-03
 1.18048007E+00 -1.06955454E-02
 1.17065973E+00 -2.32144498E-02
 1.14919243E+00 -2.69312961E-02
 1.11606336E+00 -1.66322713E-02
 1.08511756E+00  3.04093434E-03
 1.07674689E+00  2.58852575E-02
 1.10151105E+00  3.98519253E-02
 1.15613282E+00  3.25859733E-02
 1.20911138E+00  1.09823757E-02
 1.21775032E+00 -7.19616932E-03
 1.18951337E+00 -1.92728415E-02
 1.15851218E+00 -2.82012358E-02
 1.11600607E+00 -2.91429354E-02
 1.05285545E+00 -2.08150734E-02
 1.01286567E+00 -3.80383167E-03
 1.03558006E+00  2.26154032E-02
 1.09549105E+00  4.92081988E-02
 1.14553368E+00  6.10776398E-02
 1.17943045E+00  4.97763431E-02
 1.20127591E+00  1.53863223E-02
 1.19873116E+00 -2.43030809E-02
 1.17230191E+00 -4.24747596E-02
 1.12800847E+00 -3.95520489E-02
 1.07172325E+00 -3.13094020E-02
 1.03881656E+00 -1.26381070E-02
 1.06492476E+00  1.96027747E-02
 1.11989301E+00  4.28541957E-02
 1.14814825E+00  3.79827236E-02
 1.15825094E+00  1.69895875E-02
 1.17922823E+00  2.21363313E-03
 1.19286618E+00 -5.61553958E-03
 1.18111154E+00 -1.23178423E-02
 1.15101318E+00 -1.36592811E-02
 1.10902954E+00 -9.84945387E-03
 1.07886130E+00 -2.03177027E-03
 1.09287533E+00  1.30514493E-02
 1.13521222E+00  2.98058420E-02
 1.16503582E+00  3.75588819E-02
 1.18003567E+00  3.08527579E-02
 1.18955934E+00  9.34998414E-03
 1.18557093E+00 -1.40347551E-02
 1.16917494E+00 -2.04276238E-02
 1.14400849E+00 -1.52239090E-02
 1.10669621E+00 -1.46316309E-02
 1.06732713E+00 -9.26680371E-03
 1.04388759E+00  1.30732766E-02
 1.04830158E+00  3.59095738E-02
 1.08641960E+00  4.05843256E-02
 1.14461982E+00  3.39390425E-02
 1.19274548E+00  2.76406644E-02
 1.21157036E+00  1.68802189E-02
 1.19475578E+00 -2.96219633E-03
 1.15112234E+00 -2.35087643E-02
 1.10765234E+00 -3.59228049E-02
 1.08025370E+00 -3.54640567E-02
 1.07135083E+00 -1.86565362E-02
 1.08150462E+00  8.47525905E-03
 1.10128420E+00  3.15531419E-02
 1.12681221E+00  4.11934744E-02
 1.16145496E+00  3.37507428E-02
 1.19517688E+00  1.27502889E-02
 1.21379697E+00 -9.50314178E-03
 1.20664026E+00 -2.55574432E-02
 1.16605597E+00 -3.32987083E-02
 1.10600868E+00 -2.97320189E-02
 1.05700037E+00 -1.61128831E-02
 1.03864466E+00  6.16482537E-03
 1.05886509E+00  3.45968641E-02
 1.10811999E+00  5.33717242E-02
 1.15699867E+00  4.60170272E-02
 1.18793744E+00  2.11724918E-02
 1.19664760E+00 -8.75241377E-04
 1.18109637E+00 -1.71101830E-02
 1.15126787E+00 -2.95623641E-02
 1.11390578E+00 -3.25525088E-02
 1.07288725E+00 -2.52524974E-02
 1.05324360E+00 -7.93295195E-03
 1.07729476E+00  1.92872585E-02
 1.12510153E+00  4.02910949E-02
 1.15972549E+00  3.62696295E-02
 1.17435487E+00  1.67303176E-02
 1.17582271E+00  3.43719729E-03
 1.16638104E+00 -3.05406463E-03
 1.15680849E+00 -8.06235200E-03
 1.14384633E+00 -7.09862281E-03
 1.11614968E+00 -6.81674050E-04
 1.10530400E+00  8.36622981E-03
 1.14635072E+00  1.94544045E-02
 1.19624448E+00  2.18825974E-02
 1.19184349E+00  5.11452095E-03
 1.15611492E+00 -1.69856185E-02
 1.13723413E+00 -2.24054042E-02
 1.11593422E+00 -1.52677381E-02
 1.07191194E+00 -9.86318750E-03
 1.04391468E+00 -4.70760930E-03
 1.06493263E+00  2.38501978E-03
 1.11132877E+00  1.04691539E-02
 1.14719645E+00  2.26001722E-02
 1.17133146E+00  2.96457220E-02
 1.18942414E+00  1.72518682E-02
 1.19305900E+00 -5.86216241E-03
 1.18234159E+00 -2.15025902E-02
 1.16003543E+00 -2.75952036E-02
 1.12352921E+00 -2.61274525E-02
 1.08193318E+00 -1.55932024E-02
 1.05168020E+00 -8.15023898E-04
 1.04517899E+00  1.34997070E-02
 1.07033935E+00  2.65590410E-02
 1.11834610E+00  3.52777939E-02
 1.16569490E+00  3.66152360E-02
 1.19646218E+00  2.79251877E-02
 1.20246474E+00  7.31529605E-03
 1.18368000E+00 -1.92901929E-02
 1.15292051E+00 -4.07353283E-02
 1.11714314E+00 -4.87276310E-02
 1.07884970E+00 -3.84202919E-02
 1.05070661E+00 -1.26987663E-02
 1.04515426E+00  1.72594008E-02
 1.07037481E+00  4.29081568E-02
 1.12654775E+00  5.75704047E-02
 1.18363301E+00  5.25623979E-02
 1.20282810E+00  2.71477130E-02
 1.19530708E+00 -3.28329154E-03
 1.19255519E+00 -1.93652929E-02
 1.17503483E+00 -2.24458353E-02
 1.11878280E+00 -2.51549339E-02
 1.06285032E+00 -2.50979424E-02
 1.05193316E+00 -1.68993698E-02
 1.06891562E+00 -1.46605693E-03
 1.08196882E+00  2.16800613E-02
 1.10001140E+00  4.11337489E-02
 1.13458116E+00  3.93358041E-02
 1.17102161E+00  2.24578925E-02
 1.19723522E+00  7.77511929E-03
 1.20616136E+00 -3.73828287E-03
 1.18786448E+00 -1.40812727E-02
 1.14963945E+00 -1.89886035E-02
 1.11299409E+00 -1.90265814E-02
 1.09157313E+00 -1.43469073E-02
 1.09249971E+00 -2.15851912E-03
 1.11219294E+00  1.37026523E-02
 1.13360966E+00  2.59222193E-02
 1.14867927E+00  2.91503745E-02
 1.15772289E+00  1.97185060E-02
 1.15906545E+00  1.77792787E-03
 1.15620465E+00 -1.38242321E-02
 1.14919752E+00 -2.08693751E-02
 1.13379262E+00 -1.77046749E-02
 1.11721508E+00 -7.05396661E-03
 1.11107557E+00  2.32742255E-03
 1.12081485E+00  6.24410376E-03
 1.14557511E+00  5.94905060E-03
 1.16608672E+00  2.91754753E-03
 1.15837722E+00  1.56056136E-03
 1.13986770E+00  3.77430742E-03
 1.14396963E+00  7.18859949E-03
 1.15416249E+00  1.12956491E-02
 1.14309985E+00  1.49061163E-02
 1.13631497E+00  1.53870801E-02
 1.16253328E+00  9.62514676E-03
 1.19568514E+00 -1.10402236E-02
 1.19875150E+00 -5.08325839E-02
 1.17034657E+00 -8.64440019E-02
 1.11850817E+00 -8.59533882E-02
 1.04982909E+00 -5.49166119E-02
 9.87417798E-01 -1.29990719E-02
 9.54039284E-01  5.46298974E-02
 9.62351068E-01  1.56492973E-01
 1.02307675E+00  2.38864540E-01
 1.12008633E+00  2.35933295E-01
 1.17477751E+00  1.43918657E-01
 1.10900743E+00 -3.00366878E-04
 9.84758371E-01 -1.40575096E-01
 9.26867338E-01 -2.04537769E-01
 9.19167593E-01 -1.87071500E-01
 9.03712597E-01 -1.41378241E-01
 9.36846370E-01 -7.63939907E-02
 1.05624408E+00  2.15309631E-06
 1.17315971E+00  3.20055182E-02
 1.19645641E+00 -8.61371442E-03
 1.15730017E+00 -7.05491161E-02
 1.12568129E+00 -8.32057712E-02
 1.09174182E+00 -5.76443955E-02
 1.03682780E+00 -4.34591206E-02
 9.89418767E-01 -3.72156445E-02
 9.62746629E-01 -2.61078901E-02
 9.55111585E-01  1.91475714E-03
 9.77377932E-01  7.41408814E-02
 1.03792420E+00  1.51983603E-01
 1.13130049E+00  1.60686789E-01
 1.22330438E+00  1.07611359E-01
 1.26761942E+00  3.61153736E-02
 1.25795330E+00 -4.22633777E-02
 1.20991418E+00 -1.09517884E-01
 1.11512165E+00 -1.60652828E-01
 9.79630291E-01 -2.13209837E-01
 8.66437042E-01 -2.32205189E-01
 8.37902530E-01 -1.69995188E-01
 8.72383790E-01 -6.88125136E-02
 9.13679655E-01  1.93419227E-03
 9.72884453E-01  4.45020506E-02
 1.07152999E+00  7.71906921E-02
 1.16469746E+00  7.93007975E-02
 1.20866518E+00  4.47222334E-02
 1.21179021E+00  4.13176827E-03
 1.19440663E+00 -1.61419037E-02
 1.17149109E+00 -1.86958548E-02
 1.16167823E+00 -1.85396633E-02
 1.15664486E+00 -2.16059350E-02
 1.12705682E+00 -3.27919305E-02
 1.08230863E+00 -5.19501092E-02
 1.05025922E+00 -6.54773079E-02
 1.03228914E+00 -6.52762249E-02
 1.02881850E+00 -5.13177663E-02
 1.04424883E+00 -2.97323203E-02
 1.06960899E+00 -1.49188321E-02
 1.09710680E+00 -1.01624676E-02
 1.12265852E+00 -8.63925003E-03
 1.13773199E+00 -7.48038038E-03
 1.13749593E+00 -3.10339403E-03
 1.12583571E+00  9.07433768E-04
 1.11075081E+00 -4.69019656E-03
 1.09908024E+00 -1.02597543E-02
 1.09502593E+00 -1.08563914E-04
 1.09663555E+00  1.79543735E-02
 1.09639947E+00  2.95978954E-02
 1.09242933E+00  3.65805266E-02
 1.08767216E+00  4.28145031E-02
 1.08449840E+00  4.69982994E-02
 1.08766090E+00  5.19043863E-02
 1.09866762E+00  5.99757991E-02
 1.11423566E+00  6.87362382E-02
 1.13320923E+00  7.40816496E-02
 1.15420708E+00  7.07412761E-02
 1.17464654E+00  5.60086338E-02
 1.19302506E+00  3.17718116E-02
 1.20579835E+00  3.25286626E-03
 1.20820102E+00 -2.11664779E-02
 1.19790218E+00 -3.51637205E-02
 1.17510623E+00 -3.70343902E-02
 1.14449239E+00 -2.95834749E-02
 1.11477729E+00 -2.01464428E-02
 1.09305164E+00 -1.36033967E-02
 1.08331982E+00 -1.08089632E-02
 1.08487830E+00 -1.05318565E-02
 1.09200256E+00 -8.29417386E-03
 1.10125502E+00 -2.56516316E-03
 1.11185153E+00  4.32016168E-03
 1.12335678E+00  1.08775429E-02
 1.13741308E+00  1.47174265E-02
 1.15268432E+00  1.50002204E-02
 1.16470553E+00  1.38987833E-02
 1.17153071E+00  1.23021798E-02
 1.17201450E+00  1.07769386E-02
 1.16617728E+00  1.01219109E-02
 1.15706955E+00  9.66353848E-03
 1.14779565E+00  8.72038732E-03
 1.14125904E+00  6.88935768E-03
 1.14047441E+00  3.72081421E-03
 1.14593628E+00 -2.28539666E-04
 1.15379521E+00 -3.04866954E-03
 1.15771996E+00 -2.20944570E-03
 1.15364957E+00  3.77316242E-03
 1.14171050E+00  1.46398735E-02
 1.12879984E+00  2.78313773E-02
 1.12695869E+00  3.87673959E-02
 1.14236254E+00  4.39273210E-02
 1.17293283E+00  4.15290525E-02
 1.20780594E+00  3.13705758E-02
 1.22777732E+00  1.56744149E-02
 1.22052321E+00 -3.13505628E-03
 1.18459541E+00 -2.21178057E-02
 1.12796969E+00 -3.52797295E-02
 1.07038738E+00 -3.60463030E-02
 1.02919105E+00 -2.03875961E-02
 1.01730245E+00  1.09067816E-02
 1.05097496E+00  4.64913778E-02
 1.12789769E+00  6.80975357E-02
 1.19788133E+00  6.43552686E-02
 1.20485078E+00  3.49596987E-02
 1.17938755E+00 -3.22072870E-03
 1.18656894E+00 -2.33230035E-02
 1.19523414E+00 -2.36475507E-02
 1.15185928E+00 -1.84079755E-02
 1.09627007E+00 -3.36143851E-03
 1.08140910E+00  2.32048471E-02
 1.10538966E+00  4.13544943E-02
 1.15660463E+00  3.56946726E-02
 1.20600742E+00  1.65722208E-02
 1.20570900E+00  2.81872926E-03
 1.17345683E+00 -5.29490583E-03
 1.16227959E+00 -1.33516476E-02
 1.14965291E+00 -1.60600258E-02
 1.10070716E+00 -1.08204124E-02
 1.06560449E+00  1.60863853E-03
 1.09692135E+00  2.13493596E-02
 1.15780401E+00  3.65325547E-02
 1.19050529E+00  3.21165993E-02
 1.19555180E+00  1.52499952E-02
 1.18649322E+00  2.90153604E-03
 1.16117562E+00 -4.44159361E-03
 1.13494879E+00 -1.06252594E-02
 1.12172464E+00 -1.21974222E-02
 1.11774909E+00 -9.24070730E-03
 1.12117180E+00 -1.47173487E-03
 1.12827820E+00  1.31080791E-02
 1.13705926E+00  2.39042566E-02
 1.15157233E+00  1.77952427E-02
 1.16754390E+00  2.93361740E-03
 1.17662857E+00 -4.18896807E-03
 1.17371285E+00 -3.37838422E-03
 1.15506757E+00  4.51529149E-04
 1.12804195E+00  7.47459687E-03
 1.10915982E+00  1.33069269E-02
 1.10797768E+00  1.40480989E-02
 1.12655798E+00  1.14051845E-02
 1.15685748E+00  6.84087345E-03
 1.17990792E+00  2.41294073E-03
 1.18501426E+00 -4.52389963E-04
 1.17224227E+00 -2.72388312E-03
 1.14831699E+00 -4.20768659E-03
 1.12943014E+00 -4.38198475E-03
 1.12456681E+00 -3.09798252E-03
 1.13181209E+00  3.65138492E-04
 1.14662544E+00  5.04304026E-03
 1.15839046E+00  8.66380892E-03
 1.16132093E+00  9.83365302E-03
 1.15843064E+00  7.83475017E-03
 1.15237572E+00  3.69071664E-03
 1.14830515E+00  1.75389894E-04
 1.14903584E+00 -1.15216148E-03
 1.15152603E+00 -1.26190279E-04
 1.15417698E+00  2.21777579E-03
 1.15525988E+00  3.31230225E-03
 1.15358170E+00  1.97760201E-03
 1.15117579E+00 -1.09529547E-03
 1.14914975E+00 -4.43358239E-03
 1.14804815E+00 -5.41016470E-03
 1.14869338E+00 -2.70667714E-03
 1.15050651E+00  2.77969822E-03
 1.15297874E+00  8.97724635E-03
 1.15579294E+00  1.25259050E-02
 1.15802455E+00  1.12898689E-02
 1.15870030E+00  5.55972909E-03
 1.15628036E+00 -2.45270447E-03
 1.14906908E+00 -8.64113833E-03
 1.13688269E+00 -1.02111539E-02
 1.12186534E+00 -6.78897780E-03
 1.10999070E+00  1.82559853E-04
 1.10948695E+00  7.10613156E-03
 1.12503624E+00  1.15900905E-02
 1.15527110E+00  1.31388215E-02
 1.18955983E+00  1.14493110E-02
 1.21018855E+00  7.45809294E-03
 1.20561458E+00  1.73630388E-03
 1.17435938E+00 -5.63776800E-03
 1.12788928E+00 -1.21116318E-02
 1.08971671E+00 -1.41747504E-02
 1.07515893E+00 -9.54671220E-03
 1.08721958E+00  2.32604017E-03
 1.11854058E+00  1.70916727E-02
 1.14912314E+00  2.67404951E-02
 1.16712100E+00  2.62075968E-02
 1.17217359E+00  1.44653123E-02
 1.16568241E+00 -3.81496165E-03
 1.15613993E+00 -1.84536300E-02
 1.14715842E+00 -2.32329124E-02
 1.13493179E+00 -1.73928368E-02
 1.12286206E+00 -4.35415024E-03
 1.11578503E+00  7.10007100E-03
 1.11768521E+00  1.19753815E-02
 1.13360888E+00  1.07109123E-02
 1.15739334E+00  4.88035104E-03
 1.17483312E+00 -6.92181792E-04
 1.17762368E+00 -3.58557631E-03
 1.16268547E+00 -5.38432261E-03
 1.13656735E+00 -5.97927056E-03
 1.11601553E+00 -5.66743771E-03
 1.11032287E+00 -4.40382828E-03
 1.12018029E+00 -4.84446446E-04
 1.14134116E+00  4.69118164E-03
 1.16135097E+00  7.87081011E-03
 1.17321073E+00  7.20602464E-03
 1.17766867E+00  1.56658011E-03
 1.17469869E+00 -7.11363008E-03
 1.16769907E+00 -1.39581978E-02
 1.15827565E+00 -1.61415756E-02
 1.14427944E+00 -1.29380920E-02
 1.12948588E+00 -5.52109791E-03
 1.12003903E+00  2.19234166E-03
 1.12020027E+00  7.81752960E-03
 1.13314949E+00  1.08684918E-02
 1.15367957E+00  1.05410571E-02
 1.16983032E+00  7.21054614E-03
 1.17417728E+00  1.04734609E-03
 1.16407398E+00 -8.03960108E-03
 1.14360922E+00 -1.69660408E-02
 1.12464686E+00 -2.11499844E-02
 1.11417106E+00 -1.75571453E-02
 1.11350187E+00 -5.26777344E-03
 1.12256721E+00  1.12684740E-02
 1.13640612E+00  2.33322334E-02
 1.15210845E+00  2.53549606E-02
 1.16928197E+00  1.59928605E-02
 1.18135793E+00 -7.28304987E-04
 1.18034444E+00 -1.51609389E-02
 1.16132989E+00 -2.14280305E-02
 1.12356208E+00 -1.86897635E-02
 1.08012711E+00 -8.82327786E-03
 1.05380144E+00  1.77134928E-03
 1.05900167E+00  9.50371629E-03
 1.09852753E+00  1.47194028E-02
 1.15727431E+00  1.63027349E-02
 1.20360872E+00  1.43668379E-02
 1.21766426E+00  8.56486959E-03
 1.19602600E+00 -2.57737866E-03
 1.14990322E+00 -1.53754064E-02
 1.10806988E+00 -2.33415347E-02
 1.08744942E+00 -2.22796080E-02
 1.08829399E+00 -1.03371482E-02
 1.10629330E+00  7.65126496E-03
 1.12589274E+00  2.11184055E-02
 1.13942529E+00  2.37644388E-02
 1.15143858E+00  1.44385674E-02
 1.16011572E+00 -2.38557699E-03
 1.16463203E+00 -1.58398713E-02
 1.16302229E+00 -1.98062787E-02
 1.14857558E+00 -1.45402881E-02
 1.12641028E+00 -3.25525497E-03
 1.10905725E+00  5.92560158E-03
 1.10408312E+00  8.68006874E-03
 1.11632195E+00  6.59019961E-03
 1.14031054E+00  1.59233492E-03
 1.16028170E+00 -1.91403857E-03
 1.16795775E+00 -1.68636514E-03
 1.16245486E+00  1.46700500E-04
 1.14799164E+00  2.36648203E-03
 1.13694812E+00  3.26438080E-03
 1.13538260E+00  1.82347607E-03
 1.14104410E+00 -3.45723724E-04
 1.15111192E+00 -2.37700245E-03
 1.15863890E+00 -3.67076214E-03
 1.16011403E+00 -3.49469873E-03
 1.15850598E+00 -2.30383958E-03
 1.15539952E+00 -3.62761919E-04
 1.15332018E+00  2.26404611E-03
 1.15384455E+00  5.10919957E-03
 1.15478384E+00  7.81669000E-03
 1.15528195E+00  9.64427963E-03
 1.15499356E+00  9.54299577E-03
 1.15336142E+00  6.97402257E-03
 1.15146996E+00  2.10462958E-03
 1.14981835E+00 -3.54244979E-03
 1.14826153E+00 -7.40721948E-03
 1.14706969E+00 -7.73014834E-03
 1.14605101E+00 -4.08822405E-03
 1.14510765E+00  1.89904596E-03
 1.14450641E+00  6.77810438E-03
 1.14428928E+00  8.34992416E-03
 1.14453607E+00  6.21480984E-03
 1.14536404E+00  1.65121908E-03
 1.14673291E+00 -2.11532463E-03
 1.14859678E+00 -3.30794457E-03
 1.15085183E+00 -2.12752766E-03
 1.15325081E+00  5.93024838E-04
 1.15549612E+00  2.70962336E-03
 1.15732221E+00  3.17471395E-03
 1.15853930E+00  2.66976805E-03
 1.15912351E+00  1.67524752E-03
 1.15917310E+00  1.13990700E-03
 1.15866858E+00  1.53847569E-03
 1.15741974E+00  2.17585164E-03
 1.15502685E+00  2.73982258E-03
 1.15102018E+00  2.96613352E-03
 1.14547643E+00  2.62782607E-03
 1.13928021E+00  2.11027411E-03
 1.13432415E+00  1.65270429E-03
 1.13304760E+00  1.41037697E-03
 1.13663939E+00  1.74675357E-03
 1.14416928E+00  2.96219062E-03
 1.15172297E+00  5.56501007E-03
 1.15348796E+00  1.00470734E-02
 1.14663216E+00  1.60819333E-02
 1.13326399E+00  2.21706762E-02
 1.12226520E+00  2.49920470E-02
 1.12642678E+00  2.03175468E-02
 1.14951709E+00  6.08292483E-03
 1.18104134E+00 -1.61189138E-02
 1.19168030E+00 -3.91351374E-02
 1.15152532E+00 -5.18145643E-02
 1.08593741E+00 -4.69054835E-02
 1.05058838E+00 -2.37374811E-02
 1.05137075E+00  9.30981328E-03
 1.07316686E+00  3.58651863E-02
 1.11853984E+00  4.50101641E-02
 1.17222738E+00  3.42660487E-02
 1.20570322E+00  9.45868586E-03
 1.20542025E+00 -1.42124246E-02
 1.17952759E+00 -2.74219095E-02
 1.14701901E+00 -2.90489685E-02
 1.10323757E+00 -2.03377358E-02
 1.04123368E+00 -8.62334048E-03
 1.00602520E+00  2.36666260E-03
 1.04531083E+00  1.39516953E-02
 1.12568847E+00  2.18105337E-02
 1.18265313E+00  2.12417348E-02
 1.20644343E+00  9.79451011E-03
 1.20522149E+00 -1.26894189E-02
 1.17692011E+00 -3.27223442E-02
 1.14149576E+00 -3.26258771E-02
 1.11432008E+00 -1.76431748E-02
 1.09207392E+00 -4.32586432E-03
 1.07878067E+00  6.45540949E-03
 1.07731125E+00  1.69262992E-02
 1.09119247E+00  2.25617918E-02
 1.12747129E+00  2.31870198E-02
 1.17263467E+00  1.73643811E-02
 1.20127407E+00  1.99651000E-03
 1.19921269E+00 -1.31079172E-02
 1.16400507E+00 -1.49783462E-02
 1.12038228E+00 -8.67803574E-03
 1.10635349E+00 -5.63293031E-03
 1.10996120E+00 -2.98529447E-03
 1.09718690E+00  4.53729457E-03
 1.08990102E+00  1.25181620E-02
 1.11789049E+00  1.70980909E-02
 1.15199293E+00  1.69957877E-02
 1.15822733E+00  9.70133459E-03
 1.15179010E+00 -2.40870301E-03
 1.15439850E+00 -1.25560863E-02
 1.15424604E+00 -1.67280111E-02
 1.13880011E+00 -1.33890092E-02
 1.11898001E+00 -4.72580720E-03
 1.10606920E+00  2.71619135E-03
 1.10398618E+00  5.56856960E-03
 1.11755019E+00  4.04529049E-03
 1.14188987E+00 -4.30632926E-04
 1.16206315E+00 -3.64043891E-03
 1.16977581E+00 -3.67391087E-03
 1.16319969E+00 -2.00852793E-03
 1.14641242E+00  3.49598356E-04
 1.13177090E+00  1.44677595E-03
 1.12552689E+00  3.29144607E-04
 1.12637720E+00 -1.55573431E-03
 1.13206435E+00 -3.38537898E-03
 1.13592069E+00 -4.31252351E-03
 1.13497398E+00 -3.55881106E-03
 1.13245184E+00 -1.60310948E-03
 1.12985934E+00  1.21643188E-03
 1.12959479E+00  4.56602852E-03
 1.13314841E+00  7.70976417E-03
 1.13854034E+00  1.00049840E-02
 1.14585265E+00  1.02817985E-02
 1.15573238E+00  7.14911469E-03
 1.16685718E+00  1.00709186E-04
 1.17700639E+00 -1.00568053E-02
 1.17986531E+00 -2.01232031E-02
 1.16694421E+00 -2.52332576E-02
 1.13536356E+00 -2.20687822E-02
 1.09031515E+00 -9.97402463E-03
 1.04935455E+00  7.55412383E-03
 1.03793761E+00  2.33129510E-02
 1.06906722E+00  3.20721839E-02
 1.13531956E+00  3.15836316E-02
 1.20047846E+00  2.25290344E-02
 1.21720188E+00  9.52058393E-03
 1.19276591E+00 -4.23186731E-03
 1.16898367E+00 -1.69554173E-02
 1.14939738E+00 -2.46031844E-02
 1.12850241E+00 -2.39607229E-02
 1.11354489E+00 -1.36392058E-02
 1.09909874E+00  4.25008004E-03
 1.09467341E+00  1.67626099E-02
 1.11978384E+00  1.09304445E-02
 1.15310719E+00  2.54730144E-04
 1.16223190E+00  6.67935060E-03
 1.15938176E+00  1.61255364E-02
 1.16717595E+00  5.10494246E-03
 1.17216562E+00 -9.88714649E-03
 1.15700333E+00 -6.84568465E-03
 1.12885503E+00 -2.95190570E-03
 1.09652974E+00 -1.41708918E-02
 1.06546682E+00 -6.64012810E-03
 1.05081829E+00  5.34518068E-02
 1.07144089E+00  1.23729738E-01
 1.13059799E+00  1.38897241E-01
 1.18821721E+00  1.04185979E-01
 1.18914233E+00  5.30722675E-02
 1.14203443E+00 -7.20044350E-04
 1.09208883E+00 -3.30859493E-02
 1.05167806E+00 -3.63234305E-02
 1.03293761E+00 -3.28130272E-02
 1.05813468E+00 -2.37244660E-02
 1.11981282E+00 -3.72941041E-03
 1.18195665E+00  1.04789270E-02
 1.20719669E+00  8.27953303E-03
 1.20018071E+00 -2.84382809E-03
 1.19161094E+00 -1.17132312E-02
 1.17551552E+00 -1.12091126E-02
 1.13681038E+00  1.29002223E-03
 1.08626589E+00  1.58496901E-02
 1.03646658E+00  1.77843928E-02
 1.01474626E+00  2.22191350E-02
 1.05505103E+00  5.31446821E-02
 1.13397921E+00  8.72128219E-02
 1.19586010E+00  8.62850073E-02
 1.22538552E+00  5.41476356E-02
 1.22380847E+00  7.83474778E-03
 1.18936373E+00 -4.66856980E-02
 1.14174645E+00 -9.16991909E-02
 1.09520511E+00 -1.05156107E-01
 1.04942758E+00 -8.19871934E-02
 1.01287124E+00 -4.12013546E-02
 9.93103080E-01 -1.21430111E-02
 9.99066709E-01  5.90957156E-03
 1.04199828E+00  2.92824942E-02
 1.11001436E+00  4.48583043E-02
 1.17592474E+00  3.80041238E-02
 1.21965748E+00  2.28750583E-02
 1.22653505E+00  1.34711602E-02
 1.19926442E+00  3.67406961E-03
 1.15965091E+00 -1.31820282E-02
 1.11909051E+00 -2.65446457E-02
 1.08139759E+00 -2.45692643E-02
 1.05352753E+00 -1.20345428E-02
 1.03592335E+00  1.77594676E-03
 1.03470320E+00  1.32996797E-02
 1.06023162E+00  1.84923849E-02
 1.10433007E+00  1.68406474E-02
 1.14915532E+00  1.39630703E-02
 1.18058189E+00  1.09616268E-02
 1.18633528E+00  6.02744754E-03
 1.16959827E+00  4.60002149E-04
 1.14831915E+00 -5.07488632E-03
 1.13092895E+00 -8.72432871E-03
 1.11929612E+00 -6.86354900E-03
 1.11452017E+00 -5.73626046E-04
 1.11045346E+00  6.22748230E-03
 1.10774995E+00  1.14279968E-02
 1.11365742E+00  1.33027997E-02
 1.12625805E+00  1.20951581E-02
 1.14093558E+00  1.07090758E-02
 1.15354451E+00  9.88087581E-03
 1.15750617E+00  8.78506990E-03
 1.15396510E+00  7.38017391E-03
 1.15032047E+00  4.93609650E-03
 1.14899455E+00  1.69300435E-03
 1.15008685E+00 -6.09097690E-04
 1.15187096E+00 -1.28888034E-03
 1.14861444E+00 -8.34980642E-05
 1.13909611E+00  3.29347418E-03
 1.12697885E+00  8.13723714E-03
 1.11603029E+00  1.33694430E-02
 1.11196661E+00  1.77886273E-02
 1.11827301E+00  1.99249842E-02
 1.13340536E+00  1.86974439E-02
 1.15317447E+00  1.39743285E-02
 1.17007729E+00  6.50145979E-03
 1.17632169E+00 -2.56706510E-03
 1.16565750E+00 -1.13459717E-02
 1.13192329E+00 -1.67091443E-02
 1.08092476E+00 -1.53786837E-02
 1.05084600E+00 -5.61100132E-03
 1.08114701E+00  1.12488133E-02
 1.13960081E+00  2.79853032E-02
 1.16310119E+00  3.39875904E-02
 1.16167383E+00  2.36747718E-02
 1.16937578E+00 -2.71698177E-04
 1.16998698E+00 -2.25383544E-02
 1.15079251E+00 -2.39530116E-02
 1.12647793E+00 -1.22117449E-02
 1.10310828E+00 -7.82855993E-03
 1.08229595E+00 -1.21028740E-03
 1.07287102E+00  2.21393934E-02
 1.08449558E+00  4.24482581E-02
 1.12098434E+00  3.80064965E-02
 1.16927067E+00  2.08571361E-02
 1.20502808E+00  1.02706819E-02
 1.21260382E+00  4.05357504E-03
 1.18689162E+00 -2.79535261E-03
 1.13935893E+00 -6.04198390E-03
 1.09823583E+00 -5.75899585E-03
 1.08035865E+00 -3.21757982E-03
 1.08818979E+00  4.06356680E-03
 1.11535156E+00  1.37547379E-02
 1.14166022E+00  2.03807966E-02
 1.15629812E+00  2.03601633E-02
 1.16123340E+00  1.13867256E-02
 1.15626351E+00 -3.03467442E-03
 1.14632679E+00 -1.42757868E-02
 1.13309949E+00 -1.73581329E-02
 1.11189916E+00 -1.10657503E-02
 1.08890031E+00  1.88983083E-03
 1.07505033E+00  1.37180031E-02
 1.07767072E+00  2.00845635E-02
 1.10221725E+00  2.09271645E-02
 1.14055366E+00  1.68379375E-02
 1.17309625E+00  1.12831514E-02
 1.18790491E+00  5.96478125E-03
 1.18069821E+00 -1.82026353E-04
 1.15666053E+00 -5.70415197E-03
 1.13277033E+00 -8.79846468E-03
 1.11832662E+00 -7.96331324E-03
 1.11367542E+00 -1.31624680E-03
 1.11797807E+00  8.88121138E-03
 1.12414373E+00  1.73876203E-02
 1.12957488E+00  2.08466631E-02
 1.13805384E+00  1.75346693E-02
 1.14746848E+00  9.11858619E-03
 1.15464691E+00  9.51738715E-04
 1.15669358E+00 -3.99782910E-03
 1.14898773E+00 -5.24097489E-03
 1.13482472E+00 -3.16033355E-03
 1.12323414E+00 -4.43529322E-04
 1.11921461E+00  1.84342278E-03
 1.12498908E+00  4.64792779E-03
 1.13725412E+00  7.33262202E-03
 1.14638096E+00  9.26939879E-03
 1.14764788E+00  9.69120049E-03
 1.14155760E+00  7.12835090E-03
 1.13075784E+00  2.59403703E-03
 1.12230817E+00 -1.24434705E-03
 1.11989095E+00 -2.82510150E-03
 1.12215547E+00 -1.25969978E-03
 1.12788875E+00  2.52843913E-03
 1.13389539E+00  5.64134045E-03
 1.13832351E+00  6.66202258E-03
 1.14252421E+00  5.64212725E-03
 1.14646598E+00  3.26610464E-03
 1.14998930E+00  1.55940775E-03
 1.15271395E+00  1.47877172E-03
 1.15268213E+00  2.49432340E-03
 1.14929539E+00  4.22867045E-03
 1.14310794E+00  5.78134055E-03
 1.13471681E+00  6.66995350E-03
 1.12590060E+00  7.40379496E-03
 1.11899672E+00  8.09420723E-03
 1.11614827E+00  8.80780340E-03
 1.11913276E+00  9.58794236E-03
 1.12812149E+00  9.99596286E-03
 1.14020275E+00  9.86938945E-03
 1.15039113E+00  9.27850614E-03
 1.15479099E+00  8.23070426E-03
 1.15155205E+00  6.96413466E-03
 1.14222881E+00  5.76751317E-03
 1.13169417E+00  4.87429683E-03
 1.12310964E+00  4.58968430E-03
 1.11766629E+00  5.13307639E-03
 1.11596818E+00  6.51800739E-03
 1.11669903E+00  8.58580602E-03
 1.11983062E+00  1.10333254E-02
 1.12653081E+00  1.33501506E-02
 1.13517252E+00  1.47496199E-02
 1.14311477E+00  1.43896973E-02
 1.14799567E+00  1.17757447E-02
 1.14756118E+00  7.12257455E-03
 1.14314217E+00  1.94157927E-03
 1.13890381E+00 -1.37898412E-03
 1.13717629E+00 -1.19777426E-03
 1.13881255E+00  2.82904171E-03
 1.14285868E+00  9.02326282E-03
 1.14588384E+00  1.39437470E-02
 1.14652734E+00  1.53471361E-02
 1.14560149E+00  1.27294279E-02
 1.14381990E+00  7.27469818E-03
 1.14297464E+00  2.11585330E-03
 1.14373507E+00 -9.48844211E-04
 1.14485147E+00 -1.92578751E-03
 1.14557816E+00 -1.29892310E-03
 1.14498493E+00 -7.33025369E-04
 1.14230556E+00 -8.43205516E-04
 1.13790981E+00 -6.65624520E-04
 1.13213690E+00  3.45825965E-04
 1.12549982E+00  2.93080211E-03
 1.11894334E+00  7.22783088E-03
 1.11345117E+00  1.20153475E-02
 1.11063036E+00  1.60811301E-02
 1.11233345E+00  1.81384409E-02
 1.11956880E+00  1.71842223E-02
 1.13197916E+00  1.33915381E-02
 1.14664287E+00  7.98436216E-03
 1.15867814E+00  2.95240085E-03
 1.16425359E+00 -1.13322440E-04
 1.16144815E+00 -6.80542901E-04
 1.15141953E+00  4.46655268E-04
 1.13846813E+00  1.28577642E-03
 1.12574560E+00  8.00159871E-04
 1.11505888E+00 -7.24114951E-04
 1.10807141E+00 -2.09490522E-03
 1.10499545E+00 -1.09873143E-03
 1.10702183E+00  3.10954786E-03
 1.11590205E+00  9.40024901E-03
 1.13004185E+00  1.55196802E-02
 1.14597053E+00  1.80290047E-02
 1.15994751E+00  1.48622017E-02
 1.16765290E+00  6.48504347E-03
 1.16695339E+00 -4.46372795E-03
 1.15823558E+00 -1.32650736E-02
 1.14173274E+00 -1.64941820E-02
 1.11931920E+00 -1.32564838E-02
 1.09674788E+00 -4.91294268E-03
 1.08131310E+00  4.61194738E-03
 1.07939888E+00  1.26100024E-02
 1.09433944E+00  1.82137320E-02
 1.12126488E+00  2.06451110E-02
 1.14883637E+00  2.03728456E-02
 1.16854567E+00  1.71822842E-02
 1.17547859E+00  1.01548627E-02
 1.16941705E+00  1.09546753E-03
 1.15641672E+00 -6.88444755E-03
 1.13937544E+00 -1.11764689E-02
 1.11879098E+00 -9.66646765E-03
 1.09943497E+00 -3.58698573E-03
 1.08610493E+00  2.94730035E-03
 1.08404646E+00  7.38721823E-03
 1.09816000E+00  8.46607914E-03
 1.12334571E+00  6.07001087E-03
 1.14768452E+00  2.24800601E-03
 1.16276489E+00 -2.22612229E-03
 1.16344270E+00 -7.54475203E-03
 1.15176333E+00 -1.18862809E-02
 1.13776062E+00 -1.31724183E-02
 1.12631188E+00 -9.71042357E-03
 1.11772139E+00 -3.98596642E-04
 1.11287889E+00  1.18254654E-02
 1.10948194E+00  2.12060211E-02
 1.10844508E+00  2.39979104E-02
 1.11443592E+00  1.87722594E-02
 1.12692061E+00  7.90457044E-03
 1.14306504E+00 -2.31154551E-03
 1.15963880E+00 -8.13395819E-03
 1.17073445E+00 -8.87450111E-03
 1.17225654E+00 -5.40770089E-03
 1.16279729E+00 -1.33840941E-03
 1.14127220E+00  2.14641591E-03
 1.11050490E+00  7.12682812E-03
 1.08067593E+00  1.55548519E-02
 1.06530392E+00  2.96017226E-02
 1.07395995E+00  4.72511868E-02
 1.10809321E+00  5.95217899E-02
 1.15364823E+00  5.15057539E-02
 1.18472747E+00  1.35786379E-02
 1.18417680E+00 -3.04152053E-02
 1.14783446E+00 -4.37613397E-02
 1.08780826E+00 -3.71644892E-02
 1.03358696E+00 -3.73063045E-02
 1.00620636E+00 -2.05218118E-02
 1.01560397E+00  3.85945050E-02
 1.06912828E+00  1.02859509E-01
 1.15182480E+00  1.20990857E-01
 1.21578171E+00  8.27638188E-02
 1.21281420E+00 -5.11830863E-05
 1.15540340E+00 -8.87332827E-02
 1.09527490E+00 -1.22124638E-01
 1.05065380E+00 -9.75726346E-02
 1.02628014E+00 -5.71192088E-02
 1.02365690E+00 -1.01239353E-02
 1.02455930E+00  3.44513427E-02
 1.04746068E+00  5.37212879E-02
 1.12314585E+00  4.80058779E-02
 1.19915105E+00  2.78377009E-02
 1.20570350E+00  3.15281601E-03
 1.17420550E+00 -1.83841520E-02
 1.16189639E+00 -3.51784253E-02
 1.13823978E+00 -3.97233740E-02
 1.06833770E+00 -2.54568367E-02
 1.01108191E+00  1.81192369E-03
 1.02866189E+00  3.16597427E-02
 1.08685213E+00  5.30579279E-02
 1.12726858E+00  5.58819545E-02
 1.15228937E+00  4.19567123E-02
 1.17366191E+00  2.27708918E-02
 1.17983209E+00  3.06039825E-03
 1.17429866E+00 -1.55611353E-02
 1.16121969E+00 -2.85231669E-02
 1.13249532E+00 -3.43713243E-02
 1.09555542E+00 -2.93787566E-02
 1.06654350E+00 -1.01129235E-02
 1.05717306E+00  1.07352184E-02
 1.07722393E+00  1.67198146E-02
 1.11844010E+00  1.41319763E-02
 1.15687412E+00  1.74979860E-02
 1.17870560E+00  2.19337174E-02
 1.17895695E+00  1.85368823E-02
 1.16178327E+00  1.11329057E-02
 1.14425584E+00  3.04265739E-03
 1.13229344E+00 -4.91970840E-03
 1.11903321E+00 -8.35433691E-03
 1.09625607E+00 -6.32748039E-03
 1.05877091E+00 -1.83295069E-03
 1.03836743E+00  4.12985301E-03
 1.07796933E+00  1.04517383E-02
 1.14510528E+00  1.52447027E-02
 1.17702418E+00  1.77661255E-02
 1.18080407E+00  1.63923241E-02
 1.18315138E+00  9.70207734E-03
 1.17246809E+00  2.39043844E-04
 1.14712224E+00 -7.37714595E-03
 1.12635014E+00 -9.88426978E-03
 1.11755853E+00 -5.57559752E-03
 1.11554900E+00  3.41699790E-03
 1.11366526E+00  1.14249391E-02
 1.11377985E+00  1.53408144E-02
 1.12128172E+00  1.47786005E-02
 1.13305959E+00  1.09960666E-02
 1.14423321E+00  7.97866925E-03
 1.15093367E+00  7.47933746E-03
 1.14806625E+00  8.33477659E-03
 1.13902847E+00  9.58327536E-03
 1.13383774E+00  9.19376196E-03
 1.13707124E+00  6.37811537E-03
 1.14913056E+00  2.78340816E-03
 1.16510681E+00 -2.83671822E-04
 1.17360463E+00 -1.29005867E-03
 1.16926235E+00  7.98438558E-04
 1.15412474E+00  5.17924774E-03
 1.13404420E+00  1.03559015E-02
 1.12043873E+00  1.42688688E-02
 1.12008925E+00  1.52802318E-02
 1.13174854E+00  1.32252808E-02
 1.15004452E+00  9.35048523E-03
 1.16430831E+00  6.07260980E-03
 1.16768306E+00  4.95286488E-03
 1.16063398E+00  6.05733269E-03
 1.14721621E+00  8.25441100E-03
 1.13623012E+00  9.14330622E-03
 1.13290230E+00  7.55666101E-03
 1.13616848E+00  4.12322113E-03
 1.14346465E+00  3.10297448E-04
 1.14908860E+00 -1.31556376E-03
 1.15003730E+00  5.94349332E-04
 1.14823008E+00  5.32140150E-03
 1.14512708E+00  1.10626234E-02
 1.14333168E+00  1.47874424E-02
 1.14424555E+00  1.45457361E-02
 1.14608273E+00  1.05308969E-02
 1.14808992E+00  4.47066172E-03
 1.14967167E+00 -3.14331805E-04
 1.15026432E+00 -1.63042283E-03
 1.15084425E+00  6.44166615E-04
 1.15174197E+00  5.28830047E-03
 1.15275933E+00  9.45924391E-03
 1.15401393E+00  1.14771546E-02
 1.15510902E+00  1.15254060E-02
 1.15578303E+00  1.02417552E-02
 1.15611690E+00  9.28665215E-03
 1.15597838E+00  9.40288061E-03
 1.15532456E+00  9.80214929E-03
 1.15419596E+00  9.95945651E-03
 1.15255487E+00  9.07896115E-03
 1.15047317E+00  6.82013225E-03
 1.14810807E+00  3.96911252E-03
 1.14566072E+00  1.12587529E-03
 1.14341545E+00 -1.07352682E-03
 1.14166498E+00 -1.99326828E-03
 1.14065681E+00 -1.58089397E-03
 1.14054053E+00  1.31844739E-04
 1.14133544E+00  2.96493982E-03
 1.14298093E+00  6.46067684E-03
 1.14528923E+00  1.00355959E-02
 1.14787088E+00  1.26459055E-02
 1.15020804E+00  1.30397805E-02
 1.15175197E+00  1.04254059E-02
 1.15202310E+00  4.84464429E-03
 1.15082686E+00 -2.02129046E-03
 1.14827852E+00 -7.26356681E-03
 1.14462165E+00 -8.73302681E-03
 1.14034571E+00 -5.58108052E-03
 1.13632994E+00  1.01100296E-03
 1.13364772E+00  7.88171671E-03
 1.13337220E+00  1.28949522E-02
 1.13631474E+00  1.52248729E-02
 1.14246512E+00  1.47436999E-02
 1.15092673E+00  1.27217627E-02
 1.16030404E+00  9.61988038E-03
 1.16839234E+00  5.07921314E-03
 1.17184076E+00  1.22273734E-04
 1.16724188E+00 -3.90212612E-03
 1.15291757E+00 -5.59102222E-03
 1.13054175E+00 -3.41256191E-03
 1.10777518E+00  2.04102526E-03
 1.09615274E+00  8.50123074E-03
 1.10336529E+00  1.42490455E-02
 1.13041723E+00  1.76826795E-02
 1.16787526E+00  1.76066527E-02
 1.19739788E+00  1.40053902E-02
 1.20650335E+00  6.72949811E-03
 1.19156825E+00 -3.67768216E-03
 1.15832127E+00 -1.37956189E-02
 1.12320954E+00 -1.89049151E-02
 1.09679800E+00 -1.56014939E-02
 1.08188233E+00 -2.86985838E-03
 1.08044329E+00  1.49622412E-02
 1.08874179E+00  2.93359596E-02
 1.10584690E+00  3.44554873E-02
 1.13405540E+00  2.83341800E-02
 1.16558459E+00  1.36647351E-02
 1.18849652E+00 -1.62590524E-03
 1.19335553E+00 -1.26186339E-02
 1.17347556E+00 -1.81045369E-02
 1.13685662E+00 -1.74609678E-02
 1.10340626E+00 -1.29718676E-02
 1.08591948E+00 -5.33228358E-03
 1.08992402E+00  6.62476453E-03
 1.11175960E+00  1.97352180E-02
 1.13596712E+00  2.92542739E-02
 1.15462695E+00  3.13215544E-02
 1.16767591E+00  2.28612083E-02
 1.17323194E+00  7.09869024E-03
 1.17374781E+00 -7.70390102E-03
 1.16850794E+00 -1.62076163E-02
 1.15261978E+00 -1.58401822E-02
 1.13115460E+00 -7.77918656E-03
 1.11386330E+00  1.86321331E-03
 1.10782020E+00  9.97083812E-03
 1.11881683E+00  1.63136617E-02
 1.14233499E+00  1.93467712E-02
 1.16462649E+00  1.90207278E-02
 1.17767498E+00  1.44389729E-02
 1.17827002E+00  3.78906596E-03
 1.16716467E+00 -9.38560314E-03
 1.15230549E+00 -1.87064192E-02
 1.13744424E+00 -1.98693659E-02
 1.12233121E+00 -1.06363906E-02
 1.11131418E+00  5.02433581E-03
 1.10824597E+00  1.76718409E-02
 1.11646399E+00  2.17516279E-02
 1.13865352E+00  1.60618574E-02
 1.16658007E+00  3.49209481E-03
 1.18511384E+00 -7.72395817E-03
 1.18483752E+00 -1.30221005E-02
 1.16312914E+00 -1.25151379E-02
 1.13021481E+00 -6.85127718E-03
 1.10787725E+00  3.57589720E-04
 1.10848763E+00  7.20331071E-03
 1.13218287E+00  1.45414808E-02
 1.16766537E+00  2.01270700E-02
 1.19084431E+00  2.11656693E-02
 1.18816987E+00  1.59156718E-02
 1.16143884E+00  3.31913026E-03
 1.12127259E+00 -1.17055357E-02
 1.09019498E+00 -2.01262832E-02
 1.08185369E+00 -1.65765859E-02
 1.09518608E+00 -1.86317760E-04
 1.12428622E+00  2.24026212E-02
 1.15418596E+00  3.77054933E-02
 1.17520954E+00  3.76718727E-02
 1.18775078E+00  2.17123909E-02
 1.19012649E+00 -3.60097694E-03
 1.18365477E+00 -2.37227555E-02
 1.16877801E+00 -2.99032617E-02
 1.14285505E+00 -2.18991450E-02
 1.11341502E+00 -3.98560258E-03
 1.09340323E+00  1.27691984E-02
 1.09183636E+00  2.18819452E-02
 1.11377996E+00  2.40937147E-02
 1.15021515E+00  2.02800437E-02
 1.18021806E+00  1.45892821E-02
 1.19094097E+00  8.97345423E-03
 1.17883961E+00  1.15564119E-03
 1.15130224E+00 -7.18998628E-03
 1.12842508E+00 -1.32447658E-02
 1.12091818E+00 -1.47842588E-02
 1.12778952E+00 -8.86154321E-03
 1.14405586E+00  2.02043923E-03
 1.15626108E+00  1.11924295E-02
 1.15793723E+00  1.47668706E-02
 1.15325330E+00  1.10502849E-02
 1.14518734E+00  2.37780106E-03
 1.13983117E+00 -4.33551196E-03
 1.14033841E+00 -5.62673945E-03
 1.14268798E+00 -1.79493749E-03
 1.14531080E+00  5.31227841E-03
 1.14686986E+00  1.06891859E-02
 1.14611524E+00  1.18400136E-02
 1.14529345E+00  9.92258738E-03
 1.14521889E+00  5.87687136E-03
 1.14557374E+00  2.01342862E-03
 1.14674687E+00 -2.68664979E-04
 1.14796305E+00 -1.82065697E-03
 1.14873301E+00 -2.33625506E-03
 1.14930140E+00 -1.40728080E-03
 1.14944330E+00  1.03087674E-03
 1.14912659E+00  5.48288340E-03
 1.14845459E+00  1.05595240E-02
 1.14731475E+00  1.35553362E-02
 1.14578625E+00  1.28385914E-02
 1.14406969E+00  7.81790183E-03
 1.14241290E+00  2.47910500E-04
 1.14120705E+00 -5.91605056E-03
 1.14083712E+00 -8.18271505E-03
 1.14160013E+00 -5.90750138E-03
 1.14362914E+00 -2.97298566E-04
 1.14683795E+00  5.18029971E-03
 1.15102260E+00  8.55833859E-03
 1.15579406E+00  9.83848781E-03
 1.16046211E+00  9.49044776E-03
 1.16415880E+00  9.28458660E-03
 1.16598117E+00  9.82847581E-03
 1.16515068E+00  1.00018032E-02
 1.16136351E+00  9.20563751E-03
 1.15483351E+00  6.68159235E-03
 1.14602694E+00  2.34859602E-03
 1.13585767E+00 -2.34230298E-03
 1.12591294E+00 -5.89528869E-03
 1.11814965E+00 -6.75399813E-03
 1.11457449E+00 -3.80737769E-03
 1.11682683E+00  2.51665560E-03
 1.12530094E+00  1.02010953E-02
 1.13903714E+00  1.61043942E-02
 1.15633814E+00  1.77714607E-02
 1.17427383E+00  1.43587668E-02
 1.18812770E+00  7.21336032E-03
 1.19268691E+00 -2.62897648E-04
 1.18417930E+00 -5.67729323E-03
 1.16216291E+00 -8.03912764E-03
 1.13281278E+00 -7.04216027E-03
 1.10720749E+00 -3.82574328E-03
 1.09388961E+00  1.22117555E-03
 1.09695121E+00  8.40052706E-03
 1.11340870E+00  1.61885559E-02
 1.13313928E+00  2.24380428E-02
 1.14970242E+00  2.50780612E-02
 1.16092412E+00  2.21430850E-02
 1.16573391E+00  1.43344214E-02
 1.16698236E+00  4.56665084E-03
 1.16452909E+00 -4.95793109E-03
 1.15526156E+00 -1.22903609E-02
 1.14148393E+00 -1.58510082E-02
 1.12747401E+00 -1.53861083E-02
 1.11758707E+00 -1.01940461E-02
 1.11718913E+00  8.39431615E-06
 1.12600698E+00  1.23299052E-02
 1.13896124E+00  2.22993837E-02
 1.15312229E+00  2.61979240E-02
 1.16576780E+00  2.17198165E-02
 1.17375120E+00  1.08817710E-02
 1.17598438E+00 -5.75880889E-04
 1.17034224E+00 -8.79661095E-03
 1.15544181E+00 -1.18355642E-02
 1.13675293E+00 -9.30931356E-03
 1.12323802E+00 -3.75954733E-03
 1.12125283E+00  3.58264196E-03
 1.13341221E+00  1.23024868E-02
 1.15339985E+00  1.85444968E-02
 1.16750772E+00  1.80767607E-02
 1.16801624E+00  9.07833173E-03
 1.15459066E+00 -6.38812689E-03
 1.13432101E+00 -1.61123105E-02
 1.12244157E+00 -6.60169439E-03
 1.12684776E+00  1.25154232E-02
 1.14519095E+00  2.01686308E-02
 1.16908820E+00  1.53868368E-02
 1.18256994E+00  5.70793828E-03
 1.17676564E+00 -6.14549972E-03
 1.15459398E+00 -1.17631106E-02
 1.12557265E+00 -7.13192709E-03
 1.10695139E+00  2.08129569E-03
 1.10917252E+00  1.25443209E-02
 1.13023095E+00  2.01309125E-02
 1.16029727E+00  1.92513309E-02
 1.18093704E+00  1.05131120E-02
 1.18087965E+00  2.64840089E-03
 1.16166290E+00  5.12721948E-03
 1.13263786E+00  1.06868533E-02
 1.11213986E+00  5.54009042E-03
 1.11093879E+00 -8.58850716E-04
 1.12682256E+00  5.33519950E-03
 1.15107792E+00  8.69846870E-03
 1.16671827E+00 -8.07048416E-03
 1.16411373E+00 -2.53476990E-02
 1.14647576E+00 -1.79002385E-02
 1.12239068E+00 -1.42141019E-03
 1.10770911E+00 -4.65780449E-04
 1.11178595E+00 -2.43359081E-03
 1.13184798E+00  9.88832558E-03
 1.16011125E+00  2.25722939E-02
 1.18201216E+00  1.94550884E-02
 1.18806009E+00  4.37203011E-03
 1.17892620E+00 -1.51781059E-02
 1.15877341E+00 -2.98107275E-02
 1.13744887E+00 -2.64967488E-02
 1.12162101E+00 -1.23515716E-02
 1.11136298E+00 -5.73661539E-03
 1.10779595E+00  1.02739990E-03
 1.11006811E+00  2.13791127E-02
 1.11825419E+00  3.78991265E-02
 1.13479890E+00  3.06264313E-02
 1.15581706E+00  1.13174561E-02
 1.17395088E+00 -1.05433156E-03
 1.18349107E+00 -6.96394863E-03
 1.17987677E+00 -9.81526252E-03
 1.16594785E+00 -7.44516588E-03
 1.15114727E+00 -3.52708233E-03
 1.14110281E+00 -1.14972143E-03
 1.13808289E+00  1.62218757E-03
 1.14118883E+00  4.48781382E-03
 1.14444079E+00  6.64385925E-03
 1.14571609E+00  7.08709817E-03
 1.14677727E+00  3.48319391E-03
 1.14747450E+00 -2.70110300E-03
 1.14876353E+00 -7.44097322E-03
 1.15031211E+00 -8.48033121E-03
 1.14947849E+00 -4.51868917E-03
 1.14747621E+00  2.90888796E-03
 1.14741668E+00  9.14830521E-03
 1.15068593E+00  1.17685630E-02
 1.15802577E+00  1.04804277E-02
 1.16673714E+00  5.90302493E-03
 1.17100645E+00  8.05146708E-04
 1.16797766E+00 -3.31390672E-03
 1.15793680E+00 -6.62570472E-03
 1.14425859E+00 -8.20114457E-03
 1.13392857E+00 -7.44492446E-03
 1.13133694E+00 -3.91937673E-03
 1.13695647E+00  2.88970718E-03
 1.14867175E+00  1.06507299E-02
 1.16081805E+00  1.53137572E-02
 1.16950183E+00  1.43121930E-02
 1.17377282E+00  6.85289771E-03
 1.17283002E+00 -4.09048958E-03
 1.16771186E+00 -1.22257387E-02
 1.15891198E+00 -1.36498838E-02
 1.14617002E+00 -7.56824391E-03
 1.13310251E+00  3.61452135E-03
 1.12506320E+00  1.37567582E-02
 1.12606929E+00  1.91351521E-02
 1.13830654E+00  1.92879325E-02
 1.15757942E+00  1.47528031E-02
 1.17455262E+00  8.54869579E-03
 1.18304210E+00  2.28656702E-03
 1.18060282E+00 -4.47716167E-03
 1.16963162E+00 -1.02361723E-02
 1.15817847E+00 -1.33314525E-02
 1.15063063E+00 -1.22504195E-02
 1.14717979E+00 -5.29949578E-03
 1.14757844E+00  5.43904115E-03
 1.14869280E+00  1.52067697E-02
 1.14968771E+00  2.07180105E-02
 1.15282166E+00  1.99836768E-02
 1.15724195E+00  1.39560912E-02
 1.16135551E+00  6.84372933E-03
 1.16371774E+00  9.32103071E-04
 1.16193443E+00 -3.26584446E-03
 1.15720813E+00 -5.30470520E-03
 1.15345474E+00 -6.27573503E-03
 1.15265237E+00 -6.09560516E-03
 1.15564385E+00 -3.44965326E-03
 1.16128061E+00  6.22142339E-04
 1.16579783E+00  4.22102759E-03
 1.16742390E+00  5.82693446E-03
 1.16639288E+00  3.94139602E-03
 1.16316933E+00 -2.72870169E-04
 1.15963942E+00 -3.51105888E-03
 1.15673257E+00 -4.03905754E-03
 1.15384961E+00 -1.42075012E-03
 1.15125073E+00  3.30771055E-03
 1.14917188E+00  7.11387199E-03
 1.14801340E+00  8.50458861E-03
 1.14895473E+00  7.73556900E-03
 1.15225580E+00  5.21612691E-03
 1.15740271E+00  2.43063641E-03
 1.16373707E+00  1.51268947E-04
 1.16976599E+00 -2.09042650E-03
 1.17338419E+00 -4.05145372E-03
 1.17257525E+00 -5.46095809E-03
 1.16608952E+00 -5.93948469E-03
 1.15454658E+00 -4.50206672E-03
 1.14191560E+00 -9.38182517E-04
 1.13431787E+00  4.28033926E-03
 1.13595787E+00  1.05354684E-02
 1.14765727E+00  1.64911792E-02
 1.16492490E+00  2.02396871E-02
 1.17869860E+00  1.99342240E-02
 1.18303907E+00  1.44482926E-02
 1.17657068E+00  4.35441095E-03
 1.16244452E+00 -6.73177263E-03
 1.14902664E+00 -1.32614695E-02
 1.14134008E+00 -1.15359881E-02
 1.13990430E+00 -1.09145439E-03
 1.14423759E+00  1.34828950E-02
 1.15066954E+00  2.34105125E-02
 1.15742384E+00  2.32384289E-02
 1.16543366E+00  1.24573970E-02
 1.17235630E+00 -4.13328750E-03
 1.17527521E+00 -1.63243360E-02
 1.17213581E+00 -1.81651758E-02
 1.16146795E+00 -9.86325378E-03
 1.14810549E+00  4.42488164E-03
 1.14116598E+00  1.54039850E-02
 1.14590033E+00  1.77300902E-02
 1.16294990E+00  1.22064565E-02
 1.18526133E+00  1.48210509E-03
 1.19879422E+00 -8.09183376E-03
 1.19537975E+00 -1.26548979E-02
 1.17485636E+00 -1.29019943E-02
 1.14472353E+00 -8.85709861E-03
 1.12092611E+00 -1.95635083E-03
 1.11336243E+00  6.75932309E-03
 1.12285229E+00  1.78590720E-02
 1.14500673E+00  2.82821882E-02
 1.16774142E+00  3.32464384E-02
 1.18320983E+00  2.95999583E-02
 1.19030134E+00  1.57760800E-02
 1.18693471E+00 -4.01332318E-03
 1.17429828E+00 -2.07194789E-02
 1.15308703E+00 -2.80667352E-02
 1.12288827E+00 -2.30750417E-02
 1.09297974E+00 -7.18179449E-03
 1.07744494E+00  1.25692989E-02
 1.08593801E+00  3.11196051E-02
 1.12223363E+00  4.52068735E-02
 1.17428921E+00  4.92304281E-02
 1.21701691E+00  3.94451600E-02
 1.23358765E+00  1.46207870E-02
 1.21774921E+00 -2.14499085E-02
 1.17625057E+00 -5.01978550E-02
 1.13108898E+00 -5.12837704E-02
 1.09602986E+00 -3.42020913E-02
 1.07511800E+00 -2.09042646E-02
 1.07248284E+00 -2.16004100E-03
 1.08480319E+00  3.53082679E-02
 1.11171486E+00  6.47919280E-02
 1.15556155E+00  5.69493738E-02
 1.20223180E+00  2.72170648E-02
 1.23082255E+00  3.75626258E-03
 1.22815116E+00 -1.27760404E-02
 1.19140444E+00 -2.61768034E-02
 1.14681581E+00 -3.05623455E-02
 1.13136017E+00 -2.78868878E-02
 1.12910387E+00 -1.96142527E-02
 1.10413600E+00 -1.57033440E-03
 1.08562142E+00  2.17935350E-02
 1.11428185E+00  4.14592084E-02
 1.15993881E+00  5.02748071E-02
 1.18086590E+00  4.19174291E-02
 1.18872693E+00  1.99452065E-02
 1.19953959E+00 -3.34902715E-03
 1.19362420E+00 -2.03340581E-02
 1.15702144E+00 -2.66685235E-02
 1.10932900E+00 -2.06604969E-02
 1.07633157E+00 -7.05942946E-03
 1.07113701E+00  1.14142442E-02
 1.10064712E+00  3.22351259E-02
 1.15416529E+00  4.31926995E-02
 1.20213837E+00  3.36284399E-02
 1.22670898E+00  1.13586324E-02
 1.22346765E+00 -7.85459900E-03
 1.19588267E+00 -2.06681217E-02
 1.16153924E+00 -2.82800172E-02
 1.12997820E+00 -2.69716111E-02
 1.10089701E+00 -1.66132548E-02
 1.08148094E+00  2.74590482E-03
 1.07701351E+00  3.09317053E-02
 1.09251937E+00  5.30145722E-02
 1.13336005E+00  5.12883075E-02
 1.18471125E+00  3.31286267E-02
 1.21981478E+00  1.68247433E-02
 1.22302850E+00  2.63653251E-03
 1.19201597E+00 -1.31947941E-02
 1.15163781E+00 -2.47244526E-02
 1.13942600E+00 -2.92970472E-02
 1.14125096E+00 -2.55901844E-02
 1.12094694E+00 -9.98744377E-03
 1.10463690E+00  1.23516205E-02
 1.12922184E+00  3.04208058E-02
 1.16633903E+00  3.69692453E-02
 1.17900878E+00  2.85067947E-02
 1.17845640E+00  1.11661419E-02
 1.17992833E+00 -2.65665657E-04
 1.16888350E+00  1.75828761E-03
 1.13929803E+00  1.63707796E-02
 1.12151989E+00  3.51050008E-02
 1.14411526E+00  4.08511166E-02
 1.18563621E+00  2.52090197E-02
 1.20529756E+00 -7.79345616E-03
 1.19828469E+00 -4.62440561E-02
 1.17147975E+00 -6.90922522E-02
 1.12130919E+00 -6.35707692E-02
 1.06244028E+00 -3.13414710E-02
 1.02768038E+00  1.59276177E-02
 1.04173533E+00  5.54795321E-02
 1.09729133E+00  7.20772142E-02
 1.16201404E+00  6.42587825E-02
 1.20906680E+00  3.89187205E-02
 1.21961349E+00  1.36909442E-02
 1.20004700E+00 -7.16332724E-04
 1.18352629E+00 -4.93360011E-03
 1.17907613E+00 -9.91014406E-04
 1.17893754E+00  3.04778010E-03
 1.18390456E+00  2.98703098E-03
 1.18312104E+00  1.11665033E-03
 1.16447895E+00 -7.45725062E-03
 1.13040169E+00 -2.43177056E-02
 1.09445033E+00 -3.37855387E-02
 1.07862898E+00 -1.92965658E-02
 1.09290863E+00  1.16063983E-02
 1.13115146E+00  3.79508186E-02
 1.17770670E+00  4.78652016E-02
 1.20785111E+00  3.38989914E-02
 1.21387561E+00  4.60183358E-04
 1.20525264E+00 -3.11526549E-02
 1.18376822E+00 -4.69260176E-02
 1.15269631E+00 -4.26077436E-02
 1.11596602E+00 -2.25165101E-02
 1.07541200E+00 -1.50924309E-03
 1.05764835E+00  2.14940881E-02
 1.09263884E+00  5.42641128E-02
 1.15831761E+00  7.57341778E-02
 1.20894873E+00  6.30138248E-02
 1.23293687E+00  3.22421860E-02
 1.23181628E+00  9.98771922E-03
 1.20637184E+00 -7.18123802E-03
 1.17572284E+00 -2.81936161E-02
 1.15259870E+00 -4.02703431E-02
 1.13495176E+00 -3.29265287E-02
 1.12338190E+00 -1.17532368E-02
 1.11461248E+00  1.45500203E-02
 1.10999550E+00  3.32908188E-02
 1.11845652E+00  3.05853011E-02
 1.13776395E+00  1.40460017E-02
 1.16017183E+00  4.49424847E-03
 1.17985282E+00  4.22599091E-03
 1.18904332E+00  6.97319901E-03
 1.18792521E+00  1.23187873E-02
 1.18439970E+00  1.43531124E-02
 1.18083775E+00  9.45563549E-03
 1.17698868E+00  2.28440441E-03
 1.17224078E+00 -4.49824585E-03
 1.16245824E+00 -8.26270989E-03
 1.14811802E+00 -7.01800511E-03
 1.13460297E+00 -2.92474625E-03
 1.12565654E+00  2.58872714E-03
 1.12549086E+00  8.36982196E-03
 1.13645400E+00  1.25329514E-02
 1.15577642E+00  1.46406380E-02
 1.17779231E+00  1.43421651E-02
 1.19457131E+00  1.12506567E-02
 1.19933017E+00  5.64592857E-03
 1.18985691E+00 -1.78682202E-03
 1.17032912E+00 -8.80428524E-03
 1.15032925E+00 -1.21472767E-02
 1.13688912E+00 -9.52534702E-03
 1.13302608E+00 -4.40969552E-04
 1.13842081E+00  1.18246646E-02
 1.14796806E+00  2.10479733E-02
 1.15931277E+00  2.30901673E-02
 1.17276206E+00  1.69018206E-02
 1.18499452E+00  5.61864785E-03
 1.19253390E+00 -3.51049908E-03
 1.19182360E+00 -6.23835902E-03
 1.17945332E+00 -2.33178184E-03
 1.16005784E+00  5.82187027E-03
 1.14367176E+00  1.22078744E-02
 1.13680481E+00  1.36566098E-02
 1.14243180E+00  1.10837977E-02
 1.15651620E+00  6.03817023E-03
 1.16792120E+00  2.16377792E-03
 1.17089768E+00  1.33441062E-03
 1.16569288E+00  2.18796939E-03
 1.15579425E+00  3.87537999E-03
 1.15006058E+00  4.92600658E-03
 1.15267504E+00  4.46927085E-03
 1.16124130E+00  3.59112410E-03
 1.17263858E+00  2.67710019E-03
 1.18069265E+00  1.91020595E-03
 1.18162185E+00  1.52817422E-03
 1.17667017E+00  8.88171590E-04
 1.16687098E+00 -2.42480681E-04
 1.15475652E+00 -1.69652047E-03
 1.14277027E+00 -3.47275826E-03
 1.13151115E+00 -5.23008614E-03
 1.12378542E+00 -6.60516069E-03
