# x =
 6.61800675E+01
# y =
 3.25097170E+00
 VARIABLES = u,v
 1.18365533E+00 -5.32152473E-03
 1.18605349E+00  1.78949680E-02
 1.15135261E+00  1.19398583E-02
 1.08908366E+00 -1.46916740E-02
 1.01800141E+00 -3.63367414E-02
 9.56000413E-01 -3.99742525E-02
 9.24899164E-01 -2.15546695E-02
 9.33508252E-01  2.17945978E-02
 9.74968800E-01  8.10184810E-02
 1.04474793E+00  1.48853051E-01
 1.12961209E+00  2.16999331E-01
 1.19245949E+00  2.52033801E-01
 1.19116111E+00  2.14682958E-01
 1.10232123E+00  9.30317153E-02
 9.39179818E-01 -8.35390140E-02
 7.89956853E-01 -2.08398597E-01
 7.57988246E-01 -1.59103382E-01
 7.90537013E-01  1.98834997E-02
 7.54910276E-01  1.71541265E-01
 6.56377445E-01  2.08288555E-01
 5.61497926E-01  9.51140998E-02
 5.19223554E-01 -7.43086522E-02
 6.07841764E-01 -1.02441015E-01
 8.04444072E-01 -1.67514416E-02
 9.80712206E-01  2.42319691E-02
 1.06922835E+00  2.93970108E-02
 1.04716810E+00  1.79561820E-02
 9.63776785E-01 -6.85194190E-02
 9.42129394E-01 -2.04043249E-01
 9.66397300E-01 -2.56117526E-01
 9.42561444E-01 -1.22812500E-01
 9.09039483E-01  6.84811623E-02
 9.18405667E-01  9.98432757E-02
 9.38483015E-01  3.66203040E-02
 9.53907059E-01  4.70000968E-02
 9.80661427E-01  7.02092770E-02
 1.01742738E+00  3.12541834E-02
 1.04683281E+00  4.00992262E-03
 1.05586771E+00  3.17829825E-02
 1.05372555E+00  7.25409594E-02
 1.06042457E+00  9.25654480E-02
 1.08434293E+00  9.49150064E-02
 1.12684631E+00  8.62360766E-02
 1.17785713E+00  6.82665197E-02
 1.21295416E+00  5.41375321E-02
 1.21972590E+00  5.06158032E-02
 1.19895941E+00  5.06387166E-02
 1.15517329E+00  5.16787368E-02
 1.10320424E+00  5.11188676E-02
 1.05398652E+00  4.66933819E-02
 1.01080741E+00  4.27171844E-02
 9.82066888E-01  4.11859774E-02
 9.74758738E-01  4.23728193E-02
 9.94176630E-01  4.73429844E-02
 1.04436504E+00  5.43889881E-02
 1.11372009E+00  6.16730993E-02
 1.17985462E+00  6.80034736E-02
 1.22495156E+00  7.15961989E-02
 1.23717132E+00  7.14845534E-02
 1.22042905E+00  6.72144383E-02
 1.19410269E+00  5.85944068E-02
 1.16892348E+00  4.60953521E-02
 1.14719437E+00  3.09128646E-02
 1.12763966E+00  1.57652741E-02
 1.10035669E+00  4.52528295E-03
 1.06502422E+00  9.57740141E-04
 1.03176434E+00  8.13948128E-03
 1.00570613E+00  2.70329161E-02
 9.92940033E-01  5.61444995E-02
 9.96810606E-01  9.30728549E-02
 1.01327681E+00  1.33668617E-01
 1.04184595E+00  1.70778476E-01
 1.08235755E+00  1.95701268E-01
 1.12856996E+00  1.99511263E-01
 1.17097888E+00  1.74785811E-01
 1.19292381E+00  1.19596822E-01
 1.17339763E+00  3.79268300E-02
 1.10094290E+00 -6.31087555E-02
 9.78930621E-01 -1.71077729E-01
 8.32915279E-01 -2.65911731E-01
 7.05983130E-01 -3.25138506E-01
 6.29575884E-01 -3.31395785E-01
 6.13694400E-01 -2.80056421E-01
 6.37680023E-01 -1.92717620E-01
 6.55096675E-01 -1.10325120E-01
 6.45773361E-01 -6.34321679E-02
 6.27599029E-01 -6.48307792E-02
 6.56755951E-01 -9.92512021E-02
 7.87821700E-01 -1.24249946E-01
 9.24356251E-01 -1.15755338E-01
 9.17703895E-01 -7.21566836E-02
 8.60658520E-01 -3.86744602E-03
 9.23914232E-01  5.78115933E-02
 1.03272313E+00  9.67742896E-02
 1.05863592E+00  1.16102319E-01
 1.04471587E+00  1.09769068E-01
 1.03283338E+00  7.68728736E-02
 9.70584878E-01  1.69342509E-02
 8.38979324E-01 -7.34684630E-02
 6.90812580E-01 -1.70288425E-01
 5.84398901E-01 -2.33662293E-01
 5.46738822E-01 -2.37594208E-01
 5.87088575E-01 -1.71457460E-01
 6.89636186E-01 -6.03441752E-02
 8.05842723E-01  3.86066573E-02
 9.02521704E-01  8.84646371E-02
 9.71406773E-01  7.78495102E-02
 1.01684925E+00  2.16759927E-02
 1.06383996E+00 -3.25907725E-02
 1.12014604E+00 -5.84108683E-02
 1.17072637E+00 -5.55657780E-02
 1.20586782E+00 -2.66815187E-02
 1.21084093E+00  8.74840797E-03
 1.18225821E+00  4.39962433E-02
 1.13677839E+00  9.04469417E-02
 1.08469957E+00  1.41085103E-01
 1.03592188E+00  1.84402372E-01
 1.00208710E+00  2.10124047E-01
 9.85566352E-01  2.03215021E-01
 9.88175603E-01  1.71535279E-01
 1.01075008E+00  1.40262757E-01
 1.04831526E+00  1.22869696E-01
 1.09367213E+00  1.25403513E-01
 1.13523957E+00  1.40578903E-01
 1.15844092E+00  1.44829724E-01
 1.15242074E+00  1.29529121E-01
 1.11499197E+00  1.02147590E-01
 1.06210998E+00  7.64712722E-02
 1.02303876E+00  7.71953808E-02
 1.01857165E+00  1.15540956E-01
 1.05492643E+00  1.81035857E-01
 1.11455208E+00  2.51347251E-01
 1.15820690E+00  2.91289404E-01
 1.16186948E+00  2.77373264E-01
 1.12113243E+00  2.10132526E-01
 1.04624357E+00  1.11143327E-01
 9.68113015E-01  2.21980378E-02
 9.05233281E-01 -2.79403985E-02
 8.59959744E-01 -3.43812963E-02
 8.39156341E-01 -1.12445745E-02
 8.42573067E-01  5.76555072E-03
 8.72673265E-01 -3.26237442E-03
 9.36766049E-01 -3.48318975E-02
 1.01986640E+00 -7.84115717E-02
 1.09434213E+00 -1.09096250E-01
 1.13784320E+00 -1.14866328E-01
 1.13211407E+00 -1.03929281E-01
 1.08100396E+00 -8.14036226E-02
 1.01022737E+00 -5.72906439E-02
 9.37199715E-01 -3.70021371E-02
 8.74791254E-01 -1.33636944E-02
 8.37597995E-01  1.48446831E-02
 8.31199827E-01  4.68700735E-02
 8.65191371E-01  8.23591432E-02
 9.47155478E-01  1.14947634E-01
 1.05505301E+00  1.40817699E-01
 1.15062018E+00  1.58925192E-01
 1.20318861E+00  1.66867531E-01
 1.19317665E+00  1.64583285E-01
 1.13484840E+00  1.53294542E-01
 1.07253045E+00  1.34178043E-01
 1.03177716E+00  1.09813615E-01
 1.01927969E+00  8.31153611E-02
 1.02862684E+00  5.65073998E-02
 1.03150754E+00  3.26672386E-02
 1.01905412E+00  1.54482940E-02
 1.00446982E+00  9.73158423E-03
 9.94867898E-01  2.10525096E-02
 1.00291207E+00  5.38839408E-02
 1.03118571E+00  1.06941319E-01
 1.06273686E+00  1.70234757E-01
 1.08483121E+00  2.22225044E-01
 1.08450266E+00  2.34288618E-01
 1.04948200E+00  1.86625702E-01
 9.79936113E-01  7.63398855E-02
 8.82794422E-01 -7.31650625E-02
 7.70872754E-01 -2.15951366E-01
 6.59761710E-01 -3.15802898E-01
 5.62986335E-01 -3.53312460E-01
 4.93159233E-01 -3.28911384E-01
 4.59744524E-01 -2.67920863E-01
 4.71014252E-01 -1.86940662E-01
 5.30013878E-01 -9.47794519E-02
 6.22106429E-01 -1.44615080E-02
 7.21330538E-01  3.53160137E-02
 8.05238305E-01  4.35490081E-02
 8.59711126E-01  1.71254572E-02
 8.93440296E-01  2.61767672E-02
 9.34371946E-01  1.36974268E-01
 9.96279034E-01  2.50489452E-01
 1.07704952E+00  2.11722091E-01
 1.16051577E+00  7.84762131E-02
 1.21297582E+00 -1.37784419E-03
 1.21817553E+00 -9.04856595E-03
 1.18174419E+00  4.52807977E-02
 1.11541566E+00  1.25598607E-01
 1.04385448E+00  1.28144149E-01
 9.81613213E-01  6.70787869E-02
 9.24018396E-01  3.81746681E-02
 8.62635955E-01  2.72989741E-02
 7.83925873E-01  7.12778015E-03
 6.89983024E-01  2.50543437E-02
 6.12125281E-01  1.00549112E-01
 6.06378248E-01  1.88144390E-01
 7.01450269E-01  2.34242520E-01
 7.65713028E-01  2.18399007E-01
 6.29634646E-01  1.42568327E-01
 4.21721536E-01  2.96030311E-02
 3.82163934E-01 -6.89151579E-02
 4.43988433E-01 -1.18813584E-01
 4.57427552E-01 -1.16482377E-01
 4.87949465E-01 -7.56144624E-02
 5.93715145E-01 -3.32528293E-02
 7.09855265E-01 -1.04071515E-02
 8.03316578E-01 -2.25823818E-03
 8.90281914E-01 -7.15504500E-04
 9.70107077E-01  1.44144137E-02
 1.02345089E+00  5.06038587E-02
 1.03903393E+00  9.40814576E-02
 1.03295923E+00  1.36622615E-01
 1.03254384E+00  1.67815350E-01
 1.05511199E+00  1.80947003E-01
 1.10815261E+00  1.82368565E-01
 1.17130281E+00  1.73813519E-01
 1.19964256E+00  1.55078070E-01
 1.16859674E+00  1.27656893E-01
 1.07737992E+00  8.74914998E-02
 9.47423498E-01  3.03810244E-02
 8.24696875E-01 -4.51894853E-02
 7.29145931E-01 -1.36662973E-01
 6.43694636E-01 -2.31910216E-01
 5.26185521E-01 -3.06413587E-01
 3.41792595E-01 -3.30104087E-01
 1.88438788E-01 -2.85781513E-01
 2.25871352E-01 -1.78793570E-01
 4.40160153E-01 -4.75475754E-02
 7.07807146E-01  4.69271794E-02
 9.10800287E-01  7.07545829E-02
 9.30723342E-01  3.53206205E-02
 8.55418926E-01  1.32951335E-02
 9.05410498E-01  8.38488123E-02
 1.01492944E+00  1.48902970E-01
 1.00845422E+00  5.10375887E-02
 9.61056550E-01 -8.97671856E-02
 9.69512063E-01 -7.09410865E-02
 9.86355108E-01  2.15121287E-02
 9.87020552E-01  3.65577504E-02
 9.78925036E-01  2.20869564E-02
 9.32178201E-01  2.62320174E-02
 8.26848508E-01 -1.51970096E-02
 6.92425533E-01 -1.18400533E-01
 6.34166963E-01 -1.83926054E-01
 7.51870707E-01 -1.25683114E-01
 9.21686414E-01 -2.68813394E-02
 9.36835495E-01 -1.94255093E-02
 8.85663063E-01 -3.77132164E-02
 9.39041265E-01  2.82823810E-02
 9.57351591E-01  7.79164358E-02
 7.81765494E-01 -8.87772981E-03
 5.96011818E-01 -1.43559351E-01
 6.17085080E-01 -1.99800479E-01
 7.30746866E-01 -1.83469080E-01
 7.39739719E-01 -1.27864284E-01
 6.50023403E-01 -5.58685616E-02
 5.16323770E-01 -3.78140377E-02
 4.12167738E-01 -1.13282354E-01
 4.80733783E-01 -2.42041371E-01
 6.81285662E-01 -3.13191880E-01
 8.32726302E-01 -2.10746689E-01
 9.08425455E-01 -3.19993273E-02
 9.39657685E-01  1.93671637E-02
 9.43767006E-01 -8.50881276E-03
 9.97567226E-01  2.53826748E-02
 1.07784815E+00  9.15530380E-02
 1.08207656E+00  1.50740792E-01
 1.04271475E+00  1.93989990E-01
 1.02860217E+00  1.63776319E-01
 1.01481673E+00  8.80888180E-02
 9.83651633E-01  5.73461797E-02
 9.59462355E-01  5.03682242E-02
 9.48918326E-01  1.55695360E-02
 9.44110660E-01 -1.09877767E-02
 9.43900155E-01  4.65459557E-03
 9.51089785E-01  3.81071498E-02
 9.67515891E-01  6.61040181E-02
 9.91089186E-01  8.40127026E-02
 1.01938704E+00  8.36811717E-02
 1.05435710E+00  6.65014469E-02
 1.09862402E+00  4.94416565E-02
 1.15204744E+00  4.09016795E-02
 1.21130093E+00  4.16692191E-02
 1.26524613E+00  5.32396484E-02
 1.29740742E+00  7.11766044E-02
 1.29797819E+00  9.47350058E-02
 1.26591182E+00  1.26673306E-01
 1.21080563E+00  1.57859384E-01
 1.15216778E+00  1.74459308E-01
 1.10230261E+00  1.67427517E-01
 1.06162239E+00  1.32588588E-01
 1.01836676E+00  8.26725549E-02
 9.49393720E-01  4.31817093E-02
 8.43980218E-01  2.70599416E-02
 7.10279029E-01  3.14920005E-02
 5.72988338E-01  3.35444835E-02
 4.73137252E-01 -5.18846342E-03
 4.37786355E-01 -9.56369423E-02
 4.71174420E-01 -2.07997732E-01
 5.59769874E-01 -2.66790451E-01
 6.68932904E-01 -1.96373288E-01
 7.73219882E-01 -7.06008729E-02
 8.63570037E-01 -3.57038964E-02
 9.34546321E-01 -6.65128362E-02
 9.92292988E-01 -6.38894942E-02
 1.03589253E+00 -1.58408326E-02
 1.05519472E+00  8.44557771E-02
 1.05495791E+00  2.00015320E-01
 1.04503299E+00  2.33730686E-01
 1.03510631E+00  2.15898592E-01
 1.03588828E+00  2.38433496E-01
 1.03625752E+00  2.56810784E-01
 1.00979425E+00  2.02023430E-01
 9.44307699E-01  1.03736807E-01
 8.41171218E-01 -4.97304667E-03
 7.22260998E-01 -1.23615081E-01
 6.30338321E-01 -2.30390009E-01
 5.90448900E-01 -2.95259009E-01
 6.05360619E-01 -3.08237062E-01
 6.62586608E-01 -2.79777690E-01
 7.28722394E-01 -2.34354585E-01
 7.82711252E-01 -1.90164695E-01
 8.23621642E-01 -1.55684542E-01
 8.56042830E-01 -1.30254009E-01
 8.96878742E-01 -1.00394772E-01
 9.52379324E-01 -6.26457305E-02
 1.01135936E+00 -2.35833897E-02
 1.06433280E+00  1.70609508E-02
 1.09729967E+00  5.78286836E-02
 1.10156870E+00  9.99652309E-02
 1.08015257E+00  1.48734717E-01
 1.03108198E+00  1.93346314E-01
 9.52915188E-01  2.14197965E-01
 8.49440597E-01  2.00934372E-01
 7.26241833E-01  1.51169515E-01
 6.01852649E-01  8.02173175E-02
 5.03673042E-01  1.97262456E-02
 4.50813262E-01 -1.11850160E-02
 4.51183664E-01 -8.70807942E-03
 4.92499399E-01  1.69597637E-02
 5.43264835E-01  3.84476823E-02
 5.79132595E-01  3.98605080E-02
 5.86554797E-01  2.20974066E-02
 5.63153210E-01 -6.72507941E-03
 5.22638770E-01 -2.66260347E-02
 4.70542238E-01 -2.89369971E-02
 4.05184953E-01 -2.24081812E-02
 3.35618263E-01 -1.89582865E-02
 2.71610133E-01 -3.74237054E-02
 2.26846866E-01 -8.70745819E-02
 2.18129734E-01 -1.59143331E-01
 2.40970056E-01 -2.37567020E-01
 2.76450190E-01 -2.97275811E-01
 3.12285253E-01 -3.18019747E-01
 3.39167838E-01 -2.93114160E-01
 3.57938621E-01 -2.24230450E-01
 3.81702803E-01 -1.24501466E-01
 4.10572240E-01 -7.59312663E-03
 4.33891811E-01  1.14139544E-01
 4.42030464E-01  2.18064103E-01
 4.20977873E-01  2.79579162E-01
 3.66567491E-01  2.77938407E-01
 2.90426622E-01  2.02236906E-01
 2.10002177E-01  7.44360509E-02
 1.49068641E-01 -5.91461460E-02
 1.25893564E-01 -1.62013926E-01
 1.42469675E-01 -2.12274161E-01
 1.82352840E-01 -2.16241698E-01
 2.14218839E-01 -2.09452481E-01
 2.16622845E-01 -2.08261868E-01
 1.86575076E-01 -2.09787646E-01
 1.41943717E-01 -2.08112502E-01
 1.20608192E-01 -1.83116347E-01
 1.43979260E-01 -1.32316793E-01
 2.10531784E-01 -7.46425953E-02
 3.04877003E-01 -1.88414930E-02
 3.92508498E-01  2.61765068E-02
 4.52595924E-01  5.60290475E-02
 4.85092481E-01  8.21657103E-02
 4.92011409E-01  1.14659336E-01
 4.85913579E-01  1.58598437E-01
 4.72768747E-01  2.07094557E-01
 4.45508512E-01  2.23538894E-01
 4.05365644E-01  1.30804489E-01
 3.55418410E-01 -1.16931973E-01
 3.01636889E-01 -3.70680496E-01
 2.58419573E-01 -4.13780069E-01
 2.33256133E-01 -3.08053919E-01
 2.28579652E-01 -2.43712940E-01
 2.49354432E-01 -2.22096793E-01
 2.97650516E-01 -2.04536758E-01
 3.75606508E-01 -1.79588530E-01
 4.85487023E-01 -7.27810200E-02
 6.20267428E-01  8.07938138E-02
 7.63496293E-01  1.59818820E-01
 8.89900860E-01  1.88789537E-01
 9.68014724E-01  2.34648081E-01
 9.75364788E-01  2.66079264E-01
 9.07493955E-01  2.60719987E-01
 7.86600313E-01  2.41280818E-01
 6.56951886E-01  2.12990762E-01
 5.52838298E-01  1.73999667E-01
 4.89092325E-01  1.33087828E-01
 4.53817048E-01  9.42721322E-02
 4.08628118E-01  5.66411124E-02
 3.35082748E-01  1.98723658E-02
 2.39728314E-01 -1.65611291E-02
 1.41357697E-01 -4.86707731E-02
 7.79858736E-02 -6.91526153E-02
 6.63005266E-02 -7.65684291E-02
 9.35829196E-02 -7.36121217E-02
 1.42959244E-01 -6.39610474E-02
 1.85209422E-01 -5.42972073E-02
 2.02592217E-01 -4.90127522E-02
 2.02802903E-01 -4.82228418E-02
 2.01183792E-01 -5.07422960E-02
 2.23515081E-01 -5.25131332E-02
 2.87387516E-01 -4.83904311E-02
 3.88976278E-01 -3.36560155E-02
 5.11157520E-01 -2.07132084E-03
 6.23431797E-01  4.95704055E-02
 7.05296995E-01  1.14317543E-01
 7.55070259E-01  1.68752869E-01
 7.80951361E-01  1.61542930E-01
 8.04149952E-01  6.45571033E-02
 8.36852245E-01 -9.00863526E-03
 8.76291296E-01  8.28649855E-02
 9.19419831E-01  2.24120579E-01
 9.57037166E-01  2.07597866E-01
 9.85065707E-01  1.06693076E-01
 1.00915160E+00  8.21888372E-02
 1.02813909E+00  1.16916744E-01
 1.03943353E+00  1.71350946E-01
 1.04149797E+00  2.00791447E-01
 1.03060883E+00  1.08047455E-01
 1.01298417E+00 -3.59309660E-02
 1.00155045E+00 -6.53943730E-02
 1.00212891E+00 -2.77187188E-02
 1.01377365E+00 -3.96271258E-02
 1.02326894E+00 -6.65500504E-02
 1.00848060E+00 -7.36554445E-02
 9.63980106E-01 -1.02714370E-01
 9.08121811E-01 -1.47549975E-01
 8.88293432E-01 -1.17378011E-01
 9.42271157E-01  5.02010401E-02
 9.84899555E-01  2.31885653E-01
 8.96488838E-01  2.45098324E-01
 7.65882703E-01  1.46823609E-01
 7.51865607E-01  9.56328095E-02
 7.92944876E-01  9.40496009E-02
 7.71159682E-01  1.17422223E-01
 7.22120267E-01  1.56144955E-01
 6.83706966E-01  1.42933973E-01
 6.17756331E-01  1.01681481E-01
 5.32829891E-01  1.23061621E-01
 5.22654595E-01  1.73438795E-01
 6.54870873E-01  1.85097468E-01
 8.22136068E-01  1.75950611E-01
 8.62337336E-01  1.65234551E-01
 8.37442022E-01  1.49129383E-01
 8.72188555E-01  1.45423652E-01
 8.49325888E-01  1.63427472E-01
 6.29819863E-01  1.78012160E-01
 3.32186999E-01  1.27394598E-01
 1.30045198E-01 -3.40923979E-02
 4.96597212E-02 -1.98053540E-01
 8.79789328E-02 -1.97656870E-01
 2.38008765E-01 -7.74441482E-02
 4.15969788E-01  1.69447424E-02
 5.56148248E-01  5.58156303E-02
 6.46938212E-01  3.40330596E-02
 6.94662943E-01 -1.35747594E-02
 7.38477271E-01  2.15248804E-02
 7.88253448E-01  1.10281365E-01
 8.17515405E-01  1.41663618E-01
 8.25558048E-01  1.44461728E-01
 8.13117417E-01  1.70867452E-01
 7.89855234E-01  1.83638203E-01
 7.87531564E-01  1.62568136E-01
 8.07480631E-01  1.29344914E-01
 8.31132153E-01  9.29854778E-02
 8.53234838E-01  5.13791811E-02
 8.66446064E-01  8.62081542E-03
 8.72079095E-01 -2.44557888E-02
 8.86282239E-01 -3.72980795E-02
 9.10205877E-01 -2.40429083E-02
 9.35830680E-01  1.60279759E-02
 9.61521855E-01  7.18847185E-02
 9.82222365E-01  1.23667977E-01
 9.96016338E-01  1.59031863E-01
 1.00826124E+00  1.78141634E-01
 1.01933649E+00  2.00574035E-01
 1.02755094E+00  2.57007411E-01
 1.03303473E+00  3.48470143E-01
 1.03248374E+00  4.31715478E-01
 1.02011958E+00  4.06904908E-01
 9.90344547E-01  1.83459378E-01
 9.39286708E-01 -1.27875677E-01
 8.67830813E-01 -3.11429934E-01
 7.85218136E-01 -3.45972185E-01
 7.06980147E-01 -3.09786959E-01
 6.46158012E-01 -2.39897635E-01
 6.11646007E-01 -2.17695900E-01
 6.07063836E-01 -2.55569155E-01
 6.29050441E-01 -2.59163428E-01
 6.75897058E-01 -1.96457692E-01
 7.46783333E-01 -7.89739745E-02
 8.35198521E-01  3.20243215E-02
 9.30574023E-01  2.67760573E-02
 1.01304658E+00 -4.32075798E-02
 1.05103156E+00 -4.29687458E-02
 1.00667970E+00 -1.32635726E-02
 8.75526660E-01 -3.41210486E-02
 7.71545865E-01 -5.28651125E-02
 8.30408211E-01 -2.25134472E-02
 9.56305025E-01  2.24956510E-02
 9.61634777E-01  5.39890676E-02
 9.03209162E-01  7.00488911E-02
 9.09505195E-01  6.31581603E-02
 9.35390351E-01  3.76604204E-02
 9.37057939E-01  1.68974285E-02
 9.57923008E-01  1.08318789E-02
 1.00238710E+00  1.62804134E-02
 1.02837166E+00  2.69490335E-02
 1.00431797E+00  2.73765065E-02
 9.24385169E-01  1.14679943E-02
 8.03634980E-01 -1.29082403E-02
 6.79224989E-01 -3.70767619E-02
 6.05858593E-01 -4.86327938E-02
 6.11611485E-01 -4.30377108E-02
 6.73235505E-01 -3.25038940E-02
 7.01614483E-01 -4.10511126E-02
 6.01112407E-01 -9.70856282E-02
 4.53397930E-01 -2.04589702E-01
 4.14717633E-01 -3.24794810E-01
 4.08165573E-01 -3.63165839E-01
 2.99205947E-01 -2.38482444E-01
 2.10740827E-01 -6.78203254E-02
 2.97047230E-01 -3.94760794E-02
 4.76777410E-01 -5.50574855E-02
 6.29193647E-01  6.85749948E-02
 7.72770989E-01  1.97318618E-01
 9.27400409E-01  1.46118407E-01
 1.05036578E+00  1.97564888E-02
 1.12567968E+00 -3.34536750E-02
 1.15105318E+00 -3.52475607E-02
 1.11104481E+00 -1.43838880E-02
 1.02325147E+00  4.01957906E-02
 9.30464105E-01  8.70512288E-02
 8.66768448E-01  8.94845096E-02
 8.56809582E-01  5.49904347E-02
 8.90858967E-01  3.65709331E-03
 9.27180571E-01 -2.83227147E-02
 9.46198607E-01 -2.21759903E-02
 9.49219187E-01  1.28481216E-02
 9.50860377E-01  6.74679121E-02
 9.86432101E-01  1.21535615E-01
 1.06234431E+00  1.58443123E-01
 1.14874212E+00  1.75017527E-01
 1.20420371E+00  1.56437453E-01
 1.17440426E+00  8.98583575E-02
 1.03991748E+00 -1.78825711E-02
 8.44458757E-01 -1.35603509E-01
 6.93484987E-01 -1.77146112E-01
 6.90267406E-01 -6.99856760E-02
 7.44119352E-01  7.18416431E-02
 6.77013942E-01  6.66047195E-02
 5.62643287E-01 -2.48649548E-02
 5.69325783E-01 -4.45268321E-02
 6.73460083E-01 -1.50033450E-02
 8.12102547E-01  9.00723792E-03
 9.43784087E-01  2.67190868E-02
 9.69912774E-01 -2.39291735E-03
 8.86384021E-01 -5.52418154E-02
 7.96896978E-01 -4.75341696E-02
 7.74877395E-01 -4.63644302E-03
 8.64076086E-01  8.56066993E-03
 9.87595391E-01  1.22676767E-02
 9.95245822E-01  3.15030870E-02
 9.74653760E-01  5.19143454E-02
 1.09678389E+00  7.32010918E-02
 1.23439966E+00  1.01833678E-01
 1.20214292E+00  1.29055126E-01
 1.08819584E+00  1.44266098E-01
 1.02395184E+00  1.38510498E-01
 9.74017524E-01  1.06985208E-01
 9.05241220E-01  5.49621041E-02
 8.58976143E-01 -1.77638057E-03
 8.46342677E-01 -4.01825558E-02
 8.59950278E-01 -4.34512892E-02
 9.06068572E-01 -8.35249148E-03
 9.59055807E-01  4.94493289E-02
 9.71982418E-01  9.82751308E-02
 9.21424687E-01  1.16964005E-01
 8.15173143E-01  1.00784291E-01
 7.22764027E-01  6.12345158E-02
 7.31343878E-01  2.77594537E-02
 7.91329347E-01  1.63552579E-02
 7.96557152E-01  2.48146613E-02
 8.06695236E-01  4.47272239E-02
 9.13870047E-01  5.54124517E-02
 1.02581804E+00  4.69761146E-02
 1.02774391E+00  2.60775797E-02
 9.66176505E-01 -2.12952435E-03
 9.15784813E-01 -2.72842330E-02
 8.58984799E-01 -4.22618369E-02
 7.92367185E-01 -4.92603603E-02
 7.91487495E-01 -4.45365072E-02
 8.96567189E-01 -2.35381902E-02
 1.00070790E+00  1.41491373E-02
 9.76884243E-01  6.71866577E-02
 9.15882361E-01  1.21319811E-01
 9.75520544E-01  1.52995645E-01
 1.06893616E+00  1.46042706E-01
 1.05070835E+00  9.40951290E-02
 9.82920691E-01  8.58413354E-03
 9.50975031E-01 -8.19459188E-02
 9.18997981E-01 -1.56988612E-01
 8.61894131E-01 -2.06849316E-01
 7.95000430E-01 -2.31068946E-01
 7.07218323E-01 -2.42949206E-01
 5.88495975E-01 -2.47157565E-01
 4.55990919E-01 -2.39162888E-01
 3.42450375E-01 -2.20873311E-01
 2.90423625E-01 -1.92725997E-01
 3.26624218E-01 -1.59535059E-01
 4.49722616E-01 -1.32072985E-01
 6.27341919E-01 -1.08267547E-01
 7.98970049E-01 -7.87567982E-02
 9.19411388E-01 -3.90426456E-02
 9.72880761E-01  1.39745966E-02
 9.74531235E-01  7.46873316E-02
 9.72712025E-01  1.28183698E-01
 9.95167830E-01  1.66851797E-01
 1.04110966E+00  1.88721832E-01
 1.10066222E+00  1.92519456E-01
 1.14353967E+00  1.82455819E-01
 1.15840807E+00  1.60403322E-01
 1.15908204E+00  1.25257256E-01
 1.14747403E+00  8.22167564E-02
 1.12834961E+00  3.89254072E-02
 1.10466739E+00  3.19888112E-03
 1.06944023E+00 -1.56928264E-02
 1.03692610E+00 -1.36174085E-02
 1.03270347E+00  7.94679070E-03
 1.06745516E+00  4.63547841E-02
 1.13974482E+00  9.43688478E-02
 1.22012921E+00  1.37738628E-01
 1.25546763E+00  1.59970597E-01
 1.21478729E+00  1.47649815E-01
 1.09745736E+00  9.63140737E-02
 9.39970636E-01  2.14278190E-02
 8.14749305E-01 -4.65432265E-02
 7.68126554E-01 -8.43822519E-02
 8.06060746E-01 -8.03868211E-02
 8.97825833E-01 -4.03453200E-02
 9.74024762E-01  1.12735396E-02
 1.00086764E+00  6.08787762E-02
 9.97687690E-01  1.06498345E-01
 1.01879529E+00  1.46143811E-01
 1.12292779E+00  1.85579785E-01
 1.22194210E+00  2.21221663E-01
 1.16603154E+00  2.38530381E-01
 1.03371856E+00  2.33574476E-01
 9.77615030E-01  2.06549526E-01
 9.29087027E-01  1.60649885E-01
 7.86499486E-01  1.08744969E-01
 6.20873925E-01  6.25779197E-02
 5.09453809E-01  3.14848216E-02
 4.30513624E-01  2.54932258E-02
 3.69085263E-01  4.65151224E-02
 3.43651900E-01  8.18688237E-02
 3.50759963E-01  1.09998562E-01
 3.72694251E-01  1.12877036E-01
 4.02445495E-01  8.10141144E-02
 4.42839419E-01  2.15963734E-02
 5.00123177E-01 -4.21324693E-02
 5.71646819E-01 -9.33735377E-02
 6.47491665E-01 -1.21019384E-01
 7.16590109E-01 -1.11622631E-01
 7.64448515E-01 -6.11364036E-02
 7.84808941E-01  2.68921401E-02
 7.83598609E-01  1.32461488E-01
 7.71740797E-01  1.89256646E-01
 7.64451292E-01  1.40012664E-01
 7.69068579E-01  6.04989485E-02
 7.74710753E-01  6.74883762E-02
 7.47835038E-01  9.04017082E-02
 6.70266068E-01  7.25141719E-03
 6.35623106E-01 -8.76504429E-02
 7.58708258E-01 -6.06075254E-02
 9.36809446E-01  2.39456429E-02
 9.86262639E-01  6.91386178E-02
 9.45886856E-01  9.61138589E-02
 9.23932725E-01  1.26665880E-01
 8.95326600E-01  1.42730413E-01
 8.49883655E-01  1.54974030E-01
 8.42384965E-01  1.74459291E-01
 8.68333109E-01  1.88065404E-01
 8.33039875E-01  1.86819665E-01
 6.66324989E-01  1.62926437E-01
 5.12522956E-01  1.13810461E-01
 5.74927121E-01  4.93969387E-02
 7.29776966E-01 -2.17515935E-02
 7.44308533E-01 -9.03057001E-02
 7.07103336E-01 -1.44938648E-01
 7.55455539E-01 -1.79632730E-01
 7.41335636E-01 -1.91238027E-01
 5.44718758E-01 -1.79119487E-01
 3.82297571E-01 -1.44978986E-01
 4.88612638E-01 -9.17916866E-02
 6.91738359E-01 -2.62385349E-02
 7.14830483E-01  4.22248287E-02
 6.64316030E-01  1.02153450E-01
 7.30644596E-01  1.42024099E-01
 8.22121603E-01  1.56848461E-01
 8.42056631E-01  1.47695430E-01
 8.50373449E-01  1.16779865E-01
 8.77040669E-01  6.98571611E-02
 9.05205908E-01  1.69564142E-02
 9.50199458E-01 -3.07811612E-02
 1.02632283E+00 -6.09852904E-02
 1.10930336E+00 -6.48917194E-02
 1.12016098E+00 -4.77004320E-02
 9.94843736E-01 -2.44077725E-02
 8.53421229E-01 -6.11314742E-03
 8.72249166E-01  1.21704465E-03
 9.51180164E-01  1.61184648E-03
 9.04124534E-01  9.38066576E-03
 8.39859091E-01  2.91459579E-02
 9.18450436E-01  5.61595289E-02
 1.03663941E+00  8.43891976E-02
 1.05983749E+00  1.01817943E-01
 1.01443619E+00  1.02308415E-01
 9.41909130E-01  8.84092646E-02
 8.70015874E-01  5.99516590E-02
 8.54208810E-01  1.92959664E-02
 8.35692733E-01 -2.77204337E-02
 7.03350619E-01 -7.40255275E-02
 5.59860181E-01 -1.02421978E-01
 5.75449733E-01 -9.30526704E-02
 6.90248053E-01 -4.25977573E-02
 7.75981595E-01  2.76802953E-02
 8.27333267E-01  5.62418930E-02
 8.48360181E-01 -7.20106213E-03
 8.62982021E-01 -6.61921333E-02
 9.47320516E-01  1.73667853E-02
 1.05145832E+00  1.44821937E-01
 1.06519397E+00  1.41420880E-01
 1.05466974E+00  8.77956219E-02
 1.12566392E+00  1.22210306E-01
 1.21377286E+00  1.81217306E-01
 1.22680840E+00  1.88152436E-01
 1.18263284E+00  1.85394232E-01
 1.10855144E+00  1.99630022E-01
 1.00249703E+00  2.06182114E-01
 8.92016482E-01  1.98808801E-01
 8.04826977E-01  1.85515891E-01
 7.39770245E-01  1.64463276E-01
 6.83445322E-01  1.33583340E-01
 6.11632732E-01  9.52708102E-02
 5.11534926E-01  5.18225003E-02
 3.91581197E-01  5.93228985E-03
 2.72645971E-01 -3.83582592E-02
 1.90044329E-01 -7.68930086E-02
 1.68093220E-01 -1.06309004E-01
 2.11561736E-01 -1.25401001E-01
 3.17177884E-01 -1.37675890E-01
 4.63997803E-01 -1.49307821E-01
 6.22758405E-01 -1.62652701E-01
 7.54306065E-01 -1.73937006E-01
 7.83870026E-01 -1.69861966E-01
 6.73183881E-01 -1.31212550E-01
 5.65115634E-01 -5.01120193E-02
 6.41774058E-01  6.39394828E-02
 7.80555661E-01  1.78853940E-01
 7.52395111E-01  2.47536731E-01
 6.65292097E-01  2.47561403E-01
 7.08067967E-01  1.96521572E-01
 7.84570391E-01  1.63806316E-01
 7.71147224E-01  2.19273450E-01
 7.09213218E-01  2.72136488E-01
 6.32526653E-01  1.61804427E-01
 5.46480536E-01 -7.06892314E-02
 5.08408292E-01 -2.75023314E-01
 5.64001358E-01 -3.44270125E-01
 7.07183857E-01 -1.89513306E-01
 8.81504681E-01  6.88388679E-02
 9.91703201E-01  1.67107237E-01
 9.86419323E-01  1.36952228E-01
 8.80960110E-01  1.55783597E-01
 7.58913815E-01  2.08486412E-01
 7.29830555E-01  2.65769030E-01
 7.31460058E-01  3.13274633E-01
 6.29641584E-01  2.60794625E-01
 5.46452873E-01  1.48175888E-01
 6.42158652E-01  9.51662325E-02
 7.24128508E-01  5.10292469E-02
 5.55037954E-01 -6.89137448E-02
 3.09906807E-01 -1.97025958E-01
 2.62118489E-01 -2.52690598E-01
 3.36539434E-01 -2.53761719E-01
 3.83954898E-01 -2.24438055E-01
 4.50221950E-01 -1.57898552E-01
 5.49537029E-01 -6.98965688E-02
 6.06152190E-01  1.00056018E-02
 6.06027458E-01  6.84924501E-02
 5.93549240E-01  1.06605547E-01
 6.15880613E-01  1.34114724E-01
 6.91566193E-01  1.55414987E-01
 8.12307439E-01  1.70412351E-01
 9.54759322E-01  1.83443863E-01
 1.07284987E+00  1.96812737E-01
 1.13709759E+00  2.16617908E-01
 1.14876865E+00  2.50049595E-01
 1.11891670E+00  2.84492700E-01
 1.07565718E+00  2.96291647E-01
 1.03783677E+00  2.71068472E-01
 1.00510237E+00  2.04303960E-01
 9.81871010E-01  1.13892390E-01
 9.68208878E-01  3.77838346E-02
 9.67397215E-01 -2.05165246E-03
 9.90980455E-01 -2.34916453E-03
 1.03376547E+00  2.45154030E-02
 1.08036872E+00  4.61289446E-02
 1.11739834E+00  4.46548730E-02
 1.12963732E+00  2.30929884E-02
 1.11465491E+00 -8.38451252E-03
 1.08400508E+00 -2.57616369E-02
 1.04511760E+00 -1.58114836E-02
 1.00764438E+00  1.66144686E-02
 9.90405558E-01  6.64448071E-02
 1.00796392E+00  1.21684768E-01
 1.06202656E+00  1.74513259E-01
 1.12827790E+00  2.27261091E-01
 1.12717086E+00  2.75315512E-01
 9.80605838E-01  3.10920244E-01
 7.52629112E-01  3.22557113E-01
 5.79794582E-01  2.89018744E-01
 4.76415894E-01  1.88625541E-01
 4.12597952E-01  3.83326227E-02
 4.22347291E-01 -2.77472664E-02
 5.12536290E-01  1.18307648E-01
 6.57960370E-01  2.89353455E-01
 8.32418130E-01  2.01949494E-01
 9.39766200E-01  1.28691273E-02
 8.76104252E-01  1.10544002E-02
 6.96233985E-01  4.16655877E-02
 5.33335258E-01 -1.19335641E-01
 4.09929677E-01 -3.16910556E-01
 3.09374173E-01 -3.72837316E-01
 2.47917034E-01 -3.69719537E-01
 2.04346489E-01 -3.92904782E-01
 1.71950485E-01 -3.82940165E-01
 1.86439454E-01 -3.00501137E-01
 2.58439598E-01 -1.89983736E-01
 3.88118081E-01 -8.86327678E-02
 5.65167983E-01 -1.19467963E-02
 7.50364983E-01  1.80191164E-02
 9.12299530E-01  4.26031440E-03
 1.02937752E+00 -2.11178378E-02
 1.08289178E+00 -3.95631989E-02
 1.08348365E+00 -4.29620315E-02
 1.08363338E+00 -2.73295245E-02
 1.12886191E+00 -3.05221016E-03
 1.15630191E+00  3.04770763E-02
 1.07134939E+00  8.23511997E-02
 9.55216672E-01  1.42798882E-01
 9.42791316E-01  1.96276678E-01
 9.74175646E-01  2.29067714E-01
 9.45504790E-01  2.27850533E-01
 9.06688702E-01  2.03127550E-01
 9.17747640E-01  1.83425868E-01
 9.40775279E-01  1.83337069E-01
 9.47609342E-01  2.05479256E-01
 9.61116202E-01  2.37707321E-01
 9.94819786E-01  2.49899243E-01
 1.04272741E+00  2.27880519E-01
 1.09953164E+00  1.76507394E-01
 1.14869215E+00  1.07717887E-01
 1.16104395E+00  4.71133385E-02
 1.12170787E+00  1.07009733E-02
 1.03495166E+00 -2.28721095E-03
 9.24707898E-01  5.23261903E-03
 8.34378324E-01  2.21716192E-02
 7.96215560E-01  4.07714441E-02
 8.21942658E-01  6.21401015E-02
 9.03027188E-01  8.18644125E-02
 1.00657950E+00  9.51571102E-02
 1.10672637E+00  9.71463289E-02
 1.18777185E+00  8.09016827E-02
 1.22802783E+00  5.10776853E-02
 1.21602767E+00  2.05093692E-02
 1.14862343E+00 -1.67240440E-03
 1.04124337E+00 -9.01593725E-03
 9.70779191E-01 -4.42186856E-03
 1.00761736E+00 -5.05661333E-04
 1.06123340E+00 -2.92648515E-03
 9.94096321E-01 -1.12044286E-02
 8.98125274E-01 -2.29796121E-02
 9.28733498E-01 -2.97892594E-02
 9.83183549E-01 -2.71620525E-02
 9.14523433E-01 -1.50872184E-02
 8.17564598E-01  1.23084060E-02
 8.23289681E-01  5.88605238E-02
 9.04478911E-01  1.18182900E-01
 1.00939985E+00  1.70032247E-01
 1.10191285E+00  1.65417797E-01
 1.11845119E+00  7.02315260E-02
 1.10256600E+00 -2.91652727E-02
 1.15666747E+00 -1.30170076E-02
 1.19741403E+00  4.82196217E-02
 1.08864635E+00  2.14586969E-02
 9.05813970E-01 -2.00373670E-02
 7.86947067E-01  3.94082714E-02
 7.62701274E-01  1.37351868E-01
 8.32187242E-01  1.90854047E-01
 9.04913957E-01  2.17402619E-01
 8.34177158E-01  2.28424324E-01
 7.29306731E-01  2.08672930E-01
 8.08929116E-01  1.72440269E-01
 9.73165543E-01  1.37678936E-01
 1.03049370E+00  1.06579721E-01
 1.04195368E+00  7.90808865E-02
 1.08780535E+00  5.10696191E-02
 1.10329100E+00  2.56141324E-02
 1.05844532E+00  1.31593384E-02
 1.00729341E+00  1.55283624E-02
 9.91262384E-01  3.12429866E-02
 1.01816503E+00  5.64449891E-02
 1.07824985E+00  8.02501540E-02
 1.11658430E+00  9.37780244E-02
 1.06874472E+00  9.10772943E-02
 9.93833177E-01  6.59739734E-02
 9.98369743E-01  1.91751830E-02
 1.01944359E+00 -3.62411475E-02
 9.50207073E-01 -8.01161736E-02
 8.66304212E-01 -9.56976926E-02
 8.72049721E-01 -7.46153161E-02
 9.18695169E-01 -2.54587742E-02
 9.40228080E-01  2.84825507E-02
 9.64457586E-01  7.24351191E-02
 1.01566641E+00  1.01615608E-01
 1.07190360E+00  1.18089315E-01
 1.12264543E+00  1.34704836E-01
 1.16725191E+00  1.54326331E-01
 1.19307109E+00  1.68331935E-01
 1.19326725E+00  1.71100483E-01
 1.17018849E+00  1.54737271E-01
 1.12613990E+00  1.18247352E-01
 1.06817512E+00  7.31650250E-02
 1.00881352E+00  3.21403195E-02
 9.61778342E-01  9.65312398E-03
 9.41092693E-01  1.66308073E-02
 9.55718753E-01  5.16911523E-02
 9.99914950E-01  1.00760012E-01
 1.05678705E+00  1.40160755E-01
 1.11204090E+00  1.51298218E-01
 1.15486289E+00  1.27561229E-01
 1.18071103E+00  7.78466970E-02
 1.19358638E+00  2.59677707E-02
 1.19077306E+00 -1.26990417E-02
 1.16535217E+00 -3.39176467E-02
 1.11837121E+00 -3.76136030E-02
 1.05352147E+00 -3.31204218E-02
 9.80138465E-01 -2.20697195E-02
 9.15075849E-01  2.90000276E-03
 8.71011325E-01  4.07570865E-02
 8.56865873E-01  8.85034005E-02
 8.80869688E-01  1.39857665E-01
 9.42512359E-01  1.81308838E-01
 1.02773931E+00  2.05413875E-01
 1.11395038E+00  2.09734305E-01
 1.17900566E+00  1.90828296E-01
 1.20712202E+00  1.50808872E-01
 1.19927602E+00  9.86197046E-02
 1.17145683E+00  4.60670585E-02
 1.13302607E+00  5.66591794E-03
 1.08798431E+00 -1.38388419E-02
 1.04079951E+00 -1.54857288E-02
 9.90737353E-01 -1.12332072E-02
 9.46250764E-01 -8.21818320E-03
 9.23608355E-01 -8.55176582E-03
 9.28064773E-01 -9.49618976E-03
 9.59291476E-01 -1.53046607E-03
 1.01330832E+00  1.74678017E-02
 1.07622385E+00  4.21551193E-02
 1.13164710E+00  6.91514179E-02
 1.16379325E+00  9.28193285E-02
 1.15776049E+00  1.10105091E-01
 1.10998158E+00  1.23417482E-01
 1.04005138E+00  1.32278773E-01
 9.82564757E-01  1.35525392E-01
 9.63190105E-01  1.33286862E-01
 9.91397555E-01  1.23925667E-01
 1.04893888E+00  1.06753290E-01
 1.09295053E+00  8.30508790E-02
 1.09979742E+00  5.54467492E-02
 1.06985891E+00  3.00173309E-02
 1.02103271E+00  1.74732319E-02
 9.93371298E-01  2.93937029E-02
 1.00505540E+00  7.01570075E-02
 1.04362789E+00  1.31928095E-01
 1.08495602E+00  1.88282420E-01
 1.08731502E+00  2.00507809E-01
 1.02712680E+00  1.43511574E-01
 9.13873810E-01  1.60135523E-02
 7.74115758E-01 -1.48446359E-01
 6.54752266E-01 -2.86791267E-01
 5.89676479E-01 -3.55447218E-01
 5.84614472E-01 -3.41874028E-01
 6.28883610E-01 -2.67605901E-01
 6.90910591E-01 -1.90013222E-01
 7.49626475E-01 -1.40629978E-01
 8.03026307E-01 -1.15234862E-01
 8.48511729E-01 -9.19640522E-02
 8.91533439E-01 -2.46373174E-02
 9.28566666E-01  9.86857584E-02
 9.43050807E-01  2.39308248E-01
 9.33000690E-01  3.34404065E-01
 9.03219327E-01  3.25892987E-01
 8.60635142E-01  2.83517752E-01
 8.20957363E-01  3.35645782E-01
 7.92214493E-01  4.20258026E-01
 7.74354843E-01  4.14623444E-01
 7.70627858E-01  3.93211963E-01
 7.78309768E-01  4.53359784E-01
 7.82805379E-01  5.12324637E-01
 7.65886044E-01  4.65916933E-01
 7.12595320E-01  3.20724099E-01
 6.18360205E-01  1.05338211E-01
 5.04354430E-01 -1.44483429E-01
 4.08488534E-01 -3.43549871E-01
 3.49443413E-01 -4.31361260E-01
 3.19249347E-01 -4.13061054E-01
 2.74434010E-01 -3.63730621E-01
 1.70850493E-01 -3.78591584E-01
 8.52529147E-02 -3.84532189E-01
 1.31858785E-01 -2.43074783E-01
 2.27160586E-01 -6.89812556E-02
 2.23479321E-01 -4.63502035E-02
 1.71998855E-01 -1.03325539E-01
 1.68746137E-01 -1.16566657E-01
 1.70696507E-01 -1.29928587E-01
 1.38988358E-01 -1.78170361E-01
 1.20085602E-01 -1.86686091E-01
 1.44676137E-01 -1.09048305E-01
 2.00758503E-01  4.91386717E-03
 2.80903720E-01  8.61354865E-02
 3.91137593E-01  1.10733801E-01
 5.27559178E-01  7.68277815E-02
 6.65627180E-01  1.05809643E-02
 7.74533459E-01 -2.16014812E-02
 8.28960819E-01  1.36121499E-02
 8.13777337E-01  1.05620937E-01
 7.44143881E-01  2.26129285E-01
 6.60813754E-01  3.17280897E-01
 5.93298177E-01  3.44249262E-01
 5.58506808E-01  3.13066345E-01
 5.60234524E-01  2.41832395E-01
 5.80842009E-01  1.70473126E-01
 6.11810298E-01  1.24205897E-01
 6.49955484E-01  9.72874032E-02
 6.69630014E-01  7.98910635E-02
 6.44427988E-01  5.05185338E-02
 5.64869559E-01 -6.67484811E-04
 4.50459914E-01 -5.99615356E-02
 3.95981726E-01 -1.15192758E-01
 4.94917733E-01 -1.49918149E-01
 6.39875929E-01 -1.53751461E-01
 6.56876032E-01 -1.32610266E-01
 6.47683407E-01 -9.12303546E-02
 7.86513513E-01 -3.69583138E-02
 9.39329468E-01  2.05781990E-02
 9.19934274E-01  7.59878404E-02
 8.16190193E-01  1.18232785E-01
 7.57240549E-01  1.34658170E-01
 7.10034365E-01  1.20361311E-01
 6.46949546E-01  8.02470804E-02
 6.11612225E-01  4.07780746E-02
 6.16694358E-01  3.98148364E-02
 6.58647073E-01  9.08182271E-02
 7.47478305E-01  1.68079519E-01
 8.61846172E-01  1.84753219E-01
 9.57206822E-01  6.60661944E-02
 1.00157536E+00 -4.59143395E-02
 9.78868720E-01  5.33546249E-02
 9.14667825E-01  2.16501887E-01
 8.70570243E-01  1.82872729E-01
 8.81201126E-01  6.47346882E-02
 9.49788984E-01  6.09773461E-02
 1.04902925E+00  9.10322125E-02
 1.11519812E+00  6.45636767E-02
 1.11522266E+00  5.42875516E-02
 1.05655454E+00  9.81557954E-02
 9.62602473E-01  1.43196183E-01
 8.85062737E-01  1.50978070E-01
 8.54909643E-01  1.25925928E-01
 8.67753560E-01  9.03713392E-02
 9.15810369E-01  1.02369251E-01
 9.75050684E-01  2.07037484E-01
 1.02917162E+00  2.71267214E-01
 1.08128038E+00  1.16798299E-01
 1.12223052E+00 -1.16507859E-01
 1.14190245E+00 -1.75492340E-01
 1.13187130E+00 -1.32428995E-01
 1.08087735E+00 -1.44055879E-01
 1.00326296E+00 -1.40004838E-01
 9.32084825E-01 -5.77501014E-02
 8.92355045E-01  3.11028515E-02
 9.02757687E-01  8.68648089E-02
 9.62114229E-01  1.30596897E-01
 1.04562219E+00  1.69560007E-01
 1.13564484E+00  1.85657759E-01
 1.21640466E+00  1.65457162E-01
 1.25921340E+00  1.17630558E-01
 1.24081523E+00  5.71130464E-02
 1.14885722E+00 -1.55268229E-03
 9.95491897E-01 -4.04029980E-02
 8.58872747E-01 -5.60122103E-02
 8.22362139E-01 -5.87362435E-02
 8.24331128E-01 -5.03841967E-02
 7.54627483E-01 -3.04484250E-02
 6.96439911E-01 -2.83332417E-03
 7.77494359E-01  3.15558702E-02
 9.01643207E-01  6.60388779E-02
 9.32282707E-01  9.03998747E-02
 9.25537368E-01  1.07783244E-01
 9.64471849E-01  1.27696771E-01
 1.00850122E+00  1.53708849E-01
 1.01952040E+00  1.85216890E-01
 1.02381985E+00  2.09805473E-01
 1.03157436E+00  2.04442049E-01
 1.03056041E+00  1.56815150E-01
 1.00793761E+00  6.62378686E-02
 9.12584803E-01 -5.91426987E-02
 7.02842509E-01 -1.73930072E-01
 4.82495576E-01 -1.61818073E-01
 3.97188967E-01  5.36501557E-02
 3.77847171E-01  2.68096985E-01
 2.87769420E-01  1.92619465E-01
 2.18577017E-01 -3.99684368E-02
 3.00846911E-01 -1.26945105E-01
 4.54797532E-01 -1.24358336E-01
 5.69549441E-01 -1.67740323E-01
 6.51399915E-01 -2.09650838E-01
 7.07771523E-01 -2.41600947E-01
 7.25198725E-01 -2.45887646E-01
 7.33195871E-01 -1.34582482E-01
 7.59681363E-01  2.50785177E-02
 8.06049845E-01  9.58172560E-02
 8.65683008E-01  1.25075670E-01
 9.18744448E-01  2.05820032E-01
 9.57505436E-01  2.88946941E-01
 9.86546679E-01  3.14693447E-01
 9.92134209E-01  3.02876767E-01
 9.57777123E-01  2.63868551E-01
 8.73875737E-01  1.90631595E-01
 7.37378807E-01  1.00901609E-01
 5.82071448E-01  1.32855937E-02
 4.67957447E-01 -6.21651530E-02
 4.34863795E-01 -1.10387383E-01
 4.98516719E-01 -1.22058532E-01
 6.36769284E-01 -1.03468680E-01
 7.87781297E-01 -6.95662221E-02
 9.09766077E-01 -3.48647229E-02
 9.86104038E-01 -1.03985295E-02
 1.01217121E+00  4.54146920E-03
 1.01014205E+00  2.15256239E-02
 9.88754942E-01  4.34771968E-02
 9.42839254E-01  6.72971268E-02
 8.94948717E-01  9.32667534E-02
 8.73484047E-01  1.18054250E-01
 9.02000587E-01  1.41107513E-01
 9.96495751E-01  1.63551037E-01
 1.11783323E+00  1.70775702E-01
 1.18859746E+00  1.43079798E-01
 1.16129994E+00  7.77470566E-02
 1.02344406E+00 -6.15971702E-03
 8.19379197E-01 -5.11953197E-02
 6.49446496E-01 -5.74295975E-03
 5.73171722E-01  5.09345653E-02
 5.98879288E-01 -1.13939874E-03
 7.00133434E-01 -8.20374664E-02
 8.00702960E-01 -5.07479368E-02
 8.58893218E-01  1.80417141E-02
 8.82224098E-01  5.44956274E-03
 8.81934745E-01 -3.22000575E-02
 8.94401704E-01 -2.35812730E-02
 9.36092107E-01 -7.89437853E-04
 9.88393492E-01  1.34032663E-02
 1.05121559E+00  3.76142996E-02
 1.12103141E+00  7.14561223E-02
 1.18309603E+00  1.04510859E-01
 1.21804717E+00  1.37526375E-01
 1.15426652E+00  1.69776681E-01
 9.45411753E-01  1.96833313E-01
 7.55521045E-01  2.12784727E-01
 7.88844464E-01  2.08891644E-01
 8.89778903E-01  1.77337568E-01
 7.79660913E-01  1.12646040E-01
 5.63238818E-01  1.34402027E-02
 4.50778075E-01 -1.12732636E-01
 3.76205469E-01 -2.45605793E-01
 2.70667558E-01 -3.56298885E-01
 2.21227812E-01 -4.19689285E-01
 2.65867163E-01 -4.20420167E-01
 3.52317602E-01 -3.60823368E-01
 4.36177884E-01 -2.61063321E-01
 5.07121315E-01 -1.39306480E-01
 5.64955108E-01 -1.22200523E-02
 6.20737870E-01  9.86840908E-02
 7.04340725E-01  1.75969093E-01
 8.22086041E-01  2.00540468E-01
 9.42030970E-01  1.58876821E-01
 1.00330157E+00  6.93477505E-02
 9.52300995E-01 -2.87569222E-02
 8.63210779E-01 -1.02004288E-01
 8.62228614E-01 -1.26188730E-01
 8.88395331E-01 -1.05207085E-01
 8.23706481E-01 -7.07005149E-02
 7.52013187E-01 -3.74947482E-02
 7.90010429E-01 -7.05404141E-03
 8.82728067E-01  1.78139105E-02
 9.54386113E-01  4.55174009E-02
 1.02295517E+00  7.13042344E-02
 1.09693273E+00  7.79117813E-02
 1.14432413E+00  6.93121406E-02
 1.15308847E+00  5.78795400E-02
 1.12410094E+00  5.29068258E-02
 1.05786555E+00  6.67255088E-02
 9.81225753E-01  9.54668462E-02
 9.37630620E-01  1.20808995E-01
 9.53304354E-01  1.36060516E-01
 1.02521809E+00  1.40748947E-01
 1.09361805E+00  1.35988150E-01
 1.08489502E+00  1.31010210E-01
 1.05221812E+00  1.27786429E-01
 1.09683831E+00  1.20432432E-01
 1.15240037E+00  1.08375406E-01
 1.11295898E+00  9.08225469E-02
 1.05046082E+00  6.78381008E-02
 1.06162472E+00  4.42637198E-02
 1.09245690E+00  2.19762570E-02
 1.07216423E+00  9.42445228E-04
 1.02831345E+00 -1.70773602E-02
 9.92361973E-01 -3.15097879E-02
 9.53561340E-01 -4.20364048E-02
 9.16557863E-01 -4.75419933E-02
 8.96456251E-01 -4.79650457E-02
 8.92564667E-01 -4.35555176E-02
 9.03955752E-01 -3.38354794E-02
 9.31778362E-01 -1.85320127E-02
 9.74024340E-01  1.70299986E-03
 1.02853259E+00  2.53143626E-02
 1.08888957E+00  4.93909008E-02
 1.14482901E+00  6.99161913E-02
 1.18648395E+00  8.34430416E-02
 1.20485454E+00  8.74778488E-02
 1.19617763E+00  8.06106418E-02
 1.16304391E+00  6.33172318E-02
 1.10997927E+00  3.74856286E-02
 1.04575379E+00  7.07026181E-03
 9.86001201E-01 -2.01474717E-02
 9.48582199E-01 -3.47548072E-02
 9.48970605E-01 -3.01297364E-02
 9.94263889E-01 -5.30179810E-03
 1.07120484E+00  2.99562042E-02
 1.15082780E+00  5.78871713E-02
 1.20950092E+00  6.62213227E-02
 1.23214615E+00  5.17740630E-02
 1.21793868E+00  2.46134155E-02
 1.18314105E+00  6.97502819E-03
 1.13638892E+00  1.16315184E-02
 1.08124784E+00  3.84445242E-02
 1.03175080E+00  7.69756625E-02
 1.00066438E+00  1.04420471E-01
 1.00050899E+00  1.08143906E-01
 1.03900780E+00  9.00837790E-02
 1.09097035E+00  5.75684759E-02
 1.11099992E+00  2.74906910E-02
 1.07099512E+00  9.83963482E-03
 9.65260714E-01  2.47953465E-03
 8.29156873E-01  2.67202120E-03
 7.34309771E-01  2.92227055E-03
 7.23046386E-01 -7.07687432E-04
 7.99378397E-01 -4.16951068E-03
 9.31822053E-01 -6.16883154E-03
 1.04770633E+00 -5.30591503E-03
 1.10329629E+00 -1.36939825E-03
 1.09675759E+00  1.39632583E-03
 1.04448024E+00  1.82120680E-03
 9.94063178E-01  7.66850621E-04
 9.70953621E-01 -1.59225070E-03
 9.65352068E-01 -3.19761252E-03
 9.69842790E-01 -2.59436943E-03
 9.65106254E-01  2.94626251E-04
 9.44714992E-01  6.29877753E-03
 9.27540832E-01  1.52718985E-02
 9.20953077E-01  2.46840958E-02
 9.30113285E-01  3.11485480E-02
 9.58634619E-01  3.21058008E-02
 9.96557906E-01  2.67031577E-02
 1.04062343E+00  1.77419711E-02
 1.09180298E+00  1.08559619E-02
 1.14371001E+00  9.51818905E-03
 1.18948818E+00  1.43977561E-02
 1.21697154E+00  2.32482732E-02
 1.20947101E+00  3.10967390E-02
 1.16079793E+00  3.70956265E-02
 1.07870693E+00  4.62321203E-02
 9.90082944E-01  6.84647815E-02
 9.34132452E-01  1.14427784E-01
 9.29201546E-01  1.78312433E-01
 9.57893929E-01  2.28430073E-01
 9.51189492E-01  1.99345832E-01
 8.36773921E-01  4.30076153E-02
 6.87351293E-01 -1.41549797E-01
 6.49769965E-01 -1.88418575E-01
 7.27323744E-01 -9.75333234E-02
 8.48381378E-01  3.56166619E-02
 9.55416859E-01  1.47565162E-01
 9.72559188E-01  1.56279710E-01
 9.56839704E-01  6.92760314E-02
 1.04857154E+00  2.79050050E-03
 1.16828459E+00 -7.48259652E-03
 1.16358518E+00  2.19607762E-02
 1.10334517E+00  5.84315623E-02
 1.09593775E+00  2.64151695E-02
 1.10942607E+00 -3.40101569E-02
 1.11272239E+00 -1.30289372E-02
 1.12233493E+00  4.92020286E-02
 1.12197889E+00  6.97967875E-02
 1.08930149E+00  7.06828563E-02
 1.03020246E+00  7.53411932E-02
 9.64439137E-01  6.97176514E-02
 9.21052454E-01  6.50590566E-02
 9.16302527E-01  7.78285167E-02
 9.47016296E-01  1.05624915E-01
 9.99305753E-01  1.41004704E-01
 1.04506222E+00  1.72243395E-01
 1.06396189E+00  1.93295999E-01
 1.05157402E+00  2.07098822E-01
 1.00909666E+00  2.16805727E-01
 9.48190213E-01  2.28197979E-01
 8.75861069E-01  2.42107605E-01
 7.90394782E-01  2.49172695E-01
 6.96486806E-01  2.35278228E-01
 6.00574504E-01  1.84819529E-01
 5.15908495E-01  9.53727767E-02
 4.66146147E-01 -1.18778558E-02
 4.71193649E-01 -8.67737940E-02
 5.43203464E-01 -6.54826426E-02
 6.77486441E-01  7.65945229E-02
 8.36837377E-01  2.97624003E-01
 9.41395629E-01  4.61547285E-01
 9.21321667E-01  4.13703481E-01
 8.40741685E-01  2.15721857E-01
 8.25924180E-01  5.38715583E-02
 8.54102129E-01 -6.26697152E-02
 8.40524828E-01 -1.73215640E-01
 7.94162742E-01 -2.09384097E-01
 7.33490191E-01 -1.53964477E-01
 6.86457698E-01 -7.67811061E-02
 7.18276923E-01 -2.79090758E-02
 7.95384336E-01  1.40239153E-02
 8.28310617E-01  8.67239400E-02
 8.37439911E-01  1.34692434E-01
 8.69234188E-01  8.81704685E-02
 8.85859767E-01  9.58019422E-03
 8.56244520E-01 -1.27109552E-02
 8.14137207E-01 -1.59034980E-02
 7.97074498E-01 -5.91887083E-02
 8.18521260E-01 -9.80500999E-02
 8.85192860E-01 -8.01596458E-02
 9.78213376E-01 -3.09035973E-02
 1.05035893E+00  1.71072924E-02
 1.07305507E+00  5.77265216E-02
 1.03979588E+00  7.68738800E-02
 9.58449326E-01  7.00756594E-02
 8.62078060E-01  5.60463649E-02
 7.78255449E-01  4.65675730E-02
 7.28457249E-01  5.51114229E-02
 7.56400124E-01  1.18789066E-01
 8.74191762E-01  2.37489963E-01
 9.79457733E-01  2.71266081E-01
 9.45841948E-01  7.49239849E-02
 8.22148492E-01 -1.90420259E-01
 7.49519275E-01 -2.43449598E-01
 7.64862811E-01 -1.28868593E-01
 8.62283231E-01 -2.03609772E-02
 9.91539419E-01  6.91886289E-02
 1.03172769E+00  1.15046343E-01
 9.89916498E-01  1.08869899E-01
 9.58378682E-01  1.45747061E-01
 9.08385757E-01  2.21897983E-01
 7.98465287E-01  2.54161945E-01
 6.71796088E-01  2.05430401E-01
 5.57967117E-01  4.70931962E-02
 4.59545656E-01 -1.53751510E-01
 3.95312048E-01 -2.54627572E-01
 3.90850633E-01 -2.62388304E-01
 4.56496306E-01 -2.56772579E-01
 5.67578962E-01 -2.14783518E-01
 6.76805192E-01 -1.24589381E-01
 7.48644402E-01 -5.30869938E-02
 7.63109186E-01 -4.39037191E-02
 7.30390058E-01 -7.99950413E-02
 6.92618412E-01 -1.28987631E-01
 6.74258779E-01 -1.82342713E-01
 6.82059106E-01 -2.26005729E-01
 7.21277610E-01 -2.05644620E-01
 7.79732755E-01 -9.34606008E-02
 8.51283879E-01  1.94834114E-02
 9.32353789E-01  2.18516387E-02
 9.80177614E-01 -9.03347309E-03
 9.64836593E-01  6.43600120E-02
 9.64460824E-01  1.59411776E-01
 1.07359910E+00  1.40568092E-01
 1.20778626E+00  6.84606261E-02
 1.22485203E+00  3.20565945E-02
 1.17999796E+00  7.09657158E-03
 1.18127852E+00 -2.15969718E-02
 1.18267557E+00 -2.99815429E-02
 1.12992292E+00 -2.17535411E-02
 1.06481309E+00 -5.39667496E-03
 1.01749155E+00  2.51228548E-02
 9.79899641E-01  6.79178469E-02
 9.58613971E-01  1.16433047E-01
 9.68699900E-01  1.61220620E-01
 1.01116036E+00  1.88124855E-01
 1.07193604E+00  1.91570718E-01
 1.12950587E+00  1.73210622E-01
 1.16611632E+00  1.33978324E-01
 1.17202988E+00  8.03623619E-02
 1.15416548E+00  2.64136690E-02
 1.13468341E+00 -1.20759205E-02
 1.12628153E+00 -2.08240209E-02
 1.13072527E+00  6.04165948E-03
 1.14302647E+00  5.24706654E-02
 1.14722177E+00  8.72564008E-02
 1.13785704E+00  8.93733814E-02
 1.12189472E+00  5.24763363E-02
 1.10359758E+00 -7.73485032E-03
 1.09078643E+00 -5.41539101E-02
 1.08712954E+00 -6.60404567E-02
 1.08724646E+00 -4.29908191E-02
 1.08968297E+00  3.69467427E-03
 1.09379732E+00  4.47833134E-02
 1.09799006E+00  6.48004934E-02
 1.10461975E+00  6.79684229E-02
 1.11521489E+00  5.89366929E-02
 1.12990224E+00  5.09645671E-02
 1.14909566E+00  5.03152679E-02
 1.17093465E+00  4.92506826E-02
 1.19137933E+00  4.53568351E-02
 1.20542921E+00  3.61003457E-02
 1.20860013E+00  2.05312247E-02
 1.19794862E+00  5.44776346E-03
 1.17245609E+00 -6.84298536E-03
 1.13369334E+00 -1.69648683E-02
 1.08467760E+00 -2.38996958E-02
 1.03073195E+00 -2.92838101E-02
 9.82136279E-01 -3.36387456E-02
 9.51412074E-01 -3.54206956E-02
 9.48414754E-01 -3.49467800E-02
 9.77208487E-01 -3.25025830E-02
 1.02964771E+00 -2.73881079E-02
 1.08743531E+00 -1.94156849E-02
 1.13538782E+00 -8.49683430E-03
 1.16341184E+00  5.11626571E-03
 1.16877836E+00  1.95220674E-02
 1.15852014E+00  3.18401325E-02
 1.13580202E+00  3.99879767E-02
 1.10165031E+00  4.27096065E-02
 1.06524971E+00  3.97969906E-02
 1.03695149E+00  3.22763714E-02
 1.02714922E+00  2.04824396E-02
 1.04357653E+00  3.85385048E-03
 1.07463333E+00 -1.83864400E-02
 1.09510678E+00 -4.71035898E-02
 1.08698522E+00 -8.08279899E-02
 1.03999234E+00 -1.14666937E-01
 9.58201601E-01 -1.40350453E-01
 8.62586812E-01 -1.48079458E-01
 7.66722843E-01 -1.33312898E-01
 6.78815732E-01 -1.00654528E-01
 6.14306946E-01 -6.74813400E-02
 5.85244798E-01 -5.81946445E-02
 6.03673655E-01 -8.22761721E-02
 6.77983733E-01 -1.24313049E-01
 7.88497389E-01 -1.33545286E-01
 8.97429336E-01 -6.48633941E-02
 9.75838966E-01  4.38276147E-03
 1.00611806E+00 -3.91614608E-02
 9.97381316E-01 -1.08741028E-01
 9.84957316E-01 -5.38899192E-02
 9.88097375E-01  6.25527961E-02
 1.00980242E+00  1.25199595E-01
 1.04656410E+00  1.69605057E-01
 1.07850897E+00  2.31902151E-01
 1.09858478E+00  2.59238065E-01
 1.11372884E+00  2.24474964E-01
 1.11691785E+00  1.62510312E-01
 1.10051203E+00  1.11424416E-01
 1.05911519E+00  8.55948280E-02
 9.86936797E-01  9.07045112E-02
 9.03552327E-01  1.18111496E-01
 8.44641754E-01  1.37910390E-01
 8.28941542E-01  1.34349193E-01
 8.56536334E-01  1.10719258E-01
 8.95845233E-01  7.54957961E-02
 8.90380634E-01  4.89895600E-02
 8.18463753E-01  4.04436519E-02
 7.08187095E-01  4.19247872E-02
 6.45465089E-01  4.69426010E-02
 7.11922085E-01  4.41691763E-02
 7.79158589E-01  2.63784180E-02
 6.50072612E-01 -2.42579592E-03
 4.64141877E-01 -4.10523049E-02
 4.67715625E-01 -8.74796971E-02
 5.56003451E-01 -1.38146022E-01
 5.47109449E-01 -1.92416066E-01
 5.17730388E-01 -2.44309903E-01
 5.49951559E-01 -2.83780938E-01
 5.72946318E-01 -3.01846383E-01
 5.46017755E-01 -2.89334734E-01
 5.13167560E-01 -2.41613490E-01
 5.05801275E-01 -1.62789367E-01
 5.14917494E-01 -6.68501528E-02
 5.17283740E-01  1.53711948E-02
 4.62278235E-01  2.77949817E-02
 3.23003500E-01 -5.81030122E-02
 2.62036741E-01 -1.30187563E-01
 4.77197640E-01 -4.42524191E-02
 7.91443536E-01  9.65510536E-02
 8.85867265E-01  1.00010327E-01
 8.23633984E-01  4.14493014E-02
 7.92299771E-01  6.31457625E-02
 7.61849306E-01  9.46269341E-02
 7.05391904E-01  5.41677585E-02
 6.08000808E-01 -1.45247971E-02
 3.97913489E-01 -7.78198031E-02
 2.27006681E-01 -1.27623131E-01
 3.32271425E-01 -1.25191297E-01
 5.73040121E-01 -4.70241848E-02
 6.76646693E-01  7.71086216E-02
 6.91380950E-01  1.47711482E-01
 7.43473807E-01  7.19426547E-02
 8.08058733E-01 -3.11315989E-02
 8.83155663E-01  2.93441180E-02
 9.30253358E-01  1.31859087E-01
 8.38673602E-01  6.41027848E-02
 6.78372186E-01 -4.74301649E-02
 6.01157413E-01 -1.48748246E-02
 5.53912829E-01  6.28782031E-02
 4.35023358E-01  5.59238025E-02
 2.94629452E-01  7.93886223E-03
 1.91407224E-01 -4.06695042E-02
 1.13067713E-01 -1.10405270E-01
 6.76297759E-02 -1.83735631E-01
 7.56115046E-02 -2.31260992E-01
 1.30546107E-01 -2.50906025E-01
 2.25716977E-01 -2.42529354E-01
 3.56614579E-01 -2.08461548E-01
 5.09048613E-01 -1.51792508E-01
 6.66606848E-01 -7.45310617E-02
 8.09731720E-01  4.91286626E-03
 9.16592415E-01  6.07981285E-02
 9.72373596E-01  7.71696758E-02
 9.74161976E-01  5.21955606E-02
 9.38741762E-01  1.84237118E-02
 8.98263414E-01  3.05363554E-02
 8.78326149E-01  1.10701166E-01
 8.89129345E-01  2.33353336E-01
 9.12940340E-01  3.05117647E-01
 9.08196160E-01  2.21211049E-01
 8.52599342E-01  5.88621734E-02
 7.48911819E-01 -1.32149326E-02
 6.22627479E-01 -1.57190953E-02
 5.25737105E-01 -3.98823200E-02
 4.89503833E-01 -7.39275429E-02
 5.17440344E-01 -1.11315433E-01
 6.05138147E-01 -1.26034678E-01
 7.24403022E-01 -4.49387222E-02
 8.42318012E-01  8.27100283E-02
 9.21788537E-01  1.44798309E-01
 8.84407153E-01  1.56544590E-01
 6.90509646E-01  1.63391297E-01
 4.92890823E-01  1.25569327E-01
 4.85567651E-01  2.76839078E-02
 5.48834532E-01 -4.91633922E-02
 4.56130924E-01 -4.06974265E-02
 3.33032981E-01 -3.43890033E-02
 3.87642191E-01 -1.44272624E-01
 5.22309965E-01 -2.63252416E-01
 6.02274164E-01 -2.22813510E-01
 6.64244330E-01 -9.64816726E-02
 7.31940876E-01 -2.15127304E-02
 7.88462420E-01  3.36272830E-02
 8.66834465E-01  1.03591635E-01
 9.90166191E-01  1.24038359E-01
 1.13542635E+00  7.11431791E-02
 1.24904696E+00  1.85555542E-02
 1.25580707E+00  2.49853313E-02
 1.12357685E+00  2.39287941E-03
 8.86549482E-01 -1.58341667E-01
 6.45010824E-01 -3.28872902E-01
 5.23958231E-01 -3.11588200E-01
 5.02213259E-01 -1.62688049E-01
 4.76850334E-01 -2.94020613E-02
 5.04361543E-01  4.99414655E-02
 6.61974625E-01  4.77545822E-02
 8.34414989E-01  2.39435208E-02
 8.94754518E-01  1.17720076E-01
 8.97240371E-01  2.32265725E-01
 9.33488505E-01  1.77130276E-01
 9.74122173E-01  6.19123474E-02
 9.74986255E-01  6.39037336E-02
 9.55953950E-01  9.82939628E-02
 9.24432338E-01  4.93208219E-02
 8.83908150E-01 -2.90505601E-02
 8.63716641E-01 -8.03505955E-02
 8.68789060E-01 -1.10748433E-01
