# x =
 2.20600225E+01
# y =
 3.25097170E+00
 VARIABLES = u,v
 1.17138135E+00  2.30023283E-03
 1.17137011E+00  2.18725323E-03
 1.17128072E+00  2.16956017E-03
 1.17111311E+00  2.61492676E-03
 1.17086978E+00  4.02016070E-03
 1.17055552E+00  6.45257205E-03
 1.17017790E+00  9.00735148E-03
 1.16974697E+00  1.07837151E-02
 1.16927487E+00  1.08629198E-02
 1.16877574E+00  8.63032444E-03
 1.16826506E+00  4.46928447E-03
 1.16775884E+00 -2.45994323E-04
 1.16727297E+00 -3.48075753E-03
 1.16682228E+00 -3.74508368E-03
 1.16641927E+00 -7.58285437E-04
 1.16607246E+00  4.09897624E-03
 1.16578671E+00  8.03825422E-03
 1.16556521E+00  9.25194005E-03
 1.16541021E+00  7.42331201E-03
 1.16532455E+00  3.62192771E-03
 1.16531141E+00  4.79582909E-04
 1.16536998E+00 -5.49169144E-04
 1.16549576E+00  3.68114257E-04
 1.16568221E+00  2.53401153E-03
 1.16591966E+00  4.18131830E-03
 1.16619795E+00  4.44223526E-03
 1.16650656E+00  3.87034488E-03
 1.16683135E+00  2.86923796E-03
 1.16715702E+00  2.23824059E-03
 1.16747053E+00  2.39299104E-03
 1.16776205E+00  2.79807361E-03
 1.16802878E+00  3.24243293E-03
 1.16827440E+00  3.55200446E-03
 1.16850228E+00  3.56364419E-03
 1.16871492E+00  3.57730966E-03
 1.16891303E+00  3.70129372E-03
 1.16909417E+00  3.89018226E-03
 1.16925904E+00  4.19326245E-03
 1.16941057E+00  4.50545602E-03
 1.16954848E+00  4.75795428E-03
 1.16967228E+00  4.97936193E-03
 1.16978144E+00  5.13464788E-03
 1.16987596E+00  5.21373335E-03
 1.16996377E+00  5.22762413E-03
 1.17005852E+00  5.16056693E-03
 1.17017169E+00  5.02144104E-03
 1.17031356E+00  4.83515553E-03
 1.17049197E+00  4.63198220E-03
 1.17071011E+00  4.46011345E-03
 1.17097236E+00  4.36935114E-03
 1.17128207E+00  4.39990386E-03
 1.17163454E+00  4.57042843E-03
 1.17201866E+00  4.87237550E-03
 1.17241608E+00  5.28364176E-03
 1.17279880E+00  5.75992079E-03
 1.17313182E+00  6.22212590E-03
 1.17337564E+00  6.57125532E-03
 1.17349008E+00  6.70289579E-03
 1.17344135E+00  6.52726837E-03
 1.17321052E+00  6.01310268E-03
 1.17279731E+00  5.19151904E-03
 1.17221860E+00  4.12381156E-03
 1.17151630E+00  2.92482667E-03
 1.17076740E+00  1.78816073E-03
 1.17007324E+00  9.48422165E-04
 1.16953814E+00  6.41672269E-04
 1.16925229E+00  1.05233757E-03
 1.16926048E+00  2.20420100E-03
 1.16955439E+00  3.94552162E-03
 1.17009982E+00  6.02208956E-03
 1.17081621E+00  8.01444039E-03
 1.17154712E+00  9.26791855E-03
 1.17209116E+00  9.09281010E-03
 1.17223668E+00  7.09104894E-03
 1.17180164E+00  3.45408170E-03
 1.17072306E+00 -5.46316438E-04
 1.16906544E+00 -2.91317567E-03
 1.16694926E+00 -2.27885696E-03
 1.16459823E+00  1.63153099E-03
 1.16239329E+00  7.38824831E-03
 1.16079420E+00  1.20784414E-02
 1.16026177E+00  1.37887143E-02
 1.16115109E+00  1.20641351E-02
 1.16348739E+00  7.87916946E-03
 1.16693734E+00  3.85435154E-03
 1.17095853E+00  1.49204744E-03
 1.17467205E+00  7.86852175E-04
 1.17672350E+00  1.33991879E-03
 1.17570868E+00  1.76101473E-03
 1.17087444E+00  1.53671723E-03
 1.16275397E+00  1.46199493E-03
 1.15420237E+00  1.94075950E-03
 1.14960278E+00  3.49659218E-03
 1.15190606E+00  6.11734915E-03
 1.16157463E+00  8.60501058E-03
 1.17519140E+00  9.71320780E-03
 1.18600488E+00  8.21526956E-03
 1.18949500E+00  3.47458927E-03
 1.18446548E+00 -3.59189286E-03
 1.17312942E+00 -1.03180928E-02
 1.16161767E+00 -1.29695342E-02
 1.15375786E+00 -9.08137471E-03
 1.15030361E+00  1.30932005E-03
 1.15151217E+00  1.45594869E-02
 1.15540214E+00  2.41299954E-02
 1.16114286E+00  2.56566409E-02
 1.16938245E+00  1.82581273E-02
 1.17751398E+00  5.01213630E-03
 1.18183551E+00 -6.95810937E-03
 1.17955518E+00 -1.31460354E-02
 1.16883844E+00 -1.27838246E-02
 1.15325234E+00 -7.12152423E-03
 1.14051430E+00 -6.64783003E-04
 1.13561397E+00  4.21178694E-03
 1.14050167E+00  8.10820776E-03
 1.15268901E+00  1.05842689E-02
 1.16471947E+00  1.19993747E-02
 1.17229513E+00  1.19797594E-02
 1.17475793E+00  8.71000070E-03
 1.17239882E+00  3.34818043E-03
 1.16847988E+00 -1.33351748E-03
 1.16426985E+00 -3.49735529E-03
 1.15844442E+00 -1.63254148E-03
 1.15229759E+00  3.03061254E-03
 1.14751057E+00  6.71011326E-03
 1.14570314E+00  7.50197655E-03
 1.14909586E+00  5.16225658E-03
 1.15597411E+00  7.55795686E-04
 1.16183540E+00 -2.58708925E-03
 1.16407790E+00 -3.35455670E-03
 1.16154992E+00 -2.02647830E-03
 1.15601409E+00  8.71080685E-04
 1.15242455E+00  3.77357585E-03
 1.15317937E+00  5.77857045E-03
 1.15791336E+00  7.29858750E-03
 1.16495915E+00  7.99564003E-03
 1.17026269E+00  7.54168726E-03
 1.17160875E+00  5.81093636E-03
 1.16950835E+00  2.47755592E-03
 1.16459358E+00 -1.41221752E-03
 1.15880656E+00 -3.89471771E-03
 1.15359145E+00 -3.75248885E-03
 1.14903883E+00 -5.49523155E-04
 1.14648819E+00  4.44390341E-03
 1.14741894E+00  8.38332239E-03
 1.15259009E+00  9.50258849E-03
 1.16211329E+00  7.40874636E-03
 1.17292775E+00  3.07630396E-03
 1.17979796E+00 -8.62366664E-04
 1.17927755E+00 -2.85831270E-03
 1.17042486E+00 -2.79542437E-03
 1.15673308E+00 -8.92908956E-04
 1.14567676E+00  1.59253423E-03
 1.14200722E+00  3.96755888E-03
 1.14674267E+00  6.36931810E-03
 1.15725680E+00  7.92693006E-03
 1.16662041E+00  7.64054394E-03
 1.17079270E+00  4.87071741E-03
 1.16960911E+00 -6.80269041E-04
 1.16388291E+00 -7.10164920E-03
 1.15717082E+00 -1.09826981E-02
 1.15138094E+00 -1.01943054E-02
 1.14595391E+00 -4.24069184E-03
 1.14261959E+00  4.60249237E-03
 1.14321938E+00  1.14988899E-02
 1.14896345E+00  1.34357177E-02
 1.16072844E+00  9.86177010E-03
 1.17437938E+00  2.44937209E-03
 1.18247075E+00 -4.41601214E-03
 1.18042500E+00 -8.10657872E-03
 1.16712815E+00 -8.43546318E-03
 1.14775100E+00 -5.77797317E-03
 1.13317623E+00 -2.18169310E-03
 1.12998574E+00  1.31809971E-03
 1.13901300E+00  5.22545300E-03
 1.15558951E+00  8.59597907E-03
 1.16876155E+00  1.03064482E-02
 1.17225770E+00  9.39531827E-03
 1.16646977E+00  4.76278667E-03
 1.15493306E+00 -2.05610537E-03
 1.14613341E+00 -7.65659526E-03
 1.14462611E+00 -9.80688893E-03
 1.14875088E+00 -7.34954017E-03
 1.15611867E+00 -1.34267788E-03
 1.16157891E+00  4.74808659E-03
 1.16230833E+00  8.87834293E-03
 1.16014766E+00  1.04427766E-02
 1.15628558E+00  9.19200865E-03
 1.15276372E+00  6.29717399E-03
 1.15090017E+00  2.21636972E-03
 1.14936266E+00 -3.31302865E-03
 1.14790491E+00 -8.63744530E-03
 1.14666435E+00 -1.15137399E-02
 1.14568101E+00 -1.02611180E-02
 1.14612209E+00 -3.87833966E-03
 1.14833171E+00  5.37325731E-03
 1.15179983E+00  1.27627566E-02
 1.15607419E+00  1.52404367E-02
 1.15995725E+00  1.17155380E-02
 1.16182232E+00  3.93842250E-03
 1.16027605E+00 -3.25702242E-03
 1.15449879E+00 -7.05015329E-03
 1.14516843E+00 -7.03284164E-03
 1.13559486E+00 -3.70849931E-03
 1.13068472E+00  3.36902927E-04
 1.13375409E+00  3.84549971E-03
 1.14529050E+00  7.32515795E-03
 1.16132050E+00  9.90946198E-03
 1.17409344E+00  1.08212659E-02
 1.17837459E+00  9.33433001E-03
 1.17269797E+00  4.44863224E-03
 1.15953207E+00 -1.99230146E-03
 1.14585105E+00 -6.31125228E-03
 1.13605548E+00 -6.22627353E-03
 1.13113238E+00 -8.36304255E-04
 1.13160098E+00  7.77697596E-03
 1.13549479E+00  1.46740015E-02
 1.14214725E+00  1.69455955E-02
 1.15249751E+00  1.40878068E-02
 1.16360080E+00  7.50637982E-03
 1.17108253E+00  1.25501937E-03
 1.17155594E+00 -2.35522585E-03
 1.16264311E+00 -3.35366866E-03
 1.14797593E+00 -1.86634717E-03
 1.13585947E+00  6.42719890E-04
 1.13145304E+00  3.47228734E-03
 1.13652170E+00  7.20526992E-03
 1.14811734E+00  1.06915665E-02
 1.15800408E+00  1.22781748E-02
 1.16182430E+00  1.08243946E-02
 1.15981553E+00  5.48912471E-03
 1.15387602E+00 -1.72490421E-03
 1.14942899E+00 -6.71581408E-03
 1.14897394E+00 -7.02594619E-03
 1.15070877E+00 -2.05377561E-03
 1.15338810E+00  5.88675824E-03
 1.15452830E+00  1.15904010E-02
 1.15290731E+00  1.20886075E-02
 1.15030796E+00  7.31375751E-03
 1.14759834E+00 -6.13607347E-04
 1.14561824E+00 -6.77320916E-03
 1.14518376E+00 -8.35477794E-03
 1.14563430E+00 -5.65771162E-03
 1.14673665E+00 -4.71258892E-05
 1.14854434E+00  5.07310288E-03
 1.15073177E+00  7.70644371E-03
 1.15329454E+00  8.29763344E-03
 1.15587985E+00  7.06595853E-03
 1.15771123E+00  5.05807738E-03
 1.15820283E+00  2.87379780E-03
 1.15683960E+00 -6.85838030E-05
 1.15350970E+00 -2.89347501E-03
 1.14869430E+00 -4.14885066E-03
 1.14308939E+00 -2.87983224E-03
 1.13781529E+00  1.66129878E-03
 1.13465416E+00  8.04918253E-03
 1.13544873E+00  1.31122908E-02
 1.14125046E+00  1.48100690E-02
 1.15152106E+00  1.22788973E-02
 1.16278135E+00  6.45289025E-03
 1.16959278E+00  3.40947463E-04
 1.16823922E+00 -4.20907290E-03
 1.15798896E+00 -6.63759401E-03
 1.14277370E+00 -6.57497637E-03
 1.13056881E+00 -4.79498997E-03
 1.12660605E+00 -1.56094443E-03
 1.13210224E+00  3.37657212E-03
 1.14429825E+00  8.40401933E-03
 1.15585443E+00  1.12136116E-02
 1.16239892E+00  1.00957747E-02
 1.16355821E+00  4.10714699E-03
 1.15988283E+00 -4.63453184E-03
 1.15473170E+00 -1.16267111E-02
 1.14969085E+00 -1.39548386E-02
 1.14378890E+00 -1.05769907E-02
 1.13868112E+00 -2.99290435E-03
 1.13643402E+00  4.44459671E-03
 1.13876406E+00  9.18654762E-03
 1.14754379E+00  1.08234130E-02
 1.16008718E+00  9.48432871E-03
 1.17042637E+00  7.01972205E-03
 1.17468533E+00  4.20562015E-03
 1.17091133E+00  4.14420551E-04
 1.16087830E+00 -3.31061982E-03
 1.15046840E+00 -5.61637187E-03
 1.14308765E+00 -5.34884036E-03
 1.13958232E+00 -1.28966781E-03
 1.14018136E+00  5.05674499E-03
 1.14275464E+00  1.02153341E-02
 1.14663205E+00  1.20171327E-02
 1.15280818E+00  9.49302243E-03
 1.15961892E+00  3.84493104E-03
 1.16470551E+00 -1.33981829E-03
 1.16606209E+00 -4.09421494E-03
 1.16176404E+00 -4.21035111E-03
 1.15380001E+00 -2.09727289E-03
 1.14708030E+00  2.94735681E-04
 1.14452157E+00  2.08185008E-03
 1.14719716E+00  3.79996728E-03
 1.15330675E+00  5.09802442E-03
 1.15781502E+00  5.76663334E-03
 1.15822176E+00  5.52110002E-03
 1.15491088E+00  3.62318188E-03
 1.14938801E+00  9.92738030E-04
 1.14544536E+00 -4.64767235E-04
 1.14512853E+00  2.34955130E-04
 1.14784370E+00  3.25534270E-03
 1.15322291E+00  6.83087924E-03
 1.15973000E+00  7.54643974E-03
 1.16572723E+00  3.66246345E-03
 1.17006814E+00 -4.39697675E-03
 1.16909082E+00 -1.38330061E-02
 1.15857946E+00 -1.93288157E-02
 1.13746030E+00 -1.69673704E-02
 1.10913715E+00 -5.01831384E-03
 1.08563353E+00  1.68064761E-02
 1.08384824E+00  4.50903619E-02
 1.11172650E+00  7.27931667E-02
 1.16290532E+00  8.73007717E-02
 1.20966356E+00  6.50334142E-02
 1.21653002E+00 -7.29621305E-03
 1.18870191E+00 -8.72351181E-02
 1.15454494E+00 -1.11376499E-01
 1.10756595E+00 -8.69151171E-02
 1.04154087E+00 -5.45717303E-02
 9.97330486E-01 -1.11204413E-02
 1.01579174E+00  4.41305356E-02
 1.08747987E+00  8.11907002E-02
 1.17654780E+00  8.18854533E-02
 1.24477864E+00  4.49139773E-02
 1.25213096E+00 -2.01089089E-02
 1.20297840E+00 -7.55093184E-02
 1.14216304E+00 -7.87078905E-02
 1.08286493E+00 -4.54893724E-02
 1.02796806E+00 -2.15262809E-02
 1.00381771E+00  1.00601855E-03
 1.02196931E+00  4.15277688E-02
 1.07375821E+00  6.94812111E-02
 1.14448410E+00  5.86715674E-02
 1.20745624E+00  2.86519676E-02
 1.23464951E+00  3.99222366E-03
 1.22286008E+00 -1.93191549E-02
 1.18879105E+00 -4.76696802E-02
 1.14405942E+00 -6.44077896E-02
 1.10063740E+00 -5.48827066E-02
 1.07016785E+00 -2.61453935E-02
 1.05479443E+00  7.99222658E-03
 1.06391700E+00  3.36086451E-02
 1.10419089E+00  3.70154459E-02
 1.15068785E+00  2.51540027E-02
 1.17218922E+00  1.84417257E-02
 1.17627274E+00  1.32830449E-02
 1.18403626E+00 -2.56053137E-03
 1.18262308E+00 -1.83008182E-02
 1.15719509E+00 -2.16248869E-02
 1.13103612E+00 -1.45993573E-02
 1.12789718E+00 -7.60449241E-04
 1.13262422E+00  1.26001779E-02
 1.12440026E+00  1.41471719E-02
 1.11951495E+00  7.21563743E-03
 1.13767846E+00  3.77373635E-03
 1.15573428E+00  1.63761365E-03
 1.14612210E+00 -3.84736585E-03
 1.12710507E+00 -3.15715171E-03
 1.12767405E+00  1.02191280E-02
 1.14423900E+00  2.27237963E-02
 1.16519056E+00  1.73999782E-02
 1.18501158E+00 -1.72715060E-03
 1.18852195E+00 -2.11605277E-02
 1.16577919E+00 -3.58644758E-02
 1.12378144E+00 -3.94285348E-02
 1.08141485E+00 -2.42971733E-02
 1.06597010E+00  5.69771651E-03
 1.09193894E+00  3.38442291E-02
 1.15032261E+00  4.09868255E-02
 1.20528652E+00  2.77487546E-02
 1.21217249E+00  8.84177844E-03
 1.18472597E+00 -1.08741734E-02
 1.16861126E+00 -2.70738472E-02
 1.14810950E+00 -3.13795558E-02
 1.09878062E+00 -2.35686973E-02
 1.06642994E+00 -7.42524921E-03
 1.09540607E+00  1.13434146E-02
 1.15243366E+00  2.23794330E-02
 1.18446272E+00  1.80449873E-02
 1.18890855E+00  3.56935838E-03
 1.17747354E+00 -7.91476831E-03
 1.15150107E+00 -1.08487829E-02
 1.12954401E+00 -5.59122122E-03
 1.12563805E+00  3.70967463E-03
 1.13441593E+00  7.12610607E-03
 1.14964211E+00  4.31805289E-03
 1.16076318E+00  2.28217129E-03
 1.16195455E+00 -1.78100490E-03
 1.15844886E+00 -9.93273362E-03
 1.15323998E+00 -1.18566789E-02
 1.15021117E+00  3.65393742E-04
 1.15199441E+00  1.58586781E-02
 1.15499138E+00  1.85113201E-02
 1.15765312E+00  1.17902259E-02
 1.15944003E+00  7.16893820E-03
 1.15936247E+00  5.60783095E-03
 1.15905283E+00  7.07092255E-03
 1.15922073E+00  9.14586431E-03
 1.15946393E+00  3.98895688E-03
 1.16004490E+00 -3.35634309E-03
 1.16047949E+00 -1.49443625E-03
 1.16042615E+00  4.76186594E-03
 1.16016011E+00  6.26625114E-03
 1.15963291E+00  5.31483919E-03
 1.15891770E+00  4.92969882E-03
 1.15823767E+00  3.84470735E-03
 1.15768723E+00  3.28195117E-03
 1.15753100E+00  5.04032262E-03
 1.15817402E+00  8.40481919E-03
 1.16009093E+00  1.16189524E-02
 1.16368790E+00  1.23578354E-02
 1.16876338E+00  9.42371486E-03
 1.17411745E+00  3.54417448E-03
 1.17707364E+00 -3.12376835E-03
 1.17425377E+00 -7.07404687E-03
 1.16402119E+00 -6.01689405E-03
 1.14772108E+00  3.41253464E-06
 1.13124139E+00  8.77838065E-03
 1.12362842E+00  1.60007679E-02
 1.13047098E+00  1.87333599E-02
 1.15157214E+00  1.64083094E-02
 1.17874103E+00  1.02271120E-02
 1.19707034E+00  3.61903468E-03
 1.19704493E+00 -1.18403689E-03
 1.17762102E+00 -3.71103963E-03
 1.14694760E+00 -3.26592477E-03
 1.12242511E+00 -1.70790846E-04
 1.11481048E+00  5.37285910E-03
 1.12498152E+00  1.32624618E-02
 1.14727977E+00  2.02120679E-02
 1.16735971E+00  2.16511958E-02
 1.17699138E+00  1.54433520E-02
 1.17708354E+00  2.95921669E-03
 1.16977530E+00 -7.15961990E-03
 1.16207036E+00 -4.85807476E-03
 1.15734893E+00  3.09098844E-03
 1.15267635E+00  3.14759216E-03
 1.14862932E+00  2.40397509E-03
 1.14588625E+00  1.23414104E-02
 1.14540980E+00  2.14047299E-02
 1.15064408E+00  1.57401690E-02
 1.15986526E+00  3.84770147E-03
 1.16783824E+00 -1.50935884E-03
 1.17158354E+00 -1.69556462E-03
 1.16900671E+00  1.16367384E-05
 1.16177208E+00  4.39841888E-03
 1.15567856E+00  8.36222024E-03
 1.15352417E+00  9.02186491E-03
 1.15537547E+00  7.40919044E-03
 1.16002511E+00  4.72494429E-03
 1.16351050E+00  2.78233189E-03
 1.16406536E+00  2.59088861E-03
 1.16283164E+00  3.21022703E-03
 1.16058073E+00  4.11125616E-03
 1.15910278E+00  4.63273434E-03
 1.15929286E+00  4.31169261E-03
 1.16000799E+00  3.77846495E-03
 1.16082692E+00  3.30710372E-03
 1.16135710E+00  2.98381032E-03
 1.16123566E+00  2.98168854E-03
 1.16109678E+00  3.02039807E-03
 1.16116268E+00  2.97464010E-03
 1.16134292E+00  2.91383371E-03
 1.16174632E+00  2.79045330E-03
 1.16215029E+00  2.68305642E-03
 1.16241678E+00  2.64425520E-03
 1.16261505E+00  2.61934035E-03
 1.16268179E+00  2.61343735E-03
 1.16260747E+00  2.61859793E-03
 1.16241388E+00  2.61379326E-03
 1.16205655E+00  2.61568609E-03
 1.16154586E+00  2.62424014E-03
 1.16092594E+00  2.63226597E-03
 1.16025411E+00  2.64416202E-03
 1.15963060E+00  2.65732221E-03
 1.15915375E+00  2.67051980E-03
 1.15890020E+00  2.68673037E-03
 1.15891137E+00  2.70416175E-03
 1.15917744E+00  2.72023219E-03
 1.15966482E+00  2.73436909E-03
 1.16030080E+00  2.74596067E-03
 1.16094140E+00  2.75580224E-03
 1.16140145E+00  2.76640976E-03
 1.16148794E+00  2.77927005E-03
 1.16103566E+00  2.79533446E-03
 1.15999150E+00  2.81649912E-03
 1.15842223E+00  2.84450092E-03
 1.15644701E+00  2.88102800E-03
 1.15428158E+00  2.92771662E-03
 1.15228813E+00  2.98433717E-03
 1.15090354E+00  3.04924120E-03
 1.15057012E+00  3.12095076E-03
 1.15163837E+00  3.19793822E-03
 1.15416100E+00  3.27917396E-03
 1.15786799E+00  3.36432562E-03
 1.16230415E+00  3.45191795E-03
 1.16671304E+00  3.53954202E-03
 1.16991148E+00  3.62478918E-03
 1.17063791E+00  3.70479577E-03
 1.16810745E+00  3.77715075E-03
 1.16252975E+00  3.84017982E-03
 1.15597218E+00  3.89192928E-03
 1.15177010E+00  3.93094979E-03
 1.15223735E+00  3.95728800E-03
 1.15791648E+00  3.97271790E-03
 1.16658098E+00  3.98191977E-03
 1.17357436E+00  3.99186143E-03
 1.17592510E+00  4.00896579E-03
 1.17306865E+00  4.03818623E-03
 1.16670437E+00  4.08163538E-03
 1.16115141E+00  4.13749432E-03
 1.15880798E+00  4.20198226E-03
 1.15945304E+00  4.26795688E-03
 1.16205505E+00  4.32192588E-03
 1.16385531E+00  4.34667959E-03
 1.16356579E+00  4.32503116E-03
 1.16220329E+00  4.24278886E-03
 1.16048761E+00  4.09563917E-03
 1.15972507E+00  3.89028325E-03
 1.16056310E+00  3.63869143E-03
 1.16203953E+00  3.36207369E-03
 1.16362683E+00  3.09594772E-03
 1.16479875E+00  2.88402716E-03
 1.16503542E+00  2.77202351E-03
 1.16460727E+00  2.79969704E-03
 1.16360933E+00  2.98340626E-03
 1.16203634E+00  3.31418129E-03
 1.16010297E+00  3.77030846E-03
 1.15789467E+00  4.30768372E-03
 1.15574864E+00  4.84914372E-03
 1.15426123E+00  5.29818715E-03
 1.15393146E+00  5.55256902E-03
 1.15518264E+00  5.52329124E-03
 1.15809273E+00  5.17530691E-03
 1.16228557E+00  4.53143967E-03
 1.16720040E+00  3.64268726E-03
 1.17193170E+00  2.61029846E-03
 1.17505109E+00  1.60991514E-03
 1.17505940E+00  8.55413603E-04
 1.17103062E+00  5.59420288E-04
 1.16322973E+00  8.82389682E-04
 1.15416755E+00  1.82891838E-03
 1.14788440E+00  3.23249299E-03
 1.14720198E+00  4.82490779E-03
 1.15282784E+00  6.17568085E-03
 1.16215088E+00  6.62345299E-03
 1.16964539E+00  5.49594835E-03
 1.17180651E+00  2.48223381E-03
 1.16800822E+00 -2.03868447E-03
 1.16032346E+00 -6.47010029E-03
 1.15394516E+00 -8.45379290E-03
 1.15173214E+00 -6.50103379E-03
 1.15336080E+00 -6.19493478E-04
 1.15748353E+00  6.86674186E-03
 1.16064147E+00  1.17734510E-02
 1.16113591E+00  1.14549558E-02
 1.16005209E+00  5.64523389E-03
 1.15817365E+00 -3.14483330E-03
 1.15705709E+00 -9.71280673E-03
 1.15750494E+00 -1.09084181E-02
 1.15845368E+00 -6.60364729E-03
 1.15947326E+00  1.06190908E-03
 1.16020448E+00  7.20352804E-03
 1.16030841E+00  9.02552239E-03
 1.16035338E+00  6.88160254E-03
 1.16053452E+00  2.26653130E-03
 1.16075102E+00 -1.30835347E-03
 1.16109737E+00 -1.94535594E-03
 1.16137984E+00 -4.69807206E-04
 1.16149451E+00  2.18531555E-03
 1.16154310E+00  4.09593215E-03
 1.16150300E+00  4.22045100E-03
 1.16139326E+00  3.45545946E-03
 1.16125696E+00  2.32325824E-03
 1.16106241E+00  1.54681353E-03
 1.16081733E+00  1.59929391E-03
 1.16054360E+00  1.85452924E-03
 1.16023915E+00  2.04902202E-03
 1.15991678E+00  2.07731016E-03
 1.15958868E+00  1.76902221E-03
 1.15926020E+00  1.42934067E-03
 1.15894631E+00  1.19775585E-03
 1.15866298E+00  1.02470491E-03
 1.15841841E+00  9.74816935E-04
 1.15821540E+00  9.71967131E-04
 1.15804878E+00  9.64957380E-04
 1.15790518E+00  1.00633918E-03
 1.15777302E+00  1.08581896E-03
 1.15764452E+00  1.20933518E-03
 1.15751518E+00  1.39510567E-03
 1.15738770E+00  1.62270950E-03
 1.15726796E+00  1.88508124E-03
 1.15716760E+00  2.17784203E-03
 1.15711344E+00  2.48537993E-03
 1.15714121E+00  2.79857114E-03
 1.15728488E+00  3.10675086E-03
 1.15757066E+00  3.39606326E-03
 1.15800128E+00  3.65452600E-03
 1.15855378E+00  3.87047740E-03
 1.15919598E+00  4.03598162E-03
 1.15987844E+00  4.14984390E-03
 1.16052312E+00  4.21957073E-03
 1.16103732E+00  4.26026642E-03
 1.16132364E+00  4.28724319E-03
 1.16129651E+00  4.31316554E-03
 1.16092120E+00  4.34468456E-03
 1.16021679E+00  4.38011171E-03
 1.15923052E+00  4.41620755E-03
 1.15805835E+00  4.44503818E-03
 1.15686506E+00  4.44613261E-03
 1.15585571E+00  4.39223712E-03
 1.15524810E+00  4.25482191E-03
 1.15523199E+00  4.00937073E-03
 1.15588420E+00  3.65107452E-03
 1.15715961E+00  3.19476161E-03
 1.15895070E+00  2.65995674E-03
 1.16104030E+00  2.07742262E-03
 1.16304996E+00  1.49578424E-03
 1.16451471E+00  9.71567616E-04
 1.16496718E+00  5.66697538E-04
 1.16404382E+00  3.36353216E-04
 1.16170096E+00  2.99128131E-04
 1.15824589E+00  4.37251409E-04
 1.15418790E+00  7.15160574E-04
 1.15036369E+00  1.06561947E-03
 1.14808112E+00  1.37960705E-03
 1.14871021E+00  1.52931201E-03
 1.15301374E+00  1.39153669E-03
 1.16054082E+00  8.82557453E-04
 1.16862762E+00  2.46414058E-05
 1.17313888E+00 -1.04236002E-03
 1.17126764E+00 -2.09901535E-03
 1.16250981E+00 -2.80519510E-03
 1.14994991E+00 -2.65442205E-03
 1.13977620E+00 -1.15751257E-03
 1.13608938E+00  1.82351582E-03
 1.13991261E+00  5.79599274E-03
 1.14918322E+00  9.20928910E-03
 1.15828386E+00  9.90191411E-03
 1.16382147E+00  6.61721675E-03
 1.16538786E+00 -3.49208978E-04
 1.16318494E+00 -8.31462006E-03
 1.15950805E+00 -1.27809570E-02
 1.15532316E+00 -1.09146448E-02
 1.14973619E+00 -2.55365594E-03
 1.14407163E+00  9.08120631E-03
 1.14016112E+00  1.76937823E-02
 1.13956835E+00  1.93482139E-02
 1.14397565E+00  1.36886714E-02
 1.15158792E+00  3.59548062E-03
 1.15805259E+00 -4.48409840E-03
 1.16071439E+00 -6.75377024E-03
 1.15843036E+00 -3.36155285E-03
 1.15272879E+00  3.58840377E-03
 1.14809270E+00  9.06085150E-03
 1.14682333E+00  1.03169722E-02
 1.14881763E+00  8.25172609E-03
 1.15301989E+00  4.19304342E-03
 1.15637781E+00  1.09721516E-03
 1.15746332E+00  5.13250548E-04
 1.15717206E+00  1.24172750E-03
 1.15611924E+00  2.54038652E-03
 1.15565073E+00  3.22873674E-03
 1.15643202E+00  2.60860532E-03
 1.15752557E+00  1.63448907E-03
 1.15854392E+00  7.10276558E-04
 1.15913832E+00  6.52639843E-05
 1.15898462E+00 -1.60591395E-05
 1.15854892E+00  3.18976173E-06
 1.15799705E+00 -6.28488397E-05
 1.15727001E+00 -1.26578731E-04
 1.15648916E+00 -2.78078598E-04
 1.15554820E+00 -3.87429949E-04
 1.15444683E+00 -3.86501750E-04
 1.15337646E+00 -3.79991018E-04
 1.15242773E+00 -3.72468206E-04
 1.15171672E+00 -3.93862718E-04
 1.15133472E+00 -4.85897718E-04
 1.15125893E+00 -6.18195235E-04
 1.15146999E+00 -7.79339515E-04
 1.15190948E+00 -9.53819541E-04
 1.15242544E+00 -1.08701034E-03
 1.15283270E+00 -1.12250067E-03
 1.15293231E+00 -1.00219389E-03
 1.15254579E+00 -6.72233176E-04
 1.15161024E+00 -1.14365773E-04
 1.15018095E+00  6.54848262E-04
 1.14836159E+00  1.60323273E-03
 1.14635217E+00  2.66730115E-03
 1.14450150E+00  3.73488929E-03
 1.14323354E+00  4.66490611E-03
 1.14297611E+00  5.30783343E-03
 1.14406160E+00  5.53109426E-03
 1.14651499E+00  5.27614031E-03
 1.15003052E+00  4.56340280E-03
 1.15411904E+00  3.44736241E-03
 1.15799133E+00  2.04659494E-03
 1.16043222E+00  5.77260563E-04
 1.16016973E+00 -6.92398271E-04
 1.15646070E+00 -1.48308065E-03
 1.14963828E+00 -1.56597993E-03
 1.14202051E+00 -8.96137438E-04
 1.13726086E+00  3.73216529E-04
 1.13788078E+00  1.97966381E-03
 1.14443144E+00  3.47657916E-03
 1.15437621E+00  4.15333253E-03
 1.16248870E+00  3.25436345E-03
 1.16536701E+00  3.25824846E-04
 1.16225607E+00 -4.45940593E-03
 1.15497588E+00 -9.75798581E-03
 1.14831071E+00 -1.34134831E-02
 1.14498242E+00 -1.38666778E-02
 1.14492671E+00 -1.06035394E-02
 1.14730517E+00 -4.75222101E-03
 1.14942948E+00  1.04594147E-03
 1.15018290E+00  5.00254299E-03
 1.15082676E+00  6.50534685E-03
 1.15195100E+00  5.85941267E-03
 1.15440888E+00  4.66045108E-03
 1.15808349E+00  3.59385131E-03
 1.16073054E+00  2.24220860E-03
 1.16008433E+00  4.87806948E-04
 1.15404299E+00 -2.00510405E-03
 1.14187645E+00 -4.62061247E-03
 1.12608688E+00 -5.26129472E-03
 1.11285706E+00 -1.66242091E-03
 1.11037106E+00  7.85259959E-03
 1.12342512E+00  2.18976435E-02
 1.15044467E+00  3.37034021E-02
 1.18053583E+00  2.93912672E-02
 1.19596031E+00 -1.48580435E-03
 1.18559961E+00 -4.04367488E-02
 1.14923073E+00 -5.55097803E-02
 1.10062017E+00 -4.63128421E-02
 1.06600851E+00 -2.74746634E-02
 1.06217017E+00  1.64489759E-03
 1.09134109E+00  3.48918987E-02
 1.14210918E+00  5.21468085E-02
 1.18772055E+00  4.20926974E-02
 1.21069950E+00  1.45212888E-02
 1.20725640E+00 -1.05220595E-02
 1.17832850E+00 -2.48945249E-02
 1.13663646E+00 -2.76463243E-02
 1.09287955E+00 -1.71248529E-02
 1.05517796E+00 -2.80443774E-04
 1.04860195E+00  1.49967613E-02
 1.09088177E+00  2.56637450E-02
 1.15277856E+00  2.94277170E-02
 1.18743948E+00  2.66295884E-02
 1.19045695E+00  1.47818086E-02
 1.17921435E+00 -7.60116071E-03
 1.15815560E+00 -2.57519992E-02
 1.13887143E+00 -2.26819775E-02
 1.12629600E+00 -7.47317464E-03
 1.10899583E+00  5.04119138E-04
 1.09419300E+00  3.03528410E-03
 1.09709750E+00  7.68273866E-03
 1.11718817E+00  1.08405373E-02
 1.14916752E+00  1.18648343E-02
 1.17703959E+00  1.21452420E-02
 1.17869159E+00  8.49344716E-03
 1.16291963E+00  1.57891934E-03
 1.15504063E+00 -4.70360902E-03
 1.15283133E+00 -8.09683929E-03
 1.14598980E+00 -6.53687731E-03
 1.13928728E+00 -1.14918404E-03
 1.13372393E+00  3.55803022E-03
 1.12841875E+00  5.45831629E-03
 1.12902652E+00  4.29341798E-03
 1.13578176E+00  9.11147467E-04
 1.14449334E+00 -1.54853119E-03
 1.15284061E+00 -1.77884609E-03
 1.15764413E+00 -6.85839548E-04
 1.15807517E+00  1.18016266E-03
 1.15665451E+00  2.44699025E-03
 1.15360607E+00  2.46992589E-03
 1.14851485E+00  2.18625976E-03
 1.14289753E+00  1.88669880E-03
 1.13800143E+00  1.79670002E-03
 1.13560719E+00  2.15936272E-03
 1.13777725E+00  2.46343865E-03
 1.14325268E+00  2.52096082E-03
 1.14868681E+00  2.41533637E-03
 1.15206849E+00  2.05542458E-03
 1.15229191E+00  1.59569425E-03
 1.15008341E+00  1.18516880E-03
 1.14834128E+00  8.41500975E-04
 1.14814501E+00  6.76787895E-04
 1.14885577E+00  7.60250496E-04
 1.14980968E+00  1.09198988E-03
 1.14933024E+00  1.67119007E-03
 1.14684473E+00  2.45362326E-03
 1.14349387E+00  3.34380388E-03
 1.14007145E+00  4.17685444E-03
 1.13765330E+00  4.73531648E-03
 1.13713125E+00  4.81621574E-03
 1.13835811E+00  4.28240329E-03
 1.14117556E+00  3.16227786E-03
 1.14517318E+00  1.65231031E-03
 1.14951660E+00 -8.75278293E-06
 1.15325920E+00 -1.51058699E-03
 1.15472003E+00 -2.43440038E-03
 1.15199471E+00 -2.38935908E-03
 1.14424891E+00 -1.13170675E-03
 1.13240663E+00  1.24820214E-03
 1.12059391E+00  3.96910369E-03
 1.11504695E+00  5.78280494E-03
 1.11972946E+00  5.73752525E-03
 1.13474822E+00  3.42284464E-03
 1.15426653E+00 -6.32799478E-04
 1.16757530E+00 -4.96007983E-03
 1.16782289E+00 -8.31841677E-03
 1.15409136E+00 -9.71569761E-03
 1.13223587E+00 -8.09039977E-03
 1.11489279E+00 -3.13457557E-03
 1.10983691E+00  4.41894440E-03
 1.11777796E+00  1.19429425E-02
 1.13475045E+00  1.28748248E-02
 1.15044813E+00  2.63153786E-03
 1.15885883E+00 -8.06523260E-03
 1.16031852E+00 -4.40144610E-03
 1.15561631E+00  3.99883207E-03
 1.14888386E+00 -4.51808774E-04
 1.14218073E+00 -8.39381881E-03
 1.13389534E+00 -4.58242328E-03
 1.12629786E+00  3.41470520E-03
 1.12263874E+00  5.61538335E-03
 1.12527714E+00  5.27452725E-03
 1.13653001E+00  4.74237751E-03
 1.15242715E+00  2.30440389E-03
 1.16436257E+00 -4.33629050E-04
 1.16707623E+00 -1.35795154E-03
 1.15869806E+00 -5.59796600E-04
 1.14321067E+00  1.18108163E-03
 1.13064096E+00  2.45320678E-03
 1.12662491E+00  2.60706048E-03
 1.13149988E+00  2.06936183E-03
 1.14223777E+00  1.15727691E-03
 1.15079486E+00  5.50809643E-04
 1.15298364E+00  5.95364804E-04
 1.15008338E+00  8.53806505E-04
 1.14406294E+00  1.15588134E-03
 1.13964242E+00  1.34802041E-03
 1.13921893E+00  1.28806598E-03
 1.14089397E+00  1.21678921E-03
 1.14352402E+00  1.21983837E-03
 1.14521711E+00  1.26401043E-03
 1.14485530E+00  1.39390166E-03
 1.14392181E+00  1.52933343E-03
 1.14302180E+00  1.62789672E-03
 1.14249945E+00  1.73047166E-03
 1.14278931E+00  1.82633286E-03
 1.14315281E+00  1.92284553E-03
 1.14328739E+00  2.03205483E-03
 1.14332009E+00  2.13185171E-03
 1.14310965E+00  2.21750212E-03
 1.14287250E+00  2.29055470E-03
 1.14274358E+00  2.34640502E-03
 1.14260075E+00  2.39057648E-03
 1.14247666E+00  2.42627502E-03
 1.14235709E+00  2.45247106E-03
 1.14219890E+00  2.47203415E-03
 1.14205372E+00  2.48697342E-03
 1.14193088E+00  2.49920500E-03
 1.14182577E+00  2.51195993E-03
 1.14175638E+00  2.52540960E-03
 1.14171836E+00  2.53783089E-03
 1.14171067E+00  2.54832827E-03
 1.14174195E+00  2.55630882E-03
 1.14181628E+00  2.56323986E-03
 1.14194164E+00  2.57269852E-03
 1.14212488E+00  2.58652786E-03
 1.14236781E+00  2.60517789E-03
 1.14267075E+00  2.62877818E-03
 1.14303080E+00  2.65610644E-03
 1.14344462E+00  2.68669080E-03
 1.14390910E+00  2.72084205E-03
 1.14441790E+00  2.75716898E-03
 1.14496288E+00  2.79371087E-03
 1.14553427E+00  2.82878066E-03
 1.14612020E+00  2.86069349E-03
 1.14670976E+00  2.88957434E-03
 1.14729253E+00  2.91708733E-03
 1.14785626E+00  2.94411055E-03
 1.14838773E+00  2.97098249E-03
 1.14887245E+00  2.99740933E-03
 1.14929485E+00  3.02200158E-03
 1.14964156E+00  3.04421995E-03
 1.14990198E+00  3.06426782E-03
 1.15006795E+00  3.08177067E-03
 1.15013469E+00  3.09648510E-03
 1.15009902E+00  3.10793515E-03
 1.14995909E+00  3.11527320E-03
 1.14971570E+00  3.11872543E-03
 1.14937199E+00  3.11914387E-03
 1.14893489E+00  3.11689379E-03
 1.14841558E+00  3.11209241E-03
 1.14782808E+00  3.10410992E-03
 1.14718943E+00  3.09147106E-03
 1.14651892E+00  3.07320241E-03
 1.14583710E+00  3.04874496E-03
 1.14516620E+00  3.01751386E-03
 1.14452860E+00  2.97932185E-03
 1.14394482E+00  2.93380867E-03
 1.14343194E+00  2.88043955E-03
 1.14300093E+00  2.81937361E-03
 1.14265693E+00  2.75116647E-03
 1.14240310E+00  2.67650271E-03
 1.14224134E+00  2.59632941E-03
 1.14217400E+00  2.51132421E-03
 1.14220380E+00  2.42199772E-03
 1.14232766E+00  2.32947722E-03
 1.14253712E+00  2.23541783E-03
 1.14282117E+00  2.14197073E-03
 1.14316469E+00  2.05189328E-03
 1.14355165E+00  1.96785616E-03
 1.14396547E+00  1.89235096E-03
 1.14438439E+00  1.82796835E-03
 1.14478484E+00  1.77706239E-03
 1.14514665E+00  1.74178548E-03
 1.14545431E+00  1.72397127E-03
 1.14570215E+00  1.72449522E-03
 1.14589371E+00  1.74344172E-03
 1.14603246E+00  1.78061177E-03
 1.14612099E+00  1.83556270E-03
 1.14616022E+00  1.90803489E-03
 1.14614744E+00  1.99793955E-03
 1.14608512E+00  2.10444673E-03
 1.14597964E+00  2.22611011E-03
 1.14583411E+00  2.36120447E-03
 1.14565209E+00  2.50735487E-03
 1.14543732E+00  2.66177486E-03
 1.14519419E+00  2.82106788E-03
 1.14493706E+00  2.98027625E-03
 1.14468704E+00  3.13311608E-03
 1.14446128E+00  3.27260338E-03
 1.14427368E+00  3.39084419E-03
 1.14413235E+00  3.47924136E-03
 1.14403754E+00  3.52922114E-03
 1.14399177E+00  3.53278891E-03
 1.14399838E+00  3.48370167E-03
 1.14405469E+00  3.37934600E-03
 1.14415511E+00  3.22142079E-03
 1.14428782E+00  3.01585068E-03
 1.14443329E+00  2.77431787E-03
 1.14457097E+00  2.51585848E-03
 1.14467896E+00  2.26475823E-03
 1.14473419E+00  2.04625084E-03
 1.14471722E+00  1.88299583E-03
 1.14461403E+00  1.78908345E-03
 1.14441911E+00  1.76805498E-03
 1.14414033E+00  1.81727470E-03
 1.14380352E+00  1.92344510E-03
 1.14345842E+00  2.05609698E-03
 1.14317285E+00  2.17360432E-03
 1.14301412E+00  2.23123684E-03
 1.14303779E+00  2.18912123E-03
 1.14327056E+00  2.02988831E-03
 1.14370313E+00  1.76042478E-03
 1.14430776E+00  1.39619531E-03
 1.14502496E+00  9.70580254E-04
 1.14574041E+00  5.46450819E-04
 1.14630748E+00  2.02611822E-04
 1.14657646E+00  2.38892483E-05
 1.14642252E+00  8.39120933E-05
 1.14580848E+00  4.04605784E-04
 1.14479299E+00  9.53641198E-04
 1.14347928E+00  1.67226023E-03
 1.14204977E+00  2.45371632E-03
 1.14080802E+00  3.12188990E-03
 1.14011520E+00  3.47327425E-03
 1.14031813E+00  3.33042843E-03
 1.14166278E+00  2.60266443E-03
 1.14411923E+00  1.39932423E-03
 1.14735035E+00  2.19606281E-05
 1.15082285E+00 -1.17264583E-03
 1.15370027E+00 -1.75098675E-03
 1.15471978E+00 -1.18274136E-03
 1.15262948E+00  9.55949545E-04
 1.14696201E+00  4.75058419E-03
 1.13869184E+00  9.65013036E-03
 1.13126206E+00  1.39582422E-02
 1.12951492E+00  1.53194619E-02
 1.13609044E+00  1.22156512E-02
 1.14989645E+00  4.61524045E-03
 1.16412444E+00 -5.08698338E-03
 1.16789371E+00 -1.24796986E-02
 1.15510242E+00 -1.43112544E-02
 1.12726282E+00 -9.17610770E-03
 1.09577943E+00  2.14943261E-03
 1.08010828E+00  1.59317350E-02
 1.09162162E+00  2.81749849E-02
 1.12895622E+00  3.41541996E-02
 1.17657483E+00  2.58477859E-02
 1.20602963E+00 -1.24597474E-04
 1.19997126E+00 -2.87224567E-02
 1.15860399E+00 -3.81218118E-02
 1.09839883E+00 -2.84429649E-02
 1.05269517E+00 -1.19498628E-02
 1.04235696E+00  8.60454432E-03
 1.06856487E+00  2.81057205E-02
 1.11963155E+00  3.74729418E-02
 1.16704927E+00  3.47104707E-02
 1.19277566E+00  2.01966270E-02
 1.19530243E+00 -2.61521122E-03
 1.17504103E+00 -2.18452646E-02
 1.14273451E+00 -2.61806674E-02
 1.10697842E+00 -2.00972697E-02
 1.07216711E+00 -1.47546803E-02
 1.06100733E+00 -3.97325309E-03
 1.09220397E+00  2.01152173E-02
 1.14232132E+00  3.81864897E-02
 1.17301485E+00  2.87518044E-02
 1.18231839E+00  5.25965050E-03
 1.18379990E+00 -7.65723182E-03
 1.17490555E+00 -9.82933963E-03
 1.15896162E+00 -7.56530270E-03
 1.14437885E+00  3.67056791E-06
 1.13044519E+00  6.60999316E-03
 1.12090329E+00  7.16330642E-03
 1.12251776E+00  4.80410379E-03
 1.13670960E+00  1.81423147E-03
 1.16076235E+00  1.05064516E-03
 1.17960595E+00  3.94823567E-03
 1.17538109E+00  7.70271453E-03
 1.15795233E+00  1.06027997E-02
 1.15044897E+00  1.12313480E-02
 1.15160245E+00  8.38976976E-03
 1.15178345E+00  3.43047673E-03
 1.15241491E+00 -1.82545470E-03
 1.15052342E+00 -5.41590853E-03
 1.14265470E+00 -5.60341449E-03
 1.13342039E+00 -2.37379707E-03
 1.12652191E+00  2.66315346E-03
 1.12481687E+00  6.76135280E-03
 1.13048635E+00  7.99818034E-03
 1.14145617E+00  6.06725279E-03
 1.15373478E+00  2.14431450E-03
 1.16223003E+00 -1.08840435E-03
 1.16285563E+00 -2.12073980E-03
 1.15519859E+00 -1.11565905E-03
 1.14302081E+00  1.18216281E-03
 1.13334277E+00  2.94151912E-03
 1.13087170E+00  3.26410894E-03
 1.13636784E+00  2.72046947E-03
 1.14692740E+00  1.73035654E-03
 1.15572308E+00  1.12012504E-03
 1.15893043E+00  1.31550371E-03
 1.15692979E+00  1.75460935E-03
 1.15154238E+00  2.21225893E-03
 1.14736363E+00  2.50303061E-03
 1.14665516E+00  2.45303311E-03
 1.14799837E+00  2.37141875E-03
 1.15035564E+00  2.37324630E-03
 1.15165909E+00  2.41820787E-03
 1.15085560E+00  2.56764129E-03
 1.14937277E+00  2.72661879E-03
 1.14778889E+00  2.84169428E-03
 1.14658659E+00  2.96277700E-03
 1.14621966E+00  3.07456237E-03
 1.14593615E+00  3.18506011E-03
 1.14549597E+00  3.31552326E-03
 1.14506259E+00  3.44933264E-03
 1.14452963E+00  3.58692629E-03
 1.14416466E+00  3.73252593E-03
 1.14410367E+00  3.87878038E-03
 1.14419398E+00  4.02534687E-03
 1.14445364E+00  4.17159000E-03
 1.14485052E+00  4.31405174E-03
 1.14531530E+00  4.45053463E-03
 1.14588083E+00  4.57777589E-03
 1.14652534E+00  4.69229272E-03
 1.14720652E+00  4.79191519E-03
 1.14792859E+00  4.87716877E-03
 1.14868498E+00  4.95094618E-03
 1.14946680E+00  5.01560973E-03
 1.15027129E+00  5.07288754E-03
 1.15106959E+00  5.12344105E-03
 1.15181784E+00  5.16628625E-03
 1.15248834E+00  5.20171800E-03
 1.15306346E+00  5.23098211E-03
 1.15353254E+00  5.25425611E-03
 1.15389951E+00  5.27172414E-03
 1.15416332E+00  5.28295950E-03
 1.15431872E+00  5.28682024E-03
 1.15437552E+00  5.28387188E-03
 1.15434981E+00  5.27555136E-03
 1.15426114E+00  5.26206046E-03
 1.15413507E+00  5.24270224E-03
 1.15398791E+00  5.21505529E-03
 1.15382835E+00  5.17493943E-03
 1.15367074E+00  5.11925116E-03
 1.15353050E+00  5.04609086E-03
 1.15342363E+00  4.95420137E-03
 1.15336664E+00  4.84412631E-03
 1.15336027E+00  4.71738661E-03
 1.15338640E+00  4.57698269E-03
 1.15341064E+00  4.42977057E-03
 1.15338290E+00  4.28505482E-03
 1.15325580E+00  4.15188348E-03
 1.15299455E+00  4.03795382E-03
 1.15258157E+00  3.94648282E-03
 1.15202560E+00  3.87542064E-03
 1.15135403E+00  3.82071639E-03
 1.15062250E+00  3.77439337E-03
 1.14993786E+00  3.72160351E-03
 1.14943970E+00  3.64392725E-03
 1.14926680E+00  3.52277222E-03
 1.14953439E+00  3.34326003E-03
 1.15028457E+00  3.10309456E-03
 1.15147660E+00  2.81368716E-03
 1.15303352E+00  2.49382425E-03
 1.15481318E+00  2.17466512E-03
 1.15656715E+00  1.90534423E-03
 1.15798710E+00  1.74524583E-03
 1.15874897E+00  1.75537687E-03
 1.15857077E+00  1.98763607E-03
 1.15734467E+00  2.46271300E-03
 1.15514918E+00  3.16685741E-03
 1.15215253E+00  4.06710084E-03
 1.14868327E+00  5.09831032E-03
 1.14530602E+00  6.14829528E-03
 1.14271316E+00  7.07647801E-03
 1.14161547E+00  7.73489390E-03
 1.14259133E+00  7.99435328E-03
 1.14577196E+00  7.79934321E-03
 1.15080281E+00  7.17467584E-03
 1.15705898E+00  6.18494926E-03
 1.16346706E+00  4.96539816E-03
 1.16830870E+00  3.75733633E-03
 1.16969631E+00  2.85943605E-03
 1.16630011E+00  2.57432681E-03
 1.15804919E+00  3.14082808E-03
 1.14733744E+00  4.59338147E-03
 1.13836594E+00  6.74319669E-03
 1.13433584E+00  9.27655455E-03
 1.13669129E+00  1.16744134E-02
 1.14409134E+00  1.31212376E-02
 1.15242165E+00  1.27526005E-02
 1.15896088E+00  1.00506904E-02
 1.16265451E+00  5.20999766E-03
 1.16301401E+00 -2.51637725E-04
 1.16122062E+00 -3.91801686E-03
 1.15744593E+00 -4.11323121E-03
 1.15094475E+00 -4.45362217E-04
 1.14335762E+00  5.47067526E-03
 1.13719297E+00  1.02623828E-02
 1.13471698E+00  1.17598279E-02
 1.13800594E+00  9.52284187E-03
 1.14591490E+00  4.75873400E-03
 1.15467297E+00  5.78649444E-04
 1.16181720E+00 -1.27905342E-03
 1.16580159E+00 -9.39531280E-04
 1.16617445E+00  9.18704660E-04
 1.16447018E+00  2.38714838E-03
 1.16105348E+00  2.60451647E-03
 1.15556025E+00  2.33034960E-03
 1.14959664E+00  2.02505057E-03
 1.14516045E+00  2.47871125E-03
 1.14410648E+00  3.95458888E-03
 1.14798054E+00  5.47916826E-03
 1.15495522E+00  6.27999517E-03
 1.16080044E+00  5.63110691E-03
 1.16294739E+00  3.13325188E-03
 1.16050902E+00 -4.87143089E-04
 1.15522114E+00 -3.71337823E-03
 1.15164088E+00 -4.59758204E-03
 1.15204850E+00 -1.87172610E-03
 1.15608214E+00  4.19562450E-03
 1.16219212E+00  1.12835472E-02
 1.16669430E+00  1.55581956E-02
 1.16757375E+00  1.45691814E-02
 1.16534756E+00  8.19062080E-03
 1.16062603E+00 -8.69645901E-04
 1.15517766E+00 -7.33874381E-03
 1.15029342E+00 -7.96302227E-03
 1.14597224E+00 -2.55391842E-03
 1.14331390E+00  6.41089869E-03
 1.14355376E+00  1.34909698E-02
 1.14735695E+00  1.54591689E-02
 1.15496656E+00  1.24197011E-02
 1.16398630E+00  6.08863781E-03
 1.17018573E+00  6.45583595E-04
 1.17076024E+00 -1.51462215E-03
 1.16482509E+00 -8.73019018E-04
 1.15498916E+00  1.95118687E-03
 1.14704023E+00  5.06341225E-03
 1.14457414E+00  7.38537128E-03
 1.14825762E+00  9.53286800E-03
 1.15599586E+00  1.08367656E-02
 1.16241285E+00  1.04185140E-02
 1.16456813E+00  7.77391673E-03
 1.16280843E+00  2.34627549E-03
 1.15851514E+00 -4.03866251E-03
 1.15525704E+00 -7.90539633E-03
 1.15478651E+00 -7.17512714E-03
 1.15597999E+00 -1.31941075E-03
 1.15802800E+00  7.31387663E-03
 1.15932266E+00  1.37040831E-02
 1.15903041E+00  1.48448628E-02
 1.15824122E+00  1.03832806E-02
 1.15739340E+00  2.47498010E-03
 1.15685287E+00 -3.82514674E-03
 1.15696368E+00 -5.60887585E-03
 1.15713369E+00 -3.03113525E-03
 1.15715299E+00  2.31863738E-03
 1.15711462E+00  6.57287004E-03
 1.15691243E+00  7.63865420E-03
 1.15673950E+00  6.23825413E-03
 1.15669811E+00  3.37581657E-03
 1.15668128E+00  1.28104896E-03
 1.15671032E+00  1.12743060E-03
 1.15676362E+00  1.98256062E-03
 1.15679701E+00  3.27453305E-03
 1.15684475E+00  4.11422011E-03
 1.15690243E+00  3.96388660E-03
 1.15695338E+00  3.53787886E-03
 1.15700591E+00  3.13400566E-03
 1.15705346E+00  2.91086014E-03
 1.15709107E+00  3.07445820E-03
 1.15712086E+00  3.27012190E-03
 1.15713514E+00  3.35371654E-03
 1.15712435E+00  3.39308164E-03
 1.15708372E+00  3.32431076E-03
 1.15700958E+00  3.25176319E-03
 1.15690072E+00  3.23836148E-03
 1.15675958E+00  3.21926965E-03
 1.15658746E+00  3.20555801E-03
 1.15638501E+00  3.18754546E-03
 1.15615591E+00  3.13970121E-03
 1.15590486E+00  3.08236138E-03
 1.15563739E+00  3.01488901E-03
 1.15536012E+00  2.92911931E-03
 1.15507740E+00  2.83144022E-03
 1.15479189E+00  2.72011843E-03
 1.15450787E+00  2.59484182E-03
 1.15423062E+00  2.46061813E-03
 1.15396726E+00  2.31935374E-03
 1.15372689E+00  2.17418554E-03
 1.15351648E+00  2.03182514E-03
 1.15334076E+00  1.90075775E-03
 1.15320339E+00  1.79219092E-03
 1.15310583E+00  1.71941595E-03
 1.15304947E+00  1.69423183E-03
 1.15303595E+00  1.72541228E-03
 1.15306498E+00  1.81727666E-03
 1.15313526E+00  1.96769416E-03
 1.15324451E+00  2.16870894E-03
 1.15338920E+00  2.40429033E-03
 1.15356646E+00  2.64607131E-03
 1.15377376E+00  2.85719831E-03
 1.15400733E+00  3.00037087E-03
 1.15426252E+00  3.04322317E-03
 1.15453325E+00  2.96864766E-03
 1.15481218E+00  2.77785635E-03
 1.15509335E+00  2.48144690E-03
 1.15537251E+00  2.10652055E-03
 1.15564705E+00  1.70729185E-03
 1.15591643E+00  1.35434333E-03
 1.15618013E+00  1.12168100E-03
 1.15643727E+00  1.07305046E-03
 1.15668746E+00  1.23138458E-03
 1.15693015E+00  1.57536080E-03
 1.15716577E+00  2.06407333E-03
 1.15739565E+00  2.62037730E-03
 1.15762022E+00  3.11118447E-03
 1.15783963E+00  3.37538824E-03
 1.15805437E+00  3.25298059E-03
 1.15826521E+00  2.62285210E-03
 1.15847475E+00  1.48191663E-03
 1.15868678E+00 -4.40966770E-05
 1.15890360E+00 -1.75399884E-03
 1.15912581E+00 -3.32573427E-03
 1.15935197E+00 -4.26585387E-03
 1.15957822E+00 -4.06487001E-03
 1.15980109E+00 -2.45484628E-03
 1.16001765E+00  3.59142497E-04
 1.16022450E+00  3.32286812E-03
 1.16041870E+00  4.84753472E-03
 1.16059657E+00  3.94224081E-03
 1.16075387E+00  6.39893483E-04
 1.16088807E+00 -3.44281878E-03
 1.16099777E+00 -5.45463611E-03
 1.16108209E+00 -3.73368928E-03
 1.16114105E+00  1.55822651E-03
 1.16117436E+00  8.09912172E-03
 1.16118005E+00  1.16415881E-02
 1.16115334E+00  9.76454152E-03
 1.16108375E+00  2.82980640E-03
 1.16095162E+00 -6.17180527E-03
 1.16073718E+00 -1.16696924E-02
 1.16044258E+00 -1.03811152E-02
 1.16010536E+00 -2.65883280E-03
 1.15981700E+00  8.21440579E-03
 1.15969173E+00  1.58373848E-02
 1.15976702E+00  1.63153414E-02
 1.15995474E+00  9.85939262E-03
 1.15998201E+00 -6.18940482E-04
 1.15947446E+00 -8.96752519E-03
 1.15827793E+00 -1.14511931E-02
 1.15659788E+00 -8.33861593E-03
 1.15514710E+00 -1.56434742E-03
 1.15495683E+00  4.33396264E-03
 1.15651633E+00  6.76657959E-03
 1.15943332E+00  6.48853398E-03
 1.16212486E+00  4.47836291E-03
 1.16222668E+00  3.02346844E-03
 1.15866552E+00  3.19794094E-03
 1.15244834E+00  3.64167869E-03
 1.14729001E+00  3.61596414E-03
 1.14844185E+00  2.26228260E-03
 1.15736698E+00 -7.33470994E-04
 1.16950265E+00 -3.98541025E-03
 1.17235740E+00 -6.27704277E-03
 1.15548881E+00 -6.49890384E-03
 1.13858153E+00 -3.83764395E-03
 1.15052173E+00  1.12612181E-03
 1.17172309E+00  6.69700985E-03
 1.16690404E+00  1.04968218E-02
 1.15231271E+00  1.07369858E-02
 1.15546125E+00  7.11931664E-03
 1.16365748E+00  1.30913932E-03
 1.16197742E+00 -3.40806873E-03
 1.15907041E+00 -4.88369176E-03
 1.16036883E+00 -2.74237961E-03
 1.16115804E+00  1.74353016E-03
 1.16034169E+00  5.46729750E-03
 1.15980399E+00  6.70935667E-03
 1.15952209E+00  5.66829984E-03
 1.15907213E+00  3.17070410E-03
 1.15868024E+00  1.30381095E-03
 1.15852603E+00  1.09054037E-03
 1.15865437E+00  1.87225931E-03
 1.15910324E+00  3.16897717E-03
 1.15986859E+00  4.03529414E-03
 1.16091010E+00  3.98002988E-03
 1.16213866E+00  3.63874054E-03
 1.16338985E+00  3.26623446E-03
 1.16445292E+00  3.07467182E-03
 1.16510697E+00  3.26322554E-03
 1.16516132E+00  3.48116033E-03
 1.16454170E+00  3.59817849E-03
 1.16330063E+00  3.65962756E-03
 1.16154982E+00  3.59658195E-03
 1.15950806E+00  3.51875841E-03
 1.15755797E+00  3.48708299E-03
 1.15616881E+00  3.44451327E-03
 1.15581525E+00  3.40818394E-03
 1.15687213E+00  3.36872246E-03
 1.15939276E+00  3.30424128E-03
 1.16308087E+00  3.23769062E-03
 1.16744482E+00  3.17099291E-03
 1.17167235E+00  3.10036766E-03
 1.17449098E+00  3.03344835E-03
 1.17454651E+00  2.96761365E-03
 1.17100218E+00  2.90151120E-03
 1.16409789E+00  2.83792605E-03
 1.15608776E+00  2.77741674E-03
 1.15060323E+00  2.72221305E-03
 1.15017874E+00  2.67457592E-03
 1.15544501E+00  2.63509051E-03
 1.16405282E+00  2.60364769E-03
 1.17103382E+00  2.57900189E-03
 1.17323537E+00  2.56021341E-03
 1.17009209E+00  2.54687895E-03
 1.16345922E+00  2.53815732E-03
 1.15799275E+00  2.53342166E-03
 1.15625414E+00  2.53192125E-03
 1.15794784E+00  2.53280853E-03
 1.16186253E+00  2.53653114E-03
 1.16489480E+00  2.54438190E-03
 1.16552148E+00  2.55746829E-03
 1.16471968E+00  2.57679110E-03
 1.16319640E+00  2.60249658E-03
 1.16235173E+00  2.63379512E-03
 1.16290934E+00  2.67042868E-03
 1.16391672E+00  2.71240298E-03
 1.16498606E+00  2.75936096E-03
 1.16579060E+00  2.81106960E-03
 1.16602227E+00  2.86686288E-03
 1.16618865E+00  2.92573131E-03
 1.16646631E+00  2.98753183E-03
 1.16676969E+00  3.05254123E-03
 1.16718583E+00  3.12063047E-03
 1.16754060E+00  3.19144955E-03
 1.16773954E+00  3.26394172E-03
 1.16787037E+00  3.33629659E-03
 1.16791094E+00  3.40709754E-03
 1.16787827E+00  3.47518572E-03
 1.16780818E+00  3.53922187E-03
 1.16766882E+00  3.59810040E-03
 1.16746435E+00  3.65060948E-03
 1.16721195E+00  3.69547075E-03
 1.16691116E+00  3.73214703E-03
 1.16657838E+00  3.76059758E-03
 1.16622885E+00  3.78084465E-03
 1.16587185E+00  3.79309528E-03
 1.16552536E+00  3.79737214E-03
 1.16520779E+00  3.79354036E-03
 1.16493372E+00  3.78208402E-03
 1.16471615E+00  3.76403022E-03
 1.16456209E+00  3.74075484E-03
 1.16447258E+00  3.71405771E-03
 1.16444849E+00  3.68547271E-03
 1.16449027E+00  3.65604175E-03
 1.16459761E+00  3.62649314E-03
 1.16477053E+00  3.59680333E-03
 1.16500462E+00  3.56605101E-03
 1.16529128E+00  3.53213859E-03
 1.16562156E+00  3.49098327E-03
 1.16598478E+00  3.43726515E-03
 1.16637009E+00  3.36635681E-03
 1.16676748E+00  3.27535057E-03
 1.16716456E+00  3.16482980E-03
 1.16754934E+00  3.03973075E-03
 1.16791560E+00  2.90787490E-03
 1.16826430E+00  2.78144674E-03
 1.16860758E+00  2.67940360E-03
 1.16896681E+00  2.62474785E-03
 1.16936091E+00  2.64024862E-03
 1.16980256E+00  2.74483619E-03
 1.17029378E+00  2.94639938E-03
 1.17082159E+00  3.24002211E-03
 1.17136616E+00  3.61323264E-03
 1.17189570E+00  4.04126734E-03
 1.17235427E+00  4.48080233E-03
 1.17267233E+00  4.87689151E-03
 1.17278161E+00  5.17166223E-03
 1.17262663E+00  5.31367327E-03
 1.17219199E+00  5.27781331E-03
 1.17150666E+00  5.06805402E-03
 1.17062085E+00  4.70209378E-03
 1.16962138E+00  4.22276683E-03
 1.16865106E+00  3.71179401E-03
 1.16788413E+00  3.27384243E-03
 1.16750157E+00  3.02113729E-03
 1.16765910E+00  3.05213009E-03
 1.16841760E+00  3.40405199E-03
 1.16973442E+00  4.04947092E-03
 1.17151123E+00  4.93281808E-03
 1.17355446E+00  5.94579987E-03
 1.17553177E+00  6.90089373E-03
 1.17702944E+00  7.57109655E-03
 1.17761527E+00  7.72842956E-03
 1.17691930E+00  7.19899205E-03
 1.17480210E+00  5.97804000E-03
 1.17137563E+00  4.24379251E-03
 1.16688199E+00  2.28047116E-03
 1.16178864E+00  5.42953469E-04
 1.15689687E+00 -2.73408117E-04
 1.15319169E+00  5.39609771E-04
 1.15167326E+00  3.32554618E-03
 1.15314655E+00  7.72270935E-03
 1.15778856E+00  1.21140920E-02
 1.16508744E+00  1.40729777E-02
 1.17414450E+00  1.19894301E-02
 1.18342418E+00  5.67272097E-03
 1.19046757E+00 -2.85630949E-03
 1.19257522E+00 -9.69075501E-03
 1.18786367E+00 -1.21563966E-02
 1.17626771E+00 -9.44940425E-03
 1.16126175E+00 -2.74957598E-03
 1.14889107E+00  4.48984101E-03
 1.14368216E+00  1.00498164E-02
 1.14750655E+00  1.33378240E-02
 1.15804801E+00  1.39137793E-02
 1.16896279E+00  1.25237132E-02
 1.17624988E+00  9.29226929E-03
 1.17887290E+00  3.63168436E-03
 1.17747479E+00 -2.94547641E-03
 1.17562857E+00 -8.03620336E-03
 1.17469171E+00 -9.66462047E-03
 1.17340130E+00 -6.26243616E-03
 1.17201718E+00  9.03939281E-04
 1.17045192E+00  8.20329055E-03
 1.16923427E+00  1.32697484E-02
 1.17022890E+00  1.48524820E-02
 1.17255901E+00  1.29892228E-02
 1.17374984E+00  9.71729996E-03
 1.17251263E+00  5.91403510E-03
 1.16802012E+00  1.50257819E-03
 1.16152509E+00 -2.29525922E-03
 1.15645934E+00 -4.34704774E-03
 1.15467243E+00 -3.49566912E-03
 1.15658803E+00  1.33336371E-03
 1.16192419E+00  8.23803019E-03
 1.16876679E+00  1.33929007E-02
 1.17588528E+00  1.43390785E-02
 1.18289233E+00  1.00789802E-02
 1.18826771E+00  2.49801713E-03
 1.19050551E+00 -3.70612932E-03
 1.18840283E+00 -5.89992295E-03
 1.18116022E+00 -3.85253322E-03
 1.17072526E+00  1.08237508E-03
 1.16100387E+00  5.19138604E-03
 1.15495280E+00  6.57832965E-03
 1.15436111E+00  5.85714152E-03
 1.15858948E+00  3.86785455E-03
 1.16441970E+00  2.67650079E-03
 1.16996876E+00  3.28397597E-03
 1.17462207E+00  4.71648633E-03
 1.17777600E+00  6.41116310E-03
 1.17997565E+00  7.52528032E-03
 1.18081410E+00  7.54876261E-03
 1.17904175E+00  7.17120071E-03
 1.17560818E+00  6.72476551E-03
 1.17236849E+00  6.42687995E-03
 1.17073064E+00  6.54837247E-03
 1.17184041E+00  6.81023907E-03
 1.17430506E+00  7.02755168E-03
 1.17476012E+00  7.14454785E-03
 1.17171824E+00  7.03180620E-03
 1.16557509E+00  6.77989558E-03
 1.15884270E+00  6.54081601E-03
 1.15625918E+00  6.41414724E-03
 1.16018470E+00  6.39699256E-03
 1.16967847E+00  6.23273054E-03
 1.18126183E+00  5.39828457E-03
 1.18873749E+00  3.32199456E-03
 1.18823046E+00 -4.44129937E-05
 1.17990030E+00 -3.88337430E-03
 1.16719640E+00 -6.18744309E-03
 1.15702937E+00 -4.34233498E-03
 1.15388936E+00  2.80689516E-03
 1.15810478E+00  1.39695699E-02
 1.16721863E+00  2.43481096E-02
 1.17534015E+00  2.70025042E-02
 1.17902523E+00  1.87375785E-02
 1.17865693E+00  2.48188829E-03
 1.17553982E+00 -1.04300983E-02
 1.17312225E+00 -7.02503555E-03
 1.17296773E+00  4.89829154E-03
 1.17351156E+00  6.80133125E-03
 1.17379231E+00  1.22795087E-03
 1.17234471E+00 -1.19325827E-03
 1.16869472E+00  2.58620662E-04
 1.16476118E+00  7.24091033E-03
 1.16216609E+00  1.54942934E-02
 1.16247925E+00  1.37321355E-02
 1.16670735E+00  7.24657061E-03
 1.17375845E+00  8.38086285E-03
 1.18101203E+00  1.15609462E-02
 1.18490202E+00  7.75712392E-03
 1.18283973E+00  1.20620917E-03
 1.17463860E+00 -3.19825063E-03
 1.16324398E+00 -6.43002027E-03
 1.15415294E+00 -7.63329152E-03
 1.15114638E+00 -4.56712688E-03
 1.15519594E+00  2.30089139E-03
 1.16442968E+00  1.03361874E-02
 1.17381881E+00  1.60348534E-02
 1.18022627E+00  1.68147672E-02
 1.18308404E+00  1.20369032E-02
 1.18228772E+00  3.99703645E-03
 1.17955884E+00 -2.51077250E-03
 1.17555452E+00 -4.47581044E-03
 1.16952794E+00 -1.47220046E-03
 1.16315245E+00  4.61778655E-03
 1.15886371E+00  9.25285343E-03
 1.15861543E+00  9.98629213E-03
 1.16403756E+00  7.26078759E-03
 1.17299569E+00  2.46922481E-03
 1.18049181E+00 -1.12268155E-03
 1.18344850E+00 -1.78200682E-03
 1.18071900E+00 -2.89270368E-04
 1.17408217E+00  2.67888738E-03
 1.16857929E+00  5.60434023E-03
 1.16683790E+00  7.52633831E-03
 1.16870116E+00  8.97321108E-03
 1.17295487E+00  9.71707716E-03
 1.17617981E+00  9.43667312E-03
 1.17676234E+00  8.02775692E-03
 1.17572608E+00  5.09066041E-03
 1.17379259E+00  1.49911448E-03
 1.17249904E+00 -9.70598803E-04
 1.17262710E+00 -1.22117364E-03
 1.17315728E+00  1.20947774E-03
 1.17369396E+00  5.29384089E-03
 1.17389186E+00  8.59020317E-03
 1.17343144E+00  9.62521863E-03
 1.17287522E+00  8.10826749E-03
 1.17242622E+00  4.87807924E-03
 1.17200867E+00  2.16717042E-03
 1.17173103E+00  1.18435760E-03
 1.17141732E+00  1.77962467E-03
 1.17097438E+00  3.39162530E-03
 1.17050143E+00  4.55159510E-03
 1.16997966E+00  4.54176190E-03
 1.16943434E+00  3.83484421E-03
 1.16891476E+00  2.77091127E-03
 1.16840232E+00  2.01944968E-03
 1.16791850E+00  1.93404143E-03
 1.16750160E+00  2.07598592E-03
 1.16717769E+00  2.27436998E-03
 1.16699284E+00  2.38782091E-03
 1.16698782E+00  2.28242758E-03
 1.16718741E+00  2.20793793E-03
 1.16760429E+00  2.25560135E-03
 1.16822792E+00  2.38889971E-03
 1.16902841E+00  2.64692708E-03
 1.16995197E+00  2.93773641E-03
 1.17090795E+00  3.19687943E-03
 1.17178108E+00  3.43804445E-03
 1.17245307E+00  3.62253580E-03
 1.17281952E+00  3.73370773E-03
 1.17282323E+00  3.77318288E-03
 1.17246280E+00  3.72315219E-03
 1.17176702E+00  3.58953031E-03
 1.17081716E+00  3.39628989E-03
 1.16977775E+00  3.18053263E-03
 1.16886462E+00  3.00056763E-03
 1.16830597E+00  2.91583598E-03
 1.16830014E+00  2.97469729E-03
 1.16892298E+00  3.19859627E-03
 1.17011770E+00  3.57542961E-03
 1.17177017E+00  4.07814456E-03
 1.17365854E+00  4.65357391E-03
 1.17539341E+00  5.20482517E-03
 1.17649926E+00  5.61045192E-03
 1.17649551E+00  5.74318048E-03
 1.17500611E+00  5.49414746E-03
 1.17199365E+00  4.82814185E-03
 1.16778619E+00  3.78810448E-03
 1.16291479E+00  2.45322353E-03
 1.15824331E+00  9.67755783E-04
 1.15510994E+00 -4.27981004E-04
