# x =
 1.82234968E+01
# y =
 3.25097170E+00
 VARIABLES = u,v
 1.17371579E+00  6.49475047E-03
 1.17374056E+00  6.50201779E-03
 1.17368558E+00  6.49082541E-03
 1.17354831E+00  6.46009898E-03
 1.17332601E+00  6.40884791E-03
 1.17302095E+00  6.33707117E-03
 1.17263997E+00  6.24567566E-03
 1.17219534E+00  6.13734766E-03
 1.17170524E+00  6.01643533E-03
 1.17118797E+00  5.88724171E-03
 1.17066171E+00  5.75400999E-03
 1.17014698E+00  5.62100798E-03
 1.16966349E+00  5.49189624E-03
 1.16922993E+00  5.37050951E-03
 1.16886254E+00  5.26047592E-03
 1.16856919E+00  5.16375569E-03
 1.16835096E+00  5.08118847E-03
 1.16820774E+00  5.01318855E-03
 1.16813859E+00  4.95984424E-03
 1.16814518E+00  4.92221273E-03
 1.16823193E+00  4.90208910E-03
 1.16839726E+00  4.89993682E-03
 1.16863461E+00  4.91517552E-03
 1.16893635E+00  4.94658373E-03
 1.16929117E+00  4.99178052E-03
 1.16968806E+00  5.04857547E-03
 1.17011631E+00  5.11485861E-03
 1.17055846E+00  5.18707118E-03
 1.17099420E+00  5.26110058E-03
 1.17140662E+00  5.33318739E-03
 1.17178259E+00  5.39998561E-03
 1.17211803E+00  5.45992502E-03
 1.17241762E+00  5.51310556E-03
 1.17268453E+00  5.55940553E-03
 1.17292022E+00  5.59866537E-03
 1.17312521E+00  5.63080805E-03
 1.17329645E+00  5.65551115E-03
 1.17343480E+00  5.67391447E-03
 1.17354407E+00  5.68860945E-03
 1.17362333E+00  5.70245477E-03
 1.17367043E+00  5.71885576E-03
 1.17368311E+00  5.74078153E-03
 1.17365909E+00  5.77005455E-03
 1.17360402E+00  5.80785526E-03
 1.17352917E+00  5.85367445E-03
 1.17344121E+00  5.90413119E-03
 1.17334313E+00  5.95218222E-03
 1.17323292E+00  5.98531049E-03
 1.17310210E+00  5.98697051E-03
 1.17294562E+00  5.94141997E-03
 1.17276173E+00  5.83605682E-03
 1.17254683E+00  5.66504347E-03
 1.17229938E+00  5.43125614E-03
 1.17201794E+00  5.14244437E-03
 1.17170136E+00  4.81435251E-03
 1.17135669E+00  4.47641846E-03
 1.17099653E+00  4.16672279E-03
 1.17063308E+00  3.92511172E-03
 1.17027831E+00  3.78714081E-03
 1.16993938E+00  3.77015022E-03
 1.16961831E+00  3.87143349E-03
 1.16932114E+00  4.08012901E-03
 1.16905644E+00  4.36951817E-03
 1.16883205E+00  4.68741620E-03
 1.16865734E+00  4.96700417E-03
 1.16853812E+00  5.13569266E-03
 1.16847634E+00  5.12892501E-03
 1.16847645E+00  4.92231794E-03
 1.16854181E+00  4.53313760E-03
 1.16867071E+00  3.99574763E-03
 1.16885641E+00  3.37758019E-03
 1.16908221E+00  2.79526442E-03
 1.16932302E+00  2.38924600E-03
 1.16955540E+00  2.30108857E-03
 1.16975910E+00  2.63817202E-03
 1.16991936E+00  3.39964289E-03
 1.17003068E+00  4.46836931E-03
 1.17009107E+00  5.65964460E-03
 1.17010566E+00  6.68014994E-03
 1.17009605E+00  7.08487266E-03
 1.17009395E+00  6.42455065E-03
 1.17013231E+00  4.49103721E-03
 1.17023952E+00  1.53877677E-03
 1.17042326E+00 -1.35955948E-03
 1.17066876E+00 -2.60795798E-03
 1.17095449E+00 -1.15366097E-03
 1.17124372E+00  3.11154891E-03
 1.17147372E+00  8.82377880E-03
 1.17156872E+00  1.33677916E-02
 1.17144910E+00  1.49395306E-02
 1.17104696E+00  1.29745996E-02
 1.17034314E+00  8.24057079E-03
 1.16936895E+00  3.02979390E-03
 1.16817953E+00 -1.16649999E-03
 1.16687228E+00 -3.90736090E-03
 1.16560451E+00 -4.81975614E-03
 1.16456656E+00 -4.29463414E-03
 1.16395886E+00 -2.30962045E-03
 1.16395412E+00  1.61089417E-03
 1.16461727E+00  6.49880408E-03
 1.16589794E+00  1.07351845E-02
 1.16768399E+00  1.29484758E-02
 1.16975773E+00  1.19779813E-02
 1.17175055E+00  8.44835548E-03
 1.17321149E+00  4.50483980E-03
 1.17368456E+00  1.47792036E-03
 1.17280779E+00  4.74482241E-05
 1.17051220E+00  2.51698520E-04
 1.16705184E+00  1.00315648E-03
 1.16286959E+00  2.00799609E-03
 1.15871445E+00  3.64388419E-03
 1.15577625E+00  5.48352120E-03
 1.15533104E+00  7.07892444E-03
 1.15816598E+00  7.84200390E-03
 1.16405388E+00  6.93192788E-03
 1.17087664E+00  4.79357661E-03
 1.17522378E+00  2.73214932E-03
 1.17473114E+00  1.50732204E-03
 1.16884492E+00  1.56084249E-03
 1.15983202E+00  2.59135148E-03
 1.15243765E+00  3.40946662E-03
 1.14969493E+00  3.54091994E-03
 1.15218838E+00  3.17311161E-03
 1.15820363E+00  2.54157920E-03
 1.16336314E+00  2.32613425E-03
 1.16524465E+00  2.78088849E-03
 1.16409156E+00  3.51972672E-03
 1.16096760E+00  4.33228551E-03
 1.15869037E+00  4.90860718E-03
 1.15858236E+00  5.00848196E-03
 1.15962225E+00  4.76128455E-03
 1.16109464E+00  4.19638289E-03
 1.16169056E+00  3.33082027E-03
 1.16076609E+00  2.27431486E-03
 1.15930932E+00  1.06854927E-03
 1.15786216E+00 -1.09728806E-04
 1.15695833E+00 -9.62632315E-04
 1.15712217E+00 -1.23960845E-03
 1.15807012E+00 -7.22938062E-04
 1.15968658E+00  6.37399659E-04
 1.16194947E+00  2.67162419E-03
 1.16460577E+00  5.11896021E-03
 1.16752563E+00  7.54730443E-03
 1.17031817E+00  9.26412897E-03
 1.17232709E+00  9.52982621E-03
 1.17299580E+00  7.86200340E-03
 1.17185224E+00  4.32559108E-03
 1.16879177E+00  3.16648114E-05
 1.16419281E+00 -3.18196320E-03
 1.15864618E+00 -4.01221835E-03
 1.15312741E+00 -2.08189760E-03
 1.14918829E+00  1.53512612E-03
 1.14847324E+00  4.47574639E-03
 1.15201007E+00  5.29635946E-03
 1.15954214E+00  3.83435554E-03
 1.16839745E+00  1.06725103E-03
 1.17425398E+00 -7.02334774E-04
 1.17410468E+00 -2.65154435E-04
 1.16722030E+00  2.07996032E-03
 1.15643315E+00  5.46677948E-03
 1.14770613E+00  8.02095933E-03
 1.14482375E+00  8.65940717E-03
 1.14846822E+00  7.62239918E-03
 1.15642395E+00  5.22486604E-03
 1.16312218E+00  2.36020221E-03
 1.16549721E+00 -2.86967534E-04
 1.16390240E+00 -2.66065864E-03
 1.15978881E+00 -4.11390694E-03
 1.15687053E+00 -3.90990000E-03
 1.15696418E+00 -1.63892257E-03
 1.15888367E+00  2.81551167E-03
 1.16174842E+00  8.08567967E-03
 1.16383253E+00  1.17666496E-02
 1.16421785E+00  1.22502236E-02
 1.16399076E+00  9.02834594E-03
 1.16355943E+00  3.55811197E-03
 1.16326282E+00 -9.15809567E-04
 1.16341617E+00 -2.38732491E-03
 1.16336337E+00 -5.09619305E-04
 1.16286745E+00  3.51908834E-03
 1.16202967E+00  6.66594062E-03
 1.16077181E+00  7.28742051E-03
 1.15936645E+00  5.62213027E-03
 1.15803278E+00  2.52159648E-03
 1.15680268E+00  9.05918354E-05
 1.15584595E+00 -5.90944340E-04
 1.15526862E+00 -8.49548851E-05
 1.15510319E+00  1.17883261E-03
 1.15539988E+00  2.26982628E-03
 1.15612549E+00  2.67142953E-03
 1.15716403E+00  2.91441236E-03
 1.15831291E+00  3.09845253E-03
 1.15928093E+00  3.24962356E-03
 1.15976793E+00  3.38087730E-03
 1.15952413E+00  3.01578005E-03
 1.15844576E+00  2.02058931E-03
 1.15660063E+00  5.72350620E-04
 1.15413418E+00 -1.18092635E-03
 1.15133005E+00 -2.78737405E-03
 1.14869691E+00 -3.65547913E-03
 1.14686191E+00 -3.28806837E-03
 1.14645675E+00 -1.37076041E-03
 1.14797796E+00  1.88176130E-03
 1.15148496E+00  5.33181335E-03
 1.15656321E+00  7.28422754E-03
 1.16254073E+00  6.58091324E-03
 1.16832006E+00  3.02679585E-03
 1.17219030E+00 -2.05116251E-03
 1.17233683E+00 -6.03654258E-03
 1.16763729E+00 -7.18599338E-03
 1.15841114E+00 -5.05128348E-03
 1.14768146E+00 -5.14636426E-04
 1.14031821E+00  4.01590401E-03
 1.13972171E+00  7.03084074E-03
 1.14674115E+00  8.21996602E-03
 1.15822546E+00  7.46732317E-03
 1.16750894E+00  5.54748141E-03
 1.17036209E+00  2.84145830E-03
 1.16602591E+00 -7.65784145E-04
 1.15699159E+00 -4.00715761E-03
 1.14950987E+00 -5.15855011E-03
 1.14701939E+00 -3.04883200E-03
 1.14912429E+00  2.78867298E-03
 1.15419860E+00  1.02132161E-02
 1.15807542E+00  1.51648632E-02
 1.15870852E+00  1.51154433E-02
 1.15740650E+00  9.51581378E-03
 1.15511398E+00  7.06364398E-04
 1.15370571E+00 -6.16691051E-03
 1.15414989E+00 -8.05947155E-03
 1.15516767E+00 -4.76044271E-03
 1.15624270E+00  1.77375077E-03
 1.15694450E+00  6.85912337E-03
 1.15686717E+00  7.89880441E-03
 1.15669812E+00  5.34030143E-03
 1.15667784E+00  6.32686333E-04
 1.15669207E+00 -2.86654057E-03
 1.15686072E+00 -3.36601713E-03
 1.15695563E+00 -1.73161611E-03
 1.15685510E+00  1.06886234E-03
 1.15668316E+00  3.11936839E-03
 1.15641478E+00  3.31340950E-03
 1.15607577E+00  2.40621752E-03
 1.15572001E+00  8.51795733E-04
 1.15531132E+00 -6.53075185E-04
 1.15485988E+00 -1.60013177E-03
 1.15439161E+00 -2.45524798E-03
 1.15390428E+00 -3.25143220E-03
 1.15341393E+00 -3.81725737E-03
 1.15293583E+00 -4.04647723E-03
 1.15247788E+00 -3.45038532E-03
 1.15205990E+00 -1.88317187E-03
 1.15170401E+00  4.16711403E-04
 1.15142595E+00  3.20564122E-03
 1.15123867E+00  5.92581907E-03
 1.15115011E+00  7.77860856E-03
 1.15116164E+00  8.01823796E-03
 1.15127463E+00  6.13763815E-03
 1.15149001E+00  2.26465876E-03
 1.15180412E+00 -2.29797815E-03
 1.15221084E+00 -5.48435612E-03
 1.15269979E+00 -5.83292331E-03
 1.15325570E+00 -2.95466183E-03
 1.15386312E+00  1.83846591E-03
 1.15450536E+00  5.75194049E-03
 1.15516270E+00  7.03097772E-03
 1.15581376E+00  5.39109304E-03
 1.15643397E+00  1.91334552E-03
 1.15699707E+00 -7.45790638E-04
 1.15748088E+00 -1.14828702E-03
 1.15786882E+00  4.78934777E-04
 1.15815164E+00  3.33957265E-03
 1.15832837E+00  5.52571358E-03
 1.15840098E+00  6.03141887E-03
 1.15837385E+00  5.30283785E-03
 1.15825477E+00  3.69932475E-03
 1.15805439E+00  2.05307078E-03
 1.15779224E+00  8.45988399E-04
 1.15749710E+00 -3.34825032E-04
 1.15720315E+00 -1.47772104E-03
 1.15695014E+00 -2.47949323E-03
 1.15677780E+00 -3.21804666E-03
 1.15672242E+00 -3.15555197E-03
 1.15681753E+00 -2.12307143E-03
 1.15708607E+00 -2.96689144E-04
 1.15753075E+00  2.14394277E-03
 1.15812537E+00  4.69568238E-03
 1.15880018E+00  6.64644946E-03
 1.15945648E+00  7.32740450E-03
 1.16001284E+00  6.23627212E-03
 1.16042830E+00  3.40504355E-03
 1.16073615E+00 -1.22479952E-04
 1.16101964E+00 -2.63801708E-03
 1.16128744E+00 -2.90600767E-03
 1.16143621E+00 -5.30392879E-04
 1.16121673E+00  3.54662787E-03
 1.16030949E+00  7.17882858E-03
 1.15865542E+00  9.01635805E-03
 1.15659490E+00  8.78602034E-03
 1.15498467E+00  7.07748624E-03
 1.15501224E+00  5.57658892E-03
 1.15735022E+00  5.04365438E-03
 1.16179558E+00  5.00918308E-03
 1.16694428E+00  4.76168935E-03
 1.17044607E+00  2.99573593E-03
 1.17074816E+00 -7.42004242E-04
 1.16763900E+00 -5.48267715E-03
 1.16256658E+00 -9.79418223E-03
 1.15816513E+00 -1.16110114E-02
 1.15487790E+00 -9.34739188E-03
 1.14983908E+00 -2.63919468E-03
 1.13641451E+00  8.06950335E-03
 1.11277636E+00  2.09063924E-02
 1.10403709E+00  3.26592091E-02
 1.13881752E+00  3.83946916E-02
 1.18867903E+00  2.98734910E-02
 1.20246457E+00  2.24698509E-03
 1.18569962E+00 -3.18885615E-02
 1.16304103E+00 -5.15346183E-02
 1.12754389E+00 -5.20900342E-02
 1.08033026E+00 -3.83000738E-02
 1.04379247E+00 -1.11757690E-02
 1.03394140E+00  2.15314024E-02
 1.05982714E+00  4.70086187E-02
 1.12157389E+00  5.61038740E-02
 1.19138870E+00  4.26725264E-02
 1.22853800E+00  8.48611692E-03
 1.22379899E+00 -2.98106672E-02
 1.19051031E+00 -5.02538563E-02
 1.13630840E+00 -4.82503002E-02
 1.07961930E+00 -3.22838529E-02
 1.04664661E+00 -6.61243582E-03
 1.04995202E+00  2.06399315E-02
 1.08511433E+00  3.84422263E-02
 1.13293015E+00  4.30309946E-02
 1.17241758E+00  3.41533994E-02
 1.18992516E+00  1.56541874E-02
 1.19195981E+00 -3.86495022E-03
 1.19667841E+00 -1.66734224E-02
 1.18665447E+00 -2.19547121E-02
 1.13723507E+00 -2.28460695E-02
 1.08865099E+00 -1.43551269E-02
 1.09317508E+00  7.71674134E-03
 1.12618098E+00  2.79669761E-02
 1.14074865E+00  2.82956994E-02
 1.14586172E+00  1.68405296E-02
 1.15915033E+00  1.08685778E-02
 1.16996015E+00  6.72613782E-03
 1.17568950E+00 -3.23621090E-03
 1.17863752E+00 -1.27023732E-02
 1.17116829E+00 -1.66558023E-02
 1.15521515E+00 -1.47809734E-02
 1.14063084E+00 -5.55855219E-03
 1.13298091E+00  5.29137842E-03
 1.13655820E+00  8.04613402E-03
 1.14821559E+00  4.71327923E-03
 1.15688311E+00  2.29841800E-03
 1.15781974E+00 -1.89031280E-03
 1.15189790E+00 -1.00340993E-02
 1.14320553E+00 -1.20401582E-02
 1.14134874E+00  5.27523621E-04
 1.15009390E+00  1.71961338E-02
 1.16507289E+00  2.13714493E-02
 1.17877980E+00  1.26214010E-02
 1.17948825E+00 -2.15262376E-03
 1.16095609E+00 -1.92374782E-02
 1.12727838E+00 -2.99720373E-02
 1.09067605E+00 -2.63592958E-02
 1.07042625E+00 -9.17536871E-03
 1.07890650E+00  1.30955236E-02
 1.11535023E+00  2.70445575E-02
 1.16526211E+00  2.65659645E-02
 1.20185020E+00  1.40527795E-02
 1.20783631E+00 -6.06799442E-03
 1.18182616E+00 -2.38505607E-02
 1.13689844E+00 -2.97624203E-02
 1.10138828E+00 -2.14249834E-02
 1.09231253E+00 -4.53025717E-03
 1.10943552E+00  8.80864261E-03
 1.14315101E+00  1.29682077E-02
 1.17063948E+00  9.36414158E-03
 1.17938860E+00  1.05160175E-04
 1.17298347E+00 -8.24185664E-03
 1.15738238E+00 -1.11823723E-02
 1.14616963E+00 -9.70690135E-03
 1.14634712E+00 -4.81700657E-03
 1.15249228E+00  7.66560395E-05
 1.16114141E+00  7.83487097E-04
 1.16665524E+00 -2.91317915E-03
 1.16578627E+00 -5.31803889E-03
 1.16293676E+00  3.13653525E-04
 1.16003356E+00  6.95929075E-03
 1.15833393E+00  2.64470947E-03
 1.15929644E+00 -4.86404560E-03
 1.16087576E+00 -2.38348193E-03
 1.16228475E+00  3.80841475E-03
 1.16391182E+00  3.95286678E-03
 1.16530219E+00  1.96670937E-03
 1.16698150E+00  2.20831323E-03
 1.16906161E+00  2.32499101E-03
 1.17078336E+00  1.72670787E-03
 1.17184209E+00  1.84921531E-03
 1.17184659E+00  2.34869573E-03
 1.17051639E+00  2.76676175E-03
 1.16807839E+00  3.25323516E-03
 1.16471986E+00  3.76802024E-03
 1.16075847E+00  4.33879735E-03
 1.15687614E+00  4.93360977E-03
 1.15384270E+00  5.36310809E-03
 1.15244722E+00  5.50798566E-03
 1.15334185E+00  5.24957489E-03
 1.15660306E+00  4.52946956E-03
 1.16171590E+00  3.42012090E-03
 1.16785357E+00  2.00937079E-03
 1.17365278E+00  4.43487825E-04
 1.17698991E+00 -1.01666179E-03
 1.17564148E+00 -2.06864932E-03
 1.16831635E+00 -2.40592507E-03
 1.15563241E+00 -1.78127260E-03
 1.14174667E+00 -1.57187216E-04
 1.13318477E+00  2.28056634E-03
 1.13442239E+00  5.21744401E-03
 1.14638288E+00  8.12746473E-03
 1.16442708E+00  1.01871144E-02
 1.17908041E+00  1.05169810E-02
 1.18414726E+00  8.56857076E-03
 1.17820542E+00  4.48421959E-03
 1.16451351E+00 -3.04323210E-04
 1.15173330E+00 -3.48254854E-03
 1.14492685E+00 -3.43888141E-03
 1.14430231E+00  2.18120746E-04
 1.14887409E+00  5.97273588E-03
 1.15433012E+00  1.06332862E-02
 1.15872485E+00  1.21736353E-02
 1.16360700E+00  1.02283578E-02
 1.16810273E+00  5.98485680E-03
 1.17126664E+00  2.42669868E-03
 1.17199481E+00  1.19724501E-03
 1.16798504E+00  2.10968850E-03
 1.16080838E+00  4.38950563E-03
 1.15466047E+00  6.04987148E-03
 1.15203300E+00  6.11918826E-03
 1.15441747E+00  5.23161316E-03
 1.16040958E+00  3.85380373E-03
 1.16545977E+00  2.90080142E-03
 1.16732314E+00  2.85132820E-03
 1.16600273E+00  3.10577452E-03
 1.16249474E+00  3.42152176E-03
 1.15990832E+00  3.58948805E-03
 1.15964539E+00  3.41458468E-03
 1.16079072E+00  3.22745421E-03
 1.16272218E+00  3.14700750E-03
 1.16403957E+00  3.12649979E-03
 1.16403934E+00  3.22705612E-03
 1.16363031E+00  3.33935138E-03
 1.16315570E+00  3.40771527E-03
 1.16292800E+00  3.49303623E-03
 1.16323865E+00  3.58394957E-03
 1.16358905E+00  3.69211761E-03
 1.16379365E+00  3.83297480E-03
 1.16390706E+00  3.97104855E-03
 1.16382460E+00  4.09269283E-03
 1.16370067E+00  4.18973307E-03
 1.16362295E+00  4.23974370E-03
 1.16351744E+00  4.23108934E-03
 1.16341229E+00  4.14968055E-03
 1.16329532E+00  3.97928852E-03
 1.16314188E+00  3.71912370E-03
 1.16299187E+00  3.37889677E-03
 1.16285533E+00  2.97530894E-03
 1.16273472E+00  2.53818105E-03
 1.16264190E+00  2.10991869E-03
 1.16256903E+00  1.74067116E-03
 1.16251252E+00  1.48363359E-03
 1.16247602E+00  1.38558382E-03
 1.16246233E+00  1.47124323E-03
 1.16248047E+00  1.74020685E-03
 1.16253636E+00  2.17486083E-03
 1.16263114E+00  2.72989491E-03
 1.16276706E+00  3.32029385E-03
 1.16294410E+00  3.83556600E-03
 1.16316278E+00  4.16016276E-03
 1.16342457E+00  4.19480510E-03
 1.16372499E+00  3.89886517E-03
 1.16405577E+00  3.29685256E-03
 1.16440838E+00  2.44437166E-03
 1.16477270E+00  1.45281472E-03
 1.16513988E+00  5.20624543E-04
 1.16550270E+00 -1.07249858E-04
 1.16585086E+00 -1.84381664E-04
 1.16617228E+00  4.82215018E-04
 1.16645554E+00  1.91624397E-03
 1.16668873E+00  3.95684652E-03
 1.16686171E+00  6.34117982E-03
 1.16696699E+00  8.63881855E-03
 1.16699767E+00  1.01772362E-02
 1.16694852E+00  1.02414826E-02
 1.16681659E+00  8.38925524E-03
 1.16660042E+00  4.74475194E-03
 1.16630077E+00  4.92507537E-04
 1.16592096E+00 -2.45765373E-03
 1.16546727E+00 -2.77233335E-03
 1.16494942E+00 -1.18706128E-04
 1.16438076E+00  4.26915149E-03
 1.16377784E+00  7.77999103E-03
 1.16315901E+00  8.75830432E-03
 1.16254376E+00  6.91007209E-03
 1.16195220E+00  3.21503596E-03
 1.16140376E+00  1.26435492E-04
 1.16091643E+00 -1.00457691E-03
 1.16050513E+00 -3.30408947E-04
 1.16017876E+00  1.51369204E-03
 1.15994092E+00  2.89613844E-03
 1.15979292E+00  3.01653034E-03
 1.15973459E+00  2.38989213E-03
 1.15976671E+00  1.38974673E-03
 1.15989065E+00  7.54945601E-04
 1.16010223E+00  8.68018678E-04
 1.16039232E+00  1.22952930E-03
 1.16074916E+00  1.63771509E-03
 1.16115686E+00  1.92302534E-03
 1.16159896E+00  1.92590310E-03
 1.16205866E+00  1.91578974E-03
 1.16251411E+00  1.98638319E-03
 1.16294185E+00  2.09241059E-03
 1.16332147E+00  2.27998655E-03
 1.16363678E+00  2.45830795E-03
 1.16388090E+00  2.57930823E-03
 1.16405576E+00  2.69170453E-03
 1.16416337E+00  2.78526368E-03
 1.16420542E+00  2.86915804E-03
 1.16418265E+00  2.96206404E-03
 1.16409318E+00  3.04576040E-03
 1.16394072E+00  3.12011948E-03
 1.16373362E+00  3.19072532E-03
 1.16347828E+00  3.25105022E-03
 1.16318238E+00  3.30127298E-03
 1.16285389E+00  3.34048867E-03
 1.16250095E+00  3.36446523E-03
 1.16213959E+00  3.37484908E-03
 1.16179040E+00  3.37509579E-03
 1.16146915E+00  3.36610128E-03
 1.16118673E+00  3.34813071E-03
 1.16094572E+00  3.31991369E-03
 1.16073956E+00  3.27800122E-03
 1.16056374E+00  3.22066277E-03
 1.16041592E+00  3.14762817E-03
 1.16029275E+00  3.05767182E-03
 1.16019333E+00  2.95029811E-03
 1.16011357E+00  2.82576393E-03
 1.16004683E+00  2.68511318E-03
 1.15999254E+00  2.53315410E-03
 1.15995283E+00  2.37756048E-03
 1.15992922E+00  2.22579489E-03
 1.15992284E+00  2.08505388E-03
 1.15992744E+00  1.96077935E-03
 1.15993104E+00  1.85613360E-03
 1.15992690E+00  1.77546007E-03
 1.15991275E+00  1.72355018E-03
 1.15989061E+00  1.70355113E-03
 1.15986880E+00  1.71812780E-03
 1.15985281E+00  1.76832426E-03
 1.15984517E+00  1.85365356E-03
 1.15985135E+00  1.97519850E-03
 1.15987586E+00  2.13434258E-03
 1.15992299E+00  2.32995527E-03
 1.15999683E+00  2.55872262E-03
 1.16009367E+00  2.81393705E-03
 1.16020446E+00  3.08540922E-03
 1.16032178E+00  3.36324014E-03
 1.16043995E+00  3.63785534E-03
 1.16055923E+00  3.89904059E-03
 1.16068667E+00  4.13757282E-03
 1.16082712E+00  4.34436643E-03
 1.16098482E+00  4.51120095E-03
 1.16116777E+00  4.63407242E-03
 1.16138356E+00  4.71217510E-03
 1.16164062E+00  4.74563217E-03
 1.16194596E+00  4.73539752E-03
 1.16229505E+00  4.68097919E-03
 1.16267298E+00  4.58067026E-03
 1.16306014E+00  4.43619180E-03
 1.16342846E+00  4.25214559E-03
 1.16374087E+00  4.03461675E-03
 1.16395627E+00  3.79230478E-03
 1.16403197E+00  3.53367243E-03
 1.16393167E+00  3.26683852E-03
 1.16364036E+00  3.00273031E-03
 1.16316637E+00  2.75293657E-03
 1.16253500E+00  2.52729842E-03
 1.16179772E+00  2.33344660E-03
 1.16104098E+00  2.17349038E-03
 1.16037366E+00  2.04457098E-03
 1.15990887E+00  1.94417284E-03
 1.15974412E+00  1.87045372E-03
 1.15992394E+00  1.82302468E-03
 1.16043286E+00  1.80412604E-03
 1.16122296E+00  1.81379430E-03
 1.16219074E+00  1.85073546E-03
 1.16314774E+00  1.91643082E-03
 1.16385489E+00  2.01262796E-03
 1.16406261E+00  2.14063870E-03
 1.16355798E+00  2.30040526E-03
 1.16226515E+00  2.48444837E-03
 1.16025713E+00  2.67898183E-03
 1.15767889E+00  2.86999453E-03
 1.15480294E+00  3.04180934E-03
 1.15209386E+00  3.17696315E-03
 1.15011798E+00  3.25908442E-03
 1.14944646E+00  3.27094626E-03
 1.15053078E+00  3.19785919E-03
 1.15344382E+00  3.03598589E-03
 1.15784454E+00  2.79218164E-03
 1.16315539E+00  2.48221344E-03
 1.16841363E+00  2.13488600E-03
 1.17210421E+00  1.79340460E-03
 1.17261189E+00  1.51029383E-03
 1.16894593E+00  1.34009659E-03
 1.16140933E+00  1.32986185E-03
 1.15271619E+00  1.50344445E-03
 1.14722158E+00  1.85748651E-03
 1.14793693E+00  2.37030305E-03
 1.15554670E+00  2.99079349E-03
 1.16710253E+00  3.62442486E-03
 1.17647178E+00  4.14901206E-03
 1.17971486E+00  4.43779042E-03
 1.17603838E+00  4.38231573E-03
 1.16762932E+00  3.93858405E-03
 1.16012304E+00  3.13440197E-03
 1.15666484E+00  2.03206394E-03
 1.15701214E+00  7.55357387E-04
 1.15991062E+00 -4.75951752E-04
 1.16187972E+00 -1.39046684E-03
 1.16136246E+00 -1.71451850E-03
 1.15978790E+00 -1.23194270E-03
 1.15812196E+00  8.95752734E-05
 1.15801519E+00  2.08164359E-03
 1.16022406E+00  4.46514867E-03
 1.16334245E+00  6.77849436E-03
 1.16643538E+00  8.29591949E-03
 1.16852606E+00  8.24440305E-03
 1.16865593E+00  6.14578361E-03
 1.16697893E+00  2.13578113E-03
 1.16364877E+00 -2.49922732E-03
 1.15893985E+00 -5.68596538E-03
 1.15357398E+00 -5.97810484E-03
 1.14835203E+00 -3.01614238E-03
 1.14474705E+00  1.85860193E-03
 1.14455420E+00  5.80939713E-03
 1.14879143E+00  7.03605762E-03
 1.15718477E+00  5.21503404E-03
 1.16697114E+00  1.40293262E-03
 1.17358742E+00 -1.74575350E-03
 1.17388099E+00 -2.77132149E-03
 1.16708402E+00 -1.84395556E-03
 1.15611574E+00  3.45210783E-04
 1.14717681E+00  2.02677507E-03
 1.14420573E+00  2.33274904E-03
 1.14791391E+00  1.82163445E-03
 1.15601503E+00  8.97589249E-04
 1.16273951E+00  3.59715870E-04
 1.16491811E+00  6.22024442E-04
 1.16293289E+00  1.14288582E-03
 1.15829248E+00  1.70260392E-03
 1.15484803E+00  2.11653713E-03
 1.15448680E+00  2.21056052E-03
 1.15598753E+00  2.27564011E-03
 1.15846782E+00  2.41452598E-03
 1.16018777E+00  2.58060397E-03
 1.16024089E+00  2.82488273E-03
 1.15979789E+00  3.04849355E-03
 1.15932677E+00  3.19655225E-03
 1.15921506E+00  3.31671166E-03
 1.15982692E+00  3.39406189E-03
 1.16051244E+00  3.43636462E-03
 1.16102424E+00  3.46249463E-03
 1.16143573E+00  3.45357340E-03
 1.16160777E+00  3.41123338E-03
 1.16172742E+00  3.34477458E-03
 1.16188965E+00  3.25508196E-03
 1.16197088E+00  3.15330650E-03
 1.16198347E+00  3.04941456E-03
 1.16189232E+00  2.94868531E-03
 1.16164407E+00  2.85782608E-03
 1.16127342E+00  2.78001084E-03
 1.16078102E+00  2.71463535E-03
 1.16016408E+00  2.65747079E-03
 1.15945019E+00  2.59682010E-03
 1.15865523E+00  2.51571795E-03
 1.15780086E+00  2.39719397E-03
 1.15691602E+00  2.22691325E-03
 1.15601761E+00  1.99877910E-03
 1.15511684E+00  1.71654423E-03
 1.15422334E+00  1.38789979E-03
 1.15333780E+00  1.02815767E-03
 1.15244823E+00  6.66256760E-04
 1.15153528E+00  3.39259199E-04
 1.15057954E+00  8.71139608E-05
 1.14956961E+00 -5.37326310E-05
 1.14851884E+00 -6.62203738E-05
 1.14746658E+00  4.67605887E-05
 1.14646260E+00  2.75906281E-04
 1.14557535E+00  5.97983371E-04
 1.14490242E+00  9.67916704E-04
 1.14455458E+00  1.32884595E-03
 1.14464150E+00  1.61665132E-03
 1.14525095E+00  1.77285409E-03
 1.14640430E+00  1.77577741E-03
 1.14804826E+00  1.64028985E-03
 1.15007743E+00  1.39554269E-03
 1.15230512E+00  1.09932620E-03
 1.15443187E+00  8.49992153E-04
 1.15610371E+00  7.62200738E-04
 1.15700754E+00  9.44913514E-04
 1.15695810E+00  1.46617305E-03
 1.15604950E+00  2.28289799E-03
 1.15465229E+00  3.23792287E-03
 1.15321635E+00  4.11581364E-03
 1.15230162E+00  4.61241260E-03
 1.15262081E+00  4.30530904E-03
 1.15475643E+00  2.81088134E-03
 1.15884169E+00  3.53914733E-05
 1.16415230E+00 -3.58768745E-03
 1.16839500E+00 -6.72319549E-03
 1.16842766E+00 -7.48871469E-03
 1.16242987E+00 -4.65284284E-03
 1.15086725E+00  1.86807496E-03
 1.13788238E+00  1.03455421E-02
 1.13039138E+00  1.74868255E-02
 1.13284214E+00  2.07762194E-02
 1.14573576E+00  1.89399030E-02
 1.16447764E+00  1.20647491E-02
 1.17924286E+00  2.13626185E-03
 1.18196632E+00 -8.97249827E-03
 1.16720791E+00 -1.92521521E-02
 1.13039245E+00 -2.47238731E-02
 1.07957642E+00 -2.15026840E-02
 1.05120058E+00 -8.14012124E-03
 1.08124491E+00  1.24573740E-02
 1.13994211E+00  2.83289547E-02
 1.16820337E+00  2.64720570E-02
 1.17381784E+00  1.42155108E-02
 1.18670805E+00  7.69639894E-03
 1.18890816E+00  5.83319019E-04
 1.16580904E+00 -1.73362156E-02
 1.13166313E+00 -2.91699749E-02
 1.09839419E+00 -1.68698773E-02
 1.08332108E+00  6.59344988E-03
 1.10588917E+00  1.99289830E-02
 1.14717497E+00  2.14318078E-02
 1.16910548E+00  1.46053316E-02
 1.17235188E+00  7.44975617E-04
 1.17386369E+00 -1.08242192E-02
 1.16940765E+00 -1.35746330E-02
 1.15959698E+00 -9.13417445E-03
 1.15478072E+00 -4.51229224E-04
 1.15459834E+00  6.50113211E-03
 1.15042907E+00  8.49549741E-03
 1.13634495E+00  7.58286294E-03
 1.12560907E+00  5.12639327E-03
 1.13739357E+00  3.55031327E-03
 1.15801973E+00  4.19958565E-03
 1.16286624E+00  5.11356135E-03
 1.16049788E+00  5.39059840E-03
 1.16628621E+00  4.43044349E-03
 1.17049068E+00  1.82012652E-03
 1.16346226E+00 -1.02053247E-03
 1.15249748E+00 -2.93571749E-03
 1.14469511E+00 -3.13905352E-03
 1.14137787E+00 -9.15436195E-04
 1.14470697E+00  3.22529381E-03
 1.15323495E+00  7.80295353E-03
 1.16044059E+00  1.08678421E-02
 1.16306126E+00  1.09171819E-02
 1.16107387E+00  7.68559300E-03
 1.15588840E+00  2.59531937E-03
 1.15190052E+00 -1.58594557E-03
 1.15110086E+00 -3.04668065E-03
 1.15224196E+00 -1.45897165E-03
 1.15445409E+00  2.10534418E-03
 1.15573899E+00  5.02684776E-03
 1.15510625E+00  5.85899628E-03
 1.15384301E+00  4.77027290E-03
 1.15243814E+00  2.45949148E-03
 1.15135294E+00  6.89751223E-04
 1.15100710E+00  3.24813385E-04
 1.15070130E+00  8.09752836E-04
 1.15020579E+00  1.74103928E-03
 1.14964027E+00  2.32272656E-03
 1.14889059E+00  2.14260412E-03
 1.14820039E+00  1.73997072E-03
 1.14769160E+00  1.33385487E-03
 1.14723210E+00  1.10779652E-03
 1.14684519E+00  1.23384445E-03
 1.14650587E+00  1.41849388E-03
 1.14617231E+00  1.55099323E-03
 1.14590497E+00  1.66516470E-03
 1.14571167E+00  1.69611117E-03
 1.14558034E+00  1.72631022E-03
 1.14552849E+00  1.79226814E-03
 1.14555129E+00  1.82826119E-03
 1.14564902E+00  1.83131547E-03
 1.14583332E+00  1.77920541E-03
 1.14609543E+00  1.64803161E-03
 1.14641970E+00  1.46190533E-03
 1.14679531E+00  1.23368592E-03
 1.14720949E+00  9.81629104E-04
 1.14765520E+00  7.48376890E-04
 1.14813220E+00  5.76981564E-04
 1.14863330E+00  5.12966443E-04
 1.14914699E+00  5.98656953E-04
 1.14966389E+00  8.51573823E-04
 1.15017241E+00  1.26474821E-03
 1.15066305E+00  1.81698241E-03
 1.15112939E+00  2.46140121E-03
 1.15156039E+00  3.11390335E-03
 1.15194322E+00  3.66738415E-03
 1.15226753E+00  4.01008510E-03
 1.15252405E+00  4.04584250E-03
 1.15270786E+00  3.73575516E-03
 1.15281909E+00  3.10390383E-03
 1.15285797E+00  2.20463287E-03
 1.15282620E+00  1.14630362E-03
 1.15272901E+00  1.20207472E-04
 1.15257329E+00 -6.37967234E-04
 1.15236882E+00 -8.90149350E-04
 1.15212770E+00 -4.48349841E-04
 1.15186047E+00  7.15159114E-04
 1.15157643E+00  2.45314115E-03
 1.15128495E+00  4.52061166E-03
 1.15099358E+00  6.51202411E-03
 1.15070746E+00  7.79023714E-03
 1.15043013E+00  7.67634632E-03
 1.15016327E+00  5.75077591E-03
 1.14990814E+00  2.13321023E-03
 1.14966854E+00 -2.04768388E-03
 1.14944993E+00 -4.97270092E-03
 1.14925575E+00 -5.37169217E-03
 1.14908810E+00 -2.92694390E-03
 1.14894826E+00  1.18925757E-03
 1.14883566E+00  4.49452986E-03
 1.14875064E+00  5.41568475E-03
 1.14869363E+00  3.67459094E-03
 1.14866131E+00  2.03118007E-04
 1.14864880E+00 -2.66632262E-03
 1.14865266E+00 -3.64906259E-03
 1.14867111E+00 -2.89022569E-03
 1.14870700E+00 -9.93297914E-04
 1.14876735E+00  4.91523800E-04
 1.14885709E+00  8.03640261E-04
 1.14897892E+00  4.32635842E-04
 1.14913357E+00 -2.66900671E-04
 1.14931783E+00 -5.94152544E-04
 1.14952826E+00 -1.88090155E-04
 1.14976018E+00  4.72206068E-04
 1.15000259E+00  1.18782709E-03
 1.15024074E+00  1.78831847E-03
 1.15045851E+00  2.11232603E-03
 1.15063937E+00  2.40655447E-03
 1.15077196E+00  2.75218041E-03
 1.15084977E+00  3.10008835E-03
 1.15086429E+00  3.48746345E-03
 1.15080685E+00  3.82139236E-03
 1.15067045E+00  4.05121052E-03
 1.15044811E+00  4.21915596E-03
 1.15013749E+00  4.31340393E-03
 1.14974025E+00  4.34243990E-03
 1.14925620E+00  4.32313940E-03
 1.14868647E+00  4.23786336E-03
 1.14803761E+00  4.08925862E-03
 1.14732136E+00  3.88835649E-03
 1.14655861E+00  3.63880900E-03
 1.14577860E+00  3.35468986E-03
 1.14501067E+00  3.04934714E-03
 1.14428387E+00  2.73297585E-03
 1.14362702E+00  2.42184982E-03
 1.14306529E+00  2.13268759E-03
 1.14262334E+00  1.87929355E-03
 1.14232294E+00  1.67323697E-03
 1.14217512E+00  1.51923784E-03
 1.14218282E+00  1.41565175E-03
 1.14234484E+00  1.36072076E-03
 1.14265645E+00  1.35263678E-03
 1.14311587E+00  1.39007768E-03
 1.14372295E+00  1.47335777E-03
 1.14446735E+00  1.59856640E-03
 1.14532986E+00  1.75819543E-03
 1.14628478E+00  1.94558168E-03
 1.14729754E+00  2.15274375E-03
 1.14833339E+00  2.37141066E-03
 1.14935792E+00  2.59321268E-03
 1.15032971E+00  2.80442313E-03
 1.15120647E+00  2.98845380E-03
 1.15195029E+00  3.13225613E-03
 1.15252967E+00  3.22656580E-03
 1.15292955E+00  3.26871934E-03
 1.15314982E+00  3.26310870E-03
 1.15319217E+00  3.21322504E-03
 1.15305970E+00  3.12148913E-03
 1.15275416E+00  2.99110893E-03
 1.15227420E+00  2.82378548E-03
 1.15163056E+00  2.62440216E-03
 1.15084456E+00  2.40057723E-03
 1.14993880E+00  2.15653189E-03
 1.14894207E+00  1.89553576E-03
 1.14788442E+00  1.62156560E-03
 1.14679635E+00  1.33901743E-03
 1.14572083E+00  1.05796914E-03
 1.14470663E+00  7.92553409E-04
 1.14379484E+00  5.53021417E-04
 1.14301764E+00  3.46004826E-04
 1.14238946E+00  1.73798333E-04
 1.14190678E+00  3.30361455E-05
 1.14156714E+00 -7.80505840E-05
 1.14136970E+00 -1.59549518E-04
 1.14131324E+00 -2.13687564E-04
 1.14140072E+00 -2.42141771E-04
 1.14162482E+00 -2.47989526E-04
 1.14196926E+00 -2.35691703E-04
 1.14242308E+00 -2.05309303E-04
 1.14297434E+00 -1.54358591E-04
 1.14360933E+00 -8.15214171E-05
 1.14431323E+00  1.37298852E-05
 1.14505586E+00  1.27709592E-04
 1.14579717E+00  2.52895073E-04
 1.14650643E+00  3.84918454E-04
 1.14716211E+00  5.22131415E-04
 1.14775678E+00  6.64342007E-04
 1.14829932E+00  8.14425533E-04
 1.14879438E+00  9.73594230E-04
 1.14924190E+00  1.14119912E-03
 1.14964457E+00  1.31881811E-03
 1.15000108E+00  1.50800207E-03
 1.15031533E+00  1.70972060E-03
 1.15059571E+00  1.92457530E-03
 1.15083909E+00  2.14873889E-03
 1.15103654E+00  2.37502757E-03
 1.15118020E+00  2.59736018E-03
 1.15126225E+00  2.81069795E-03
 1.15128674E+00  3.01270303E-03
 1.15126661E+00  3.20445464E-03
 1.15120375E+00  3.38562838E-03
 1.15108979E+00  3.55522139E-03
 1.15090654E+00  3.71427242E-03
 1.15062371E+00  3.86389840E-03
 1.15021856E+00  4.00619037E-03
 1.14967877E+00  4.14362514E-03
 1.14899534E+00  4.27429051E-03
 1.14817171E+00  4.39286459E-03
 1.14722116E+00  4.49378523E-03
 1.14617029E+00  4.56989371E-03
 1.14507747E+00  4.61292576E-03
 1.14402331E+00  4.61496413E-03
 1.14308799E+00  4.56702556E-03
 1.14234341E+00  4.46129644E-03
 1.14183111E+00  4.29587679E-03
 1.14155658E+00  4.07447314E-03
 1.14151677E+00  3.80510704E-03
 1.14168706E+00  3.50238055E-03
 1.14199912E+00  3.18823888E-03
 1.14236054E+00  2.88946878E-03
 1.14266650E+00  2.63472736E-03
 1.14281948E+00  2.44977813E-03
 1.14278479E+00  2.34916058E-03
 1.14258985E+00  2.33506069E-03
 1.14227977E+00  2.40305642E-03
 1.14194194E+00  2.53726903E-03
 1.14172770E+00  2.70470047E-03
 1.14181779E+00  2.86089658E-03
 1.14240594E+00  2.95484594E-03
 1.14365268E+00  2.93694253E-03
 1.14558085E+00  2.77750764E-03
 1.14807324E+00  2.47287256E-03
 1.15094169E+00  2.04189484E-03
 1.15387601E+00  1.54374654E-03
 1.15640002E+00  1.09876913E-03
 1.15796177E+00  8.52359157E-04
 1.15803283E+00  9.00083749E-04
 1.15624221E+00  1.23380754E-03
 1.15263274E+00  1.65560153E-03
 1.14769822E+00  1.82756253E-03
 1.14221116E+00  1.50828094E-03
 1.13736587E+00  6.17229926E-04
 1.13493804E+00 -6.93620308E-04
 1.13670049E+00 -2.04755048E-03
 1.14342851E+00 -3.19918495E-03
 1.15401827E+00 -4.07896033E-03
 1.16409071E+00 -4.72476020E-03
 1.16727072E+00 -5.27013148E-03
 1.15965474E+00 -5.48703533E-03
 1.14159806E+00 -4.63611529E-03
 1.12005776E+00 -1.52975048E-03
 1.10715305E+00  4.90296702E-03
 1.11043375E+00  1.39097499E-02
 1.13030206E+00  2.18348072E-02
 1.15851200E+00  2.09986435E-02
 1.17864472E+00  5.22391021E-03
 1.18030855E+00 -1.62286507E-02
 1.16214599E+00 -2.65543605E-02
 1.13013928E+00 -2.46369662E-02
 1.09964757E+00 -1.68117724E-02
 1.08192275E+00 -2.75742711E-03
 1.08216482E+00  1.38404817E-02
 1.10693646E+00  2.40252185E-02
 1.15116864E+00  2.32961632E-02
 1.18601058E+00  1.42733808E-02
 1.18300830E+00  3.65167209E-03
 1.16087505E+00 -4.87054288E-03
 1.15800000E+00 -1.01485547E-02
 1.15985054E+00 -1.18546820E-02
 1.13675966E+00 -1.18928342E-02
 1.10741604E+00 -7.49572505E-03
 1.09639155E+00  5.15025174E-03
 1.10172456E+00  1.67429017E-02
 1.12162692E+00  1.53440878E-02
 1.15097174E+00  6.72111589E-03
 1.17109346E+00  2.61384063E-03
 1.16996705E+00  1.31544550E-03
 1.14932730E+00 -1.58730544E-03
 1.12768480E+00 -3.70759079E-03
 1.13000480E+00 -4.66397964E-03
 1.14307551E+00 -5.19432019E-03
 1.13629894E+00 -3.38606949E-03
 1.12671251E+00  3.36361523E-04
 1.14155316E+00  3.66089919E-03
 1.15932392E+00  5.27377402E-03
 1.15418041E+00  4.02994087E-03
 1.14135312E+00  6.48988425E-04
 1.14065505E+00 -2.17192375E-03
 1.14520050E+00 -3.17682625E-03
 1.14642265E+00 -2.26881307E-03
 1.14811324E+00  1.59166144E-05
 1.15046488E+00  1.79841907E-03
 1.15063769E+00  2.25991653E-03
 1.15026788E+00  1.90980280E-03
 1.15043721E+00  1.07785936E-03
 1.15078405E+00  5.91063442E-04
 1.15151886E+00  8.49484422E-04
 1.15218836E+00  1.30819619E-03
 1.15252680E+00  1.76998215E-03
 1.15279499E+00  2.05087809E-03
 1.15292722E+00  1.98239558E-03
 1.15297197E+00  1.86151181E-03
 1.15303839E+00  1.79301118E-03
 1.15303599E+00  1.73755253E-03
 1.15297118E+00  1.75499235E-03
 1.15287963E+00  1.75736988E-03
 1.15273841E+00  1.69903248E-03
 1.15256576E+00  1.63414667E-03
 1.15237679E+00  1.55469708E-03
 1.15216912E+00  1.47452401E-03
 1.15195678E+00  1.42049009E-03
 1.15175230E+00  1.38313137E-03
 1.15156181E+00  1.36890716E-03
 1.15139327E+00  1.38719399E-03
 1.15125436E+00  1.43339100E-03
 1.15115135E+00  1.50712415E-03
 1.15109003E+00  1.60718923E-03
 1.15107495E+00  1.72921833E-03
 1.15110679E+00  1.87106182E-03
 1.15118282E+00  2.03054237E-03
 1.15129893E+00  2.20296568E-03
 1.15144883E+00  2.38299371E-03
 1.15162397E+00  2.56711155E-03
 1.15181439E+00  2.75244401E-03
 1.15200788E+00  2.93582279E-03
 1.15219067E+00  3.11372294E-03
 1.15234952E+00  3.27949605E-03
 1.15247199E+00  3.42427580E-03
 1.15254717E+00  3.54164175E-03
 1.15256733E+00  3.62752986E-03
 1.15252902E+00  3.68044456E-03
 1.15243280E+00  3.70234440E-03
 1.15228175E+00  3.69466372E-03
 1.15208048E+00  3.65827715E-03
 1.15183326E+00  3.59586448E-03
 1.15154450E+00  3.51044128E-03
 1.15122299E+00  3.40635523E-03
 1.15088154E+00  3.28939023E-03
 1.15053544E+00  3.16359640E-03
 1.15020343E+00  3.03219599E-03
 1.14990450E+00  2.89950286E-03
 1.14965774E+00  2.77051807E-03
 1.14948546E+00  2.65249694E-03
 1.14941032E+00  2.55460483E-03
 1.14945159E+00  2.48410635E-03
 1.14962381E+00  2.44629982E-03
 1.14993224E+00  2.44483648E-03
 1.15037333E+00  2.48073862E-03
 1.15094172E+00  2.55482159E-03
 1.15163070E+00  2.66766238E-03
 1.15243299E+00  2.81745667E-03
 1.15334182E+00  3.00079789E-03
 1.15434342E+00  3.21204067E-03
 1.15541767E+00  3.44282368E-03
 1.15654348E+00  3.68385875E-03
 1.15769633E+00  3.92499219E-03
 1.15885052E+00  4.15530093E-03
 1.15997985E+00  4.36442704E-03
 1.16105158E+00  4.54314976E-03
 1.16203019E+00  4.68449428E-03
 1.16288525E+00  4.78557892E-03
 1.16359256E+00  4.84922491E-03
 1.16413903E+00  4.88604795E-03
 1.16452311E+00  4.91276392E-03
 1.16474441E+00  4.94617470E-03
 1.16480349E+00  4.99983888E-03
 1.16470313E+00  5.07909961E-03
 1.16444618E+00  5.17894711E-03
 1.16404416E+00  5.28987323E-03
 1.16351690E+00  5.39397393E-03
 1.16288483E+00  5.45769280E-03
 1.16217206E+00  5.43858549E-03
 1.16140524E+00  5.29353479E-03
 1.16061229E+00  4.98673794E-03
 1.15982938E+00  4.50846413E-03
 1.15909668E+00  3.87693609E-03
 1.15844801E+00  3.12253423E-03
 1.15790932E+00  2.29756990E-03
 1.15749338E+00  1.48773738E-03
 1.15719917E+00  7.97006892E-04
 1.15702470E+00  3.34861049E-04
 1.15696790E+00  1.96446838E-04
 1.15702491E+00  4.18560147E-04
 1.15719299E+00  9.75829180E-04
 1.15745985E+00  1.81094850E-03
 1.15780429E+00  2.81107822E-03
 1.15820599E+00  3.78359371E-03
 1.15864147E+00  4.49299824E-03
 1.15908517E+00  4.70086868E-03
 1.15951052E+00  4.21866420E-03
 1.15988066E+00  3.01465553E-03
 1.16015344E+00  1.22943470E-03
 1.16029521E+00 -8.95520622E-04
 1.16028224E+00 -2.95522233E-03
 1.16010674E+00 -4.31027722E-03
 1.15977789E+00 -4.27597193E-03
 1.15930520E+00 -2.42879826E-03
 1.15869763E+00  1.11287477E-03
 1.15796648E+00  5.22123388E-03
 1.15712120E+00  8.07627171E-03
 1.15618130E+00  8.40876949E-03
 1.15517543E+00  5.90481464E-03
 1.15412849E+00  1.74087273E-03
 1.15306674E+00 -1.59556643E-03
 1.15201863E+00 -2.52759629E-03
 1.15101364E+00 -7.76072605E-04
 1.15009394E+00  2.72722551E-03
 1.14930903E+00  5.64871251E-03
 1.14869813E+00  6.70292971E-03
 1.14828916E+00  6.03580824E-03
 1.14809362E+00  4.25228450E-03
 1.14810442E+00  2.90459128E-03
 1.14831477E+00  2.75382654E-03
 1.14871880E+00  3.30830547E-03
 1.14930557E+00  4.20925749E-03
 1.15006454E+00  4.74963071E-03
 1.15097488E+00  4.56288195E-03
 1.15200592E+00  4.12417679E-03
 1.15313187E+00  3.62929113E-03
 1.15432657E+00  3.24677780E-03
 1.15556002E+00  3.13489084E-03
 1.15680000E+00  3.04205752E-03
 1.15800105E+00  2.88206169E-03
 1.15910903E+00  2.69834920E-03
 1.16008042E+00  2.44909742E-03
 1.16088329E+00  2.22431968E-03
 1.16150094E+00  2.07195655E-03
 1.16193485E+00  1.94786051E-03
 1.16218603E+00  1.86257005E-03
 1.16225426E+00  1.80653485E-03
 1.16214511E+00  1.76337926E-03
 1.16186448E+00  1.75259869E-03
 1.16142831E+00  1.77421999E-03
 1.16086258E+00  1.82102845E-03
 1.16018860E+00  1.89374084E-03
 1.15942812E+00  1.98308049E-03
 1.15860737E+00  2.08153055E-03
 1.15775525E+00  2.18542038E-03
 1.15691389E+00  2.28536986E-03
 1.15613408E+00  2.37174550E-03
 1.15545622E+00  2.43709332E-03
 1.15490905E+00  2.47492213E-03
 1.15450611E+00  2.48399741E-03
 1.15424307E+00  2.46776582E-03
 1.15411652E+00  2.42903821E-03
 1.15412528E+00  2.37025125E-03
 1.15426392E+00  2.29315579E-03
 1.15452839E+00  2.19766513E-03
 1.15490573E+00  2.08619208E-03
 1.15537451E+00  1.96307266E-03
 1.15591987E+00  1.83092802E-03
 1.15652807E+00  1.69244542E-03
 1.15718205E+00  1.55016877E-03
 1.15786266E+00  1.40645612E-03
 1.15853668E+00  1.26757775E-03
 1.15916127E+00  1.14221208E-03
 1.15970428E+00  1.03661664E-03
 1.16014479E+00  9.54874573E-04
 1.16047605E+00  8.97610838E-04
 1.16070838E+00  8.61390561E-04
 1.16084943E+00  8.43925977E-04
 1.16090313E+00  8.43983965E-04
 1.16087763E+00  8.59231846E-04
 1.16077870E+00  8.88035422E-04
 1.16061808E+00  9.27566618E-04
 1.16041293E+00  9.73926882E-04
 1.16016983E+00  1.02614203E-03
 1.15989043E+00  1.08478008E-03
 1.15957893E+00  1.14982556E-03
 1.15924135E+00  1.22095161E-03
 1.15889739E+00  1.29492587E-03
 1.15857757E+00  1.36601866E-03
 1.15830225E+00  1.43071382E-03
 1.15808238E+00  1.48736775E-03
 1.15792005E+00  1.53559957E-03
 1.15780446E+00  1.57738458E-03
 1.15772905E+00  1.61379613E-03
 1.15769198E+00  1.64500161E-03
 1.15768512E+00  1.67306139E-03
 1.15770110E+00  1.70046103E-03
 1.15773088E+00  1.72991177E-03
 1.15776366E+00  1.76458269E-03
 1.15780098E+00  1.80543894E-03
 1.15785264E+00  1.85181973E-03
 1.15792547E+00  1.90395272E-03
 1.15802415E+00  1.96259541E-03
 1.15814385E+00  2.02974093E-03
 1.15827023E+00  2.10883874E-03
 1.15839661E+00  2.20182245E-03
 1.15852266E+00  2.30918699E-03
 1.15864941E+00  2.43113541E-03
 1.15878376E+00  2.56669418E-03
 1.15892875E+00  2.71500810E-03
 1.15908315E+00  2.87549821E-03
 1.15925281E+00  3.04600412E-03
 1.15944527E+00  3.22350676E-03
 1.15966572E+00  3.40477513E-03
 1.15991801E+00  3.58610354E-03
 1.16019598E+00  3.76452344E-03
 1.16048491E+00  3.93771839E-03
 1.16077304E+00  4.10258109E-03
 1.16105082E+00  4.25549561E-03
 1.16131206E+00  4.39242440E-03
 1.16155634E+00  4.50878068E-03
 1.16177928E+00  4.60089296E-03
 1.16197354E+00  4.66621200E-03
 1.16213590E+00  4.70280701E-03
 1.16226366E+00  4.70979112E-03
 1.16235629E+00  4.68668970E-03
 1.16241594E+00  4.63324533E-03
 1.16243935E+00  4.55010126E-03
 1.16242054E+00  4.43857668E-03
 1.16235795E+00  4.30081562E-03
 1.16225326E+00  4.13990721E-03
 1.16211389E+00  3.95925327E-03
 1.16195369E+00  3.76266000E-03
 1.16178450E+00  3.55457640E-03
 1.16161651E+00  3.33990269E-03
 1.16146118E+00  3.12419707E-03
 1.16132804E+00  2.91337172E-03
 1.16122712E+00  2.71268615E-03
 1.16116820E+00  2.52640923E-03
 1.16115456E+00  2.35740506E-03
 1.16118489E+00  2.20705154E-03
 1.16125707E+00  2.07638833E-03
 1.16136788E+00  1.96631092E-03
 1.16151682E+00  1.87755698E-03
 1.16170587E+00  1.81088020E-03
 1.16193206E+00  1.76580799E-03
 1.16218839E+00  1.74070592E-03
 1.16246586E+00  1.73371518E-03
 1.16275160E+00  1.74233306E-03
 1.16303348E+00  1.76373485E-03
 1.16330027E+00  1.79486938E-03
 1.16353696E+00  1.83136959E-03
 1.16372775E+00  1.86823553E-03
 1.16385896E+00  1.90135585E-03
 1.16391936E+00  1.92775353E-03
 1.16390494E+00  1.94649668E-03
 1.16381831E+00  1.95871155E-03
 1.16366223E+00  1.96543012E-03
 1.16343970E+00  1.96742283E-03
 1.16315327E+00  1.96533006E-03
 1.16280393E+00  1.95914813E-03
 1.16239750E+00  1.94994618E-03
 1.16194404E+00  1.93966545E-03
 1.16145341E+00  1.92942568E-03
 1.16093747E+00  1.92028531E-03
 1.16040854E+00  1.91332259E-03
 1.15987894E+00  1.90961969E-03
 1.15936610E+00  1.91208053E-03
 1.15888996E+00  1.92473523E-03
 1.15846721E+00  1.95032355E-03
 1.15811094E+00  1.99032437E-03
 1.15782750E+00  2.04437726E-03
 1.15761611E+00  2.10999864E-03
 1.15747645E+00  2.18519344E-03
 1.15740867E+00  2.26849652E-03
 1.15741216E+00  2.35797797E-03
 1.15748740E+00  2.45214469E-03
 1.15763070E+00  2.54892467E-03
 1.15783462E+00  2.64578112E-03
 1.15809345E+00  2.74179029E-03
 1.15840096E+00  2.83690335E-03
 1.15874986E+00  2.93086694E-03
 1.15913225E+00  3.02330025E-03
 1.15953455E+00  3.11220849E-03
 1.15993957E+00  3.19424155E-03
 1.16033371E+00  3.26728909E-03
 1.16070707E+00  3.33028149E-03
 1.16105531E+00  3.38288736E-03
 1.16138045E+00  3.42611059E-03
 1.16168327E+00  3.46045088E-03
 1.16196297E+00  3.48593739E-03
 1.16221975E+00  3.50373141E-03
 1.16245239E+00  3.51528073E-03
 1.16266208E+00  3.52215347E-03
 1.16285215E+00  3.52616073E-03
 1.16302211E+00  3.52784582E-03
 1.16316988E+00  3.52681043E-03
 1.16329414E+00  3.52321222E-03
 1.16339407E+00  3.51756554E-03
 1.16347421E+00  3.51110352E-03
 1.16354317E+00  3.50595121E-03
 1.16360596E+00  3.50346575E-03
 1.16366427E+00  3.50430731E-03
 1.16371643E+00  3.50918203E-03
 1.16375603E+00  3.51830907E-03
 1.16377873E+00  3.53202597E-03
 1.16378243E+00  3.55085396E-03
 1.16376352E+00  3.57438033E-03
 1.16371951E+00  3.60164397E-03
 1.16364790E+00  3.63165219E-03
 1.16354631E+00  3.66319303E-03
 1.16341800E+00  3.69541286E-03
 1.16327013E+00  3.72781899E-03
 1.16310942E+00  3.75941504E-03
 1.16294228E+00  3.78886511E-03
 1.16277144E+00  3.81469521E-03
 1.16259592E+00  3.83514508E-03
 1.16241778E+00  3.84881772E-03
 1.16224134E+00  3.85479541E-03
 1.16207094E+00  3.85228109E-03
 1.16191275E+00  3.84079990E-03
 1.16177109E+00  3.82000921E-03
 1.16164839E+00  3.78954930E-03
 1.16155016E+00  3.74931392E-03
 1.16148261E+00  3.69936702E-03
 1.16145020E+00  3.63995065E-03
 1.16145599E+00  3.57152590E-03
 1.16149834E+00  3.49452622E-03
 1.16157127E+00  3.40940816E-03
 1.16166981E+00  3.31681569E-03
 1.16178971E+00  3.21756930E-03
 1.16192730E+00  3.11283165E-03
 1.16208096E+00  3.00401308E-03
 1.16224773E+00  2.89229730E-03
 1.16242393E+00  2.77856207E-03
 1.16260892E+00  2.66329938E-03
 1.16280339E+00  2.54657889E-03
 1.16300858E+00  2.42857980E-03
 1.16322616E+00  2.30967682E-03
 1.16345454E+00  2.19033496E-03
 1.16368964E+00  2.07127981E-03
 1.16392930E+00  1.95319327E-03
 1.16417250E+00  1.83677855E-03
 1.16441912E+00  1.72323666E-03
 1.16467098E+00  1.61405252E-03
 1.16492839E+00  1.51076597E-03
 1.16519055E+00  1.41490638E-03
 1.16545871E+00  1.32747328E-03
 1.16573438E+00  1.24902247E-03
 1.16601834E+00  1.18038492E-03
 1.16631080E+00  1.12256423E-03
 1.16660862E+00  1.07665635E-03
 1.16690589E+00  1.04398396E-03
 1.16719744E+00  1.02549054E-03
 1.16747860E+00  1.02175234E-03
 1.16774552E+00  1.03346057E-03
 1.16799598E+00  1.06109977E-03
 1.16822670E+00  1.10479556E-03
 1.16843384E+00  1.16429848E-03
 1.16861540E+00  1.23846016E-03
 1.16877007E+00  1.32537502E-03
 1.16889710E+00  1.42306162E-03
 1.16899626E+00  1.52949079E-03
 1.16906526E+00  1.64278831E-03
 1.16910041E+00  1.76142827E-03
 1.16909956E+00  1.88367959E-03
 1.16906158E+00  2.00780931E-03
 1.16898666E+00  2.13265458E-03
 1.16887691E+00  2.25721572E-03
 1.16873393E+00  2.38030191E-03
 1.16855918E+00  2.50024465E-03
 1.16835588E+00  2.61391821E-03
 1.16812804E+00  2.71810296E-03
 1.16788041E+00  2.81321647E-03
 1.16761868E+00  2.90501155E-03
 1.16734776E+00  3.00694678E-03
 1.16707211E+00  3.13458862E-03
 1.16679716E+00  3.28849745E-03
 1.16652886E+00  3.44518171E-03
 1.16627369E+00  3.54632325E-03
 1.16603883E+00  3.51878559E-03
 1.16583061E+00  3.34162700E-03
 1.16565445E+00  3.07906749E-03
 1.16551536E+00  2.91836272E-03
 1.16541744E+00  3.11410150E-03
 1.16536417E+00  3.77304874E-03
 1.16535849E+00  4.75993553E-03
 1.16540199E+00  5.59837359E-03
 1.16549498E+00  5.59828228E-03
 1.16563635E+00  4.43359774E-03
 1.16582326E+00  2.37117798E-03
 1.16605136E+00  4.79993069E-04
 1.16631491E+00  3.54555926E-04
 1.16660702E+00  2.71913959E-03
 1.16692007E+00  6.89598451E-03
 1.16724613E+00  1.03809514E-02
 1.16757734E+00  9.63405581E-03
 1.16790622E+00  3.66972426E-03
 1.16822633E+00 -4.43449625E-03
 1.16853330E+00 -6.25357359E-03
 1.16882454E+00  5.25724856E-03
 1.16909817E+00  1.68297409E-02
 1.16935256E+00  8.98952183E-03
 1.16958524E+00 -5.06251019E-03
 1.16979305E+00 -1.54922235E-03
 1.16997468E+00  8.56281797E-03
 1.17013045E+00  6.70867609E-03
 1.17026144E+00  1.42186878E-03
 1.17037018E+00  2.73698843E-03
 1.17045927E+00  4.79651329E-03
 1.17053145E+00  3.91662458E-03
 1.17059186E+00  3.26775892E-03
 1.17064671E+00  3.59628116E-03
 1.17070137E+00  3.64937407E-03
 1.17076015E+00  3.47582144E-03
 1.17082443E+00  3.41752939E-03
 1.17089267E+00  3.39251893E-03
 1.17096352E+00  3.35236028E-03
 1.17103569E+00  3.32965381E-03
 1.17110742E+00  3.32797762E-03
 1.17117708E+00  3.34073685E-03
 1.17124045E+00  3.36456434E-03
 1.17129067E+00  3.39262928E-03
 1.17132027E+00  3.41336520E-03
 1.17132099E+00  3.41293375E-03
 1.17128566E+00  3.37738826E-03
 1.17120983E+00  3.29551770E-03
 1.17109138E+00  3.16460468E-03
 1.17093262E+00  2.99134785E-03
 1.17074240E+00  2.78805827E-03
 1.17053798E+00  2.57610796E-03
 1.17034882E+00  2.38990110E-03
 1.17021310E+00  2.27154515E-03
 1.17016738E+00  2.26421541E-03
 1.17024107E+00  2.40456966E-03
 1.17044777E+00  2.70745746E-03
 1.17078091E+00  3.16340280E-03
 1.17122194E+00  3.74939821E-03
 1.17173303E+00  4.41974227E-03
 1.17224419E+00  5.09507465E-03
 1.17266554E+00  5.67583264E-03
 1.17290488E+00  6.05775542E-03
 1.17288296E+00  6.15057591E-03
 1.17256690E+00  5.91732634E-03
 1.17197569E+00  5.37926529E-03
 1.17115279E+00  4.58665603E-03
 1.17018562E+00  3.64093464E-03
 1.16923051E+00  2.72040363E-03
 1.16848355E+00  2.04493460E-03
 1.16815117E+00  1.83700467E-03
 1.16841202E+00  2.27272130E-03
 1.16933259E+00  3.38032756E-03
 1.17085915E+00  5.02625286E-03
 1.17288068E+00  6.98583563E-03
 1.17518351E+00  8.88499005E-03
 1.17740133E+00  1.01338504E-02
 1.17908720E+00  1.01029380E-02
 1.17978802E+00  8.40382613E-03
 1.17914457E+00  5.14911982E-03
 1.17709947E+00  1.38844029E-03
 1.17392410E+00 -1.18745264E-03
 1.17007719E+00 -1.39940131E-03
 1.16632338E+00  1.04495982E-03
 1.16386480E+00  5.05195730E-03
 1.16398382E+00  8.30899328E-03
 1.16747278E+00  9.34753081E-03
 1.17410443E+00  7.90214893E-03
 1.18174687E+00  4.83161559E-03
 1.18696517E+00  2.29637467E-03
 1.18736402E+00  1.48329055E-03
 1.18235168E+00  2.25112150E-03
 1.17415609E+00  4.03439365E-03
 1.16748392E+00  5.38945840E-03
 1.16532429E+00  5.60760017E-03
 1.16821787E+00  5.14305441E-03
 1.17441563E+00  4.32497250E-03
 1.17951872E+00  3.80529475E-03
 1.18110926E+00  3.92380205E-03
 1.17947195E+00  4.24354919E-03
 1.17575654E+00  4.59221593E-03
 1.17290148E+00  4.82782290E-03
 1.17234909E+00  4.81683017E-03
 1.17317498E+00  4.80348388E-03
 1.17470919E+00  4.87619813E-03
 1.17562515E+00  4.99808461E-03
 1.17523519E+00  5.20889922E-03
 1.17443681E+00  5.42176123E-03
 1.17359339E+00  5.57833230E-03
 1.17301034E+00  5.69881799E-03
 1.17297451E+00  5.75191268E-03
 1.17300005E+00  5.72730383E-03
 1.17291272E+00  5.63249047E-03
 1.17278527E+00  5.45428316E-03
 1.17252870E+00  5.20015653E-03
 1.17230316E+00  4.89157982E-03
 1.17219596E+00  4.55657209E-03
 1.17212479E+00  4.23920052E-03
 1.17211147E+00  3.98505795E-03
 1.17214053E+00  3.83150713E-03
 1.17217920E+00  3.79607730E-03
 1.17225856E+00  3.87159065E-03
 1.17237714E+00  4.03920531E-03
 1.17252267E+00  4.26037081E-03
 1.17269872E+00  4.46520422E-03
 1.17289303E+00  4.56633030E-03
 1.17309494E+00  4.47214944E-03
 1.17329983E+00  4.10523050E-03
 1.17349731E+00  3.44278999E-03
 1.17367829E+00  2.52030376E-03
 1.17383561E+00  1.40203083E-03
 1.17396187E+00  2.02605668E-04
 1.17405292E+00 -8.89814350E-04
 1.17410728E+00 -1.64870142E-03
 1.17412405E+00 -1.84662685E-03
 1.17410305E+00 -1.30484135E-03
 1.17404391E+00  5.59742317E-06
 1.17394595E+00  1.94927317E-03
 1.17381111E+00  4.29350985E-03
 1.17364373E+00  6.64943991E-03
 1.17344943E+00  8.40587741E-03
 1.17323583E+00  8.90735490E-03
 1.17301086E+00  7.74265616E-03
 1.17278263E+00  5.00939796E-03
 1.17256134E+00  1.75424540E-03
 1.17235780E+00 -3.25204756E-04
 1.17218139E+00 -4.93703281E-05
 1.17203951E+00  2.86310483E-03
 1.17193517E+00  7.29229880E-03
 1.17186728E+00  1.08862164E-02
 1.17183456E+00  1.21514300E-02
 1.17183579E+00  1.08176177E-02
 1.17187032E+00  7.75600376E-03
 1.17193872E+00  5.15906575E-03
 1.17203887E+00  4.23544078E-03
 1.17216641E+00  4.84905767E-03
 1.17231767E+00  6.43356761E-03
 1.17248817E+00  7.53318138E-03
 1.17267338E+00  7.43923627E-03
 1.17286876E+00  6.62469320E-03
 1.17306606E+00  5.44063882E-03
 1.17325503E+00  4.56813775E-03
 1.17342768E+00  4.36699320E-03
 1.17357840E+00  4.40286319E-03
 1.17370573E+00  4.50094720E-03
 1.17381273E+00  4.50852107E-03
 1.17390160E+00  4.28288915E-03
 1.17397365E+00  4.06794102E-03
 1.17403066E+00  3.95260681E-03
 1.17407328E+00  3.90476795E-03
 1.17410388E+00  3.96889277E-03
 1.17412633E+00  4.06144389E-03
 1.17414179E+00  4.13716283E-03
 1.17415039E+00  4.23467248E-03
 1.17415263E+00  4.34002996E-03
 1.17414918E+00  4.45747932E-03
 1.17414434E+00  4.59345010E-03
 1.17414514E+00  4.71828189E-03
 1.17415609E+00  4.82156274E-03
 1.17417948E+00  4.90104314E-03
 1.17421526E+00  4.95146043E-03
 1.17426010E+00  4.98119975E-03
 1.17431183E+00  4.99567127E-03
 1.17436945E+00  4.99516817E-03
 1.17443036E+00  4.98376082E-03
 1.17449213E+00  4.96332748E-03
 1.17455185E+00  4.93684678E-03
 1.17460605E+00  4.90948266E-03
 1.17465432E+00  4.88102391E-03
 1.17469822E+00  4.84841754E-03
 1.17473858E+00  4.80939118E-03
 1.17477575E+00  4.76197780E-03
 1.17480787E+00  4.70935964E-03
 1.17483084E+00  4.65912230E-03
 1.17484250E+00  4.61515677E-03
 1.17484235E+00  4.57836925E-03
 1.17483032E+00  4.54760845E-03
 1.17480790E+00  4.51789860E-03
 1.17477584E+00  4.48636637E-03
 1.17473404E+00  4.45222369E-03
 1.17468430E+00  4.41190286E-03
 1.17462904E+00  4.36182162E-03
 1.17457043E+00  4.29891720E-03
 1.17451064E+00  4.22040684E-03
 1.17444984E+00  4.12869736E-03
 1.17438652E+00  4.03018174E-03
 1.17432000E+00  3.93014404E-03
 1.17425024E+00  3.83309028E-03
 1.17417798E+00  3.74110883E-03
 1.17410522E+00  3.65309535E-03
 1.17403296E+00  3.57024166E-03
 1.17396133E+00  3.49535377E-03
 1.17389098E+00  3.42984754E-03
 1.17382231E+00  3.37559381E-03
 1.17375598E+00  3.33316262E-03
 1.17369306E+00  3.30177923E-03
 1.17363337E+00  3.28366089E-03
 1.17357599E+00  3.28241997E-03
 1.17352050E+00  3.29988524E-03
 1.17346667E+00  3.33671053E-03
 1.17341514E+00  3.39056826E-03
 1.17336751E+00  3.45598771E-03
 1.17332477E+00  3.52866991E-03
 1.17328748E+00  3.60517427E-03
 1.17325620E+00  3.68162815E-03
 1.17323104E+00  3.75522039E-03
 1.17321243E+00  3.82258201E-03
 1.17320115E+00  3.88004564E-03
 1.17319735E+00  3.92674158E-03
