# x =
 1.91826280E+00
# y =
 3.25097170E+00
 VARIABLES = u,v
 1.17115566E+00  5.38829966E-03
 1.17114972E+00  5.41518060E-03
 1.17117178E+00  5.35641239E-03
 1.17122233E+00  5.21286707E-03
 1.17130088E+00  4.98369473E-03
 1.17140634E+00  4.67438637E-03
 1.17153672E+00  4.29596437E-03
 1.17168907E+00  3.86061332E-03
 1.17185964E+00  3.38412502E-03
 1.17204396E+00  2.88268879E-03
 1.17223710E+00  2.37254423E-03
 1.17243432E+00  1.87624367E-03
 1.17263112E+00  1.41896528E-03
 1.17282300E+00  1.02189678E-03
 1.17300584E+00  7.01484567E-04
 1.17317629E+00  4.64376092E-04
 1.17333164E+00  3.07480820E-04
 1.17346977E+00  2.28029657E-04
 1.17358891E+00  2.23852446E-04
 1.17368690E+00  2.92718742E-04
 1.17376150E+00  4.34654146E-04
 1.17381157E+00  6.43883486E-04
 1.17383703E+00  9.09603710E-04
 1.17383889E+00  1.22350214E-03
 1.17381935E+00  1.57639965E-03
 1.17378075E+00  1.95832402E-03
 1.17372547E+00  2.35892301E-03
 1.17365677E+00  2.75978393E-03
 1.17357798E+00  3.13761394E-03
 1.17349209E+00  3.47437627E-03
 1.17340143E+00  3.75737959E-03
 1.17330629E+00  3.98230656E-03
 1.17320533E+00  4.15432596E-03
 1.17309728E+00  4.27686264E-03
 1.17298123E+00  4.35136726E-03
 1.17285722E+00  4.38097089E-03
 1.17272656E+00  4.36697057E-03
 1.17258972E+00  4.31434648E-03
 1.17244669E+00  4.23133983E-03
 1.17229839E+00  4.12072910E-03
 1.17214580E+00  3.98311130E-03
 1.17199041E+00  3.82028406E-03
 1.17183399E+00  3.63480813E-03
 1.17167650E+00  3.43681253E-03
 1.17151681E+00  3.24223860E-03
 1.17135486E+00  3.06178468E-03
 1.17119146E+00  2.90139450E-03
 1.17102896E+00  2.76216511E-03
 1.17087146E+00  2.63831812E-03
 1.17072221E+00  2.52658283E-03
 1.17058369E+00  2.42639538E-03
 1.17045869E+00  2.33424951E-03
 1.17034929E+00  2.24743434E-03
 1.17025756E+00  2.16242317E-03
 1.17018537E+00  2.07482619E-03
 1.17013242E+00  1.98701937E-03
 1.17009688E+00  1.90581490E-03
 1.17007688E+00  1.83666045E-03
 1.17007048E+00  1.78401256E-03
 1.17007699E+00  1.74715919E-03
 1.17009704E+00  1.72022213E-03
 1.17013019E+00  1.70133482E-03
 1.17017544E+00  1.69181979E-03
 1.17023206E+00  1.69356351E-03
 1.17029890E+00  1.71138899E-03
 1.17037539E+00  1.74769413E-03
 1.17046136E+00  1.80229722E-03
 1.17055510E+00  1.87847266E-03
 1.17065413E+00  1.97996638E-03
 1.17075642E+00  2.10873751E-03
 1.17086018E+00  2.26542474E-03
 1.17096472E+00  2.44459497E-03
 1.17107047E+00  2.63562056E-03
 1.17117713E+00  2.82912244E-03
 1.17128395E+00  3.01670927E-03
 1.17139036E+00  3.19174088E-03
 1.17149537E+00  3.35081589E-03
 1.17159808E+00  3.48850066E-03
 1.17169762E+00  3.59815377E-03
 1.17179184E+00  3.67617441E-03
 1.17187776E+00  3.71992982E-03
 1.17195255E+00  3.72832958E-03
 1.17201341E+00  3.70192566E-03
 1.17205842E+00  3.63812611E-03
 1.17208661E+00  3.53273510E-03
 1.17209662E+00  3.38478679E-03
 1.17208701E+00  3.19582765E-03
 1.17205690E+00  2.97101240E-03
 1.17200547E+00  2.71969365E-03
 1.17193248E+00  2.45025968E-03
 1.17183817E+00  2.17029128E-03
 1.17172202E+00  1.88888710E-03
 1.17158328E+00  1.61442762E-03
 1.17142171E+00  1.35524027E-03
 1.17123748E+00  1.11911350E-03
 1.17103145E+00  9.09030702E-04
 1.17080542E+00  7.24406948E-04
 1.17056103E+00  5.64470820E-04
 1.17030011E+00  4.28191579E-04
 1.17002522E+00  3.16593155E-04
 1.16973929E+00  2.32868902E-04
 1.16944579E+00  1.77131358E-04
 1.16914872E+00  1.47128445E-04
 1.16885198E+00  1.40354693E-04
 1.16855947E+00  1.52497285E-04
 1.16827550E+00  1.79867819E-04
 1.16800445E+00  2.19350586E-04
 1.16775074E+00  2.64417200E-04
 1.16751881E+00  3.07147469E-04
 1.16731261E+00  3.41302516E-04
 1.16713551E+00  3.62299411E-04
 1.16699028E+00  3.69951929E-04
 1.16687894E+00  3.68334104E-04
 1.16680272E+00  3.60639895E-04
 1.16676208E+00  3.49279136E-04
 1.16675647E+00  3.36382211E-04
 1.16678422E+00  3.22447147E-04
 1.16684218E+00  3.09856383E-04
 1.16692552E+00  3.02450857E-04
 1.16702764E+00  3.01795329E-04
 1.16714033E+00  3.08823726E-04
 1.16725459E+00  3.24383340E-04
 1.16736104E+00  3.49103737E-04
 1.16745037E+00  3.86956095E-04
 1.16751391E+00  4.44168694E-04
 1.16754348E+00  5.24600265E-04
 1.16753216E+00  6.30078056E-04
 1.16747553E+00  7.59818650E-04
 1.16737142E+00  9.09656936E-04
 1.16721910E+00  1.07636372E-03
 1.16701900E+00  1.25754016E-03
 1.16677143E+00  1.44924653E-03
 1.16647702E+00  1.64763009E-03
 1.16613947E+00  1.84793094E-03
 1.16576543E+00  2.04444956E-03
 1.16536402E+00  2.23388226E-03
 1.16494725E+00  2.41434112E-03
 1.16452760E+00  2.58319968E-03
 1.16411775E+00  2.73746515E-03
 1.16373197E+00  2.87214050E-03
 1.16338440E+00  2.98038945E-03
 1.16308777E+00  3.05731900E-03
 1.16285247E+00  3.09981863E-03
 1.16268343E+00  3.10582998E-03
 1.16258069E+00  3.07533978E-03
 1.16254316E+00  3.00815091E-03
 1.16256897E+00  2.90385234E-03
 1.16265684E+00  2.76408429E-03
 1.16280637E+00  2.59154694E-03
 1.16301284E+00  2.38979217E-03
 1.16326772E+00  2.16353224E-03
 1.16356136E+00  1.91680862E-03
 1.16388154E+00  1.65327535E-03
 1.16421572E+00  1.37780321E-03
 1.16455127E+00  1.09602509E-03
 1.16487157E+00  8.14514472E-04
 1.16515845E+00  5.40769525E-04
 1.16539658E+00  2.81151512E-04
 1.16557412E+00  4.05911439E-05
 1.16568629E+00 -1.77069181E-04
 1.16573528E+00 -3.69584652E-04
 1.16572353E+00 -5.35107860E-04
 1.16565345E+00 -6.71916926E-04
 1.16552770E+00 -7.79176078E-04
 1.16534772E+00 -8.56621987E-04
 1.16511956E+00 -9.05270725E-04
 1.16485332E+00 -9.27549573E-04
 1.16455815E+00 -9.26253895E-04
 1.16424441E+00 -9.04831306E-04
 1.16392318E+00 -8.67483500E-04
 1.16360573E+00 -8.18927847E-04
 1.16330876E+00 -7.65080054E-04
 1.16305188E+00 -7.12472337E-04
 1.16285069E+00 -6.66634928E-04
 1.16271639E+00 -6.31664952E-04
 1.16265304E+00 -6.09416475E-04
 1.16265692E+00 -5.99466848E-04
 1.16272458E+00 -6.01252952E-04
 1.16285304E+00 -6.14398356E-04
 1.16303779E+00 -6.38749657E-04
 1.16327495E+00 -6.74811660E-04
 1.16355630E+00 -7.21737100E-04
 1.16386952E+00 -7.77550810E-04
 1.16420442E+00 -8.40895423E-04
 1.16455059E+00 -9.10202890E-04
 1.16489640E+00 -9.83848756E-04
 1.16522962E+00 -1.06012273E-03
 1.16553253E+00 -1.13510185E-03
 1.16578397E+00 -1.20356482E-03
 1.16596745E+00 -1.26171588E-03
 1.16607146E+00 -1.30723014E-03
 1.16609137E+00 -1.34016712E-03
 1.16603050E+00 -1.36318641E-03
 1.16589210E+00 -1.37827797E-03
 1.16567906E+00 -1.38666040E-03
 1.16539674E+00 -1.38972005E-03
 1.16505066E+00 -1.38793522E-03
 1.16465078E+00 -1.38241062E-03
 1.16421145E+00 -1.37464374E-03
 1.16374510E+00 -1.36390401E-03
 1.16326438E+00 -1.34827138E-03
 1.16278370E+00 -1.32588545E-03
 1.16231835E+00 -1.29498405E-03
 1.16188896E+00 -1.25611773E-03
 1.16151951E+00 -1.21178136E-03
 1.16122910E+00 -1.16302231E-03
 1.16103136E+00 -1.10983052E-03
 1.16093272E+00 -1.05153318E-03
 1.16093120E+00 -9.86055794E-04
 1.16102440E+00 -9.12465853E-04
 1.16120987E+00 -8.30893881E-04
 1.16148242E+00 -7.40333545E-04
 1.16183630E+00 -6.39897613E-04
 1.16226053E+00 -5.29284590E-04
 1.16273895E+00 -4.08683475E-04
 1.16325647E+00 -2.80882481E-04
 1.16379694E+00 -1.50757200E-04
 1.16434213E+00 -2.27890877E-05
 1.16487263E+00  9.88397826E-05
 1.16536336E+00  2.10854553E-04
 1.16578589E+00  3.11427813E-04
 1.16611688E+00  3.97929621E-04
 1.16633899E+00  4.67368383E-04
 1.16644332E+00  5.18075384E-04
 1.16643043E+00  5.48834004E-04
 1.16630162E+00  5.59214197E-04
 1.16605828E+00  5.49542416E-04
 1.16570418E+00  5.18819031E-04
 1.16524326E+00  4.65402548E-04
 1.16468568E+00  3.89062766E-04
 1.16404759E+00  2.90656990E-04
 1.16334431E+00  1.72601619E-04
 1.16259285E+00  3.91285411E-05
 1.16181240E+00 -1.05915624E-04
 1.16102346E+00 -2.58964256E-04
 1.16025362E+00 -4.15667818E-04
 1.15953450E+00 -5.71880029E-04
 1.15889233E+00 -7.23483915E-04
 1.15834689E+00 -8.66603943E-04
 1.15790831E+00 -9.99446277E-04
 1.15757611E+00 -1.12178510E-03
 1.15734984E+00 -1.23339508E-03
 1.15722978E+00 -1.33409020E-03
 1.15721454E+00 -1.42281276E-03
 1.15730386E+00 -1.49753123E-03
 1.15749135E+00 -1.55749400E-03
 1.15776497E+00 -1.60291897E-03
 1.15811537E+00 -1.63398316E-03
 1.15853258E+00 -1.65154057E-03
 1.15900483E+00 -1.65622676E-03
 1.15951916E+00 -1.64850838E-03
 1.16005390E+00 -1.63047672E-03
 1.16058181E+00 -1.60502633E-03
 1.16108160E+00 -1.57441097E-03
 1.16153834E+00 -1.54031631E-03
 1.16194630E+00 -1.50281343E-03
 1.16231028E+00 -1.46038365E-03
 1.16263330E+00 -1.41217425E-03
 1.16291605E+00 -1.35796936E-03
 1.16316085E+00 -1.29784414E-03
 1.16336778E+00 -1.23283036E-03
 1.16354092E+00 -1.16360592E-03
 1.16368777E+00 -1.09068925E-03
 1.16380948E+00 -1.01611031E-03
 1.16390459E+00 -9.42649773E-04
 1.16397286E+00 -8.73233155E-04
 1.16401492E+00 -8.10862111E-04
 1.16404027E+00 -7.56993389E-04
 1.16406522E+00 -7.11790015E-04
 1.16410001E+00 -6.76170250E-04
 1.16414934E+00 -6.51437847E-04
 1.16421224E+00 -6.39063111E-04
 1.16427979E+00 -6.41089545E-04
 1.16434632E+00 -6.58479814E-04
 1.16440973E+00 -6.91180184E-04
 1.16446491E+00 -7.39484216E-04
 1.16450828E+00 -8.03163599E-04
 1.16453595E+00 -8.81030170E-04
 1.16454384E+00 -9.70937513E-04
 1.16453688E+00 -1.06842019E-03
 1.16452607E+00 -1.16709024E-03
 1.16452125E+00 -1.26052644E-03
 1.16453123E+00 -1.34238379E-03
 1.16455845E+00 -1.40693361E-03
 1.16459878E+00 -1.44965072E-03
 1.16465271E+00 -1.46581758E-03
 1.16472401E+00 -1.45111667E-03
 1.16481597E+00 -1.40323864E-03
 1.16493441E+00 -1.32123061E-03
 1.16508153E+00 -1.20533495E-03
 1.16525589E+00 -1.05686811E-03
 1.16546042E+00 -8.76440724E-04
 1.16569857E+00 -6.64551201E-04
 1.16597021E+00 -4.24034706E-04
 1.16627230E+00 -1.59821792E-04
 1.16659332E+00  1.20996286E-04
 1.16691418E+00  4.08868385E-04
 1.16721727E+00  6.94218605E-04
 1.16748634E+00  9.67594416E-04
 1.16770674E+00  1.21848978E-03
 1.16786813E+00  1.43675529E-03
 1.16795870E+00  1.61305109E-03
 1.16796670E+00  1.73947888E-03
 1.16788717E+00  1.81216773E-03
 1.16771918E+00  1.83072464E-03
 1.16746468E+00  1.79564582E-03
 1.16712849E+00  1.70819245E-03
 1.16671182E+00  1.56913451E-03
 1.16621401E+00  1.37866078E-03
 1.16564110E+00  1.14029893E-03
 1.16500473E+00  8.60540965E-04
 1.16432213E+00  5.47079425E-04
 1.16361750E+00  2.09860134E-04
 1.16291425E+00 -1.40885093E-04
 1.16223478E+00 -4.94871455E-04
 1.16160505E+00 -8.38991196E-04
 1.16105031E+00 -1.15919748E-03
 1.16059388E+00 -1.44327104E-03
 1.16025586E+00 -1.68134565E-03
 1.16004562E+00 -1.86870159E-03
 1.15996338E+00 -2.00559400E-03
 1.16000774E+00 -2.09252856E-03
 1.16017571E+00 -2.13011063E-03
 1.16046573E+00 -2.11890096E-03
 1.16087830E+00 -2.05852582E-03
 1.16140550E+00 -1.95214599E-03
 1.16203208E+00 -1.80606977E-03
 1.16274040E+00 -1.62629578E-03
 1.16350752E+00 -1.42013550E-03
 1.16430989E+00 -1.19540952E-03
 1.16512398E+00 -9.60157549E-04
 1.16591887E+00 -7.26469686E-04
 1.16666089E+00 -5.08557911E-04
 1.16732089E+00 -3.17956609E-04
 1.16787521E+00 -1.63214425E-04
 1.16831241E+00 -4.76080062E-05
 1.16863302E+00  3.11659272E-05
 1.16883766E+00  7.49428480E-05
 1.16892688E+00  8.48910471E-05
 1.16890114E+00  6.26604522E-05
 1.16875852E+00  8.77084490E-06
 1.16850524E+00 -7.33739538E-05
 1.16815478E+00 -1.77823890E-04
 1.16771932E+00 -3.00703202E-04
 1.16721370E+00 -4.38315189E-04
 1.16665403E+00 -5.86384696E-04
 1.16605701E+00 -7.40321715E-04
 1.16544912E+00 -8.91023430E-04
 1.16486228E+00 -1.02641185E-03
 1.16432219E+00 -1.13754514E-03
 1.16384781E+00 -1.21859354E-03
 1.16344633E+00 -1.26797509E-03
 1.16311239E+00 -1.28919400E-03
 1.16284230E+00 -1.28467879E-03
 1.16263458E+00 -1.25561999E-03
 1.16248684E+00 -1.20447809E-03
 1.16239980E+00 -1.13289876E-03
 1.16236841E+00 -1.04417014E-03
 1.16238270E+00 -9.43061282E-04
 1.16243867E+00 -8.30941682E-04
 1.16253386E+00 -7.07504226E-04
 1.16266475E+00 -5.73191123E-04
 1.16282719E+00 -4.28952449E-04
 1.16300653E+00 -2.79721030E-04
 1.16318079E+00 -1.33698103E-04
 1.16333503E+00  3.78604976E-06
 1.16346092E+00  1.29946486E-04
 1.16355844E+00  2.44110375E-04
 1.16363804E+00  3.48978270E-04
 1.16370680E+00  4.45873643E-04
 1.16376818E+00  5.34644685E-04
 1.16382854E+00  6.17057415E-04
 1.16389211E+00  6.94759175E-04
 1.16396499E+00  7.69537203E-04
 1.16405485E+00  8.43438062E-04
 1.16415982E+00  9.14835537E-04
 1.16427226E+00  9.79523991E-04
 1.16438579E+00  1.03419815E-03
 1.16449493E+00  1.07623333E-03
 1.16460234E+00  1.10548195E-03
 1.16471814E+00  1.12452016E-03
 1.16484629E+00  1.13399792E-03
 1.16498584E+00  1.13308222E-03
 1.16513374E+00  1.12122488E-03
 1.16528152E+00  1.09685065E-03
 1.16542423E+00  1.05967220E-03
 1.16556047E+00  1.01079575E-03
 1.16568356E+00  9.49496519E-04
 1.16578617E+00  8.74682569E-04
 1.16586268E+00  7.86531034E-04
 1.16590862E+00  6.86182458E-04
 1.16592824E+00  5.77888284E-04
 1.16593298E+00  4.68701942E-04
 1.16593221E+00  3.64995172E-04
 1.16593378E+00  2.72545819E-04
 1.16594241E+00  1.96481892E-04
 1.16595778E+00  1.40314123E-04
 1.16598291E+00  1.08271682E-04
 1.16602300E+00  1.04841780E-04
 1.16607962E+00  1.32324925E-04
 1.16615384E+00  1.91856126E-04
 1.16624474E+00  2.83559607E-04
 1.16634927E+00  4.06459068E-04
 1.16646945E+00  5.60828600E-04
 1.16661002E+00  7.47475988E-04
 1.16677214E+00  9.64861189E-04
 1.16695446E+00  1.20943890E-03
 1.16715119E+00  1.47539107E-03
 1.16735137E+00  1.75425318E-03
 1.16754603E+00  2.03776943E-03
 1.16772779E+00  2.31798689E-03
 1.16788769E+00  2.58594372E-03
 1.16801811E+00  2.83308409E-03
 1.16811131E+00  3.05126006E-03
 1.16815984E+00  3.23320650E-03
 1.16816206E+00  3.37520130E-03
 1.16812045E+00  3.47641878E-03
 1.16803776E+00  3.53663814E-03
 1.16791732E+00  3.55621897E-03
 1.16776021E+00  3.53471461E-03
 1.16756509E+00  3.47085803E-03
 1.16733436E+00  3.36625448E-03
 1.16707327E+00  3.22501364E-03
 1.16678762E+00  3.05230202E-03
 1.16648552E+00  2.85532172E-03
 1.16617444E+00  2.64136053E-03
 1.16586116E+00  2.41763409E-03
 1.16555611E+00  2.19383957E-03
 1.16527116E+00  1.98049832E-03
 1.16501647E+00  1.78674728E-03
 1.16480055E+00  1.61997828E-03
 1.16462717E+00  1.48334313E-03
 1.16449541E+00  1.37598680E-03
 1.16440504E+00  1.29713530E-03
 1.16435626E+00  1.24621196E-03
 1.16434917E+00  1.22306384E-03
 1.16438512E+00  1.22876376E-03
 1.16446273E+00  1.26181117E-03
 1.16457821E+00  1.31852539E-03
 1.16472905E+00  1.39602007E-03
 1.16491237E+00  1.49074464E-03
 1.16512484E+00  1.59900471E-03
 1.16536299E+00  1.71707577E-03
 1.16561970E+00  1.83775518E-03
 1.16588553E+00  1.95185864E-03
 1.16615316E+00  2.05230679E-03
 1.16641723E+00  2.13414782E-03
 1.16667556E+00  2.19615542E-03
 1.16692967E+00  2.24115666E-03
 1.16718008E+00  2.27109169E-03
 1.16742622E+00  2.28692898E-03
 1.16766812E+00  2.28998699E-03
 1.16790489E+00  2.28042366E-03
 1.16813689E+00  2.25984446E-03
 1.16836565E+00  2.23103330E-03
 1.16859027E+00  2.19414547E-03
 1.16880873E+00  2.14822796E-03
 1.16901937E+00  2.09262157E-03
 1.16922068E+00  2.02687489E-03
 1.16941398E+00  1.95396005E-03
 1.16960279E+00  1.87951958E-03
 1.16978841E+00  1.80703409E-03
 1.16997015E+00  1.73819407E-03
 1.17014535E+00  1.67295144E-03
 1.17030859E+00  1.60861977E-03
 1.17045541E+00  1.54395796E-03
 1.17058245E+00  1.47918091E-03
 1.17068521E+00  1.41329810E-03
 1.17075958E+00  1.34585278E-03
 1.17080127E+00  1.27661374E-03
 1.17080581E+00  1.20555505E-03
 1.17077163E+00  1.13617651E-03
 1.17069920E+00  1.07449062E-03
 1.17058874E+00  1.02600871E-03
 1.17044042E+00  9.95802457E-04
 1.17025280E+00  9.86798141E-04
 1.17002281E+00  9.99435754E-04
 1.16974955E+00  1.03551163E-03
 1.16943394E+00  1.09755883E-03
 1.16907777E+00  1.18704926E-03
 1.16868474E+00  1.30554615E-03
 1.16825846E+00  1.45300397E-03
 1.16780246E+00  1.62777458E-03
 1.16732280E+00  1.82961471E-03
 1.16682693E+00  2.05834727E-03
 1.16632286E+00  2.31171108E-03
 1.16581951E+00  2.58564312E-03
 1.16532496E+00  2.87265212E-03
 1.16484654E+00  3.16197895E-03
 1.16439278E+00  3.44320999E-03
 1.16397289E+00  3.70634060E-03
 1.16359633E+00  3.94145252E-03
 1.16327309E+00  4.14007174E-03
 1.16301182E+00  4.29365238E-03
 1.16281960E+00  4.39430751E-03
 1.16270254E+00  4.43783231E-03
 1.16266517E+00  4.42270210E-03
 1.16271070E+00  4.34879303E-03
 1.16284110E+00  4.21735191E-03
 1.16305620E+00  4.02859011E-03
 1.16335362E+00  3.78224397E-03
 1.16372857E+00  3.48170905E-03
 1.16417344E+00  3.13362793E-03
 1.16467804E+00  2.74729384E-03
 1.16522981E+00  2.33540090E-03
 1.16581441E+00  1.91075313E-03
 1.16641640E+00  1.48602129E-03
 1.16701980E+00  1.07601598E-03
 1.16760888E+00  6.95583270E-04
 1.16816862E+00  3.58266340E-04
 1.16868583E+00  7.55468216E-05
 1.16915083E+00 -1.46791021E-04
 1.16955718E+00 -3.08023886E-04
 1.16990001E+00 -4.08264808E-04
 1.17017549E+00 -4.48318566E-04
 1.17037919E+00 -4.28331266E-04
 1.17050652E+00 -3.47407072E-04
 1.17055682E+00 -2.09107771E-04
 1.17053313E+00 -2.09508945E-05
 1.17044105E+00  2.08500369E-04
 1.17028959E+00  4.68020395E-04
 1.17008845E+00  7.46015742E-04
 1.16984778E+00  1.03085117E-03
 1.16958103E+00  1.30676153E-03
 1.16930266E+00  1.55637914E-03
 1.16902543E+00  1.76504005E-03
 1.16875954E+00  1.92138347E-03
 1.16850876E+00  2.02092606E-03
 1.16827111E+00  2.06595579E-03
 1.16804492E+00  2.05877679E-03
 1.16782939E+00  2.00147576E-03
 1.16762584E+00  1.89609942E-03
 1.16743877E+00  1.74320836E-03
 1.16726956E+00  1.54767460E-03
 1.16711739E+00  1.31814442E-03
 1.16698390E+00  1.06202424E-03
 1.16687059E+00  7.87746557E-04
 1.16677970E+00  5.04247479E-04
 1.16671383E+00  2.20624724E-04
 1.16666946E+00 -4.85733875E-05
 1.16663931E+00 -2.85764671E-04
 1.16661937E+00 -4.77196043E-04
 1.16660836E+00 -6.13182049E-04
 1.16660994E+00 -6.90681374E-04
 1.16663327E+00 -7.13931916E-04
 1.16668465E+00 -6.86435656E-04
 1.16676756E+00 -6.10767711E-04
 1.16688567E+00 -4.90717943E-04
 1.16703979E+00 -3.28963259E-04
 1.16723056E+00 -1.31655660E-04
 1.16745783E+00  9.19274272E-05
 1.16771409E+00  3.35558391E-04
 1.16798695E+00  5.93704272E-04
 1.16826370E+00  8.59903525E-04
 1.16853148E+00  1.12721273E-03
 1.16878235E+00  1.38318157E-03
 1.16901334E+00  1.61157579E-03
 1.16921842E+00  1.80034318E-03
 1.16939013E+00  1.94158218E-03
 1.16952235E+00  2.03251400E-03
 1.16960808E+00  2.07677980E-03
 1.16964376E+00  2.07706127E-03
 1.16962889E+00  2.03491828E-03
 1.16955944E+00  1.95432894E-03
 1.16943098E+00  1.83915008E-03
 1.16924291E+00  1.69576216E-03
 1.16899791E+00  1.53306115E-03
 1.16870574E+00  1.35661040E-03
 1.16838284E+00  1.17050899E-03
 1.16804476E+00  9.80302129E-04
 1.16770630E+00  7.92395796E-04
 1.16738249E+00  6.17646677E-04
 1.16708572E+00  4.70410341E-04
 1.16682888E+00  3.61279454E-04
 1.16662397E+00  2.97064805E-04
 1.16647572E+00  2.80952424E-04
 1.16638398E+00  3.11045436E-04
 1.16634690E+00  3.86065061E-04
 1.16636117E+00  5.05619968E-04
 1.16642713E+00  6.66700532E-04
 1.16654797E+00  8.65782994E-04
 1.16672141E+00  1.09737624E-03
 1.16694081E+00  1.35384645E-03
 1.16719721E+00  1.63007866E-03
 1.16747718E+00  1.92215382E-03
 1.16776835E+00  2.22457932E-03
 1.16805922E+00  2.53084005E-03
 1.16833322E+00  2.83096145E-03
 1.16857245E+00  3.11214056E-03
 1.16876149E+00  3.36460747E-03
 1.16888786E+00  3.58180863E-03
 1.16894766E+00  3.76012428E-03
 1.16894485E+00  3.90004515E-03
 1.16888287E+00  4.00166409E-03
 1.16876468E+00  4.06429995E-03
 1.16859235E+00  4.08916028E-03
 1.16836525E+00  4.07770899E-03
 1.16808752E+00  4.03299247E-03
 1.16776719E+00  3.95973702E-03
 1.16741011E+00  3.86056654E-03
 1.16702297E+00  3.73713869E-03
 1.16661256E+00  3.59229880E-03
 1.16618558E+00  3.42974634E-03
 1.16575534E+00  3.25630405E-03
 1.16533909E+00  3.08130463E-03
 1.16495021E+00  2.91159529E-03
 1.16459833E+00  2.75142168E-03
 1.16428688E+00  2.60255713E-03
 1.16401218E+00  2.46338041E-03
 1.16377223E+00  2.33297339E-03
 1.16356676E+00  2.21145158E-03
 1.16339402E+00  2.09770558E-03
 1.16325371E+00  1.99093439E-03
 1.16314290E+00  1.88951648E-03
 1.16305632E+00  1.79103211E-03
 1.16299308E+00  1.69573248E-03
 1.16295417E+00  1.60543425E-03
 1.16293959E+00  1.52132484E-03
 1.16294881E+00  1.44410276E-03
 1.16297583E+00  1.37172955E-03
 1.16301030E+00  1.29980515E-03
 1.16304561E+00  1.22614114E-03
 1.16307849E+00  1.15058654E-03
 1.16310866E+00  1.07444889E-03
 1.16314044E+00  1.00146097E-03
 1.16317626E+00  9.34389808E-04
 1.16321646E+00  8.74880043E-04
 1.16326364E+00  8.26012618E-04
 1.16331994E+00  7.90776632E-04
 1.16338778E+00  7.72051900E-04
 1.16346998E+00  7.72667627E-04
 1.16356448E+00  7.92479132E-04
 1.16366583E+00  8.29124638E-04
 1.16376957E+00  8.80728488E-04
 1.16387186E+00  9.45750457E-04
 1.16397219E+00  1.02425358E-03
 1.16407350E+00  1.11810295E-03
 1.16417588E+00  1.22740202E-03
 1.16427722E+00  1.35079781E-03
 1.16437519E+00  1.48688014E-03
 1.16446560E+00  1.63311649E-03
 1.16454584E+00  1.78748211E-03
 1.16461493E+00  1.94847770E-03
 1.16466940E+00  2.11254695E-03
 1.16470527E+00  2.27514228E-03
 1.16471986E+00  2.43207424E-03
 1.16471146E+00  2.57920347E-03
 1.16468244E+00  2.71396758E-03
 1.16463868E+00  2.83532815E-03
 1.16458520E+00  2.94137486E-03
 1.16452625E+00  3.02964461E-03
 1.16446506E+00  3.09754896E-03
 1.16440275E+00  3.14180574E-03
 1.16434169E+00  3.16002504E-03
 1.16428504E+00  3.15073038E-03
 1.16423368E+00  3.11195955E-03
 1.16418769E+00  3.04200831E-03
 1.16414620E+00  2.93965096E-03
 1.16410736E+00  2.80405093E-03
 1.16407157E+00  2.63607671E-03
 1.16404051E+00  2.43815163E-03
 1.16401376E+00  2.21314104E-03
 1.16398927E+00  1.96472893E-03
 1.16396289E+00  1.69742363E-03
 1.16392784E+00  1.41617817E-03
 1.16387826E+00  1.12700509E-03
 1.16380907E+00  8.36611310E-04
 1.16371422E+00  5.51321741E-04
 1.16358833E+00  2.77206429E-04
 1.16342645E+00  2.01349499E-05
 1.16322442E+00 -2.14756806E-04
 1.16298180E+00 -4.23094522E-04
 1.16270109E+00 -6.01269123E-04
 1.16238528E+00 -7.46651474E-04
 1.16203794E+00 -8.57296553E-04
 1.16166186E+00 -9.31349464E-04
 1.16125892E+00 -9.67440303E-04
 1.16083365E+00 -9.65725281E-04
 1.16039282E+00 -9.27914201E-04
 1.15994389E+00 -8.57391107E-04
 1.15949598E+00 -7.59263454E-04
 1.15905809E+00 -6.39097995E-04
 1.15863897E+00 -5.02795996E-04
 1.15824957E+00 -3.57056094E-04
 1.15790151E+00 -2.08517039E-04
 1.15760490E+00 -6.33617563E-05
 1.15736811E+00  7.32702624E-05
 1.15719559E+00  1.98937970E-04
 1.15708787E+00  3.13468068E-04
 1.15704515E+00  4.17020636E-04
 1.15706724E+00  5.09779314E-04
 1.15715340E+00  5.90888338E-04
 1.15730302E+00  6.58332124E-04
 1.15751243E+00  7.11833507E-04
 1.15777504E+00  7.52452255E-04
 1.15808384E+00  7.81105671E-04
 1.15843030E+00  7.99518449E-04
 1.15880505E+00  8.09113425E-04
 1.15919831E+00  8.11137855E-04
 1.15959749E+00  8.09276771E-04
 1.15998860E+00  8.08371088E-04
 1.16035945E+00  8.11876001E-04
 1.16070009E+00  8.21814389E-04
 1.16100466E+00  8.37182667E-04
 1.16127154E+00  8.53951748E-04
 1.16149924E+00  8.68849253E-04
 1.16168612E+00  8.79402352E-04
 1.16183082E+00  8.83317116E-04
 1.16193139E+00  8.79611631E-04
 1.16198879E+00  8.66417243E-04
 1.16200676E+00  8.41335807E-04
 1.16198868E+00  8.04371301E-04
 1.16193891E+00  7.56688989E-04
 1.16186248E+00  6.99639715E-04
 1.16176476E+00  6.34726914E-04
 1.16165460E+00  5.60900718E-04
 1.16154278E+00  4.75152274E-04
 1.16143771E+00  3.76280557E-04
 1.16134511E+00  2.64464017E-04
 1.16126618E+00  1.41133516E-04
 1.16119731E+00  9.75211288E-06
 1.16113545E+00 -1.27207299E-04
 1.16107842E+00 -2.68104570E-04
 1.16102400E+00 -4.09754582E-04
 1.16097139E+00 -5.48808452E-04
 1.16091765E+00 -6.81953235E-04
 1.16085812E+00 -8.05795841E-04
 1.16079057E+00 -9.19280438E-04
 1.16071347E+00 -1.02312488E-03
 1.16062520E+00 -1.11741022E-03
 1.16052415E+00 -1.20185254E-03
 1.16040475E+00 -1.27516188E-03
 1.16025882E+00 -1.33467674E-03
 1.16008124E+00 -1.37889968E-03
 1.15986978E+00 -1.40723140E-03
 1.15962598E+00 -1.41858072E-03
 1.15935592E+00 -1.41228640E-03
 1.15906472E+00 -1.38749407E-03
 1.15875642E+00 -1.34317810E-03
 1.15843665E+00 -1.28015020E-03
 1.15811058E+00 -1.20046964E-03
 1.15778459E+00 -1.10608186E-03
 1.15746618E+00 -9.99215437E-04
 1.15715950E+00 -8.81767068E-04
 1.15686677E+00 -7.55090058E-04
 1.15659090E+00 -6.21522823E-04
 1.15633517E+00 -4.84040505E-04
 1.15610595E+00 -3.45323787E-04
 1.15591230E+00 -2.08227107E-04
 1.15576046E+00 -7.53380026E-05
 1.15565421E+00  5.12555445E-05
 1.15559561E+00  1.69164820E-04
 1.15558368E+00  2.76005821E-04
 1.15561792E+00  3.69914741E-04
 1.15569831E+00  4.49316457E-04
 1.15582191E+00  5.13109797E-04
 1.15598451E+00  5.60857152E-04
 1.15618086E+00  5.92561012E-04
 1.15640433E+00  6.08827222E-04
 1.15664978E+00  6.11146142E-04
 1.15691308E+00  6.01695713E-04
 1.15718848E+00  5.83070924E-04
 1.15746918E+00  5.58180304E-04
 1.15774693E+00  5.29933933E-04
 1.15801196E+00  5.01035571E-04
 1.15825617E+00  4.74062150E-04
 1.15847340E+00  4.51084373E-04
 1.15865856E+00  4.33109991E-04
 1.15880859E+00  4.20301757E-04
 1.15892081E+00  4.12486668E-04
 1.15899267E+00  4.09394803E-04
 1.15902334E+00  4.11339407E-04
 1.15901309E+00  4.19132255E-04
 1.15896373E+00  4.32822085E-04
 1.15887890E+00  4.51890445E-04
 1.15876266E+00  4.75699780E-04
 1.15861976E+00  5.03119056E-04
 1.15845619E+00  5.33191310E-04
 1.15827876E+00  5.65011185E-04
 1.15809554E+00  5.96553576E-04
 1.15791527E+00  6.25293705E-04
 1.15774543E+00  6.49235224E-04
 1.15759160E+00  6.66953650E-04
 1.15745673E+00  6.78421008E-04
 1.15734098E+00  6.84936599E-04
 1.15724412E+00  6.87365964E-04
 1.15716596E+00  6.86114147E-04
 1.15710647E+00  6.81305126E-04
 1.15706623E+00  6.72258108E-04
 1.15704392E+00  6.58566088E-04
 1.15703661E+00  6.39882563E-04
 1.15704165E+00  6.14539787E-04
 1.15705579E+00  5.80197869E-04
 1.15707566E+00  5.34377476E-04
 1.15709775E+00  4.74579777E-04
 1.15711596E+00  3.99725703E-04
 1.15712291E+00  3.09940963E-04
 1.15711308E+00  2.04744536E-04
 1.15708310E+00  8.33929930E-05
 1.15703323E+00 -5.48848164E-05
 1.15696748E+00 -2.11271288E-04
 1.15688943E+00 -3.85946358E-04
 1.15680203E+00 -5.78187453E-04
 1.15670839E+00 -7.87675069E-04
 1.15661055E+00 -1.01371592E-03
 1.15651204E+00 -1.25472422E-03
 1.15641751E+00 -1.50825236E-03
 1.15632941E+00 -1.76982509E-03
 1.15624932E+00 -2.03324036E-03
 1.15617884E+00 -2.29230004E-03
 1.15611957E+00 -2.54086084E-03
 1.15607609E+00 -2.77314216E-03
 1.15605508E+00 -2.98429023E-03
 1.15606080E+00 -3.16924650E-03
 1.15609527E+00 -3.32322990E-03
 1.15615798E+00 -3.44319472E-03
 1.15624505E+00 -3.52725691E-03
 1.15635318E+00 -3.57439909E-03
 1.15647959E+00 -3.58438526E-03
 1.15661959E+00 -3.55627541E-03
 1.15676811E+00 -3.48886813E-03
 1.15691891E+00 -3.38282995E-03
 1.15706450E+00 -3.24046487E-03
 1.15719934E+00 -3.06564886E-03
 1.15731894E+00 -2.86418073E-03
 1.15741790E+00 -2.64190061E-03
 1.15749033E+00 -2.40464694E-03
 1.15752863E+00 -2.15944471E-03
 1.15752369E+00 -1.91339644E-03
 1.15746853E+00 -1.67316329E-03
 1.15735840E+00 -1.44458504E-03
 1.15719028E+00 -1.23072124E-03
 1.15696382E+00 -1.03226964E-03
 1.15667920E+00 -8.49779741E-04
 1.15633702E+00 -6.83742628E-04
 1.15594029E+00 -5.35409669E-04
 1.15549361E+00 -4.07017623E-04
 1.15500363E+00 -2.98929922E-04
 1.15447936E+00 -2.09967705E-04
 1.15393045E+00 -1.38958195E-04
 1.15336745E+00 -8.38015932E-05
 1.15280244E+00 -4.24763216E-05
 1.15224845E+00 -1.30494197E-05
 1.15171956E+00  8.68273535E-06
 1.15123038E+00  2.80170766E-05
 1.15079388E+00  4.90346429E-05
 1.15042063E+00  7.45321213E-05
 1.15011795E+00  1.04514835E-04
 1.14988964E+00  1.36196772E-04
 1.14973814E+00  1.67419818E-04
 1.14966491E+00  1.96720007E-04
 1.14967058E+00  2.22880924E-04
 1.14975504E+00  2.45883117E-04
 1.14991458E+00  2.64686976E-04
 1.15014189E+00  2.77530992E-04
 1.15042768E+00  2.84528961E-04
 1.15076005E+00  2.86534368E-04
 1.15112589E+00  2.84534391E-04
 1.15151140E+00  2.79644482E-04
 1.15190012E+00  2.70581724E-04
 1.15227475E+00  2.54340960E-04
 1.15262003E+00  2.29566987E-04
 1.15292374E+00  1.96250572E-04
 1.15317966E+00  1.55920607E-04
 1.15338723E+00  1.12224009E-04
 1.15354666E+00  6.78683108E-05
 1.15365836E+00  2.46818641E-05
 1.15372216E+00 -1.45240005E-05
 1.15373656E+00 -4.72300176E-05
 1.15370437E+00 -7.08790767E-05
 1.15363210E+00 -8.28877231E-05
 1.15352616E+00 -8.30893872E-05
 1.15339484E+00 -7.30294452E-05
 1.15324674E+00 -5.39423327E-05
 1.15309063E+00 -2.69009894E-05
 1.15294036E+00  8.33234152E-06
 1.15281229E+00  5.34547184E-05
 1.15271937E+00  1.08861516E-04
 1.15267074E+00  1.73984413E-04
 1.15266844E+00  2.48401417E-04
 1.15270723E+00  3.30962119E-04
 1.15278261E+00  4.20935753E-04
 1.15289108E+00  5.17934184E-04
 1.15302892E+00  6.19790692E-04
 1.15319438E+00  7.23356609E-04
 1.15338228E+00  8.25712645E-04
 1.15358458E+00  9.23848469E-04
 1.15379663E+00  1.01568056E-03
 1.15401452E+00  1.10011074E-03
 1.15423400E+00  1.17520550E-03
 1.15445073E+00  1.23852650E-03
 1.15465437E+00  1.28777926E-03
 1.15483063E+00  1.32030303E-03
 1.15496950E+00  1.33393970E-03
 1.15506500E+00  1.32712141E-03
 1.15511648E+00  1.29780833E-03
 1.15512980E+00  1.24398908E-03
 1.15510939E+00  1.16415866E-03
 1.15505820E+00  1.05719763E-03
 1.15498155E+00  9.23078295E-04
 1.15488431E+00  7.62928270E-04
 1.15477332E+00  5.78319725E-04
 1.15465740E+00  3.71555864E-04
 1.15454093E+00  1.45937398E-04
 1.15442593E+00 -9.45693207E-05
 1.15431558E+00 -3.45235608E-04
 1.15421371E+00 -6.00819217E-04
 1.15412853E+00 -8.56375928E-04
 1.15407190E+00 -1.10727330E-03
 1.15405173E+00 -1.34891356E-03
 1.15407223E+00 -1.57720063E-03
 1.15413478E+00 -1.78885110E-03
 1.15423611E+00 -1.98124156E-03
 1.15437360E+00 -2.15242377E-03
 1.15454532E+00 -2.30085137E-03
 1.15474576E+00 -2.42460355E-03
 1.15496799E+00 -2.52170237E-03
 1.15520343E+00 -2.59128347E-03
 1.15544143E+00 -2.63350650E-03
 1.15567359E+00 -2.64953169E-03
 1.15589285E+00 -2.64171043E-03
 1.15609030E+00 -2.61249377E-03
 1.15625595E+00 -2.56446187E-03
 1.15637766E+00 -2.50112707E-03
 1.15644136E+00 -2.42619101E-03
 1.15643608E+00 -2.34298931E-03
 1.15635440E+00 -2.25418767E-03
 1.15619177E+00 -2.16049356E-03
 1.15594780E+00 -2.06096430E-03
 1.15562314E+00 -1.95481175E-03
 1.15521911E+00 -1.84157434E-03
 1.15473993E+00 -1.72166109E-03
 1.15419180E+00 -1.59666084E-03
 1.15358410E+00 -1.46734776E-03
 1.15292978E+00 -1.33402293E-03
 1.15224276E+00 -1.19791168E-03
 1.15153842E+00 -1.06035699E-03
 1.15083417E+00 -9.23122075E-04
 1.15014863E+00 -7.88227356E-04
 1.14950256E+00 -6.55881946E-04
 1.14891771E+00 -5.25209106E-04
 1.14841315E+00 -3.96386406E-04
 1.14800415E+00 -2.70439305E-04
 1.14770040E+00 -1.49858520E-04
 1.14750580E+00 -3.88055982E-05
 1.14742253E+00  5.94021073E-05
 1.14745167E+00  1.42221499E-04
 1.14759327E+00  2.06837941E-04
 1.14784682E+00  2.51137185E-04
 1.14820656E+00  2.73066721E-04
 1.14866169E+00  2.70783840E-04
 1.14919954E+00  2.44639484E-04
 1.14980423E+00  1.96500290E-04
 1.15045827E+00  1.28355577E-04
 1.15114318E+00  4.23439879E-05
 1.15183576E+00 -6.05039086E-05
 1.15251083E+00 -1.80297636E-04
 1.15314641E+00 -3.15994230E-04
 1.15372497E+00 -4.65792108E-04
 1.15423726E+00 -6.27962306E-04
 1.15468228E+00 -8.00128323E-04
 1.15505938E+00 -9.80301859E-04
 1.15536769E+00 -1.16671273E-03
 1.15560590E+00 -1.35591068E-03
 1.15577081E+00 -1.54350329E-03
 1.15586465E+00 -1.72532252E-03
 1.15589436E+00 -1.89714923E-03
 1.15586563E+00 -2.05558765E-03
 1.15578566E+00 -2.19817263E-03
 1.15566234E+00 -2.32174505E-03
 1.15550401E+00 -2.42281472E-03
 1.15532646E+00 -2.49833148E-03
 1.15514972E+00 -2.54518516E-03
 1.15498920E+00 -2.56080705E-03
 1.15485536E+00 -2.54327281E-03
 1.15475022E+00 -2.49031029E-03
 1.15466672E+00 -2.39979665E-03
 1.15459966E+00 -2.27054778E-03
 1.15454604E+00 -2.10228615E-03
 1.15450256E+00 -1.89626647E-03
 1.15446885E+00 -1.65551098E-03
 1.15444140E+00 -1.38411324E-03
 1.15441427E+00 -1.08761438E-03
 1.15438766E+00 -7.73591043E-04
 1.15436443E+00 -4.51115096E-04
 1.15434717E+00 -1.30317941E-04
 1.15433824E+00  1.78100444E-04
 1.15433214E+00  4.64187184E-04
 1.15431746E+00  7.18957214E-04
 1.15428802E+00  9.33630287E-04
 1.15424210E+00  1.10048509E-03
 1.15418253E+00  1.21380525E-03
 1.15411866E+00  1.26955412E-03
 1.15405668E+00  1.26549586E-03
 1.15399963E+00  1.20085515E-03
 1.15395358E+00  1.07476340E-03
 1.15392351E+00  8.87010735E-04
 1.15391411E+00  6.40503956E-04
 1.15392984E+00  3.41201598E-04
 1.15396690E+00 -1.69259243E-06
 1.15401568E+00 -3.75565303E-04
 1.15406766E+00 -7.67185925E-04
 1.15411521E+00 -1.16301538E-03
 1.15415549E+00 -1.54821937E-03
 1.15419115E+00 -1.90840799E-03
 1.15422115E+00 -2.23020067E-03
 1.15424204E+00 -2.50231364E-03
 1.15425198E+00 -2.71890742E-03
 1.15424795E+00 -2.87879888E-03
 1.15422971E+00 -2.98202819E-03
 1.15419970E+00 -3.02944763E-03
 1.15415587E+00 -3.02070236E-03
 1.15409466E+00 -2.95419138E-03
 1.15401567E+00 -2.83267602E-03
 1.15392079E+00 -2.66267565E-03
 1.15381797E+00 -2.45200943E-03
 1.15372096E+00 -2.21135784E-03
 1.15364174E+00 -1.95146684E-03
 1.15359085E+00 -1.68302568E-03
 1.15357865E+00 -1.42096761E-03
 1.15361272E+00 -1.18176022E-03
 1.15370120E+00 -9.79216237E-04
 1.15385186E+00 -8.23880719E-04
 1.15406636E+00 -7.19131888E-04
 1.15434229E+00 -6.61438736E-04
 1.15467562E+00 -6.47468730E-04
 1.15506052E+00 -6.74306412E-04
 1.15549375E+00 -7.39396831E-04
 1.15597392E+00 -8.42122004E-04
 1.15649458E+00 -9.77792721E-04
 1.15704521E+00 -1.13832406E-03
 1.15761236E+00 -1.31756394E-03
 1.15817819E+00 -1.50883863E-03
 1.15872559E+00 -1.70523542E-03
 1.15923837E+00 -1.89981706E-03
 1.15969710E+00 -2.07989992E-03
 1.16008232E+00 -2.22941957E-03
 1.16037669E+00 -2.33621889E-03
 1.16056563E+00 -2.39204510E-03
 1.16064256E+00 -2.39480406E-03
 1.16060808E+00 -2.34937618E-03
 1.16046398E+00 -2.25952037E-03
 1.16021341E+00 -2.12781986E-03
 1.15985972E+00 -1.95845312E-03
 1.15940569E+00 -1.75463585E-03
 1.15886061E+00 -1.52246276E-03
 1.15823971E+00 -1.27064479E-03
 1.15756022E+00 -1.00425743E-03
 1.15684329E+00 -7.26998631E-04
 1.15611118E+00 -4.43592598E-04
 1.15538640E+00 -1.59316049E-04
 1.15469643E+00  1.15442594E-04
 1.15407043E+00  3.66456071E-04
 1.15353388E+00  5.83437037E-04
 1.15310752E+00  7.59846450E-04
 1.15280256E+00  8.93067354E-04
 1.15262075E+00  9.85890984E-04
 1.15256260E+00  1.04006114E-03
 1.15262768E+00  1.05615345E-03
 1.15281476E+00  1.03744966E-03
 1.15312317E+00  9.87519420E-04
 1.15354453E+00  9.11738765E-04
 1.15406323E+00  8.17445730E-04
 1.15466231E+00  7.08768860E-04
 1.15532081E+00  5.88116891E-04
 1.15601612E+00  4.59442113E-04
 1.15672491E+00  3.27658732E-04
 1.15741679E+00  2.01267590E-04
 1.15805835E+00  9.18754746E-05
 1.15862137E+00  7.94233368E-06
 1.15908415E+00 -4.52205702E-05
 1.15943699E+00 -6.47371687E-05
 1.15968229E+00 -5.15572439E-05
 1.15982306E+00 -6.06846453E-06
 1.15986217E+00  7.22059036E-05
 1.15980301E+00  1.81428070E-04
 1.15964704E+00  3.19184873E-04
 1.15940376E+00  4.81821474E-04
 1.15908999E+00  6.64216917E-04
 1.15872107E+00  8.63471463E-04
 1.15831474E+00  1.07793804E-03
 1.15789007E+00  1.30461536E-03
 1.15746676E+00  1.53955988E-03
 1.15707426E+00  1.77616116E-03
 1.15674729E+00  2.00545692E-03
 1.15651358E+00  2.22080285E-03
 1.15639306E+00  2.41799074E-03
 1.15639284E+00  2.59469443E-03
 1.15650622E+00  2.75145372E-03
 1.15672747E+00  2.88829170E-03
 1.15705235E+00  3.00436206E-03
 1.15747485E+00  3.10017465E-03
 1.15799125E+00  3.17626377E-03
 1.15859085E+00  3.23384746E-03
 1.15925674E+00  3.27489485E-03
 1.15997724E+00  3.29919282E-03
 1.16074133E+00  3.30521925E-03
 1.16153628E+00  3.29222690E-03
 1.16234833E+00  3.26010964E-03
 1.16315263E+00  3.21114644E-03
 1.16391686E+00  3.14975840E-03
 1.16461637E+00  3.07859961E-03
 1.16523416E+00  2.99865706E-03
 1.16576329E+00  2.90984687E-03
 1.16620910E+00  2.81019551E-03
 1.16657443E+00  2.69870998E-03
 1.16685927E+00  2.57559023E-03
 1.16706722E+00  2.44010163E-03
 1.16720049E+00  2.29188239E-03
 1.16726545E+00  2.13095811E-03
 1.16727243E+00  1.95772873E-03
 1.16722401E+00  1.77549838E-03
 1.16711902E+00  1.58974192E-03
 1.16695858E+00  1.40563054E-03
 1.16674540E+00  1.22800349E-03
 1.16649178E+00  1.06003100E-03
 1.16621793E+00  9.02957636E-04
 1.16593729E+00  7.59293268E-04
 1.16565714E+00  6.32365227E-04
 1.16537960E+00  5.24872519E-04
 1.16509867E+00  4.39812666E-04
 1.16481161E+00  3.78972906E-04
 1.16451941E+00  3.42912143E-04
 1.16421888E+00  3.33436061E-04
 1.16390750E+00  3.52447423E-04
 1.16358233E+00  4.00230065E-04
 1.16323978E+00  4.75635766E-04
 1.16288510E+00  5.74603460E-04
 1.16252966E+00  6.90312677E-04
 1.16218301E+00  8.16183673E-04
 1.16185334E+00  9.45901381E-04
 1.16154275E+00  1.07321943E-03
 1.16124702E+00  1.19300396E-03
 1.16096700E+00  1.29974714E-03
 1.16070765E+00  1.38812139E-03
 1.16047424E+00  1.45541470E-03
 1.16027541E+00  1.50061731E-03
 1.16011681E+00  1.52348175E-03
 1.16000080E+00  1.52444228E-03
 1.15993407E+00  1.50246877E-03
 1.15992390E+00  1.45552270E-03
 1.15997489E+00  1.38384543E-03
 1.16008951E+00  1.28953832E-03
 1.16026231E+00  1.17612907E-03
 1.16048092E+00  1.04926757E-03
 1.16073427E+00  9.14260694E-04
 1.16101238E+00  7.76108177E-04
 1.16130710E+00  6.41618664E-04
 1.16161407E+00  5.17899365E-04
 1.16192622E+00  4.11281579E-04
 1.16223482E+00  3.27037234E-04
 1.16253506E+00  2.66898284E-04
 1.16282334E+00  2.29523144E-04
 1.16309768E+00  2.13726763E-04
 1.16335770E+00  2.18516068E-04
 1.16359847E+00  2.43750020E-04
 1.16381236E+00  2.90699201E-04
 1.16399554E+00  3.58700322E-04
 1.16414706E+00  4.45599142E-04
 1.16426988E+00  5.50046092E-04
 1.16437191E+00  6.70236939E-04
 1.16445944E+00  8.04550896E-04
 1.16453748E+00  9.51521678E-04
 1.16461328E+00  1.10681151E-03
 1.16469344E+00  1.26442071E-03
 1.16478431E+00  1.41985072E-03
 1.16489157E+00  1.56994700E-03
 1.16501491E+00  1.71414407E-03
 1.16514953E+00  1.85472211E-03
 1.16529100E+00  1.99293787E-03
 1.16543517E+00  2.12907280E-03
 1.16558075E+00  2.26365241E-03
 1.16572987E+00  2.39616904E-03
 1.16588169E+00  2.52677363E-03
 1.16603347E+00  2.65607706E-03
 1.16618371E+00  2.78220085E-03
 1.16633000E+00  2.90193132E-03
 1.16647123E+00  3.01218156E-03
 1.16660726E+00  3.10995537E-03
 1.16673361E+00  3.19465361E-03
 1.16684355E+00  3.26776878E-03
 1.16693258E+00  3.32933708E-03
 1.16699790E+00  3.37840153E-03
 1.16704086E+00  3.41355404E-03
 1.16706718E+00  3.43213820E-03
 1.16708090E+00  3.43279537E-03
 1.16708476E+00  3.41540640E-03
 1.16708206E+00  3.37878861E-03
 1.16707464E+00  3.32199299E-03
 1.16706534E+00  3.24492147E-03
 1.16705775E+00  3.14821395E-03
 1.16705172E+00  3.03535394E-03
 1.16704505E+00  2.91216178E-03
 1.16703572E+00  2.78415012E-03
 1.16702171E+00  2.65657385E-03
 1.16700411E+00  2.53383809E-03
 1.16698678E+00  2.41884748E-03
 1.16697145E+00  2.31521971E-03
 1.16695840E+00  2.22675437E-03
 1.16694739E+00  2.15553845E-03
 1.16693643E+00  2.10283984E-03
 1.16692476E+00  2.06892260E-03
 1.16691263E+00  2.05308252E-03
 1.16689780E+00  2.05584171E-03
 1.16687716E+00  2.07821464E-03
 1.16684791E+00  2.11926903E-03
 1.16680710E+00  2.17644202E-03
 1.16675408E+00  2.24514655E-03
 1.16669019E+00  2.31850067E-03
 1.16661566E+00  2.38993269E-03
 1.16653016E+00  2.45321396E-03
 1.16643308E+00  2.50132558E-03
 1.16632280E+00  2.52774464E-03
 1.16619887E+00  2.52641770E-03
 1.16606191E+00  2.49221943E-03
 1.16591185E+00  2.42337301E-03
 1.16574886E+00  2.32084514E-03
 1.16557349E+00  2.18624909E-03
 1.16538652E+00  2.02181402E-03
 1.16519060E+00  1.82911784E-03
 1.16498999E+00  1.60905522E-03
 1.16478923E+00  1.36517823E-03
 1.16459352E+00  1.10333578E-03
 1.16440868E+00  8.30312411E-04
 1.16424072E+00  5.54690986E-04
 1.16409655E+00  2.85057926E-04
 1.16398361E+00  2.98131154E-05
 1.16390854E+00 -2.00554265E-04
 1.16387737E+00 -3.95026572E-04
 1.16389551E+00 -5.44146233E-04
 1.16396713E+00 -6.40413502E-04
 1.16409517E+00 -6.80625208E-04
 1.16428131E+00 -6.65722238E-04
 1.16452560E+00 -5.97094932E-04
 1.16482686E+00 -4.76530415E-04
 1.16518321E+00 -3.06065372E-04
 1.16559163E+00 -8.73329839E-05
 1.16604682E+00  1.74836159E-04
 1.16654116E+00  4.72688172E-04
 1.16706450E+00  7.98191347E-04
 1.16760427E+00  1.14183876E-03
 1.16814712E+00  1.49355290E-03
 1.16867929E+00  1.84305965E-03
 1.16918640E+00  2.17708147E-03
 1.16965462E+00  2.48098827E-03
 1.17007100E+00  2.74241086E-03
 1.17042448E+00  2.95168488E-03
 1.17070812E+00  3.10399515E-03
 1.17091867E+00  3.19956763E-03
 1.17105448E+00  3.23893893E-03
 1.17111516E+00  3.22279694E-03
 1.17110015E+00  3.15255720E-03
 1.17100890E+00  3.02932624E-03
 1.17084503E+00  2.85774902E-03
 1.17061605E+00  2.64579704E-03
 1.17033188E+00  2.40124825E-03
 1.17000577E+00  2.13313488E-03
 1.16965166E+00  1.85138572E-03
 1.16928383E+00  1.56636479E-03
 1.16891951E+00  1.29216286E-03
 1.16857662E+00  1.04481819E-03
 1.16827104E+00  8.37544565E-04
 1.16801566E+00  6.80238290E-04
 1.16781662E+00  5.77364895E-04
 1.16767378E+00  5.27583278E-04
 1.16758624E+00  5.29486138E-04
 1.16755269E+00  5.81893246E-04
 1.16757241E+00  6.82830158E-04
 1.16764603E+00  8.30941392E-04
 1.16776924E+00  1.02131084E-03
 1.16793346E+00  1.24572745E-03
 1.16812982E+00  1.49708541E-03
 1.16834714E+00  1.76761405E-03
 1.16857385E+00  2.04867049E-03
 1.16879832E+00  2.33115071E-03
 1.16900367E+00  2.60146813E-03
 1.16917070E+00  2.84341372E-03
 1.16928390E+00  3.04415453E-03
 1.16933202E+00  3.19458500E-03
 1.16931183E+00  3.29120594E-03
 1.16922828E+00  3.33676395E-03
 1.16908605E+00  3.33360681E-03
 1.16888929E+00  3.28338757E-03
 1.16864257E+00  3.18890129E-03
 1.16834882E+00  3.05217639E-03
 1.16801557E+00  2.87836201E-03
 1.16765431E+00  2.67546126E-03
 1.16727415E+00  2.44912851E-03
 1.16688448E+00  2.20464229E-03
 1.16649538E+00  1.94819814E-03
 1.16611718E+00  1.68653421E-03
 1.16576669E+00  1.43122983E-03
 1.16546460E+00  1.19713265E-03
 1.16522694E+00  9.95461642E-04
 1.16506490E+00  8.33722673E-04
 1.16498267E+00  7.14678641E-04
 1.16497626E+00  6.35308024E-04
 1.16504266E+00  5.93431193E-04
 1.16517993E+00  5.87929526E-04
 1.16538390E+00  6.15872928E-04
 1.16565099E+00  6.74739034E-04
 1.16597397E+00  7.59744676E-04
 1.16634215E+00  8.63940928E-04
 1.16674840E+00  9.83496991E-04
 1.16718672E+00  1.11591795E-03
 1.16764954E+00  1.25759030E-03
 1.16812830E+00  1.40419791E-03
 1.16860842E+00  1.54714639E-03
 1.16907088E+00  1.67452073E-03
 1.16950106E+00  1.77780063E-03
 1.16988875E+00  1.85179557E-03
 1.17022856E+00  1.89459374E-03
 1.17052159E+00  1.90885643E-03
 1.17076775E+00  1.89635370E-03
 1.17096556E+00  1.85774943E-03
 1.17111620E+00  1.79589493E-03
 1.17122085E+00  1.71375688E-03
 1.17128305E+00  1.61567464E-03
 1.17130881E+00  1.50745753E-03
 1.17130047E+00  1.39190912E-03
 1.17125865E+00  1.27013559E-03
 1.17118571E+00  1.14444666E-03
 1.17108519E+00  1.01794457E-03
 1.17096545E+00  8.96928178E-04
 1.17083889E+00  7.90484888E-04
 1.17071431E+00  7.04924041E-04
 1.17059695E+00  6.43835035E-04
 1.17048900E+00  6.08795937E-04
 1.17038808E+00  5.98139191E-04
 1.17029325E+00  6.10873957E-04
 1.17020539E+00  6.46933607E-04
 1.17012355E+00  7.04236076E-04
 1.17004729E+00  7.80319291E-04
 1.16997558E+00  8.71992231E-04
 1.16990668E+00  9.75164939E-04
 1.16984322E+00  1.08818536E-03
 1.16979064E+00  1.21097553E-03
 1.16975344E+00  1.34238988E-03
 1.16973538E+00  1.48052348E-03
 1.16973644E+00  1.62121617E-03
 1.16975302E+00  1.75815288E-03
 1.16978435E+00  1.88704285E-03
 1.16983207E+00  2.00558143E-03
 1.16989879E+00  2.11256187E-03
 1.16998952E+00  2.20887682E-03
 1.17010738E+00  2.29486443E-03
 1.17025330E+00  2.37007781E-03
 1.17042998E+00  2.43560866E-03
 1.17063961E+00  2.49287891E-03
 1.17088290E+00  2.54352019E-03
 1.17115919E+00  2.58952990E-03
 1.17146255E+00  2.63091924E-03
 1.17178279E+00  2.66626842E-03
 1.17211007E+00  2.69491544E-03
 1.17243499E+00  2.71677128E-03
 1.17275009E+00  2.73323424E-03
 1.17305075E+00  2.74727007E-03
 1.17333061E+00  2.76043570E-03
 1.17358242E+00  2.77295058E-03
 1.17380126E+00  2.78461594E-03
 1.17398285E+00  2.79404040E-03
 1.17412466E+00  2.80030768E-03
 1.17422583E+00  2.80314561E-03
 1.17428292E+00  2.80112187E-03
 1.17429143E+00  2.79252009E-03
 1.17425002E+00  2.77582862E-03
 1.17415987E+00  2.74960479E-03
 1.17402618E+00  2.71402835E-03
 1.17385839E+00  2.67060852E-03
 1.17366536E+00  2.62039311E-03
 1.17345538E+00  2.56408531E-03
 1.17323806E+00  2.50165380E-03
 1.17302213E+00  2.43210334E-03
 1.17281634E+00  2.35541052E-03
 1.17262882E+00  2.27243461E-03
 1.17246280E+00  2.18398108E-03
 1.17231796E+00  2.09140621E-03
 1.17219371E+00  1.99586875E-03
 1.17208928E+00  1.89824119E-03
 1.17200640E+00  1.80047967E-03
 1.17194933E+00  1.70508450E-03
 1.17191930E+00  1.61431697E-03
 1.17191537E+00  1.53036116E-03
 1.17193652E+00  1.45454098E-03
 1.17197999E+00  1.38732953E-03
 1.17204384E+00  1.32963421E-03
 1.17212676E+00  1.28265470E-03
 1.17222351E+00  1.24767147E-03
 1.17232717E+00  1.22632804E-03
 1.17243245E+00  1.21971871E-03
 1.17253555E+00  1.22835745E-03
 1.17263701E+00  1.25290453E-03
 1.17274151E+00  1.29377157E-03
 1.17285225E+00  1.35110283E-03
 1.17297107E+00  1.42483447E-03
 1.17309916E+00  1.51396953E-03
 1.17323545E+00  1.61669890E-03
 1.17337997E+00  1.73096014E-03
 1.17353330E+00  1.85425806E-03
 1.17369242E+00  1.98376273E-03
 1.17385252E+00  2.11648682E-03
 1.17400845E+00  2.24891297E-03
 1.17415477E+00  2.37719633E-03
 1.17428976E+00  2.49767638E-03
 1.17441471E+00  2.60683605E-03
 1.17452879E+00  2.70142225E-03
 1.17462985E+00  2.77873595E-03
 1.17471480E+00  2.83664442E-03
 1.17477859E+00  2.87363508E-03
 1.17481823E+00  2.88885886E-03
 1.17483258E+00  2.88199911E-03
 1.17481892E+00  2.85307027E-03
 1.17477498E+00  2.80260848E-03
 1.17469975E+00  2.73223329E-03
 1.17459337E+00  2.64469918E-03
 1.17446035E+00  2.54391363E-03
 1.17430882E+00  2.43491766E-03
 1.17414657E+00  2.32314327E-03
 1.17398110E+00  2.21422877E-03
 1.17381885E+00  2.11412392E-03
 1.17366413E+00  2.02854675E-03
 1.17352243E+00  1.96274859E-03
 1.17339950E+00  1.92104330E-03
 1.17329854E+00  1.90572547E-03
 1.17322153E+00  1.91730250E-03
 1.17316927E+00  1.95558621E-03
 1.17314156E+00  2.01988295E-03
 1.17314053E+00  2.10972993E-03
 1.17316974E+00  2.22483124E-03
 1.17323029E+00  2.36301761E-03
 1.17332144E+00  2.52042279E-03
 1.17344034E+00  2.69227331E-03
 1.17358135E+00  2.87240106E-03
 1.17373957E+00  3.05446750E-03
 1.17391065E+00  3.23209140E-03
 1.17408841E+00  3.39743103E-03
 1.17426665E+00  3.54229749E-03
 1.17443965E+00  3.65961132E-03
 1.17460241E+00  3.74381321E-03
 1.17475385E+00  3.79259414E-03
 1.17489595E+00  3.80672374E-03
 1.17503041E+00  3.78730779E-03
 1.17515868E+00  3.73564781E-03
 1.17528078E+00  3.65295334E-03
 1.17539482E+00  3.53987828E-03
 1.17550084E+00  3.39934982E-03
 1.17560016E+00  3.23629139E-03
 1.17569309E+00  3.05558733E-03
 1.17578030E+00  2.86305522E-03
 1.17586195E+00  2.66475043E-03
 1.17593779E+00  2.46679280E-03
 1.17601060E+00  2.27774818E-03
 1.17608489E+00  2.10733965E-03
 1.17616363E+00  1.96350691E-03
 1.17624858E+00  1.85215367E-03
 1.17633896E+00  1.77555622E-03
 1.17643117E+00  1.73219339E-03
 1.17652284E+00  1.72055653E-03
 1.17661270E+00  1.73923931E-03
 1.17669909E+00  1.78628480E-03
 1.17678144E+00  1.86013943E-03
 1.17685872E+00  1.95693852E-03
 1.17692966E+00  2.07069957E-03
 1.17699577E+00  2.19620329E-03
 1.17706020E+00  2.32784332E-03
 1.17712599E+00  2.45945876E-03
 1.17719615E+00  2.58463371E-03
 1.17727147E+00  2.69415621E-03
 1.17735065E+00  2.77717979E-03
 1.17743380E+00  2.82503527E-03
 1.17752188E+00  2.83143443E-03
 1.17761582E+00  2.79361108E-03
 1.17771745E+00  2.71278253E-03
 1.17782735E+00  2.59007426E-03
 1.17794496E+00  2.42638437E-03
 1.17807109E+00  2.22362942E-03
 1.17820669E+00  1.98359463E-03
 1.17835172E+00  1.71031757E-03
 1.17850535E+00  1.40999780E-03
 1.17866424E+00  1.08784927E-03
 1.17882279E+00  7.49258720E-04
 1.17897586E+00  4.00480962E-04
 1.17911869E+00  4.83062766E-05
 1.17924690E+00 -2.97479865E-04
 1.17935730E+00 -6.25113713E-04
 1.17944628E+00 -9.24966283E-04
 1.17951018E+00 -1.18973535E-03
 1.17954739E+00 -1.41527383E-03
 1.17955742E+00 -1.60115092E-03
 1.17954054E+00 -1.74653666E-03
 1.17949774E+00 -1.84998254E-03
 1.17942883E+00 -1.91086472E-03
 1.17933292E+00 -1.92813567E-03
 1.17921093E+00 -1.90246003E-03
 1.17906520E+00 -1.83611938E-03
 1.17889940E+00 -1.72975155E-03
 1.17871899E+00 -1.58358626E-03
 1.17852914E+00 -1.39862009E-03
 1.17833479E+00 -1.17645635E-03
 1.17814206E+00 -9.21942853E-04
 1.17795718E+00 -6.42385261E-04
 1.17778587E+00 -3.43231203E-04
 1.17763317E+00 -2.81352418E-05
 1.17750143E+00  3.01330474E-04
 1.17739071E+00  6.46328573E-04
 1.17730099E+00  1.00670861E-03
 1.17723217E+00  1.38078576E-03
 1.17718465E+00  1.76723524E-03
 1.17715965E+00  2.16357130E-03
 1.17715659E+00  2.56730680E-03
 1.17717342E+00  2.97581250E-03
 1.17720810E+00  3.38298319E-03
 1.17725773E+00  3.78046187E-03
 1.17731941E+00  4.15998542E-03
 1.17739029E+00  4.51350136E-03
 1.17746556E+00  4.83566954E-03
 1.17753940E+00  5.12378943E-03
 1.17760714E+00  5.37353924E-03
 1.17766523E+00  5.57961679E-03
 1.17771261E+00  5.73693448E-03
 1.17775071E+00  5.83962414E-03
 1.17778058E+00  5.88386672E-03
 1.17780283E+00  5.86791456E-03
 1.17781810E+00  5.78911060E-03
 1.17782626E+00  5.64560735E-03
 1.17782839E+00  5.43789229E-03
 1.17782656E+00  5.16873911E-03
 1.17782170E+00  4.84575033E-03
 1.17781452E+00  4.48078572E-03
 1.17780582E+00  4.08594791E-03
 1.17779641E+00  3.67339866E-03
 1.17778910E+00  3.25471630E-03
 1.17778808E+00  2.83963008E-03
 1.17779608E+00  2.43873586E-03
 1.17781453E+00  2.06245148E-03
 1.17784306E+00  1.71766553E-03
 1.17787915E+00  1.40911849E-03
 1.17792081E+00  1.14006032E-03
 1.17796667E+00  9.12508335E-04
 1.17801470E+00  7.30833900E-04
 1.17806319E+00  6.00732538E-04
 1.17810988E+00  5.24279365E-04
 1.17815198E+00  5.00505931E-04
 1.17818836E+00  5.25507387E-04
 1.17821880E+00  5.91546630E-04
 1.17824276E+00  6.91306645E-04
 1.17825954E+00  8.17802535E-04
 1.17826681E+00  9.61369089E-04
 1.17826090E+00  1.11209055E-03
 1.17823934E+00  1.26096808E-03
 1.17820074E+00  1.40053218E-03
 1.17814438E+00  1.52906341E-03
 1.17807084E+00  1.64959285E-03
 1.17798016E+00  1.76479218E-03
 1.17787189E+00  1.87676206E-03
 1.17774666E+00  1.98535306E-03
 1.17760532E+00  2.08738267E-03
 1.17744879E+00  2.18245910E-03
 1.17727818E+00  2.27208756E-03
 1.17709327E+00  2.35598604E-03
 1.17689290E+00  2.43426897E-03
 1.17667653E+00  2.50613617E-03
 1.17644409E+00  2.57014771E-03
 1.17619645E+00  2.62969686E-03
 1.17593567E+00  2.69092189E-03
 1.17566326E+00  2.75735591E-03
 1.17538040E+00  2.83037417E-03
 1.17508872E+00  2.90711358E-03
 1.17478986E+00  2.98006772E-03
 1.17448604E+00  3.04376168E-03
 1.17418020E+00  3.09457653E-03
 1.17387479E+00  3.12845309E-03
 1.17357223E+00  3.14326108E-03
 1.17327571E+00  3.13640157E-03
 1.17298905E+00  3.10520798E-03
 1.17271731E+00  3.05208159E-03
 1.17246674E+00  2.98255678E-03
 1.17224335E+00  2.90223362E-03
 1.17205281E+00  2.81678985E-03
 1.17190045E+00  2.72823482E-03
 1.17179077E+00  2.63509339E-03
 1.17172815E+00  2.53842044E-03
 1.17171657E+00  2.44078077E-03
 1.17175850E+00  2.34460388E-03
 1.17185522E+00  2.25382233E-03
 1.17200691E+00  2.17040264E-03
 1.17221265E+00  2.09466387E-03
 1.17247121E+00  2.02985121E-03
 1.17278073E+00  1.98001145E-03
 1.17313720E+00  1.94765570E-03
 1.17353448E+00  1.93422822E-03
 1.17396421E+00  1.93721860E-03
 1.17441574E+00  1.95048282E-03
 1.17487785E+00  1.96901846E-03
 1.17533910E+00  1.98858819E-03
 1.17578759E+00  2.00520158E-03
 1.17621191E+00  2.01663085E-03
 1.17660112E+00  2.01989995E-03
 1.17694545E+00  2.01187595E-03
 1.17723832E+00  1.99275421E-03
 1.17747585E+00  1.96461004E-03
 1.17765547E+00  1.93009811E-03
 1.17777570E+00  1.89245887E-03
 1.17783482E+00  1.85256795E-03
 1.17783121E+00  1.80938245E-03
 1.17776669E+00  1.76398427E-03
 1.17764643E+00  1.71884551E-03
 1.17747804E+00  1.67715251E-03
 1.17727223E+00  1.64378232E-03
 1.17704032E+00  1.62256707E-03
 1.17679389E+00  1.61651173E-03
 1.17654670E+00  1.63065716E-03
 1.17631281E+00  1.67043704E-03
 1.17610490E+00  1.74025086E-03
 1.17593341E+00  1.84348608E-03
 1.17580329E+00  1.98008531E-03
 1.17571452E+00  2.14684223E-03
 1.17566644E+00  2.34076427E-03
 1.17565816E+00  2.55880216E-03
 1.17568980E+00  2.79781052E-03
 1.17576300E+00  3.05531041E-03
 1.17587551E+00  3.32681299E-03
 1.17602167E+00  3.60610463E-03
 1.17619562E+00  3.88754961E-03
 1.17638954E+00  4.16507321E-03
 1.17659556E+00  4.43238128E-03
 1.17680591E+00  4.68325506E-03
 1.17700838E+00  4.90944086E-03
 1.17718876E+00  5.10159626E-03
 1.17733571E+00  5.25198179E-03
 1.17744111E+00  5.35450442E-03
 1.17750326E+00  5.40569041E-03
