# x =
 2.11008911E+01
# y =
 3.25097170E+00
 VARIABLES = u,v
 1.17647859E+00  5.39742531E-03
 1.17652683E+00  5.39216797E-03
 1.17642734E+00  5.41683812E-03
 1.17617520E+00  5.47069344E-03
 1.17576497E+00  5.55348897E-03
 1.17519942E+00  5.66230358E-03
 1.17448866E+00  5.79180624E-03
 1.17365217E+00  5.93627580E-03
 1.17271950E+00  6.08860012E-03
 1.17172025E+00  6.24137745E-03
 1.17068384E+00  6.38709761E-03
 1.16964298E+00  6.51551910E-03
 1.16862889E+00  6.61526424E-03
 1.16767195E+00  6.67699666E-03
 1.16679959E+00  6.69385800E-03
 1.16602672E+00  6.66361711E-03
 1.16535836E+00  6.58869205E-03
 1.16479768E+00  6.47154277E-03
 1.16434651E+00  6.31446062E-03
 1.16401125E+00  6.11991477E-03
 1.16380276E+00  5.88947324E-03
 1.16372245E+00  5.62746903E-03
 1.16376392E+00  5.34063075E-03
 1.16391830E+00  5.03455537E-03
 1.16417022E+00  4.71523877E-03
 1.16450497E+00  4.38907071E-03
 1.16490834E+00  4.06263211E-03
 1.16535607E+00  3.74625355E-03
 1.16581988E+00  3.45248405E-03
 1.16627619E+00  3.19122420E-03
 1.16670679E+00  2.96961508E-03
 1.16710749E+00  2.79057579E-03
 1.16748726E+00  2.65227152E-03
 1.16785252E+00  2.55350217E-03
 1.16820682E+00  2.49384142E-03
 1.16855100E+00  2.47192754E-03
 1.16887938E+00  2.48714200E-03
 1.16919194E+00  2.53690043E-03
 1.16949264E+00  2.61688409E-03
 1.16977765E+00  2.72527512E-03
 1.17004102E+00  2.86103456E-03
 1.17027571E+00  3.02203788E-03
 1.17047388E+00  3.20507985E-03
 1.17063985E+00  3.40226878E-03
 1.17078624E+00  3.60174473E-03
 1.17091828E+00  3.79317302E-03
 1.17103536E+00  3.96726450E-03
 1.17112876E+00  4.11549190E-03
 1.17117969E+00  4.23191084E-03
 1.17117553E+00  4.31020261E-03
 1.17110992E+00  4.34484708E-03
 1.17097522E+00  4.33586008E-03
 1.17076918E+00  4.28797312E-03
 1.17049207E+00  4.21059389E-03
 1.17014767E+00  4.11959234E-03
 1.16975656E+00  4.03606135E-03
 1.16935077E+00  3.98446349E-03
 1.16896142E+00  3.98994798E-03
 1.16861703E+00  4.07378965E-03
 1.16833318E+00  4.24741632E-03
 1.16811046E+00  4.50993019E-03
 1.16795056E+00  4.84939149E-03
 1.16785127E+00  5.23745918E-03
 1.16779678E+00  5.62256721E-03
 1.16776589E+00  5.93726723E-03
 1.16773175E+00  6.11251396E-03
 1.16766770E+00  6.08918984E-03
 1.16756944E+00  5.83933842E-03
 1.16745235E+00  5.37125549E-03
 1.16733512E+00  4.71113416E-03
 1.16724769E+00  3.91682673E-03
 1.16723450E+00  3.09768295E-03
 1.16734448E+00  2.39387136E-03
 1.16763181E+00  1.95342107E-03
 1.16814197E+00  1.90561541E-03
 1.16887992E+00  2.30102631E-03
 1.16981136E+00  3.10607064E-03
 1.17088033E+00  4.25108085E-03
 1.17199485E+00  5.59874994E-03
 1.17301806E+00  6.90833856E-03
 1.17378831E+00  7.88546566E-03
 1.17413647E+00  8.22841997E-03
 1.17391790E+00  7.69551390E-03
 1.17307471E+00  6.24964399E-03
 1.17164285E+00  4.07339288E-03
 1.16971365E+00  1.46987252E-03
 1.16746921E+00 -1.05795472E-03
 1.16521959E+00 -2.72291412E-03
 1.16334610E+00 -2.68956608E-03
 1.16223089E+00 -4.42283873E-04
 1.16217323E+00  3.86477815E-03
 1.16322576E+00  8.82041511E-03
 1.16516571E+00  1.21337043E-02
 1.16760532E+00  1.21310403E-02
 1.16989205E+00  8.22520382E-03
 1.17098975E+00  1.54509654E-03
 1.16980871E+00 -5.13920877E-03
 1.16575959E+00 -9.80165044E-03
 1.15924339E+00 -1.14044792E-02
 1.15245361E+00 -9.48858311E-03
 1.14876941E+00 -4.85142555E-03
 1.15046394E+00  2.00001948E-03
 1.15789738E+00  1.06178581E-02
 1.16846113E+00  1.85636759E-02
 1.17698607E+00  2.26903673E-02
 1.18001357E+00  2.06338008E-02
 1.17662742E+00  1.14390858E-02
 1.16849335E+00 -1.71773089E-03
 1.16025208E+00 -1.25353424E-02
 1.15476387E+00 -1.67259345E-02
 1.15250807E+00 -1.27030801E-02
 1.15355884E+00 -2.74868618E-03
 1.15629989E+00  6.79920875E-03
 1.16010711E+00  1.22459120E-02
 1.16567913E+00  1.31247786E-02
 1.17152301E+00  1.02884832E-02
 1.17547141E+00  7.32995177E-03
 1.17578303E+00  5.75802605E-03
 1.17097458E+00  4.32040374E-03
 1.16295919E+00  3.08022039E-03
 1.15622885E+00  1.72474970E-03
 1.15354701E+00  5.33361777E-04
 1.15595716E+00  1.28874455E-03
 1.16187197E+00  3.64034231E-03
 1.16676898E+00  5.99402331E-03
 1.16829867E+00  7.50531406E-03
 1.16661034E+00  7.22953695E-03
 1.16280337E+00  5.49993176E-03
 1.15995965E+00  4.07886210E-03
 1.15953474E+00  3.62378940E-03
 1.16061007E+00  4.04395456E-03
 1.16252997E+00  5.08580010E-03
 1.16389604E+00  5.71397543E-03
 1.16398279E+00  5.55367987E-03
 1.16367576E+00  5.07131615E-03
 1.16329211E+00  4.43888889E-03
 1.16309996E+00  3.99710082E-03
 1.16334367E+00  3.95324514E-03
 1.16348061E+00  4.00340145E-03
 1.16330790E+00  4.06602864E-03
 1.16289404E+00  4.13855416E-03
 1.16216259E+00  4.13180536E-03
 1.16132299E+00  4.12951512E-03
 1.16055107E+00  4.12316544E-03
 1.15987872E+00  3.99455740E-03
 1.15944775E+00  3.70351452E-03
 1.15934461E+00  3.20315940E-03
 1.15958447E+00  2.50681520E-03
 1.16018469E+00  1.74516930E-03
 1.16109835E+00  1.07722663E-03
 1.16221224E+00  7.33311108E-04
 1.16333845E+00  1.05762992E-03
 1.16421945E+00  2.35066955E-03
 1.16458894E+00  4.62747188E-03
 1.16422462E+00  7.41240719E-03
 1.16304380E+00  9.42370421E-03
 1.16112138E+00  8.95457296E-03
 1.15860446E+00  5.09045703E-03
 1.15576738E+00 -1.73225148E-03
 1.15308139E+00 -9.00342841E-03
 1.15111890E+00 -1.27058527E-02
 1.15045581E+00 -1.03432602E-02
 1.15154224E+00 -1.91049014E-03
 1.15442969E+00  9.29093860E-03
 1.15873557E+00  1.70856094E-02
 1.16382748E+00  1.75723109E-02
 1.16866784E+00  1.03706907E-02
 1.17164289E+00 -1.34609651E-03
 1.17105338E+00 -1.07064481E-02
 1.16590954E+00 -1.35303822E-02
 1.15666048E+00 -9.65031090E-03
 1.14639895E+00 -1.30491582E-03
 1.13999469E+00  5.93879477E-03
 1.14078838E+00  8.90822640E-03
 1.14946509E+00  8.09254043E-03
 1.16256330E+00  4.41011191E-03
 1.17301809E+00  6.29327772E-04
 1.17622566E+00 -1.82233527E-03
 1.17116632E+00 -3.97488249E-03
 1.16033493E+00 -5.50703035E-03
 1.15027827E+00 -6.06478018E-03
 1.14486107E+00 -5.28280095E-03
 1.14432389E+00 -1.96380074E-03
 1.14801417E+00  2.93030108E-03
 1.15274514E+00  6.95218589E-03
 1.15696403E+00  8.57450712E-03
 1.16152141E+00  6.75165582E-03
 1.16514886E+00  2.14380921E-03
 1.16637850E+00 -2.69993180E-03
 1.16395477E+00 -6.30201532E-03
 1.15631177E+00 -8.09499191E-03
 1.14569794E+00 -7.71307745E-03
 1.13704818E+00 -5.85083609E-03
 1.13360045E+00 -2.70992366E-03
 1.13709557E+00  1.90715776E-03
 1.14608608E+00  6.62033880E-03
 1.15562650E+00  9.50083141E-03
 1.16271485E+00  9.09842370E-03
 1.16625863E+00  4.59453116E-03
 1.16549829E+00 -2.26732813E-03
 1.16163383E+00 -7.76175218E-03
 1.15504792E+00 -9.49028855E-03
 1.14546654E+00 -6.61136083E-03
 1.13593301E+00 -3.91331336E-04
 1.13075266E+00  5.53899195E-03
 1.13308391E+00  9.06779686E-03
 1.14450939E+00  9.88766539E-03
 1.16108765E+00  8.16254495E-03
 1.17455489E+00  5.51667423E-03
 1.17950438E+00  2.71096202E-03
 1.17399719E+00 -6.31074362E-04
 1.16070456E+00 -3.46178405E-03
 1.14748014E+00 -4.50646750E-03
 1.13896121E+00 -2.82081698E-03
 1.13594696E+00  2.32487415E-03
 1.13835405E+00  8.98574900E-03
 1.14304259E+00  1.33608911E-02
 1.14877049E+00  1.31355723E-02
 1.15673511E+00  7.69510802E-03
 1.16488853E+00 -6.80529978E-04
 1.17043835E+00 -6.92655257E-03
 1.17102849E+00 -8.07062880E-03
 1.16430141E+00 -3.83571326E-03
 1.15298804E+00  3.89364190E-03
 1.14356747E+00  1.04636373E-02
 1.14001803E+00  1.31321157E-02
 1.14400207E+00  1.18948987E-02
 1.15325142E+00  7.43835476E-03
 1.16114791E+00  2.29507438E-03
 1.16425371E+00 -1.92967013E-03
 1.16267350E+00 -5.20705509E-03
 1.15787510E+00 -6.06618552E-03
 1.15422807E+00 -3.26741565E-03
 1.15371238E+00  3.17416606E-03
 1.15489101E+00  1.16801074E-02
 1.15678409E+00  1.53955724E-02
 1.15739425E+00  8.09973496E-03
 1.15575232E+00 -1.00215180E-03
 1.15330126E+00  1.75382081E-03
 1.15075245E+00  7.53973260E-03
 1.14880746E+00  1.08733008E-03
 1.14814809E+00 -7.91340917E-03
 1.14826871E+00 -4.90624614E-03
 1.14899614E+00  3.00861424E-03
 1.15037191E+00  5.93304303E-03
 1.15212601E+00  6.83885478E-03
 1.15423275E+00  8.15732776E-03
 1.15636711E+00  7.47666560E-03
 1.15785342E+00  5.18435548E-03
 1.15816845E+00  2.62521222E-03
 1.15685712E+00 -4.43504859E-04
 1.15382284E+00 -3.33927982E-03
 1.14948337E+00 -4.77650003E-03
 1.14445032E+00 -3.77941756E-03
 1.13971114E+00  2.87068698E-04
 1.13683699E+00  6.10769282E-03
 1.13745742E+00  1.08928566E-02
 1.14250801E+00  1.27793973E-02
 1.15152707E+00  1.09181998E-02
 1.16146573E+00  6.05891076E-03
 1.16754861E+00  7.76358171E-04
 1.16651149E+00 -3.32731128E-03
 1.15770708E+00 -5.67645264E-03
 1.14457607E+00 -5.67708261E-03
 1.13410623E+00 -3.65226578E-03
 1.13087423E+00  3.27758596E-04
 1.13593293E+00  6.30628692E-03
 1.14685532E+00  1.21432188E-02
 1.15720269E+00  1.47572753E-02
 1.16314372E+00  1.21578885E-02
 1.16436262E+00  3.92635482E-03
 1.16136204E+00 -6.41893622E-03
 1.15709930E+00 -1.25567118E-02
 1.15293749E+00 -1.12549691E-02
 1.14792956E+00 -3.60259348E-03
 1.14332696E+00  3.52175797E-03
 1.14069103E+00  1.63865573E-03
 1.14139169E+00 -2.64905081E-03
 1.14713273E+00  3.27433892E-03
 1.15592150E+00  1.08429770E-02
 1.16313318E+00  5.99922099E-03
 1.16585314E+00 -3.25593321E-03
 1.16263098E+00 -5.17710634E-03
 1.15499280E+00 -4.60048262E-03
 1.14773514E+00 -7.14328323E-03
 1.14358166E+00 -8.00905647E-03
 1.14311942E+00 -3.69120577E-03
 1.14629758E+00  2.51693994E-03
 1.15101336E+00  7.31043253E-03
 1.15621180E+00  9.75907481E-03
 1.16204429E+00  8.97042458E-03
 1.16643011E+00  5.59250710E-03
 1.16687230E+00  2.46243127E-03
 1.16172325E+00  1.03560024E-03
 1.15036191E+00  1.26093188E-03
 1.13680484E+00  2.56303787E-03
 1.12830009E+00  3.15309157E-03
 1.12939603E+00  2.29920597E-03
 1.14112618E+00  7.37666063E-04
 1.15894901E+00 -1.01680073E-03
 1.17309227E+00 -2.02452792E-03
 1.17758157E+00 -1.75053869E-03
 1.17159635E+00 -6.61861016E-04
 1.15870544E+00  1.10651446E-03
 1.14785006E+00  3.35410203E-03
 1.14418415E+00  5.57761566E-03
 1.14748937E+00  7.32348133E-03
 1.15596673E+00  7.38600025E-03
 1.16410902E+00  4.28855422E-03
 1.16852584E+00 -2.25647544E-03
 1.16927805E+00 -1.08644467E-02
 1.16409949E+00 -1.73567664E-02
 1.15153150E+00 -1.58342874E-02
 1.13211316E+00 -3.06873236E-03
 1.10866134E+00  1.97438780E-02
 1.09325242E+00  4.48704291E-02
 1.10192656E+00  5.94644922E-02
 1.13978210E+00  5.49638358E-02
 1.19550671E+00  2.98432492E-02
 1.23112944E+00 -8.55694903E-03
 1.20472844E+00 -4.41237939E-02
 1.13988245E+00 -6.51171017E-02
 1.09437508E+00 -6.63473962E-02
 1.06541824E+00 -4.67138746E-02
 1.03430111E+00 -1.31949735E-02
 1.03017520E+00  2.71068075E-02
 1.07386466E+00  6.55878001E-02
 1.14417038E+00  8.05110537E-02
 1.21093118E+00  5.38589775E-02
 1.24502279E+00  2.12829190E-04
 1.22078796E+00 -4.76029773E-02
 1.15320905E+00 -7.13258507E-02
 1.08795955E+00 -6.31792058E-02
 1.04089570E+00 -2.99599518E-02
 1.01457233E+00  3.06018404E-03
 1.02993435E+00  2.91807388E-02
 1.08906719E+00  5.40037438E-02
 1.15695514E+00  6.28973299E-02
 1.19577785E+00  4.50159147E-02
 1.20648164E+00  1.34496583E-02
 1.20921997E+00 -1.57444560E-02
 1.19510242E+00 -3.93857619E-02
 1.15428354E+00 -5.63858054E-02
 1.10816367E+00 -5.64666283E-02
 1.07757634E+00 -3.36891007E-02
 1.06455603E+00  6.12019176E-04
 1.06915324E+00  2.91084508E-02
 1.09757121E+00  4.19114047E-02
 1.14675643E+00  3.53959518E-02
 1.18954223E+00  1.63934017E-02
 1.19765703E+00  1.14431047E-03
 1.18236282E+00 -6.67564408E-03
 1.17275903E+00 -1.26855257E-02
 1.16586812E+00 -1.44252759E-02
 1.15014142E+00 -1.10909885E-02
 1.13425871E+00 -5.74496453E-03
 1.12384048E+00  1.61790592E-03
 1.12112543E+00  7.80648155E-03
 1.13300325E+00  7.92847267E-03
 1.15202305E+00  2.71739511E-03
 1.16096163E+00 -3.67579462E-03
 1.15282613E+00 -5.36824849E-03
 1.13086158E+00  2.86493454E-03
 1.11677460E+00  1.48019770E-02
 1.13826030E+00  1.75880527E-02
 1.17650518E+00  1.01823529E-02
 1.18773987E+00 -2.05514730E-03
 1.16937850E+00 -1.69225039E-02
 1.13642572E+00 -2.85339247E-02
 1.09770926E+00 -3.06262306E-02
 1.07647982E+00 -2.16898447E-02
 1.08492002E+00 -1.45043306E-03
 1.11271026E+00  2.47917219E-02
 1.14824663E+00  3.99187493E-02
 1.17559225E+00  2.82423734E-02
 1.18760103E+00  1.90269152E-03
 1.19067113E+00 -1.38453227E-02
 1.18154741E+00 -2.07502615E-02
 1.15622293E+00 -2.86434843E-02
 1.12141106E+00 -2.42250927E-02
 1.08735056E+00  9.37348101E-04
 1.07631132E+00  2.56311554E-02
 1.10945000E+00  2.66786336E-02
 1.16470139E+00  1.15714757E-02
 1.19736158E+00 -5.86683976E-04
 1.19649146E+00 -8.76132742E-03
 1.17185296E+00 -1.38741574E-02
 1.14139389E+00 -9.61583431E-03
 1.13628981E+00  1.82764476E-03
 1.14871491E+00  1.20736822E-02
 1.14467250E+00  1.48494937E-02
 1.13914730E+00  9.77675358E-03
 1.15714814E+00  1.89892899E-03
 1.17492823E+00 -4.92202341E-03
 1.16809891E+00 -6.98587840E-03
 1.15333238E+00 -1.43081439E-03
 1.15178626E+00  8.63547417E-03
 1.15720681E+00  1.43738971E-02
 1.15966581E+00  8.14335562E-03
 1.16240772E+00 -1.19217484E-03
 1.16544800E+00  2.16089119E-03
 1.16544113E+00  1.09172243E-02
 1.16435698E+00  9.78054871E-03
 1.16346873E+00  4.78383353E-03
 1.16229340E+00  5.11254731E-03
 1.16117955E+00  6.06692478E-03
 1.15969063E+00  4.16820706E-03
 1.15772070E+00  2.46519404E-03
 1.15594892E+00  1.99054975E-03
 1.15464741E+00  1.81697022E-03
 1.15417247E+00  2.16540532E-03
 1.15477416E+00  3.36069425E-03
 1.15623835E+00  5.11768619E-03
 1.15839322E+00  7.06318390E-03
 1.16095557E+00  8.71021303E-03
 1.16333239E+00  9.27682650E-03
 1.16487140E+00  7.96707984E-03
 1.16490631E+00  4.42298176E-03
 1.16290072E+00 -8.87230914E-04
 1.15884530E+00 -6.03776177E-03
 1.15327135E+00 -8.18884650E-03
 1.14701787E+00 -5.52878579E-03
 1.14143712E+00  1.97947874E-03
 1.13859009E+00  1.16190064E-02
 1.14058434E+00  1.84213704E-02
 1.14848645E+00  1.91316386E-02
 1.16132699E+00  1.31445721E-02
 1.17449210E+00  2.89196755E-03
 1.18104528E+00 -6.06610010E-03
 1.17650615E+00 -1.01599967E-02
 1.16063257E+00 -8.66326757E-03
 1.13977011E+00 -2.40251544E-03
 1.12564450E+00  5.16448736E-03
 1.12567777E+00  1.18272873E-02
 1.14072847E+00  1.70639081E-02
 1.16423545E+00  1.87209565E-02
 1.18225727E+00  1.51939426E-02
 1.18645562E+00  6.23393383E-03
 1.17664586E+00 -6.37849535E-03
 1.15824765E+00 -1.38769508E-02
 1.14379545E+00 -7.28076014E-03
 1.14034387E+00  5.74558531E-03
 1.14664260E+00  1.03987917E-02
 1.15892862E+00  8.59184718E-03
 1.16850424E+00  8.54357054E-03
 1.17067194E+00  9.14356875E-03
 1.16771051E+00  9.60648951E-03
 1.16191096E+00  8.70731840E-03
 1.15782277E+00  1.79030554E-03
 1.15795917E+00 -5.35210459E-03
 1.16003024E+00 -2.54630990E-03
 1.16274726E+00  5.31362872E-03
 1.16447233E+00  8.38392071E-03
 1.16407806E+00  7.97952088E-03
 1.16308737E+00  7.27737465E-03
 1.16216630E+00  5.18727090E-03
 1.16155162E+00  3.12627825E-03
 1.16167829E+00  2.93576475E-03
 1.16187091E+00  3.76188239E-03
 1.16182877E+00  4.88400189E-03
 1.16171231E+00  5.58190522E-03
 1.16140454E+00  5.41741825E-03
 1.16110477E+00  4.99866761E-03
 1.16095064E+00  4.57820845E-03
 1.16082489E+00  4.28660160E-03
 1.16075110E+00  4.30152802E-03
 1.16071429E+00  4.31483844E-03
 1.16067178E+00  4.20199130E-03
 1.16067151E+00  4.02801608E-03
 1.16071849E+00  3.74536728E-03
 1.16079921E+00  3.45532777E-03
 1.16091733E+00  3.23018376E-03
 1.16105073E+00  3.03508389E-03
 1.16118162E+00  2.90001271E-03
 1.16130237E+00  2.83412112E-03
 1.16139690E+00  2.82524513E-03
 1.16145269E+00  2.89087023E-03
 1.16145919E+00  3.02284474E-03
 1.16140534E+00  3.19473997E-03
 1.16128996E+00  3.37451082E-03
 1.16111887E+00  3.51095972E-03
 1.16089837E+00  3.55278139E-03
 1.16063592E+00  3.46014446E-03
 1.16033532E+00  3.21386775E-03
 1.15999643E+00  2.82271984E-03
 1.15962483E+00  2.31078922E-03
 1.15923016E+00  1.72617165E-03
 1.15882230E+00  1.15637060E-03
 1.15841416E+00  7.12215010E-04
 1.15801723E+00  5.08581561E-04
 1.15764169E+00  6.43401912E-04
 1.15730384E+00  1.15165890E-03
 1.15702218E+00  1.99980265E-03
 1.15681138E+00  3.12134808E-03
 1.15668217E+00  4.39144256E-03
 1.15663629E+00  5.59716270E-03
 1.15666679E+00  6.47898286E-03
 1.15676800E+00  6.77509489E-03
 1.15693555E+00  6.27831641E-03
 1.15716548E+00  4.95465334E-03
 1.15745707E+00  2.95956514E-03
 1.15780633E+00  5.57045384E-04
 1.15820716E+00 -1.81216723E-03
 1.15865905E+00 -3.45396669E-03
 1.15916300E+00 -3.62478353E-03
 1.15971840E+00 -1.85732556E-03
 1.16032185E+00  1.73775526E-03
 1.16095845E+00  5.96672819E-03
 1.16160273E+00  8.89049228E-03
 1.16222886E+00  9.15063206E-03
 1.16280823E+00  6.39631509E-03
 1.16330767E+00  1.85182878E-03
 1.16369479E+00 -1.86971913E-03
 1.16393652E+00 -3.12581794E-03
 1.16400465E+00 -1.64890096E-03
 1.16389030E+00  1.56028553E-03
 1.16360400E+00  4.03202635E-03
 1.16317133E+00  4.42666181E-03
 1.16264015E+00  2.95155650E-03
 1.16208423E+00  3.36683912E-04
 1.16159407E+00 -1.65901585E-03
 1.16126459E+00 -2.11582014E-03
 1.16117917E+00 -1.46397037E-03
 1.16138174E+00 -4.76352844E-05
 1.16187047E+00  1.35698024E-03
 1.16261415E+00  2.30456357E-03
 1.16353332E+00  3.19159805E-03
 1.16447668E+00  4.03538872E-03
 1.16524760E+00  4.77918149E-03
 1.16564062E+00  5.35185519E-03
 1.16547956E+00  5.29314424E-03
 1.16469514E+00  4.47090772E-03
 1.16333608E+00  3.05827067E-03
 1.16150616E+00  1.23151834E-03
 1.15940859E+00 -5.37892415E-04
 1.15740167E+00 -1.59847525E-03
 1.15592601E+00 -1.35412111E-03
 1.15542627E+00  6.01644836E-04
 1.15625303E+00  4.13769018E-03
 1.15845483E+00  8.14842065E-03
 1.16175177E+00  1.09048994E-02
 1.16568272E+00  1.11880658E-02
 1.16948826E+00  8.68881555E-03
 1.17197926E+00  4.53880949E-03
 1.17189149E+00  1.11956820E-03
 1.16844385E+00 -5.55199725E-05
 1.16186097E+00  1.29046932E-03
 1.15425114E+00  4.27094394E-03
 1.14901005E+00  6.65723952E-03
 1.14850746E+00  7.22794141E-03
 1.15333293E+00  6.13305959E-03
 1.16128798E+00  3.96378926E-03
 1.16772393E+00  2.22058294E-03
 1.16968974E+00  1.64561331E-03
 1.16665348E+00  1.78133874E-03
 1.16034752E+00  2.29969056E-03
 1.15512409E+00  2.53890006E-03
 1.15337634E+00  2.16000217E-03
 1.15482575E+00  1.62564472E-03
 1.15833807E+00  1.12328230E-03
 1.16100985E+00  8.07170214E-04
 1.16141608E+00  8.20699773E-04
 1.16047026E+00  9.14475787E-04
 1.15883263E+00  9.97733674E-04
 1.15781159E+00  1.10553815E-03
 1.15808454E+00  1.18737749E-03
 1.15876320E+00  1.31603252E-03
 1.15948982E+00  1.52609043E-03
 1.15996613E+00  1.76388102E-03
 1.15991129E+00  2.02865362E-03
 1.15980679E+00  2.30110377E-03
 1.15982434E+00  2.55041645E-03
 1.15988944E+00  2.77773680E-03
 1.16008914E+00  2.97062929E-03
 1.16026596E+00  3.11488196E-03
 1.16033441E+00  3.21140679E-03
 1.16037761E+00  3.25979201E-03
 1.16037493E+00  3.26104505E-03
 1.16034143E+00  3.21935772E-03
 1.16031088E+00  3.13554706E-03
 1.16025429E+00  3.00920278E-03
 1.16017392E+00  2.84440703E-03
 1.16008198E+00  2.64762641E-03
 1.15997235E+00  2.42451788E-03
 1.15985224E+00  2.18202703E-03
 1.15972805E+00  1.92736463E-03
 1.15960110E+00  1.66838732E-03
 1.15947960E+00  1.41901330E-03
 1.15937254E+00  1.19701969E-03
 1.15928666E+00  1.01791127E-03
 1.15922907E+00  8.95112917E-04
 1.15920599E+00  8.37847963E-04
 1.15922188E+00  8.49820900E-04
 1.15928082E+00  9.34976785E-04
 1.15938561E+00  1.09629701E-03
 1.15953542E+00  1.33177683E-03
 1.15972598E+00  1.63568653E-03
 1.15994942E+00  1.99554542E-03
 1.16019315E+00  2.39074356E-03
 1.16043996E+00  2.79574542E-03
 1.16066973E+00  3.18081471E-03
 1.16086260E+00  3.51537007E-03
 1.16100231E+00  3.77251527E-03
 1.16108068E+00  3.93232579E-03
 1.16110006E+00  3.98541395E-03
 1.16107221E+00  3.93434239E-03
 1.16102270E+00  3.79883924E-03
 1.16099717E+00  3.62378045E-03
 1.16105431E+00  3.47237410E-03
 1.16125200E+00  3.40916861E-03
 1.16163678E+00  3.48909183E-03
 1.16222494E+00  3.73790053E-03
 1.16299684E+00  4.14650143E-03
 1.16391231E+00  4.69080910E-03
 1.16489740E+00  5.31854847E-03
 1.16582511E+00  5.92791402E-03
 1.16653636E+00  6.38848606E-03
 1.16686748E+00  6.56368507E-03
 1.16667792E+00  6.33615983E-03
 1.16590945E+00  5.66746004E-03
 1.16459496E+00  4.60262627E-03
 1.16281266E+00  3.22131414E-03
 1.16072021E+00  1.66819264E-03
 1.15859643E+00  1.86773059E-04
 1.15679081E+00 -9.30720329E-04
 1.15567141E+00 -1.38904638E-03
 1.15555702E+00 -9.57596608E-04
 1.15656977E+00  3.85690747E-04
 1.15862001E+00  2.43765681E-03
 1.16151537E+00  4.86408535E-03
 1.16488038E+00  7.11907821E-03
 1.16806751E+00  8.35979135E-03
 1.17028487E+00  7.70790376E-03
 1.17073178E+00  4.67627027E-03
 1.16877695E+00 -4.39880840E-04
 1.16432698E+00 -5.92342462E-03
 1.15787580E+00 -9.11323991E-03
 1.15025318E+00 -8.20045445E-03
 1.14283614E+00 -2.85813455E-03
 1.13778578E+00  4.92698890E-03
 1.13740775E+00  1.11704675E-02
 1.14312854E+00  1.32341836E-02
 1.15454810E+00  1.04661385E-02
 1.16785721E+00  4.21388897E-03
 1.17691261E+00 -1.87557346E-03
 1.17742959E+00 -5.58687831E-03
 1.16834878E+00 -6.62527818E-03
 1.15365221E+00 -5.08839119E-03
 1.14175402E+00 -2.44081372E-03
 1.13799319E+00  6.63218397E-04
 1.14332578E+00  4.69300180E-03
 1.15461038E+00  8.57130360E-03
 1.16396448E+00  1.08378939E-02
 1.16704977E+00  1.03249630E-02
 1.16436474E+00  5.99873365E-03
 1.15795908E+00 -6.01032786E-04
 1.15308547E+00 -6.02249508E-03
 1.15232078E+00 -8.06058493E-03
 1.15400769E+00 -5.75244091E-03
 1.15694276E+00 -2.16797791E-04
 1.15874717E+00  5.11816769E-03
 1.15819020E+00  8.31768724E-03
 1.15688261E+00  9.08958868E-03
 1.15548421E+00  7.61836317E-03
 1.15455581E+00  5.49912235E-03
 1.15462321E+00  3.38617875E-03
 1.15482585E+00  7.26225914E-04
 1.15485786E+00 -1.88625998E-03
 1.15484850E+00 -3.74362122E-03
 1.15463059E+00 -4.16089201E-03
 1.15447283E+00 -2.17616046E-03
 1.15449565E+00  1.36151645E-03
 1.15450371E+00  4.33746077E-03
 1.15448972E+00  5.47516125E-03
 1.15438832E+00  4.14117350E-03
 1.15412556E+00  1.07455661E-03
 1.15376903E+00 -1.48651548E-03
 1.15334093E+00 -2.41029583E-03
 1.15286681E+00 -1.72514940E-03
 1.15243953E+00  5.61406129E-05
 1.15214674E+00  1.40593198E-03
 1.15208367E+00  1.61855214E-03
 1.15234217E+00  1.13914792E-03
 1.15294580E+00  2.74299439E-04
 1.15385749E+00 -2.93854054E-04
 1.15501595E+00 -2.21624016E-04
 1.15630804E+00  4.24582849E-05
 1.15754740E+00  3.33030773E-04
 1.15850790E+00  5.06674678E-04
 1.15895013E+00  4.30770390E-04
 1.15866746E+00  3.60079771E-04
 1.15758547E+00  3.86147414E-04
 1.15576974E+00  4.72902201E-04
 1.15335758E+00  6.63796146E-04
 1.15061090E+00  8.73287262E-04
 1.14797003E+00  1.04451323E-03
 1.14597041E+00  1.20026957E-03
 1.14515290E+00  1.30913213E-03
 1.14594428E+00  1.35927359E-03
 1.14841565E+00  1.35725836E-03
 1.15224733E+00  1.28751982E-03
 1.15688917E+00  1.15227072E-03
 1.16141898E+00  9.64452951E-04
 1.16438280E+00  7.38271960E-04
 1.16422647E+00  4.99902449E-04
 1.15999800E+00  2.78180884E-04
 1.15198912E+00  9.62667251E-05
 1.14280050E+00 -3.82572429E-05
 1.13661160E+00 -1.37117728E-04
 1.13632900E+00 -2.23250733E-04
 1.14265060E+00 -3.38168818E-04
 1.15282941E+00 -5.50352266E-04
 1.16109520E+00 -9.34191606E-04
 1.16377471E+00 -1.53639579E-03
 1.16019487E+00 -2.34444955E-03
 1.15250841E+00 -3.23386823E-03
 1.14612392E+00 -3.97839654E-03
 1.14402706E+00 -4.33680638E-03
 1.14589383E+00 -4.05783900E-03
 1.15031769E+00 -2.88667030E-03
 1.15369647E+00 -6.79459950E-04
 1.15431381E+00  2.48376664E-03
 1.15342093E+00  6.13177434E-03
 1.15204941E+00  9.11984248E-03
 1.15198302E+00  9.97918562E-03
 1.15379339E+00  7.88369125E-03
 1.15544766E+00  3.13838865E-03
 1.15461922E+00 -2.11192306E-03
 1.14878213E+00 -4.37818229E-03
 1.13713515E+00 -1.38311042E-03
 1.12261610E+00  7.15563614E-03
 1.11192098E+00  1.88032038E-02
 1.11369994E+00  2.83410041E-02
 1.13214583E+00  3.12484317E-02
 1.16340357E+00  2.40486932E-02
 1.19251344E+00  3.41086810E-03
 1.19747281E+00 -2.73436743E-02
 1.16727955E+00 -4.90820523E-02
 1.10908741E+00 -4.12639078E-02
 1.05451186E+00 -1.52679300E-02
 1.04604394E+00  3.08793184E-03
 1.08320933E+00  1.91319777E-02
 1.13376071E+00  4.35123626E-02
 1.18351859E+00  5.26149585E-02
 1.21760226E+00  2.58798023E-02
 1.21917381E+00 -1.20315619E-02
 1.19207798E+00 -2.67266898E-02
 1.14331839E+00 -2.34248064E-02
 1.08535734E+00 -1.96484708E-02
 1.05040423E+00 -1.01371350E-02
 1.06414775E+00  7.17268015E-03
 1.10808245E+00  2.02927188E-02
 1.14172370E+00  2.33461954E-02
 1.15882567E+00  1.76616880E-02
 1.16914106E+00  6.23874821E-03
 1.16931878E+00 -5.10244687E-03
 1.16519940E+00 -9.92851914E-03
 1.16111274E+00 -8.63149662E-03
 1.14926369E+00 -7.11305397E-03
 1.13201601E+00 -7.34418589E-03
 1.11694041E+00 -8.51662052E-03
 1.10953421E+00 -7.11157134E-03
 1.11727541E+00  2.27409046E-03
 1.13710885E+00  1.26656575E-02
 1.15673095E+00  1.18288858E-02
 1.16959370E+00  5.06589182E-03
 1.17238917E+00  3.16554498E-03
 1.16589523E+00  2.09381189E-03
 1.15797511E+00 -3.48275942E-03
 1.15155620E+00 -7.73759663E-03
 1.14516487E+00 -5.75462666E-03
 1.14015782E+00 -9.79694629E-04
 1.13648524E+00  2.34698285E-03
 1.13540475E+00  3.63710168E-03
 1.14043664E+00  2.67615395E-03
 1.14942733E+00 -1.40879278E-04
 1.15707331E+00 -2.26453637E-03
 1.16013453E+00 -2.60147693E-03
 1.15623976E+00 -1.86016819E-03
 1.14735672E+00 -4.64983821E-04
 1.13982782E+00  5.12882579E-04
 1.13673333E+00  5.64523616E-04
 1.13822861E+00  4.12707246E-04
 1.14293937E+00  2.69525496E-04
 1.14642839E+00  2.93673573E-04
 1.14670946E+00  6.50079816E-04
 1.14498461E+00  9.12776643E-04
 1.14208369E+00  9.24374275E-04
 1.14000565E+00  7.53192566E-04
 1.13974995E+00  3.37830279E-04
 1.14007980E+00 -1.77735783E-04
 1.14059663E+00 -6.40663899E-04
 1.14094787E+00 -9.93913042E-04
 1.14082216E+00 -1.10144586E-03
 1.14100168E+00 -8.68311457E-04
 1.14175076E+00 -2.84465071E-04
 1.14292855E+00  6.30186993E-04
 1.14459795E+00  1.81055511E-03
 1.14641646E+00  3.13138564E-03
 1.14807764E+00  4.38673876E-03
 1.14947733E+00  5.31593251E-03
 1.15034821E+00  5.65791343E-03
 1.15050537E+00  5.21078090E-03
 1.14991393E+00  3.95395057E-03
 1.14858125E+00  2.06717399E-03
 1.14663109E+00 -1.57562034E-04
 1.14432384E+00 -2.24521946E-03
 1.14206806E+00 -3.45869614E-03
 1.14038497E+00 -3.02951699E-03
 1.13979450E+00 -5.29922646E-04
 1.14069114E+00  3.78638884E-03
 1.14312717E+00  8.42294861E-03
 1.14676653E+00  1.10590135E-02
 1.15103708E+00  1.01212971E-02
 1.15499490E+00  5.33350046E-03
 1.15716060E+00 -1.55675158E-03
 1.15598107E+00 -7.05396902E-03
 1.15060460E+00 -8.83913906E-03
 1.14156847E+00 -6.32964259E-03
 1.13192223E+00 -6.91526735E-04
 1.12638374E+00  4.89691568E-03
 1.12814442E+00  8.50514595E-03
 1.13774768E+00  9.87606121E-03
 1.15162093E+00  9.08757130E-03
 1.16263811E+00  7.39623802E-03
 1.16606113E+00  5.31929283E-03
 1.16068760E+00  2.34837195E-03
 1.14888581E+00 -7.32222911E-04
 1.13713403E+00 -2.82352271E-03
 1.12939902E+00 -2.99893038E-03
 1.12628103E+00 -3.03365294E-04
 1.12774416E+00  4.19651582E-03
 1.13137001E+00  7.93932761E-03
 1.13618522E+00  9.36055806E-03
 1.14319045E+00  7.80454637E-03
 1.15057242E+00  4.17499556E-03
 1.15574634E+00  1.10220072E-03
 1.15658014E+00 -5.67384220E-05
 1.15106533E+00  6.39979846E-04
 1.14157654E+00  2.57663376E-03
 1.13376848E+00  3.97163154E-03
 1.13110020E+00  3.99518302E-03
 1.13493887E+00  3.18398102E-03
 1.14325522E+00  1.91625101E-03
 1.15025045E+00  1.00206875E-03
 1.15291215E+00  8.54121422E-04
 1.15137763E+00  9.46428187E-04
 1.14701232E+00  1.07691849E-03
 1.14373595E+00  1.06572783E-03
 1.14338739E+00  7.46320394E-04
 1.14479411E+00  4.11551747E-04
 1.14712868E+00  1.67649380E-04
 1.14861809E+00 -2.27388034E-05
 1.14836540E+00 -1.02083422E-04
 1.14754248E+00 -1.61438945E-04
 1.14660886E+00 -2.47659815E-04
 1.14597486E+00 -3.07774373E-04
 1.14602060E+00 -3.50898060E-04
 1.14611496E+00 -3.64786672E-04
 1.14604353E+00 -3.29700902E-04
 1.14591139E+00 -2.65816419E-04
 1.14561071E+00 -1.74096445E-04
 1.14535675E+00 -4.94556022E-05
 1.14526047E+00  1.03645902E-04
 1.14520525E+00  2.90278699E-04
 1.14521205E+00  5.12700695E-04
 1.14525527E+00  7.67895053E-04
 1.14528979E+00  1.05603180E-03
 1.14535855E+00  1.37557424E-03
 1.14545940E+00  1.72317164E-03
 1.14557470E+00  2.09523432E-03
 1.14571289E+00  2.48454718E-03
 1.14586377E+00  2.88118198E-03
 1.14602068E+00  3.27521489E-03
 1.14618596E+00  3.65661683E-03
 1.14634721E+00  4.01664031E-03
 1.14648858E+00  4.34838393E-03
 1.14660046E+00  4.64421296E-03
 1.14667508E+00  4.89654760E-03
 1.14671179E+00  5.09968639E-03
 1.14671787E+00  5.24893209E-03
 1.14669743E+00  5.34134313E-03
 1.14665236E+00  5.37561811E-03
 1.14658668E+00  5.34955294E-03
 1.14650270E+00  5.26115961E-03
 1.14640460E+00  5.11146095E-03
 1.14629820E+00  4.90429561E-03
 1.14618313E+00  4.64720201E-03
 1.14605561E+00  4.35152545E-03
 1.14591287E+00  4.02885846E-03
 1.14575273E+00  3.69084325E-03
 1.14557849E+00  3.35007389E-03
 1.14539848E+00  3.01837070E-03
 1.14521707E+00  2.70723424E-03
 1.14503559E+00  2.42690587E-03
 1.14485400E+00  2.18283832E-03
 1.14466881E+00  1.97671029E-03
 1.14447895E+00  1.80918724E-03
 1.14428590E+00  1.68019436E-03
 1.14408817E+00  1.59136065E-03
 1.14388422E+00  1.54581543E-03
 1.14367382E+00  1.54281279E-03
 1.14345764E+00  1.57834139E-03
 1.14324229E+00  1.64693643E-03
 1.14303898E+00  1.74030586E-03
 1.14285726E+00  1.85045864E-03
 1.14270498E+00  1.96978103E-03
 1.14258647E+00  2.08716890E-03
 1.14250112E+00  2.19055981E-03
 1.14244897E+00  2.27013292E-03
 1.14242943E+00  2.31884300E-03
 1.14243695E+00  2.33623956E-03
 1.14246412E+00  2.32788817E-03
 1.14250272E+00  2.29883048E-03
 1.14254532E+00  2.25318614E-03
 1.14259278E+00  2.19348474E-03
 1.14265385E+00  2.11914067E-03
 1.14273949E+00  2.03209635E-03
 1.14286585E+00  1.93580699E-03
 1.14305619E+00  1.83016014E-03
 1.14333638E+00  1.71434820E-03
 1.14373280E+00  1.58768098E-03
 1.14426637E+00  1.45045417E-03
 1.14493974E+00  1.31086453E-03
 1.14573627E+00  1.18354392E-03
 1.14662669E+00  1.08217070E-03
 1.14756201E+00  1.02090794E-03
 1.14846711E+00  1.01428589E-03
 1.14925105E+00  1.07432264E-03
 1.14982021E+00  1.21413837E-03
 1.15009411E+00  1.44488157E-03
 1.15003582E+00  1.76725473E-03
 1.14965744E+00  2.17243293E-03
 1.14899953E+00  2.64338732E-03
 1.14814991E+00  3.15125517E-03
 1.14726616E+00  3.65565367E-03
 1.14654825E+00  4.10867813E-03
 1.14620499E+00  4.46002782E-03
 1.14641546E+00  4.66544481E-03
 1.14724861E+00  4.69978503E-03
 1.14865251E+00  4.56043022E-03
 1.15051469E+00  4.26117318E-03
 1.15261629E+00  3.84172951E-03
 1.15457781E+00  3.37933090E-03
 1.15593315E+00  2.97574711E-03
 1.15621303E+00  2.73703881E-03
 1.15504741E+00  2.75401718E-03
 1.15237757E+00  3.06374879E-03
 1.14848630E+00  3.64312396E-03
 1.14385010E+00  4.44081817E-03
 1.13926178E+00  5.35454984E-03
 1.13597090E+00  6.20128819E-03
 1.13531528E+00  6.75516965E-03
 1.13813324E+00  6.78982690E-03
 1.14422022E+00  6.12918419E-03
 1.15141668E+00  4.75521684E-03
 1.15622137E+00  2.82223351E-03
 1.15619236E+00  5.79742051E-04
 1.15072283E+00 -1.56658085E-03
 1.14207303E+00 -2.98551589E-03
 1.13502756E+00 -3.00982488E-03
 1.13261183E+00 -1.23681161E-03
 1.13535143E+00  2.19273079E-03
 1.14145059E+00  6.12766923E-03
 1.14642325E+00  8.73029504E-03
 1.14780890E+00  8.72403971E-03
 1.14591592E+00  5.80726264E-03
 1.14194982E+00  1.20468377E-03
 1.13895015E+00 -2.52173093E-03
 1.13844020E+00 -3.72611206E-03
 1.13952995E+00 -2.07813012E-03
 1.14157046E+00  1.50211727E-03
 1.14321532E+00  4.64406589E-03
 1.14373420E+00  6.00983933E-03
 1.14395252E+00  5.66085180E-03
 1.14406061E+00  4.05021777E-03
 1.14415281E+00  2.56120988E-03
 1.14439551E+00  1.84026034E-03
 1.14434025E+00  1.39595843E-03
 1.14415085E+00  1.10494214E-03
 1.14442277E+00  6.79536892E-04
 1.14531456E+00  1.07937728E-04
 1.14679823E+00  1.04737835E-04
 1.14813941E+00  9.18545629E-04
 1.14803293E+00  2.51185310E-03
 1.14602553E+00  4.78860123E-03
 1.14279366E+00  7.11048986E-03
 1.14051241E+00  8.62346149E-03
 1.14227431E+00  8.48934028E-03
 1.14902325E+00  6.04146917E-03
 1.15831016E+00  1.27395073E-03
 1.16321678E+00 -4.72031680E-03
 1.15455821E+00 -9.82021282E-03
 1.12972454E+00 -1.15107223E-02
 1.09672370E+00 -6.83769937E-03
 1.07811718E+00  7.74233536E-03
 1.09804566E+00  3.02086430E-02
 1.14269616E+00  4.12131972E-02
 1.17607804E+00  2.03613234E-02
 1.19213289E+00 -1.40159820E-02
 1.19494692E+00 -2.71667931E-02
 1.17520251E+00 -2.34977781E-02
 1.13525969E+00 -2.07901223E-02
 1.08864603E+00 -1.24318969E-02
 1.05067736E+00  4.68012128E-03
 1.04854993E+00  1.98907766E-02
 1.09997020E+00  2.83327035E-02
 1.16653832E+00  2.99351398E-02
 1.18923401E+00  2.36479571E-02
 1.17911995E+00  8.02208285E-03
 1.17615692E+00 -1.46109472E-02
 1.16244375E+00 -3.04261356E-02
 1.11952708E+00 -2.49638520E-02
 1.08455660E+00 -7.00275316E-03
 1.08981211E+00  4.54748000E-03
 1.11521594E+00  1.17622526E-02
 1.12969430E+00  2.23153498E-02
 1.13781947E+00  2.78278891E-02
 1.15151544E+00  2.14433843E-02
 1.16325718E+00  7.29160948E-03
 1.16951194E+00 -9.09779255E-03
 1.17032124E+00 -1.91323580E-02
 1.15937699E+00 -1.34522002E-02
 1.14021634E+00  1.58309070E-03
 1.12433689E+00  1.03976004E-02
 1.11843999E+00  1.10267015E-02
 1.12648247E+00  7.96544525E-03
 1.14435389E+00  1.95381249E-03
 1.15925987E+00 -1.95145372E-03
 1.16483311E+00 -1.48266055E-04
 1.16111531E+00  4.67947364E-03
 1.15176121E+00  9.96463489E-03
 1.14660081E+00  1.23121987E-02
 1.14964451E+00  9.66285167E-03
 1.15686441E+00  3.84640572E-03
 1.16238920E+00 -2.85181075E-03
 1.15716957E+00 -7.36772153E-03
 1.13862645E+00 -7.40810861E-03
 1.11572941E+00 -3.49169944E-03
 1.10593450E+00  2.45109827E-03
 1.12438212E+00  7.21084521E-03
 1.15046690E+00  8.52662611E-03
 1.14914761E+00  6.38599278E-03
 1.13880607E+00  2.16527107E-03
 1.15425288E+00 -1.26160844E-03
 1.17217957E+00 -2.19574280E-03
 1.16009733E+00 -9.19649624E-04
 1.13680387E+00  1.70569206E-03
 1.12765626E+00  3.74482869E-03
 1.12798074E+00  4.20503117E-03
 1.13237339E+00  3.71150570E-03
 1.14303900E+00  2.73691497E-03
 1.15345989E+00  2.15462526E-03
 1.15715123E+00  2.42345242E-03
 1.15465836E+00  2.93694128E-03
 1.14862811E+00  3.44275787E-03
 1.14414790E+00  3.74064131E-03
 1.14369882E+00  3.64257481E-03
 1.14569749E+00  3.48104196E-03
 1.14895656E+00  3.38055883E-03
 1.15110323E+00  3.29672235E-03
 1.15092000E+00  3.29610460E-03
 1.15001195E+00  3.27855333E-03
 1.14901894E+00  3.19172224E-03
 1.14847126E+00  3.09802160E-03
 1.14886531E+00  2.98928720E-03
 1.14932189E+00  2.88226994E-03
 1.14953385E+00  2.80776666E-03
 1.14964731E+00  2.75423942E-03
 1.14950969E+00  2.72894736E-03
 1.14940422E+00  2.74290062E-03
 1.14947744E+00  2.79163183E-03
 1.14956229E+00  2.87629415E-03
 1.14968543E+00  2.99661683E-03
 1.14981514E+00  3.14826931E-03
 1.14988244E+00  3.32967419E-03
 1.14993481E+00  3.53890356E-03
 1.14996540E+00  3.77097900E-03
 1.14995170E+00  4.01996220E-03
 1.14991917E+00  4.28081354E-03
 1.14988030E+00  4.54835195E-03
 1.14984844E+00  4.81703169E-03
 1.14984596E+00  5.08087298E-03
 1.14987614E+00  5.33082830E-03
 1.14993262E+00  5.55593158E-03
 1.15001864E+00  5.74755277E-03
 1.15013951E+00  5.89953251E-03
 1.15029713E+00  6.00901173E-03
 1.15049587E+00  6.07702749E-03
 1.15073452E+00  6.10422366E-03
 1.15100780E+00  6.09067307E-03
 1.15132169E+00  6.03750974E-03
 1.15168776E+00  5.94555668E-03
 1.15211323E+00  5.81731645E-03
 1.15260350E+00  5.65686483E-03
 1.15315603E+00  5.46643320E-03
 1.15375883E+00  5.24773355E-03
 1.15440271E+00  5.00356379E-03
 1.15507810E+00  4.73775399E-03
 1.15576802E+00  4.45792656E-03
 1.15645170E+00  4.17491812E-03
 1.15710040E+00  3.89830618E-03
 1.15767582E+00  3.63669314E-03
 1.15813680E+00  3.39789655E-03
 1.15844052E+00  3.18754461E-03
 1.15854633E+00  3.01163963E-03
 1.15842355E+00  2.87576176E-03
 1.15805753E+00  2.78146254E-03
 1.15745443E+00  2.72697536E-03
 1.15664348E+00  2.70699644E-03
 1.15568465E+00  2.71138148E-03
 1.15467905E+00  2.72638692E-03
 1.15375724E+00  2.73586897E-03
 1.15305144E+00  2.72310729E-03
 1.15267578E+00  2.67411393E-03
 1.15269290E+00  2.58164409E-03
 1.15310219E+00  2.44708335E-03
 1.15386720E+00  2.27999480E-03
 1.15489072E+00  2.10199482E-03
 1.15597673E+00  1.95175256E-03
 1.15686783E+00  1.87949480E-03
 1.15729497E+00  1.93568378E-03
 1.15702621E+00  2.16227786E-03
 1.15597332E+00  2.57706960E-03
 1.15420547E+00  3.16947085E-03
 1.15186049E+00  3.91403259E-03
 1.14920407E+00  4.75994459E-03
 1.14670260E+00  5.61553908E-03
 1.14492676E+00  6.36452131E-03
 1.14445388E+00  6.88515279E-03
 1.14573945E+00  7.07121983E-03
 1.14884169E+00  6.87855287E-03
 1.15338907E+00  6.33018994E-03
 1.15877272E+00  5.47942215E-03
 1.16399310E+00  4.43505872E-03
 1.16749150E+00  3.39088325E-03
 1.16761339E+00  2.58543833E-03
 1.16333609E+00  2.26196105E-03
 1.15495317E+00  2.61390588E-03
 1.14522227E+00  3.66906706E-03
 1.13858463E+00  5.27594345E-03
 1.13814155E+00  7.18368901E-03
 1.14466716E+00  8.97730581E-03
 1.15528838E+00  1.00068055E-02
 1.16392758E+00  9.58577067E-03
 1.16672803E+00  7.30619014E-03
 1.16299724E+00  3.33259354E-03
 1.15500588E+00 -1.10719510E-03
 1.14845140E+00 -4.06544533E-03
 1.14646519E+00 -4.19132539E-03
 1.14867938E+00 -1.17002218E-03
 1.15360030E+00  3.69197894E-03
 1.15741478E+00  7.66976957E-03
 1.15824511E+00  9.00582139E-03
 1.15727664E+00  7.33617862E-03
 1.15536997E+00  3.62962447E-03
 1.15424234E+00  3.94117921E-04
 1.15478888E+00 -9.67155541E-04
 1.15586244E+00 -5.48666938E-04
 1.15702219E+00  1.11494203E-03
 1.15791177E+00  2.50083050E-03
 1.15819748E+00  2.93161712E-03
 1.15853680E+00  3.03373269E-03
 1.15916066E+00  3.18173607E-03
 1.15995464E+00  4.00530757E-03
 1.16100391E+00  5.70585423E-03
 1.16205351E+00  7.48077435E-03
 1.16291282E+00  8.67890143E-03
 1.16359488E+00  8.67419435E-03
 1.16397334E+00  7.07933732E-03
 1.16398237E+00  4.38602978E-03
 1.16363098E+00  1.69702497E-03
 1.16290131E+00  4.65993786E-04
 1.16184623E+00  1.67431439E-03
 1.16058254E+00  5.19443013E-03
 1.15927754E+00  9.43948409E-03
 1.15816002E+00  1.17455207E-02
 1.15746842E+00  1.04820424E-02
 1.15740237E+00  5.72404073E-03
 1.15804903E+00 -4.38107195E-04
 1.15936428E+00 -4.13606071E-03
 1.16123408E+00 -3.12376667E-03
 1.16342760E+00  2.36670529E-03
 1.16553844E+00  9.82103940E-03
 1.16706394E+00  1.44373667E-02
 1.16749696E+00  1.34333656E-02
 1.16643728E+00  7.19819007E-03
 1.16381988E+00 -1.49910925E-03
 1.15994820E+00 -7.27903329E-03
 1.15533442E+00 -6.92754766E-03
 1.15083214E+00 -7.89077368E-04
 1.14778980E+00  8.58336011E-03
 1.14764890E+00  1.59464392E-02
 1.15130095E+00  1.80554151E-02
 1.15849503E+00  1.50687302E-02
 1.16684371E+00  8.56446857E-03
 1.17249678E+00  2.35089799E-03
 1.17277143E+00 -1.23439034E-03
 1.16700712E+00 -2.45851833E-03
 1.15770146E+00 -1.52256903E-03
 1.15013024E+00  3.61991819E-04
 1.14764455E+00  2.60608616E-03
 1.15085218E+00  5.96303272E-03
 1.15779965E+00  9.57444185E-03
 1.16356670E+00  1.19718942E-02
 1.16544986E+00  1.20698796E-02
 1.16377053E+00  8.80524047E-03
 1.15981361E+00  3.38584545E-03
 1.15686232E+00 -1.18068924E-03
 1.15652524E+00 -3.08434700E-03
 1.15776124E+00 -1.62466645E-03
 1.15981547E+00  2.17560742E-03
 1.16119996E+00  5.32170594E-03
 1.16113896E+00  6.26550540E-03
 1.16062886E+00  5.10558517E-03
 1.16006802E+00  2.55414445E-03
 1.15978840E+00  6.36040205E-04
 1.16010191E+00  3.04227815E-04
 1.16045637E+00  9.47820416E-04
 1.16064606E+00  2.13697667E-03
 1.16074121E+00  2.95747640E-03
 1.16063303E+00  2.94065191E-03
 1.16049382E+00  2.68383361E-03
 1.16041900E+00  2.41664418E-03
 1.16031871E+00  2.34000805E-03
 1.16021986E+00  2.63916908E-03
 1.16010787E+00  2.97644828E-03
 1.15994923E+00  3.22378208E-03
 1.15978131E+00  3.41571652E-03
 1.15960790E+00  3.48030418E-03
 1.15942317E+00  3.51660839E-03
 1.15923841E+00  3.57734594E-03
 1.15904785E+00  3.60539206E-03
 1.15884793E+00  3.61423352E-03
 1.15864194E+00  3.59255634E-03
 1.15842986E+00  3.51964793E-03
 1.15821479E+00  3.41888294E-03
 1.15799970E+00  3.29470859E-03
 1.15778494E+00  3.14750865E-03
 1.15757067E+00  2.98878015E-03
 1.15735577E+00  2.82052376E-03
 1.15713983E+00  2.64721947E-03
 1.15692344E+00  2.47799998E-03
 1.15670567E+00  2.31999420E-03
 1.15648536E+00  2.18170219E-03
 1.15626195E+00  2.06978588E-03
 1.15603542E+00  1.98649482E-03
 1.15580843E+00  1.93014574E-03
 1.15558594E+00  1.89495434E-03
 1.15537233E+00  1.87488619E-03
 1.15517162E+00  1.86512677E-03
 1.15498710E+00  1.86234627E-03
 1.15482068E+00  1.86601346E-03
 1.15467518E+00  1.87550183E-03
 1.15455387E+00  1.89118131E-03
 1.15445853E+00  1.91855697E-03
 1.15439045E+00  1.96569182E-03
 1.15435039E+00  2.04028260E-03
 1.15433864E+00  2.14769059E-03
 1.15435721E+00  2.28422248E-03
 1.15440920E+00  2.43726418E-03
 1.15449641E+00  2.59253100E-03
 1.15461970E+00  2.73155445E-03
 1.15477870E+00  2.82899948E-03
 1.15497133E+00  2.85724712E-03
 1.15519585E+00  2.78711086E-03
 1.15545060E+00  2.59312205E-03
 1.15573241E+00  2.26669018E-03
 1.15603747E+00  1.81629295E-03
 1.15636121E+00  1.26057080E-03
 1.15669817E+00  6.34764892E-04
 1.15704348E+00 -4.86455452E-06
 1.15739260E+00 -5.89402518E-04
 1.15774014E+00 -1.04545455E-03
 1.15808027E+00 -1.30831740E-03
 1.15840669E+00 -1.34766299E-03
 1.15871249E+00 -1.17089256E-03
 1.15899153E+00 -8.06656326E-04
 1.15923846E+00 -3.19942206E-04
 1.15944841E+00  1.71248811E-04
 1.15961758E+00  5.20494042E-04
 1.15974341E+00  5.84385854E-04
 1.15982478E+00  2.58317905E-04
 1.15986315E+00 -4.53299864E-04
 1.15986086E+00 -1.42453927E-03
 1.15981722E+00 -2.45640305E-03
 1.15972628E+00 -3.23416114E-03
 1.15957318E+00 -3.27596730E-03
 1.15934234E+00 -2.09935534E-03
 1.15904036E+00  4.91010276E-04
 1.15870864E+00  4.15532471E-03
 1.15843910E+00  7.62385120E-03
 1.15834482E+00  9.06014907E-03
 1.15846409E+00  7.33636077E-03
 1.15871286E+00  2.54132839E-03
 1.15882885E+00 -3.35800563E-03
 1.15845128E+00 -6.92264603E-03
 1.15742918E+00 -6.00451087E-03
 1.15595580E+00 -4.80175157E-04
 1.15471094E+00  7.32489382E-03
 1.15467977E+00  1.27971082E-02
 1.15632748E+00  1.31195564E-02
 1.15927417E+00  8.16624261E-03
 1.16199901E+00  7.28800178E-05
 1.16223247E+00 -6.45573070E-03
 1.15894304E+00 -8.61658622E-03
 1.15309346E+00 -6.48236033E-03
 1.14824094E+00 -1.44536364E-03
 1.14941449E+00  3.02975514E-03
 1.15801175E+00  5.00988081E-03
 1.16965326E+00  5.04749043E-03
 1.17235802E+00  3.80263696E-03
 1.15611187E+00  2.92872955E-03
 1.13978970E+00  3.15344460E-03
 1.15109164E+00  3.38224076E-03
 1.17124417E+00  3.06043122E-03
 1.16642907E+00  1.60196239E-03
 1.15224312E+00 -1.15804094E-03
 1.15508978E+00 -4.06814644E-03
 1.16282751E+00 -6.04072698E-03
 1.16117771E+00 -6.06486523E-03
 1.15846407E+00 -3.41767966E-03
 1.15991889E+00  1.43212637E-03
 1.16103070E+00  6.88480639E-03
 1.16073989E+00  1.06311802E-02
 1.16082903E+00  1.09627612E-02
 1.16122964E+00  7.55859270E-03
 1.16145750E+00  2.00185797E-03
 1.16163047E+00 -2.52976629E-03
 1.16182055E+00 -3.97237048E-03
 1.16198477E+00 -1.96101872E-03
 1.16211598E+00  2.28791440E-03
 1.16221741E+00  5.78047738E-03
 1.16228609E+00  6.86462897E-03
 1.16232065E+00  5.73665744E-03
 1.16232417E+00  3.19297846E-03
 1.16230274E+00  1.24573979E-03
 1.16226241E+00  8.83164934E-04
 1.16220919E+00  1.47491924E-03
 1.16214774E+00  2.56573857E-03
 1.16208067E+00  3.25376168E-03
 1.16201185E+00  3.07223920E-03
 1.16194555E+00  2.63685464E-03
 1.16188411E+00  2.19433975E-03
 1.16182924E+00  1.94745767E-03
 1.16178159E+00  2.08687708E-03
 1.16174094E+00  2.27469818E-03
 1.16170959E+00  2.38451132E-03
 1.16169127E+00  2.45928886E-03
 1.16168786E+00  2.43073089E-03
 1.16169995E+00  2.40114671E-03
 1.16172627E+00  2.42719630E-03
 1.16176317E+00  2.45239894E-03
 1.16180799E+00  2.49119770E-03
 1.16185870E+00  2.53228168E-03
 1.16191187E+00  2.55004051E-03
 1.16196427E+00  2.56037889E-03
 1.16201303E+00  2.56059098E-03
 1.16205591E+00  2.54406759E-03
 1.16209409E+00  2.51706365E-03
 1.16213142E+00  2.47838844E-03
 1.16217146E+00  2.42754228E-03
 1.16221752E+00  2.36739269E-03
 1.16227161E+00  2.29951577E-03
 1.16233392E+00  2.22689622E-03
 1.16240610E+00  2.15330164E-03
 1.16249073E+00  2.08162754E-03
 1.16258917E+00  2.01248200E-03
 1.16270283E+00  1.94452761E-03
 1.16283240E+00  1.87720286E-03
 1.16297802E+00  1.81077431E-03
 1.16314216E+00  1.74687902E-03
 1.16332859E+00  1.68886949E-03
 1.16353953E+00  1.63855290E-03
 1.16377590E+00  1.59631425E-03
 1.16403638E+00  1.56273692E-03
 1.16431702E+00  1.53754981E-03
 1.16461448E+00  1.52082336E-03
 1.16492575E+00  1.51314025E-03
 1.16524671E+00  1.51330375E-03
 1.16557326E+00  1.51918371E-03
 1.16590031E+00  1.52896100E-03
 1.16622180E+00  1.54080533E-03
 1.16653308E+00  1.55410665E-03
 1.16683019E+00  1.56946552E-03
 1.16710862E+00  1.58666639E-03
 1.16736365E+00  1.60491954E-03
 1.16758928E+00  1.62321282E-03
 1.16777841E+00  1.63977204E-03
 1.16792535E+00  1.65327557E-03
 1.16802580E+00  1.66277833E-03
 1.16807656E+00  1.66641674E-03
 1.16807623E+00  1.66273746E-03
 1.16802389E+00  1.65251212E-03
 1.16791925E+00  1.63976240E-03
 1.16776414E+00  1.63431126E-03
 1.16756210E+00  1.64763101E-03
 1.16731857E+00  1.68103627E-03
 1.16704133E+00  1.71968347E-03
 1.16673953E+00  1.72455400E-03
 1.16642355E+00  1.64623309E-03
 1.16610479E+00  1.47131220E-03
 1.16579473E+00  1.24475145E-03
 1.16550403E+00  1.09582661E-03
 1.16524193E+00  1.20037135E-03
 1.16501538E+00  1.63363816E-03
 1.16482786E+00  2.30624890E-03
 1.16467786E+00  2.89715687E-03
 1.16455993E+00  2.93962640E-03
 1.16446790E+00  2.21359258E-03
 1.16439696E+00  9.00687434E-04
 1.16434691E+00 -2.74956354E-04
 1.16432312E+00 -2.34330696E-04
 1.16433224E+00  1.50938594E-03
 1.16438439E+00  4.48953727E-03
 1.16449708E+00  6.99825015E-03
 1.16469122E+00  6.62354696E-03
 1.16498716E+00  2.68661291E-03
 1.16540013E+00 -2.73296208E-03
 1.16592899E+00 -3.92358412E-03
 1.16655552E+00  3.89416204E-03
 1.16725348E+00  1.17202778E-02
 1.16798312E+00  6.34959279E-03
 1.16868556E+00 -3.24249987E-03
 1.16929147E+00 -8.98126486E-04
 1.16972826E+00  5.96560207E-03
 1.16993193E+00  4.77207690E-03
 1.16987254E+00  1.32139217E-03
 1.16955698E+00  2.41887291E-03
 1.16901295E+00  4.07885443E-03
 1.16830333E+00  3.77792554E-03
 1.16754064E+00  3.62301164E-03
 1.16686772E+00  4.06345913E-03
 1.16643683E+00  4.18965991E-03
 1.16638147E+00  3.98312590E-03
 1.16675817E+00  3.65477235E-03
 1.16753990E+00  3.16178425E-03
 1.16865857E+00  2.50052810E-03
 1.16997244E+00  1.75223552E-03
 1.17122916E+00  1.02493861E-03
 1.17211861E+00  4.47401537E-04
 1.17233211E+00  1.58688206E-04
 1.17163656E+00  2.78796148E-04
 1.17002606E+00  8.52855797E-04
 1.16774369E+00  1.84614185E-03
 1.16517687E+00  3.18446044E-03
 1.16294518E+00  4.72402261E-03
 1.16200072E+00  6.21890959E-03
 1.16331439E+00  7.36939516E-03
 1.16735121E+00  7.87367327E-03
 1.17360347E+00  7.49592247E-03
 1.17983531E+00  6.20559836E-03
 1.18269787E+00  4.19711164E-03
 1.17997680E+00  1.79629588E-03
 1.17142668E+00 -4.58723886E-04
 1.15986564E+00 -1.72657126E-03
 1.15071970E+00 -1.12399776E-03
 1.14770256E+00  1.84474157E-03
 1.15192300E+00  6.89901995E-03
 1.16171183E+00  1.23428001E-02
 1.17221344E+00  1.55364047E-02
 1.18023717E+00  1.46838250E-02
 1.18478440E+00  9.45273759E-03
 1.18499201E+00  1.79141610E-03
 1.18166675E+00 -4.37820493E-03
 1.17500275E+00 -6.46835942E-03
 1.16461916E+00 -3.85378665E-03
 1.15367950E+00  2.13045051E-03
 1.14690941E+00  7.89090102E-03
 1.14777655E+00  1.12558118E-02
 1.15804266E+00  1.19647004E-02
 1.17380801E+00  1.01590976E-02
 1.18665024E+00  7.33537540E-03
 1.19117804E+00  4.18186236E-03
 1.18566114E+00  2.52208562E-04
 1.17300065E+00 -3.42474550E-03
 1.16132951E+00 -5.48217730E-03
 1.15527092E+00 -4.82897663E-03
 1.15516742E+00 -4.82570241E-04
 1.16013487E+00  6.03746033E-03
 1.16598409E+00  1.13646384E-02
 1.17075165E+00  1.33308994E-02
 1.17559321E+00  1.09609735E-02
 1.17932064E+00  5.33109361E-03
 1.18074971E+00 -2.08478097E-04
 1.17871717E+00 -3.71161116E-03
 1.17129463E+00 -4.75277089E-03
 1.16072036E+00 -3.29425767E-03
 1.15206511E+00 -6.64044471E-04
 1.14861560E+00  2.56607835E-03
 1.15230546E+00  6.71401756E-03
 1.16167275E+00  1.05419495E-02
 1.17155965E+00  1.24316578E-02
 1.17894656E+00  1.11380709E-02
 1.18282775E+00  5.76060937E-03
 1.18265252E+00 -1.91754220E-03
 1.17995879E+00 -8.11283737E-03
 1.17516777E+00 -1.03364111E-02
 1.16762242E+00 -7.50362207E-03
 1.15952782E+00 -7.64960355E-04
 1.15402950E+00  6.24366250E-03
 1.15360460E+00  1.13560850E-02
 1.15999972E+00  1.40329189E-02
 1.17056516E+00  1.40674306E-02
 1.17927707E+00  1.26544106E-02
 1.18240255E+00  1.01460639E-02
 1.17867762E+00  5.91935514E-03
 1.17026893E+00  1.10215325E-03
 1.16318026E+00 -2.64411092E-03
 1.16058135E+00 -3.92441318E-03
 1.16228007E+00 -1.47091255E-03
 1.16685354E+00  3.45522393E-03
 1.17029865E+00  7.67260094E-03
 1.17074078E+00  9.31608367E-03
 1.16944915E+00  7.76585153E-03
 1.16731798E+00  4.23958508E-03
 1.16617591E+00  2.01889506E-03
 1.16694414E+00  2.65241778E-03
 1.16837659E+00  5.66808990E-03
 1.16993036E+00  9.71230073E-03
 1.17110221E+00  1.19144792E-02
 1.17141270E+00  1.08208881E-02
 1.17144254E+00  7.19087158E-03
 1.17139219E+00  2.38746740E-03
 1.17118128E+00 -1.09912757E-03
 1.17096956E+00 -1.63476573E-03
 1.17061941E+00  5.66454345E-04
 1.17015845E+00  4.68668175E-03
 1.16988001E+00  8.91116319E-03
 1.16994590E+00  1.17842185E-02
 1.17054011E+00  1.28435453E-02
 1.17175617E+00  1.13969823E-02
 1.17348146E+00  7.34851540E-03
 1.17559282E+00  1.45911753E-03
 1.17788319E+00 -4.29080015E-03
 1.17997928E+00 -4.48187274E-03
 1.18145629E+00  4.48226353E-03
 1.18188487E+00  1.24810279E-02
 1.18092521E+00  6.30415904E-03
 1.17855027E+00 -4.17881358E-03
 1.17506365E+00 -1.33372110E-03
 1.17096412E+00  7.32431031E-03
 1.16706763E+00  7.90027516E-03
 1.16463199E+00  5.98374855E-03
 1.16496702E+00  8.21373706E-03
 1.16879138E+00  9.90375674E-03
 1.17564775E+00  8.41997607E-03
 1.18295155E+00  6.08210346E-03
 1.18671366E+00  3.60118826E-03
 1.18424705E+00  4.98568029E-04
 1.17512601E+00 -2.67627166E-03
 1.16244903E+00 -4.78125111E-03
 1.15234852E+00 -4.81980600E-03
 1.14892122E+00 -2.21529815E-03
 1.15324133E+00  2.88586267E-03
 1.16330356E+00  8.82807445E-03
 1.17356222E+00  1.28884998E-02
 1.18059170E+00  1.31835508E-02
 1.18380184E+00  9.25342046E-03
 1.18310024E+00  2.84730057E-03
 1.18041561E+00 -2.32675349E-03
 1.17648656E+00 -3.91454537E-03
 1.17046295E+00 -1.49304674E-03
 1.16407409E+00  3.56163695E-03
 1.15982987E+00  7.78662943E-03
 1.15975491E+00  9.27587544E-03
 1.16559770E+00  8.24925817E-03
 1.17510257E+00  5.60440001E-03
 1.18298313E+00  3.64435911E-03
 1.18599073E+00  3.49559481E-03
 1.18289507E+00  4.42343521E-03
 1.17558024E+00  5.89622935E-03
 1.16939823E+00  6.86940778E-03
 1.16714149E+00  6.80311217E-03
 1.16866474E+00  6.40813004E-03
 1.17269839E+00  5.98075599E-03
 1.17563035E+00  5.77496133E-03
 1.17576803E+00  6.02981876E-03
 1.17421434E+00  6.37304030E-03
 1.17175795E+00  6.66766714E-03
 1.17005798E+00  6.95977669E-03
 1.16996521E+00  7.16159236E-03
 1.17041306E+00  7.37066139E-03
 1.17098563E+00  7.61107269E-03
 1.17130812E+00  7.76407952E-03
 1.17103331E+00  7.79224716E-03
 1.17075085E+00  7.63738488E-03
 1.17066889E+00  7.25496322E-03
 1.17070310E+00  6.68128712E-03
 1.17095934E+00  5.94412295E-03
 1.17123766E+00  5.09113638E-03
 1.17143160E+00  4.22473199E-03
 1.17163949E+00  3.46059773E-03
 1.17183216E+00  2.92246796E-03
 1.17202377E+00  2.72294619E-03
 1.17223920E+00  2.90601487E-03
 1.17241883E+00  3.44666900E-03
 1.17254681E+00  4.28755133E-03
 1.17262427E+00  5.31016462E-03
 1.17263808E+00  6.30628071E-03
 1.17260130E+00  7.01971069E-03
 1.17252165E+00  7.18985711E-03
 1.17239650E+00  6.61015315E-03
 1.17223379E+00  5.24928559E-03
 1.17203997E+00  3.26655598E-03
 1.17182201E+00  9.28000417E-04
 1.17159097E+00 -1.32483033E-03
 1.17135016E+00 -2.79816621E-03
 1.17109826E+00 -2.75532788E-03
 1.17083661E+00 -7.49591101E-04
 1.17056783E+00  3.06617756E-03
 1.17030066E+00  7.42169075E-03
 1.17004974E+00  1.02872932E-02
 1.16982442E+00  1.02557848E-02
 1.16962931E+00  6.99874444E-03
 1.16946664E+00  1.87417329E-03
 1.16933355E+00 -2.28191901E-03
 1.16922887E+00 -3.64777589E-03
 1.16915349E+00 -1.85746169E-03
 1.16910370E+00  2.07388281E-03
 1.16907453E+00  5.53364345E-03
 1.16906063E+00  7.06634766E-03
 1.16905578E+00  6.78896486E-03
 1.16905872E+00  5.28911521E-03
 1.16907200E+00  4.18847300E-03
 1.16909591E+00  4.21794821E-03
 1.16912921E+00  4.72527159E-03
 1.16916765E+00  5.27510105E-03
 1.16920335E+00  5.11482670E-03
 1.16923176E+00  3.90264777E-03
 1.16925155E+00  2.29377403E-03
 1.16926180E+00  7.16454331E-04
