# x =
 2.30191539E+01
# y =
 3.25097170E+00
 VARIABLES = u,v
 1.17800797E+00  6.75446527E-04
 1.18064624E+00  2.53896214E-04
 1.17710448E+00  8.56396311E-04
 1.16948820E+00  2.52792891E-03
 1.16309244E+00  5.05871286E-03
 1.16083281E+00  8.09626179E-03
 1.16237714E+00  1.10535462E-02
 1.16635263E+00  1.30049572E-02
 1.16923601E+00  1.29630074E-02
 1.16930648E+00  1.03177804E-02
 1.16769297E+00  5.24510349E-03
 1.16522322E+00 -6.08409535E-04
 1.16351821E+00 -4.59009398E-03
 1.16342734E+00 -4.85029983E-03
 1.16388882E+00 -9.31022120E-04
 1.16447775E+00  5.45003071E-03
 1.16483241E+00  1.06617853E-02
 1.16461343E+00  1.23978203E-02
 1.16441163E+00  1.02396127E-02
 1.16444162E+00  5.53257036E-03
 1.16462092E+00  1.66475672E-03
 1.16505656E+00  4.96116597E-04
 1.16555042E+00  1.80217723E-03
 1.16599155E+00  4.69285950E-03
 1.16647048E+00  6.90004929E-03
 1.16695016E+00  7.30900055E-03
 1.16743668E+00  6.63021466E-03
 1.16795084E+00  5.37816789E-03
 1.16843260E+00  4.57426118E-03
 1.16886332E+00  4.75066928E-03
 1.16924017E+00  5.22142408E-03
 1.16954695E+00  5.71671986E-03
 1.16979269E+00  6.01519868E-03
 1.16998335E+00  5.90917181E-03
 1.17011623E+00  5.78399710E-03
 1.17019560E+00  5.78037051E-03
 1.17022287E+00  5.84209447E-03
 1.17020181E+00  6.03340474E-03
 1.17014137E+00  6.21970275E-03
 1.17004650E+00  6.31055873E-03
 1.16992142E+00  6.33879716E-03
 1.16977226E+00  6.25728024E-03
 1.16960657E+00  6.05346703E-03
 1.16944025E+00  5.74603519E-03
 1.16929572E+00  5.32477467E-03
 1.16919242E+00  4.81425997E-03
 1.16914740E+00  4.26433833E-03
 1.16917458E+00  3.73964327E-03
 1.16928190E+00  3.33214038E-03
 1.16947756E+00  3.13485865E-03
 1.16976784E+00  3.22321319E-03
 1.17014951E+00  3.63075206E-03
 1.17061124E+00  4.33954795E-03
 1.17113215E+00  5.30376483E-03
 1.17167890E+00  6.43258496E-03
 1.17220854E+00  7.56630975E-03
 1.17267128E+00  8.50438807E-03
 1.17301563E+00  9.03609720E-03
 1.17319641E+00  8.97855946E-03
 1.17318387E+00  8.25830742E-03
 1.17296862E+00  6.92068837E-03
 1.17256038E+00  5.06972487E-03
 1.17199736E+00  2.91347229E-03
 1.17135879E+00  8.15470779E-04
 1.17075297E+00 -7.75975129E-04
 1.17029230E+00 -1.40360472E-03
 1.17007447E+00 -6.99537319E-04
 1.17014727E+00  1.40986203E-03
 1.17050040E+00  4.67776838E-03
 1.17109844E+00  8.68045499E-03
 1.17185839E+00  1.27011092E-02
 1.17261649E+00  1.55991849E-02
 1.17316224E+00  1.61389997E-02
 1.17327347E+00  1.34988763E-02
 1.17275889E+00  7.75464387E-03
 1.17155697E+00  7.03795086E-04
 1.16974286E+00 -4.63016345E-03
 1.16744862E+00 -6.02305978E-03
 1.16491336E+00 -2.64768635E-03
 1.16253794E+00  4.12130948E-03
 1.16080170E+00  1.08228249E-02
 1.16018522E+00  1.51506418E-02
 1.16105678E+00  1.63121123E-02
 1.16343309E+00  1.44853410E-02
 1.16695035E+00  1.14746078E-02
 1.17101976E+00  8.07580969E-03
 1.17469248E+00  3.95542016E-03
 1.17651614E+00 -1.66926190E-04
 1.17499763E+00 -3.57325475E-03
 1.16937165E+00 -5.26014893E-03
 1.16029478E+00 -3.73869626E-03
 1.15096701E+00  6.08959130E-04
 1.14624632E+00  6.05793617E-03
 1.14937974E+00  1.12482148E-02
 1.16081283E+00  1.46595537E-02
 1.17662486E+00  1.51930766E-02
 1.18916004E+00  1.27511016E-02
 1.19324166E+00  7.08226820E-03
 1.18742062E+00 -1.40250141E-03
 1.17414221E+00 -9.94061607E-03
 1.16031912E+00 -1.47143457E-02
 1.15036262E+00 -1.29023296E-02
 1.14536448E+00 -3.58558023E-03
 1.14600596E+00  9.87009363E-03
 1.15050168E+00  2.07189855E-02
 1.15818488E+00  2.44593325E-02
 1.16969698E+00  1.96455380E-02
 1.18142850E+00  8.52179693E-03
 1.18812154E+00 -2.55368206E-03
 1.18587234E+00 -9.75846010E-03
 1.17243624E+00 -1.24295846E-02
 1.15250955E+00 -1.05900440E-02
 1.13622443E+00 -6.69033122E-03
 1.13011160E+00 -1.71078314E-03
 1.13651321E+00  5.27574116E-03
 1.15207785E+00  1.24311616E-02
 1.16705377E+00  1.72067209E-02
 1.17586125E+00  1.75063826E-02
 1.17786720E+00  1.13953170E-02
 1.17378641E+00  1.31370668E-03
 1.16823545E+00 -7.04263493E-03
 1.16312084E+00 -1.01523622E-02
 1.15668268E+00 -6.59600004E-03
 1.15015594E+00  1.61513726E-03
 1.14498390E+00  8.66133454E-03
 1.14274619E+00  1.14228296E-02
 1.14620270E+00  9.81187192E-03
 1.15353847E+00  4.83051022E-03
 1.15980387E+00  2.13395507E-05
 1.16216083E+00 -2.85597577E-03
 1.15914101E+00 -4.53621330E-03
 1.15264842E+00 -4.60612950E-03
 1.14824898E+00 -3.12803082E-03
 1.14861651E+00 -1.18299454E-05
 1.15344460E+00  5.65793674E-03
 1.16098021E+00  1.22205736E-02
 1.16676581E+00  1.65151434E-02
 1.16841896E+00  1.65464605E-02
 1.16655172E+00  1.12623413E-02
 1.16182642E+00  2.47982975E-03
 1.15629812E+00 -5.31298042E-03
 1.15139543E+00 -9.34381641E-03
 1.14694448E+00 -8.74948658E-03
 1.14404452E+00 -4.44716741E-03
 1.14397016E+00  1.97350456E-04
 1.14749293E+00  3.39626506E-03
 1.15518968E+00  5.28913600E-03
 1.16496415E+00  5.89477453E-03
 1.17276380E+00  6.25789727E-03
 1.17569722E+00  6.56948740E-03
 1.17224490E+00  5.73086369E-03
 1.16365684E+00  4.10722291E-03
 1.15407513E+00  2.55953025E-03
 1.14633860E+00  1.72528675E-03
 1.14193180E+00  2.50383976E-03
 1.14199514E+00  4.23087640E-03
 1.14597841E+00  5.00455267E-03
 1.15378572E+00  3.92116886E-03
 1.16529906E+00  8.22520946E-04
 1.17678757E+00 -3.43470108E-03
 1.18297409E+00 -6.70798761E-03
 1.18008596E+00 -7.79387601E-03
 1.16675736E+00 -6.57763532E-03
 1.14806588E+00 -3.28254929E-03
 1.13406490E+00  9.43374558E-04
 1.13113452E+00  5.23200138E-03
 1.14079206E+00  9.19918472E-03
 1.15826267E+00  1.16854953E-02
 1.17229284E+00  1.15029974E-02
 1.17640314E+00  7.92833038E-03
 1.17043699E+00  9.04246489E-04
 1.15792729E+00 -7.34279421E-03
 1.14784141E+00 -1.30424026E-02
 1.14492305E+00 -1.36320028E-02
 1.14769304E+00 -8.34813344E-03
 1.15393589E+00  4.63980670E-04
 1.15845888E+00  7.67434660E-03
 1.15862106E+00  1.00877339E-02
 1.15659857E+00  7.14384817E-03
 1.15370104E+00  7.43673210E-04
 1.15201145E+00 -4.31494605E-03
 1.15275468E+00 -5.42527290E-03
 1.15423021E+00 -2.95359565E-03
 1.15568081E+00  1.76527339E-03
 1.15663372E+00  5.41850554E-03
 1.15650280E+00  6.31922714E-03
 1.15601691E+00  5.37829778E-03
 1.15546719E+00  3.28727384E-03
 1.15471273E+00  1.51941880E-03
 1.15393858E+00  8.85874947E-04
 1.15297993E+00  5.27969377E-04
 1.15183274E+00  2.54352124E-04
 1.15082297E+00 -1.75892898E-05
 1.15011670E+00 -3.48470933E-04
 1.14990541E+00 -1.09627303E-05
 1.15030341E+00  1.21458555E-03
 1.15120254E+00  3.09410519E-03
 1.15249094E+00  5.46270608E-03
 1.15397754E+00  7.71049275E-03
 1.15530078E+00  9.05798856E-03
 1.15605410E+00  8.86843150E-03
 1.15583529E+00  6.68567962E-03
 1.15434303E+00  2.69513223E-03
 1.15160788E+00 -1.78888527E-03
 1.14801222E+00 -4.76939916E-03
 1.14415316E+00 -4.84256626E-03
 1.14097020E+00 -1.68331446E-03
 1.13987733E+00  3.31492559E-03
 1.14227575E+00  7.29204881E-03
 1.14871129E+00  8.41184070E-03
 1.15813941E+00  6.31347922E-03
 1.16676958E+00  2.07217462E-03
 1.16915553E+00 -1.58606229E-03
 1.16198349E+00 -3.05992569E-03
 1.14560596E+00 -2.27217731E-03
 1.12603961E+00  4.48951134E-04
 1.11374549E+00  3.67380011E-03
 1.11538166E+00  6.54762314E-03
 1.13160967E+00  9.08213383E-03
 1.15579976E+00  1.02641412E-02
 1.17441664E+00  9.00773815E-03
 1.17903862E+00  4.71015274E-03
 1.16885850E+00 -2.69898568E-03
 1.14918369E+00 -1.07115760E-02
 1.13261900E+00 -1.51219977E-02
 1.12656363E+00 -1.33092460E-02
 1.13071449E+00 -4.81684936E-03
 1.14225323E+00  7.15187390E-03
 1.15320117E+00  1.61711135E-02
 1.15903831E+00  1.82320205E-02
 1.16089990E+00  1.27405232E-02
 1.15793618E+00  2.59591308E-03
 1.15096195E+00 -5.50565677E-03
 1.14179234E+00 -7.68368155E-03
 1.13252939E+00 -4.07740841E-03
 1.13404304E+00  3.02350742E-03
 1.15431419E+00  8.18442427E-03
 1.17233129E+00  8.50911708E-03
 1.16121457E+00  5.01354863E-03
 1.14086354E+00 -6.16386787E-04
 1.14626059E+00 -4.78887857E-03
 1.16151882E+00 -5.48776380E-03
 1.15821476E+00 -3.73466366E-03
 1.14852962E+00 -2.98961533E-04
 1.14770488E+00  3.28504501E-03
 1.14748001E+00  5.92328979E-03
 1.14351407E+00  8.13201583E-03
 1.14183037E+00  9.51971981E-03
 1.14454340E+00  9.46075814E-03
 1.15028048E+00  7.67067762E-03
 1.15815175E+00  3.67246850E-03
 1.16530683E+00 -1.46294396E-03
 1.16697439E+00 -5.47711794E-03
 1.16020584E+00 -6.83692591E-03
 1.14530366E+00 -4.69961591E-03
 1.12742964E+00  2.11571063E-04
 1.11556222E+00  5.50678472E-03
 1.11554470E+00  9.58030189E-03
 1.12825509E+00  1.16226662E-02
 1.14853725E+00  1.11197811E-02
 1.16538081E+00  8.59334299E-03
 1.17178185E+00  4.24988368E-03
 1.16661812E+00 -1.79125739E-03
 1.15302742E+00 -7.56545533E-03
 1.13976805E+00 -1.04082143E-02
 1.13191101E+00 -8.41957371E-03
 1.12926394E+00 -9.41021994E-04
 1.13143791E+00  9.17454954E-03
 1.13529964E+00  1.64343186E-02
 1.13970033E+00  1.73380261E-02
 1.14674663E+00  1.10517000E-02
 1.15509164E+00  3.77687892E-04
 1.16228704E+00 -8.23436573E-03
 1.16616298E+00 -1.09812513E-02
 1.16369659E+00 -7.58031438E-03
 1.15589751E+00 -1.05749657E-05
 1.14708872E+00  6.55004360E-03
 1.13992825E+00  9.30094723E-03
 1.13643624E+00  8.88309019E-03
 1.13740311E+00  6.33013569E-03
 1.14117325E+00  4.38149752E-03
 1.14736888E+00  4.28056432E-03
 1.15609545E+00  4.58204230E-03
 1.16478871E+00  4.52176761E-03
 1.17026415E+00  3.08052931E-03
 1.16983202E+00 -1.03038274E-04
 1.16178048E+00 -3.47762002E-03
 1.14915183E+00 -5.73426744E-03
 1.13846695E+00 -5.68510869E-03
 1.13393792E+00 -2.52283769E-03
 1.13714711E+00  2.93975643E-03
 1.14585710E+00  8.63321278E-03
 1.15366517E+00  1.17638677E-02
 1.15714044E+00  1.03678652E-02
 1.15632536E+00  4.44515910E-03
 1.15245054E+00 -3.37824646E-03
 1.14944076E+00 -8.45564353E-03
 1.14897808E+00 -7.87363908E-03
 1.14954929E+00 -1.51694774E-03
 1.15043418E+00  7.62404762E-03
 1.15021055E+00  1.36321543E-02
 1.14829029E+00  1.31130491E-02
 1.14619628E+00  6.42517912E-03
 1.14438638E+00 -3.16288187E-03
 1.14301724E+00 -9.18675511E-03
 1.14269678E+00 -8.09496669E-03
 1.14350682E+00 -9.02648093E-04
 1.14646124E+00  8.55950129E-03
 1.15296129E+00  1.32371625E-02
 1.16244931E+00  9.19325864E-03
 1.17201500E+00 -2.20991174E-03
 1.17509963E+00 -1.62413129E-02
 1.16362660E+00 -2.45404820E-02
 1.13557467E+00 -2.20803133E-02
 1.09868394E+00 -9.76472157E-03
 1.07497046E+00  7.35671738E-03
 1.08765384E+00  2.39344381E-02
 1.12295506E+00  5.06928752E-02
 1.14933190E+00  9.57863717E-02
 1.17508911E+00  1.14109576E-01
 1.21526193E+00  5.29035532E-02
 1.23582616E+00 -4.62073220E-02
 1.20110309E+00 -1.02593000E-01
 1.13145189E+00 -1.09040910E-01
 1.06478855E+00 -8.53566810E-02
 1.01113042E+00 -3.90377175E-02
 9.81544288E-01  4.45041446E-04
 1.00575036E+00  2.83082243E-02
 1.09132069E+00  6.54176275E-02
 1.19004773E+00  8.04958327E-02
 1.23772678E+00  3.57189471E-02
 1.23018788E+00 -3.21356061E-02
 1.19709747E+00 -6.81106234E-02
 1.14139184E+00 -7.08188943E-02
 1.07379548E+00 -5.46975334E-02
 1.02289537E+00 -2.08671889E-02
 1.00306703E+00  1.56727614E-02
 1.02426651E+00  4.19192342E-02
 1.08883785E+00  5.98291791E-02
 1.17025800E+00  6.12131117E-02
 1.22965496E+00  3.81128184E-02
 1.24877429E+00 -4.27957435E-04
 1.22891100E+00 -4.04979996E-02
 1.18593273E+00 -6.86954450E-02
 1.14773330E+00 -7.29905577E-02
 1.11309619E+00 -5.59034377E-02
 1.06436678E+00 -3.13811211E-02
 1.02940650E+00 -3.79923189E-03
 1.04384272E+00  2.55541187E-02
 1.09011740E+00  4.55507998E-02
 1.13584300E+00  4.78249060E-02
 1.17135907E+00  3.30893289E-02
 1.18852188E+00  6.98909539E-03
 1.18461331E+00 -1.63922369E-02
 1.17438270E+00 -2.16603160E-02
 1.16461779E+00 -1.43153863E-02
 1.15277995E+00 -1.11918422E-02
 1.13894713E+00 -9.81117956E-03
 1.12089927E+00 -1.85867297E-03
 1.10842580E+00  6.36555151E-03
 1.11630773E+00  9.11516494E-03
 1.12891335E+00  5.30891256E-03
 1.12270775E+00 -6.16364543E-03
 1.11286490E+00 -1.37578358E-02
 1.12503936E+00 -2.20158965E-03
 1.15161217E+00  1.75889138E-02
 1.17617089E+00  2.32024086E-02
 1.19416742E+00  1.50034484E-02
 1.19550082E+00  7.34627368E-04
 1.17089175E+00 -2.16153371E-02
 1.12590546E+00 -4.53201390E-02
 1.07903256E+00 -4.92822827E-02
 1.05589593E+00 -2.01734912E-02
 1.07212224E+00  2.06495993E-02
 1.12389445E+00  3.77532669E-02
 1.18097243E+00  3.34334171E-02
 1.20194953E+00  2.66254114E-02
 1.19271586E+00  1.20563837E-02
 1.18554067E+00 -1.21900730E-02
 1.16649769E+00 -3.02939606E-02
 1.11830913E+00 -3.26080741E-02
 1.07765773E+00 -2.13374594E-02
 1.08088189E+00 -3.13668057E-03
 1.11057589E+00  1.35035818E-02
 1.13568583E+00  1.95266718E-02
 1.15868747E+00  1.40077889E-02
 1.18373919E+00  5.02340128E-03
 1.18782161E+00 -1.35774813E-03
 1.15878423E+00 -1.81653285E-03
 1.12619496E+00 -3.78476058E-05
 1.12587501E+00 -4.85505696E-03
 1.14731820E+00 -8.87649761E-03
 1.15967234E+00  4.91137524E-04
 1.15967221E+00  1.16363246E-02
 1.15110047E+00  8.22670166E-03
 1.14172429E+00 -7.73089910E-04
 1.15176542E+00 -1.12579166E-03
 1.16997844E+00  2.78482199E-03
 1.16718122E+00  4.26361342E-03
 1.15399306E+00  5.89779994E-03
 1.15211286E+00  7.98395009E-03
 1.15481783E+00  8.24911555E-03
 1.15480987E+00  7.63285732E-03
 1.15683700E+00  6.89563339E-03
 1.16014484E+00  5.78718638E-03
 1.16152696E+00  4.51679031E-03
 1.16196001E+00  2.96057730E-03
 1.16210123E+00  1.22365797E-03
 1.16202324E+00 -1.55415566E-04
 1.16166808E+00 -8.48946306E-04
 1.16012051E+00 -5.29260242E-04
 1.15724018E+00  9.43913299E-04
 1.15347322E+00  3.32450493E-03
 1.14928730E+00  6.29719416E-03
 1.14586656E+00  9.34490783E-03
 1.14471487E+00  1.15863650E-02
 1.14709039E+00  1.20906354E-02
 1.15356207E+00  1.02182598E-02
 1.16308076E+00  5.97315693E-03
 1.17191261E+00  6.52858638E-04
 1.17481900E+00 -3.50691106E-03
 1.16861636E+00 -4.78785768E-03
 1.15372660E+00 -2.37755728E-03
 1.13618099E+00  3.08812538E-03
 1.12630231E+00  9.47057524E-03
 1.13050398E+00  1.51653223E-02
 1.14902938E+00  1.91472826E-02
 1.17449830E+00  2.02774187E-02
 1.19253823E+00  1.81446265E-02
 1.19431084E+00  1.24286036E-02
 1.17932799E+00  3.37496058E-03
 1.15446037E+00 -5.94240150E-03
 1.13473070E+00 -1.09721822E-02
 1.12915670E+00 -8.59879660E-03
 1.13768345E+00  1.96435532E-03
 1.15571155E+00  1.66136876E-02
 1.17178796E+00  2.73313433E-02
 1.17933810E+00  2.90281633E-02
 1.17959058E+00  2.06900632E-02
 1.17410385E+00  6.16549349E-03
 1.16785690E+00 -5.65854378E-03
 1.16333419E+00 -9.60146568E-03
 1.15809493E+00 -5.55337889E-03
 1.15293973E+00  3.65981000E-03
 1.14926517E+00  1.09479425E-02
 1.14828164E+00  1.25364784E-02
 1.15274807E+00  9.59495089E-03
 1.16097505E+00  3.94010931E-03
 1.16801141E+00 -2.29518146E-04
 1.17102092E+00 -7.59749782E-04
 1.16835684E+00  6.62964032E-04
 1.16159502E+00  2.99857414E-03
 1.15596206E+00  4.54879919E-03
 1.15403088E+00  4.30934759E-03
 1.15576124E+00  3.60154861E-03
 1.16001767E+00  2.96705048E-03
 1.16325643E+00  2.71448094E-03
 1.16386445E+00  3.22745736E-03
 1.16288074E+00  3.83466443E-03
 1.16100182E+00  4.25411846E-03
 1.15980276E+00  4.58640926E-03
 1.16007629E+00  4.69348182E-03
 1.16078576E+00  4.76155738E-03
 1.16154982E+00  4.90500288E-03
 1.16203478E+00  5.01001429E-03
 1.16192754E+00  5.10191135E-03
 1.16180725E+00  5.16313158E-03
 1.16188534E+00  5.15152775E-03
 1.16208459E+00  5.11085673E-03
 1.16250749E+00  5.04937748E-03
 1.16295659E+00  4.96596390E-03
 1.16329374E+00  4.88074862E-03
 1.16355761E+00  4.79497318E-03
 1.16366919E+00  4.71319241E-03
 1.16360168E+00  4.64765734E-03
 1.16337387E+00  4.60600832E-03
 1.16296251E+00  4.59734379E-03
 1.16239114E+00  4.62550720E-03
 1.16171574E+00  4.68409659E-03
 1.16101438E+00  4.75680104E-03
 1.16040479E+00  4.81812088E-03
 1.16000810E+00  4.84378021E-03
 1.15992410E+00  4.81521660E-03
 1.16019397E+00  4.72239095E-03
 1.16078905E+00  4.56806743E-03
 1.16164951E+00  4.36119508E-03
 1.16266137E+00  4.12145415E-03
 1.16362638E+00  3.89113513E-03
 1.16429991E+00  3.72627927E-03
 1.16442357E+00  3.68360423E-03
 1.16377520E+00  3.81121964E-03
 1.16227966E+00  4.12520423E-03
 1.16001789E+00  4.60676582E-03
 1.15714916E+00  5.22442246E-03
 1.15397007E+00  5.92175701E-03
 1.15097560E+00  6.60161953E-03
 1.14876577E+00  7.14518614E-03
 1.14794595E+00  7.42607013E-03
 1.14899384E+00  7.33375122E-03
 1.15198900E+00  6.82856457E-03
 1.15657472E+00  5.94496958E-03
 1.16213885E+00  4.75293766E-03
 1.16765669E+00  3.38610028E-03
 1.17151440E+00  2.06921836E-03
 1.17198150E+00  1.07469495E-03
 1.16797305E+00  6.79634827E-04
 1.15975114E+00  1.10392343E-03
 1.15009488E+00  2.38349960E-03
 1.14351325E+00  4.35395084E-03
 1.14315420E+00  6.73379847E-03
 1.14980475E+00  9.05173463E-03
 1.16056581E+00  1.05669389E-02
 1.16929219E+00  1.04889960E-02
 1.17210411E+00  8.33294278E-03
 1.16833970E+00  4.24703459E-03
 1.16032139E+00 -4.42738097E-04
 1.15382729E+00 -3.60672683E-03
 1.15201823E+00 -3.76609407E-03
 1.15447467E+00 -5.70877265E-04
 1.15959870E+00  4.56650475E-03
 1.16341789E+00  8.68727050E-03
 1.16392406E+00  9.90102940E-03
 1.16224339E+00  7.84666883E-03
 1.15924277E+00  3.60479097E-03
 1.15673068E+00 -7.61675201E-05
 1.15570774E+00 -1.66737769E-03
 1.15514787E+00 -1.30147211E-03
 1.15481403E+00  3.78729672E-04
 1.15458358E+00  1.63489994E-03
 1.15435202E+00  1.66202862E-03
 1.15495856E+00  1.11426294E-03
 1.15662257E+00  4.43085144E-04
 1.15900805E+00  4.58335341E-04
 1.16184107E+00  1.54439753E-03
 1.16428771E+00  3.05225210E-03
 1.16529152E+00  4.59410966E-03
 1.16401351E+00  5.77549592E-03
 1.16002235E+00  6.20441114E-03
 1.15395503E+00  5.99960573E-03
 1.14823228E+00  5.19837546E-03
 1.14625678E+00  3.80715002E-03
 1.15010622E+00  1.99312833E-03
 1.15952453E+00 -1.25101878E-04
 1.17061617E+00 -2.22286962E-03
 1.17671302E+00 -3.78383786E-03
 1.17373123E+00 -4.35170164E-03
 1.16164200E+00 -3.54504712E-03
 1.14540013E+00 -1.28370299E-03
 1.13449799E+00  2.13149887E-03
 1.13472672E+00  6.22695893E-03
 1.14626965E+00  1.02199471E-02
 1.16426774E+00  1.28629900E-02
 1.17837102E+00  1.28338629E-02
 1.18222854E+00  9.31498413E-03
 1.17559983E+00  2.53749472E-03
 1.16154575E+00 -5.29494140E-03
 1.14797120E+00 -1.06319105E-02
 1.13964618E+00 -1.09990413E-02
 1.13634910E+00 -5.78465829E-03
 1.13792481E+00  2.70967775E-03
 1.14195730E+00  9.62068854E-03
 1.14735886E+00  1.18598232E-02
 1.15560058E+00  8.86757459E-03
 1.16459899E+00  2.44757142E-03
 1.17093589E+00 -2.86019735E-03
 1.17205801E+00 -4.56128284E-03
 1.16567493E+00 -2.95191045E-03
 1.15453787E+00  7.80749319E-04
 1.14538430E+00  3.60434979E-03
 1.14228062E+00  4.03122767E-03
 1.14671244E+00  3.01769750E-03
 1.15631909E+00  1.25662096E-03
 1.16435175E+00  1.18118043E-04
 1.16729209E+00  3.14530623E-04
 1.16535058E+00  9.23228870E-04
 1.16011937E+00  1.57412141E-03
 1.15612625E+00  1.95855940E-03
 1.15550857E+00  1.78693862E-03
 1.15689432E+00  1.56706157E-03
 1.15932292E+00  1.48576565E-03
 1.16075889E+00  1.47465052E-03
 1.16017023E+00  1.63162390E-03
 1.15892196E+00  1.79630543E-03
 1.15755324E+00  1.88073701E-03
 1.15653681E+00  1.96961743E-03
 1.15631552E+00  2.03965041E-03
 1.15616356E+00  2.10565122E-03
 1.15583310E+00  2.20083756E-03
 1.15544642E+00  2.29312047E-03
 1.15487632E+00  2.38182233E-03
 1.15436560E+00  2.47546509E-03
 1.15403754E+00  2.56550679E-03
 1.15375225E+00  2.65810119E-03
 1.15352848E+00  2.75721048E-03
 1.15333339E+00  2.85987051E-03
 1.15311491E+00  2.96598208E-03
 1.15292723E+00  3.07206762E-03
 1.15277905E+00  3.17238123E-03
 1.15266975E+00  3.26102074E-03
 1.15263938E+00  3.32966544E-03
 1.15271390E+00  3.36913103E-03
 1.15292212E+00  3.37082218E-03
 1.15329574E+00  3.32816460E-03
 1.15383296E+00  3.24030115E-03
 1.15450764E+00  3.11285172E-03
 1.15528812E+00  2.95640891E-03
 1.15612499E+00  2.78888979E-03
 1.15694570E+00  2.63788527E-03
 1.15766690E+00  2.53694309E-03
 1.15819794E+00  2.51961198E-03
 1.15845708E+00  2.61361699E-03
 1.15840905E+00  2.83039032E-03
 1.15806576E+00  3.16233890E-03
 1.15746414E+00  3.58987225E-03
 1.15668474E+00  4.07425492E-03
 1.15586638E+00  4.54817400E-03
 1.15518201E+00  4.92643188E-03
 1.15481725E+00  5.12050520E-03
 1.15493391E+00  5.05343413E-03
 1.15559554E+00  4.69051363E-03
 1.15676039E+00  4.04419145E-03
 1.15833192E+00  3.15035313E-03
 1.16011779E+00  2.08640592E-03
 1.16178610E+00  9.93735543E-04
 1.16293178E+00  5.14741706E-05
 1.16315308E+00 -5.50860383E-04
 1.16214730E+00 -6.48592226E-04
 1.15990218E+00 -1.78964070E-04
 1.15672523E+00  8.11635767E-04
 1.15311314E+00  2.22634243E-03
 1.14986411E+00  3.87654286E-03
 1.14820770E+00  5.43599944E-03
 1.14940368E+00  6.50851131E-03
 1.15406756E+00  6.69837347E-03
 1.16157306E+00  5.70425897E-03
 1.16908621E+00  3.51331600E-03
 1.17234155E+00  4.27592208E-04
 1.16849927E+00 -3.06600632E-03
 1.15719721E+00 -6.18409766E-03
 1.14192840E+00 -7.72276561E-03
 1.12949586E+00 -6.44621108E-03
 1.12459414E+00 -1.73491866E-03
 1.12872535E+00  5.83416481E-03
 1.14005465E+00  1.35484967E-02
 1.15280028E+00  1.73272049E-02
 1.16309026E+00  1.45164926E-02
 1.16949560E+00  4.92814745E-03
 1.17024767E+00 -7.79715546E-03
 1.16538474E+00 -1.68529388E-02
 1.15472123E+00 -1.78382930E-02
 1.13822962E+00 -1.00167707E-02
 1.12159354E+00  3.27085367E-03
 1.11325059E+00  1.44828351E-02
 1.11866277E+00  1.90191108E-02
 1.13891559E+00  1.64826447E-02
 1.16500691E+00  8.89846852E-03
 1.18057736E+00  1.86214603E-03
 1.17717429E+00 -1.58841649E-03
 1.15747288E+00 -2.17775639E-03
 1.13864020E+00 -5.70092330E-04
 1.14223493E+00  9.71236184E-04
 1.15267506E+00  1.52666834E-03
 1.13907043E+00  2.68682690E-03
 1.12179523E+00  4.33758751E-03
 1.13420324E+00  5.95530685E-03
 1.15642347E+00  7.08262553E-03
 1.16023693E+00  6.29857844E-03
 1.15813473E+00  3.95245641E-03
 1.16491120E+00  1.76590901E-03
 1.16958557E+00  5.43628303E-04
 1.16344866E+00  8.23829144E-04
 1.15364782E+00  2.28151589E-03
 1.14668595E+00  3.37704339E-03
 1.14369916E+00  3.50230546E-03
 1.14653242E+00  2.85522713E-03
 1.15389249E+00  1.65690308E-03
 1.15988810E+00  7.11390234E-04
 1.16157784E+00  3.50808997E-04
 1.15905508E+00  1.83113164E-04
 1.15365685E+00  9.71928221E-05
 1.14937886E+00 -9.29027513E-05
 1.14808457E+00 -4.98868582E-04
 1.14869174E+00 -8.28295757E-04
 1.15045093E+00 -9.87242860E-04
 1.15159800E+00 -9.92473995E-04
 1.15123243E+00 -7.94453251E-04
 1.15046156E+00 -4.97248266E-04
 1.14962041E+00 -1.72694303E-04
 1.14896921E+00  1.81192706E-04
 1.14873371E+00  5.04889797E-04
 1.14816112E+00  7.66588603E-04
 1.14698509E+00  9.67341114E-04
 1.14533761E+00  1.10048071E-03
 1.14318169E+00  1.18662238E-03
 1.14087425E+00  1.27074896E-03
 1.13879161E+00  1.41859125E-03
 1.13715799E+00  1.71512054E-03
 1.13634716E+00  2.23815935E-03
 1.13663636E+00  3.03004242E-03
 1.13809009E+00  4.05081728E-03
 1.14065077E+00  5.16727450E-03
 1.14412177E+00  6.18465989E-03
 1.14811943E+00  6.81726392E-03
 1.15202418E+00  6.65445440E-03
 1.15505996E+00  5.30247103E-03
 1.15643809E+00  2.63854139E-03
 1.15552958E+00 -9.74036575E-04
 1.15219732E+00 -4.35651784E-03
 1.14684890E+00 -5.84790264E-03
 1.14020235E+00 -4.44493115E-03
 1.13348068E+00 -2.83038254E-04
 1.12863366E+00  4.74142009E-03
 1.12780390E+00  7.37676667E-03
 1.13250161E+00  5.58316718E-03
 1.14281744E+00 -7.49586430E-04
 1.15607300E+00 -9.32460850E-03
 1.16754384E+00 -1.56189681E-02
 1.17358693E+00 -1.67818675E-02
 1.17247364E+00 -1.24780298E-02
 1.16551627E+00 -4.53701890E-03
 1.15709232E+00  2.71758656E-03
 1.15008352E+00  6.69333503E-03
 1.14562667E+00  7.36086876E-03
 1.14442623E+00  5.65862059E-03
 1.14540121E+00  4.26234929E-03
 1.14827810E+00  4.34849690E-03
 1.15330283E+00  4.74672605E-03
 1.15733009E+00  4.31204829E-03
 1.15603160E+00  1.37562189E-03
 1.14679053E+00 -4.14524923E-03
 1.12948004E+00 -9.41807614E-03
 1.11079976E+00 -1.02081396E-02
 1.10227536E+00 -1.93917992E-03
 1.11064870E+00  1.59646118E-02
 1.13602554E+00  3.68487553E-02
 1.16925008E+00  4.48083796E-02
 1.19259724E+00  2.45447912E-02
 1.19445652E+00 -1.18909437E-02
 1.17218933E+00 -3.68824072E-02
 1.13127172E+00 -4.54966732E-02
 1.08790261E+00 -4.20192926E-02
 1.05589161E+00 -2.18960777E-02
 1.04577768E+00  9.79579494E-03
 1.07328490E+00  3.80852159E-02
 1.13992505E+00  5.05662637E-02
 1.20686847E+00  4.03599297E-02
 1.22497854E+00  1.06108058E-02
 1.20066445E+00 -1.96304825E-02
 1.16942988E+00 -2.74240573E-02
 1.13022299E+00 -1.88555068E-02
 1.08059078E+00 -1.47170744E-02
 1.04650617E+00 -4.69782066E-03
 1.04507431E+00  2.49667858E-02
 1.07583112E+00  4.82479057E-02
 1.12990709E+00  3.76723553E-02
 1.17925614E+00  1.00242282E-02
 1.19168158E+00 -6.16102815E-03
 1.17694702E+00 -1.30381160E-02
 1.16719896E+00 -1.92369943E-02
 1.15577260E+00 -2.00282110E-02
 1.12685752E+00 -1.66805098E-02
 1.09955227E+00 -1.22457016E-02
 1.09219517E+00 -3.05208601E-03
 1.10135177E+00  9.42768009E-03
 1.12112308E+00  2.01549483E-02
 1.14230474E+00  2.56500129E-02
 1.15134215E+00  2.21889176E-02
 1.15275442E+00  1.15213230E-02
 1.16152345E+00  4.79290669E-04
 1.17093713E+00 -7.13358266E-03
 1.16739389E+00 -9.57255023E-03
 1.15535639E+00 -7.22008143E-03
 1.14156822E+00 -4.21717254E-03
 1.12756246E+00 -2.02647260E-03
 1.11865124E+00  4.27600021E-04
 1.11717706E+00  2.68369077E-03
 1.12016600E+00  4.96464598E-03
 1.12753126E+00  6.62792609E-03
 1.13940002E+00  5.52248198E-03
 1.15257344E+00  2.29498096E-03
 1.16375606E+00 -8.67798791E-04
 1.16911461E+00 -2.72652862E-03
 1.16514599E+00 -2.10550997E-03
 1.15403632E+00  4.53651831E-04
 1.14188719E+00  2.54684313E-03
 1.13274026E+00  3.23765266E-03
 1.12907350E+00  2.66730739E-03
 1.13080448E+00  1.17805695E-03
 1.13430925E+00  1.33349090E-04
 1.13847130E+00  3.48351499E-05
 1.14411654E+00  2.54977734E-04
 1.15005571E+00  6.24606543E-04
 1.15538278E+00  8.07325804E-04
 1.15846336E+00  6.22488020E-04
 1.15667886E+00  5.55093946E-04
 1.15108934E+00  7.40896012E-04
 1.14507470E+00  1.13624255E-03
 1.14069621E+00  1.80487156E-03
 1.13948466E+00  2.54664751E-03
 1.14097320E+00  3.20097748E-03
 1.14233018E+00  3.71958752E-03
 1.14268522E+00  3.95501952E-03
 1.14276443E+00  3.81569389E-03
 1.14317669E+00  3.29070408E-03
 1.14546241E+00  2.38699136E-03
 1.14977956E+00  1.17177776E-03
 1.15426503E+00 -2.20635150E-04
 1.15710004E+00 -1.57768337E-03
 1.15616430E+00 -2.62563227E-03
 1.15025480E+00 -3.08818769E-03
 1.14052367E+00 -2.74876265E-03
 1.13021206E+00 -1.56709867E-03
 1.12403713E+00  2.99463941E-04
 1.12535626E+00  2.58145037E-03
 1.13454234E+00  4.82756377E-03
 1.14798785E+00  6.32385275E-03
 1.15873454E+00  6.30721439E-03
 1.16208995E+00  4.30529498E-03
 1.15696220E+00  4.51506780E-04
 1.14582980E+00 -3.98708349E-03
 1.13518594E+00 -6.96790100E-03
 1.12904634E+00 -7.06843777E-03
 1.12805140E+00 -3.94022469E-03
 1.13216393E+00  1.08740530E-03
 1.13888524E+00  5.20961466E-03
 1.14689167E+00  6.64340861E-03
 1.15644225E+00  5.06237277E-03
 1.16445737E+00  1.50067280E-03
 1.16691022E+00 -1.43166426E-03
 1.16104372E+00 -2.30184065E-03
 1.14562002E+00 -1.28328793E-03
 1.12591400E+00  9.38785024E-04
 1.11196919E+00  2.61796821E-03
 1.11024797E+00  2.89808506E-03
 1.12267628E+00  2.33107827E-03
 1.14423039E+00  1.31792132E-03
 1.16295349E+00  6.50021607E-04
 1.17151458E+00  7.40675740E-04
 1.16856695E+00  1.06197505E-03
 1.15673012E+00  1.40358589E-03
 1.14453633E+00  1.59027478E-03
 1.13656766E+00  1.45823390E-03
 1.13204919E+00  1.30344581E-03
 1.13094492E+00  1.23841788E-03
 1.13099894E+00  1.22962931E-03
 1.13176424E+00  1.33804683E-03
 1.13598011E+00  1.47436486E-03
 1.14241352E+00  1.58942184E-03
 1.14818282E+00  1.73146388E-03
 1.15118269E+00  1.88634943E-03
 1.14881984E+00  2.06173821E-03
 1.14247227E+00  2.27454512E-03
 1.13692073E+00  2.50335123E-03
 1.13458996E+00  2.74347324E-03
 1.13628189E+00  2.99406775E-03
 1.14093121E+00  3.24455989E-03
 1.14465382E+00  3.49266995E-03
 1.14578813E+00  3.73426967E-03
 1.14505662E+00  3.96120832E-03
 1.14312167E+00  4.16657063E-03
 1.14191749E+00  4.34170111E-03
 1.14228346E+00  4.47882562E-03
 1.14313001E+00  4.57291610E-03
 1.14406316E+00  4.62117989E-03
 1.14457502E+00  4.62362305E-03
 1.14429696E+00  4.58068978E-03
 1.14389528E+00  4.49286881E-03
 1.14358395E+00  4.36168130E-03
 1.14330698E+00  4.18901074E-03
 1.14320351E+00  3.97871923E-03
 1.14306068E+00  3.73666580E-03
 1.14278204E+00  3.46861264E-03
 1.14248846E+00  3.18093577E-03
 1.14215985E+00  2.88089719E-03
 1.14183407E+00  2.57628045E-03
 1.14157091E+00  2.27688129E-03
 1.14134502E+00  1.99367574E-03
 1.14117109E+00  1.73608349E-03
 1.14107017E+00  1.51161446E-03
 1.14103400E+00  1.32495103E-03
 1.14106735E+00  1.17764279E-03
 1.14117127E+00  1.07106441E-03
 1.14133848E+00  1.00664065E-03
 1.14156716E+00  9.85234907E-04
 1.14185414E+00  1.00784102E-03
 1.14219065E+00  1.07333936E-03
 1.14256641E+00  1.17857603E-03
 1.14297217E+00  1.32065457E-03
 1.14339818E+00  1.49599568E-03
 1.14383384E+00  1.70027844E-03
 1.14426754E+00  1.92865082E-03
 1.14468240E+00  2.17356767E-03
 1.14505830E+00  2.42583363E-03
 1.14537914E+00  2.67782920E-03
 1.14563326E+00  2.92376308E-03
 1.14581492E+00  3.16081446E-03
 1.14592542E+00  3.38936812E-03
 1.14596564E+00  3.60916108E-03
 1.14593579E+00  3.81899640E-03
 1.14583806E+00  4.01750228E-03
 1.14567441E+00  4.20203407E-03
 1.14545039E+00  4.37108197E-03
 1.14517499E+00  4.52399017E-03
 1.14485486E+00  4.65788590E-03
 1.14449635E+00  4.76902811E-03
 1.14410734E+00  4.85375948E-03
 1.14369666E+00  4.90861878E-03
 1.14327845E+00  4.93342700E-03
 1.14287050E+00  4.93052476E-03
 1.14248664E+00  4.90053968E-03
 1.14213644E+00  4.84276082E-03
 1.14182421E+00  4.75501350E-03
 1.14154783E+00  4.63302288E-03
 1.14130599E+00  4.47443513E-03
 1.14109862E+00  4.27889658E-03
 1.14092395E+00  4.04581888E-03
 1.14078082E+00  3.77613818E-03
 1.14066548E+00  3.47198076E-03
 1.14057173E+00  3.13685222E-03
 1.14049671E+00  2.77898633E-03
 1.14043895E+00  2.41016097E-03
 1.14039587E+00  2.04240865E-03
 1.14036423E+00  1.68772983E-03
 1.14033583E+00  1.35586838E-03
 1.14029884E+00  1.05374047E-03
 1.14024541E+00  7.89433400E-04
 1.14017172E+00  5.71088388E-04
 1.14007823E+00  4.04430667E-04
 1.13997095E+00  2.94119870E-04
 1.13985454E+00  2.42381156E-04
 1.13973185E+00  2.49279282E-04
 1.13960732E+00  3.16648545E-04
 1.13948430E+00  4.46444210E-04
 1.13936701E+00  6.36906179E-04
 1.13926022E+00  8.82961345E-04
 1.13916355E+00  1.17482365E-03
 1.13907354E+00  1.49776384E-03
 1.13898809E+00  1.83695080E-03
 1.13890671E+00  2.17741623E-03
 1.13883509E+00  2.50245300E-03
 1.13878502E+00  2.79585370E-03
 1.13876672E+00  3.04127062E-03
 1.13879010E+00  3.22317444E-03
 1.13886700E+00  3.33133168E-03
 1.13900790E+00  3.36004548E-03
 1.13922386E+00  3.30570977E-03
 1.13952422E+00  3.16748812E-03
 1.13990800E+00  2.94565252E-03
 1.14036476E+00  2.64250960E-03
 1.14087786E+00  2.26861621E-03
 1.14142098E+00  1.84324626E-03
 1.14195793E+00  1.39381931E-03
 1.14244667E+00  9.55655153E-04
 1.14284262E+00  5.64435017E-04
 1.14310601E+00  2.53158282E-04
 1.14321450E+00  5.15349788E-05
 1.14316559E+00 -1.87195185E-05
 1.14297091E+00  5.62122236E-05
 1.14266467E+00  2.77799917E-04
 1.14231286E+00  6.25091761E-04
 1.14200237E+00  1.05982599E-03
 1.14182498E+00  1.53940636E-03
 1.14186066E+00  2.02301484E-03
 1.14214466E+00  2.48600649E-03
 1.14266282E+00  2.92200808E-03
 1.14337905E+00  3.32296500E-03
 1.14421658E+00  3.68659422E-03
 1.14503410E+00  4.02972714E-03
 1.14565282E+00  4.37734845E-03
 1.14588101E+00  4.76172623E-03
 1.14554965E+00  5.21275355E-03
 1.14459353E+00  5.72499598E-03
 1.14306913E+00  6.25741075E-03
 1.14111906E+00  6.75093940E-03
 1.13903323E+00  7.10991291E-03
 1.13731812E+00  7.18728055E-03
 1.13657765E+00  6.82506996E-03
 1.13729992E+00  5.91787647E-03
 1.13968174E+00  4.47278385E-03
 1.14332943E+00  2.70902269E-03
 1.14731591E+00  1.01532101E-03
 1.15070703E+00 -2.63084475E-04
 1.15258733E+00 -8.69225928E-04
 1.15207386E+00 -6.92266221E-04
 1.14869426E+00  1.80145232E-04
 1.14243907E+00  1.66318575E-03
 1.13426711E+00  3.61698611E-03
 1.12714771E+00  5.64757068E-03
 1.12509603E+00  7.20256596E-03
 1.13071474E+00  7.58417275E-03
 1.14404803E+00  5.97168025E-03
 1.16062883E+00  1.67328053E-03
 1.17208504E+00 -5.38851053E-03
 1.17139681E+00 -1.38277673E-02
 1.15372530E+00 -1.98938828E-02
 1.11674282E+00 -1.63562290E-02
 1.07090943E+00  1.73572031E-03
 1.05354292E+00  2.37528498E-02
 1.09933026E+00  3.26033819E-02
 1.17225605E+00  3.00038783E-02
 1.20380250E+00  2.39331315E-02
 1.19597013E+00  3.58172670E-03
 1.17885404E+00 -3.71843858E-02
 1.14419218E+00 -6.83268143E-02
 1.09486345E+00 -5.61289812E-02
 1.05657839E+00 -1.69019705E-02
 1.04361805E+00  1.27658132E-02
 1.06529656E+00  3.15308337E-02
 1.12157246E+00  4.49036461E-02
 1.17859196E+00  3.97981855E-02
 1.19494496E+00  1.49732971E-02
 1.18435977E+00 -1.30370711E-02
 1.18225366E+00 -2.96470689E-02
 1.16131788E+00 -3.36890811E-02
 1.09046552E+00 -3.03571694E-02
 1.03025979E+00 -1.59355776E-02
 1.05072880E+00  1.03751503E-02
 1.11380921E+00  3.03971553E-02
 1.14931206E+00  2.68239345E-02
 1.16580279E+00  1.04513214E-02
 1.18543146E+00  2.72327773E-03
 1.18731168E+00  2.40909739E-03
 1.16635192E+00  8.35341182E-04
 1.14441604E+00  5.65235416E-04
 1.13336101E+00  7.02852292E-04
 1.12650456E+00 -9.13147144E-04
 1.11495359E+00 -1.62701533E-04
 1.11235242E+00  3.54566169E-03
 1.13480697E+00  7.99217682E-03
 1.16119253E+00  1.21199106E-02
 1.16335177E+00  1.35521898E-02
 1.15468850E+00  1.18166469E-02
 1.15905549E+00  8.85150827E-03
 1.16672128E+00  5.14164429E-03
 1.16294395E+00  1.09536094E-03
 1.15367375E+00 -2.10338552E-03
 1.14356735E+00 -3.90389881E-03
 1.13174744E+00 -3.37538545E-03
 1.12298357E+00  3.35191342E-04
 1.12040275E+00  5.79300940E-03
 1.12298754E+00  1.03038952E-02
 1.13122406E+00  1.19867332E-02
 1.14435863E+00  9.81694851E-03
 1.15817787E+00  4.75961900E-03
 1.16770394E+00 -2.57461153E-04
 1.16859176E+00 -3.55528267E-03
 1.15879298E+00 -4.71340727E-03
 1.14276379E+00 -3.75809493E-03
 1.12963701E+00 -1.95939162E-03
 1.12532015E+00  2.11613465E-04
 1.13159264E+00  3.18638369E-03
 1.14490718E+00  6.21463644E-03
 1.15601864E+00  8.33785256E-03
 1.15997594E+00  8.70649157E-03
 1.15711064E+00  6.42013912E-03
 1.14974131E+00  2.44643370E-03
 1.14414436E+00 -8.99528878E-04
 1.14331520E+00 -2.20206599E-03
 1.14535909E+00 -8.50316178E-04
 1.14892340E+00  2.34384646E-03
 1.15118634E+00  4.99985557E-03
 1.15071640E+00  5.89905471E-03
 1.14941312E+00  5.10175350E-03
 1.14801926E+00  3.16735360E-03
 1.14716883E+00  1.71093266E-03
 1.14745327E+00  1.48474338E-03
 1.14783760E+00  2.00530209E-03
 1.14796236E+00  2.94264997E-03
 1.14799656E+00  3.58207838E-03
 1.14775829E+00  3.56225383E-03
 1.14758182E+00  3.36576754E-03
 1.14764277E+00  3.17576895E-03
 1.14775096E+00  3.14697551E-03
 1.14794190E+00  3.42536928E-03
 1.14817957E+00  3.74461906E-03
 1.14838366E+00  4.00383967E-03
 1.14860816E+00  4.23317188E-03
 1.14884198E+00  4.37576753E-03
 1.14905394E+00  4.50790504E-03
 1.14926299E+00  4.67371583E-03
 1.14946853E+00  4.83201768E-03
 1.14967092E+00  4.99613737E-03
 1.14988180E+00  5.15893056E-03
 1.15009526E+00  5.30025074E-03
 1.15029966E+00  5.42977835E-03
 1.15049477E+00  5.54401215E-03
 1.15068486E+00  5.63702706E-03
 1.15087596E+00  5.71148276E-03
 1.15107963E+00  5.76432907E-03
 1.15130328E+00  5.79240735E-03
 1.15154948E+00  5.79491907E-03
 1.15182551E+00  5.77324415E-03
 1.15213763E+00  5.73223710E-03
 1.15248578E+00  5.67732039E-03
 1.15286342E+00  5.61409419E-03
 1.15324851E+00  5.54679163E-03
 1.15360656E+00  5.47758607E-03
 1.15390625E+00  5.41008105E-03
 1.15412233E+00  5.34793775E-03
 1.15424144E+00  5.29213004E-03
 1.15426676E+00  5.24160022E-03
 1.15420511E+00  5.19141300E-03
 1.15407212E+00  5.13148066E-03
 1.15390564E+00  5.04775749E-03
 1.15375596E+00  4.92324951E-03
 1.15367755E+00  4.74132680E-03
 1.15372098E+00  4.48945365E-03
 1.15390712E+00  4.16317060E-03
 1.15422680E+00  3.76816719E-03
 1.15466312E+00  3.31830148E-03
 1.15517982E+00  2.83934201E-03
 1.15570997E+00  2.37474716E-03
 1.15617141E+00  1.97952956E-03
 1.15647203E+00  1.70930926E-03
 1.15652897E+00  1.61132152E-03
 1.15631543E+00  1.70702800E-03
 1.15585996E+00  1.98815196E-03
 1.15521413E+00  2.43094350E-03
 1.15447394E+00  2.98513947E-03
 1.15379649E+00  3.55876022E-03
 1.15336403E+00  4.03503645E-03
 1.15335070E+00  4.29182671E-03
 1.15386956E+00  4.22390902E-03
 1.15486832E+00  3.79165282E-03
 1.15611396E+00  3.02671194E-03
 1.15725376E+00  1.99480688E-03
 1.15775365E+00  8.22633092E-04
 1.15683236E+00 -2.71072408E-04
 1.15375846E+00 -1.01891161E-03
 1.14838928E+00 -1.15114104E-03
 1.14162357E+00 -4.55333116E-04
 1.13608787E+00  1.09939261E-03
 1.13539884E+00  3.34555184E-03
 1.14168823E+00  6.00250296E-03
 1.15452787E+00  8.60515836E-03
 1.16954123E+00  1.04238706E-02
 1.17928129E+00  1.06776992E-02
 1.17880672E+00  8.87438526E-03
 1.16723496E+00  5.12570562E-03
 1.14879599E+00  6.75931558E-04
 1.13265156E+00 -2.45055897E-03
 1.12484213E+00 -2.83367004E-03
 1.12681161E+00 -1.02458459E-04
 1.13664927E+00  4.47294639E-03
 1.14783233E+00  8.17491790E-03
 1.15658962E+00  9.29961225E-03
 1.16286944E+00  7.57753126E-03
 1.16578867E+00  4.05968848E-03
 1.16605172E+00  1.32649608E-03
 1.16326344E+00  7.76912985E-04
 1.15534952E+00  2.19163532E-03
 1.14465603E+00  4.80021376E-03
 1.13579076E+00  6.75487617E-03
 1.13219271E+00  7.08314841E-03
 1.13664093E+00  6.22416104E-03
 1.14725658E+00  4.53675363E-03
 1.15793113E+00  2.84113329E-03
 1.16506329E+00  1.61744060E-03
 1.16712032E+00  4.76502052E-04
 1.16414546E+00 -5.61142367E-04
 1.15927936E+00 -1.39141344E-03
 1.15378251E+00 -1.89902113E-03
 1.14721693E+00 -1.57717946E-03
 1.14153615E+00 -2.97125580E-04
 1.13880266E+00  1.71123051E-03
 1.14090300E+00  4.18793104E-03
 1.14957574E+00  6.52491518E-03
 1.16192367E+00  7.87006921E-03
 1.17186260E+00  7.43884674E-03
 1.17537407E+00  4.77516084E-03
 1.17051274E+00  2.13953295E-04
 1.15924014E+00 -4.51170666E-03
 1.14773456E+00 -6.81206419E-03
 1.13969757E+00 -4.99670900E-03
 1.13624580E+00  1.05095616E-03
 1.13791451E+00  8.98823929E-03
 1.14275093E+00  1.44739988E-02
 1.14994292E+00  1.47919306E-02
 1.15980803E+00  9.68506999E-03
 1.16902930E+00  1.65004525E-03
 1.17314012E+00 -4.08789019E-03
 1.16904759E+00 -4.44185412E-03
 1.15547486E+00  5.53370591E-04
 1.13783737E+00  8.67049340E-03
 1.12643361E+00  1.49587860E-02
 1.12753200E+00  1.65432853E-02
 1.14220313E+00  1.37394795E-02
 1.16401951E+00  7.97193426E-03
 1.17936798E+00  2.70067218E-03
 1.18030225E+00 -3.41418731E-05
 1.16661352E+00 -6.80465134E-04
 1.14430630E+00  5.17880637E-04
 1.12687901E+00  2.46712700E-03
 1.12224906E+00  4.51826574E-03
 1.13000991E+00  7.20866738E-03
 1.14637047E+00  9.57352103E-03
 1.16171549E+00  1.00812862E-02
 1.17037453E+00  7.80694317E-03
 1.17331413E+00  2.20017043E-03
 1.17106934E+00 -4.82260227E-03
 1.16663599E+00 -9.46642155E-03
 1.16148860E+00 -9.43871802E-03
 1.15363760E+00 -4.23150568E-03
 1.14502374E+00  3.94198995E-03
 1.13909216E+00  1.01962986E-02
 1.13832628E+00  1.16483066E-02
 1.14527878E+00  8.09132590E-03
 1.15720503E+00  1.44655936E-03
 1.16711797E+00 -3.72364939E-03
 1.17085997E+00 -4.85208090E-03
 1.16683097E+00 -2.28126183E-03
 1.15740718E+00  2.58895559E-03
 1.14955655E+00  6.44769193E-03
 1.14688195E+00  7.50313184E-03
 1.14916298E+00  6.50410651E-03
 1.15476334E+00  4.30453818E-03
 1.15899823E+00  2.70011781E-03
 1.15965879E+00  2.66464972E-03
 1.15815513E+00  3.36716171E-03
 1.15547272E+00  4.32653318E-03
 1.15371630E+00  4.87085538E-03
 1.15396087E+00  4.56798812E-03
 1.15481763E+00  4.01505847E-03
 1.15575878E+00  3.46870488E-03
 1.15632983E+00  3.04018169E-03
 1.15610770E+00  2.90197646E-03
 1.15587061E+00  2.78470703E-03
 1.15589504E+00  2.58366908E-03
 1.15606410E+00  2.37612246E-03
 1.15650830E+00  2.12620507E-03
 1.15696154E+00  1.92183819E-03
 1.15725675E+00  1.81636571E-03
 1.15748193E+00  1.75377756E-03
 1.15756052E+00  1.73820150E-03
 1.15747933E+00  1.76041558E-03
 1.15727741E+00  1.79659227E-03
 1.15692169E+00  1.86002203E-03
 1.15644323E+00  1.94525651E-03
 1.15591403E+00  2.03830822E-03
 1.15541570E+00  2.14068118E-03
 1.15507331E+00  2.24914707E-03
 1.15501280E+00  2.36027766E-03
 1.15533204E+00  2.47353721E-03
 1.15607433E+00  2.57907696E-03
 1.15721188E+00  2.66231046E-03
 1.15867533E+00  2.71439396E-03
 1.16033152E+00  2.73015213E-03
 1.16194961E+00  2.70854211E-03
 1.16324041E+00  2.65467650E-03
 1.16390338E+00  2.57160954E-03
 1.16368095E+00  2.46052326E-03
 1.16247278E+00  2.32638646E-03
 1.16035087E+00  2.17459247E-03
 1.15747479E+00  2.01156831E-03
 1.15415650E+00  1.84506866E-03
 1.15093632E+00  1.67774307E-03
 1.14847843E+00  1.50879992E-03
 1.14745352E+00  1.33929624E-03
 1.14839365E+00  1.17147317E-03
 1.15139285E+00  1.01133913E-03
 1.15606425E+00  8.68786003E-04
 1.16174799E+00  7.50071607E-04
 1.16733774E+00  6.58102615E-04
 1.17108202E+00  5.94628113E-04
 1.17110697E+00  5.58235910E-04
 1.16625217E+00  5.48461364E-04
 1.15684210E+00  5.66115478E-04
 1.14597947E+00  6.08740084E-04
 1.13866962E+00  6.72710450E-04
 1.13840105E+00  7.54374266E-04
 1.14603486E+00  8.49603519E-04
 1.15832904E+00  9.57489127E-04
 1.16843137E+00  1.07958178E-03
 1.17199119E+00  1.21549743E-03
 1.16822162E+00  1.36316910E-03
 1.15965914E+00  1.51789895E-03
 1.15268967E+00  1.67154475E-03
 1.15081203E+00  1.81669050E-03
 1.15358445E+00  1.94611555E-03
 1.15930057E+00  2.05013769E-03
 1.16364887E+00  2.11989894E-03
 1.16449558E+00  2.15004998E-03
 1.16315896E+00  2.14144216E-03
 1.16060532E+00  2.10818508E-03
 1.15877676E+00  2.07092104E-03
 1.15870082E+00  2.03669077E-03
 1.15911996E+00  1.99061406E-03
 1.15958296E+00  1.88349627E-03
 1.15974154E+00  1.65388857E-03
 1.15927798E+00  1.30421101E-03
 1.15898633E+00  9.36219269E-04
 1.15916352E+00  7.90718278E-04
 1.15969657E+00  1.17357196E-03
 1.16067755E+00  2.19143754E-03
 1.16178524E+00  3.62618091E-03
 1.16272829E+00  4.79827014E-03
 1.16341516E+00  4.74824683E-03
 1.16359379E+00  3.00138557E-03
 1.16309826E+00 -1.14430236E-04
 1.16190434E+00 -3.15420312E-03
 1.16002301E+00 -3.93437120E-03
 1.15757371E+00 -1.42203686E-03
 1.15480088E+00  3.55731679E-03
 1.15209408E+00  7.73724977E-03
 1.14995562E+00  6.39709034E-03
 1.14889015E+00 -1.94209551E-03
 1.14929153E+00 -1.36170582E-02
 1.15123569E+00 -1.82713672E-02
 1.15444084E+00 -5.86508823E-03
 1.15842385E+00  1.22873902E-02
 1.16237593E+00  1.49598332E-02
 1.16501383E+00  5.51558763E-03
 1.16496550E+00 -1.59970824E-03
 1.16138240E+00 -3.41606592E-03
 1.15450668E+00  2.37899234E-03
 1.14662541E+00  1.02257006E-02
 1.14142393E+00  5.48286778E-03
 1.14146765E+00 -5.84250597E-03
 1.14738360E+00 -7.83108987E-03
 1.15677003E+00 -5.36088433E-03
 1.16456134E+00 -6.98110082E-03
 1.16753411E+00 -7.26068982E-03
 1.16509105E+00 -2.37077735E-03
 1.15908799E+00  3.66067955E-03
 1.15422312E+00  7.99289836E-03
 1.15307129E+00  1.03068331E-02
 1.15531126E+00  9.86200788E-03
 1.15970195E+00  6.90164620E-03
 1.16309062E+00  3.39584861E-03
 1.16393022E+00  6.10214649E-04
 1.16321286E+00 -1.06952675E-03
 1.16165602E+00 -1.48343246E-03
 1.16067945E+00 -1.22537454E-03
 1.16102394E+00 -3.64124394E-04
 1.16173576E+00  1.55374792E-03
 1.16243594E+00  3.97657711E-03
 1.16281187E+00  6.02779374E-03
 1.16257095E+00  6.91533028E-03
 1.16224900E+00  5.84388893E-03
 1.16205321E+00  3.35959832E-03
 1.16192780E+00  1.04488720E-03
 1.16198716E+00 -1.97367718E-04
 1.16207438E+00 -3.12378982E-06
 1.16210125E+00  1.26624902E-03
 1.16215237E+00  2.29439625E-03
 1.16220083E+00  2.53553883E-03
 1.16226010E+00  2.25048695E-03
 1.16236279E+00  1.71029732E-03
 1.16247556E+00  1.63301325E-03
 1.16259422E+00  2.29923653E-03
 1.16272131E+00  3.27087380E-03
 1.16284421E+00  4.30826534E-03
 1.16296595E+00  5.08578575E-03
 1.16308751E+00  5.33903760E-03
 1.16320345E+00  5.20401225E-03
 1.16330707E+00  4.70980787E-03
 1.16338624E+00  3.86306237E-03
 1.16343183E+00  2.77459903E-03
 1.16344025E+00  1.48438084E-03
 1.16341319E+00  1.75990599E-04
 1.16335912E+00 -8.33675210E-04
 1.16328471E+00 -1.27832649E-03
 1.16319443E+00 -9.26875332E-04
 1.16309463E+00  2.75121758E-04
 1.16299038E+00  2.14850945E-03
 1.16288830E+00  4.41885727E-03
 1.16279631E+00  6.63128064E-03
 1.16271656E+00  8.05396004E-03
 1.16264777E+00  7.91279003E-03
 1.16258951E+00  5.72997085E-03
 1.16254175E+00  1.64328600E-03
 1.16250944E+00 -3.04780672E-03
 1.16250199E+00 -6.25132048E-03
 1.16252489E+00 -6.50923561E-03
 1.16258052E+00 -3.45930097E-03
 1.16266974E+00  1.54738107E-03
 1.16278980E+00  5.65239410E-03
 1.16293954E+00  7.04056090E-03
 1.16311927E+00  5.38314105E-03
 1.16332529E+00  1.73881211E-03
 1.16355245E+00 -1.22620260E-03
 1.16379557E+00 -2.04866513E-03
 1.16404882E+00 -9.06405756E-04
 1.16431007E+00  1.49967520E-03
 1.16458012E+00  3.38447398E-03
 1.16485777E+00  3.86981969E-03
 1.16514051E+00  3.51332293E-03
 1.16542420E+00  2.71682744E-03
 1.16570222E+00  2.27935821E-03
 1.16596993E+00  2.61420936E-03
 1.16622458E+00  3.17480862E-03
 1.16646266E+00  3.74014122E-03
 1.16668148E+00  4.12656238E-03
 1.16687817E+00  4.16186468E-03
 1.16704931E+00  4.14260677E-03
 1.16719409E+00  4.17757696E-03
 1.16731337E+00  4.22616265E-03
 1.16740782E+00  4.34663701E-03
 1.16747859E+00  4.44679535E-03
 1.16752602E+00  4.47751665E-03
 1.16754957E+00  4.49174780E-03
 1.16755013E+00  4.47938184E-03
 1.16752970E+00  4.45266603E-03
 1.16749050E+00  4.43473892E-03
 1.16743557E+00  4.40982110E-03
 1.16736728E+00  4.37898534E-03
 1.16728707E+00  4.34643808E-03
 1.16719650E+00  4.30301466E-03
 1.16709681E+00  4.24558747E-03
 1.16698914E+00  4.17020594E-03
 1.16687508E+00  4.07072411E-03
 1.16675606E+00  3.94654635E-03
 1.16663360E+00  3.80004541E-03
 1.16650936E+00  3.63452398E-03
 1.16638517E+00  3.45716004E-03
 1.16626351E+00  3.28115189E-03
 1.16614743E+00  3.12332280E-03
 1.16604011E+00  3.00069069E-03
 1.16594479E+00  2.92747443E-03
 1.16586432E+00  2.90841450E-03
 1.16580134E+00  2.93799542E-03
 1.16575944E+00  3.00674944E-03
 1.16574331E+00  3.09775382E-03
 1.16575878E+00  3.18210706E-03
 1.16581246E+00  3.22449356E-03
 1.16590960E+00  3.18743724E-03
 1.16605319E+00  3.03819442E-03
 1.16624350E+00  2.76475743E-03
 1.16647687E+00  2.37701418E-03
 1.16674609E+00  1.89578772E-03
 1.16703927E+00  1.36123884E-03
 1.16733718E+00  8.41184595E-04
 1.16761574E+00  4.19208487E-04
 1.16785118E+00  1.83320492E-04
 1.16802338E+00  2.09067351E-04
 1.16812194E+00  5.24101602E-04
 1.16814851E+00  1.10457415E-03
 1.16811171E+00  1.89991823E-03
 1.16803181E+00  2.81333933E-03
 1.16794753E+00  3.68070417E-03
 1.16790881E+00  4.30225637E-03
 1.16796688E+00  4.47867594E-03
 1.16816477E+00  4.05630301E-03
 1.16851738E+00  3.01818688E-03
 1.16900800E+00  1.49823393E-03
 1.16960398E+00 -2.79978718E-04
 1.17024474E+00 -1.94935923E-03
 1.17082679E+00 -2.93735917E-03
 1.17122181E+00 -2.63944747E-03
 1.17129642E+00 -7.05720221E-04
 1.17093641E+00  2.70136009E-03
 1.17009864E+00  6.48300087E-03
 1.16881718E+00  8.90941994E-03
 1.16716462E+00  8.79222042E-03
 1.16528098E+00  5.88423869E-03
 1.16340652E+00  1.40526028E-03
 1.16183951E+00 -2.15163588E-03
 1.16089415E+00 -3.17135370E-03
 1.16084258E+00 -1.31837980E-03
 1.16179039E+00  2.48453834E-03
 1.16366415E+00  5.86427949E-03
 1.16630164E+00  7.38431226E-03
 1.16938401E+00  6.87583922E-03
 1.17236163E+00  4.46624617E-03
 1.17456293E+00  1.22591704E-03
 1.17531240E+00 -2.17559030E-03
 1.17408386E+00 -5.64093173E-03
 1.17081399E+00 -7.90499418E-03
 1.16594694E+00 -7.44682028E-03
 1.16022232E+00 -3.32959928E-03
 1.15485726E+00  4.62203838E-03
 1.15175214E+00  1.38965536E-02
 1.15290841E+00  2.00757091E-02
 1.15947617E+00  2.02460429E-02
 1.17088929E+00  1.35661807E-02
 1.18343935E+00  2.47439791E-03
 1.19130857E+00 -7.44215833E-03
 1.19051123E+00 -1.25369620E-02
 1.18024278E+00 -1.17652379E-02
 1.16465943E+00 -6.06070306E-03
 1.15222518E+00  8.01463264E-04
 1.14847149E+00  6.69180835E-03
 1.15464720E+00  1.15667118E-02
 1.16778345E+00  1.46016343E-02
 1.18005004E+00  1.57666286E-02
 1.18679982E+00  1.44877545E-02
 1.18768158E+00  9.39906045E-03
 1.18336903E+00  2.15000511E-03
 1.17754760E+00 -3.93947381E-03
 1.17198857E+00 -6.47619684E-03
 1.16567467E+00 -3.76499658E-03
 1.16026910E+00  2.83787759E-03
 1.15778387E+00  9.13910106E-03
 1.15991017E+00  1.27410690E-02
 1.16859304E+00  1.28878571E-02
 1.18104588E+00  9.94443744E-03
 1.19110816E+00  6.38094712E-03
 1.19476195E+00  3.27468374E-03
 1.18992984E+00  2.28583721E-04
 1.17844800E+00 -1.95609118E-03
 1.16645629E+00 -2.68626962E-03
 1.15759678E+00 -1.25286704E-03
 1.15298374E+00  3.41505848E-03
 1.15319488E+00  9.91973189E-03
 1.15637163E+00  1.52774421E-02
 1.16196129E+00  1.74883741E-02
 1.17074960E+00  1.53397239E-02
 1.18017523E+00  9.67102432E-03
 1.18657535E+00  3.50119152E-03
 1.18706659E+00 -1.39516964E-03
 1.17958866E+00 -4.39605892E-03
 1.16724893E+00 -5.12586607E-03
 1.15711965E+00 -4.40116183E-03
 1.15359081E+00 -2.30883801E-03
 1.15817426E+00  1.77488448E-03
 1.16833957E+00  6.86166353E-03
 1.17703484E+00  1.14126533E-02
 1.18051886E+00  1.41096510E-02
 1.17895985E+00  1.37598275E-02
 1.17393539E+00  1.12924464E-02
 1.17003697E+00  9.24942883E-03
 1.16938446E+00  8.92302263E-03
 1.17047084E+00  1.04047570E-02
 1.17233557E+00  1.21902703E-02
 1.17299661E+00  1.11224953E-02
 1.17147390E+00  5.98900680E-03
 1.16922523E+00 -1.92689308E-03
 1.16673428E+00 -9.52593224E-03
 1.16435795E+00 -1.18940921E-02
 1.16268572E+00 -6.47475249E-03
 1.16144854E+00  5.34862230E-03
 1.16129865E+00  1.85098806E-02
 1.16346393E+00  2.49854023E-02
 1.16819865E+00  2.05067165E-02
 1.17497595E+00  7.31674764E-03
 1.18153761E+00 -4.96738122E-03
 1.18432103E+00 -4.72016315E-03
 1.18140258E+00  1.54674346E-03
 1.17333085E+00 -1.13932403E-03
 1.16419004E+00 -4.69950055E-03
 1.16041996E+00  4.14098279E-03
 1.16430579E+00  1.38068426E-02
 1.17160976E+00  1.04082775E-02
 1.16962316E+00  2.48790851E-03
 1.14815742E+00  1.87463757E-03
 1.13124383E+00  5.79032745E-03
 1.15235649E+00  9.63283882E-03
 1.18675750E+00  1.36593759E-02
 1.18988334E+00  1.49845212E-02
 1.17744586E+00  1.07331581E-02
 1.17968725E+00  2.41412791E-03
 1.18297975E+00 -6.79716614E-03
 1.17364242E+00 -1.25458258E-02
 1.16393273E+00 -1.18209991E-02
 1.16101156E+00 -4.74529814E-03
 1.16013818E+00  6.02285452E-03
 1.15944308E+00  1.54006604E-02
 1.16131527E+00  1.98396035E-02
 1.16661320E+00  1.86910048E-02
 1.17325831E+00  1.32937317E-02
 1.17884140E+00  7.44954829E-03
 1.18133797E+00  3.39744454E-03
 1.17898925E+00  1.03571186E-03
 1.17308867E+00  3.15185849E-04
 1.16742532E+00  1.03167797E-04
 1.16416298E+00  1.93871648E-04
 1.16402188E+00  1.83064240E-03
 1.16624555E+00  4.47877522E-03
 1.16797778E+00  6.92691569E-03
 1.16810728E+00  8.23386257E-03
 1.16744578E+00  7.20390360E-03
 1.16668103E+00  4.59951606E-03
 1.16736423E+00  2.75124780E-03
 1.17005232E+00  2.75516032E-03
 1.17356915E+00  4.76559801E-03
 1.17708031E+00  7.69789681E-03
 1.17953314E+00  8.95974063E-03
 1.17999910E+00  7.39043439E-03
 1.17854476E+00  3.56394903E-03
 1.17526721E+00 -1.04636347E-03
 1.17049210E+00 -3.68151677E-03
 1.16495917E+00 -2.74863912E-03
 1.15952636E+00  1.34772623E-03
 1.15575477E+00  7.06457961E-03
 1.15549976E+00  1.14893675E-02
 1.15982634E+00  1.26543310E-02
 1.16845430E+00  1.04380926E-02
 1.17851201E+00  5.79622149E-03
 1.18526950E+00  1.06603738E-03
 1.18545475E+00 -2.19418524E-03
 1.17826857E+00 -3.79384078E-03
 1.16674253E+00 -3.64787972E-03
 1.15731159E+00 -2.40106640E-03
 1.15406020E+00 -3.17903159E-04
 1.15772106E+00  2.94847438E-03
 1.16591106E+00  6.49294001E-03
 1.17263228E+00  8.91553329E-03
 1.17459824E+00  9.13954852E-03
 1.17222675E+00  6.37338249E-03
 1.16712936E+00  1.75805268E-03
 1.16336835E+00 -2.05041797E-03
 1.16295943E+00 -3.41127268E-03
 1.16467275E+00 -1.75897207E-03
 1.16760041E+00  1.95719957E-03
 1.16990766E+00  5.08595325E-03
 1.17061385E+00  6.23377578E-03
 1.17087589E+00  5.49042390E-03
 1.17107868E+00  3.49475630E-03
 1.17150156E+00  2.03301765E-03
 1.17239307E+00  1.94839758E-03
 1.17296209E+00  2.69344764E-03
 1.17290451E+00  3.88000440E-03
 1.17232299E+00  4.69672773E-03
 1.17113651E+00  4.72762848E-03
 1.16966952E+00  4.50453287E-03
 1.16824549E+00  4.23347572E-03
 1.16701627E+00  4.09378683E-03
 1.16629217E+00  4.25303171E-03
 1.16629600E+00  4.41627890E-03
 1.16707723E+00  4.47683647E-03
 1.16861082E+00  4.47499423E-03
 1.17075395E+00  4.35599860E-03
 1.17321393E+00  4.21624078E-03
 1.17551319E+00  4.11073064E-03
 1.17704542E+00  3.99566285E-03
 1.17720172E+00  3.88998899E-03
 1.17551289E+00  3.79050689E-03
 1.17191986E+00  3.68370141E-03
 1.16681858E+00  3.59323966E-03
 1.16086280E+00  3.52294307E-03
 1.15512216E+00  3.46893095E-03
 1.15126490E+00  3.43341928E-03
