# x =
 3.26104680E+01
# y =
 3.25097170E+00
 VARIABLES = u,v
 1.14371805E+00 -2.33231665E-03
 1.14344824E+00 -4.18963738E-03
 1.14334774E+00 -1.74469399E-03
 1.14474463E+00  3.91372398E-03
 1.14953348E+00  9.17697043E-03
 1.15804490E+00  1.20517594E-02
 1.16705791E+00  1.20514367E-02
 1.17347157E+00  9.21311326E-03
 1.17416044E+00  5.19196911E-03
 1.16710393E+00  8.58513665E-04
 1.15388356E+00 -3.75953768E-03
 1.13948593E+00 -6.92849723E-03
 1.13111296E+00 -6.64612544E-03
 1.13394576E+00 -1.66651342E-03
 1.14867598E+00  8.26507778E-03
 1.16984642E+00  1.95935378E-02
 1.18685638E+00  2.61715603E-02
 1.19262685E+00  2.41906962E-02
 1.18556801E+00  1.30367666E-02
 1.16945209E+00 -2.85841992E-03
 1.15407654E+00 -1.45170388E-02
 1.14525169E+00 -1.64361418E-02
 1.14334389E+00 -8.00659280E-03
 1.14736286E+00  6.71487217E-03
 1.15258806E+00  1.84711087E-02
 1.15695104E+00  2.18555333E-02
 1.16226663E+00  1.70438639E-02
 1.16750555E+00  6.99934212E-03
 1.17146290E+00 -1.08036839E-03
 1.17275886E+00 -3.28024892E-03
 1.16869006E+00 -8.46963295E-04
 1.16100025E+00  4.38344557E-03
 1.15446639E+00  8.25506780E-03
 1.15184665E+00  8.62194078E-03
 1.15467287E+00  7.24884397E-03
 1.16116103E+00  5.22470896E-03
 1.16593504E+00  4.23791353E-03
 1.16637999E+00  5.27112790E-03
 1.16265656E+00  6.92132812E-03
 1.15626399E+00  8.52263808E-03
 1.15128920E+00  9.62586386E-03
 1.14982776E+00  9.69706167E-03
 1.15117106E+00  9.28371958E-03
 1.15471079E+00  8.60112692E-03
 1.15866390E+00  7.54444209E-03
 1.16197789E+00  6.28831378E-03
 1.16532311E+00  4.74615288E-03
 1.16840561E+00  3.00621039E-03
 1.17075463E+00  1.45205001E-03
 1.17186337E+00  3.44630328E-04
 1.17048271E+00 -4.58965747E-05
 1.16637620E+00  4.28097773E-04
 1.16027655E+00  1.66872056E-03
 1.15311707E+00  3.54895138E-03
 1.14677006E+00  5.82570878E-03
 1.14390732E+00  8.03733421E-03
 1.14705614E+00  9.64195106E-03
 1.15755508E+00  1.00876826E-02
 1.17413763E+00  8.93941754E-03
 1.19094587E+00  6.17374473E-03
 1.19922659E+00  2.20219201E-03
 1.19309221E+00 -2.31834062E-03
 1.17169852E+00 -6.32650462E-03
 1.14210771E+00 -8.19243673E-03
 1.11811397E+00 -6.23805026E-03
 1.10908350E+00  4.16182805E-04
 1.11771679E+00  1.10735780E-02
 1.13972749E+00  2.21920234E-02
 1.16283427E+00  2.83390664E-02
 1.17933750E+00  2.57688309E-02
 1.18760066E+00  1.36845116E-02
 1.18683409E+00 -4.09215098E-03
 1.18059537E+00 -1.96396431E-02
 1.16987978E+00 -2.73738181E-02
 1.15246152E+00 -2.51484859E-02
 1.13248712E+00 -1.40600669E-02
 1.11652223E+00  5.15097363E-04
 1.11037351E+00  1.50929812E-02
 1.11970387E+00  2.83544298E-02
 1.14198557E+00  3.71962069E-02
 1.16771240E+00  3.93815037E-02
 1.19015260E+00  3.26349898E-02
 1.20391542E+00  1.51925262E-02
 1.20513351E+00 -7.72365603E-03
 1.19450206E+00 -2.64995654E-02
 1.17133302E+00 -3.39991081E-02
 1.13588989E+00 -2.61957524E-02
 1.09767696E+00 -6.51851074E-03
 1.07038280E+00  1.44173501E-02
 1.06511868E+00  2.99628410E-02
 1.08822491E+00  3.75501920E-02
 1.13187244E+00  3.66284217E-02
 1.17637081E+00  3.13473078E-02
 1.20792621E+00  2.28116731E-02
 1.21929954E+00  9.15731410E-03
 1.21007104E+00 -6.80085990E-03
 1.19010840E+00 -2.11197325E-02
 1.16377143E+00 -2.95485916E-02
 1.13078780E+00 -2.69096736E-02
 1.09830399E+00 -1.41814552E-02
 1.07393487E+00  2.98245320E-03
 1.06631790E+00  2.13684333E-02
 1.08466978E+00  3.88566518E-02
 1.12354906E+00  5.53661992E-02
 1.16686319E+00  6.92360632E-02
 1.20214014E+00  6.06379554E-02
 1.21851143E+00  1.10281460E-02
 1.21085095E+00 -4.84452825E-02
 1.18360775E+00 -6.97439185E-02
 1.13887881E+00 -6.31930211E-02
 1.08116097E+00 -5.85560370E-02
 1.02998889E+00 -3.82387661E-02
 1.00929891E+00  1.46590724E-02
 1.03473295E+00  7.06932169E-02
 1.10625065E+00  9.62714156E-02
 1.18684379E+00  8.31322981E-02
 1.22293881E+00  3.49948189E-02
 1.21221459E+00 -2.25110593E-02
 1.18570668E+00 -4.85458665E-02
 1.15279397E+00 -4.42845373E-02
 1.12299199E+00 -3.78082203E-02
 1.10036092E+00 -2.45368531E-02
 1.07186761E+00  3.74116643E-03
 1.05837731E+00  3.26920252E-02
 1.09192290E+00  5.33705496E-02
 1.14841331E+00  6.01578042E-02
 1.18584537E+00  4.53170425E-02
 1.19888554E+00  1.78622369E-02
 1.19309094E+00 -4.15183358E-03
 1.17569678E+00 -1.75405610E-02
 1.16557260E+00 -2.52394317E-02
 1.15350367E+00 -2.19939905E-02
 1.11648236E+00 -7.38237761E-03
 1.08578675E+00  6.77294382E-03
 1.10467930E+00  1.01592341E-02
 1.14957869E+00  7.78739373E-03
 1.17718059E+00  1.01669535E-02
 1.18626362E+00  1.28225808E-02
 1.18291854E+00  7.28098378E-03
 1.16523174E+00 -1.53816746E-03
 1.14700675E+00 -6.82553499E-03
 1.13798309E+00 -6.40114017E-03
 1.13487072E+00  2.56202293E-03
 1.13719722E+00  1.68713406E-02
 1.14225543E+00  2.69489743E-02
 1.14897866E+00  2.77716680E-02
 1.16087293E+00  1.84353289E-02
 1.17280759E+00  1.52143991E-03
 1.17554953E+00 -1.49540054E-02
 1.16412569E+00 -2.59569045E-02
 1.13666330E+00 -3.01309429E-02
 1.10282977E+00 -2.53092698E-02
 1.08179351E+00 -1.20646757E-02
 1.08478691E+00  7.61594188E-03
 1.11335209E+00  2.96751514E-02
 1.15675627E+00  4.03323567E-02
 1.19152414E+00  2.70745831E-02
 1.20310414E+00  2.48960086E-03
 1.18950139E+00 -1.00578844E-02
 1.15760783E+00 -1.10881615E-02
 1.12641025E+00 -1.07456652E-02
 1.10752031E+00 -6.49707542E-03
 1.10170881E+00  2.21788579E-03
 1.10927927E+00  1.42638201E-02
 1.12428742E+00  3.15725099E-02
 1.14360337E+00  4.03429276E-02
 1.16872820E+00  2.27449429E-02
 1.19079401E+00 -9.23310026E-03
 1.19726534E+00 -3.09694801E-02
 1.17982656E+00 -3.86751235E-02
 1.13487511E+00 -3.49423665E-02
 1.07752776E+00 -1.79653126E-02
 1.03705374E+00  5.35816573E-03
 1.03217368E+00  2.76399811E-02
 1.06835562E+00  4.53577751E-02
 1.13174882E+00  4.83253008E-02
 1.18853547E+00  3.00143880E-02
 1.21719186E+00  4.05989277E-03
 1.21197609E+00 -1.09049135E-02
 1.17585517E+00 -2.04671434E-02
 1.12837019E+00 -3.66373989E-02
 1.08366715E+00 -4.11484824E-02
 1.04973830E+00 -1.44467621E-02
 1.05029208E+00  1.96924157E-02
 1.09799140E+00  2.89143066E-02
 1.15878684E+00  2.33407398E-02
 1.18621789E+00  2.34605604E-02
 1.18630276E+00  1.74466402E-02
 1.18755792E+00 -5.53278091E-03
 1.17858272E+00 -2.50964170E-02
 1.14700864E+00 -2.18646491E-02
 1.11493826E+00 -6.12086350E-03
 1.10017324E+00  5.05346500E-03
 1.09699975E+00  1.41376097E-02
 1.09910550E+00  2.60522421E-02
 1.11653717E+00  3.35223091E-02
 1.15536288E+00  3.14475728E-02
 1.18984842E+00  1.91046391E-02
 1.18981591E+00 -3.31406417E-03
 1.16684994E+00 -2.35691265E-02
 1.14780460E+00 -2.57049573E-02
 1.12851454E+00 -1.62930005E-02
 1.10045303E+00 -1.07005629E-02
 1.07662910E+00 -9.20507787E-04
 1.06800196E+00  2.36988851E-02
 1.07935145E+00  4.54442554E-02
 1.11556415E+00  4.42301595E-02
 1.16459037E+00  2.90208105E-02
 1.20104885E+00  1.61365032E-02
 1.20856575E+00  3.78691320E-03
 1.18120814E+00 -1.11986310E-02
 1.13014509E+00 -2.21538243E-02
 1.08414079E+00 -2.53054657E-02
 1.06077309E+00 -1.89354693E-02
 1.06411001E+00 -4.54939919E-04
 1.09080528E+00  2.39532695E-02
 1.12394228E+00  4.19331745E-02
 1.15424163E+00  4.51421291E-02
 1.18202859E+00  2.99412304E-02
 1.19995087E+00  2.44477651E-03
 1.20217970E+00 -2.19116116E-02
 1.18343110E+00 -3.37146840E-02
 1.13847851E+00 -3.05202764E-02
 1.08246639E+00 -1.47494480E-02
 1.04333597E+00  3.33001583E-03
 1.03944619E+00  1.79688809E-02
 1.07811881E+00  2.88493065E-02
 1.14316405E+00  3.22801384E-02
 1.19665377E+00  2.65298392E-02
 1.21570305E+00  1.07656956E-02
 1.19569741E+00 -1.46945441E-02
 1.14754190E+00 -3.65828901E-02
 1.10288110E+00 -3.87711712E-02
 1.07958542E+00 -2.63500485E-02
 1.07749711E+00 -1.31140123E-02
 1.09578238E+00  4.93565801E-03
 1.12254775E+00  3.19105094E-02
 1.15019727E+00  4.80419294E-02
 1.17834707E+00  3.47143820E-02
 1.18865366E+00  6.18953162E-03
 1.16576205E+00 -1.17210658E-02
 1.13058533E+00 -1.48602102E-02
 1.11516400E+00 -7.20771784E-03
 1.12152291E+00  8.64638623E-03
 1.13709093E+00  2.02563370E-02
 1.15517460E+00  1.97626288E-02
 1.16468901E+00  1.02178934E-02
 1.16875684E+00 -4.01505067E-03
 1.18059787E+00 -1.46511744E-02
 1.17544839E+00 -1.69077539E-02
 1.12432516E+00 -1.32526058E-02
 1.06795624E+00 -5.46860862E-03
 1.06319272E+00  3.01958042E-03
 1.08796318E+00  9.58333249E-03
 1.09843638E+00  1.52619246E-02
 1.11605460E+00  1.89714501E-02
 1.16466298E+00  1.89846176E-02
 1.20623594E+00  1.44312512E-02
 1.20336957E+00  4.12562991E-03
 1.17499908E+00 -9.38735181E-03
 1.15139598E+00 -2.05968870E-02
 1.12837944E+00 -2.54997251E-02
 1.09885131E+00 -2.14855537E-02
 1.07483984E+00 -9.27494915E-03
 1.06375105E+00  6.47331374E-03
 1.06921044E+00  2.21194440E-02
 1.09780116E+00  3.44928814E-02
 1.14193240E+00  3.88665340E-02
 1.18284543E+00  3.19143348E-02
 1.20628559E+00  1.23827818E-02
 1.20181799E+00 -1.65168298E-02
 1.16938053E+00 -4.02178931E-02
 1.12218119E+00 -4.25359540E-02
 1.07121272E+00 -2.94746187E-02
 1.02922463E+00 -1.70146933E-02
 1.02122870E+00  6.13943565E-04
 1.06287047E+00  3.12550299E-02
 1.13097042E+00  5.40239018E-02
 1.18423825E+00  4.71085680E-02
 1.21087726E+00  2.26187954E-02
 1.21561080E+00  3.11257756E-03
 1.19692830E+00 -9.87009930E-03
 1.16502005E+00 -1.91949703E-02
 1.13085671E+00 -2.11044653E-02
 1.09557014E+00 -1.84182761E-02
 1.06655832E+00 -1.28902350E-02
 1.05271923E+00 -1.06665222E-03
 1.06176839E+00  1.41702074E-02
 1.09829632E+00  2.69798922E-02
 1.14264838E+00  3.25773311E-02
 1.16633886E+00  2.60645395E-02
 1.17456916E+00  1.00252598E-02
 1.18546969E+00 -6.63409092E-03
 1.18683780E+00 -1.85947098E-02
 1.16354518E+00 -2.29051809E-02
 1.12881233E+00 -1.92263351E-02
 1.10027856E+00 -1.20370743E-02
 1.08701536E+00 -2.94114194E-03
 1.09739666E+00  8.59398285E-03
 1.12556799E+00  1.92386169E-02
 1.15113877E+00  2.54041052E-02
 1.16323546E+00  2.38340298E-02
 1.15972695E+00  1.18339784E-02
 1.14418188E+00 -5.80157071E-03
 1.13046643E+00 -1.92144320E-02
 1.12475678E+00 -2.22754541E-02
 1.12428472E+00 -1.29010010E-02
 1.12953987E+00  3.98032800E-03
 1.13795518E+00  1.65165464E-02
 1.14810010E+00  1.83884100E-02
 1.16183977E+00  1.00285210E-02
 1.17162799E+00 -3.51198844E-03
 1.16650695E+00 -1.11140277E-02
 1.14412425E+00 -7.34359322E-03
 1.11226724E+00  4.85627218E-03
 1.09974585E+00  1.88515253E-02
 1.13624939E+00  2.29173451E-02
 1.19210568E+00  1.03569155E-02
 1.20978404E+00 -1.64683991E-02
 1.19197501E+00 -5.02368215E-02
 1.16464047E+00 -7.72266112E-02
 1.12096022E+00 -8.59265346E-02
 1.06213887E+00 -7.02127629E-02
 1.00476129E+00 -2.46959522E-02
 9.60751093E-01  4.91185852E-02
 9.61979319E-01  1.40066161E-01
 1.03645088E+00  2.22339932E-01
 1.13804431E+00  2.40142231E-01
 1.18491397E+00  1.47038400E-01
 1.15226651E+00 -4.48730423E-03
 1.05764444E+00 -1.13654380E-01
 9.53446718E-01 -1.70410360E-01
 9.21316282E-01 -2.00277514E-01
 9.51151127E-01 -1.73085298E-01
 9.73616406E-01 -8.27923655E-02
 1.01440394E+00  9.73099034E-03
 1.10898072E+00  4.70225844E-02
 1.18703381E+00  2.82290360E-02
 1.18153502E+00 -1.59793378E-02
 1.12917170E+00 -6.06583893E-02
 1.09007928E+00 -7.76793085E-02
 1.05644479E+00 -6.42344241E-02
 1.00989777E+00 -4.94565012E-02
 9.72452369E-01 -3.14586550E-02
 9.59485726E-01  6.29385547E-03
 9.77581605E-01  5.85227101E-02
 1.04062207E+00  1.16116398E-01
 1.13544659E+00  1.43280219E-01
 1.22589196E+00  9.59926449E-02
 1.28377100E+00  1.19742401E-02
 1.28535973E+00 -3.93498605E-02
 1.22109500E+00 -8.22392262E-02
 1.11168124E+00 -1.61201702E-01
 1.00081430E+00 -2.20705393E-01
 9.35074521E-01 -1.97888348E-01
 9.17013155E-01 -1.30827535E-01
 9.16715007E-01 -7.45627399E-02
 9.36594092E-01 -1.28926546E-02
 9.88062858E-01  6.99015232E-02
 1.06359473E+00  1.21033947E-01
 1.15682559E+00  9.48738259E-02
 1.23428966E+00  3.37810648E-02
 1.24898398E+00  2.08424066E-03
 1.21553157E+00 -7.49703041E-03
 1.18007124E+00 -2.29067990E-02
 1.15049356E+00 -3.24119147E-02
 1.12544364E+00 -3.19684241E-02
 1.10938576E+00 -3.71015355E-02
 1.08925294E+00 -4.93451700E-02
 1.06302045E+00 -6.07785614E-02
 1.04482072E+00 -6.36156384E-02
 1.03865202E+00 -5.31062829E-02
 1.04721722E+00 -3.10149654E-02
 1.06933938E+00 -8.03064717E-03
 1.09330017E+00  9.54201246E-04
 1.11343733E+00 -2.41699639E-03
 1.12802965E+00 -5.30903921E-03
 1.13193683E+00 -6.30457978E-03
 1.12461620E+00 -6.95457113E-03
 1.11087752E+00 -7.55712347E-03
 1.09703448E+00 -1.23054914E-02
 1.08994919E+00 -1.38723800E-02
 1.09373165E+00  5.92613233E-04
 1.10412103E+00  2.38717922E-02
 1.11110946E+00  4.11260323E-02
 1.10988980E+00  5.15004413E-02
 1.10112398E+00  5.70359024E-02
 1.09015090E+00  5.67125476E-02
 1.08805006E+00  5.45961922E-02
 1.09995344E+00  5.41378697E-02
 1.12330985E+00  5.42159917E-02
 1.15309689E+00  5.24782239E-02
 1.17955494E+00  4.50569243E-02
 1.19586345E+00  3.08066775E-02
 1.20136806E+00  1.25256813E-02
 1.19673865E+00 -6.42768038E-03
 1.18583223E+00 -2.12875880E-02
 1.17141867E+00 -2.85740796E-02
 1.15319219E+00 -2.82365352E-02
 1.13271811E+00 -2.19983149E-02
 1.11184224E+00 -1.35576650E-02
 1.09356224E+00 -6.00374369E-03
 1.08285861E+00 -3.17387546E-04
 1.08170237E+00  3.67774016E-03
 1.08968140E+00  7.64941313E-03
 1.10594426E+00  1.20279887E-02
 1.12741071E+00  1.55416080E-02
 1.14981895E+00  1.74498336E-02
 1.16888351E+00  1.67902509E-02
 1.17987643E+00  1.36234312E-02
 1.17991955E+00  9.61886818E-03
 1.17135263E+00  5.72421936E-03
 1.16013798E+00  2.63047438E-03
 1.15117128E+00  1.12173526E-03
 1.14761668E+00  1.04356212E-03
 1.14915050E+00  1.83283288E-03
 1.15159694E+00  2.79577752E-03
 1.15342099E+00  3.18038487E-03
 1.15506621E+00  2.88345146E-03
 1.15523597E+00  3.03741033E-03
 1.15350157E+00  5.50257297E-03
 1.14903681E+00  1.12022283E-02
 1.14106021E+00  1.97574204E-02
 1.13491252E+00  2.92468712E-02
 1.13896373E+00  3.62512913E-02
 1.15707727E+00  3.82547447E-02
 1.18745639E+00  3.40674753E-02
 1.21795886E+00  2.33089862E-02
 1.22851963E+00  7.38010446E-03
 1.20750075E+00 -1.14001296E-02
 1.15561494E+00 -2.93111549E-02
 1.08884692E+00 -3.88506819E-02
 1.03734997E+00 -3.18130793E-02
 1.02131822E+00 -5.34234720E-03
 1.04516899E+00  3.43970595E-02
 1.09841659E+00  6.55879886E-02
 1.15339602E+00  6.31802003E-02
 1.19144008E+00  3.47485948E-02
 1.20710946E+00  7.59094616E-03
 1.19774451E+00 -1.21997202E-02
 1.17171556E+00 -2.46379302E-02
 1.13547228E+00 -2.37954576E-02
 1.09404335E+00 -1.34338074E-02
 1.07387797E+00  6.17592511E-03
 1.09919040E+00  3.66897026E-02
 1.15106147E+00  5.61546814E-02
 1.19121104E+00  4.07524347E-02
 1.20807274E+00  6.51416237E-03
 1.20219199E+00 -1.45723120E-02
 1.17411057E+00 -1.99917471E-02
 1.14027911E+00 -1.73608603E-02
 1.11360448E+00 -5.61439136E-03
 1.09710146E+00  7.26993969E-03
 1.10045464E+00  1.45375519E-02
 1.12607993E+00  1.93912430E-02
 1.15724160E+00  2.18357797E-02
 1.17483302E+00  2.15800726E-02
 1.17972925E+00  1.82167203E-02
 1.18166471E+00  8.50882880E-03
 1.17255587E+00 -4.66388343E-03
 1.14556217E+00 -1.44549364E-02
 1.12160679E+00 -1.67956069E-02
 1.12265679E+00 -9.16423521E-03
 1.13733569E+00  5.05617425E-03
 1.14401973E+00  1.66891525E-02
 1.14750238E+00  2.06429806E-02
 1.15810529E+00  1.60596213E-02
 1.16863183E+00  5.70371119E-03
 1.17306176E+00 -2.59350462E-03
 1.17057208E+00 -4.80773001E-03
 1.15764521E+00 -1.86443444E-03
 1.13882291E+00  4.34790857E-03
 1.12603883E+00  8.98501642E-03
 1.12604136E+00  9.62922745E-03
 1.14064286E+00  7.99089006E-03
 1.16382799E+00  5.15652627E-03
 1.18127590E+00  3.14739881E-03
 1.18495009E+00  3.10577860E-03
 1.17463791E+00  3.58954858E-03
 1.15550541E+00  4.06305930E-03
 1.14013939E+00  4.19065799E-03
 1.13554953E+00  3.60134700E-03
 1.14050117E+00  3.12445261E-03
 1.15141735E+00  3.07751246E-03
 1.15978288E+00  3.31343336E-03
 1.16098566E+00  3.92599483E-03
 1.15728784E+00  4.58774089E-03
 1.15092145E+00  5.00949790E-03
 1.14632715E+00  5.13969697E-03
 1.14595168E+00  4.77654823E-03
 1.14753739E+00  3.82988699E-03
 1.14986686E+00  2.38749577E-03
 1.15142732E+00  6.05875904E-04
 1.15120534E+00 -1.19916947E-03
 1.15078741E+00 -2.52704054E-03
 1.15090225E+00 -2.66535491E-03
 1.15181506E+00 -8.98342327E-04
 1.15396402E+00  3.00183172E-03
 1.15663138E+00  8.38058393E-03
 1.15931123E+00  1.31216900E-02
 1.16178713E+00  1.42455144E-02
 1.16340431E+00  9.99162048E-03
 1.16360015E+00  7.00718533E-04
 1.16151319E+00 -1.00572642E-02
 1.15618292E+00 -1.62379281E-02
 1.14772953E+00 -1.40362633E-02
 1.13780985E+00 -3.22578121E-03
 1.13049078E+00  1.19337005E-02
 1.13115972E+00  2.30542735E-02
 1.14258536E+00  2.48417459E-02
 1.16308669E+00  1.66778048E-02
 1.18420712E+00  2.03635366E-03
 1.19265539E+00 -1.08940315E-02
 1.18027427E+00 -1.70433435E-02
 1.14739738E+00 -1.59487872E-02
 1.10585138E+00 -8.75383388E-03
 1.07725896E+00  3.28482362E-05
 1.07540228E+00  7.84695743E-03
 1.10181267E+00  1.51209853E-02
 1.14511363E+00  2.01737237E-02
 1.18075051E+00  2.15298598E-02
 1.19358255E+00  1.78298815E-02
 1.18250973E+00  7.37710060E-03
 1.15533586E+00 -6.50041234E-03
 1.13189163E+00 -1.72136776E-02
 1.12328210E+00 -2.04326248E-02
 1.12749764E+00 -1.41682492E-02
 1.14072306E+00 -1.77634574E-03
 1.15235759E+00  8.33987708E-03
 1.15707164E+00  1.14163642E-02
 1.15889692E+00  6.92693731E-03
 1.15773001E+00 -2.25872314E-03
 1.15401085E+00 -8.72845648E-03
 1.14791752E+00 -8.70693933E-03
 1.13616132E+00 -3.31529651E-03
 1.12257351E+00  5.16563523E-03
 1.11537330E+00  1.15560975E-02
 1.11909267E+00  1.29955604E-02
 1.13586612E+00  1.06967759E-02
 1.16016980E+00  5.62112667E-03
 1.17923108E+00 -7.51524049E-06
 1.18540203E+00 -4.60866796E-03
 1.17684568E+00 -8.74949807E-03
 1.15749832E+00 -1.16233160E-02
 1.13868815E+00 -1.21022729E-02
 1.12725778E+00 -9.54949755E-03
 1.12413312E+00 -3.17467673E-03
 1.12911424E+00  5.37654877E-03
 1.13770460E+00  1.25803620E-02
 1.14768235E+00  1.59236182E-02
 1.16008667E+00  1.38642509E-02
 1.17117287E+00  7.07900997E-03
 1.17605721E+00 -1.27117785E-03
 1.17099700E+00 -9.02091746E-03
 1.15318476E+00 -1.48409080E-02
 1.12846885E+00 -1.71466167E-02
 1.10909823E+00 -1.54379867E-02
 1.10321264E+00 -9.12756445E-03
 1.11449781E+00  1.82928566E-03
 1.13917578E+00  1.36160341E-02
 1.16500980E+00  2.04164844E-02
 1.18364976E+00  1.81985347E-02
 1.19064517E+00  5.70559008E-03
 1.18087091E+00 -1.21562611E-02
 1.15413528E+00 -2.54656996E-02
 1.11302986E+00 -2.79569444E-02
 1.06593225E+00 -1.82433532E-02
 1.04026464E+00 -5.17319231E-04
 1.06221030E+00  1.49173770E-02
 1.11234147E+00  2.19281395E-02
 1.14926645E+00  1.99369786E-02
 1.16944820E+00  1.06914839E-02
 1.18348755E+00  4.34730116E-04
 1.18363377E+00 -7.43496579E-03
 1.16916938E+00 -1.36659103E-02
 1.14187879E+00 -1.70158874E-02
 1.10053209E+00 -1.70668124E-02
 1.07354600E+00 -1.30648684E-02
 1.09495030E+00 -3.04944331E-03
 1.14359592E+00  9.73122563E-03
 1.17477258E+00  1.89424580E-02
 1.18401138E+00  2.04544812E-02
 1.18017363E+00  1.21077778E-02
 1.16194328E+00 -2.48718409E-03
 1.14184949E+00 -1.44343447E-02
 1.12954173E+00 -1.85650444E-02
 1.12067032E+00 -1.38827207E-02
 1.11514628E+00 -3.18454341E-03
 1.11254035E+00  5.76999760E-03
 1.11357919E+00  8.92758567E-03
 1.12395579E+00  7.04518454E-03
 1.14105429E+00  1.88934357E-03
 1.15709997E+00 -1.83968510E-03
 1.16726950E+00 -1.90828883E-03
 1.16709776E+00 -1.59437198E-04
 1.15841207E+00  2.25738914E-03
 1.14967289E+00  3.33032802E-03
 1.14491083E+00  2.00184460E-03
 1.14477718E+00 -1.07566300E-04
 1.14831267E+00 -2.16608303E-03
 1.15052144E+00 -3.46605470E-03
 1.14989658E+00 -3.26190720E-03
 1.14897322E+00 -2.09270101E-03
 1.14892465E+00 -2.26035935E-04
 1.15176701E+00  2.26855975E-03
 1.15799481E+00  4.92807255E-03
 1.16472782E+00  7.46685410E-03
 1.16965673E+00  9.20707644E-03
 1.17053429E+00  9.15041729E-03
 1.16557007E+00  6.79020241E-03
 1.15565565E+00  2.25014269E-03
 1.14385166E+00 -3.09843878E-03
 1.13461008E+00 -6.90679961E-03
 1.13142707E+00 -7.55570972E-03
 1.13517730E+00 -4.62879446E-03
 1.14319889E+00  4.55828320E-04
 1.14989060E+00  4.61818308E-03
 1.15180221E+00  5.92407632E-03
 1.14865778E+00  4.06933749E-03
 1.14287446E+00  2.41883053E-04
 1.13994739E+00 -2.63475025E-03
 1.14270443E+00 -2.97512109E-03
 1.15026736E+00 -1.02821846E-03
 1.16043616E+00  2.33208906E-03
 1.16863340E+00  5.00870255E-03
 1.17212006E+00  5.89375609E-03
 1.17133422E+00  5.47246690E-03
 1.16690133E+00  4.12599555E-03
 1.16080475E+00  2.74687343E-03
 1.15452935E+00  1.83736466E-03
 1.14802618E+00  9.08891947E-04
 1.14257109E+00 -6.80858306E-05
 1.13967548E+00 -1.02013925E-03
 1.14032372E+00 -1.83463359E-03
 1.14517152E+00 -1.90775098E-03
 1.15186223E+00 -9.83498311E-04
 1.15598277E+00  8.84444941E-04
 1.15485995E+00  3.70275868E-03
 1.14808481E+00  7.20788181E-03
 1.13938181E+00  1.10193534E-02
 1.13598177E+00  1.46922737E-02
 1.14182370E+00  1.73940429E-02
 1.15632381E+00  1.79615725E-02
 1.17404914E+00  1.49450117E-02
 1.18463099E+00  7.02416517E-03
 1.18133671E+00 -5.84176382E-03
 1.16292249E+00 -2.15796983E-02
 1.13210518E+00 -3.49707957E-02
 1.09786138E+00 -3.89786005E-02
 1.06977769E+00 -2.92920153E-02
 1.05817590E+00 -6.47985626E-03
 1.08040728E+00  2.13409037E-02
 1.14147879E+00  4.02306632E-02
 1.19928977E+00  4.09535370E-02
 1.20169912E+00  2.19832677E-02
 1.17485990E+00 -8.31841424E-03
 1.17389187E+00 -3.23037092E-02
 1.16880795E+00 -3.88973460E-02
 1.11380325E+00 -2.66544774E-02
 1.04848110E+00 -1.80084865E-03
 1.02586569E+00  1.99856727E-02
 1.04789426E+00  2.96629116E-02
 1.10481149E+00  2.76566210E-02
 1.17151470E+00  1.63801215E-02
 1.20173325E+00  4.05381094E-03
 1.19788238E+00 -5.13789709E-03
 1.19356792E+00 -1.36096834E-02
 1.17300235E+00 -1.99298208E-02
 1.11762458E+00 -2.28262430E-02
 1.06770286E+00 -2.08339474E-02
 1.06351029E+00 -1.03122082E-02
 1.08690822E+00  5.64229622E-03
 1.10520465E+00  1.94097708E-02
 1.12502531E+00  2.60937134E-02
 1.15757227E+00  2.23751980E-02
 1.18614332E+00  1.03114169E-02
 1.19601042E+00 -2.24126623E-03
 1.18197127E+00 -1.09704286E-02
 1.14154956E+00 -1.47063533E-02
 1.09902627E+00 -1.32641768E-02
 1.08876974E+00 -9.84856151E-03
 1.09790779E+00 -5.45411072E-03
 1.09529628E+00  1.27645838E-03
 1.10003755E+00  8.34689706E-03
 1.13723557E+00  1.31048009E-02
 1.17418314E+00  1.32592110E-02
 1.17331250E+00  6.45041854E-03
 1.15317877E+00 -4.66328200E-03
 1.14438955E+00 -1.37668586E-02
 1.14015928E+00 -1.70560828E-02
 1.12961935E+00 -1.29773489E-02
 1.12075353E+00 -3.69303310E-03
 1.11630431E+00  4.44760138E-03
 1.11596714E+00  8.15615347E-03
 1.12530635E+00  7.54751097E-03
 1.14169377E+00  3.92242259E-03
 1.15603299E+00  1.28584839E-03
 1.16297372E+00  1.40065735E-03
 1.15909884E+00  2.77804415E-03
 1.14729876E+00  4.40820030E-03
 1.13727801E+00  4.39422215E-03
 1.13356911E+00  1.85030718E-03
 1.13580094E+00 -1.73026132E-03
 1.14126736E+00 -5.37767293E-03
 1.14269433E+00 -8.03532374E-03
 1.13713026E+00 -8.70687057E-03
 1.12759982E+00 -7.63752365E-03
 1.11798157E+00 -5.01773594E-03
 1.11474755E+00 -1.14373185E-03
 1.12163367E+00  3.22988659E-03
 1.13671507E+00  7.31506459E-03
 1.15594737E+00  9.60363053E-03
 1.17239218E+00  8.27325915E-03
 1.18022176E+00  2.45392300E-03
 1.17716729E+00 -7.20990839E-03
 1.16231034E+00 -1.72408136E-02
 1.13769133E+00 -2.21888617E-02
 1.10676441E+00 -1.84348402E-02
 1.07477614E+00 -5.44922868E-03
 1.05381177E+00  1.25475896E-02
 1.05779475E+00  2.71899485E-02
 1.09271403E+00  3.28143049E-02
 1.15107997E+00  2.77950448E-02
 1.20048519E+00  1.46025787E-02
 1.20276517E+00  4.86106897E-04
 1.17036814E+00 -1.00376762E-02
 1.14422397E+00 -1.60664611E-02
 1.12682884E+00 -1.70471917E-02
 1.10925076E+00 -1.49159473E-02
 1.09809564E+00 -1.01362017E-02
 1.09106355E+00 -1.30402743E-03
 1.09587812E+00  9.06070760E-03
 1.12866864E+00  1.69510791E-02
 1.16703125E+00  1.91601989E-02
 1.17687222E+00  1.30444516E-02
 1.17042282E+00  1.43373118E-03
 1.17269550E+00 -8.62684227E-03
 1.17143665E+00 -1.33192810E-02
 1.14865390E+00 -1.21298890E-02
 1.10723014E+00 -9.01659668E-03
 1.05732990E+00 -5.96076854E-03
 1.03544082E+00  2.00183040E-02
 1.08353385E+00  8.88206741E-02
 1.16189861E+00  1.47479308E-01
 1.19206068E+00  1.23630501E-01
 1.17514932E+00  4.77168279E-02
 1.14412428E+00 -7.27606667E-03
 1.09791269E+00 -3.78999953E-02
 1.05245707E+00 -5.36149964E-02
 1.03908686E+00 -4.28380361E-02
 1.06460051E+00 -2.02455465E-02
 1.11351258E+00 -2.93395728E-03
 1.15902534E+00  8.03828433E-03
 1.18811913E+00  7.78626400E-03
 1.20125255E+00 -1.99793700E-03
 1.19571699E+00 -9.63162186E-03
 1.17579662E+00 -6.61912928E-03
 1.14394628E+00  1.84558560E-03
 1.09739237E+00  5.07504552E-03
 1.04966951E+00  1.27944606E-02
 1.02223907E+00  3.86482527E-02
 1.02982003E+00  6.48252152E-02
 1.07995375E+00  6.72683079E-02
 1.15574217E+00  5.35478958E-02
 1.21981603E+00  3.84993099E-02
 1.24732376E+00  1.41181097E-02
 1.22824576E+00 -2.62938934E-02
 1.17107789E+00 -6.65870547E-02
 1.10691118E+00 -8.75875974E-02
 1.05472368E+00 -8.15533934E-02
 1.01996887E+00 -4.83271883E-02
 1.01028743E+00 -5.75777739E-03
 1.02336273E+00  1.85233522E-02
 1.05947089E+00  2.86128940E-02
 1.12019783E+00  4.38736819E-02
 1.17879786E+00  4.98232688E-02
 1.20417523E+00  2.87349907E-02
 1.20652103E+00  1.13646083E-03
 1.20798014E+00 -9.42762561E-03
 1.18936211E+00 -1.19483641E-02
 1.12926917E+00 -2.05236536E-02
 1.06399872E+00 -2.57664667E-02
 1.03890841E+00 -1.70322908E-02
 1.04132092E+00 -1.10118571E-03
 1.04328789E+00  1.39628342E-02
 1.05553871E+00  2.43980620E-02
 1.08985053E+00  2.46630807E-02
 1.13186982E+00  1.58600550E-02
 1.16870349E+00  6.29067671E-03
 1.19105235E+00 -3.74317856E-04
 1.18663573E+00 -3.43167394E-03
 1.16024826E+00 -2.84551785E-03
 1.13081004E+00 -2.16054903E-03
 1.10950444E+00 -1.81887720E-03
 1.10226261E+00  8.30659388E-04
 1.10793557E+00  4.99271285E-03
 1.11459653E+00  9.27432342E-03
 1.11896149E+00  1.23446663E-02
 1.12523997E+00  1.16540726E-02
 1.13289382E+00  7.89016862E-03
 1.14320820E+00  4.19459868E-03
 1.15439002E+00  1.90961696E-03
 1.15935130E+00  1.66010902E-03
 1.15829208E+00  2.99283171E-03
 1.15529435E+00  3.60055083E-03
 1.15188253E+00  2.84833315E-03
 1.15041307E+00  1.71800778E-03
 1.15029570E+00  1.04074185E-03
 1.14730063E+00  2.34101957E-03
 1.14111227E+00  6.16050591E-03
 1.13408189E+00  1.12286592E-02
 1.12878202E+00  1.58032891E-02
 1.12957741E+00  1.75524566E-02
 1.13833043E+00  1.48483849E-02
 1.15279700E+00  7.92910337E-03
 1.16855872E+00 -1.18523631E-03
 1.17848690E+00 -8.93104048E-03
 1.17594745E+00 -1.24874647E-02
 1.15678318E+00 -1.06345839E-02
 1.11889084E+00 -3.73153435E-03
 1.07192510E+00  5.86596116E-03
 1.05288911E+00  1.60950382E-02
 1.09661345E+00  2.51278417E-02
 1.16762247E+00  2.94993324E-02
 1.19851848E+00  2.60661849E-02
 1.19159890E+00  1.37234044E-02
 1.17702740E+00 -4.92456911E-03
 1.14836851E+00 -1.88754381E-02
 1.10997030E+00 -1.64148404E-02
 1.08498754E+00 -4.99849492E-03
 1.08003871E+00  1.20200114E-04
 1.08923009E+00  5.89843585E-03
 1.10391926E+00  2.34866934E-02
 1.12276948E+00  3.72910092E-02
 1.14877071E+00  2.94294656E-02
 1.17445997E+00  1.05055868E-02
 1.18975262E+00 -1.86487430E-03
 1.18715153E+00 -7.60076243E-03
 1.16062392E+00 -9.47799617E-03
 1.11976870E+00 -5.58550641E-03
 1.08627236E+00  3.57416643E-04
 1.07390806E+00  5.30478152E-03
 1.08823365E+00  1.07265329E-02
 1.12221370E+00  1.56383670E-02
 1.15459856E+00  1.85355455E-02
 1.17323517E+00  1.79506052E-02
 1.17625354E+00  1.15998801E-02
 1.16455818E+00  1.66673065E-03
 1.14771474E+00 -6.57890350E-03
 1.12992702E+00 -9.86868688E-03
 1.10850181E+00 -6.40046677E-03
 1.08872979E+00  2.10892962E-03
 1.07716290E+00  1.01050867E-02
 1.07939726E+00  1.45691778E-02
 1.10133866E+00  1.49984435E-02
 1.13557896E+00  1.17662614E-02
 1.16510753E+00  7.67472398E-03
 1.17906125E+00  3.98186973E-03
 1.17220326E+00  4.50932968E-05
 1.14980346E+00 -2.96177271E-03
 1.12867353E+00 -3.83389949E-03
 1.11782389E+00 -1.58536226E-03
 1.11792613E+00  4.88242053E-03
 1.12688830E+00  1.32362075E-02
 1.13541927E+00  1.88674215E-02
 1.13965740E+00  1.89693607E-02
 1.14289885E+00  1.26191886E-02
 1.14446073E+00  2.51660600E-03
 1.14443625E+00 -5.17494145E-03
 1.14222382E+00 -6.89899716E-03
 1.13428356E+00 -2.34024889E-03
 1.12373244E+00  6.15341246E-03
 1.11765655E+00  1.28632278E-02
 1.11983601E+00  1.46195258E-02
 1.13202739E+00  1.18704853E-02
 1.14967224E+00  6.29621471E-03
 1.16215273E+00  1.93926838E-03
 1.16363760E+00  9.67633590E-04
 1.15364115E+00  2.40279973E-03
 1.13649763E+00  5.20032149E-03
 1.12262595E+00  7.19805386E-03
 1.11808283E+00  7.21689723E-03
 1.12272685E+00  6.29015301E-03
 1.13379527E+00  5.00624359E-03
 1.14396955E+00  4.16022080E-03
 1.14915239E+00  4.28016916E-03
 1.15051523E+00  4.65279542E-03
 1.14925382E+00  4.97504831E-03
 1.14856893E+00  5.13195486E-03
 1.14974645E+00  4.92766606E-03
 1.15028530E+00  4.69596840E-03
 1.14905090E+00  4.58399622E-03
 1.14505101E+00  4.52196720E-03
 1.13812239E+00  4.57323424E-03
 1.13083611E+00  4.65042215E-03
 1.12561239E+00  4.69834701E-03
 1.12460215E+00  4.78415160E-03
 1.12938932E+00  4.90364894E-03
 1.13900881E+00  5.06745641E-03
 1.14979113E+00  5.29883791E-03
 1.15642492E+00  5.57394173E-03
 1.15501695E+00  5.88290178E-03
 1.14484374E+00  6.21690196E-03
 1.12976173E+00  6.54556431E-03
 1.11744483E+00  6.84064926E-03
 1.11292288E+00  7.07353378E-03
 1.11725341E+00  7.21619327E-03
 1.12770325E+00  7.25644792E-03
 1.13724928E+00  7.19708006E-03
 1.14196930E+00  7.04876831E-03
 1.14216375E+00  6.83777392E-03
 1.13935958E+00  6.61397724E-03
 1.13782624E+00  6.44162926E-03
 1.13940977E+00  6.38700054E-03
 1.14221194E+00  6.50612786E-03
 1.14495376E+00  6.81895975E-03
 1.14554015E+00  7.30530162E-03
 1.14298051E+00  7.92528734E-03
 1.13899672E+00  8.60424136E-03
 1.13474720E+00  9.21377350E-03
 1.13144809E+00  9.59504360E-03
 1.13031885E+00  9.58373259E-03
 1.13119836E+00  9.04110751E-03
 1.13387707E+00  7.92082538E-03
 1.13796648E+00  6.27676798E-03
 1.14254042E+00  4.21425801E-03
 1.14658501E+00  1.92722349E-03
 1.14826941E+00 -2.59883174E-04
 1.14541989E+00 -1.95105813E-03
 1.13689838E+00 -2.74348033E-03
 1.12330113E+00 -2.30979278E-03
 1.10855595E+00 -5.67691009E-04
 1.09895412E+00  2.29610680E-03
 1.09886901E+00  5.94216952E-03
 1.10941070E+00  9.78001077E-03
 1.12659346E+00  1.28563074E-02
 1.14190424E+00  1.41106237E-02
 1.14979014E+00  1.27673665E-02
 1.14895760E+00  8.71119154E-03
 1.14212385E+00  3.13726025E-03
 1.13663655E+00 -1.80169282E-03
 1.13614160E+00 -4.50685247E-03
 1.13929276E+00 -4.33670378E-03
 1.14300839E+00 -2.15379058E-03
 1.14118614E+00 -2.15418091E-04
 1.13139800E+00  2.77633892E-04
 1.11701999E+00 -5.09382646E-04
 1.10329337E+00 -1.42605499E-03
 1.09799671E+00 -1.54456232E-04
 1.10586549E+00  4.16708557E-03
 1.12534730E+00  1.03424255E-02
 1.15046431E+00  1.60551868E-02
 1.17092282E+00  1.77833097E-02
 1.17903000E+00  1.35528784E-02
 1.17278007E+00  4.17260203E-03
 1.15493910E+00 -7.17669807E-03
 1.13369154E+00 -1.51515029E-02
 1.11486307E+00 -1.60761733E-02
 1.10054069E+00 -9.47097385E-03
 1.09303582E+00  1.96783857E-03
 1.09232359E+00  1.23657072E-02
 1.09962406E+00  1.77636778E-02
 1.11725310E+00  1.72902948E-02
 1.14095165E+00  1.19535931E-02
 1.16290108E+00  5.52451359E-03
 1.17639115E+00  1.03957393E-04
 1.17579953E+00 -4.49567554E-03
 1.16252960E+00 -7.47225072E-03
 1.14451964E+00 -8.64692103E-03
 1.12676286E+00 -7.34182714E-03
 1.11246703E+00 -2.02625979E-03
 1.10468129E+00  5.68356900E-03
 1.10329865E+00  1.23186387E-02
 1.11009545E+00  1.53689033E-02
 1.12728664E+00  1.29304530E-02
 1.14954592E+00  5.92415550E-03
 1.16791181E+00 -1.89923492E-03
 1.17519298E+00 -8.32795761E-03
 1.16650788E+00 -1.23188721E-02
 1.14592977E+00 -1.30586265E-02
 1.12527450E+00 -1.12615342E-02
 1.11167323E+00 -6.84333962E-03
 1.10780122E+00  7.74606586E-04
 1.11282423E+00  9.49720543E-03
 1.11995668E+00  1.61335469E-02
 1.12669497E+00  1.81452996E-02
 1.13494582E+00  1.38083627E-02
 1.14353460E+00  5.04205254E-03
 1.15183792E+00 -3.23258701E-03
 1.15769365E+00 -7.86325220E-03
 1.15610813E+00 -7.48634979E-03
 1.14667662E+00 -2.72101896E-03
 1.13217250E+00  3.16285564E-03
 1.11514852E+00  8.96428953E-03
 1.10047186E+00  1.57438499E-02
 1.09398946E+00  2.43828161E-02
 1.10017361E+00  3.60703127E-02
 1.12181113E+00  4.84381378E-02
 1.15627737E+00  5.36521162E-02
 1.18989958E+00  3.96987789E-02
 1.20281973E+00  1.45451136E-04
 1.18230406E+00 -4.15704516E-02
 1.12791889E+00 -5.06613265E-02
 1.05964240E+00 -3.47915560E-02
 1.01365033E+00 -1.77164208E-02
 1.01276951E+00  1.76233400E-02
 1.05971836E+00  8.33865432E-02
 1.13369089E+00  1.25724130E-01
 1.19058911E+00  8.67705779E-02
 1.20309792E+00 -3.49539463E-03
 1.16835206E+00 -7.70874588E-02
 1.10051198E+00 -1.11680722E-01
 1.03683289E+00 -1.00135229E-01
 1.00149584E+00 -4.99859678E-02
 9.99370384E-01 -3.57982243E-03
 1.03693321E+00  2.96188547E-02
 1.10157642E+00  6.41475286E-02
 1.15747486E+00  7.52582497E-02
 1.17602568E+00  4.37404768E-02
 1.17337503E+00 -4.43949296E-04
 1.18494949E+00 -2.31566669E-02
 1.18839186E+00 -3.03415626E-02
 1.14448460E+00 -3.92514324E-02
 1.08064263E+00 -3.88056793E-02
 1.04062206E+00 -1.71020389E-02
 1.03273398E+00  1.57719718E-02
 1.06082194E+00  4.75056592E-02
 1.11761200E+00  6.27251830E-02
 1.17017923E+00  4.54948918E-02
 1.19630356E+00  1.23680320E-02
 1.19090298E+00 -4.29312499E-03
 1.16053579E+00 -1.00564224E-02
 1.12871432E+00 -2.40345604E-02
 1.10719386E+00 -3.32094918E-02
 1.09366549E+00 -2.39937652E-02
 1.09021942E+00 -8.37553911E-03
 1.09350694E+00  2.67488199E-03
 1.10376581E+00  1.25950524E-02
 1.12779682E+00  2.37635661E-02
 1.15714035E+00  2.85314764E-02
 1.17629993E+00  2.12422857E-02
 1.17694810E+00  1.00289246E-02
 1.15677718E+00  5.20342003E-03
 1.13409134E+00  2.75080118E-03
 1.13445596E+00 -4.84583684E-03
 1.14017336E+00 -1.18593412E-02
 1.11601970E+00 -1.07170698E-02
 1.07548937E+00 -4.39137241E-03
 1.05122409E+00  2.81560879E-03
 1.05613721E+00  9.91187272E-03
 1.09910536E+00  1.44621931E-02
 1.15889839E+00  1.53511555E-02
 1.18839979E+00  1.43644024E-02
 1.18623238E+00  1.15045063E-02
 1.17661079E+00  6.17895518E-03
 1.15559656E+00 -1.27593740E-05
 1.12467648E+00 -5.20102864E-03
 1.10502126E+00 -7.40876684E-03
 1.10631734E+00 -4.74090768E-03
 1.11957163E+00  1.46203218E-03
 1.13029471E+00  7.57398485E-03
 1.13537210E+00  1.14354163E-02
 1.13840933E+00  1.20536890E-02
 1.13948336E+00  1.01125536E-02
 1.14197371E+00  8.44926483E-03
 1.14642162E+00  8.11440174E-03
 1.14748904E+00  8.34940961E-03
 1.14593216E+00  8.48529866E-03
 1.14526553E+00  6.97938724E-03
 1.14699318E+00  3.46952886E-03
 1.15340472E+00 -4.99623952E-04
 1.16209501E+00 -3.50504303E-03
 1.16632807E+00 -3.85607700E-03
 1.16326093E+00 -5.10136640E-04
 1.15314719E+00  5.72106051E-03
 1.13937718E+00  1.27279805E-02
 1.12949830E+00  1.74330549E-02
 1.12771151E+00  1.75620813E-02
 1.13361220E+00  1.28207511E-02
 1.14410409E+00  5.32495866E-03
 1.15238061E+00 -7.68857073E-04
 1.15427730E+00 -2.71981609E-03
 1.15021313E+00 -6.31238684E-05
 1.14276118E+00  5.58528431E-03
 1.13755248E+00  1.02984400E-02
 1.13784501E+00  1.18838501E-02
 1.14279291E+00  1.05719763E-02
 1.15051482E+00  7.39366324E-03
 1.15703223E+00  4.97104370E-03
 1.16004971E+00  4.57746453E-03
 1.16043026E+00  5.36218916E-03
 1.15886550E+00  6.70680219E-03
 1.15692353E+00  7.41349088E-03
 1.15548450E+00  6.87437884E-03
 1.15354605E+00  5.92632291E-03
 1.15099726E+00  4.94494871E-03
 1.14798436E+00  4.26765064E-03
 1.14474817E+00  4.21622254E-03
 1.14248171E+00  4.40430724E-03
 1.14169987E+00  4.69438610E-03
 1.14231619E+00  5.13566955E-03
 1.14441759E+00  5.61401402E-03
 1.14763293E+00  6.21057691E-03
 1.15142898E+00  6.89464230E-03
 1.15536654E+00  7.45600181E-03
 1.15871747E+00  7.77079310E-03
 1.16079684E+00  7.70034703E-03
 1.16137578E+00  7.16810144E-03
 1.16050695E+00  6.23796514E-03
 1.15831296E+00  4.98468723E-03
 1.15510178E+00  3.54471902E-03
 1.15137242E+00  2.17311706E-03
 1.14770774E+00  1.16561646E-03
 1.14490122E+00  8.23426194E-04
 1.14373641E+00  1.38757250E-03
 1.14444837E+00  2.88505360E-03
 1.14682654E+00  5.11624594E-03
 1.15055033E+00  7.75169796E-03
 1.15501807E+00  1.02480455E-02
 1.15935875E+00  1.17600757E-02
 1.16261949E+00  1.13986115E-02
 1.16365413E+00  8.64797831E-03
 1.16145728E+00  3.75063889E-03
 1.15587715E+00 -1.65834772E-03
 1.14754532E+00 -5.00679881E-03
 1.13750185E+00 -4.52365313E-03
 1.12748504E+00  1.69664132E-04
 1.12003907E+00  7.27626629E-03
 1.11785186E+00  1.31035544E-02
 1.12293995E+00  1.52397298E-02
 1.13555985E+00  1.31351186E-02
 1.15236748E+00  8.05283898E-03
 1.16736694E+00  3.34387289E-03
 1.17572912E+00  9.11371718E-04
 1.17475602E+00  7.03560925E-04
 1.16534449E+00  2.13263749E-03
 1.15226135E+00  3.31999064E-03
 1.13900098E+00  3.50634190E-03
 1.12796693E+00  3.62186095E-03
 1.12272653E+00  4.14198445E-03
 1.12561350E+00  5.74819756E-03
 1.13855705E+00  8.46392458E-03
 1.16165519E+00  1.08423240E-02
 1.18696684E+00  1.14501895E-02
 1.20184240E+00  8.91679848E-03
 1.19738937E+00  2.61265054E-03
 1.17052610E+00 -6.16983354E-03
 1.12982240E+00 -1.40705464E-02
 1.09401976E+00 -1.65157207E-02
 1.07558255E+00 -1.05600796E-02
 1.07881683E+00  3.53040269E-03
 1.10021725E+00  2.08642884E-02
 1.12605941E+00  3.29152856E-02
 1.14840663E+00  3.39750934E-02
 1.16622238E+00  2.29346855E-02
 1.17642815E+00  4.14547244E-03
 1.17934988E+00 -1.26081232E-02
 1.17316722E+00 -2.09795401E-02
 1.15339597E+00 -1.95982311E-02
 1.12616386E+00 -1.01290004E-02
 1.10326095E+00  1.11269707E-03
 1.09356883E+00  1.05644886E-02
 1.10368248E+00  1.84020241E-02
 1.12911901E+00  2.31462964E-02
 1.15521644E+00  2.43945136E-02
 1.17333107E+00  2.10660875E-02
 1.18005160E+00  1.08668514E-02
 1.17545290E+00 -3.12513941E-03
 1.16677906E+00 -1.46844875E-02
 1.15662249E+00 -1.93692604E-02
 1.14318164E+00 -1.41543783E-02
 1.13035333E+00 -1.31544347E-03
 1.12243761E+00  1.17630244E-02
 1.12359548E+00  2.06784538E-02
 1.13833239E+00  2.37198315E-02
 1.16113502E+00  2.06402803E-02
 1.17959684E+00  1.46524349E-02
 1.18592561E+00  6.99784903E-03
 1.17648900E+00 -2.89099972E-03
 1.15556683E+00 -1.21531879E-02
 1.13606955E+00 -1.73201513E-02
 1.12518789E+00 -1.55821572E-02
 1.12407122E+00 -4.91719821E-03
 1.13202255E+00  1.03747693E-02
 1.14286906E+00  2.15349250E-02
 1.15358474E+00  2.31132992E-02
 1.16510472E+00  1.34059271E-02
 1.17345296E+00 -3.23204377E-03
 1.17418106E+00 -1.63343363E-02
 1.16431188E+00 -1.99239675E-02
 1.14216540E+00 -1.35785686E-02
 1.11628869E+00 -3.98163360E-04
 1.10201118E+00  1.12632124E-02
 1.10842913E+00  1.67436731E-02
 1.13683448E+00  1.66420349E-02
 1.17533654E+00  1.17026125E-02
 1.20025641E+00  5.32685943E-03
 1.19745852E+00 -5.73758968E-04
 1.16598006E+00 -6.98946080E-03
 1.11783849E+00 -1.17560608E-02
 1.07931641E+00 -1.19774027E-02
 1.06662418E+00 -5.95968909E-03
 1.08113457E+00  7.26744473E-03
 1.11613256E+00  2.27877038E-02
 1.15251432E+00  3.15220712E-02
 1.17846873E+00  2.80050687E-02
 1.19352236E+00  1.12036827E-02
 1.19529486E+00 -1.26012376E-02
 1.18625465E+00 -3.03205648E-02
 1.16733915E+00 -3.39217854E-02
 1.13620737E+00 -2.22728477E-02
 1.10420236E+00 -5.74177702E-04
 1.08873646E+00  1.85210976E-02
 1.09949024E+00  2.74265111E-02
 1.13658018E+00  2.58070875E-02
 1.17519837E+00  1.60161231E-02
 1.18170806E+00  5.68984420E-03
 1.16998501E+00 -1.13074099E-03
 1.17395982E+00 -5.97500691E-03
 1.17472821E+00 -8.52024891E-03
 1.14537385E+00 -9.62860165E-03
 1.11764556E+00 -9.07634495E-03
 1.12718846E+00 -3.93426514E-03
 1.15263858E+00  4.22527280E-03
 1.16123369E+00  1.13512357E-02
 1.15825787E+00  1.48095329E-02
 1.15500945E+00  1.21867933E-02
 1.14817460E+00  5.07570782E-03
 1.14227538E+00 -1.11901642E-03
 1.14281857E+00 -3.67315873E-03
 1.14574024E+00 -2.05660466E-03
 1.14874902E+00  2.55946166E-03
 1.15054451E+00  6.11518211E-03
 1.14984605E+00  6.85015732E-03
 1.14864552E+00  5.71934748E-03
 1.14766920E+00  3.48767071E-03
 1.14665451E+00  2.12800076E-03
 1.14605983E+00  2.53775548E-03
 1.14528924E+00  3.53016248E-03
 1.14415801E+00  4.62856445E-03
 1.14326966E+00  5.27794200E-03
 1.14278628E+00  5.02482160E-03
 1.14300193E+00  4.49811080E-03
 1.14412434E+00  3.90517111E-03
 1.14591896E+00  3.19369853E-03
 1.14823216E+00  2.53380871E-03
 1.15083773E+00  1.76448322E-03
 1.15327062E+00  8.85264455E-04
 1.15505838E+00  1.47973853E-04
 1.15571080E+00 -3.31743230E-04
 1.15482952E+00 -3.98865543E-04
 1.15243078E+00  4.15920323E-05
 1.14894177E+00  9.11758736E-04
 1.14503624E+00  2.14014038E-03
 1.14179465E+00  3.59733822E-03
 1.14083666E+00  5.03033727E-03
 1.14378356E+00  6.15571364E-03
 1.15135215E+00  6.68227518E-03
 1.16253255E+00  6.37554469E-03
 1.17329138E+00  5.21749009E-03
 1.17767501E+00  3.41516610E-03
 1.17177080E+00  1.30704095E-03
 1.15522304E+00 -5.51510193E-04
 1.13321977E+00 -1.30335212E-03
 1.11564504E+00 -7.20196831E-05
 1.10935202E+00  3.56742422E-03
 1.11653271E+00  9.16328332E-03
 1.13431088E+00  1.47022970E-02
 1.15401955E+00  1.71641878E-02
 1.16994472E+00  1.45485488E-02
 1.18022865E+00  6.62398552E-03
 1.18317033E+00 -4.08816905E-03
 1.17995042E+00 -1.27154054E-02
 1.17042178E+00 -1.59105858E-02
 1.15314355E+00 -1.26418227E-02
 1.13276706E+00 -4.32561131E-03
 1.11678347E+00  4.81329270E-03
 1.11120959E+00  1.20996270E-02
 1.12032401E+00  1.68988444E-02
 1.14024461E+00  1.87862483E-02
 1.16018952E+00  1.87525919E-02
 1.17322572E+00  1.67980793E-02
 1.17614201E+00  1.16956600E-02
 1.16966857E+00  4.32099623E-03
 1.16039242E+00 -3.56831378E-03
 1.15106279E+00 -1.01277175E-02
 1.14074304E+00 -1.29584995E-02
 1.13114394E+00 -1.15567669E-02
 1.12314634E+00 -7.17146857E-03
 1.11906501E+00 -5.09526471E-04
 1.12330449E+00  7.33490321E-03
 1.13490606E+00  1.43983459E-02
 1.14952159E+00  1.89144495E-02
 1.16384491E+00  1.89380698E-02
 1.17394995E+00  1.32454729E-02
 1.17772844E+00  3.82981142E-03
 1.17595678E+00 -5.18081914E-03
 1.16806627E+00 -1.05737094E-02
 1.15405596E+00 -1.03161720E-02
 1.13809821E+00 -4.83483633E-03
 1.12580641E+00  2.65633432E-03
 1.12197901E+00  1.00693203E-02
 1.12935214E+00  1.59817972E-02
 1.14364147E+00  1.75147726E-02
 1.15533392E+00  1.27191463E-02
 1.15875162E+00  1.41564161E-03
 1.15278874E+00 -1.31480253E-02
 1.14207129E+00 -1.88533815E-02
 1.13717426E+00 -4.50454876E-03
 1.14298036E+00  1.66507805E-02
 1.15705073E+00  2.10255693E-02
 1.17257480E+00  1.14766219E-02
 1.17745412E+00  2.09630727E-03
 1.16583371E+00 -6.93110418E-03
 1.14191117E+00 -1.31945582E-02
 1.11669401E+00 -9.89865998E-03
 1.10732729E+00  1.13324873E-03
 1.12232273E+00  1.32301799E-02
 1.15486795E+00  1.93647614E-02
 1.18282137E+00  1.69254738E-02
 1.18011407E+00  9.41493902E-03
 1.15950332E+00  2.80695864E-03
 1.15370303E+00  3.23531382E-03
 1.14967835E+00  6.29806625E-03
 1.12503947E+00  2.33749036E-03
 1.10792309E+00 -4.23859040E-04
 1.12783288E+00  9.19596435E-03
 1.16166075E+00  1.49266334E-02
 1.17509176E+00 -2.03246599E-03
 1.16787012E+00 -2.28637898E-02
 1.14878397E+00 -2.06681416E-02
 1.12245048E+00 -8.47340982E-03
 1.10606129E+00 -7.69488081E-03
 1.11225116E+00 -3.67570034E-03
 1.13796301E+00  1.85015680E-02
 1.17234298E+00  3.42807663E-02
 1.19643943E+00  1.79119696E-02
 1.19843002E+00 -1.16418339E-02
 1.17955751E+00 -2.40727831E-02
 1.14799352E+00 -2.41104730E-02
 1.12069636E+00 -2.40144333E-02
 1.10858020E+00 -1.69939496E-02
 1.11141474E+00 -1.70832533E-03
 1.12549802E+00  1.17497130E-02
 1.14070487E+00  1.83949328E-02
 1.15117964E+00  2.08837852E-02
 1.15881973E+00  2.24080621E-02
 1.16342872E+00  1.82234820E-02
 1.16632319E+00  3.35519495E-03
 1.16731200E+00 -1.15415587E-02
 1.16243045E+00 -1.29487249E-02
 1.15356922E+00 -6.74999517E-03
 1.14581722E+00 -4.92940820E-03
 1.14249376E+00 -4.79786267E-03
 1.14672947E+00 -1.23707290E-03
 1.15610760E+00  2.67431782E-03
 1.16310971E+00  5.47872209E-03
 1.16399917E+00  7.30427909E-03
 1.15822331E+00  5.88139037E-03
 1.14812597E+00  1.96623100E-03
 1.14038494E+00 -1.06863406E-03
 1.13836517E+00 -1.47339991E-03
 1.14143138E+00  1.61977324E-03
 1.14859393E+00  6.78109837E-03
 1.15646218E+00  1.00267047E-02
 1.16293579E+00  9.48421404E-03
 1.16838601E+00  5.41573712E-03
 1.17137955E+00 -8.05677805E-04
 1.17047952E+00 -5.81990031E-03
 1.16490489E+00 -7.69747781E-03
 1.15404222E+00 -6.64861586E-03
 1.14121887E+00 -3.12729242E-03
 1.13241746E+00  1.24222713E-03
 1.13154273E+00  5.26893564E-03
 1.13994835E+00  8.83691946E-03
 1.15398732E+00  1.08705650E-02
 1.16543678E+00  1.02528648E-02
 1.16922761E+00  6.35628732E-03
 1.16439413E+00 -9.64382309E-04
 1.15386117E+00 -9.21565780E-03
 1.14522186E+00 -1.41458236E-02
 1.14261374E+00 -1.29628927E-02
 1.14553466E+00 -4.90938406E-03
 1.15204064E+00  7.06728535E-03
 1.15709848E+00  1.67137254E-02
 1.15823907E+00  2.00312733E-02
 1.15705288E+00  1.60767522E-02
 1.15467669E+00  6.89411392E-03
 1.15336585E+00 -1.90231910E-03
 1.15428334E+00 -7.00912359E-03
 1.15587339E+00 -8.19775136E-03
 1.15748997E+00 -5.85431220E-03
 1.15858531E+00 -2.45807288E-03
 1.15864261E+00  9.00388808E-04
 1.15847224E+00  5.16914949E-03
 1.15836726E+00  9.38508571E-03
 1.15821497E+00  1.22775229E-02
 1.15819180E+00  1.26892257E-02
 1.15806642E+00  9.05018517E-03
 1.15775577E+00  2.77513369E-03
 1.15748184E+00 -2.58351426E-03
 1.15729146E+00 -4.88318304E-03
 1.15728429E+00 -3.09001168E-03
 1.15755335E+00  1.55170089E-03
 1.15804059E+00  5.29860586E-03
 1.15871832E+00  6.26025561E-03
 1.15953530E+00  4.51263235E-03
 1.16035021E+00  9.66856264E-04
 1.16100936E+00 -1.75376941E-03
 1.16134728E+00 -2.40490456E-03
 1.16121216E+00 -1.68616600E-03
 1.16055501E+00 -9.89534047E-05
 1.15942661E+00  1.19017824E-03
 1.15792129E+00  1.57181170E-03
 1.15621958E+00  1.74473804E-03
 1.15462946E+00  1.89435955E-03
 1.15352026E+00  2.15070553E-03
 1.15325116E+00  2.62016543E-03
 1.15407911E+00  2.77578108E-03
 1.15597163E+00  2.43706783E-03
 1.15857801E+00  1.70850578E-03
 1.16135208E+00  5.84777579E-04
 1.16344190E+00 -6.78964974E-04
 1.16356523E+00 -1.81679158E-03
 1.16047162E+00 -2.66348119E-03
 1.15375107E+00 -2.92151246E-03
 1.14452829E+00 -2.32056573E-03
 1.13654744E+00 -7.06253342E-04
 1.13507963E+00  1.95142492E-03
 1.14320693E+00  5.37041206E-03
 1.16026503E+00  8.80076447E-03
 1.17981873E+00  1.08524989E-02
 1.19103082E+00  9.90384572E-03
 1.18712031E+00  5.19875573E-03
 1.16777802E+00 -2.46498710E-03
 1.14082642E+00 -9.79646529E-03
 1.12147885E+00 -1.19341924E-02
 1.11917591E+00 -6.13102659E-03
 1.13459697E+00  6.81889318E-03
 1.16048600E+00  2.09781518E-02
 1.18089843E+00  2.67410544E-02
 1.18635036E+00  1.92940479E-02
 1.17704285E+00  1.36589866E-03
 1.15818206E+00 -1.48355424E-02
 1.14236957E+00 -1.42383225E-02
 1.13682161E+00 -4.18546519E-03
 1.14020519E+00 -2.82668685E-03
 1.15049912E+00 -1.76171697E-03
 1.16165576E+00  1.26412663E-02
 1.17018509E+00  2.48526479E-02
 1.17774171E+00  1.75520369E-02
 1.18232805E+00  1.49541695E-03
 1.18151569E+00 -7.16127447E-03
 1.17376520E+00 -9.87569873E-03
 1.15710766E+00 -1.04215133E-02
 1.13646862E+00 -6.06110414E-03
 1.12164845E+00  1.68385345E-03
 1.11907040E+00  1.01423026E-02
 1.13174625E+00  1.95966310E-02
 1.15562020E+00  2.70703194E-02
 1.17923428E+00  2.79154087E-02
 1.19461803E+00  1.92907581E-02
 1.19751627E+00  4.04728628E-04
 1.18510218E+00 -2.26979701E-02
 1.16005895E+00 -3.87935478E-02
 1.12620531E+00 -4.05259349E-02
 1.09064254E+00 -2.56774440E-02
 1.07393491E+00  3.12130778E-04
 1.09385275E+00  2.42855659E-02
 1.13337190E+00  3.77048944E-02
 1.16188482E+00  3.80960472E-02
 1.18599730E+00  2.67723735E-02
 1.21987535E+00  1.13517670E-02
 1.23115893E+00 -3.90270660E-03
 1.18902691E+00 -1.88576510E-02
 1.13052849E+00 -2.98763352E-02
 1.10655499E+00 -3.39590132E-02
 1.09909410E+00 -2.80020260E-02
 1.07434351E+00 -8.73654752E-03
 1.06163598E+00  1.77869430E-02
 1.09431140E+00  3.94834577E-02
 1.14573903E+00  4.78797099E-02
 1.18177434E+00  3.82694805E-02
 1.20526205E+00  1.49132622E-02
 1.21946114E+00 -8.93753196E-03
 1.20504805E+00 -2.52677733E-02
 1.15556812E+00 -3.13477568E-02
 1.10603785E+00 -2.66448570E-02
 1.09567502E+00 -1.64563716E-02
 1.10822727E+00 -2.81418459E-03
 1.10877561E+00  1.54714240E-02
 1.11890612E+00  3.31687594E-02
 1.16642593E+00  4.35396070E-02
 1.21277352E+00  4.10945992E-02
 1.21342897E+00  2.17151044E-02
 1.18818381E+00 -7.60037241E-03
 1.17108561E+00 -3.16663442E-02
 1.15444534E+00 -4.06847035E-02
 1.12787194E+00 -3.06200682E-02
 1.10557844E+00 -6.53455664E-03
 1.09736861E+00  1.64910566E-02
 1.10704929E+00  2.98801190E-02
 1.14033535E+00  3.23781242E-02
 1.18549418E+00  2.48434527E-02
 1.21772386E+00  1.43453615E-02
 1.22251841E+00  4.00623815E-03
 1.19711675E+00 -8.14309109E-03
 1.15878108E+00 -1.86942130E-02
 1.13550732E+00 -2.36032719E-02
 1.11553907E+00 -1.94183707E-02
 1.07251367E+00 -2.30002425E-03
 1.03840624E+00  2.23410562E-02
 1.05789938E+00  4.25150311E-02
 1.11483912E+00  5.04407394E-02
 1.17338205E+00  4.21550043E-02
 1.21653009E+00  2.11671816E-02
 1.22550077E+00 -7.61311338E-04
 1.20177455E+00 -1.68230530E-02
 1.17476886E+00 -2.52874872E-02
 1.15459293E+00 -2.55455954E-02
 1.13882393E+00 -2.16363051E-02
 1.13154929E+00 -1.46920394E-02
 1.12914391E+00 -2.54953456E-03
 1.13804352E+00  1.15397477E-02
 1.16950296E+00  2.28689147E-02
 1.19766226E+00  2.75771198E-02
 1.18890458E+00  2.21425132E-02
 1.16131127E+00  1.10607687E-02
 1.15045885E+00  4.51494051E-03
 1.15230566E+00  7.56588508E-03
 1.15414705E+00  1.98567936E-02
 1.16250838E+00  3.28839945E-02
 1.17649904E+00  3.10207649E-02
 1.18872767E+00  8.11816621E-03
 1.19507468E+00 -2.89491855E-02
 1.17818901E+00 -6.03180322E-02
 1.12368826E+00 -6.09770235E-02
 1.06183637E+00 -3.75526992E-02
 1.04106132E+00 -1.54758447E-02
 1.06656741E+00  1.02870982E-02
 1.11805098E+00  4.81349324E-02
 1.17595955E+00  7.09981565E-02
 1.20896363E+00  5.48721019E-02
 1.20813872E+00  1.88074564E-02
 1.19453871E+00 -5.33994565E-03
 1.17852488E+00 -1.28616612E-02
 1.16867878E+00 -8.72405177E-03
 1.17137017E+00  4.57709979E-03
 1.17626532E+00  1.29539895E-02
 1.17820334E+00  7.64219021E-03
 1.17422262E+00 -6.48611981E-03
 1.14974308E+00 -2.23356864E-02
 1.10169833E+00 -2.83656006E-02
 1.06456424E+00 -1.88711863E-02
 1.08036439E+00  7.31944940E-04
 1.13482563E+00  2.25018823E-02
 1.18310800E+00  3.45945466E-02
 1.21187741E+00  2.92220755E-02
 1.21700722E+00  8.60521263E-03
 1.20072342E+00 -1.91046062E-02
 1.18479919E+00 -3.99694567E-02
 1.15950451E+00 -4.40787579E-02
 1.10301972E+00 -3.03932599E-02
 1.05514951E+00 -4.41660215E-03
 1.06699801E+00  2.11589207E-02
 1.11837953E+00  3.78783296E-02
 1.16574980E+00  4.43253821E-02
 1.20361517E+00  4.06705419E-02
 1.22913699E+00  3.16221534E-02
 1.22984092E+00  1.93537214E-02
 1.21219553E+00  2.36465269E-03
 1.18810943E+00 -1.51290720E-02
 1.16349198E+00 -2.72071024E-02
 1.14126510E+00 -2.89667197E-02
 1.12062719E+00 -1.61665211E-02
 1.11090001E+00  5.89442087E-03
 1.12254216E+00  2.47590222E-02
 1.14108375E+00  3.26225047E-02
 1.14672154E+00  2.63445133E-02
 1.14881768E+00  1.03621417E-02
 1.16440839E+00 -2.62586797E-03
 1.18362234E+00 -6.18731470E-03
 1.19144644E+00 -1.03055271E-03
 1.19150407E+00  9.12089948E-03
 1.18827329E+00  1.48346891E-02
 1.18048316E+00  1.18473298E-02
 1.17109482E+00  3.41849781E-03
 1.16207026E+00 -6.73816034E-03
 1.15184442E+00 -1.20107985E-02
 1.14229100E+00 -8.68264528E-03
 1.13674832E+00  6.86730777E-04
 1.13672912E+00  1.26435253E-02
 1.14368958E+00  2.17597960E-02
 1.15730117E+00  2.39821525E-02
 1.17416911E+00  1.96436859E-02
 1.18933045E+00  1.06096914E-02
 1.19682292E+00  7.59083005E-04
 1.19192808E+00 -6.86117530E-03
 1.17408239E+00 -1.16265199E-02
 1.14969434E+00 -1.27856001E-02
 1.13027546E+00 -1.04934301E-02
 1.12420136E+00 -4.72256600E-03
 1.13437348E+00  4.96660652E-03
 1.15586564E+00  1.57630308E-02
 1.17615652E+00  2.31249768E-02
 1.18765245E+00  2.37345881E-02
 1.18902092E+00  1.59036516E-02
 1.18209855E+00  2.95369374E-03
 1.17436372E+00 -7.66571660E-03
 1.16912775E+00 -1.12889835E-02
 1.16432774E+00 -6.59758189E-03
 1.16035003E+00  3.75072607E-03
 1.15660995E+00  1.25599610E-02
 1.15377297E+00  1.59602941E-02
 1.15536361E+00  1.42202680E-02
 1.16023275E+00  8.98699026E-03
 1.16460564E+00  4.90817765E-03
 1.16640693E+00  4.16697244E-03
 1.16378817E+00  5.23282644E-03
 1.15841010E+00  7.18232873E-03
 1.15543327E+00  8.10841915E-03
 1.15711356E+00  7.05549097E-03
 1.16319528E+00  5.47566114E-03
 1.17170149E+00  3.71143071E-03
 1.17779329E+00  1.86841664E-03
 1.17873082E+00  3.61208985E-04
 1.17461709E+00 -1.15498716E-03
 1.16594962E+00 -1.94205696E-03
 1.15502109E+00 -5.66899360E-04
 1.14368678E+00  3.20674165E-03
 1.13263658E+00  8.51560368E-03
 1.12430375E+00  1.23925475E-02
