# x =
 1.63052340E+01
# y =
 3.25097170E+00
 VARIABLES = u,v
 1.17021726E+00  7.05835886E-03
 1.17022486E+00  7.05906635E-03
 1.17030257E+00  6.99002813E-03
 1.17044728E+00  6.85180586E-03
 1.17065605E+00  6.64415149E-03
 1.17092159E+00  6.37124257E-03
 1.17123234E+00  6.04123375E-03
 1.17157833E+00  5.66342645E-03
 1.17194898E+00  5.24980465E-03
 1.17233223E+00  4.81289751E-03
 1.17271516E+00  4.36539462E-03
 1.17307945E+00  3.92392965E-03
 1.17340351E+00  3.50669999E-03
 1.17367005E+00  3.12942278E-03
 1.17386665E+00  2.80473240E-03
 1.17398769E+00  2.53878775E-03
 1.17403532E+00  2.33135890E-03
 1.17401153E+00  2.18213083E-03
 1.17391775E+00  2.09093080E-03
 1.17375721E+00  2.05762375E-03
 1.17353273E+00  2.08339657E-03
 1.17325139E+00  2.16515788E-03
 1.17292431E+00  2.29600582E-03
 1.17256044E+00  2.46986814E-03
 1.17216883E+00  2.67936146E-03
 1.17175998E+00  2.91646680E-03
 1.17134523E+00  3.17286005E-03
 1.17094176E+00  3.43490218E-03
 1.17057047E+00  3.68599080E-03
 1.17024766E+00  3.91294446E-03
 1.16998459E+00  4.10628320E-03
 1.16978579E+00  4.26285968E-03
 1.16964789E+00  4.38633008E-03
 1.16956808E+00  4.47936329E-03
 1.16954447E+00  4.54335859E-03
 1.16957317E+00  4.58017919E-03
 1.16965084E+00  4.58992573E-03
 1.16977035E+00  4.57562908E-03
 1.16992104E+00  4.54279262E-03
 1.17009538E+00  4.49336277E-03
 1.17028660E+00  4.42821117E-03
 1.17048652E+00  4.34878979E-03
 1.17068614E+00  4.25698804E-03
 1.17087058E+00  4.16058487E-03
 1.17102088E+00  4.07166189E-03
 1.17112283E+00  3.99867063E-03
 1.17116720E+00  3.94682453E-03
 1.17115071E+00  3.91748131E-03
 1.17107747E+00  3.90668180E-03
 1.17095083E+00  3.91214219E-03
 1.17077307E+00  3.93306371E-03
 1.17054907E+00  3.96583860E-03
 1.17028363E+00  4.00663112E-03
 1.16998464E+00  4.04979044E-03
 1.16966313E+00  4.08754929E-03
 1.16932661E+00  4.11537155E-03
 1.16898130E+00  4.13085211E-03
 1.16863498E+00  4.13117274E-03
 1.16829641E+00  4.11455425E-03
 1.16797957E+00  4.07878911E-03
 1.16770234E+00  4.02218972E-03
 1.16747810E+00  3.94938741E-03
 1.16731554E+00  3.87225543E-03
 1.16721847E+00  3.81040822E-03
 1.16718419E+00  3.79018491E-03
 1.16721055E+00  3.83577036E-03
 1.16729626E+00  3.96519876E-03
 1.16743709E+00  4.18743723E-03
 1.16762828E+00  4.49810409E-03
 1.16786233E+00  4.88330248E-03
 1.16812878E+00  5.31489545E-03
 1.16842001E+00  5.73996367E-03
 1.16872948E+00  6.08941632E-03
 1.16904886E+00  6.29342655E-03
 1.16936862E+00  6.29198313E-03
 1.16967482E+00  6.05781690E-03
 1.16995010E+00  5.60122167E-03
 1.17018099E+00  4.94920710E-03
 1.17035820E+00  4.15940713E-03
 1.17047672E+00  3.33967395E-03
 1.17053722E+00  2.62692816E-03
 1.17054004E+00  2.16617138E-03
 1.17048481E+00  2.08403982E-03
 1.17037364E+00  2.42815914E-03
 1.17020905E+00  3.16195839E-03
 1.16999619E+00  4.21102977E-03
 1.16974288E+00  5.43114659E-03
 1.16945479E+00  6.57339064E-03
 1.16913687E+00  7.33480212E-03
 1.16879570E+00  7.40819960E-03
 1.16843895E+00  6.55191868E-03
 1.16807841E+00  4.73606578E-03
 1.16772893E+00  2.16021759E-03
 1.16740196E+00 -8.45454999E-04
 1.16710521E+00 -3.73777471E-03
 1.16684235E+00 -5.67073964E-03
 1.16661182E+00 -5.74487442E-03
 1.16641258E+00 -3.40426620E-03
 1.16624450E+00  1.19313488E-03
 1.16610577E+00  6.55787601E-03
 1.16599481E+00  1.02894409E-02
 1.16590790E+00  1.07109154E-02
 1.16583925E+00  7.40324099E-03
 1.16578568E+00  1.91657992E-03
 1.16574502E+00 -2.46862357E-03
 1.16571412E+00 -3.67312859E-03
 1.16568909E+00 -1.32937118E-03
 1.16566211E+00  3.32801377E-03
 1.16562242E+00  7.21220788E-03
 1.16556262E+00  8.62331546E-03
 1.16547872E+00  7.75382711E-03
 1.16537047E+00  5.40712898E-03
 1.16524238E+00  3.64211560E-03
 1.16509826E+00  3.47157983E-03
 1.16494092E+00  4.25222800E-03
 1.16477495E+00  5.51461774E-03
 1.16460474E+00  6.32506084E-03
 1.16443623E+00  6.19701104E-03
 1.16427682E+00  5.75087195E-03
 1.16413087E+00  5.22768368E-03
 1.16400109E+00  4.82585721E-03
 1.16389100E+00  4.73098369E-03
 1.16380462E+00  4.59173477E-03
 1.16374920E+00  4.28807485E-03
 1.16373462E+00  3.88569976E-03
 1.16376742E+00  3.34173627E-03
 1.16385090E+00  2.79604251E-03
 1.16398542E+00  2.34910611E-03
 1.16416714E+00  1.98801294E-03
 1.16439240E+00  1.77527670E-03
 1.16465793E+00  1.74145278E-03
 1.16495769E+00  1.88023706E-03
 1.16528464E+00  2.20396134E-03
 1.16563000E+00  2.68608463E-03
 1.16598300E+00  3.26625303E-03
 1.16633459E+00  3.86032087E-03
 1.16667655E+00  4.35201557E-03
 1.16699920E+00  4.62109374E-03
 1.16729206E+00  4.56778323E-03
 1.16754249E+00  4.14608612E-03
 1.16773612E+00  3.37489500E-03
 1.16786137E+00  2.31005135E-03
 1.16790985E+00  1.06755017E-03
 1.16787619E+00 -1.45163243E-04
 1.16775907E+00 -1.06908183E-03
 1.16755811E+00 -1.44395829E-03
 1.16727365E+00 -1.06433498E-03
 1.16690873E+00  1.06474217E-04
 1.16646817E+00  1.91822414E-03
 1.16596001E+00  4.11602239E-03
 1.16539583E+00  6.27313851E-03
 1.16478823E+00  7.71056369E-03
 1.16415138E+00  7.70087483E-03
 1.16350137E+00  5.79410486E-03
 1.16285542E+00  2.11655920E-03
 1.16223284E+00 -2.12548854E-03
 1.16165387E+00 -4.98588134E-03
 1.16113627E+00 -5.10886273E-03
 1.16069416E+00 -2.15977402E-03
 1.16033637E+00  2.60266645E-03
 1.16006610E+00  6.51692184E-03
 1.15988490E+00  7.89270752E-03
 1.15979323E+00  6.42344460E-03
 1.15979048E+00  3.09147886E-03
 1.15987551E+00  3.73573154E-04
 1.16004198E+00 -3.72893811E-04
 1.16027848E+00  6.81759425E-04
 1.16057162E+00  2.88051938E-03
 1.16090468E+00  4.55826093E-03
 1.16125952E+00  4.89390521E-03
 1.16161721E+00  4.40385230E-03
 1.16195464E+00  3.46331258E-03
 1.16224727E+00  2.82084511E-03
 1.16247396E+00  2.86951339E-03
 1.16261832E+00  3.11386329E-03
 1.16267274E+00  3.36659215E-03
 1.16263826E+00  3.47841062E-03
 1.16251695E+00  3.31057288E-03
 1.16231126E+00  3.15680333E-03
 1.16202358E+00  3.12656914E-03
 1.16165489E+00  3.17887035E-03
 1.16121249E+00  3.35634942E-03
 1.16070926E+00  3.54885479E-03
 1.16015790E+00  3.66776324E-03
 1.15957367E+00  3.70765604E-03
 1.15897263E+00  3.60356620E-03
 1.15837130E+00  3.32035777E-03
 1.15779340E+00  2.86124747E-03
 1.15726619E+00  2.22562154E-03
 1.15681192E+00  1.44619680E-03
 1.15644700E+00  5.88472175E-04
 1.15617761E+00 -2.48415996E-04
 1.15599925E+00 -9.32310866E-04
 1.15590796E+00 -1.32687793E-03
 1.15590072E+00 -1.31803291E-03
 1.15597360E+00 -8.60323994E-04
 1.15612467E+00  1.36481795E-05
 1.15634627E+00  1.23209097E-03
 1.15662577E+00  2.65650087E-03
 1.15695415E+00  4.04798837E-03
 1.15732246E+00  5.11371500E-03
 1.15772062E+00  5.55713563E-03
 1.15813787E+00  5.14214468E-03
 1.15855477E+00  3.82613101E-03
 1.15894626E+00  1.77856684E-03
 1.15929322E+00 -7.09670941E-04
 1.15958251E+00 -3.14933584E-03
 1.15980935E+00 -4.76589828E-03
 1.15997886E+00 -4.73049419E-03
 1.16009432E+00 -2.53025121E-03
 1.16015691E+00  1.68993557E-03
 1.16017047E+00  6.55567420E-03
 1.16013757E+00  9.85071959E-03
 1.16006446E+00  1.00309108E-02
 1.15996077E+00  6.71637373E-03
 1.15983029E+00  1.34494546E-03
 1.15967414E+00 -3.04658931E-03
 1.15949512E+00 -4.52962427E-03
 1.15929705E+00 -2.75494834E-03
 1.15909126E+00  1.15257728E-03
 1.15889503E+00  4.36058353E-03
 1.15871994E+00  5.31286632E-03
 1.15857225E+00  4.19495870E-03
 1.15845319E+00  1.74788328E-03
 1.15835672E+00 -1.36433971E-04
 1.15827884E+00 -5.30000989E-04
 1.15821790E+00 -3.03825855E-05
 1.15816861E+00  9.28552491E-04
 1.15812578E+00  1.49031209E-03
 1.15808276E+00  1.20994976E-03
 1.15803127E+00  6.64565363E-04
 1.15796908E+00  8.92939508E-05
 1.15789784E+00 -3.16646784E-04
 1.15781746E+00 -3.66150288E-04
 1.15772678E+00 -3.70562969E-04
 1.15761976E+00 -4.42364452E-04
 1.15748574E+00 -5.36670505E-04
 1.15731873E+00 -7.11497310E-04
 1.15711711E+00 -8.63167154E-04
 1.15688160E+00 -9.34752912E-04
 1.15661747E+00 -9.77593985E-04
 1.15632870E+00 -9.76856753E-04
 1.15601753E+00 -9.42606859E-04
 1.15568987E+00 -8.94570563E-04
 1.15535244E+00 -8.10921168E-04
 1.15501201E+00 -6.91327268E-04
 1.15467580E+00 -5.42690630E-04
 1.15434617E+00 -3.63690014E-04
 1.15402203E+00 -1.64963445E-04
 1.15370439E+00  4.44121487E-05
 1.15339629E+00  2.59516957E-04
 1.15310487E+00  4.71913039E-04
 1.15284207E+00  6.74725568E-04
 1.15261822E+00  8.61434368E-04
 1.15244274E+00  1.02462638E-03
 1.15232728E+00  1.15967710E-03
 1.15228269E+00  1.26384942E-03
 1.15231952E+00  1.33517109E-03
 1.15244656E+00  1.37292947E-03
 1.15266376E+00  1.37594581E-03
 1.15296266E+00  1.34313088E-03
 1.15332976E+00  1.27671179E-03
 1.15374364E+00  1.18216260E-03
 1.15417424E+00  1.06815469E-03
 1.15458652E+00  9.46671316E-04
 1.15494337E+00  8.29445256E-04
 1.15521160E+00  7.27066526E-04
 1.15537277E+00  6.49508302E-04
 1.15542530E+00  6.04047228E-04
 1.15537972E+00  5.95173562E-04
 1.15526601E+00  6.23067955E-04
 1.15514144E+00  6.79383050E-04
 1.15508112E+00  7.49285721E-04
 1.15516374E+00  8.16993743E-04
 1.15545709E+00  8.67960337E-04
 1.15598976E+00  8.94171505E-04
 1.15674650E+00  8.95261871E-04
 1.15769104E+00  8.70984781E-04
 1.15874931E+00  8.24202805E-04
 1.15978764E+00  7.66482734E-04
 1.16063810E+00  7.13699404E-04
 1.16112516E+00  6.84942802E-04
 1.16109946E+00  6.98705134E-04
 1.16051194E+00  7.60001764E-04
 1.15942077E+00  8.62118506E-04
 1.15793475E+00  9.98257602E-04
 1.15625271E+00  1.15738675E-03
 1.15470731E+00  1.32214484E-03
 1.15369830E+00  1.47429023E-03
 1.15362192E+00  1.59092573E-03
 1.15477811E+00  1.65128274E-03
 1.15718071E+00  1.65478813E-03
 1.16052915E+00  1.61863572E-03
 1.16433219E+00  1.56829939E-03
 1.16779648E+00  1.54436454E-03
 1.16970186E+00  1.60374730E-03
 1.16877179E+00  1.80331938E-03
 1.16429231E+00  2.18007720E-03
 1.15666536E+00  2.72433179E-03
 1.14830882E+00  3.33557214E-03
 1.14298424E+00  3.81938512E-03
 1.14324748E+00  3.92596025E-03
 1.14955502E+00  3.33401469E-03
 1.15909278E+00  1.63424216E-03
 1.16623321E+00 -1.48184603E-03
 1.16729525E+00 -5.88616827E-03
 1.16147043E+00 -1.07241219E-02
 1.15086179E+00 -1.39898106E-02
 1.14092280E+00 -1.31019518E-02
 1.13516505E+00 -6.67303254E-03
 1.13448443E+00  4.62417542E-03
 1.13935590E+00  1.69208017E-02
 1.14812187E+00  2.39808771E-02
 1.15940227E+00  2.16444759E-02
 1.17202816E+00  9.22432174E-03
 1.18055945E+00 -9.28361171E-03
 1.17808787E+00 -2.54526002E-02
 1.16067420E+00 -3.32214237E-02
 1.12892529E+00 -3.00905615E-02
 1.09375238E+00 -1.63165111E-02
 1.07341826E+00  3.17693658E-03
 1.07953133E+00  2.34091285E-02
 1.11368110E+00  3.86570726E-02
 1.16298472E+00  3.66962712E-02
 1.20144410E+00  1.04024488E-02
 1.21249413E+00 -2.21379368E-02
 1.19334748E+00 -3.39252629E-02
 1.15400479E+00 -2.73438922E-02
 1.11916634E+00 -1.90939776E-02
 1.10352463E+00 -9.15549893E-03
 1.10751119E+00  3.16120003E-03
 1.12650455E+00  1.55907594E-02
 1.14567272E+00  3.09445200E-02
 1.15747182E+00  3.57449417E-02
 1.16546831E+00  1.26988779E-02
 1.16926534E+00 -1.75642382E-02
 1.17058276E+00 -2.32710196E-02
 1.16921356E+00 -1.52315523E-02
 1.15968116E+00 -1.60844082E-02
 1.14539480E+00 -1.32762429E-02
 1.13467845E+00  6.62705273E-03
 1.13259926E+00  2.48358342E-02
 1.14324454E+00  2.32816497E-02
 1.16242269E+00  1.24961206E-02
 1.17810891E+00  8.08012988E-03
 1.18385371E+00  6.66047221E-03
 1.17826195E+00  2.15968276E-03
 1.16432949E+00 -1.85709658E-03
 1.15166175E+00 -4.27685331E-03
 1.14507338E+00 -5.70449858E-03
 1.14348189E+00 -3.37291154E-03
 1.14553136E+00  1.87128155E-03
 1.14671585E+00  6.16067616E-03
 1.14527957E+00  7.44355648E-03
 1.14421378E+00  4.42918209E-03
 1.14493017E+00 -1.27778833E-03
 1.14905483E+00 -4.96558883E-03
 1.15710552E+00 -4.40172840E-03
 1.16615796E+00  2.36330607E-04
 1.17354173E+00  7.22527598E-03
 1.17669024E+00  1.21548156E-02
 1.17339550E+00  1.19585038E-02
 1.16399686E+00  5.41412600E-03
 1.15099446E+00 -9.37323580E-03
 1.13844023E+00 -2.88964185E-02
 1.12997709E+00 -3.57704178E-02
 1.12758500E+00 -1.38907771E-02
 1.13121350E+00  1.88172069E-02
 1.13860170E+00  2.96944585E-02
 1.14806681E+00  2.09411030E-02
 1.15837764E+00  9.08093697E-03
 1.16674255E+00 -7.15006805E-03
 1.17041832E+00 -2.39237045E-02
 1.16706988E+00 -2.84910435E-02
 1.15576027E+00 -1.81048244E-02
 1.14121491E+00 -5.24714694E-04
 1.13172329E+00  1.26733407E-02
 1.13251767E+00  1.62779433E-02
 1.14444805E+00  1.15379140E-02
 1.16063712E+00  1.53602407E-03
 1.16819032E+00 -6.16711455E-03
 1.16163893E+00 -7.39689550E-03
 1.14586275E+00 -4.20014464E-03
 1.13725792E+00  1.37826913E-03
 1.15322577E+00  5.41549109E-03
 1.17306172E+00  5.72114963E-03
 1.16170547E+00  4.29134151E-03
 1.14105006E+00  2.26384282E-03
 1.14987601E+00  1.05354034E-03
 1.16790830E+00  1.62717119E-03
 1.16434244E+00  2.63526432E-03
 1.15459929E+00  3.45877684E-03
 1.15679902E+00  3.84979877E-03
 1.16126199E+00  3.39131520E-03
 1.16068142E+00  2.64658283E-03
 1.16027357E+00  1.88091474E-03
 1.16142304E+00  9.88422128E-04
 1.16177072E+00  1.23743543E-04
 1.16169869E+00 -8.06955832E-04
 1.16193496E+00 -1.80469391E-03
 1.16216567E+00 -2.62583694E-03
 1.16233005E+00 -3.14697606E-03
 1.16243528E+00 -3.23249973E-03
 1.16242483E+00 -2.79312122E-03
 1.16235700E+00 -1.89769999E-03
 1.16223815E+00 -6.25949988E-04
 1.16205933E+00  8.80432551E-04
 1.16184689E+00  2.35283357E-03
 1.16160138E+00  3.48085298E-03
 1.16133176E+00  3.94896556E-03
 1.16106122E+00  3.50050012E-03
 1.16079763E+00  2.08927297E-03
 1.16054760E+00 -1.05277365E-04
 1.16032192E+00 -2.77009784E-03
 1.16012838E+00 -5.37237459E-03
 1.15997714E+00 -7.06575570E-03
 1.15988079E+00 -6.94044305E-03
 1.15984698E+00 -4.43300448E-03
 1.15988054E+00  3.01537963E-04
 1.15998765E+00  5.77149252E-03
 1.16017248E+00  9.56737358E-03
 1.16043608E+00  1.00104680E-02
 1.16077621E+00  6.68816942E-03
 1.16118274E+00  1.15909947E-03
 1.16163895E+00 -3.28295350E-03
 1.16212774E+00 -4.54983952E-03
 1.16263156E+00 -2.27185336E-03
 1.16313349E+00  2.32022024E-03
 1.16361948E+00  6.14164608E-03
 1.16407480E+00  7.49378814E-03
 1.16448613E+00  6.57203879E-03
 1.16484730E+00  4.17820006E-03
 1.16515682E+00  2.36624613E-03
 1.16541528E+00  2.14368488E-03
 1.16562447E+00  2.86012865E-03
 1.16578153E+00  4.03981238E-03
 1.16587993E+00  4.74580976E-03
 1.16591838E+00  4.49192599E-03
 1.16589934E+00  3.90622416E-03
 1.16582717E+00  3.24908420E-03
 1.16571040E+00  2.74641774E-03
 1.16555596E+00  2.60980022E-03
 1.16536983E+00  2.50769007E-03
 1.16516411E+00  2.32611118E-03
 1.16495292E+00  2.12114079E-03
 1.16474776E+00  1.83704368E-03
 1.16455726E+00  1.59347246E-03
 1.16438127E+00  1.45399197E-03
 1.16421168E+00  1.36067020E-03
 1.16404225E+00  1.32725861E-03
 1.16386846E+00  1.34008420E-03
 1.16368745E+00  1.37749082E-03
 1.16350051E+00  1.46558830E-03
 1.16330589E+00  1.60393477E-03
 1.16309992E+00  1.78195247E-03
 1.16288444E+00  1.99792741E-03
 1.16266319E+00  2.23539344E-03
 1.16244073E+00  2.48063739E-03
 1.16222219E+00  2.72541281E-03
 1.16200551E+00  2.95421102E-03
 1.16178344E+00  3.15206070E-03
 1.16155297E+00  3.30658404E-03
 1.16131416E+00  3.40662347E-03
 1.16107071E+00  3.44929115E-03
 1.16083165E+00  3.43869656E-03
 1.16060282E+00  3.37877450E-03
 1.16038731E+00  3.27373421E-03
 1.16019111E+00  3.12647944E-03
 1.16001947E+00  2.93747019E-03
 1.15987721E+00  2.71204099E-03
 1.15976879E+00  2.45950343E-03
 1.15969173E+00  2.18847169E-03
 1.15963840E+00  1.90935528E-03
 1.15960224E+00  1.63240292E-03
 1.15957732E+00  1.36744684E-03
 1.15956096E+00  1.12983041E-03
 1.15955468E+00  9.37551820E-04
 1.15955714E+00  8.04935722E-04
 1.15956528E+00  7.42508979E-04
 1.15957812E+00  7.53597333E-04
 1.15959437E+00  8.33916425E-04
 1.15961454E+00  9.79741037E-04
 1.15964087E+00  1.18784281E-03
 1.15967147E+00  1.45368184E-03
 1.15970239E+00  1.77362010E-03
 1.15973207E+00  2.13978817E-03
 1.15976040E+00  2.54042540E-03
 1.15979085E+00  2.96592595E-03
 1.15983077E+00  3.40649751E-03
 1.15988576E+00  3.85121517E-03
 1.15996012E+00  4.28867708E-03
 1.16005902E+00  4.70211284E-03
 1.16018633E+00  5.07135108E-03
 1.16034606E+00  5.38036468E-03
 1.16054204E+00  5.61745806E-03
 1.16077364E+00  5.77687980E-03
 1.16103723E+00  5.85993894E-03
 1.16132883E+00  5.86760598E-03
 1.16164389E+00  5.80032897E-03
 1.16197963E+00  5.66090664E-03
 1.16233507E+00  5.45226738E-03
 1.16270645E+00  5.18120298E-03
 1.16308797E+00  4.85836321E-03
 1.16347340E+00  4.49255820E-03
 1.16385482E+00  4.09269207E-03
 1.16422491E+00  3.66942658E-03
 1.16457705E+00  3.23443165E-03
 1.16490201E+00  2.80429664E-03
 1.16518975E+00  2.39890202E-03
 1.16543165E+00  2.03418687E-03
 1.16562048E+00  1.72170400E-03
 1.16575282E+00  1.46738268E-03
 1.16582895E+00  1.27046076E-03
 1.16584907E+00  1.13041253E-03
 1.16581355E+00  1.04740405E-03
 1.16572331E+00  1.01980805E-03
 1.16557897E+00  1.04624192E-03
 1.16538380E+00  1.12179831E-03
 1.16514357E+00  1.23813683E-03
 1.16486391E+00  1.38898613E-03
 1.16455145E+00  1.56818433E-03
 1.16421359E+00  1.76816155E-03
 1.16385807E+00  1.98045825E-03
 1.16349526E+00  2.19147908E-03
 1.16313697E+00  2.38419446E-03
 1.16279347E+00  2.54552449E-03
 1.16247329E+00  2.66668297E-03
 1.16218185E+00  2.74444798E-03
 1.16192126E+00  2.78217004E-03
 1.16169374E+00  2.78244250E-03
 1.16150176E+00  2.74664462E-03
 1.16134735E+00  2.67759033E-03
 1.16123290E+00  2.57720683E-03
 1.16115860E+00  2.45008395E-03
 1.16112251E+00  2.30323876E-03
 1.16112314E+00  2.14019881E-03
 1.16115835E+00  1.96314908E-03
 1.16122529E+00  1.77523888E-03
 1.16132068E+00  1.58028798E-03
 1.16143840E+00  1.38741181E-03
 1.16157061E+00  1.20966228E-03
 1.16171112E+00  1.05615062E-03
 1.16185560E+00  9.32165688E-04
 1.16200277E+00  8.38850100E-04
 1.16215459E+00  7.71839821E-04
 1.16231225E+00  7.28210748E-04
 1.16247581E+00  7.06715906E-04
 1.16264499E+00  7.04009078E-04
 1.16281798E+00  7.17283624E-04
 1.16299392E+00  7.42551486E-04
 1.16317260E+00  7.74695319E-04
 1.16335120E+00  8.13165094E-04
 1.16352569E+00  8.60176567E-04
 1.16369193E+00  9.16906796E-04
 1.16384573E+00  9.83785167E-04
 1.16398616E+00  1.05707069E-03
 1.16411480E+00  1.12920994E-03
 1.16423124E+00  1.19593237E-03
 1.16433359E+00  1.25580500E-03
 1.16441842E+00  1.30887236E-03
 1.16448003E+00  1.35834978E-03
 1.16451457E+00  1.40595045E-03
 1.16452003E+00  1.45177129E-03
 1.16449376E+00  1.49863115E-03
 1.16443434E+00  1.54980237E-03
 1.16434142E+00  1.60824051E-03
 1.16421595E+00  1.67688323E-03
 1.16406352E+00  1.75464080E-03
 1.16389331E+00  1.83727188E-03
 1.16371463E+00  1.92172069E-03
 1.16353677E+00  2.00577831E-03
 1.16336712E+00  2.08919194E-03
 1.16321046E+00  2.17428162E-03
 1.16307302E+00  2.26132207E-03
 1.16296140E+00  2.34891708E-03
 1.16288009E+00  2.43638553E-03
 1.16283289E+00  2.52226612E-03
 1.16282177E+00  2.60593376E-03
 1.16284717E+00  2.68775798E-03
 1.16291183E+00  2.76571232E-03
 1.16301937E+00  2.83665661E-03
 1.16317051E+00  2.89851786E-03
 1.16336357E+00  2.94984027E-03
 1.16359332E+00  2.99145706E-03
 1.16385057E+00  3.02650449E-03
 1.16412672E+00  3.05711417E-03
 1.16441351E+00  3.08465494E-03
 1.16470127E+00  3.11039602E-03
 1.16498095E+00  3.13454825E-03
 1.16524362E+00  3.15804856E-03
 1.16548121E+00  3.18243283E-03
 1.16569038E+00  3.20767211E-03
 1.16587135E+00  3.23305622E-03
 1.16602450E+00  3.25771118E-03
 1.16615022E+00  3.28041129E-03
 1.16624657E+00  3.30128748E-03
 1.16630914E+00  3.32149550E-03
 1.16633625E+00  3.34109615E-03
 1.16632812E+00  3.35940327E-03
 1.16628458E+00  3.37503525E-03
 1.16620673E+00  3.38549201E-03
 1.16609494E+00  3.38884661E-03
 1.16594910E+00  3.38369305E-03
 1.16577315E+00  3.36794336E-03
 1.16557308E+00  3.33961566E-03
 1.16535329E+00  3.29694905E-03
 1.16511689E+00  3.23839688E-03
 1.16486331E+00  3.16396488E-03
 1.16458833E+00  3.07492346E-03
 1.16428958E+00  2.97254410E-03
 1.16396638E+00  2.85823733E-03
 1.16361861E+00  2.73316195E-03
 1.16324844E+00  2.59806274E-03
 1.16285765E+00  2.45471577E-03
 1.16244812E+00  2.30577361E-03
 1.16202594E+00  2.15400806E-03
 1.16159968E+00  2.00274088E-03
 1.16117833E+00  1.85528311E-03
 1.16077115E+00  1.71482399E-03
 1.16038404E+00  1.58540304E-03
 1.16001981E+00  1.47137401E-03
 1.15968319E+00  1.37653317E-03
 1.15937983E+00  1.30407150E-03
 1.15911522E+00  1.25583596E-03
 1.15889586E+00  1.23230866E-03
 1.15872590E+00  1.23388335E-03
 1.15860738E+00  1.26082938E-03
 1.15854396E+00  1.31317085E-03
 1.15853887E+00  1.39093791E-03
 1.15859308E+00  1.49307541E-03
 1.15870545E+00  1.61747464E-03
 1.15886995E+00  1.76184216E-03
 1.15907617E+00  1.92332162E-03
 1.15931382E+00  2.09869126E-03
 1.15957270E+00  2.28451791E-03
 1.15984287E+00  2.47634766E-03
 1.16011614E+00  2.66917150E-03
 1.16038354E+00  2.85850594E-03
 1.16063630E+00  3.04053104E-03
 1.16086958E+00  3.21271022E-03
 1.16108095E+00  3.37383346E-03
 1.16126910E+00  3.52259117E-03
 1.16143359E+00  3.65747954E-03
 1.16157129E+00  3.77690467E-03
 1.16167715E+00  3.87887681E-03
 1.16174933E+00  3.96221608E-03
 1.16178853E+00  4.02646754E-03
 1.16179723E+00  4.07083510E-03
 1.16178091E+00  4.09469880E-03
 1.16174424E+00  4.09760132E-03
 1.16169130E+00  4.07924146E-03
 1.16162915E+00  4.04068819E-03
 1.16156547E+00  3.98392129E-03
 1.16150673E+00  3.91033692E-03
 1.16145783E+00  3.82077094E-03
 1.16141845E+00  3.71505574E-03
 1.16138365E+00  3.59193204E-03
 1.16134920E+00  3.45088494E-03
 1.16131153E+00  3.29225994E-03
 1.16126851E+00  3.11680632E-03
 1.16122055E+00  2.92631671E-03
 1.16116577E+00  2.72283295E-03
 1.16110079E+00  2.50883186E-03
 1.16102447E+00  2.28871802E-03
 1.16093597E+00  2.06813087E-03
 1.16083508E+00  1.85295788E-03
 1.16072211E+00  1.64908780E-03
 1.16059319E+00  1.46087125E-03
 1.16044182E+00  1.29112158E-03
 1.16026406E+00  1.14308997E-03
 1.16005792E+00  1.01991664E-03
 1.15982471E+00  9.23919338E-04
 1.15956967E+00  8.57219567E-04
 1.15929674E+00  8.20750392E-04
 1.15900882E+00  8.14594773E-04
 1.15871061E+00  8.39988896E-04
 1.15840658E+00  8.98575595E-04
 1.15810240E+00  9.91033638E-04
 1.15780495E+00  1.11743137E-03
 1.15751838E+00  1.27653164E-03
 1.15724512E+00  1.46544482E-03
 1.15698782E+00  1.68098237E-03
 1.15674857E+00  1.91897799E-03
 1.15653027E+00  2.17282662E-03
 1.15633619E+00  2.43398616E-03
 1.15616579E+00  2.69204225E-03
 1.15601448E+00  2.93435131E-03
 1.15587382E+00  3.14677882E-03
 1.15573153E+00  3.31450264E-03
 1.15557634E+00  3.42304968E-03
 1.15539982E+00  3.46022184E-03
 1.15519676E+00  3.41859467E-03
 1.15496756E+00  3.29662294E-03
 1.15471695E+00  3.09850818E-03
 1.15445601E+00  2.83642128E-03
 1.15420775E+00  2.53311402E-03
 1.15400307E+00  2.21922400E-03
 1.15387271E+00  1.92772091E-03
 1.15384250E+00  1.68940496E-03
 1.15392289E+00  1.52476977E-03
 1.15410654E+00  1.44190690E-03
 1.15437869E+00  1.44343761E-03
 1.15471081E+00  1.52099638E-03
 1.15505101E+00  1.64718425E-03
 1.15533366E+00  1.78288665E-03
 1.15548804E+00  1.88510173E-03
 1.15544977E+00  1.91616522E-03
 1.15518838E+00  1.86565772E-03
 1.15470917E+00  1.75218078E-03
 1.15403209E+00  1.60574774E-03
 1.15320603E+00  1.47968918E-03
 1.15232383E+00  1.46423220E-03
 1.15150109E+00  1.66054401E-03
 1.15085735E+00  2.14739269E-03
 1.15048725E+00  2.94503174E-03
 1.15039839E+00  3.94726590E-03
 1.15051930E+00  4.92730355E-03
 1.15077061E+00  5.62334380E-03
 1.15105259E+00  5.72834981E-03
 1.15123763E+00  4.88136714E-03
 1.15118676E+00  2.82918584E-03
 1.15068721E+00 -3.58427728E-04
 1.14946977E+00 -4.04884919E-03
 1.14728838E+00 -6.66057268E-03
 1.14404827E+00 -6.13336036E-03
 1.14010615E+00 -1.31577177E-03
 1.13653193E+00  7.36437404E-03
 1.13539213E+00  1.69702515E-02
 1.13906405E+00  2.26771549E-02
 1.14835614E+00  2.12193283E-02
 1.16140266E+00  1.19111024E-02
 1.17223918E+00 -2.49008469E-03
 1.17248426E+00 -1.57259286E-02
 1.15776902E+00 -2.27581231E-02
 1.13043219E+00 -2.03237878E-02
 1.10252318E+00 -5.78679758E-03
 1.09270932E+00  1.74263606E-02
 1.11040572E+00  3.43723365E-02
 1.15016603E+00  2.98038002E-02
 1.18709806E+00  1.24472508E-02
 1.19012352E+00  2.06552779E-03
 1.17154348E+00 -6.05415769E-03
 1.16537247E+00 -2.15246960E-02
 1.15718836E+00 -2.71329272E-02
 1.12443959E+00 -7.57612059E-03
 1.09909257E+00  1.80486444E-02
 1.11488883E+00  2.40811675E-02
 1.15000769E+00  1.58724681E-02
 1.17028445E+00  8.86550800E-03
 1.17704422E+00  2.04052610E-03
 1.17839611E+00 -4.47671765E-03
 1.17119487E+00 -5.54573402E-03
 1.16185337E+00 -4.06382886E-03
 1.15646351E+00 -4.62074642E-03
 1.15152983E+00 -8.02803632E-03
 1.14684863E+00 -8.95288836E-03
 1.14314370E+00  5.05317167E-05
 1.14136915E+00  1.16227961E-02
 1.14524685E+00  1.26307289E-02
 1.15314281E+00  7.60355592E-03
 1.15973772E+00  6.11650015E-03
 1.16207304E+00  4.80533213E-03
 1.15797027E+00 -1.60086933E-04
 1.14914200E+00 -5.16510420E-03
 1.14160880E+00 -7.93404522E-03
 1.13826983E+00 -8.20084405E-03
 1.13924510E+00 -4.70902763E-03
 1.14332943E+00  1.34865116E-03
 1.14644430E+00  6.41650190E-03
 1.14677350E+00  8.31162991E-03
 1.14547581E+00  6.20184267E-03
 1.14332336E+00  1.32897912E-03
 1.14214315E+00 -2.75319936E-03
 1.14282867E+00 -4.20190684E-03
 1.14417284E+00 -3.10890578E-03
 1.14571326E+00 -3.16069657E-04
 1.14701248E+00  1.76829667E-03
 1.14766337E+00  2.01712151E-03
 1.14828270E+00  1.15631820E-03
 1.14905361E+00 -3.02841967E-04
 1.14983618E+00 -1.27003879E-03
 1.15071232E+00 -1.19027954E-03
 1.15144451E+00 -7.78757869E-04
 1.15191156E+00 -3.13024029E-04
 1.15223272E+00 -3.88509516E-05
 1.15238889E+00 -1.84592793E-04
 1.15240731E+00 -3.57420182E-04
 1.15233612E+00 -4.16586881E-04
 1.15213342E+00 -4.16158714E-04
 1.15180939E+00 -2.82203431E-04
 1.15139584E+00 -1.42406913E-04
 1.15089548E+00 -6.61788978E-05
 1.15033053E+00  1.11164669E-05
 1.14972113E+00  7.03291783E-05
 1.14907950E+00  1.21753740E-04
 1.14844234E+00  1.87149436E-04
 1.14785582E+00  2.35756689E-04
 1.14735281E+00  2.62675173E-04
 1.14695673E+00  2.71373733E-04
 1.14667266E+00  2.53537606E-04
 1.14648519E+00  2.14509354E-04
 1.14638377E+00  1.57582522E-04
 1.14636235E+00  8.08015005E-05
 1.14641065E+00 -1.29238139E-05
 1.14652240E+00 -1.21573711E-04
 1.14668443E+00 -2.42881374E-04
 1.14687764E+00 -3.72100476E-04
 1.14709615E+00 -5.05479318E-04
 1.14734036E+00 -6.39413115E-04
 1.14760823E+00 -7.69492081E-04
 1.14789623E+00 -8.91221034E-04
 1.14818525E+00 -9.98780542E-04
 1.14844373E+00 -1.08544424E-03
 1.14865154E+00 -1.14578128E-03
 1.14879864E+00 -1.17578063E-03
 1.14888391E+00 -1.17325709E-03
 1.14891997E+00 -1.13821153E-03
 1.14891452E+00 -1.07087162E-03
 1.14887011E+00 -9.71604239E-04
 1.14879735E+00 -8.41651705E-04
 1.14870709E+00 -6.82615743E-04
 1.14861173E+00 -4.97654360E-04
 1.14852579E+00 -2.91525247E-04
 1.14845062E+00 -6.90899173E-05
 1.14837852E+00  1.64206201E-04
 1.14830557E+00  4.02214870E-04
 1.14823034E+00  6.38400638E-04
 1.14816046E+00  8.64838162E-04
 1.14811317E+00  1.07287607E-03
 1.14809745E+00  1.25510743E-03
 1.14811522E+00  1.40572717E-03
 1.14816723E+00  1.52135245E-03
 1.14824807E+00  1.60120037E-03
 1.14835540E+00  1.64483348E-03
 1.14849037E+00  1.65194854E-03
 1.14864596E+00  1.62265115E-03
 1.14881219E+00  1.55699728E-03
 1.14898040E+00  1.45696531E-03
 1.14914207E+00  1.32636834E-03
 1.14929702E+00  1.16910940E-03
 1.14945229E+00  9.89909037E-04
 1.14961122E+00  7.94042285E-04
 1.14977444E+00  5.87136085E-04
 1.14993961E+00  3.76921028E-04
 1.15009927E+00  1.72236325E-04
 1.15025019E+00 -1.95161397E-05
 1.15039296E+00 -1.92688358E-04
 1.15052595E+00 -3.44620394E-04
 1.15064856E+00 -4.75771133E-04
 1.15075928E+00 -5.86459385E-04
 1.15085497E+00 -6.76644336E-04
 1.15093765E+00 -7.46352449E-04
 1.15101234E+00 -7.94866728E-04
 1.15108204E+00 -8.23148767E-04
 1.15114886E+00 -8.33608633E-04
 1.15121129E+00 -8.27559012E-04
 1.15126385E+00 -8.06319586E-04
 1.15130342E+00 -7.71471746E-04
 1.15132872E+00 -7.24788072E-04
 1.15133848E+00 -6.70802316E-04
 1.15133322E+00 -6.15835116E-04
 1.15131204E+00 -5.64438733E-04
 1.15127251E+00 -5.19410909E-04
 1.15121449E+00 -4.80997714E-04
 1.15113865E+00 -4.46475287E-04
 1.15104565E+00 -4.13956474E-04
 1.15093678E+00 -3.82501744E-04
 1.15081125E+00 -3.50714875E-04
 1.15066673E+00 -3.18042254E-04
 1.15050251E+00 -2.83229383E-04
 1.15031907E+00 -2.44494170E-04
 1.15011818E+00 -2.02565282E-04
 1.14990356E+00 -1.59555840E-04
 1.14967813E+00 -1.17374531E-04
 1.14944405E+00 -7.77659978E-05
 1.14920420E+00 -3.99899110E-05
 1.14896117E+00 -1.18990653E-06
 1.14871784E+00  3.97536014E-05
 1.14847749E+00  8.25869289E-05
 1.14824193E+00  1.26168968E-04
 1.14801197E+00  1.67634917E-04
 1.14778860E+00  2.05248088E-04
 1.14757267E+00  2.38389296E-04
 1.14736579E+00  2.65178774E-04
 1.14717032E+00  2.83850850E-04
 1.14698750E+00  2.93137087E-04
 1.14681763E+00  2.92174770E-04
 1.14666049E+00  2.82896715E-04
 1.14651488E+00  2.69438269E-04
 1.14637983E+00  2.55497267E-04
 1.14625465E+00  2.44436017E-04
 1.14613796E+00  2.38473505E-04
 1.14602831E+00  2.38201996E-04
 1.14592448E+00  2.45250985E-04
 1.14582555E+00  2.61850004E-04
 1.14573194E+00  2.89133410E-04
 1.14564517E+00  3.28095885E-04
 1.14556648E+00  3.78929902E-04
 1.14549674E+00  4.41051284E-04
 1.14543594E+00  5.15408023E-04
 1.14538295E+00  6.03664344E-04
 1.14533691E+00  7.06197027E-04
 1.14529696E+00  8.22427573E-04
 1.14526125E+00  9.50072359E-04
 1.14522776E+00  1.08496496E-03
 1.14519464E+00  1.22347081E-03
 1.14516081E+00  1.36235650E-03
 1.14512793E+00  1.49785652E-03
 1.14510043E+00  1.62665052E-03
 1.14508397E+00  1.74534542E-03
 1.14508628E+00  1.85069410E-03
 1.14511771E+00  1.94150938E-03
 1.14518964E+00  2.01806091E-03
 1.14531306E+00  2.08071143E-03
 1.14549630E+00  2.12996372E-03
 1.14574067E+00  2.16534469E-03
 1.14603952E+00  2.18539223E-03
 1.14638014E+00  2.18992208E-03
 1.14674084E+00  2.17968926E-03
 1.14708789E+00  2.15554821E-03
 1.14738016E+00  2.11912990E-03
 1.14757677E+00  2.07177672E-03
 1.14764432E+00  2.01461326E-03
 1.14756996E+00  1.95029018E-03
 1.14736495E+00  1.88214973E-03
 1.14705589E+00  1.81298147E-03
 1.14669371E+00  1.74509589E-03
 1.14636571E+00  1.67921404E-03
 1.14618143E+00  1.61448737E-03
 1.14625297E+00  1.55052681E-03
 1.14667533E+00  1.48726857E-03
 1.14748665E+00  1.42462348E-03
 1.14866111E+00  1.36301011E-03
 1.15013889E+00  1.30205240E-03
 1.15180217E+00  1.24066725E-03
 1.15344477E+00  1.17846554E-03
 1.15480808E+00  1.11526584E-03
 1.15562166E+00  1.05110381E-03
 1.15565194E+00  9.86539553E-04
 1.15480640E+00  9.21713812E-04
 1.15314598E+00  8.56881385E-04
 1.15080679E+00  7.93954201E-04
 1.14805807E+00  7.36664703E-04
 1.14536890E+00  6.91156068E-04
 1.14331561E+00  6.65577411E-04
 1.14248185E+00  6.67238013E-04
 1.14333052E+00  7.01599566E-04
 1.14593769E+00  7.71382577E-04
 1.14995665E+00  8.75291123E-04
 1.15480178E+00  1.00937770E-03
 1.15949600E+00  1.16567756E-03
 1.16249859E+00  1.32908098E-03
 1.16216436E+00  1.47979687E-03
 1.15747525E+00  1.59751613E-03
 1.14871875E+00  1.66426009E-03
 1.13862498E+00  1.67086490E-03
 1.13159851E+00  1.61822419E-03
 1.13071952E+00  1.51138768E-03
 1.13677094E+00  1.36340722E-03
 1.14694368E+00  1.20064890E-03
 1.15526660E+00  1.05734975E-03
 1.15796262E+00  9.70830383E-04
 1.15437521E+00  9.74827702E-04
 1.14675037E+00  1.08358224E-03
 1.14069459E+00  1.29108128E-03
 1.13926812E+00  1.58368079E-03
 1.14205443E+00  1.93221837E-03
 1.14749870E+00  2.28382447E-03
 1.15173877E+00  2.57280886E-03
 1.15281291E+00  2.72801543E-03
 1.15178798E+00  2.68739904E-03
 1.14944420E+00  2.43114651E-03
 1.14745413E+00  1.98275192E-03
 1.14672646E+00  1.38506111E-03
 1.14623372E+00  7.16478270E-04
 1.14576426E+00  1.06263450E-04
 1.14525160E+00 -2.94096666E-04
 1.14458654E+00 -3.40396789E-04
 1.14448722E+00  6.30378994E-05
 1.14496240E+00  8.81866418E-04
 1.14547205E+00  1.93832853E-03
 1.14585574E+00  2.96026838E-03
 1.14590428E+00  3.53201562E-03
 1.14586917E+00  3.03999111E-03
 1.14647244E+00  9.01688648E-04
 1.14774906E+00 -3.02013896E-03
 1.14898838E+00 -8.06998200E-03
 1.14862271E+00 -1.22692941E-02
 1.14458258E+00 -1.28828508E-02
 1.13641875E+00 -8.32196920E-03
 1.12623119E+00  1.03270787E-03
 1.11943903E+00  1.17682314E-02
 1.12307452E+00  1.81582131E-02
 1.13931860E+00  1.65384632E-02
 1.16237622E+00  6.57035799E-03
 1.17525751E+00 -7.85941167E-03
 1.16130622E+00 -1.89638593E-02
 1.13745315E+00 -2.17708115E-02
 1.13403767E+00 -1.55523672E-02
 1.13685492E+00 -3.25230858E-03
 1.12001722E+00  7.88594874E-03
 1.10725822E+00  1.34988569E-02
 1.12773067E+00  1.34022912E-02
 1.16112764E+00  8.66693061E-03
 1.17765950E+00  3.23148748E-03
 1.17761962E+00 -8.79810121E-04
 1.16621572E+00 -4.60162479E-03
 1.14486933E+00 -7.18412645E-03
 1.12657989E+00 -8.10557746E-03
 1.12158146E+00 -6.66755562E-03
 1.12928532E+00 -1.23701793E-03
 1.14482942E+00  6.38831246E-03
 1.15785274E+00  1.22359303E-02
 1.16266228E+00  1.38273540E-02
 1.16115342E+00  9.80670614E-03
 1.15569881E+00  2.08512617E-03
 1.15174876E+00 -4.24138106E-03
 1.15197885E+00 -6.37472466E-03
 1.15343786E+00 -3.96573323E-03
 1.15452539E+00  1.50494672E-03
 1.15323943E+00  5.86932627E-03
 1.14863584E+00  7.02189066E-03
 1.14342672E+00  5.59251986E-03
 1.13966697E+00  2.55503684E-03
 1.13907399E+00  3.44114214E-04
 1.14301634E+00  1.73295244E-04
 1.15033335E+00  1.06057158E-03
 1.15842680E+00  2.43449097E-03
 1.16391806E+00  3.33375744E-03
 1.16415316E+00  3.18931958E-03
 1.15878320E+00  2.76125189E-03
 1.15028510E+00  2.35467038E-03
 1.14337266E+00  2.13821136E-03
 1.14117543E+00  2.33261451E-03
 1.14423207E+00  2.56346925E-03
 1.15066574E+00  2.67589996E-03
 1.15597129E+00  2.73453038E-03
 1.15764501E+00  2.66661977E-03
 1.15596588E+00  2.57949596E-03
 1.15214332E+00  2.54133726E-03
 1.14921728E+00  2.49083953E-03
 1.14868043E+00  2.44443041E-03
 1.14958483E+00  2.39508499E-03
 1.15123971E+00  2.32094660E-03
 1.15227641E+00  2.24756735E-03
 1.15198926E+00  2.17961748E-03
 1.15131012E+00  2.11490324E-03
 1.15061253E+00  2.06202052E-03
 1.15020545E+00  2.01809321E-03
 1.15037903E+00  1.98196627E-03
 1.15062461E+00  1.95736131E-03
 1.15075938E+00  1.94631782E-03
 1.15085999E+00  1.95336650E-03
 1.15083249E+00  1.98216895E-03
 1.15083842E+00  2.03369277E-03
 1.15096489E+00  2.10811598E-03
 1.15112224E+00  2.20377158E-03
 1.15133013E+00  2.31911113E-03
 1.15157128E+00  2.45302022E-03
 1.15180658E+00  2.60257493E-03
 1.15206133E+00  2.76403235E-03
 1.15232917E+00  2.93302505E-03
 1.15259391E+00  3.10431580E-03
 1.15285992E+00  3.27373815E-03
 1.15311942E+00  3.43786880E-03
 1.15336483E+00  3.59235452E-03
 1.15359385E+00  3.73236204E-03
 1.15379848E+00  3.85232882E-03
 1.15397053E+00  3.94592389E-03
 1.15410510E+00  4.00813271E-03
 1.15419802E+00  4.03544023E-03
 1.15424547E+00  4.02531480E-03
 1.15424513E+00  3.97683181E-03
 1.15419551E+00  3.88974383E-03
 1.15409614E+00  3.76433968E-03
 1.15394963E+00  3.60247800E-03
 1.15376137E+00  3.40731094E-03
 1.15353832E+00  3.18357574E-03
 1.15328962E+00  2.93785849E-03
 1.15302625E+00  2.67781508E-03
 1.15276049E+00  2.41218243E-03
 1.15250652E+00  2.15077403E-03
 1.15227961E+00  1.90397976E-03
 1.15209475E+00  1.68269220E-03
 1.15196628E+00  1.49774388E-03
 1.15190721E+00  1.35882853E-03
 1.15192791E+00  1.27375168E-03
 1.15203520E+00  1.24740231E-03
 1.15223236E+00  1.28176729E-03
 1.15252023E+00  1.37747557E-03
 1.15289779E+00  1.53415154E-03
 1.15336353E+00  1.75100667E-03
 1.15391489E+00  2.02676812E-03
 1.15454475E+00  2.35696749E-03
 1.15524154E+00  2.73403028E-03
 1.15599012E+00  3.14844438E-03
 1.15677124E+00  3.58817882E-03
 1.15756457E+00  4.04039614E-03
 1.15834917E+00  4.49180954E-03
 1.15910153E+00  4.92695348E-03
 1.15979806E+00  5.32988393E-03
 1.16041751E+00  5.68636419E-03
 1.16094245E+00  5.98475883E-03
 1.16136371E+00  6.21881411E-03
 1.16167961E+00  6.38734545E-03
 1.16189028E+00  6.49000746E-03
 1.16199704E+00  6.52691902E-03
 1.16200065E+00  6.49785204E-03
 1.16190076E+00  6.40168429E-03
 1.16170366E+00  6.24138162E-03
 1.16142157E+00  6.02354151E-03
 1.16106836E+00  5.75523170E-03
 1.16066181E+00  5.44562318E-03
 1.16022049E+00  5.10441056E-03
 1.15976328E+00  4.74160238E-03
 1.15931544E+00  4.37168366E-03
 1.15890476E+00  4.01127322E-03
 1.15855476E+00  3.67426690E-03
 1.15828360E+00  3.37133902E-03
 1.15809877E+00  3.10687934E-03
 1.15799718E+00  2.87892137E-03
 1.15797562E+00  2.68605722E-03
 1.15803115E+00  2.52771515E-03
 1.15816070E+00  2.40343402E-03
 1.15836337E+00  2.31458928E-03
 1.15863148E+00  2.25926906E-03
 1.15895151E+00  2.23281900E-03
 1.15931188E+00  2.23313390E-03
 1.15969950E+00  2.25831165E-03
 1.16010033E+00  2.30609816E-03
 1.16049996E+00  2.37400879E-03
 1.16087538E+00  2.45397067E-03
 1.16119871E+00  2.53422397E-03
 1.16144809E+00  2.60650118E-03
 1.16160809E+00  2.66583122E-03
 1.16167361E+00  2.71196373E-03
 1.16165093E+00  2.75028857E-03
 1.16154516E+00  2.78435689E-03
 1.16135988E+00  2.81575856E-03
 1.16110063E+00  2.84719340E-03
 1.16077120E+00  2.87982764E-03
 1.16038077E+00  2.91594205E-03
 1.15994338E+00  2.95866132E-03
 1.15946820E+00  3.00602217E-03
 1.15896326E+00  3.05310658E-03
 1.15843818E+00  3.09548186E-03
 1.15790346E+00  3.12908291E-03
 1.15737851E+00  3.15445397E-03
 1.15688894E+00  3.17625340E-03
 1.15645402E+00  3.19592532E-03
 1.15608681E+00  3.21246968E-03
 1.15579275E+00  3.22374582E-03
 1.15556767E+00  3.22477859E-03
 1.15540940E+00  3.21281850E-03
 1.15531810E+00  3.18731600E-03
 1.15529059E+00  3.14521935E-03
 1.15532449E+00  3.08355479E-03
 1.15541429E+00  3.00065089E-03
 1.15555141E+00  2.89588976E-03
 1.15573352E+00  2.77398884E-03
 1.15596143E+00  2.64402666E-03
 1.15623394E+00  2.51422989E-03
 1.15654844E+00  2.39215760E-03
 1.15689494E+00  2.28355697E-03
 1.15725724E+00  2.19122965E-03
 1.15762446E+00  2.11970001E-03
 1.15799058E+00  2.07436028E-03
 1.15835340E+00  2.05797407E-03
 1.15871692E+00  2.07247396E-03
 1.15908267E+00  2.11824987E-03
 1.15944933E+00  2.19418195E-03
 1.15981898E+00  2.30192911E-03
 1.16019335E+00  2.44450913E-03
 1.16057450E+00  2.62209377E-03
 1.16096497E+00  2.83265779E-03
 1.16136057E+00  3.07094991E-03
 1.16175238E+00  3.32800015E-03
 1.16213301E+00  3.59571228E-03
 1.16249621E+00  3.86668103E-03
 1.16284033E+00  4.13209957E-03
 1.16316865E+00  4.38378666E-03
 1.16348048E+00  4.61369690E-03
 1.16377193E+00  4.81438705E-03
 1.16403882E+00  4.98284855E-03
 1.16427434E+00  5.11941383E-03
 1.16447395E+00  5.22461268E-03
 1.16463563E+00  5.29923447E-03
 1.16475410E+00  5.34232153E-03
 1.16482364E+00  5.35101787E-03
 1.16484054E+00  5.32529639E-03
 1.16480275E+00  5.26730619E-03
 1.16471430E+00  5.17936279E-03
 1.16458454E+00  5.06538947E-03
 1.16442186E+00  4.92885852E-03
 1.16423387E+00  4.77285407E-03
 1.16402677E+00  4.60373473E-03
 1.16380384E+00  4.42933401E-03
 1.16357062E+00  4.25603596E-03
 1.16333406E+00  4.08883010E-03
 1.16309839E+00  3.92893256E-03
 1.16286712E+00  3.77386104E-03
 1.16264264E+00  3.62213176E-03
 1.16242615E+00  3.47317110E-03
 1.16222246E+00  3.32672146E-03
 1.16203850E+00  3.18412195E-03
 1.16187844E+00  3.04525867E-03
 1.16174445E+00  2.90893571E-03
 1.16163570E+00  2.77630578E-03
 1.16154764E+00  2.64933985E-03
 1.16147696E+00  2.53006642E-03
 1.16142127E+00  2.42061474E-03
 1.16137652E+00  2.31994405E-03
 1.16133902E+00  2.22467701E-03
 1.16130505E+00  2.13332767E-03
 1.16127101E+00  2.04585671E-03
 1.16123745E+00  1.96389159E-03
 1.16120779E+00  1.89145045E-03
 1.16118483E+00  1.83111676E-03
 1.16117082E+00  1.78410700E-03
 1.16116540E+00  1.75258559E-03
 1.16116518E+00  1.73806393E-03
 1.16116838E+00  1.74178653E-03
 1.16117390E+00  1.76471860E-03
 1.16117912E+00  1.80452091E-03
 1.16118147E+00  1.85647841E-03
 1.16117717E+00  1.91613879E-03
 1.16116167E+00  1.97922643E-03
 1.16113378E+00  2.04318785E-03
 1.16109439E+00  2.10749478E-03
 1.16104317E+00  2.17025795E-03
 1.16097930E+00  2.22881269E-03
 1.16090022E+00  2.28133154E-03
 1.16080142E+00  2.32576020E-03
 1.16068057E+00  2.36119547E-03
 1.16053725E+00  2.38781356E-03
 1.16037108E+00  2.40413018E-03
 1.16018351E+00  2.40813879E-03
 1.15997708E+00  2.39931642E-03
 1.15975574E+00  2.37830695E-03
 1.15952798E+00  2.34821818E-03
 1.15930563E+00  2.31461257E-03
 1.15910085E+00  2.28248524E-03
 1.15892595E+00  2.25636095E-03
 1.15879123E+00  2.24093414E-03
 1.15870435E+00  2.23992660E-03
 1.15867353E+00  2.25715827E-03
 1.15870631E+00  2.29610704E-03
 1.15880696E+00  2.35748369E-03
 1.15897779E+00  2.44006920E-03
 1.15921849E+00  2.54204831E-03
 1.15952660E+00  2.66102167E-03
 1.15990114E+00  2.79577549E-03
 1.16034123E+00  2.94606630E-03
 1.16084182E+00  3.10954774E-03
 1.16139418E+00  3.28220071E-03
 1.16198521E+00  3.45910221E-03
 1.16259702E+00  3.63370330E-03
 1.16321179E+00  3.79983191E-03
 1.16381189E+00  3.95172048E-03
 1.16437791E+00  4.08195652E-03
 1.16489123E+00  4.18286087E-03
 1.16533449E+00  4.24785053E-03
 1.16569272E+00  4.27167140E-03
 1.16595831E+00  4.25252233E-03
 1.16612980E+00  4.19181661E-03
 1.16620732E+00  4.09122588E-03
 1.16619239E+00  3.95274140E-03
 1.16608533E+00  3.77844981E-03
 1.16588522E+00  3.57000945E-03
 1.16559712E+00  3.33153332E-03
 1.16523132E+00  3.06933541E-03
 1.16480025E+00  2.78987002E-03
 1.16432042E+00  2.50068546E-03
 1.16380873E+00  2.20968575E-03
 1.16328217E+00  1.92483338E-03
 1.16276295E+00  1.65633265E-03
 1.16227514E+00  1.41537974E-03
 1.16183963E+00  1.21146022E-03
 1.16147333E+00  1.05206275E-03
 1.16118406E+00  9.41074174E-04
 1.16097093E+00  8.78599746E-04
 1.16083293E+00  8.64422906E-04
 1.16076913E+00  8.98059018E-04
 1.16077892E+00  9.78245832E-04
 1.16086365E+00  1.10368625E-03
 1.16101878E+00  1.27024577E-03
 1.16123453E+00  1.47104855E-03
 1.16150224E+00  1.69899843E-03
 1.16181137E+00  1.94578309E-03
 1.16215065E+00  2.20224748E-03
 1.16250854E+00  2.45884236E-03
 1.16286627E+00  2.70342127E-03
 1.16320110E+00  2.92258651E-03
 1.16349502E+00  3.10502225E-03
 1.16373508E+00  3.24199020E-03
 1.16391710E+00  3.32905735E-03
 1.16404636E+00  3.36631281E-03
 1.16412688E+00  3.35421700E-03
 1.16416121E+00  3.29333670E-03
 1.16415270E+00  3.18480080E-03
 1.16410257E+00  3.02941905E-03
 1.16401635E+00  2.83118502E-03
 1.16390329E+00  2.59708220E-03
 1.16376822E+00  2.33394223E-03
 1.16361479E+00  2.04976250E-03
 1.16344751E+00  1.75332420E-03
 1.16327128E+00  1.45383728E-03
 1.16309861E+00  1.16403882E-03
 1.16294731E+00  8.98528233E-04
 1.16282979E+00  6.69350340E-04
 1.16275337E+00  4.85546364E-04
 1.16271904E+00  3.51166392E-04
 1.16271978E+00  2.64972175E-04
 1.16275063E+00  2.25891346E-04
 1.16280893E+00  2.33322368E-04
 1.16288931E+00  2.86217975E-04
 1.16298746E+00  3.84480034E-04
 1.16309703E+00  5.25096255E-04
 1.16320979E+00  7.02464821E-04
 1.16332364E+00  9.12626384E-04
 1.16344005E+00  1.15149209E-03
 1.16355914E+00  1.41433024E-03
 1.16368020E+00  1.69597064E-03
 1.16379665E+00  1.98676113E-03
 1.16389672E+00  2.27413626E-03
 1.16397335E+00  2.54841689E-03
 1.16402355E+00  2.80285620E-03
 1.16404691E+00  3.03493535E-03
 1.16404787E+00  3.24707613E-03
 1.16402902E+00  3.44052865E-03
 1.16399098E+00  3.61517727E-03
 1.16393828E+00  3.77177818E-03
 1.16387626E+00  3.90993743E-03
 1.16381043E+00  4.03076925E-03
 1.16374696E+00  4.13666397E-03
 1.16368695E+00  4.22643399E-03
 1.16362776E+00  4.29712109E-03
 1.16356859E+00  4.34632341E-03
 1.16350995E+00  4.37206902E-03
 1.16345527E+00  4.37655359E-03
 1.16341151E+00  4.36540149E-03
 1.16338274E+00  4.34146850E-03
 1.16337041E+00  4.30528542E-03
 1.16337624E+00  4.25550756E-03
 1.16340017E+00  4.18768220E-03
 1.16344308E+00  4.09916943E-03
 1.16350705E+00  3.98922446E-03
 1.16359094E+00  3.85549431E-03
 1.16369213E+00  3.69621075E-03
 1.16380869E+00  3.51014953E-03
 1.16393874E+00  3.29657702E-03
 1.16408308E+00  3.05934610E-03
 1.16424498E+00  2.80574550E-03
 1.16442611E+00  2.54258540E-03
 1.16462695E+00  2.27631199E-03
 1.16484711E+00  2.01111679E-03
 1.16508444E+00  1.74846076E-03
 1.16533793E+00  1.49185823E-03
 1.16560775E+00  1.24618238E-03
 1.16589288E+00  1.01533994E-03
 1.16619224E+00  8.03766540E-04
 1.16650427E+00  6.14490935E-04
 1.16682655E+00  4.49154034E-04
 1.16715793E+00  3.11794015E-04
 1.16749785E+00  2.07266360E-04
 1.16784454E+00  1.38537487E-04
 1.16819535E+00  1.07099430E-04
 1.16854594E+00  1.11075713E-04
 1.16889018E+00  1.45211303E-04
 1.16922246E+00  2.04943470E-04
 1.16953765E+00  2.86194140E-04
 1.16983078E+00  3.84503345E-04
 1.17009771E+00  4.96436173E-04
 1.17033400E+00  6.17849190E-04
 1.17053510E+00  7.44332984E-04
 1.17069795E+00  8.74301092E-04
 1.17082044E+00  1.00779175E-03
 1.17090114E+00  1.14491179E-03
 1.17093953E+00  1.28580841E-03
 1.17093478E+00  1.42823086E-03
 1.17088614E+00  1.56778863E-03
 1.17079478E+00  1.70166736E-03
 1.17066368E+00  1.82799019E-03
 1.17049781E+00  1.94494589E-03
 1.17030428E+00  2.05184388E-03
 1.17009051E+00  2.14701174E-03
 1.16986396E+00  2.22812568E-03
 1.16963269E+00  2.29515047E-03
 1.16940443E+00  2.34900405E-03
 1.16918680E+00  2.38997633E-03
 1.16898680E+00  2.41800339E-03
 1.16880897E+00  2.43084974E-03
 1.16865586E+00  2.42436105E-03
 1.16852946E+00  2.39575758E-03
 1.16843131E+00  2.34347677E-03
 1.16836380E+00  2.26684118E-03
 1.16833004E+00  2.16710938E-03
 1.16833088E+00  2.04574656E-03
 1.16836518E+00  1.90483618E-03
 1.16843067E+00  1.74950080E-03
 1.16852320E+00  1.58674762E-03
 1.16863861E+00  1.42427621E-03
 1.16877275E+00  1.27022538E-03
 1.16891950E+00  1.13075632E-03
 1.16907209E+00  1.01012373E-03
 1.16922468E+00  9.13495165E-04
 1.16937264E+00  8.46062918E-04
 1.16951478E+00  8.12079692E-04
 1.16965294E+00  8.15639641E-04
 1.16978859E+00  8.59041813E-04
 1.16992270E+00  9.43120702E-04
 1.17005514E+00  1.06983826E-03
 1.17018409E+00  1.24100475E-03
 1.17030926E+00  1.45622919E-03
 1.17043145E+00  1.71311482E-03
 1.17055000E+00  2.00589893E-03
 1.17066412E+00  2.32554250E-03
 1.17077262E+00  2.66303113E-03
 1.17087400E+00  3.00936263E-03
 1.17096981E+00  3.35492979E-03
 1.17106344E+00  3.69097530E-03
 1.17115655E+00  4.00878828E-03
 1.17124934E+00  4.30050786E-03
 1.17133956E+00  4.56218998E-03
 1.17142216E+00  4.79279468E-03
 1.17149342E+00  4.99196414E-03
 1.17155083E+00  5.15978022E-03
 1.17159150E+00  5.29448358E-03
 1.17161361E+00  5.39263808E-03
 1.17161531E+00  5.45358701E-03
 1.17159486E+00  5.47881877E-03
 1.17155388E+00  5.47045516E-03
 1.17149622E+00  5.43251232E-03
 1.17142576E+00  5.36853869E-03
 1.17134642E+00  5.28178987E-03
 1.17125994E+00  5.17876187E-03
 1.17116591E+00  5.06727209E-03
 1.17106554E+00  4.95371475E-03
 1.17096106E+00  4.84295722E-03
 1.17085441E+00  4.73566006E-03
 1.17074842E+00  4.62852240E-03
 1.17064473E+00  4.51924678E-03
 1.17054403E+00  4.40654290E-03
 1.17044902E+00  4.28985878E-03
 1.17036315E+00  4.17068996E-03
 1.17028882E+00  4.04906687E-03
 1.17022775E+00  3.92408385E-03
 1.17017928E+00  3.79761205E-03
 1.17014045E+00  3.67255459E-03
 1.17010909E+00  3.55213860E-03
 1.17008352E+00  3.43981632E-03
 1.17006197E+00  3.33537736E-03
 1.17004361E+00  3.23593045E-03
 1.17002712E+00  3.14069503E-03
 1.17001099E+00  3.05041199E-03
 1.16999573E+00  2.96759249E-03
 1.16998301E+00  2.89733601E-03
 1.16997453E+00  2.84294233E-03
 1.16997208E+00  2.80606602E-03
 1.16997571E+00  2.78950388E-03
 1.16998393E+00  2.79528364E-03
 1.16999620E+00  2.82485160E-03
 1.17001243E+00  2.87905012E-03
 1.17003236E+00  2.95463451E-03
 1.17005628E+00  3.04531000E-03
 1.17008369E+00  3.14503445E-03
 1.17011354E+00  3.24792804E-03
 1.17014629E+00  3.34989194E-03
 1.17018310E+00  3.44913367E-03
 1.17022460E+00  3.54237277E-03
 1.17027124E+00  3.62560473E-03
 1.17032216E+00  3.69628832E-03
 1.17037527E+00  3.75202695E-03
 1.17042930E+00  3.79171394E-03
 1.17048357E+00  3.81538729E-03
 1.17053752E+00  3.82088400E-03
 1.17059137E+00  3.80508520E-03
 1.17064533E+00  3.76676499E-03
 1.17069977E+00  3.70612561E-03
 1.17075666E+00  3.62594426E-03
 1.17081898E+00  3.53180132E-03
 1.17088982E+00  3.42854378E-03
 1.17097232E+00  3.32049604E-03
 1.17106860E+00  3.21282047E-03
 1.17117964E+00  3.11004188E-03
 1.17130686E+00  3.01671748E-03
 1.17145159E+00  2.93705179E-03
 1.17161448E+00  2.87201385E-03
 1.17179589E+00  2.82025440E-03
 1.17199533E+00  2.78031429E-03
 1.17221155E+00  2.75061699E-03
 1.17244400E+00  2.73116715E-03
 1.17269223E+00  2.72362505E-03
 1.17295471E+00  2.72778693E-03
 1.17322902E+00  2.74214491E-03
 1.17351132E+00  2.76532390E-03
 1.17379633E+00  2.79499661E-03
 1.17407891E+00  2.82943693E-03
 1.17435409E+00  2.86738745E-03
 1.17461650E+00  2.90523201E-03
 1.17486116E+00  2.93831542E-03
 1.17508329E+00  2.96312255E-03
 1.17527863E+00  2.97714773E-03
 1.17544494E+00  2.98057011E-03
 1.17558159E+00  2.97623649E-03
 1.17568839E+00  2.96624886E-03
 1.17576560E+00  2.95210945E-03
 1.17581304E+00  2.93535234E-03
 1.17583021E+00  2.91654082E-03
 1.17581820E+00  2.89720714E-03
 1.17577953E+00  2.87960833E-03
 1.17571739E+00  2.86423446E-03
 1.17563612E+00  2.85084817E-03
 1.17554018E+00  2.83924788E-03
 1.17543401E+00  2.82917642E-03
 1.17532347E+00  2.82243310E-03
 1.17521491E+00  2.82239837E-03
 1.17511390E+00  2.83108963E-03
 1.17502508E+00  2.84947859E-03
 1.17495075E+00  2.87753743E-03
 1.17489097E+00  2.91362848E-03
 1.17484578E+00  2.95685027E-03
 1.17481528E+00  3.00693712E-03
 1.17479970E+00  3.06250514E-03
 1.17479981E+00  3.12206075E-03
 1.17481483E+00  3.18396504E-03
 1.17484261E+00  3.24631895E-03
 1.17488125E+00  3.30878993E-03
 1.17492830E+00  3.37215914E-03
 1.17498111E+00  3.43667372E-03
 1.17503697E+00  3.50227102E-03
 1.17509130E+00  3.56800769E-03
 1.17513845E+00  3.63188162E-03
 1.17517396E+00  3.69276020E-03
 1.17519461E+00  3.75023118E-03
 1.17519944E+00  3.80376460E-03
 1.17518986E+00  3.85331899E-03
 1.17516689E+00  3.89859311E-03
 1.17513104E+00  3.93897126E-03
 1.17508291E+00  3.97484243E-03
 1.17502237E+00  4.00711232E-03
 1.17495026E+00  4.03654065E-03
 1.17486827E+00  4.06394543E-03
 1.17477674E+00  4.08951229E-03
 1.17467562E+00  4.11280089E-03
 1.17456494E+00  4.13385181E-03
 1.17444485E+00  4.15302290E-03
 1.17431755E+00  4.17075965E-03
 1.17418672E+00  4.18784501E-03
 1.17405473E+00  4.20467208E-03
 1.17392282E+00  4.22118959E-03
 1.17379083E+00  4.23748226E-03
 1.17365679E+00  4.25348890E-03
 1.17351953E+00  4.26904230E-03
 1.17337874E+00  4.28399324E-03
 1.17323353E+00  4.29775283E-03
 1.17308352E+00  4.30939378E-03
 1.17292827E+00  4.31797478E-03
 1.17276735E+00  4.32244851E-03
 1.17260244E+00  4.32180563E-03
 1.17243667E+00  4.31514129E-03
 1.17227300E+00  4.30135559E-03
 1.17211427E+00  4.27922197E-03
 1.17196192E+00  4.24754169E-03
 1.17181594E+00  4.20513099E-03
 1.17167741E+00  4.15109054E-03
 1.17154821E+00  4.08493522E-03
 1.17143011E+00  4.00655047E-03
 1.17132553E+00  3.91625651E-03
 1.17123612E+00  3.81465721E-03
 1.17116284E+00  3.70256472E-03
 1.17110780E+00  3.58104117E-03
 1.17107341E+00  3.45138887E-03
 1.17106139E+00  3.31535971E-03
 1.17107295E+00  3.17516195E-03
 1.17110757E+00  3.03329526E-03
 1.17116315E+00  2.89258245E-03
 1.17123794E+00  2.75603378E-03
 1.17133037E+00  2.62677063E-03
 1.17143898E+00  2.50814823E-03
 1.17156290E+00  2.40354239E-03
 1.17170070E+00  2.31601687E-03
 1.17185059E+00  2.24815088E-03
 1.17201181E+00  2.20169373E-03
 1.17218399E+00  2.17756873E-03
 1.17236676E+00  2.17638531E-03
 1.17255979E+00  2.19848645E-03
 1.17276146E+00  2.24403144E-03
 1.17296912E+00  2.31302229E-03
 1.17318062E+00  2.40459294E-03
 1.17339404E+00  2.51702956E-03
 1.17360752E+00  2.64814872E-03
 1.17381967E+00  2.79511971E-03
 1.17402850E+00  2.95482011E-03
 1.17423162E+00  3.12393969E-03
 1.17442742E+00  3.29852398E-03
 1.17461451E+00  3.47438357E-03
 1.17479134E+00  3.64770571E-03
 1.17495628E+00  3.81526318E-03
 1.17510692E+00  3.97506392E-03
 1.17524013E+00  4.12629651E-03
 1.17535335E+00  4.26826144E-03
 1.17544443E+00  4.40027257E-03
 1.17551162E+00  4.52149993E-03
 1.17555392E+00  4.63082022E-03
 1.17557049E+00  4.72802658E-03
 1.17556078E+00  4.81372611E-03
 1.17552541E+00  4.88854266E-03
 1.17546579E+00  4.95353244E-03
 1.17538374E+00  5.00985001E-03
 1.17528142E+00  5.05871258E-03
 1.17516053E+00  5.10244826E-03
 1.17502238E+00  5.14394620E-03
 1.17486875E+00  5.18544209E-03
 1.17470167E+00  5.22842396E-03
 1.17452307E+00  5.27293216E-03
 1.17433507E+00  5.31754928E-03
 1.17413956E+00  5.36112926E-03
 1.17393841E+00  5.40288978E-03
 1.17373437E+00  5.44222074E-03
 1.17353073E+00  5.47915553E-03
 1.17333060E+00  5.51319422E-03
 1.17313701E+00  5.54346943E-03
 1.17295262E+00  5.57009621E-03
 1.17277958E+00  5.59356825E-03
 1.17262041E+00  5.61446009E-03
 1.17247776E+00  5.63339024E-03
 1.17235382E+00  5.64962744E-03
 1.17225070E+00  5.66147306E-03
 1.17217040E+00  5.66809790E-03
 1.17211477E+00  5.66938093E-03
 1.17208617E+00  5.66603840E-03
