# x =
 2.01417596E+01
# y =
 3.25097170E+00
 VARIABLES = u,v
 1.17335336E+00  2.06861852E-03
 1.17336749E+00  9.11480828E-04
 1.17329214E+00  2.42503046E-03
 1.17312355E+00  5.69011269E-03
 1.17285796E+00  8.39529990E-03
 1.17249659E+00  9.26918915E-03
 1.17204522E+00  8.45974517E-03
 1.17151657E+00  6.56967224E-03
 1.17093039E+00  5.14125004E-03
 1.17030638E+00  4.93026585E-03
 1.16966399E+00  5.44846154E-03
 1.16902380E+00  6.33975587E-03
 1.16840457E+00  6.90200829E-03
 1.16782514E+00  6.76941360E-03
 1.16730297E+00  6.40982540E-03
 1.16684775E+00  6.01161033E-03
 1.16646346E+00  5.73408526E-03
 1.16615241E+00  5.72647593E-03
 1.16591563E+00  5.73167194E-03
 1.16575758E+00  5.65676646E-03
 1.16568562E+00  5.53864591E-03
 1.16570079E+00  5.33021807E-03
 1.16579900E+00  5.11649007E-03
 1.16597346E+00  4.94412328E-03
 1.16621236E+00  4.77109961E-03
 1.16650452E+00  4.61083611E-03
 1.16683920E+00  4.45768943E-03
 1.16719961E+00  4.29830869E-03
 1.16756695E+00  4.15401794E-03
 1.16792503E+00  4.02892043E-03
 1.16826089E+00  3.92131418E-03
 1.16857100E+00  3.83739624E-03
 1.16886033E+00  3.77437268E-03
 1.16913252E+00  3.73068598E-03
 1.16938962E+00  3.70828298E-03
 1.16963140E+00  3.70585158E-03
 1.16985316E+00  3.72263983E-03
 1.17005434E+00  3.75791807E-03
 1.17023731E+00  3.80952972E-03
 1.17040006E+00  3.87623539E-03
 1.17053991E+00  3.95701361E-03
 1.17065327E+00  4.04990603E-03
 1.17073582E+00  4.15217677E-03
 1.17079121E+00  4.25910978E-03
 1.17082813E+00  4.36403758E-03
 1.17085051E+00  4.46011351E-03
 1.17085833E+00  4.54004167E-03
 1.17084550E+00  4.59572511E-03
 1.17079888E+00  4.61938983E-03
 1.17070952E+00  4.60382537E-03
 1.17057291E+00  4.54356617E-03
 1.17038479E+00  4.43762909E-03
 1.17014566E+00  4.28996840E-03
 1.16985799E+00  4.10893946E-03
 1.16952726E+00  3.90902547E-03
 1.16917118E+00  3.71214790E-03
 1.16881545E+00  3.54518062E-03
 1.16848502E+00  3.43555810E-03
 1.16820214E+00  3.40708569E-03
 1.16797752E+00  3.47294199E-03
 1.16780875E+00  3.63335517E-03
 1.16769203E+00  3.87982259E-03
 1.16761770E+00  4.18977725E-03
 1.16756274E+00  4.51927305E-03
 1.16749808E+00  4.81038933E-03
 1.16739105E+00  5.00234226E-03
 1.16721206E+00  5.04184001E-03
 1.16695453E+00  4.90448943E-03
 1.16663441E+00  4.59811191E-03
 1.16627604E+00  4.14461112E-03
 1.16592100E+00  3.59238128E-03
 1.16563464E+00  3.03244629E-03
 1.16549386E+00  2.58030308E-03
 1.16557971E+00  2.35881928E-03
 1.16596017E+00  2.47470798E-03
 1.16665342E+00  2.96506386E-03
 1.16762556E+00  3.79380467E-03
 1.16881366E+00  4.89302128E-03
 1.17010646E+00  6.13571569E-03
 1.17132610E+00  7.30687238E-03
 1.17225634E+00  8.14796404E-03
 1.17267231E+00  8.39931140E-03
 1.17238213E+00  7.86171315E-03
 1.17131110E+00  6.52501942E-03
 1.16951250E+00  4.58394227E-03
 1.16711013E+00  2.35384307E-03
 1.16434649E+00  3.43496259E-04
 1.16163673E+00 -6.66754155E-04
 1.15949172E+00  1.24293163E-04
 1.15842684E+00  3.12211492E-03
 1.15885209E+00  7.96076004E-03
 1.16085095E+00  1.28953998E-02
 1.16414521E+00  1.52849531E-02
 1.16824717E+00  1.33690844E-02
 1.17232829E+00  6.91782753E-03
 1.17506545E+00 -1.91461203E-03
 1.17503638E+00 -8.93594917E-03
 1.17135957E+00 -1.13004297E-02
 1.16427794E+00 -8.19213154E-03
 1.15613624E+00 -9.23871043E-04
 1.15072006E+00  6.74926579E-03
 1.15066257E+00  1.24266129E-02
 1.15660394E+00  1.55014092E-02
 1.16607919E+00  1.55711571E-02
 1.17388970E+00  1.35522681E-02
 1.17673009E+00  9.71584353E-03
 1.17399367E+00  3.57713958E-03
 1.16758720E+00 -3.08170557E-03
 1.16233133E+00 -7.58235540E-03
 1.16086655E+00 -7.87676068E-03
 1.16285671E+00 -2.63379164E-03
 1.16701742E+00  5.98829995E-03
 1.17010082E+00  1.30890655E-02
 1.17050763E+00  1.56211515E-02
 1.16924973E+00  1.25945879E-02
 1.16706897E+00  5.76263899E-03
 1.16543941E+00 -3.59733083E-05
 1.16514241E+00 -2.23506442E-03
 1.16522659E+00 -9.98318126E-04
 1.16533973E+00  2.52923816E-03
 1.16520154E+00  5.13605171E-03
 1.16455426E+00  5.32226414E-03
 1.16398520E+00  4.12716535E-03
 1.16372239E+00  2.28038091E-03
 1.16370020E+00  1.25292935E-03
 1.16401029E+00  1.78410656E-03
 1.16443860E+00  2.86006939E-03
 1.16480628E+00  4.02577539E-03
 1.16508927E+00  4.85597025E-03
 1.16514469E+00  4.94206139E-03
 1.16488721E+00  4.73363538E-03
 1.16430511E+00  4.39019247E-03
 1.16337992E+00  3.86040507E-03
 1.16215636E+00  3.29354761E-03
 1.16074269E+00  2.61174733E-03
 1.15931825E+00  1.88713905E-03
 1.15813055E+00  1.41116331E-03
 1.15743680E+00  1.36147152E-03
 1.15745207E+00  1.90815873E-03
 1.15825309E+00  3.09008813E-03
 1.15976247E+00  4.71437865E-03
 1.16183569E+00  6.53048450E-03
 1.16420795E+00  8.14960708E-03
 1.16642931E+00  8.95409785E-03
 1.16795730E+00  8.32628589E-03
 1.16824486E+00  5.94806234E-03
 1.16686532E+00  2.08590434E-03
 1.16377763E+00 -1.92447649E-03
 1.15935837E+00 -4.05500182E-03
 1.15422650E+00 -2.94863103E-03
 1.14939272E+00  1.58953408E-03
 1.14641955E+00  7.93729372E-03
 1.14693773E+00  1.29166663E-02
 1.15185731E+00  1.43814864E-02
 1.16064527E+00  1.17333231E-02
 1.17014219E+00  5.98577433E-03
 1.17544528E+00  2.86419299E-06
 1.17322884E+00 -4.40012652E-03
 1.16290652E+00 -6.79981016E-03
 1.14816669E+00 -6.95548938E-03
 1.13638947E+00 -5.64000444E-03
 1.13246863E+00 -3.09867332E-03
 1.13762977E+00  1.06916233E-03
 1.14940733E+00  5.65154663E-03
 1.16108848E+00  8.82968854E-03
 1.16860088E+00  9.18603273E-03
 1.17141430E+00  5.71262386E-03
 1.16971452E+00 -1.42868649E-04
 1.16617689E+00 -5.01809903E-03
 1.16189560E+00 -6.84898502E-03
 1.15576439E+00 -4.96457657E-03
 1.14935399E+00 -6.03716201E-04
 1.14486779E+00  2.85241254E-03
 1.14418970E+00  3.64289851E-03
 1.14934125E+00  1.93878813E-03
 1.15819063E+00 -1.35084461E-03
 1.16554717E+00 -3.83166603E-03
 1.16827029E+00 -4.30875691E-03
 1.16504725E+00 -3.38474362E-03
 1.15775187E+00 -1.51688853E-03
 1.15178292E+00  2.33905377E-04
 1.14990526E+00  1.27861191E-03
 1.15196312E+00  2.18350430E-03
 1.15661404E+00  3.01092165E-03
 1.16009246E+00  3.74003355E-03
 1.16058322E+00  4.33178961E-03
 1.15908938E+00  4.20586999E-03
 1.15635210E+00  3.18495648E-03
 1.15406851E+00  1.45794341E-03
 1.15314683E+00 -8.09798638E-04
 1.15262089E+00 -3.09708590E-03
 1.15226915E+00 -4.69875098E-03
 1.15195032E+00 -4.98274451E-03
 1.15154233E+00 -3.46908644E-03
 1.15179708E+00 -2.07373515E-04
 1.15288926E+00  3.77952309E-03
 1.15448665E+00  6.84332068E-03
 1.15631712E+00  7.79042799E-03
 1.15759565E+00  6.24829395E-03
 1.15734061E+00  3.15405023E-03
 1.15481168E+00  5.92698126E-04
 1.14975308E+00 -1.85037667E-04
 1.14305490E+00  9.24329004E-04
 1.13747983E+00  3.02214196E-03
 1.13679210E+00  4.04633464E-03
 1.14325195E+00  2.94482456E-03
 1.15647567E+00  6.26132114E-05
 1.17196115E+00 -3.69594857E-03
 1.18203095E+00 -6.48975250E-03
 1.18165967E+00 -7.19450150E-03
 1.17007635E+00 -5.91578587E-03
 1.15182776E+00 -2.92047621E-03
 1.13653686E+00  8.97527002E-04
 1.13039584E+00  4.77131052E-03
 1.13452375E+00  8.40459554E-03
 1.14615247E+00  1.08256170E-02
 1.15753395E+00  1.09532284E-02
 1.16423753E+00  8.15791781E-03
 1.16651735E+00  2.39829201E-03
 1.16503230E+00 -4.42298398E-03
 1.16299225E+00 -9.05282667E-03
 1.16159568E+00 -9.28895736E-03
 1.15882473E+00 -4.49665773E-03
 1.15520813E+00  3.28835927E-03
 1.15181411E+00  9.62912889E-03
 1.14971313E+00  1.17547939E-02
 1.15115437E+00  9.17435485E-03
 1.15535071E+00  3.52452992E-03
 1.15924694E+00 -1.05408423E-03
 1.16127072E+00 -2.30150108E-03
 1.16046782E+00 -5.12387843E-04
 1.15746860E+00  3.19434038E-03
 1.15500561E+00  6.00241481E-03
 1.15416629E+00  6.49881072E-03
 1.15455640E+00  5.50539488E-03
 1.15572319E+00  3.63918991E-03
 1.15619701E+00  2.17173582E-03
 1.15540106E+00  1.79007011E-03
 1.15412727E+00  1.71947950E-03
 1.15271135E+00  1.72770734E-03
 1.15165974E+00  1.65525202E-03
 1.15133961E+00  1.35940278E-03
 1.15134538E+00  1.39185804E-03
 1.15156411E+00  1.91565595E-03
 1.15200342E+00  2.75773266E-03
 1.15251089E+00  3.83116279E-03
 1.15315312E+00  4.71208872E-03
 1.15382952E+00  4.90420715E-03
 1.15424783E+00  4.07108429E-03
 1.15423095E+00  2.02455784E-03
 1.15362047E+00 -9.27664807E-04
 1.15241678E+00 -3.66401935E-03
 1.15087522E+00 -4.63887859E-03
 1.14934080E+00 -2.88752891E-03
 1.14833958E+00  1.51322656E-03
 1.14867992E+00  6.84726916E-03
 1.15112069E+00  1.01369655E-02
 1.15584849E+00  9.50111564E-03
 1.16202918E+00  4.77813271E-03
 1.16710157E+00 -2.10109715E-03
 1.16752530E+00 -7.23843338E-03
 1.16127121E+00 -8.23948692E-03
 1.14889284E+00 -4.94864600E-03
 1.13491678E+00  9.60766638E-04
 1.12687494E+00  5.69460665E-03
 1.12952581E+00  7.05614617E-03
 1.14315848E+00  5.24052730E-03
 1.16235773E+00  1.44724590E-03
 1.17654448E+00 -1.48720207E-03
 1.17908555E+00 -2.02999174E-03
 1.16934525E+00 -7.82581025E-04
 1.15217255E+00  1.48570391E-03
 1.13843351E+00  3.14477489E-03
 1.13451479E+00  3.31602905E-03
 1.14015786E+00  2.68374106E-03
 1.15176968E+00  1.66173059E-03
 1.16079726E+00  8.79417452E-04
 1.16261097E+00  7.40269547E-04
 1.15876791E+00  7.52938920E-04
 1.15164101E+00  7.48863127E-04
 1.14642435E+00  6.86594269E-04
 1.14590204E+00  4.82654867E-04
 1.14815461E+00  4.44323420E-04
 1.15194169E+00  7.00343797E-04
 1.15516381E+00  1.18734553E-03
 1.15650979E+00  1.91735446E-03
 1.15741136E+00  2.74903939E-03
 1.15824310E+00  3.51480905E-03
 1.15903043E+00  4.10560357E-03
 1.15989276E+00  4.35181349E-03
 1.15975505E+00  4.11928366E-03
 1.15827008E+00  3.36619683E-03
 1.15583336E+00  2.10670987E-03
 1.15270736E+00  4.10931830E-04
 1.14979932E+00 -1.57088768E-03
 1.14828441E+00 -3.58338491E-03
 1.14908761E+00 -5.29813464E-03
 1.15279818E+00 -6.36553810E-03
 1.15896080E+00 -6.48152882E-03
 1.16530069E+00 -5.52419548E-03
 1.16851904E+00 -3.56965863E-03
 1.16651612E+00 -7.90774480E-04
 1.15931253E+00  2.46653766E-03
 1.15026442E+00  5.59915351E-03
 1.14532303E+00  7.88111019E-03
 1.14806454E+00  8.62132492E-03
 1.15843361E+00  7.35389129E-03
 1.17211015E+00  4.21412544E-03
 1.18074712E+00 -4.93228922E-05
 1.17915104E+00 -4.43076247E-03
 1.16687365E+00 -7.52288588E-03
 1.14736179E+00 -7.36076819E-03
 1.12885369E+00 -2.13265534E-03
 1.11730281E+00  8.81536745E-03
 1.11514676E+00  2.39298642E-02
 1.12470892E+00  3.77035393E-02
 1.14483869E+00  4.22253165E-02
 1.17185397E+00  3.23589870E-02
 1.19798578E+00  7.82480451E-03
 1.20305606E+00 -2.39221400E-02
 1.16951146E+00 -4.89330663E-02
 1.11518654E+00 -5.72465577E-02
 1.07434405E+00 -4.51225710E-02
 1.04904148E+00 -1.58454689E-02
 1.03478692E+00  1.85677933E-02
 1.06411441E+00  4.78522544E-02
 1.15581526E+00  6.34534214E-02
 1.24664646E+00  5.19326953E-02
 1.25647433E+00  9.38827123E-03
 1.20732043E+00 -3.99317954E-02
 1.16411793E+00 -6.24821641E-02
 1.12268081E+00 -5.65557014E-02
 1.07180963E+00 -3.80577713E-02
 1.03957620E+00 -6.43473275E-03
 1.03775922E+00  3.36869498E-02
 1.06518651E+00  5.92697171E-02
 1.12225576E+00  5.52304721E-02
 1.18215898E+00  3.10326287E-02
 1.20886856E+00  6.42384657E-03
 1.20615509E+00 -1.33468193E-02
 1.19510396E+00 -2.96023320E-02
 1.16500271E+00 -3.85108455E-02
 1.10816556E+00 -4.02395846E-02
 1.06568387E+00 -2.95298668E-02
 1.07733858E+00  6.28513661E-04
 1.11529964E+00  2.98487060E-02
 1.13103091E+00  3.09199318E-02
 1.13587624E+00  1.56308318E-02
 1.15729875E+00  9.73154459E-03
 1.18099192E+00  8.23854769E-03
 1.19196659E+00  1.87550264E-04
 1.18914740E+00 -7.97555408E-03
 1.16647799E+00 -1.31460230E-02
 1.13921127E+00 -1.56985063E-02
 1.13531042E+00 -1.08442136E-02
 1.14483392E+00 -2.88800485E-04
 1.14256383E+00  8.63129405E-03
 1.13615694E+00  1.20370346E-02
 1.13889245E+00  7.88645467E-03
 1.14307578E+00 -9.36992765E-04
 1.14332293E+00 -6.13785869E-03
 1.14149832E+00 -4.13496156E-03
 1.13792437E+00  3.77065305E-03
 1.14290101E+00  1.33433085E-02
 1.16699689E+00  1.60861583E-02
 1.18774430E+00  7.95859868E-03
 1.17219905E+00 -8.32435857E-03
 1.13135311E+00 -2.62946324E-02
 1.09694268E+00 -3.52105776E-02
 1.07989882E+00 -2.86698254E-02
 1.08683115E+00 -8.35832389E-03
 1.11244073E+00  1.75344518E-02
 1.13353182E+00  3.46470476E-02
 1.15372867E+00  3.38013051E-02
 1.18699761E+00  1.51707091E-02
 1.20572865E+00 -1.29197313E-02
 1.18019568E+00 -3.39425853E-02
 1.13486844E+00 -3.76676652E-02
 1.10905979E+00 -2.41251896E-02
 1.10378118E+00 -2.08335159E-04
 1.10936859E+00  1.88766907E-02
 1.12822154E+00  2.43197211E-02
 1.15172740E+00  1.74290263E-02
 1.16727853E+00  3.00594519E-03
 1.17221389E+00 -8.03308095E-03
 1.16636439E+00 -9.79388596E-03
 1.15462117E+00 -5.04373140E-03
 1.14763703E+00  3.01219380E-03
 1.15203109E+00  8.11995950E-03
 1.15770070E+00  6.94063198E-03
 1.14930196E+00  2.53257998E-03
 1.14069391E+00 -2.68641789E-03
 1.15405495E+00 -5.37075348E-03
 1.17163892E+00 -3.37017656E-03
 1.16704926E+00  1.30151295E-03
 1.15386142E+00  6.66804860E-03
 1.15336422E+00  1.03769603E-02
 1.15840167E+00  1.05548381E-02
 1.15952360E+00  7.90892981E-03
 1.16105031E+00  3.94189806E-03
 1.16349150E+00  8.38348522E-04
 1.16366459E+00  2.19096076E-04
 1.16291117E+00  1.91966195E-03
 1.16230467E+00  4.87455237E-03
 1.16150923E+00  7.12076744E-03
 1.16072861E+00  7.46832420E-03
 1.15965626E+00  6.19507695E-03
 1.15824412E+00  4.03071182E-03
 1.15696841E+00  2.42803262E-03
 1.15602816E+00  2.19579898E-03
 1.15569439E+00  2.96565209E-03
 1.15614168E+00  4.36964654E-03
 1.15721093E+00  5.66625801E-03
 1.15878053E+00  6.33602428E-03
 1.16064968E+00  6.50614206E-03
 1.16240042E+00  5.91756993E-03
 1.16357802E+00  4.29775581E-03
 1.16371378E+00  1.68676652E-03
 1.16243004E+00 -1.66814543E-03
 1.15973235E+00 -4.41383222E-03
 1.15601484E+00 -4.53658115E-03
 1.15189201E+00 -9.51576217E-04
 1.14834649E+00  6.08626720E-03
 1.14686239E+00  1.40440689E-02
 1.14894104E+00  1.86183077E-02
 1.15530657E+00  1.71278352E-02
 1.16517495E+00  9.41326775E-03
 1.17507977E+00 -1.43520939E-03
 1.17986537E+00 -9.36185692E-03
 1.17623221E+00 -1.05793453E-02
 1.16408475E+00 -4.73620499E-03
 1.14830939E+00  5.35003249E-03
 1.13782447E+00  1.33929176E-02
 1.13827418E+00  1.56769095E-02
 1.15027354E+00  1.23043617E-02
 1.16865063E+00  5.33590418E-03
 1.18255375E+00 -2.79453409E-04
 1.18545331E+00 -1.84410383E-03
 1.17714228E+00 -1.99609215E-04
 1.16196023E+00  3.35744811E-03
 1.14988006E+00  5.90913351E-03
 1.14656359E+00  5.93986665E-03
 1.15115923E+00  4.63604794E-03
 1.16065338E+00  2.74954395E-03
 1.16801196E+00  1.48378495E-03
 1.16943751E+00  1.55191548E-03
 1.16668240E+00  2.02986003E-03
 1.16160830E+00  2.53147100E-03
 1.15798214E+00  2.82904420E-03
 1.15786099E+00  2.64498267E-03
 1.15941540E+00  2.44439109E-03
 1.16159839E+00  2.41395682E-03
 1.16302251E+00  2.47037463E-03
 1.16275632E+00  2.69730056E-03
 1.16204300E+00  2.94936373E-03
 1.16141800E+00  3.13822834E-03
 1.16108564E+00  3.34105351E-03
 1.16139646E+00  3.53580731E-03
 1.16177493E+00  3.73033732E-03
 1.16195860E+00  3.94724976E-03
 1.16205799E+00  4.14584161E-03
 1.16195951E+00  4.31581156E-03
 1.16182079E+00  4.45861795E-03
 1.16175258E+00  4.56303596E-03
 1.16166212E+00  4.63538138E-03
 1.16157408E+00  4.67917615E-03
 1.16147877E+00  4.69104892E-03
 1.16134383E+00  4.67367302E-03
 1.16121051E+00  4.62827958E-03
 1.16108837E+00  4.55678060E-03
 1.16097563E+00  4.46435292E-03
 1.16088245E+00  4.35350849E-03
 1.16079777E+00  4.22576811E-03
 1.16071447E+00  4.08388882E-03
 1.16063380E+00  3.93098178E-03
 1.16055632E+00  3.77329846E-03
 1.16048932E+00  3.61961214E-03
 1.16043724E+00  3.47637043E-03
 1.16039961E+00  3.34780473E-03
 1.16037733E+00  3.23587523E-03
 1.16036925E+00  3.13936871E-03
 1.16037570E+00  3.05784884E-03
 1.16039911E+00  2.99182043E-03
 1.16043682E+00  2.94049692E-03
 1.16048365E+00  2.90325317E-03
 1.16053568E+00  2.87856991E-03
 1.16058918E+00  2.86397341E-03
 1.16064423E+00  2.85920955E-03
 1.16070467E+00  2.86527369E-03
 1.16077193E+00  2.88247462E-03
 1.16084583E+00  2.91070093E-03
 1.16092597E+00  2.94758628E-03
 1.16100997E+00  2.98883803E-03
 1.16109697E+00  3.03217128E-03
 1.16118750E+00  3.07722993E-03
 1.16127982E+00  3.12515633E-03
 1.16137148E+00  3.17922586E-03
 1.16146009E+00  3.24154617E-03
 1.16154280E+00  3.31257322E-03
 1.16161899E+00  3.39275874E-03
 1.16168984E+00  3.48103491E-03
 1.16175538E+00  3.57511976E-03
 1.16181508E+00  3.67115269E-03
 1.16186792E+00  3.76061329E-03
 1.16191172E+00  3.83188150E-03
 1.16194539E+00  3.87410690E-03
 1.16196875E+00  3.87841367E-03
 1.16198086E+00  3.84135945E-03
 1.16198091E+00  3.76590513E-03
 1.16196811E+00  3.65694594E-03
 1.16194137E+00  3.52333518E-03
 1.16190075E+00  3.38145692E-03
 1.16184715E+00  3.25159791E-03
 1.16178134E+00  3.15516603E-03
 1.16170432E+00  3.11086581E-03
 1.16161717E+00  3.12488795E-03
 1.16152091E+00  3.19020902E-03
 1.16141747E+00  3.29348673E-03
 1.16130966E+00  3.40996203E-03
 1.16120077E+00  3.49843583E-03
 1.16109476E+00  3.50873330E-03
 1.16099573E+00  3.38889023E-03
 1.16090762E+00  3.09560143E-03
 1.16083446E+00  2.61596254E-03
 1.16078001E+00  1.97003500E-03
 1.16074776E+00  1.19616026E-03
 1.16074078E+00  3.63264351E-04
 1.16076111E+00 -4.15699490E-04
 1.16080982E+00 -1.00219521E-03
 1.16088729E+00 -1.25289727E-03
 1.16099319E+00 -1.04596462E-03
 1.16112685E+00 -3.34949548E-04
 1.16128707E+00  8.43916148E-04
 1.16147105E+00  2.40992710E-03
 1.16167431E+00  4.20693230E-03
 1.16189074E+00  5.96776096E-03
 1.16211255E+00  7.36386164E-03
 1.16233152E+00  8.06338838E-03
 1.16253926E+00  7.80115602E-03
 1.16272714E+00  6.52092191E-03
 1.16288697E+00  4.39740061E-03
 1.16301114E+00  1.73797285E-03
 1.16309318E+00 -9.33358006E-04
 1.16312930E+00 -2.77820659E-03
 1.16311810E+00 -2.89019040E-03
 1.16305927E+00 -6.89455451E-04
 1.16295338E+00  3.71431407E-03
 1.16280079E+00  8.91018278E-03
 1.16260183E+00  1.25860024E-02
 1.16235963E+00  1.31169775E-02
 1.16207992E+00  1.00670113E-02
 1.16177023E+00  4.85444558E-03
 1.16144045E+00  5.40038464E-04
 1.16110086E+00 -9.71673093E-04
 1.16076183E+00  5.97507308E-04
 1.16043556E+00  4.05308985E-03
 1.16013450E+00  6.48882582E-03
 1.15986978E+00  6.35389024E-03
 1.15965050E+00  3.95974865E-03
 1.15948115E+00  2.72117832E-04
 1.15936192E+00 -2.50769864E-03
 1.15929235E+00 -3.17794536E-03
 1.15927153E+00 -2.17207561E-03
 1.15929895E+00  8.89721370E-05
 1.15937491E+00  2.57318051E-03
 1.15949624E+00  4.57517654E-03
 1.15965666E+00  6.28875559E-03
 1.15984939E+00  7.32155474E-03
 1.16006583E+00  7.19932326E-03
 1.16029704E+00  5.69107110E-03
 1.16053399E+00  2.58096142E-03
 1.16076405E+00 -1.14605526E-03
 1.16097310E+00 -3.66029829E-03
 1.16114934E+00 -3.78132249E-03
 1.16128381E+00 -1.10174033E-03
 1.16137304E+00  3.26765009E-03
 1.16141912E+00  6.81178705E-03
 1.16142395E+00  7.98323736E-03
 1.16138909E+00  6.48948041E-03
 1.16131622E+00  3.22465317E-03
 1.16120578E+00  5.10610166E-04
 1.16106142E+00 -3.85631521E-04
 1.16088959E+00  3.85019853E-04
 1.16069520E+00  2.22782937E-03
 1.16048358E+00  3.60201180E-03
 1.16026074E+00  3.75146440E-03
 1.16003320E+00  3.16296035E-03
 1.15981249E+00  2.19176549E-03
 1.15961348E+00  1.54150296E-03
 1.15944849E+00  1.58083401E-03
 1.15932741E+00  1.84735821E-03
 1.15925627E+00  2.15761726E-03
 1.15923606E+00  2.35615512E-03
 1.15926807E+00  2.29822153E-03
 1.15935324E+00  2.24351777E-03
 1.15948886E+00  2.28424138E-03
 1.15966992E+00  2.38014628E-03
 1.15988661E+00  2.57261804E-03
 1.16012346E+00  2.76830771E-03
 1.16036277E+00  2.90963146E-03
 1.16058494E+00  3.02621443E-03
 1.16077058E+00  3.09189754E-03
 1.16090398E+00  3.10181398E-03
 1.16097489E+00  3.06566536E-03
 1.16098152E+00  2.96636133E-03
 1.16093328E+00  2.81047874E-03
 1.16085479E+00  2.62003487E-03
 1.16079191E+00  2.42187556E-03
 1.16080563E+00  2.26016359E-03
 1.16095531E+00  2.17878483E-03
 1.16128828E+00  2.21191756E-03
 1.16182332E+00  2.37789289E-03
 1.16254378E+00  2.67246290E-03
 1.16341281E+00  3.07915447E-03
 1.16436048E+00  3.56236483E-03
 1.16526213E+00  4.05375628E-03
 1.16595992E+00  4.46521114E-03
 1.16629215E+00  4.70456229E-03
 1.16612059E+00  4.69196676E-03
 1.16538990E+00  4.39697775E-03
 1.16413673E+00  3.84248027E-03
 1.16244159E+00  3.07453011E-03
 1.16046296E+00  2.18219168E-03
 1.15847976E+00  1.32075797E-03
 1.15684026E+00  6.79111006E-04
 1.15591099E+00  4.47448803E-04
 1.15600920E+00  7.73197493E-04
 1.15725432E+00  1.66756769E-03
 1.15955348E+00  2.99409659E-03
 1.16271047E+00  4.53183634E-03
 1.16634548E+00  5.92272675E-03
 1.16980698E+00  6.61429813E-03
 1.17229927E+00  6.03587917E-03
 1.17301697E+00  3.88703802E-03
 1.17132317E+00  4.00167160E-04
 1.16711737E+00 -3.23080489E-03
 1.16088493E+00 -5.18163854E-03
 1.15344711E+00 -4.22648517E-03
 1.14617243E+00 -1.78490023E-04
 1.14121313E+00  5.52881540E-03
 1.14086729E+00  1.00705557E-02
 1.14655678E+00  1.15473422E-02
 1.15788190E+00  9.44230407E-03
 1.17104228E+00  4.66386152E-03
 1.17990962E+00 -2.41832100E-04
 1.18021172E+00 -3.68222756E-03
 1.17089605E+00 -5.33430122E-03
 1.15594104E+00 -5.06764381E-03
 1.14374845E+00 -3.66707772E-03
 1.13965292E+00 -1.41464949E-03
 1.14461708E+00  2.05060498E-03
 1.15551717E+00  5.76310708E-03
 1.16450007E+00  8.29845162E-03
 1.16724809E+00  8.53695609E-03
 1.16426805E+00  5.62881318E-03
 1.15761195E+00  7.72866269E-04
 1.15252480E+00 -3.25319826E-03
 1.15158105E+00 -4.73408961E-03
 1.15312964E+00 -3.06582453E-03
 1.15597089E+00  7.58070999E-04
 1.15773082E+00  3.95598359E-03
 1.15717667E+00  5.06853845E-03
 1.15590585E+00  4.18656700E-03
 1.15456301E+00  1.97721895E-03
 1.15369064E+00  3.13178977E-04
 1.15379679E+00  7.69700558E-05
 1.15400923E+00  6.94767368E-04
 1.15401344E+00  1.76285850E-03
 1.15393618E+00  2.43599700E-03
 1.15361593E+00  2.28621756E-03
 1.15333692E+00  1.88288884E-03
 1.15325239E+00  1.45813429E-03
 1.15321222E+00  1.21880642E-03
 1.15325297E+00  1.35852979E-03
 1.15334475E+00  1.58197880E-03
 1.15342664E+00  1.78195127E-03
 1.15355180E+00  1.99435134E-03
 1.15371436E+00  2.14781035E-03
 1.15388807E+00  2.31799282E-03
 1.15407430E+00  2.52050593E-03
 1.15424604E+00  2.65679231E-03
 1.15438095E+00  2.69263603E-03
 1.15447086E+00  2.57773294E-03
 1.15450244E+00  2.27521889E-03
 1.15447087E+00  1.81506885E-03
 1.15438042E+00  1.22175087E-03
 1.15424234E+00  5.37848830E-04
 1.15408384E+00 -1.47443414E-04
 1.15394327E+00 -7.32699660E-04
 1.15385879E+00 -1.10972792E-03
 1.15386299E+00 -1.18096344E-03
 1.15397115E+00 -9.09505383E-04
 1.15417740E+00 -3.19913181E-04
 1.15446644E+00  5.33699990E-04
 1.15480549E+00  1.54231268E-03
 1.15513148E+00  2.51663681E-03
 1.15536353E+00  3.22436814E-03
 1.15541702E+00  3.42984727E-03
 1.15521880E+00  2.94642064E-03
 1.15474266E+00  1.74435600E-03
 1.15401250E+00 -3.48599709E-05
 1.15307321E+00 -2.15293233E-03
 1.15200920E+00 -4.21300568E-03
 1.15096535E+00 -5.59024872E-03
 1.15011960E+00 -5.61537424E-03
 1.14966020E+00 -3.86576903E-03
 1.14974937E+00 -4.36702216E-04
 1.15044218E+00  3.60297462E-03
 1.15168024E+00  6.51083669E-03
 1.15334806E+00  7.05444232E-03
 1.15522997E+00  4.88782706E-03
 1.15696609E+00  1.05343672E-03
 1.15812571E+00 -2.17374116E-03
 1.15829091E+00 -3.36966777E-03
 1.15716189E+00 -2.30601254E-03
 1.15476433E+00  1.69250130E-04
 1.15146200E+00  1.96286021E-03
 1.14777620E+00  2.03777182E-03
 1.14447566E+00  8.03351377E-04
 1.14267429E+00 -7.70983291E-04
 1.14347953E+00 -8.42730049E-04
 1.14749743E+00  1.36931903E-03
 1.15431360E+00  4.92016907E-03
 1.16161244E+00  8.11361127E-03
 1.16579187E+00  8.47560350E-03
 1.16422633E+00  4.78673569E-03
 1.15604111E+00 -1.80088755E-03
 1.14319716E+00 -8.00366728E-03
 1.13037451E+00 -8.96108890E-03
 1.12130845E+00 -1.96129756E-03
 1.11845898E+00  1.18428523E-02
 1.12361888E+00  2.67354228E-02
 1.13625958E+00  3.34282843E-02
 1.15468460E+00  2.62964502E-02
 1.17466994E+00  5.83378552E-03
 1.18497082E+00 -2.04044966E-02
 1.17254131E+00 -3.85275799E-02
 1.13354909E+00 -3.96324583E-02
 1.07937087E+00 -2.27884316E-02
 1.04730589E+00  5.46928904E-03
 1.07638366E+00  3.04692918E-02
 1.13925271E+00  4.25654062E-02
 1.17529251E+00  3.97962313E-02
 1.18772506E+00  2.36390478E-02
 1.20031665E+00  2.29176648E-03
 1.19302493E+00 -1.80113991E-02
 1.15548619E+00 -3.37875421E-02
 1.11281956E+00 -3.46362354E-02
 1.08704650E+00 -1.46185608E-02
 1.08203472E+00  1.18673730E-02
 1.09650678E+00  2.42560897E-02
 1.13073937E+00  2.23997455E-02
 1.17486155E+00  1.64261767E-02
 1.20346622E+00  6.84566173E-03
 1.19596648E+00 -4.04248272E-03
 1.16611951E+00 -1.03333316E-02
 1.14510782E+00 -1.20702828E-02
 1.13557953E+00 -9.29608643E-03
 1.12781089E+00 -2.13055176E-03
 1.12540200E+00  4.17786482E-03
 1.12612836E+00  5.07102875E-03
 1.12746195E+00  4.13059554E-03
 1.13588368E+00  6.95702800E-03
 1.15013457E+00  8.01722670E-03
 1.16404823E+00 -1.61095501E-04
 1.17350116E+00 -8.65105601E-03
 1.17308691E+00 -5.57248829E-03
 1.16380168E+00  2.55861962E-03
 1.15300685E+00  4.56154960E-03
 1.14417036E+00  2.94251134E-03
 1.13891088E+00  2.38098915E-03
 1.13794055E+00  1.16151914E-03
 1.13840286E+00 -3.10616099E-04
 1.14007363E+00 -2.48128970E-04
 1.14485526E+00  3.30053194E-04
 1.15117191E+00  7.36265789E-04
 1.15676923E+00  9.12165599E-04
 1.15953745E+00  6.46293316E-04
 1.15691836E+00  3.86991034E-04
 1.15043621E+00  3.40945497E-04
 1.14465043E+00  4.07807856E-04
 1.14197911E+00  6.62363630E-04
 1.14335729E+00  9.62539993E-04
 1.14764550E+00  1.18878074E-03
 1.15090089E+00  1.37736341E-03
 1.15142379E+00  1.46827106E-03
 1.14984898E+00  1.43075938E-03
 1.14686315E+00  1.27860239E-03
 1.14451122E+00  9.93413414E-04
 1.14369746E+00  5.93277237E-04
 1.14340328E+00  1.27419854E-04
 1.14333534E+00 -3.36652351E-04
 1.14307065E+00 -6.99945933E-04
 1.14235503E+00 -8.60040102E-04
 1.14198078E+00 -7.34197455E-04
 1.14220996E+00 -2.91478256E-04
 1.14297079E+00  4.38332230E-04
 1.14434399E+00  1.39669085E-03
 1.14597542E+00  2.47649339E-03
 1.14754253E+00  3.49601748E-03
 1.14888754E+00  4.23490204E-03
 1.14969262E+00  4.47026310E-03
 1.14973989E+00  4.02568081E-03
 1.14897501E+00  2.87441364E-03
 1.14741348E+00  1.15255751E-03
 1.14519651E+00 -9.09968945E-04
 1.14261713E+00 -2.93075324E-03
 1.14015784E+00 -4.31073001E-03
 1.13843559E+00 -4.41069231E-03
 1.13806511E+00 -2.83375906E-03
 1.13951556E+00  3.12264088E-04
 1.14284183E+00  3.97761904E-03
 1.14763461E+00  6.46789187E-03
 1.15321854E+00  6.60244009E-03
 1.15849134E+00  4.09239503E-03
 1.16173207E+00  4.30368987E-05
 1.16113482E+00 -3.21514564E-03
 1.15567786E+00 -4.20236184E-03
 1.14591207E+00 -2.65133158E-03
 1.13526496E+00  5.71009880E-04
 1.12908354E+00  3.28552392E-03
 1.13100825E+00  4.29210734E-03
 1.14171992E+00  3.72692092E-03
 1.15728435E+00  2.15385545E-03
 1.16976945E+00  1.02131988E-03
 1.17394426E+00  1.03630743E-03
 1.16854439E+00  1.73363424E-03
 1.15625439E+00  2.77265822E-03
 1.14430909E+00  3.48693183E-03
 1.13704229E+00  3.52713285E-03
 1.13488615E+00  3.32988888E-03
 1.13742031E+00  3.06957116E-03
 1.14150541E+00  2.89417326E-03
 1.14579118E+00  2.94291987E-03
 1.15147776E+00  2.97286338E-03
 1.15716946E+00  2.89591420E-03
 1.16100137E+00  2.74664540E-03
 1.16130450E+00  2.48203658E-03
 1.15599695E+00  2.18504397E-03
 1.14708928E+00  1.90391327E-03
 1.13954268E+00  1.60488656E-03
 1.13636728E+00  1.30687985E-03
 1.13896550E+00  1.01111592E-03
 1.14560917E+00  7.12297401E-04
 1.15112546E+00  4.37767354E-04
 1.15287972E+00  1.98186904E-04
 1.15096077E+00 -2.20495845E-06
 1.14656852E+00 -1.54131355E-04
 1.14323058E+00 -2.58910205E-04
 1.14258306E+00 -3.17244396E-04
 1.14358860E+00 -3.26918816E-04
 1.14552704E+00 -2.88394858E-04
 1.14681667E+00 -2.01212415E-04
 1.14665976E+00 -6.70487221E-05
 1.14609909E+00  1.09105541E-04
 1.14553159E+00  3.22236902E-04
 1.14530782E+00  5.66092087E-04
 1.14575143E+00  8.33671251E-04
 1.14628350E+00  1.11769529E-03
 1.14669340E+00  1.40788968E-03
 1.14705443E+00  1.69244841E-03
 1.14725118E+00  1.96146633E-03
 1.14745912E+00  2.20732275E-03
 1.14777073E+00  2.42664584E-03
 1.14808398E+00  2.62040097E-03
 1.14841918E+00  2.78921771E-03
 1.14875449E+00  2.93313546E-03
 1.14904696E+00  3.05208654E-03
 1.14932733E+00  3.14473915E-03
 1.14959174E+00  3.21200537E-03
 1.14982670E+00  3.25666957E-03
 1.15004008E+00  3.27977764E-03
 1.15022491E+00  3.28224467E-03
 1.15037623E+00  3.26521819E-03
 1.15049620E+00  3.23002045E-03
 1.15058224E+00  3.18186826E-03
 1.15063314E+00  3.12854110E-03
 1.15064903E+00  3.07539876E-03
 1.15062785E+00  3.02550394E-03
 1.15056577E+00  2.97860630E-03
 1.15045751E+00  2.93052909E-03
 1.15029823E+00  2.87842869E-03
 1.15008436E+00  2.82090036E-03
 1.14981436E+00  2.75587659E-03
 1.14948921E+00  2.68249131E-03
 1.14911007E+00  2.59920282E-03
 1.14867889E+00  2.50401652E-03
 1.14820051E+00  2.39867754E-03
 1.14768141E+00  2.28715104E-03
 1.14712952E+00  2.17318287E-03
 1.14655371E+00  2.06034828E-03
 1.14596067E+00  1.94899766E-03
 1.14535547E+00  1.83660004E-03
 1.14474452E+00  1.72295533E-03
 1.14413474E+00  1.60961110E-03
 1.14353327E+00  1.49889531E-03
 1.14294818E+00  1.39513857E-03
 1.14238592E+00  1.30111461E-03
 1.14185186E+00  1.21809306E-03
 1.14135288E+00  1.14926361E-03
 1.14089585E+00  1.09788327E-03
 1.14048620E+00  1.06626853E-03
 1.14012799E+00  1.05598801E-03
 1.13982197E+00  1.06484723E-03
 1.13956582E+00  1.08753136E-03
 1.13935749E+00  1.11937562E-03
 1.13919500E+00  1.15619653E-03
 1.13907615E+00  1.19495195E-03
 1.13899979E+00  1.23459532E-03
 1.13896431E+00  1.27284715E-03
 1.13896838E+00  1.30677759E-03
 1.13901372E+00  1.33535148E-03
 1.13910397E+00  1.35812239E-03
 1.13924283E+00  1.37553136E-03
 1.13943374E+00  1.38886315E-03
 1.13967728E+00  1.39720815E-03
 1.13997131E+00  1.39837709E-03
 1.14031490E+00  1.39193549E-03
 1.14070754E+00  1.37868542E-03
 1.14114781E+00  1.36121483E-03
 1.14163461E+00  1.34433322E-03
 1.14216512E+00  1.33198332E-03
 1.14273529E+00  1.32743483E-03
 1.14334337E+00  1.33497928E-03
 1.14398841E+00  1.35853371E-03
 1.14466761E+00  1.40174950E-03
 1.14537668E+00  1.46780921E-03
 1.14610796E+00  1.55690633E-03
 1.14685039E+00  1.66690868E-03
 1.14759360E+00  1.79560192E-03
 1.14832756E+00  1.94056288E-03
 1.14904144E+00  2.10021548E-03
 1.14972504E+00  2.27405340E-03
 1.15036713E+00  2.45971970E-03
 1.15095577E+00  2.65340622E-03
 1.15148133E+00  2.85129399E-03
 1.15193553E+00  3.04871249E-03
 1.15231020E+00  3.24141311E-03
 1.15259769E+00  3.42572710E-03
 1.15278908E+00  3.59650047E-03
 1.15287466E+00  3.74829099E-03
 1.15284724E+00  3.87727326E-03
 1.15270203E+00  3.98138038E-03
 1.15243638E+00  4.06192694E-03
 1.15205063E+00  4.12321432E-03
 1.15154611E+00  4.16881705E-03
 1.15092528E+00  4.20099822E-03
 1.15019374E+00  4.22012748E-03
 1.14935938E+00  4.22342282E-03
 1.14843235E+00  4.20733989E-03
 1.14742532E+00  4.16649818E-03
 1.14635187E+00  4.09031408E-03
 1.14522709E+00  3.96567573E-03
 1.14406971E+00  3.78055279E-03
 1.14290219E+00  3.52647676E-03
 1.14175159E+00  3.20504190E-03
 1.14064995E+00  2.82888246E-03
 1.13963240E+00  2.41606275E-03
 1.13873751E+00  1.99363420E-03
 1.13800857E+00  1.60207506E-03
 1.13748974E+00  1.28913963E-03
 1.13722006E+00  1.10349462E-03
 1.13722852E+00  1.08671150E-03
 1.13752565E+00  1.25633069E-03
 1.13809890E+00  1.60316962E-03
 1.13891378E+00  2.10206804E-03
 1.13990582E+00  2.70172587E-03
 1.14097018E+00  3.31331478E-03
 1.14197575E+00  3.82478934E-03
 1.14279413E+00  4.11811612E-03
 1.14332118E+00  4.08966068E-03
 1.14351335E+00  3.69211065E-03
 1.14338735E+00  2.94030703E-03
 1.14296542E+00  1.88027591E-03
 1.14228159E+00  6.13512770E-04
 1.14139431E+00 -6.74225499E-04
 1.14039456E+00 -1.74751989E-03
 1.13949393E+00 -2.35720184E-03
 1.13904722E+00 -2.28770135E-03
 1.13953501E+00 -1.45960776E-03
 1.14143079E+00  6.07898843E-05
 1.14483278E+00  2.13921536E-03
 1.14920856E+00  4.51842383E-03
 1.15311025E+00  6.75718145E-03
 1.15454983E+00  8.32270103E-03
 1.15234172E+00  8.68964254E-03
 1.14672720E+00  7.46902418E-03
 1.14010694E+00  4.67172263E-03
 1.13637122E+00  7.41722858E-04
 1.13748161E+00 -3.62935576E-03
 1.14231302E+00 -7.35691068E-03
 1.14568316E+00 -8.80178579E-03
 1.14004681E+00 -6.31538097E-03
 1.12379360E+00  8.58840336E-04
 1.10452438E+00  1.17712323E-02
 1.10158409E+00  2.24532922E-02
 1.13227964E+00  2.70418588E-02
 1.17196462E+00  2.17821140E-02
 1.17914412E+00  6.56489935E-03
 1.16820857E+00 -1.30462326E-02
 1.17044825E+00 -2.68477949E-02
 1.15943311E+00 -2.81685821E-02
 1.10880090E+00 -1.57873413E-02
 1.06484038E+00  5.28343968E-03
 1.08071455E+00  2.36102907E-02
 1.13064361E+00  3.18839976E-02
 1.16394774E+00  2.86830727E-02
 1.17932320E+00  1.58171384E-02
 1.18469099E+00  6.13095062E-04
 1.17731537E+00 -1.19369223E-02
 1.16938103E+00 -1.99911170E-02
 1.15508939E+00 -1.79016523E-02
 1.11686601E+00 -4.12341329E-03
 1.08519803E+00  9.89021503E-03
 1.10057878E+00  1.16320798E-02
 1.14018737E+00  8.66076821E-03
 1.16148479E+00  1.51559221E-02
 1.16631973E+00  2.07317038E-02
 1.16604439E+00  9.65441212E-03
 1.15709689E+00 -7.48023208E-03
 1.14753198E+00 -1.45036058E-02
 1.14524640E+00 -1.13645039E-02
 1.14571156E+00 -1.33974298E-03
 1.14679419E+00  9.64181225E-03
 1.14663299E+00  1.03340368E-02
 1.14456389E+00  5.09546807E-03
 1.14472975E+00  7.16631025E-03
 1.14729739E+00  9.75942211E-03
 1.15009507E+00  1.94207699E-03
 1.15232348E+00 -6.21779652E-03
 1.15192393E+00 -3.17671420E-03
 1.14908103E+00  4.03748369E-03
 1.14658616E+00  5.73820577E-03
 1.14532280E+00  4.41397323E-03
 1.14538318E+00  3.87335117E-03
 1.14656049E+00  2.68030989E-03
 1.14722738E+00  1.38533768E-03
 1.14686018E+00  1.51988076E-03
 1.14612227E+00  2.13017692E-03
 1.14519342E+00  2.60694998E-03
 1.14457857E+00  2.85126898E-03
 1.14454245E+00  2.64023326E-03
 1.14459117E+00  2.38118103E-03
 1.14461412E+00  2.25533782E-03
 1.14462898E+00  2.17323656E-03
 1.14453657E+00  2.21113101E-03
 1.14451778E+00  2.24816680E-03
 1.14463700E+00  2.20471597E-03
 1.14480395E+00  2.15677904E-03
 1.14503662E+00  2.09088548E-03
 1.14530311E+00  2.01650938E-03
 1.14556007E+00  1.96207107E-03
 1.14582957E+00  1.90081690E-03
 1.14609950E+00  1.83059386E-03
 1.14635253E+00  1.75889587E-03
 1.14659696E+00  1.67845974E-03
 1.14683236E+00  1.59399370E-03
 1.14706035E+00  1.50860872E-03
 1.14728808E+00  1.41989182E-03
 1.14751349E+00  1.33047172E-03
 1.14773096E+00  1.24262513E-03
 1.14794004E+00  1.15772735E-03
 1.14814119E+00  1.07876188E-03
 1.14833263E+00  1.00813659E-03
 1.14851333E+00  9.47894046E-04
 1.14868037E+00  9.00791820E-04
 1.14882986E+00  8.69634940E-04
 1.14896467E+00  8.57087501E-04
 1.14909163E+00  8.65845130E-04
 1.14921452E+00  8.98192162E-04
 1.14933507E+00  9.55865247E-04
 1.14945038E+00  1.04021914E-03
 1.14955228E+00  1.15206178E-03
 1.14963595E+00  1.29164506E-03
 1.14969949E+00  1.45874906E-03
 1.14974052E+00  1.65261114E-03
 1.14975945E+00  1.87182998E-03
 1.14975692E+00  2.11412518E-03
 1.14973429E+00  2.37623926E-03
 1.14970009E+00  2.65393287E-03
 1.14966748E+00  2.94205679E-03
 1.14964962E+00  3.23499226E-03
 1.14965950E+00  3.52685202E-03
 1.14970536E+00  3.81158600E-03
 1.14979027E+00  4.08333837E-03
 1.14991932E+00  4.33656919E-03
 1.15009778E+00  4.56646329E-03
 1.15032789E+00  4.76969477E-03
 1.15061142E+00  4.94427199E-03
 1.15094716E+00  5.08886660E-03
 1.15133194E+00  5.20265373E-03
 1.15176767E+00  5.28470328E-03
 1.15225909E+00  5.33411762E-03
 1.15280881E+00  5.35161344E-03
 1.15341876E+00  5.33942594E-03
 1.15408856E+00  5.30084061E-03
 1.15481379E+00  5.24052235E-03
 1.15558989E+00  5.16341438E-03
 1.15640939E+00  5.07461656E-03
 1.15725607E+00  4.98038827E-03
 1.15810622E+00  4.88723920E-03
 1.15892951E+00  4.80095248E-03
 1.15968696E+00  4.72618413E-03
 1.16033229E+00  4.66495350E-03
 1.16081579E+00  4.61687239E-03
 1.16108989E+00  4.58133564E-03
 1.16111722E+00  4.55769438E-03
 1.16088230E+00  4.54574194E-03
 1.16039601E+00  4.54602220E-03
 1.15969240E+00  4.55730571E-03
 1.15883826E+00  4.57686816E-03
 1.15794477E+00  4.60211799E-03
 1.15715318E+00  4.62973772E-03
 1.15660809E+00  4.65641610E-03
 1.15643498E+00  4.67890219E-03
 1.15669949E+00  4.69181983E-03
 1.15739607E+00  4.68879020E-03
 1.15847860E+00  4.66489215E-03
 1.15983214E+00  4.61680402E-03
 1.16123341E+00  4.54418898E-03
 1.16239207E+00  4.44978538E-03
 1.16300406E+00  4.33605632E-03
 1.16280684E+00  4.20511873E-03
 1.16169853E+00  4.05930805E-03
 1.15975289E+00  3.90026753E-03
 1.15712260E+00  3.73114331E-03
 1.15410556E+00  3.55635220E-03
 1.15122547E+00  3.37902092E-03
 1.14912424E+00  3.20200531E-03
 1.14845098E+00  3.02828465E-03
 1.14971728E+00  2.86078204E-03
 1.15298927E+00  2.70461551E-03
 1.15785020E+00  2.56624459E-03
 1.16361570E+00  2.45012719E-03
 1.16916131E+00  2.35871897E-03
 1.17273175E+00  2.29185836E-03
 1.17246284E+00  2.24644515E-03
 1.16720360E+00  2.22007186E-03
 1.15728710E+00  2.21134780E-03
 1.14582302E+00  2.21885056E-03
 1.13781901E+00  2.24249424E-03
 1.13677330E+00  2.28220095E-03
 1.14356254E+00  2.33834848E-03
 1.15495597E+00  2.41492111E-03
 1.16411374E+00  2.51779662E-03
 1.16669904E+00  2.65174279E-03
 1.16194131E+00  2.81934412E-03
 1.15240875E+00  3.01717687E-03
 1.14453108E+00  3.23531415E-03
 1.14184887E+00  3.46186329E-03
 1.14396223E+00  3.68115839E-03
 1.14920484E+00  3.87109273E-03
 1.15329801E+00  4.00683285E-03
 1.15414080E+00  4.06340071E-03
 1.15307835E+00  4.01988195E-03
 1.15108282E+00  3.86927543E-03
 1.15008197E+00  3.61967181E-03
 1.15106835E+00  3.28873754E-03
 1.15272150E+00  2.90932983E-03
 1.15449979E+00  2.53492983E-03
 1.15594494E+00  2.23164057E-03
 1.15662364E+00  2.06825223E-03
 1.15722636E+00  2.10437204E-03
 1.15798384E+00  2.36719687E-03
 1.15876353E+00  2.84743548E-03
 1.15967311E+00  3.51511728E-03
 1.16046295E+00  4.30525538E-03
 1.16099733E+00  5.10057449E-03
 1.16139629E+00  5.75210319E-03
 1.16162815E+00  6.10388565E-03
 1.16171479E+00  6.02178019E-03
 1.16170492E+00  5.45382109E-03
 1.16155348E+00  4.43771668E-03
 1.16126769E+00  3.05455808E-03
 1.16087504E+00  1.46266342E-03
 1.16037750E+00 -6.25386669E-05
 1.15980030E+00 -1.18308552E-03
 1.15916799E+00 -1.55752805E-03
 1.15849744E+00 -9.16008273E-04
 1.15782122E+00  7.83039448E-04
 1.15717486E+00  3.33200301E-03
 1.15658616E+00  6.38309544E-03
 1.15607805E+00  9.35894126E-03
 1.15566151E+00  1.13517911E-02
 1.15533514E+00  1.13937305E-02
 1.15509843E+00  8.88611659E-03
 1.15495189E+00  3.99860965E-03
 1.15489509E+00 -1.66195414E-03
 1.15492990E+00 -5.50562415E-03
 1.15505154E+00 -5.72659464E-03
 1.15524931E+00 -1.87885646E-03
 1.15551628E+00  4.35707864E-03
 1.15584523E+00  9.43115303E-03
 1.15622749E+00  1.10888371E-02
 1.15665338E+00  8.92204110E-03
 1.15710277E+00  4.24906896E-03
 1.15754880E+00  3.86484356E-04
 1.15797147E+00 -8.42943279E-04
 1.15835790E+00  3.45685618E-04
 1.15870543E+00  3.08547599E-03
 1.15902322E+00  5.16114862E-03
 1.15931749E+00  5.48553163E-03
 1.15959091E+00  4.75614125E-03
 1.15984758E+00  3.47849875E-03
 1.16008814E+00  2.65320101E-03
 1.16031634E+00  2.79973892E-03
 1.16053827E+00  3.24306303E-03
 1.16075053E+00  3.71163082E-03
 1.16094477E+00  3.97839360E-03
 1.16111338E+00  3.83032081E-03
 1.16124942E+00  3.63685248E-03
 1.16135617E+00  3.53232484E-03
 1.16144541E+00  3.46447671E-03
 1.16152203E+00  3.50315289E-03
 1.16158548E+00  3.53033354E-03
 1.16163109E+00  3.48234340E-03
 1.16164696E+00  3.42297647E-03
 1.16162592E+00  3.33707914E-03
 1.16156551E+00  3.23713078E-03
 1.16145880E+00  3.14881407E-03
 1.16129998E+00  3.04953838E-03
 1.16108519E+00  2.94026766E-03
 1.16081238E+00  2.82913689E-03
 1.16049126E+00  2.71117436E-03
 1.16014060E+00  2.59213710E-03
 1.15977782E+00  2.47641727E-03
 1.15941913E+00  2.36380262E-03
 1.15907566E+00  2.25816244E-03
 1.15875159E+00  2.16266297E-03
 1.15845553E+00  2.07909547E-03
 1.15819852E+00  2.00983701E-03
 1.15798734E+00  1.95630477E-03
 1.15782834E+00  1.91905104E-03
 1.15772421E+00  1.89857802E-03
 1.15767409E+00  1.89503932E-03
 1.15768335E+00  1.90819225E-03
 1.15775996E+00  1.93751644E-03
 1.15790623E+00  1.98176493E-03
 1.15812011E+00  2.03894380E-03
 1.15839165E+00  2.10661432E-03
 1.15870247E+00  2.18180714E-03
 1.15903619E+00  2.26122303E-03
 1.15937801E+00  2.34135614E-03
 1.15971112E+00  2.41826704E-03
 1.16002093E+00  2.48791356E-03
 1.16029251E+00  2.54668610E-03
 1.16051174E+00  2.59167047E-03
 1.16067378E+00  2.62119887E-03
 1.16078032E+00  2.63480454E-03
 1.16083385E+00  2.63231344E-03
 1.16083774E+00  2.61371425E-03
 1.16079096E+00  2.57895840E-03
 1.16068819E+00  2.52786737E-03
 1.16053024E+00  2.46129523E-03
 1.16032244E+00  2.38103304E-03
 1.16007119E+00  2.28910570E-03
 1.15978683E+00  2.18813502E-03
 1.15947832E+00  2.08091351E-03
 1.15915345E+00  1.97035075E-03
 1.15882657E+00  1.86043746E-03
 1.15851452E+00  1.75565269E-03
 1.15823115E+00  1.65981096E-03
 1.15798734E+00  1.57589487E-03
 1.15778537E+00  1.50524446E-03
 1.15761930E+00  1.44756903E-03
 1.15748487E+00  1.40267538E-03
 1.15737923E+00  1.37056053E-03
 1.15730022E+00  1.35131840E-03
 1.15724892E+00  1.34554650E-03
 1.15722258E+00  1.35296095E-03
 1.15721547E+00  1.37255253E-03
 1.15722602E+00  1.40391759E-03
 1.15725354E+00  1.44663773E-03
 1.15729737E+00  1.50020234E-03
 1.15735706E+00  1.56400891E-03
 1.15742538E+00  1.63591334E-03
 1.15749039E+00  1.71274639E-03
 1.15754426E+00  1.79217023E-03
 1.15758251E+00  1.87261461E-03
 1.15760520E+00  1.95368493E-03
 1.15761830E+00  2.03637511E-03
 1.15762530E+00  2.12105587E-03
 1.15762738E+00  2.20743838E-03
 1.15762786E+00  2.29535598E-03
 1.15762899E+00  2.38404333E-03
 1.15763387E+00  2.47283854E-03
 1.15764637E+00  2.56108377E-03
 1.15766465E+00  2.64652285E-03
 1.15768329E+00  2.72592299E-03
 1.15769782E+00  2.79610752E-03
 1.15770439E+00  2.85401001E-03
 1.15770337E+00  2.89792816E-03
 1.15769940E+00  2.92747319E-03
 1.15769393E+00  2.94158237E-03
 1.15768612E+00  2.93885735E-03
 1.15767497E+00  2.91810823E-03
 1.15765740E+00  2.87787960E-03
 1.15763232E+00  2.81775776E-03
 1.15760075E+00  2.73834648E-03
 1.15756073E+00  2.63983740E-03
 1.15750978E+00  2.52281021E-03
 1.15744689E+00  2.38898602E-03
 1.15737210E+00  2.24118130E-03
 1.15729008E+00  2.08445513E-03
 1.15720952E+00  1.92582731E-03
 1.15713801E+00  1.77232733E-03
 1.15708223E+00  1.63087299E-03
 1.15704779E+00  1.50797905E-03
 1.15703785E+00  1.40908070E-03
 1.15705688E+00  1.33970099E-03
 1.15711002E+00  1.30488957E-03
 1.15719959E+00  1.30752982E-03
 1.15732668E+00  1.34895151E-03
 1.15749114E+00  1.42932357E-03
 1.15769150E+00  1.54773993E-03
 1.15792848E+00  1.70387214E-03
 1.15820394E+00  1.89744754E-03
 1.15851699E+00  2.12571663E-03
 1.15886450E+00  2.38367517E-03
 1.15924064E+00  2.66414932E-03
 1.15963634E+00  2.95745032E-03
 1.16004312E+00  3.25374480E-03
 1.16045303E+00  3.54324498E-03
 1.16085673E+00  3.81498192E-03
 1.16124522E+00  4.05823350E-03
 1.16160982E+00  4.26310981E-03
 1.16194252E+00  4.42119943E-03
 1.16223932E+00  4.52816899E-03
 1.16249940E+00  4.58323434E-03
 1.16272223E+00  4.58645872E-03
 1.16290761E+00  4.53860554E-03
 1.16305409E+00  4.43990093E-03
 1.16315883E+00  4.28992311E-03
 1.16322182E+00  4.09162479E-03
 1.16324540E+00  3.85096046E-03
 1.16323243E+00  3.57503905E-03
 1.16318753E+00  3.27322206E-03
 1.16311521E+00  2.95515222E-03
 1.16301984E+00  2.63052687E-03
 1.16290873E+00  2.31198240E-03
 1.16279054E+00  2.01317024E-03
 1.16267262E+00  1.74586243E-03
 1.16256090E+00  1.51942960E-03
 1.16245762E+00  1.33800272E-03
 1.16236140E+00  1.20065531E-03
 1.16227167E+00  1.10632808E-03
 1.16218869E+00  1.05401049E-03
 1.16211331E+00  1.04287348E-03
 1.16204804E+00  1.07323718E-03
 1.16199381E+00  1.14201944E-03
 1.16195035E+00  1.24316703E-03
 1.16191939E+00  1.37128895E-03
 1.16190316E+00  1.51995118E-03
 1.16190398E+00  1.68235748E-03
 1.16192427E+00  1.85159059E-03
 1.16196307E+00  2.01657232E-03
 1.16201706E+00  2.16398652E-03
 1.16208471E+00  2.28332958E-03
 1.16216589E+00  2.36712958E-03
 1.16226242E+00  2.41311413E-03
 1.16237861E+00  2.42459742E-03
 1.16251708E+00  2.40431134E-03
 1.16267881E+00  2.35424924E-03
 1.16286515E+00  2.27709099E-03
 1.16307615E+00  2.17446426E-03
 1.16331140E+00  2.05069216E-03
 1.16356980E+00  1.91247638E-03
 1.16384626E+00  1.76416333E-03
 1.16413287E+00  1.60960785E-03
 1.16442161E+00  1.45324723E-03
 1.16470446E+00  1.29979919E-03
 1.16497555E+00  1.15829945E-03
 1.16523143E+00  1.04070090E-03
 1.16546719E+00  9.55721020E-04
 1.16567731E+00  9.08896362E-04
 1.16585742E+00  9.01721955E-04
 1.16600315E+00  9.30691040E-04
 1.16611190E+00  9.93138172E-04
 1.16618266E+00  1.08735276E-03
 1.16621272E+00  1.20986478E-03
 1.16619913E+00  1.35746289E-03
 1.16614134E+00  1.52509501E-03
 1.16604086E+00  1.70591540E-03
 1.16590293E+00  1.89590966E-03
 1.16573647E+00  2.09239248E-03
 1.16555011E+00  2.29166903E-03
 1.16535227E+00  2.48944934E-03
 1.16515191E+00  2.67794522E-03
 1.16495692E+00  2.84657454E-03
 1.16477542E+00  2.98768917E-03
 1.16461499E+00  3.09650062E-03
 1.16447928E+00  3.17083130E-03
 1.16436917E+00  3.21230031E-03
 1.16428494E+00  3.22192810E-03
 1.16422639E+00  3.19997338E-03
 1.16419549E+00  3.14884588E-03
 1.16419607E+00  3.07140737E-03
 1.16422919E+00  2.97180567E-03
 1.16429379E+00  2.85563592E-03
 1.16438802E+00  2.72633692E-03
 1.16450802E+00  2.58618895E-03
 1.16465060E+00  2.43876839E-03
 1.16481302E+00  2.28855099E-03
 1.16498949E+00  2.14265660E-03
 1.16517313E+00  2.01055988E-03
 1.16535844E+00  1.89964893E-03
 1.16554138E+00  1.81519054E-03
 1.16572222E+00  1.76090940E-03
 1.16590517E+00  1.73780556E-03
 1.16609333E+00  1.74684745E-03
 1.16628865E+00  1.78892482E-03
 1.16649187E+00  1.86220346E-03
 1.16670115E+00  1.96306425E-03
 1.16691575E+00  2.08568118E-03
 1.16713532E+00  2.22144081E-03
 1.16735612E+00  2.36095649E-03
 1.16757307E+00  2.49424127E-03
 1.16778103E+00  2.61066361E-03
 1.16797545E+00  2.70054260E-03
 1.16815711E+00  2.75608531E-03
 1.16833152E+00  2.77256215E-03
 1.16850383E+00  2.75029347E-03
 1.16868017E+00  2.69653956E-03
 1.16886835E+00  2.62776653E-03
 1.16907553E+00  2.56749179E-03
 1.16930970E+00  2.53919318E-03
 1.16957719E+00  2.56210562E-03
 1.16987593E+00  2.64497555E-03
 1.17019591E+00  2.78335047E-03
 1.17052143E+00  2.96622138E-03
 1.17082817E+00  3.17105142E-03
 1.17108226E+00  3.35490611E-03
 1.17124461E+00  3.46275127E-03
 1.17127601E+00  3.43810747E-03
 1.17114465E+00  3.23315506E-03
 1.17083883E+00  2.83189220E-03
 1.17036999E+00  2.25277945E-03
 1.16976630E+00  1.52919475E-03
 1.16908136E+00  7.21827199E-04
 1.16840471E+00 -6.63871800E-05
 1.16784869E+00 -7.09116532E-04
 1.16752835E+00 -1.07297110E-03
 1.16754191E+00 -1.04215148E-03
 1.16793288E+00 -5.73500313E-04
 1.16868242E+00  2.99022831E-04
 1.16973785E+00  1.50335527E-03
 1.17098896E+00  2.90017997E-03
 1.17223727E+00  4.25274768E-03
 1.17323156E+00  5.27310934E-03
 1.17370964E+00  5.67079539E-03
 1.17344645E+00  5.21844018E-03
 1.17235698E+00  3.88546244E-03
 1.17050883E+00  1.85689751E-03
 1.16804381E+00 -5.55324074E-04
 1.16523543E+00 -2.83460464E-03
 1.16255586E+00 -4.17262505E-03
 1.16058338E+00 -3.71655031E-03
 1.15990202E+00 -9.74708878E-04
 1.16097401E+00  3.81524174E-03
 1.16387435E+00  9.08023906E-03
 1.16825453E+00  1.23503952E-02
 1.17352589E+00  1.19346305E-02
 1.17870717E+00  7.49360893E-03
 1.18225244E+00  7.94800537E-04
 1.18251028E+00 -4.56438221E-03
 1.17845605E+00 -6.23259175E-03
 1.17037034E+00 -3.67772441E-03
 1.16097536E+00  1.84266112E-03
 1.15466449E+00  7.00750517E-03
 1.15449824E+00  9.84813687E-03
 1.16122704E+00  1.02216089E-02
 1.17199146E+00  8.42110528E-03
 1.18075769E+00  6.01594233E-03
 1.18369361E+00  3.75285771E-03
 1.18010442E+00  1.17842931E-03
 1.17222584E+00 -1.04655052E-03
 1.16568683E+00 -2.12484213E-03
 1.16358182E+00 -1.36961160E-03
 1.16554619E+00  2.05856114E-03
 1.17011098E+00  7.05886847E-03
 1.17352028E+00  1.11533635E-02
 1.17393430E+00  1.27437424E-02
 1.17254467E+00  1.10020390E-02
 1.17021904E+00  6.69064539E-03
 1.16866616E+00  2.31834952E-03
 1.16877732E+00 -6.47702560E-04
 1.16941387E+00 -1.79362259E-03
 1.17011809E+00 -9.61329282E-04
 1.17050432E+00  9.77404098E-04
 1.17021098E+00  3.66493892E-03
 1.16986630E+00  7.27690230E-03
 1.16970116E+00  1.06285308E-02
 1.16963178E+00  1.21287139E-02
 1.16977878E+00  1.05939080E-02
 1.16994108E+00  5.33061798E-03
 1.17000974E+00 -2.00304175E-03
 1.17009048E+00 -7.95978684E-03
 1.17015522E+00 -1.02516677E-02
 1.17022302E+00 -7.93550861E-03
 1.17033149E+00 -2.04379717E-03
 1.17043414E+00  4.18316367E-03
 1.17052542E+00  8.79866137E-03
 1.17061267E+00  1.13315131E-02
 1.17068418E+00  1.15862288E-02
 1.17074971E+00  1.05901828E-02
 1.17081518E+00  8.61045328E-03
 1.17087748E+00  5.01946168E-03
 1.17094015E+00  7.45485849E-04
 1.17100409E+00 -2.79103892E-03
 1.17106959E+00 -4.36911486E-03
 1.17113973E+00 -2.80566441E-03
 1.17121461E+00  9.39183252E-04
 1.17129301E+00  4.27320185E-03
 1.17137419E+00  5.74916758E-03
 1.17145713E+00  4.95391344E-03
 1.17154326E+00  2.97523113E-03
 1.17163603E+00  2.57474922E-03
 1.17173710E+00  4.91553733E-03
 1.17184673E+00  9.26119097E-03
 1.17196386E+00  1.38801624E-02
 1.17208537E+00  1.56657778E-02
 1.17220902E+00  1.30227020E-02
 1.17233339E+00  6.81004638E-03
 1.17245566E+00 -6.50062608E-04
 1.17257291E+00 -5.43699992E-03
 1.17268208E+00 -5.01128154E-03
 1.17277991E+00  4.79673807E-04
 1.17286527E+00  8.73428267E-03
 1.17293857E+00  1.52743401E-02
 1.17299966E+00  1.71413853E-02
 1.17304807E+00  1.40753634E-02
 1.17308224E+00  7.69462982E-03
 1.17309933E+00  1.86650622E-03
 1.17309776E+00 -1.13281366E-03
 1.17307698E+00 -1.50020631E-03
 1.17303638E+00 -3.69895083E-05
 1.17297614E+00  1.05445196E-03
 1.17289627E+00  8.23208566E-04
 1.17279662E+00  3.62704280E-04
 1.17267868E+00  3.50164638E-04
 1.17254502E+00  1.77449200E-03
 1.17239825E+00  4.95878707E-03
 1.17224141E+00  8.63245215E-03
 1.17207710E+00  1.16865857E-02
 1.17190738E+00  1.29883342E-02
 1.17173520E+00  1.16575579E-02
 1.17156406E+00  8.03868230E-03
 1.17139745E+00  3.29386792E-03
 1.17123916E+00 -8.22748564E-04
 1.17109244E+00 -2.82611425E-03
 1.17095984E+00 -2.17188048E-03
 1.17084375E+00  5.99977733E-04
 1.17074611E+00  3.93011008E-03
 1.17066834E+00  6.75311244E-03
 1.17061153E+00  8.70308176E-03
 1.17057607E+00  9.55516672E-03
 1.17056163E+00  9.64378176E-03
 1.17056715E+00  8.90591028E-03
 1.17059070E+00  6.90634484E-03
 1.17062953E+00  4.24151265E-03
 1.17068018E+00  1.93875084E-03
 1.17073867E+00  8.59470178E-04
 1.17080063E+00  1.74063996E-03
 1.17086151E+00  4.00854824E-03
 1.17091686E+00  6.02962122E-03
 1.17096262E+00  6.88761341E-03
 1.17099554E+00  6.29939507E-03
 1.17101386E+00  4.69030802E-03
 1.17101709E+00  3.44258509E-03
 1.17100531E+00  3.16781119E-03
 1.17097890E+00  3.62111118E-03
 1.17093799E+00  4.53581252E-03
 1.17088253E+00  5.18161993E-03
 1.17081379E+00  5.23884283E-03
 1.17073421E+00  5.09121105E-03
 1.17064677E+00  4.88195759E-03
 1.17055537E+00  4.80814308E-03
 1.17046402E+00  5.00460030E-03
 1.17037675E+00  5.21989787E-03
 1.17029888E+00  5.36977646E-03
 1.17023608E+00  5.46426664E-03
 1.17019318E+00  5.44730684E-03
 1.17017387E+00  5.40055058E-03
 1.17017945E+00  5.36180482E-03
 1.17020890E+00  5.29142098E-03
 1.17026099E+00  5.20262218E-03
 1.17033430E+00  5.08554976E-03
 1.17042722E+00  4.92674624E-03
 1.17053829E+00  4.74672940E-03
 1.17066426E+00  4.55027113E-03
 1.17080015E+00  4.33948838E-03
 1.17094080E+00  4.12312412E-03
 1.17108041E+00  3.90098475E-03
 1.17121333E+00  3.67565055E-03
 1.17133463E+00  3.45382873E-03
 1.17143890E+00  3.24146454E-03
 1.17152148E+00  3.04703009E-03
 1.17158049E+00  2.87756753E-03
 1.17161747E+00  2.73711310E-03
 1.17163924E+00  2.62861785E-03
 1.17165680E+00  2.55278297E-03
 1.17168021E+00  2.51010293E-03
 1.17171664E+00  2.50141842E-03
 1.17176789E+00  2.52582803E-03
 1.17182839E+00  2.58157698E-03
 1.17188884E+00  2.66582785E-03
 1.17193359E+00  2.77441709E-03
 1.17193502E+00  2.90391399E-03
 1.17185871E+00  3.05117431E-03
 1.17167089E+00  3.21195232E-03
 1.17134439E+00  3.38125341E-03
 1.17087211E+00  3.55254480E-03
 1.17026934E+00  3.71807605E-03
 1.16956271E+00  3.87160184E-03
 1.16879800E+00  4.00870797E-03
 1.16805022E+00  4.12683630E-03
 1.16741120E+00  4.22576627E-03
 1.16697632E+00  4.30537194E-03
 1.16682828E+00  4.36529289E-03
 1.16700186E+00  4.40584704E-03
 1.16747938E+00  4.42735837E-03
 1.16821553E+00  4.43137653E-03
 1.16911728E+00  4.42065201E-03
 1.17002131E+00  4.39721639E-03
 1.17072296E+00  4.36304542E-03
 1.17100729E+00  4.32062572E-03
 1.17068944E+00  4.27281552E-03
 1.16969977E+00  4.22439191E-03
 1.16809358E+00  4.18138786E-03
 1.16598905E+00  4.14828705E-03
 1.16361466E+00  4.12783842E-03
 1.16136276E+00  4.12053637E-03
