# x =
 4.79565706E+01
# y =
 3.25097170E+00
 VARIABLES = u,v
 1.10690113E+00 -2.22022934E-02
 1.10848828E+00 -2.33516154E-02
 1.07741019E+00 -3.07896959E-02
 1.02725566E+00 -3.84394993E-02
 9.90249540E-01 -3.42529578E-02
 9.86384542E-01 -1.32463432E-02
 1.02002434E+00  1.85795727E-02
 1.08078745E+00  5.16669157E-02
 1.13993958E+00  7.13613817E-02
 1.18074996E+00  6.83130219E-02
 1.20177588E+00  4.43304872E-02
 1.20250446E+00  8.42140518E-03
 1.19194844E+00 -2.29670089E-02
 1.17359259E+00 -3.77376917E-02
 1.14249417E+00 -3.33736627E-02
 1.10662567E+00 -1.43326716E-02
 1.07840878E+00  6.78422794E-03
 1.06801154E+00  2.20022570E-02
 1.08534455E+00  3.06427438E-02
 1.12298829E+00  3.23844622E-02
 1.15966978E+00  3.08187245E-02
 1.18231004E+00  2.64443965E-02
 1.18473894E+00  1.55154040E-02
 1.17110523E+00  1.01071804E-03
 1.15871480E+00 -1.14601033E-02
 1.15524220E+00 -1.74087453E-02
 1.15859684E+00 -1.22749731E-02
 1.16704192E+00  2.55672155E-04
 1.17282140E+00  9.90394871E-03
 1.17296894E+00  1.11648642E-02
 1.17149194E+00  2.52129410E-03
 1.16516652E+00 -1.24963266E-02
 1.14933260E+00 -2.38863060E-02
 1.12223150E+00 -2.65828475E-02
 1.08307422E+00 -2.11231795E-02
 1.04226180E+00 -9.08571600E-03
 1.01828585E+00  4.05780664E-03
 1.02231960E+00  1.52279404E-02
 1.05711171E+00  2.53044199E-02
 1.11229763E+00  3.28887062E-02
 1.16450011E+00  3.68747936E-02
 1.19825045E+00  3.62662880E-02
 1.20903680E+00  2.90510078E-02
 1.20137333E+00  1.75359011E-02
 1.19152891E+00  6.88129747E-03
 1.18734355E+00  4.90119236E-04
 1.18525996E+00  3.52281015E-04
 1.17996466E+00  4.29786746E-03
 1.16050165E+00  6.21801773E-03
 1.12425621E+00  3.20831534E-03
 1.08154170E+00 -4.06758682E-03
 1.04443073E+00 -1.18930899E-02
 1.02864690E+00 -1.29512223E-02
 1.04417094E+00 -3.84226514E-03
 1.08760522E+00  1.33209987E-02
 1.14627150E+00  3.30225456E-02
 1.19903471E+00  4.57969290E-02
 1.22905535E+00  4.56612538E-02
 1.23090145E+00  3.28987506E-02
 1.21066003E+00  1.23134451E-02
 1.18574504E+00 -6.42757463E-03
 1.16645740E+00 -1.70465003E-02
 1.15242313E+00 -1.94740474E-02
 1.13853745E+00 -1.77891155E-02
 1.11265297E+00 -1.97591933E-02
 1.07310177E+00 -2.57225019E-02
 1.03263877E+00 -2.44880893E-02
 1.00762557E+00  5.20400018E-03
 1.01827440E+00  7.61919721E-02
 1.07130962E+00  1.41091631E-01
 1.14895685E+00  1.30292319E-01
 1.21048359E+00  6.25879820E-02
 1.21415394E+00  8.18601083E-04
 1.18397857E+00 -4.17350469E-02
 1.17538585E+00 -6.11361723E-02
 1.16118316E+00 -6.01536695E-02
 1.09593140E+00 -6.88853168E-02
 1.03293039E+00 -7.12744343E-02
 1.03667093E+00 -2.66152947E-02
 1.07727786E+00  3.93780117E-02
 1.10578335E+00  8.14895878E-02
 1.12999559E+00  9.48034081E-02
 1.16067052E+00  7.96457186E-02
 1.18344273E+00  3.92676614E-02
 1.19502073E+00 -1.14724217E-03
 1.19425898E+00 -2.34393926E-02
 1.17158826E+00 -2.66539570E-02
 1.13258309E+00 -2.39173102E-02
 1.09337875E+00 -3.40888852E-02
 1.06636098E+00 -3.30530984E-02
 1.06252910E+00  1.76618976E-02
 1.08125097E+00  8.09926417E-02
 1.10944491E+00  9.55832411E-02
 1.14051870E+00  7.05646215E-02
 1.17088468E+00  3.73049585E-02
 1.19313038E+00  3.39341932E-03
 1.20302231E+00 -1.56393865E-02
 1.19367112E+00 -1.79407287E-02
 1.15769069E+00 -2.44504375E-02
 1.10277375E+00 -2.53619964E-02
 1.04605920E+00 -1.43655275E-03
 1.00241450E+00  2.48303064E-02
 9.85679947E-01  3.21568611E-02
 1.00134924E+00  5.48811980E-02
 1.04323837E+00  1.23646252E-01
 1.10498959E+00  1.69358501E-01
 1.17359176E+00  1.07654945E-01
 1.21670345E+00  4.08026104E-03
 1.21017710E+00 -2.81311010E-02
 1.18570060E+00 -1.59840672E-02
 1.18960146E+00 -2.39387915E-02
 1.18445133E+00 -3.51280227E-02
 1.11067783E+00 -3.60088714E-02
 1.01601741E+00 -2.64319475E-02
 9.79298877E-01  2.01682500E-02
 1.00070979E+00  9.44556719E-02
 1.05587205E+00  1.48956828E-01
 1.11240310E+00  1.45310547E-01
 1.11729573E+00  6.37387505E-02
 1.09499211E+00 -3.68103973E-02
 1.11447830E+00 -5.93365462E-02
 1.13787407E+00 -3.78369315E-02
 1.09859439E+00 -5.92747655E-02
 1.03534766E+00 -7.75434607E-02
 1.00459843E+00 -2.89279193E-02
 1.00496977E+00  2.87764916E-02
 1.03386139E+00  3.36390654E-02
 1.08988641E+00  1.40843042E-02
 1.14453586E+00  5.89361032E-03
 1.17554531E+00 -7.49065279E-03
 1.17763972E+00 -3.74554763E-02
 1.15375983E+00 -5.55552147E-02
 1.12008008E+00 -4.13392276E-02
 1.08467124E+00 -1.64772697E-02
 1.04671923E+00 -5.56353104E-03
 1.01580000E+00  1.56722508E-02
 1.00161474E+00  7.92427161E-02
 1.01321204E+00  1.54204046E-01
 1.05957281E+00  1.90065445E-01
 1.12825092E+00  1.79285281E-01
 1.19182712E+00  1.29769166E-01
 1.23089194E+00  6.01705532E-02
 1.23356094E+00  9.48237778E-03
 1.20453053E+00 -1.78805929E-02
 1.16687128E+00 -4.43375911E-02
 1.13319086E+00 -6.08263548E-02
 1.10661449E+00 -5.34339801E-02
 1.09091581E+00 -2.63616461E-02
 1.08196067E+00  1.65227169E-02
 1.08188959E+00  5.22601186E-02
 1.09900718E+00  4.87248403E-02
 1.12676234E+00  1.97973019E-02
 1.15239361E+00  2.24870204E-03
 1.16612017E+00 -1.30072437E-03
 1.15939265E+00  1.13772121E-03
 1.13976565E+00  1.04522315E-02
 1.12784271E+00  1.58269349E-02
 1.13319618E+00  1.09549174E-02
 1.15513630E+00  2.32383862E-03
 1.18216559E+00 -8.31928871E-03
 1.18986435E+00 -1.91326241E-02
 1.16629827E+00 -2.86685182E-02
 1.11586681E+00 -4.01571703E-02
 1.05175903E+00 -5.06587073E-02
 9.99536749E-01 -5.36240267E-02
 9.76191615E-01 -4.64853425E-02
 9.83190659E-01 -2.84493638E-02
 1.01505980E+00 -4.72333464E-03
 1.05551636E+00  1.36114012E-02
 1.09320770E+00  1.99773958E-02
 1.12667295E+00  1.32230096E-02
 1.15305509E+00 -1.72305197E-03
 1.17317197E+00 -1.32135769E-02
 1.18512568E+00 -1.43846613E-02
 1.18262344E+00 -5.38867434E-03
 1.16987452E+00  8.63183029E-03
 1.15644816E+00  1.63216500E-02
 1.14950353E+00  1.14600751E-02
 1.15474450E+00 -4.48340098E-03
 1.16550097E+00 -2.70278458E-02
 1.16491165E+00 -4.66478443E-02
 1.14450403E+00 -5.73271861E-02
 1.10397228E+00 -5.92217985E-02
 1.05189687E+00 -5.26702317E-02
 1.00787482E+00 -4.07339278E-02
 9.83676646E-01 -2.56323888E-02
 9.81308371E-01 -7.03652676E-03
 1.00023675E+00  1.15285298E-02
 1.03235250E+00  2.51439985E-02
 1.07206200E+00  3.00882027E-02
 1.11823794E+00  2.36370554E-02
 1.16281330E+00  9.87499347E-03
 1.19637164E+00 -1.85984503E-03
 1.21112770E+00 -5.46995554E-03
 1.20119373E+00  1.40640491E-03
 1.17489628E+00  1.49596290E-02
 1.15089073E+00  2.49221669E-02
 1.14175893E+00  2.56565301E-02
 1.15280679E+00  1.69183160E-02
 1.17585264E+00  1.09841796E-03
 1.18921987E+00 -1.44867030E-02
 1.18108363E+00 -2.57089013E-02
 1.15089507E+00 -3.27399082E-02
 1.10437656E+00 -3.37376250E-02
 1.05899845E+00 -2.80697594E-02
 1.02788244E+00 -1.52670433E-02
 1.01894769E+00  5.66900926E-03
 1.04985243E+00  2.93657245E-02
 1.12330682E+00  4.66223674E-02
 1.19059997E+00  5.09004552E-02
 1.19578656E+00  3.86208099E-02
 1.16917763E+00  1.37922661E-02
 1.17277822E+00 -1.23508563E-02
 1.17288827E+00 -3.20017309E-02
 1.11461083E+00 -4.10759466E-02
 1.03539339E+00 -3.82376498E-02
 9.87617518E-01 -2.75357799E-02
 9.73207216E-01 -1.07344490E-02
 9.92420805E-01  1.19798374E-02
 1.04460392E+00  3.43295009E-02
 1.10347520E+00  4.84744062E-02
 1.14693262E+00  4.78412050E-02
 1.16686111E+00  2.83523362E-02
 1.16317208E+00 -2.00219293E-03
 1.14846141E+00 -2.64745174E-02
 1.12792449E+00 -3.41418165E-02
 1.10057367E+00 -2.10115554E-02
 1.07887045E+00  6.16964581E-03
 1.07648412E+00  2.94311357E-02
 1.10151468E+00  3.87345777E-02
 1.15337891E+00  3.34101951E-02
 1.19740554E+00  1.69471382E-02
 1.19062139E+00  9.40887408E-04
 1.15412305E+00 -8.79461831E-03
 1.13487031E+00 -1.44371048E-02
 1.11258999E+00 -1.53427890E-02
 1.05777666E+00 -1.28965900E-02
 1.01926545E+00 -7.31369564E-03
 1.04863967E+00  4.59309215E-03
 1.11019846E+00  1.88770574E-02
 1.14544307E+00  2.77910168E-02
 1.15224298E+00  2.64961338E-02
 1.14209909E+00  1.19455700E-02
 1.11440772E+00 -1.09924741E-02
 1.08790200E+00 -3.02712861E-02
 1.07710923E+00 -3.85965863E-02
 1.07694119E+00 -3.36206640E-02
 1.08270542E+00 -1.80512838E-02
 1.08592956E+00 -1.42498476E-03
 1.08278109E+00  1.09938090E-02
 1.07994123E+00  1.90505872E-02
 1.07964492E+00  2.24082867E-02
 1.08349126E+00  2.42633388E-02
 1.09317017E+00  2.72260752E-02
 1.10580089E+00  3.31254600E-02
 1.12286924E+00  5.16457337E-02
 1.14819751E+00  8.64588084E-02
 1.18047661E+00  1.08510530E-01
 1.21436778E+00  8.39777532E-02
 1.23589810E+00  3.69570456E-02
 1.22577926E+00  1.28636556E-02
 1.17627837E+00 -3.06722029E-03
 1.09707852E+00 -3.99292135E-02
 1.02271906E+00 -7.53673427E-02
 9.93017637E-01 -8.30818846E-02
 9.89047012E-01 -6.72886806E-02
 9.67407613E-01 -3.27190912E-02
 9.61222779E-01  1.64250296E-02
 1.01962313E+00  6.28905525E-02
 1.10225332E+00  9.02190454E-02
 1.15231012E+00  9.09090921E-02
 1.18274802E+00  6.92307106E-02
 1.21396488E+00  4.05177796E-02
 1.22190261E+00  1.42074344E-02
 1.18935114E+00 -6.56362270E-03
 1.13598563E+00 -1.95206229E-02
 1.08631808E+00 -2.81187019E-02
 1.05525535E+00 -3.10749538E-02
 1.05569442E+00 -2.26410655E-02
 1.08343535E+00 -6.60686763E-03
 1.11593996E+00  9.48830375E-03
 1.14061697E+00  1.91010107E-02
 1.15326845E+00  1.54235591E-02
 1.15093817E+00  2.03938593E-03
 1.13963848E+00 -8.99942620E-03
 1.11895344E+00 -1.16885292E-02
 1.08330304E+00 -4.39325726E-03
 1.04243369E+00  1.03281071E-02
 1.01206163E+00  2.30768074E-02
 1.00475608E+00  2.98425291E-02
 1.03073935E+00  3.22128988E-02
 1.08171248E+00  2.99879382E-02
 1.13374833E+00  2.52015674E-02
 1.17172078E+00  1.86490162E-02
 1.18767776E+00  8.27864963E-03
 1.18049355E+00 -3.25673168E-03
 1.16138271E+00 -1.11489628E-02
 1.13504729E+00 -1.23510031E-02
 1.10115236E+00 -4.50740883E-03
 1.06989478E+00  9.75570992E-03
 1.05264938E+00  2.32105556E-02
 1.05945155E+00  3.10693200E-02
 1.09776011E+00  3.07340488E-02
 1.15361165E+00  2.18879152E-02
 1.19802951E+00  8.13051246E-03
 1.21160360E+00 -8.31813192E-03
 1.18554648E+00 -2.61182118E-02
 1.12964111E+00 -4.05017800E-02
 1.07341726E+00 -4.62760476E-02
 1.03416116E+00 -3.91717550E-02
 1.01581523E+00 -1.69878319E-02
 1.01846233E+00  1.39742828E-02
 1.03029539E+00  4.13036654E-02
 1.04741272E+00  5.59115047E-02
 1.07539466E+00  5.30128118E-02
 1.10837819E+00  3.53125705E-02
 1.13824469E+00  1.35923829E-02
 1.15727636E+00 -5.55192967E-03
 1.15588474E+00 -1.97632358E-02
 1.14090291E+00 -2.65359197E-02
 1.13005157E+00 -2.74113148E-02
 1.12989916E+00 -2.28352601E-02
 1.13613217E+00 -1.31779603E-02
 1.12641859E+00 -9.44942671E-03
 1.07759763E+00 -1.62446262E-02
 1.03088590E+00  1.36168922E-03
 1.05014649E+00  7.66196717E-02
 1.10574785E+00  1.49678796E-01
 1.12348218E+00  1.27120849E-01
 1.07418352E+00  1.92150631E-02
 9.55346442E-01 -1.09636921E-01
 8.41443621E-01 -2.13076290E-01
 8.42434395E-01 -2.40216122E-01
 8.78448944E-01 -2.15340711E-01
 7.97539772E-01 -2.23840028E-01
 6.92430254E-01 -2.42733836E-01
 7.16272172E-01 -2.03918082E-01
 7.91269457E-01 -1.28304786E-01
 8.07129573E-01 -4.33206134E-02
 8.15147345E-01  5.73843276E-02
 8.66285595E-01  1.56652077E-01
 9.17404410E-01  2.30091375E-01
 9.38592039E-01  2.68778325E-01
 9.46607732E-01  2.70330048E-01
 9.50505361E-01  2.52412426E-01
 9.46991093E-01  2.71678523E-01
 9.41559459E-01  3.64598625E-01
 9.41480215E-01  4.19741022E-01
 9.46507147E-01  2.91623319E-01
 9.51056123E-01  9.19812659E-02
 9.36892934E-01  2.00720074E-02
 8.58722959E-01 -4.68800085E-03
 6.83910562E-01 -1.27696717E-01
 4.80793792E-01 -2.58943992E-01
 3.65029961E-01 -2.88116826E-01
 3.52965381E-01 -2.49657145E-01
 4.04895804E-01 -1.79854759E-01
 4.96948181E-01 -9.49752359E-02
 5.89567808E-01 -4.37891162E-02
 7.02853270E-01 -2.20559185E-02
 8.94821663E-01  1.65719047E-02
 1.07813196E+00  4.39521370E-02
 1.11892930E+00  1.26296107E-02
 1.05157202E+00 -5.09113312E-02
 9.61452328E-01 -1.07624572E-01
 8.39145124E-01 -1.50856679E-01
 6.88911317E-01 -1.72181309E-01
 5.85787560E-01 -1.72184760E-01
 5.73576428E-01 -1.72799780E-01
 6.04741102E-01 -1.81258142E-01
 6.18730655E-01 -1.84270743E-01
 6.63103875E-01 -1.50875139E-01
 8.07777763E-01 -5.41661551E-02
 9.72586587E-01  4.44862856E-02
 1.04463768E+00  5.21677309E-02
 1.05967590E+00  1.22171699E-02
 1.08787077E+00  2.34501429E-02
 1.10924997E+00  7.94186725E-02
 1.10297722E+00  1.43523425E-01
 1.08441035E+00  1.93966979E-01
 1.05044432E+00  1.86013229E-01
 1.00483922E+00  1.45671742E-01
 9.73242838E-01  1.53266499E-01
 9.67166798E-01  1.97045032E-01
 9.88638949E-01  2.26680331E-01
 1.03513505E+00  2.38156207E-01
 1.08560119E+00  2.16627840E-01
 1.10499298E+00  1.42201685E-01
 1.06619943E+00  3.82970186E-02
 9.89472181E-01 -3.15991940E-02
 9.13130620E-01 -2.17445283E-02
 8.02989934E-01 -2.81449204E-02
 6.21341999E-01 -1.79346096E-01
 4.74030866E-01 -3.38077190E-01
 4.78876700E-01 -2.90108674E-01
 5.24340223E-01 -1.51160626E-01
 4.49330920E-01 -1.22773933E-01
 3.76261870E-01 -1.18855424E-01
 4.86197239E-01 -1.94707555E-02
 6.52148921E-01  8.48813049E-02
 6.89296947E-01  1.05991247E-01
 6.71578122E-01  7.79922027E-02
 7.13785548E-01  4.13557873E-02
 7.91778650E-01  4.02039057E-02
 8.85489719E-01  1.26030370E-01
 9.85870682E-01  2.08815165E-01
 1.03470449E+00  1.46061965E-01
 1.03095603E+00  3.68046666E-02
 1.01293709E+00  5.78557713E-02
 9.34602279E-01  1.19436622E-01
 7.59839304E-01  6.99868071E-02
 6.10470936E-01 -3.47342953E-02
 6.26666093E-01 -1.06055558E-01
 7.34821005E-01 -1.19276100E-01
 7.94199734E-01 -3.45332020E-02
 8.64398660E-01  9.34610270E-02
 1.02974967E+00  1.29368325E-01
 1.16501014E+00  7.81300007E-02
 1.14549308E+00  2.37494753E-02
 1.07613920E+00 -8.92772626E-03
 1.09989309E+00  8.41610286E-03
 1.15898754E+00  5.81291627E-02
 1.15594269E+00  5.95847938E-02
 1.14556147E+00  2.87284537E-02
 1.18354993E+00  2.82785139E-02
 1.21069578E+00  3.56805107E-02
 1.18013323E+00  2.46254296E-02
 1.13641769E+00  1.75239913E-02
 1.13112814E+00  2.08611136E-02
 1.14877453E+00  1.27591249E-02
 1.15545300E+00 -1.86555825E-02
 1.13767309E+00 -4.83886273E-02
 1.08444139E+00 -4.14330646E-02
 1.03117705E+00 -3.11557871E-03
 1.04086078E+00  4.46354111E-02
 1.08386584E+00  1.01862324E-01
 1.09364536E+00  1.63298841E-01
 1.10170706E+00  2.05106411E-01
 1.15440586E+00  2.10585161E-01
 1.20699639E+00  1.81049000E-01
 1.20540778E+00  1.26392057E-01
 1.15337176E+00  5.49038617E-02
 1.06992062E+00 -1.70165714E-02
 9.89958611E-01 -5.22027059E-02
 9.65902015E-01 -2.52155362E-02
 9.86690384E-01  2.14298901E-02
 9.97893106E-01  2.59620928E-02
 9.99210166E-01  2.39891344E-02
 1.00953212E+00  7.91766726E-02
 1.03138189E+00  1.37250047E-01
 1.07749295E+00  1.21761365E-01
 1.12635615E+00  7.12151932E-02
 1.13351412E+00  4.65450388E-02
 1.12157160E+00  4.13602348E-02
 1.13625162E+00  4.57782734E-02
 1.15873082E+00  6.44479653E-02
 1.15992336E+00  7.94419699E-02
 1.15883517E+00  7.77145557E-02
 1.17305117E+00  6.45143422E-02
 1.18655045E+00  4.50815728E-02
 1.18287159E+00  2.92858373E-02
 1.16005835E+00  2.19369417E-02
 1.11856834E+00  1.81599987E-02
 1.06891529E+00  1.79623089E-02
 1.03403807E+00  2.15019048E-02
 1.02751124E+00  2.76196319E-02
 1.05063160E+00  3.79574656E-02
 1.09461477E+00  4.81554251E-02
 1.13809312E+00  4.97381702E-02
 1.16634850E+00  3.82530985E-02
 1.17537407E+00  1.25227554E-02
 1.16511729E+00 -2.10250844E-02
 1.14423030E+00 -4.87424962E-02
 1.11766642E+00 -6.15646523E-02
 1.08511903E+00 -5.64929641E-02
 1.05450197E+00 -3.74066205E-02
 1.03533150E+00 -1.62239849E-02
 1.03604929E+00 -2.19919925E-04
 1.06343455E+00  9.40254926E-03
 1.10697615E+00  1.30706637E-02
 1.14396951E+00  1.58577759E-02
 1.15967853E+00  1.92472893E-02
 1.14825065E+00  2.00538097E-02
 1.11986360E+00  1.89260490E-02
 1.10070651E+00  1.69299649E-02
 1.10450408E+00  1.55470300E-02
 1.13044442E+00  1.81126238E-02
 1.16901995E+00  2.26443233E-02
 1.19737341E+00  2.31102464E-02
 1.20301767E+00  1.48413744E-02
 1.18824773E+00 -7.38365578E-03
 1.15674504E+00 -4.81804922E-02
 1.11986658E+00 -1.00592734E-01
 1.08506005E+00 -1.30473290E-01
 1.05125887E+00 -1.02860944E-01
 1.02339752E+00 -4.61806553E-02
 1.00704974E+00 -1.69106321E-02
 1.00700406E+00 -7.15836136E-03
 1.02958362E+00  1.24717250E-02
 1.07047963E+00  2.79161430E-02
 1.11716985E+00  2.86093607E-02
 1.15965664E+00  2.65577998E-02
 1.18896195E+00  2.39527303E-02
 1.20170251E+00  1.60270077E-02
 1.20198172E+00  2.78896124E-03
 1.19025515E+00 -1.07298158E-02
 1.16576147E+00 -1.78908442E-02
 1.13305010E+00 -1.78168629E-02
 1.09755518E+00 -1.26813936E-02
 1.06739231E+00 -3.10153786E-03
 1.05256471E+00  8.82679258E-03
 1.05523305E+00  2.11643771E-02
 1.07150461E+00  3.29411593E-02
 1.09775359E+00  3.90381950E-02
 1.12718748E+00  3.10157288E-02
 1.14960345E+00 -3.58119448E-04
 1.15567491E+00 -5.39659423E-02
 1.13768450E+00 -9.10175666E-02
 1.09545949E+00 -6.66758892E-02
 1.04808027E+00 -1.30895833E-02
 1.02582299E+00  5.79490882E-03
 1.04681646E+00  3.81771838E-03
 1.10987099E+00  1.70737126E-02
 1.18185859E+00  2.55931066E-02
 1.20569539E+00  1.13051478E-02
 1.15258305E+00 -1.32045114E-02
 1.03514166E+00 -4.21668695E-02
 9.14665285E-01 -7.37769386E-02
 8.76606968E-01 -9.66790850E-02
 9.10513626E-01 -9.85501771E-02
 9.43189326E-01 -7.35213102E-02
 9.74278722E-01 -3.10563782E-02
 1.01999639E+00  8.15088696E-03
 1.06809797E+00  3.08715566E-02
 1.12629624E+00  3.20064699E-02
 1.17708425E+00  1.63773537E-02
 1.18170344E+00  9.40958055E-04
 1.16440321E+00 -6.01308937E-03
 1.16871250E+00 -6.17998499E-03
 1.17488352E+00 -2.23051302E-03
 1.15239519E+00 -2.85927793E-03
 1.12302352E+00 -1.07926953E-02
 1.11239609E+00 -1.98738962E-02
 1.10945976E+00 -2.74898002E-02
 1.10120009E+00 -3.05901715E-02
 1.08883627E+00 -2.75321442E-02
 1.07101364E+00 -2.22418458E-02
 1.05123262E+00 -1.66270279E-02
 1.04260666E+00 -1.15215347E-02
 1.05003682E+00 -8.79248451E-03
 1.07062230E+00 -8.03740254E-03
 1.09967418E+00 -8.05579058E-03
 1.12677971E+00 -7.84080798E-03
 1.14437323E+00 -6.43309651E-03
 1.15055555E+00 -4.35013369E-03
 1.14303437E+00 -4.21991493E-03
 1.12244178E+00 -9.65453867E-03
 1.09085236E+00 -2.21010962E-02
 1.05087650E+00 -3.97979957E-02
 1.01227510E+00 -5.72718334E-02
 9.88464481E-01 -6.61891828E-02
 9.89338525E-01 -6.14696351E-02
 1.01872439E+00 -4.34329225E-02
 1.06585932E+00 -1.86077017E-02
 1.10826297E+00  9.56058797E-04
 1.13007566E+00  7.29187251E-03
 1.12492174E+00 -6.77645669E-04
 1.09951703E+00 -1.70384604E-02
 1.07475633E+00 -2.87938910E-02
 1.06269112E+00 -2.82975569E-02
 1.06505673E+00 -1.59321701E-02
 1.08144225E+00  2.79999358E-03
 1.10299610E+00  1.58862722E-02
 1.12552552E+00  1.69441525E-02
 1.15023538E+00  8.13148285E-03
 1.16678468E+00 -5.60552452E-03
 1.16254249E+00 -1.45476024E-02
 1.13204089E+00 -1.34670423E-02
 1.07892412E+00 -5.21074391E-03
 1.03419375E+00  5.18638346E-03
 1.03395484E+00  9.09009439E-03
 1.05455637E+00  1.14526220E-03
 1.04974627E+00 -1.69443141E-02
 1.04497866E+00 -4.06335074E-02
 1.08005525E+00 -6.16163565E-02
 1.11328644E+00 -7.36308356E-02
 1.09420876E+00 -7.52796746E-02
 1.05196787E+00 -6.63661127E-02
 1.03179916E+00 -4.95467981E-02
 1.02921374E+00 -2.70794642E-02
 1.03440318E+00 -3.36865035E-05
 1.05475677E+00  2.62111251E-02
 1.08473402E+00  4.46002928E-02
 1.11651491E+00  4.93569829E-02
 1.15078539E+00  3.68054039E-02
 1.17980978E+00  1.19065347E-02
 1.19190727E+00 -1.35377272E-02
 1.17903435E+00 -3.08870027E-02
 1.13691301E+00 -3.52424043E-02
 1.07787067E+00 -2.76933109E-02
 1.02717322E+00 -1.64524971E-02
 1.00247685E+00 -5.42162249E-03
 1.01235699E+00  5.51746445E-03
 1.05124064E+00  1.50122151E-02
 1.09759765E+00  2.37643923E-02
 1.13821102E+00  2.96504372E-02
 1.16885818E+00  2.73130988E-02
 1.18559776E+00  1.68053632E-02
 1.19178947E+00  9.84961562E-04
 1.18533255E+00 -1.75483466E-02
 1.15857535E+00 -3.43094178E-02
 1.11668570E+00 -4.66168329E-02
 1.07069056E+00 -5.41327057E-02
 1.03149195E+00 -5.46635410E-02
 1.01210276E+00 -4.65064477E-02
 1.01481018E+00 -3.13489150E-02
 1.03192981E+00 -1.22949969E-02
 1.06040130E+00  6.76082082E-03
 1.09723305E+00  2.14471754E-02
 1.13590727E+00  3.00262593E-02
 1.17159882E+00  3.31039511E-02
 1.19571569E+00  3.03103883E-02
 1.19858518E+00  2.18471019E-02
 1.18182306E+00  1.03984198E-02
 1.15409793E+00 -6.35909196E-04
 1.12275034E+00 -7.41059374E-03
 1.09585318E+00 -6.79864650E-03
 1.07821764E+00 -6.39920746E-04
 1.06941239E+00  5.70335043E-03
 1.07255030E+00  8.91680309E-03
 1.09033959E+00  7.61345191E-03
 1.11603251E+00  3.22413532E-03
 1.13908163E+00  5.51910314E-04
 1.15027669E+00  1.31006933E-03
 1.14351496E+00  4.11742953E-03
 1.12606680E+00  7.64264370E-03
 1.11539626E+00  8.99492626E-03
 1.12083306E+00  7.05413971E-03
 1.14310898E+00  3.64729485E-03
 1.17362929E+00  1.33758855E-04
 1.19292687E+00 -1.72292664E-03
 1.19096975E+00 -6.85850599E-04
 1.16965871E+00  2.28285116E-03
 1.13553415E+00  5.34017122E-03
 1.10375040E+00  6.09371144E-03
 1.08393108E+00  3.22290691E-03
 1.07597481E+00 -2.01627331E-03
 1.07959871E+00 -5.52470950E-03
 1.09010081E+00 -1.63747563E-03
 1.10405211E+00  1.17261508E-02
 1.12194199E+00  3.07483180E-02
 1.13796520E+00  4.41430516E-02
 1.14487385E+00  4.46960360E-02
 1.13998504E+00  6.03433236E-02
 1.12640825E+00  1.22214262E-01
 1.12437178E+00  1.82197497E-01
 1.14931542E+00  1.63454422E-01
 1.15525173E+00  7.46483868E-02
 1.07822575E+00 -3.47209770E-02
 9.45677975E-01 -1.33588727E-01
 8.34491204E-01 -1.82756492E-01
 7.87556285E-01 -1.84910021E-01
 8.31955992E-01 -1.84688041E-01
 9.32597858E-01 -1.62654777E-01
 9.99461956E-01 -8.50904537E-02
 1.03538754E+00 -8.82660831E-03
 1.09088556E+00  2.04141523E-03
 1.13740072E+00 -2.16142764E-02
 1.14447313E+00 -2.51473989E-02
 1.12963246E+00 -1.58074486E-02
 1.10045669E+00 -9.73022417E-03
 1.05838618E+00  6.56501299E-03
 1.02079298E+00  3.45828343E-02
 1.01029429E+00  6.86250020E-02
 1.04209968E+00  1.06987554E-01
 1.10489295E+00  1.19707300E-01
 1.16805168E+00  7.73113595E-02
 1.21211164E+00  2.30648599E-02
 1.22626996E+00  1.85250404E-02
 1.20958539E+00  2.34733180E-02
 1.17770816E+00 -2.95024405E-02
 1.13614429E+00 -9.34873189E-02
 1.08273987E+00 -9.79067816E-02
 1.02885147E+00 -7.04343403E-02
 9.87227621E-01 -5.22011205E-02
 9.70928621E-01 -2.69244881E-02
 9.93170073E-01  1.51201702E-02
 1.04342420E+00  5.36916322E-02
 1.09436022E+00  7.62759617E-02
 1.12812262E+00  7.82198074E-02
 1.13461655E+00  5.35309181E-02
 1.11859018E+00  9.80294044E-03
 1.10233943E+00 -3.34039718E-02
 1.09540279E+00 -6.17228824E-02
 1.09523664E+00 -6.74207860E-02
 1.09976608E+00 -5.42969738E-02
 1.09922206E+00 -3.85621788E-02
 1.09148732E+00 -2.81648533E-02
 1.08492108E+00 -2.27423057E-02
 1.07984527E+00 -2.11300793E-02
 1.07513652E+00 -1.61285982E-02
 1.07059680E+00 -6.74860796E-03
 1.06231717E+00  3.62555899E-04
 1.05359579E+00  4.67926567E-03
 1.05303423E+00  6.70363704E-03
 1.06388293E+00  6.87494233E-03
 1.08628361E+00  8.88168729E-03
 1.11517654E+00  1.08683920E-02
 1.13917474E+00  7.10064239E-03
 1.15120083E+00 -3.94736977E-03
 1.14950937E+00 -2.16349198E-02
 1.13587030E+00 -4.16877177E-02
 1.11755537E+00 -5.54334439E-02
 1.09930633E+00 -5.80142795E-02
 1.08185028E+00 -4.93126044E-02
 1.06619987E+00 -3.27211678E-02
 1.05155257E+00 -1.61733389E-02
 1.03962685E+00 -4.96183507E-03
 1.03569679E+00  3.08302977E-04
 1.04279614E+00  1.82372520E-03
 1.06279400E+00  5.37001962E-03
 1.09533396E+00  1.34431142E-02
 1.13528916E+00  2.34516541E-02
 1.17502098E+00  3.09054181E-02
 1.20517711E+00  2.87593413E-02
 1.21679911E+00  1.38136384E-02
 1.20472677E+00 -1.07210687E-02
 1.17009852E+00 -3.80350698E-02
 1.12001103E+00 -5.75613167E-02
 1.06241651E+00 -6.17866583E-02
 1.00613067E+00 -4.97356646E-02
 9.62138464E-01 -2.59670301E-02
 9.40329705E-01 -7.14098429E-04
 9.49683405E-01  1.85621470E-02
 9.94121342E-01  2.97000974E-02
 1.06206611E+00  3.36688352E-02
 1.13129356E+00  3.58748441E-02
 1.18314812E+00  3.82619040E-02
 1.20561557E+00  3.81515819E-02
 1.20189231E+00  3.40352327E-02
 1.18998000E+00  2.34420570E-02
 1.17915302E+00  6.54500679E-03
 1.17040007E+00 -1.21145533E-02
 1.16320847E+00 -2.94137189E-02
 1.14985942E+00 -4.24464938E-02
 1.13099565E+00 -4.82690813E-02
 1.11616142E+00 -4.64672784E-02
 1.10698072E+00 -3.74680484E-02
 1.10315574E+00 -2.26739206E-02
 1.10282524E+00 -5.31465823E-03
 1.09796387E+00  1.03497504E-02
 1.08436763E+00  1.86255994E-02
 1.06121608E+00  1.36662295E-02
 1.02562107E+00 -7.42588607E-03
 9.78102078E-01 -4.19197335E-02
 9.25010739E-01 -7.70864935E-02
 8.75252807E-01 -9.33930952E-02
 8.38046228E-01 -7.65656970E-02
 8.20715773E-01 -2.21033118E-02
 8.23815660E-01  5.84075747E-02
 8.43254684E-01  1.38721717E-01
 8.80903087E-01  1.99368222E-01
 9.45185918E-01  2.30408796E-01
 1.05063823E+00  2.29715050E-01
 1.19753686E+00  2.07353307E-01
 1.31664721E+00  1.67269514E-01
 1.31866314E+00  1.07671260E-01
 1.22828843E+00  3.64548546E-02
 1.13019357E+00 -3.63229163E-02
 1.04502333E+00 -9.68234469E-02
 9.79920874E-01 -1.26715818E-01
 9.43414713E-01 -1.20655623E-01
 9.11457543E-01 -8.42693247E-02
 9.05966859E-01 -2.42766191E-02
 9.70875974E-01  4.44452436E-02
 1.05766799E+00  9.80314086E-02
 1.08620437E+00  1.14143581E-01
 1.03831068E+00  8.14628045E-02
 9.30299217E-01  1.48474268E-02
 8.31480147E-01 -1.91110889E-02
 8.37958717E-01  4.68352671E-02
 8.99917042E-01  1.51418610E-01
 8.93090147E-01  1.72877360E-01
 8.52901091E-01  1.18284332E-01
 8.64259074E-01  5.22734332E-02
 9.04845769E-01 -5.96493835E-03
 9.51555429E-01 -2.20178301E-02
 1.00319760E+00  2.24438259E-03
 1.03009025E+00  8.60424172E-03
 1.04520447E+00  9.65624479E-04
 1.09026490E+00  1.03536440E-02
 1.13717807E+00  1.78926163E-02
 1.13690891E+00  1.23340705E-02
 1.10063672E+00  1.19832460E-02
 1.05249872E+00  2.38814192E-02
 9.95462560E-01  3.12972406E-02
 9.45411092E-01  1.83738231E-02
 9.26009391E-01  5.37074462E-03
 9.46421026E-01  2.53211217E-02
 1.00281114E+00  7.62031748E-02
 1.08092833E+00  1.34036713E-01
 1.16417639E+00  1.59850006E-01
 1.23244028E+00  1.12601931E-01
 1.25437867E+00  3.08992492E-02
 1.21216678E+00 -3.81844209E-03
 1.14110428E+00 -1.52382405E-03
 1.09750429E+00 -7.74959696E-03
 1.08023790E+00 -7.19436402E-03
 1.05955806E+00  1.00017236E-02
 1.03939369E+00  2.07041902E-02
 1.02712638E+00  1.83757658E-02
 1.03323623E+00  1.30637503E-02
 1.07980947E+00  1.26919006E-02
 1.13779928E+00  1.59978264E-02
 1.15505658E+00  1.71740395E-02
 1.14881899E+00  1.59613690E-02
 1.15929276E+00  1.24252245E-02
 1.17471175E+00  6.83361689E-03
 1.17663299E+00  3.35217253E-03
 1.16905870E+00  2.41225579E-03
 1.14730381E+00  1.66265382E-03
 1.10828335E+00  1.72627659E-03
 1.06451887E+00  3.98124825E-03
 1.02981889E+00  1.17649782E-02
 1.01810252E+00  2.97177411E-02
 1.03926551E+00  5.56915764E-02
 1.09008948E+00  7.83294073E-02
 1.15244602E+00  7.50613422E-02
 1.19768258E+00  2.94170890E-02
 1.20421341E+00 -2.31204449E-02
 1.16601971E+00 -2.93987648E-02
 1.09907862E+00 -1.36313263E-02
 1.03907750E+00 -2.54786225E-02
 1.00967112E+00 -3.21213569E-02
 1.01748676E+00  8.66251414E-03
 1.05662815E+00  5.19077886E-02
 1.10300000E+00  4.55282604E-02
 1.14247485E+00  1.81311354E-02
 1.17285821E+00  1.09893269E-02
 1.18301544E+00  3.59070974E-03
 1.16624071E+00 -2.61591987E-02
 1.12013660E+00 -4.37081362E-02
 1.04906924E+00 -1.75686321E-02
 9.94805933E-01  2.15545305E-02
 1.00352894E+00  3.52848621E-02
 1.04595460E+00  4.91574600E-02
 1.06559702E+00  9.48219273E-02
 1.09022028E+00  1.23337286E-01
 1.16157284E+00  7.86483387E-02
 1.21902148E+00  6.92409938E-03
 1.19249091E+00 -2.03533251E-02
 1.12202607E+00 -1.92423142E-02
 1.07574921E+00 -2.72216808E-02
 1.05347830E+00 -3.47593642E-02
 1.04451530E+00 -3.56252307E-02
 1.05863682E+00 -2.84422454E-02
 1.08466567E+00  2.33770377E-03
 1.11232787E+00  3.72916281E-02
 1.14642829E+00  3.91364635E-02
 1.17819648E+00  2.07678879E-02
 1.19383515E+00  1.21744910E-02
 1.18287092E+00  8.12107509E-03
 1.13657695E+00  2.10500269E-04
 1.06975845E+00 -4.01985558E-03
 1.01491321E+00 -3.96543943E-03
 9.93063417E-01 -9.22129689E-04
 1.01366535E+00  9.14659549E-03
 1.06710347E+00  2.29865147E-02
 1.12228136E+00  3.25460250E-02
 1.16099478E+00  3.25952202E-02
 1.17905334E+00  1.98219073E-02
 1.17511019E+00 -1.24662881E-03
 1.15996242E+00 -1.89329821E-02
 1.13723893E+00 -2.66682889E-02
 1.10218704E+00 -2.28475616E-02
 1.06492156E+00 -9.88614248E-03
 1.03986076E+00  3.60797334E-03
 1.03871763E+00  1.30543410E-02
 1.07148314E+00  1.88131895E-02
 1.12563331E+00  2.03788710E-02
 1.17162336E+00  1.95690853E-02
 1.19142419E+00  1.67257641E-02
 1.17840308E+00  9.58197375E-03
 1.14308703E+00  2.84863699E-04
 1.11515725E+00 -7.10306157E-03
 1.10966431E+00 -9.68277607E-03
 1.12471205E+00 -4.92443750E-03
 1.15168301E+00  4.58278515E-03
 1.16862054E+00  1.19934369E-02
 1.16450397E+00  1.35674006E-02
 1.14459382E+00  8.49974462E-03
 1.11354181E+00 -4.61437185E-04
 1.08223515E+00 -6.28091892E-03
 1.05804498E+00 -5.40723641E-03
 1.03902784E+00  1.44937387E-03
 1.02894941E+00  1.19138001E-02
 1.03233148E+00  2.04455154E-02
 1.05156838E+00  2.38313035E-02
 1.08973184E+00  2.26649162E-02
 1.13947394E+00  1.77197906E-02
 1.18541065E+00  1.14262576E-02
 1.21582085E+00  5.35185228E-03
 1.22227776E+00 -1.09234869E-03
 1.20490823E+00 -7.18936157E-03
 1.17380675E+00 -1.19600494E-02
 1.13558365E+00 -1.42219995E-02
 1.09465314E+00 -1.17966291E-02
 1.05834340E+00 -4.11951387E-03
 1.03183467E+00  7.87848259E-03
 1.02255491E+00  2.29014179E-02
 1.03814772E+00  3.82169080E-02
 1.07382717E+00  4.98874308E-02
 1.11682714E+00  5.39191322E-02
 1.15578644E+00  4.72291095E-02
 1.17998512E+00  2.94386760E-02
 1.18586588E+00  5.49314285E-03
 1.17830763E+00 -1.58807077E-02
 1.15806606E+00 -2.78974463E-02
 1.12544209E+00 -2.72885104E-02
 1.08841199E+00 -1.65320076E-02
 1.05654437E+00 -3.75385469E-03
 1.04052591E+00  6.06267401E-03
 1.04985544E+00  1.16114599E-02
 1.07953954E+00  1.29111790E-02
 1.11402101E+00  1.33298557E-02
 1.14253308E+00  1.33457538E-02
 1.15785972E+00  1.02289887E-02
 1.15879652E+00  4.31951215E-03
 1.15300460E+00 -3.43765169E-03
 1.14207973E+00 -1.13397134E-02
 1.12369151E+00 -1.56601745E-02
 1.10277058E+00 -1.55283014E-02
 1.08504458E+00 -1.22496403E-02
 1.07726897E+00 -6.07713118E-03
 1.08726284E+00  1.96102800E-03
 1.11111357E+00  1.01082332E-02
 1.13657182E+00  1.70783945E-02
 1.15570363E+00  2.08004698E-02
 1.16290592E+00  1.94818340E-02
 1.15742004E+00  1.42125008E-02
 1.14572677E+00  7.78176216E-03
 1.12965159E+00  2.24280354E-03
 1.10810343E+00 -1.00026410E-03
 1.08521637E+00 -2.20872890E-03
 1.06541535E+00 -3.43649585E-03
 1.05419566E+00 -5.08231405E-03
 1.05818553E+00 -6.13720233E-03
 1.07562923E+00 -5.79143232E-03
 1.09882450E+00 -2.64385318E-03
 1.12259887E+00  3.36554097E-03
 1.14255966E+00  1.03045480E-02
 1.15693046E+00  1.59845825E-02
 1.16804424E+00  1.77981684E-02
 1.17405947E+00  1.39787738E-02
 1.17018332E+00  5.07365753E-03
 1.15413502E+00 -5.93170038E-03
 1.12414167E+00 -1.41471850E-02
 1.08235670E+00 -1.56781799E-02
 1.03718251E+00 -8.93492792E-03
 9.99926109E-01  4.65434462E-03
 9.83633729E-01  2.05466956E-02
 9.98265537E-01  3.52062725E-02
 1.04509134E+00  4.63398050E-02
 1.11234308E+00  5.12278019E-02
 1.17787940E+00  4.84343775E-02
 1.22314397E+00  3.65254473E-02
 1.23724584E+00  1.49673944E-02
 1.22032271E+00 -1.10733523E-02
 1.18504151E+00 -3.29845777E-02
 1.13920371E+00 -4.37064021E-02
 1.08649972E+00 -3.86675722E-02
 1.03644633E+00 -1.99537336E-02
 9.97337268E-01  3.98377339E-03
 9.80376242E-01  2.72126793E-02
 9.97553067E-01  4.59932132E-02
 1.04293904E+00  5.69572901E-02
 1.09853877E+00  5.99048732E-02
 1.14948200E+00  5.29137176E-02
 1.18220281E+00  3.36073240E-02
 1.19221027E+00  7.08885203E-03
 1.18656283E+00 -1.77622567E-02
 1.16594980E+00 -3.32393546E-02
 1.12952373E+00 -3.32732006E-02
 1.08724521E+00 -2.01996188E-02
 1.05125683E+00 -3.80908277E-03
 1.03479004E+00  1.00396830E-02
 1.04969933E+00  1.85099136E-02
 1.08852692E+00  2.02694629E-02
 1.12977071E+00  1.84652717E-02
 1.15900150E+00  1.31226003E-02
 1.16725552E+00  2.05610981E-03
 1.15432471E+00 -1.06494516E-02
 1.13264026E+00 -1.89226920E-02
 1.10690861E+00 -1.78556229E-02
 1.07665357E+00 -3.71400290E-03
 1.05082400E+00  1.83222006E-02
 1.03850015E+00  3.61575303E-02
 1.04859507E+00  4.22997539E-02
 1.08878648E+00  3.36895762E-02
 1.14675651E+00  1.28784129E-02
 1.19652111E+00 -1.02661664E-02
 1.22030666E+00 -2.99144964E-02
 1.20853154E+00 -4.43852428E-02
 1.16718634E+00 -5.03268958E-02
 1.11911030E+00 -4.63898860E-02
 1.07593127E+00 -2.90264060E-02
 1.03768295E+00  8.07383016E-03
 1.00172351E+00  6.56379629E-02
 9.68581748E-01  1.38525923E-01
 9.85309066E-01  2.13379829E-01
 1.09342527E+00  2.62634413E-01
 1.18586073E+00  2.42887405E-01
 1.12170119E+00  1.31020571E-01
 9.89688895E-01  1.78070208E-03
 9.59512372E-01 -3.39975674E-02
 9.92218834E-01  3.28558463E-04
 9.98991833E-01  2.03856075E-02
 1.01893467E+00  4.06558016E-02
 1.06602179E+00  7.80796515E-02
 1.07038972E+00  6.98940877E-02
 1.00295825E+00 -1.40121074E-02
 9.42939086E-01 -9.38893448E-02
 9.77373691E-01 -7.94938397E-02
 1.02932819E+00 -2.14848810E-02
 9.73108406E-01 -2.06684735E-02
 8.79782828E-01 -4.54777182E-02
 8.72977671E-01 -3.23976925E-02
 9.12383819E-01 -3.64451542E-03
 9.38522815E-01  2.06081810E-02
 9.90862956E-01  3.84960302E-02
 1.08589378E+00  2.76285377E-02
 1.16337332E+00  2.58414992E-04
 1.17494436E+00 -2.76341655E-03
 1.14801334E+00  2.09560284E-02
 1.12951085E+00  5.45019742E-02
 1.10544107E+00  8.22091652E-02
 1.04510161E+00  7.37145832E-02
 9.51871234E-01  1.39075909E-02
 8.43305053E-01 -7.59695951E-02
 7.89773883E-01 -1.36767359E-01
 8.70941405E-01 -1.07325658E-01
 9.98870797E-01 -3.54081370E-02
 1.01998201E+00 -1.82509258E-02
 9.82557262E-01 -1.59933160E-02
 1.00251906E+00  5.24031592E-02
 1.03923631E+00  1.39916900E-01
 1.04107047E+00  1.81573664E-01
 1.05008402E+00  1.88058886E-01
 1.08467891E+00  1.67273077E-01
 1.11468013E+00  1.13175334E-01
 1.12557896E+00  4.88832661E-02
 1.13685965E+00  7.85058963E-03
 1.16612627E+00  1.92136195E-03
 1.18174435E+00 -1.08121053E-02
 1.14300594E+00 -8.36194196E-02
 1.07435953E+00 -1.59385849E-01
 1.02177771E+00 -1.41625348E-01
 9.85282665E-01 -6.93328547E-02
 9.57230613E-01 -2.61270074E-02
 9.49140186E-01 -3.27957585E-03
 9.61516591E-01  1.77005110E-02
 9.90832028E-01  2.92871958E-02
 1.04097235E+00  5.19280414E-02
 1.10724287E+00  9.77426846E-02
 1.17752674E+00  1.47498417E-01
 1.23600000E+00  1.71812533E-01
 1.26003905E+00  1.38032079E-01
 1.22733268E+00  5.17595073E-02
 1.13733584E+00 -4.45796129E-02
 1.04927784E+00 -1.19165925E-01
 1.03559669E+00 -1.45554381E-01
 1.05635318E+00 -1.19547272E-01
 1.02639231E+00 -7.32315447E-02
 9.83343038E-01 -3.25842474E-02
 9.96038501E-01 -1.26691118E-02
 1.03090691E+00 -1.08235573E-02
 1.04585012E+00  8.25242947E-04
 1.05225207E+00  2.99148206E-02
 1.05464702E+00  6.44708074E-02
 1.05287641E+00  8.97945863E-02
 1.06645731E+00  8.28947528E-02
 1.10661616E+00  5.24646720E-02
 1.16412549E+00  3.05070236E-02
 1.20624930E+00  1.32761720E-02
 1.19553274E+00 -1.24030135E-02
 1.15741786E+00 -3.26806720E-02
 1.14510145E+00 -3.72052953E-02
 1.13359469E+00 -3.21067419E-02
 1.08032804E+00 -2.23768157E-02
 1.02772029E+00 -9.94436247E-03
 1.02748248E+00  1.30392881E-03
 1.05607052E+00  9.35746315E-03
 1.07795171E+00  1.52832971E-02
 1.10148547E+00  1.77740895E-02
 1.13429968E+00  1.46587695E-02
 1.16156968E+00  7.18415510E-03
 1.17514228E+00 -2.16517465E-03
 1.17198071E+00 -1.00327796E-02
 1.14630936E+00 -1.22676384E-02
 1.10572998E+00 -8.52299490E-03
 1.06856379E+00 -1.45650955E-03
 1.04868180E+00  7.80178610E-03
 1.05489571E+00  1.79889907E-02
 1.08355763E+00  2.67049106E-02
 1.11803775E+00  3.21953828E-02
 1.14881183E+00  3.18449511E-02
 1.17236260E+00  2.33835037E-02
 1.18473838E+00  9.30626683E-03
 1.18776795E+00 -4.94704780E-03
 1.17927219E+00 -1.51806938E-02
 1.15402127E+00 -1.83295663E-02
 1.11944314E+00 -1.44209059E-02
 1.08884042E+00 -7.00291515E-03
 1.07274039E+00  2.31137926E-03
 1.07939937E+00  1.31135688E-02
 1.10331143E+00  2.33519858E-02
 1.12707691E+00  3.14698624E-02
 1.14114629E+00  3.52287374E-02
 1.14293781E+00  3.20927515E-02
 1.13564853E+00  2.40198941E-02
 1.13162369E+00  1.56932763E-02
 1.13526145E+00  1.01410928E-02
 1.14197337E+00  8.89576437E-03
 1.14830555E+00  9.65585983E-03
 1.14740488E+00  6.56734916E-03
 1.13653341E+00 -2.64967213E-03
 1.12072152E+00 -1.63269667E-02
 1.10357168E+00 -2.99065543E-02
 1.08955421E+00 -3.54065458E-02
 1.08294168E+00 -2.86857811E-02
 1.08383514E+00 -1.14434046E-02
 1.09199599E+00  1.05875375E-02
 1.10626889E+00  2.72856319E-02
 1.12410855E+00  3.17884732E-02
 1.14290866E+00  2.34455088E-02
 1.15773013E+00  6.53117313E-03
 1.16251879E+00 -9.21560918E-03
 1.15312029E+00 -1.70438753E-02
 1.12886625E+00 -1.53907176E-02
 1.09701689E+00 -4.87714526E-03
 1.07090956E+00  9.72483056E-03
 1.06076815E+00  2.55269646E-02
 1.07165918E+00  4.21956919E-02
 1.10018178E+00  5.53947754E-02
 1.13401404E+00  6.00643938E-02
 1.16438485E+00  5.18501749E-02
 1.18620886E+00  2.74164276E-02
 1.19371345E+00 -7.90225026E-03
 1.18519216E+00 -4.22949191E-02
 1.15844016E+00 -6.68715258E-02
 1.11288752E+00 -7.57034811E-02
 1.06230513E+00 -6.87233604E-02
 1.02808400E+00 -5.30810233E-02
 1.02582003E+00 -3.28073456E-02
 1.06215443E+00 -9.88918424E-03
 1.12233330E+00  1.01089970E-02
 1.17355428E+00  2.26410378E-02
 1.19442117E+00  2.29994589E-02
 1.17782053E+00  7.97098661E-03
 1.13171553E+00 -1.35509437E-02
 1.08294709E+00 -2.52607720E-02
 1.04706051E+00 -1.63689587E-02
 1.02624748E+00  1.67730481E-02
 1.02440608E+00  6.35613637E-02
 1.03753251E+00  1.00395075E-01
 1.06609853E+00  1.12821274E-01
 1.11633302E+00  9.75491091E-02
 1.17669550E+00  6.02628223E-02
 1.22697336E+00  1.91684161E-02
 1.25089714E+00 -1.48469717E-02
 1.23480654E+00 -4.03975244E-02
 1.18446055E+00 -5.42016296E-02
 1.12345439E+00 -5.76009329E-02
 1.06733642E+00 -4.93944869E-02
 1.02630960E+00 -2.44121806E-02
 1.00786109E+00  1.09726091E-02
 1.00920637E+00  4.43765793E-02
 1.03285178E+00  6.57719435E-02
 1.08303198E+00  6.63202417E-02
 1.14560024E+00  4.89023414E-02
 1.19860240E+00  2.71815555E-02
 1.22365287E+00  9.01985923E-03
 1.20787539E+00 -1.84869273E-03
 1.16326209E+00 -4.12093948E-03
 1.12191901E+00 -3.04524896E-03
 1.10294672E+00  9.23715599E-04
 1.11225000E+00  1.10597396E-02
 1.14150082E+00  2.32011658E-02
 1.16377722E+00  3.13774401E-02
 1.16687910E+00  3.03485904E-02
 1.15519604E+00  1.51321176E-02
 1.13310303E+00 -8.83788101E-03
 1.11385393E+00 -2.84239560E-02
 1.10330214E+00 -3.60662974E-02
 1.09488968E+00 -2.91350102E-02
 1.08957729E+00 -1.18789208E-02
 1.08896411E+00  3.24511137E-03
 1.09359970E+00  1.00672401E-02
 1.10799932E+00  9.57449711E-03
 1.12790594E+00  4.68401071E-03
 1.14288152E+00  3.36068885E-03
 1.14773072E+00  9.27226183E-03
 1.14069706E+00  1.93681874E-02
 1.12821694E+00  3.11220768E-02
 1.12488675E+00  3.99464102E-02
 1.13832978E+00  4.27647137E-02
 1.16755168E+00  4.07169083E-02
 1.20318136E+00  3.35982443E-02
 1.22645108E+00  2.15698757E-02
 1.22557375E+00  5.92657535E-03
 1.19926514E+00 -1.21735138E-02
 1.15311425E+00 -2.77476243E-02
 1.10238486E+00 -3.35236885E-02
 1.05835864E+00 -2.50161888E-02
 1.02574593E+00 -1.48453918E-03
 1.01110050E+00  3.03422129E-02
 1.01723615E+00  5.73942837E-02
 1.04627747E+00  7.01903542E-02
 1.09885789E+00  6.46737653E-02
 1.15993157E+00  4.38389475E-02
 1.20537129E+00  1.85917009E-02
 1.21696373E+00 -3.92410783E-03
 1.18547314E+00 -2.10619340E-02
 1.12383709E+00 -3.01702739E-02
 1.06441362E+00 -3.22114434E-02
 1.02867894E+00 -2.59685219E-02
 1.02506490E+00 -8.40155940E-03
 1.04926706E+00  1.54083524E-02
 1.07956754E+00  3.64939021E-02
 1.10589473E+00  4.75164689E-02
 1.13093612E+00  4.27547704E-02
 1.15280977E+00  2.60912530E-02
 1.17427518E+00  9.53591942E-03
 1.19215956E+00 -2.30243343E-04
 1.19454594E+00 -1.39759220E-03
 1.18225196E+00  3.29407438E-03
 1.16250373E+00  4.51282776E-03
 1.14023346E+00 -1.19653799E-03
 1.12304415E+00 -1.06345618E-02
 1.11155710E+00 -2.06643029E-02
 1.09919945E+00 -2.51294357E-02
 1.08602624E+00 -2.10978776E-02
 1.07534953E+00 -1.15471158E-02
 1.07007654E+00  1.04640582E-03
 1.07604768E+00  1.29395679E-02
 1.09450635E+00  2.07953893E-02
 1.12085509E+00  2.45066726E-02
 1.15037957E+00  2.39925694E-02
 1.17632237E+00  1.98121359E-02
 1.19208552E+00  1.29402405E-02
 1.19450178E+00  3.68070588E-03
 1.18243526E+00 -6.11734177E-03
 1.15755700E+00 -1.36837925E-02
 1.12324644E+00 -1.65542821E-02
 1.08430872E+00 -1.27807756E-02
 1.04935999E+00 -3.45704586E-03
 1.02856556E+00  7.73177779E-03
 1.03034801E+00  1.78579535E-02
 1.05835021E+00  2.46514085E-02
 1.10434571E+00  2.71077903E-02
 1.15092688E+00  2.62375273E-02
 1.18418391E+00  2.20342171E-02
 1.19581796E+00  1.42140681E-02
 1.18704503E+00  4.95796620E-03
 1.16976565E+00 -2.77354390E-03
 1.15050560E+00 -6.10856835E-03
 1.13120192E+00 -2.73600018E-03
 1.11714702E+00  5.61699787E-03
 1.11090616E+00  1.40965882E-02
 1.11706171E+00  1.93676883E-02
 1.14076108E+00  1.93554895E-02
 1.17235995E+00  1.36417465E-02
 1.19377613E+00  4.55601625E-03
 1.19240486E+00 -6.67375690E-03
 1.16164913E+00 -1.91830035E-02
 1.11076809E+00 -2.88799472E-02
 1.06385223E+00 -3.09692369E-02
 1.03582053E+00 -2.19001087E-02
 1.03210560E+00 -4.42910658E-04
 1.05223262E+00  2.72151443E-02
 1.08420635E+00  4.94301646E-02
 1.12158325E+00  5.78682932E-02
 1.16354631E+00  4.86280640E-02
 1.19955779E+00  2.46151809E-02
 1.21793933E+00 -3.80861472E-03
 1.20843925E+00 -2.97355297E-02
 1.16297951E+00 -5.00194268E-02
 1.09354874E+00 -6.12955336E-02
 1.02677898E+00 -6.35051972E-02
 9.82108989E-01 -5.48328245E-02
 9.71498474E-01 -3.22949214E-02
 9.92354886E-01 -1.02758683E-03
 1.02540029E+00  2.95374852E-02
 1.06090600E+00  5.10446472E-02
 1.09768260E+00  5.61517672E-02
 1.13209109E+00  4.56196441E-02
 1.16579349E+00  2.77701670E-02
 1.19337557E+00  7.42050098E-03
 1.20165951E+00 -1.25318024E-02
 1.18882723E+00 -2.88687743E-02
 1.15881961E+00 -4.14190418E-02
 1.11680929E+00 -4.70640668E-02
 1.07459872E+00 -4.10929102E-02
 1.04252689E+00 -2.62146984E-02
 1.02739894E+00 -8.81067526E-03
 1.03726714E+00  5.55200012E-03
 1.07392150E+00  1.13906810E-02
 1.12453968E+00  9.08780122E-03
 1.16808138E+00  4.53143102E-03
 1.18742454E+00 -4.37303595E-05
 1.17399682E+00 -4.33975625E-03
 1.13781313E+00 -7.30948428E-03
 1.10481660E+00 -9.96717423E-03
 1.09006670E+00 -1.11093371E-02
 1.09611851E+00 -7.76400974E-03
 1.11637674E+00 -1.75081053E-03
 1.13104336E+00  3.01597788E-03
 1.13187501E+00  3.95494176E-03
 1.12491558E+00 -1.00484052E-03
 1.11569088E+00 -9.79915174E-03
 1.11529604E+00 -1.66089326E-02
 1.12799083E+00 -1.84956125E-02
 1.14523196E+00 -1.49281075E-02
 1.15919063E+00 -6.82053212E-03
 1.16030238E+00  2.07702008E-03
 1.14268822E+00  9.95628173E-03
 1.11175538E+00  1.73921334E-02
 1.07963882E+00  2.40966904E-02
 1.06339552E+00  3.04304208E-02
 1.07495253E+00  3.59797563E-02
 1.11399846E+00  3.87030986E-02
 1.16647305E+00  3.79010480E-02
 1.20696096E+00  3.37020728E-02
 1.21861907E+00  2.66653427E-02
 1.19907392E+00  1.89582410E-02
 1.15999832E+00  1.35046093E-02
 1.12731453E+00  1.26739064E-02
 1.11521586E+00  1.62731348E-02
 1.12057565E+00  1.90394977E-02
 1.12999317E+00  7.83419122E-03
 1.11752190E+00 -3.25838753E-02
 1.07084518E+00 -1.03808457E-01
 9.99034867E-01 -1.85199784E-01
 9.22377364E-01 -2.22921030E-01
 8.74384275E-01 -1.65245763E-01
 8.76317176E-01 -5.96635051E-02
 9.26602082E-01 -2.75640512E-03
 1.00875491E+00  8.92903749E-03
 1.08929835E+00  1.87742606E-02
 1.14382558E+00  1.51615165E-02
 1.16613235E+00 -1.15482499E-03
 1.15871508E+00 -9.17299334E-03
 1.13795686E+00 -1.12637378E-02
 1.11341384E+00 -9.09055473E-03
 1.08402244E+00  1.53929460E-04
 1.05688776E+00  1.08721483E-02
 1.03863213E+00  1.94345647E-02
 1.03786701E+00  2.77349505E-02
 1.06605503E+00  3.68568457E-02
 1.11469624E+00  3.81976567E-02
 1.16198000E+00  2.26013042E-02
 1.19234449E+00  2.04984840E-03
 1.19452798E+00 -5.72808041E-03
 1.17192254E+00 -8.47049205E-03
 1.14377152E+00 -2.09035864E-02
 1.11884148E+00 -3.47597260E-02
 1.09764026E+00 -3.83157194E-02
 1.08148860E+00 -3.61733856E-02
 1.06509735E+00 -3.34861416E-02
 1.04985004E+00 -2.94418511E-02
 1.04456959E+00 -2.56296016E-02
 1.04841714E+00 -2.25396643E-02
 1.05732467E+00 -1.71506311E-02
 1.06842622E+00 -8.99249484E-03
 1.07657062E+00  5.05654134E-04
 1.08419205E+00  1.02037944E-02
 1.09971124E+00  1.77497449E-02
 1.12482993E+00  2.16882254E-02
 1.15636788E+00  2.20966874E-02
 1.18613034E+00  1.84811625E-02
 1.19984357E+00  1.07505025E-02
 1.18987846E+00 -4.27265211E-04
 1.15786800E+00 -1.40363053E-02
 1.11253574E+00 -2.72841965E-02
 1.07070679E+00 -3.63068182E-02
 1.04485306E+00 -3.84307349E-02
 1.03875661E+00 -3.28204507E-02
 1.04951268E+00 -2.20899290E-02
 1.06592390E+00 -1.17583720E-02
 1.08078884E+00 -5.72702914E-03
 1.09309642E+00 -5.33098353E-03
 1.10148013E+00 -8.53961491E-03
 1.10795718E+00 -9.80400299E-03
 1.11184519E+00 -5.96012823E-03
 1.10937255E+00  3.15849121E-03
 1.10494083E+00  1.64932976E-02
 1.10655525E+00  3.03205631E-02
 1.11968696E+00  4.21566210E-02
 1.14755452E+00  5.10447021E-02
 1.18226045E+00  5.33845210E-02
 1.20688237E+00  4.54049543E-02
 1.21113732E+00  2.49781586E-02
 1.19171001E+00 -7.77281060E-03
 1.15331616E+00 -4.53372857E-02
 1.11084928E+00 -7.49806601E-02
 1.07389264E+00 -8.74911906E-02
 1.04581004E+00 -7.87387305E-02
 1.03079985E+00 -5.31564017E-02
 1.02878513E+00 -2.36953968E-02
 1.04147943E+00  8.41816817E-04
 1.07256484E+00  1.68381679E-02
 1.11566332E+00  2.35041132E-02
 1.15898245E+00  2.57604998E-02
 1.19202946E+00  2.48263224E-02
 1.20527940E+00  1.81450600E-02
 1.19910051E+00  8.31082936E-03
 1.18319349E+00 -1.12346246E-03
 1.16318428E+00 -6.01911986E-03
 1.14265998E+00 -1.08964893E-03
 1.12567736E+00  1.10638158E-02
 1.11266090E+00  2.22520189E-02
 1.10769761E+00  2.77776019E-02
 1.11666515E+00  2.51583165E-02
 1.13612979E+00  1.62877057E-02
 1.15795945E+00  8.50665612E-03
 1.17498995E+00  4.70363502E-03
 1.18015798E+00  3.64147265E-03
 1.17354889E+00  4.26292158E-03
 1.16222401E+00  3.06703061E-03
 1.14928497E+00 -1.09374302E-03
 1.13640868E+00 -5.67620322E-03
 1.12792471E+00 -9.70839399E-03
 1.12632300E+00 -1.21451247E-02
 1.13466617E+00 -1.22208877E-02
 1.15461866E+00 -1.13403977E-02
 1.17635905E+00 -1.04538359E-02
 1.18378939E+00 -1.00582678E-02
 1.16710586E+00 -1.04860100E-02
 1.12483789E+00 -1.04155423E-02
 1.07142728E+00 -6.96268904E-03
 1.03476878E+00  3.10479829E-03
 1.03190075E+00  2.08263834E-02
 1.06517456E+00  4.32544219E-02
 1.12161342E+00  6.17208754E-02
 1.17148073E+00  6.44616160E-02
 1.19643887E+00  4.61838697E-02
 1.19461102E+00  1.22375098E-02
 1.17279035E+00 -1.71025925E-02
 1.15127346E+00 -1.90601606E-02
 1.14084788E+00 -7.94813723E-03
 1.13797767E+00 -1.40542489E-02
 1.13982998E+00 -2.07505688E-02
 1.13807738E+00 -8.62230391E-04
 1.12986728E+00  2.01179300E-02
 1.12246806E+00  1.10535883E-02
 1.11729213E+00 -9.44555213E-03
 1.11457469E+00 -1.40220088E-02
 1.11493267E+00 -7.00563209E-03
 1.11506055E+00  3.24540269E-03
 1.11749413E+00  1.77611238E-02
 1.12863643E+00  2.92816123E-02
 1.14974302E+00  3.08087005E-02
 1.17849750E+00  2.39102061E-02
 1.20560749E+00  1.07586626E-02
 1.21551699E+00 -4.75791243E-03
 1.19942816E+00 -1.92437390E-02
 1.15802552E+00 -3.18843230E-02
 1.10326515E+00 -3.91911051E-02
 1.05798386E+00 -3.71904609E-02
 1.03844131E+00 -2.37817768E-02
 1.04982524E+00  1.20597960E-03
 1.08650339E+00  3.05456971E-02
 1.12996277E+00  5.16696345E-02
 1.16714861E+00  5.56116821E-02
 1.19257093E+00  3.86663281E-02
 1.19958767E+00  6.53316138E-03
 1.18711848E+00 -2.59291629E-02
 1.15292670E+00 -4.82364210E-02
 1.09511633E+00 -5.53539293E-02
 1.03040668E+00 -4.57007675E-02
 9.85431876E-01 -2.50510288E-02
 9.80059373E-01  2.05002720E-03
 1.02436757E+00  3.08198724E-02
 1.10190602E+00  4.49224112E-02
 1.17352364E+00  3.24945654E-02
 1.21362770E+00  1.27618404E-02
 1.21251086E+00  1.24790240E-02
 1.17667769E+00  1.51521844E-02
 1.13431373E+00 -7.40687133E-03
 1.10022052E+00 -3.02703314E-02
 1.07433342E+00 -1.84927777E-02
 1.06156873E+00  9.63189256E-03
 1.06002981E+00  2.46632345E-02
 1.07283502E+00  2.90583862E-02
 1.10989332E+00  2.76272301E-02
 1.16034100E+00  1.81766023E-02
 1.20246314E+00  9.17235293E-03
 1.22058086E+00  6.85237788E-03
 1.20273498E+00  8.59748236E-03
 1.15749228E+00  1.17708749E-02
 1.11243097E+00  1.16523554E-02
 1.08323841E+00  6.20904075E-03
 1.07533702E+00 -1.38823270E-03
 1.08723539E+00 -9.35222783E-03
 1.10376379E+00 -1.55344171E-02
 1.11885635E+00 -1.81789883E-02
 1.13577282E+00 -1.85063932E-02
 1.14921801E+00 -1.72687539E-02
 1.15468985E+00 -1.50528508E-02
 1.14708507E+00 -1.27704208E-02
 1.11912349E+00 -1.01689344E-02
 1.07981656E+00 -6.98197053E-03
 1.04877649E+00 -3.26648221E-03
 1.03860816E+00  3.74612645E-04
 1.05616346E+00  2.04928843E-03
 1.09477732E+00 -1.13273777E-03
 1.13334820E+00 -1.20635943E-02
 1.15931975E+00 -3.11427196E-02
 1.16846487E+00 -5.45593172E-02
 1.15877604E+00 -7.28094566E-02
 1.13694740E+00 -7.36487095E-02
 1.10576388E+00 -5.19685698E-02
 1.06429179E+00 -1.47853538E-02
 1.02359397E+00  1.32042032E-02
 9.98683327E-01  7.43586758E-03
 1.00120922E+00 -4.94893972E-03
 1.03843444E+00  2.07722332E-02
 1.09754189E+00  5.17612291E-02
 1.15010749E+00  3.31010435E-02
 1.17707240E+00 -5.05896561E-03
 1.17000887E+00 -1.45559146E-02
 1.13563230E+00 -1.24895992E-02
 1.09828367E+00 -2.09541256E-02
 1.07156709E+00 -2.47762233E-02
 1.05741235E+00 -1.90186627E-02
 1.05755275E+00 -2.89420278E-02
 1.06445970E+00 -6.88055012E-02
 1.07370254E+00 -1.00848030E-01
 1.08376433E+00 -7.84186297E-02
 1.07387078E+00 -3.04798903E-02
 1.03385837E+00 -3.80677317E-03
 1.01913550E+00  5.22971427E-02
 1.08850652E+00  1.84680147E-01
 1.17053831E+00  2.67409904E-01
 1.14862587E+00  1.56492410E-01
 1.05134463E+00 -3.73763985E-02
 9.67332998E-01 -1.17439658E-01
 9.20861158E-01 -1.03102326E-01
 9.26233554E-01 -8.25754518E-02
 9.37356634E-01 -6.41355102E-02
 8.60897841E-01 -8.28478973E-02
 7.69541302E-01 -1.27589213E-01
 8.03534516E-01 -1.14523417E-01
 9.01773632E-01 -6.83334355E-02
 9.47334915E-01 -5.66761485E-02
 9.68244584E-01 -3.55603581E-02
 1.00747665E+00  4.44207078E-02
 1.05846976E+00  1.41629201E-01
 1.13074318E+00  2.00287234E-01
 1.17951313E+00  1.91080368E-01
 1.11713017E+00  9.53594478E-02
 9.62387012E-01 -3.86120820E-02
 8.05868612E-01 -1.15579519E-01
 7.26699521E-01 -1.25321084E-01
 7.92258026E-01 -1.09763370E-01
 9.36288775E-01 -7.45909092E-02
 1.00572143E+00 -3.73616274E-02
 1.02855046E+00 -1.80070323E-02
 1.10654122E+00 -3.35403861E-03
 1.18259539E+00  9.52865258E-03
 1.18657972E+00  1.25499666E-02
 1.14050035E+00 -6.89719969E-03
 1.06276271E+00 -6.30762245E-02
 9.90542538E-01 -1.17356635E-01
 9.88139744E-01 -1.12363819E-01
 1.03027168E+00 -7.21748338E-02
 1.04112894E+00 -5.18975259E-02
 1.02688479E+00 -4.32815293E-02
 1.02092299E+00 -2.63020518E-02
 1.02030267E+00 -1.22481067E-02
 1.03707374E+00 -2.10645571E-03
 1.08159741E+00  7.49354596E-03
 1.13514823E+00  7.39897910E-03
 1.18069694E+00 -1.01309275E-03
 1.20238299E+00 -8.00105417E-03
 1.18775862E+00 -7.10545208E-03
 1.14204627E+00  9.37773234E-03
 1.08250793E+00  4.33027285E-02
 1.03492867E+00  8.76294070E-02
 1.02062822E+00  1.34740245E-01
 1.04617095E+00  1.70833001E-01
 1.10045603E+00  1.68227468E-01
 1.15657947E+00  1.10419820E-01
 1.19669363E+00  3.72621685E-02
 1.21610855E+00  8.26012807E-03
 1.21662219E+00  9.15786611E-03
 1.21133618E+00 -6.35974349E-03
 1.20390751E+00 -2.82676492E-02
 1.18657120E+00 -3.69136216E-02
 1.15858352E+00 -3.49467904E-02
 1.11934703E+00 -1.59668500E-02
 1.07318379E+00  7.34254639E-03
 1.03414396E+00  6.86166749E-03
 1.01077534E+00  9.83607690E-04
 1.00787931E+00  2.69947443E-02
 1.03029656E+00  8.07412459E-02
 1.07532557E+00  1.38477375E-01
 1.13324075E+00  1.67297771E-01
 1.19041347E+00  1.30243928E-01
 1.23197121E+00  6.13064507E-02
 1.24655518E+00  2.94056997E-02
 1.23221729E+00  5.84420847E-03
 1.19570234E+00 -6.42709457E-02
 1.14307933E+00 -1.26498967E-01
 1.08187824E+00 -1.13547081E-01
 1.02604288E+00 -6.10673227E-02
 9.90170867E-01 -2.33004652E-02
 9.88540217E-01  4.49144754E-03
 1.02960417E+00  2.97881919E-02
 1.09947448E+00  4.13218368E-02
 1.16861595E+00  4.43204067E-02
 1.21456481E+00  4.41672167E-02
 1.22452656E+00  3.46632504E-02
 1.20437311E+00  1.71820090E-02
 1.17934944E+00 -3.41201182E-03
 1.16176853E+00 -2.08401406E-02
 1.15126946E+00 -2.55304416E-02
 1.14636140E+00 -1.84282236E-02
 1.13625587E+00 -8.27211649E-03
 1.12009166E+00  7.86372572E-04
 1.10905386E+00  5.64145418E-03
 1.10479356E+00  5.85092730E-03
