# x =
 1.43869712E+01
# y =
 3.25097170E+00
 VARIABLES = u,v
 1.17447069E+00  1.83115142E-03
 1.17447800E+00  1.85761743E-03
 1.17441889E+00  1.92725942E-03
 1.17429408E+00  2.03750286E-03
 1.17410443E+00  2.18670415E-03
 1.17385397E+00  2.37020477E-03
 1.17354974E+00  2.58067241E-03
 1.17319949E+00  2.81228634E-03
 1.17281268E+00  3.05900971E-03
 1.17239967E+00  3.31424853E-03
 1.17197129E+00  3.57117054E-03
 1.17154138E+00  3.81885439E-03
 1.17112510E+00  4.04387101E-03
 1.17073557E+00  4.23580953E-03
 1.17038320E+00  4.38737982E-03
 1.17007353E+00  4.49580769E-03
 1.16980715E+00  4.56355926E-03
 1.16958446E+00  4.59259637E-03
 1.16940590E+00  4.58426497E-03
 1.16927175E+00  4.54139198E-03
 1.16918311E+00  4.46651033E-03
 1.16913774E+00  4.36466972E-03
 1.16913040E+00  4.24332994E-03
 1.16915645E+00  4.10790418E-03
 1.16921023E+00  3.96331128E-03
 1.16928552E+00  3.81548256E-03
 1.16937570E+00  3.67090109E-03
 1.16947002E+00  3.53975509E-03
 1.16955543E+00  3.43483328E-03
 1.16962168E+00  3.36588936E-03
 1.16966165E+00  3.33952198E-03
 1.16967342E+00  3.35861730E-03
 1.16966066E+00  3.42138445E-03
 1.16962634E+00  3.52637476E-03
 1.16957248E+00  3.67268755E-03
 1.16950147E+00  3.85758388E-03
 1.16941429E+00  4.07813864E-03
 1.16931436E+00  4.32920616E-03
 1.16920714E+00  4.60338145E-03
 1.16909525E+00  4.89499640E-03
 1.16898047E+00  5.19885139E-03
 1.16886508E+00  5.50853182E-03
 1.16875171E+00  5.81688292E-03
 1.16864787E+00  6.11349480E-03
 1.16856457E+00  6.38559784E-03
 1.16850983E+00  6.62316881E-03
 1.16848893E+00  6.81916119E-03
 1.16850385E+00  6.96988655E-03
 1.16855194E+00  7.07588929E-03
 1.16863144E+00  7.13747210E-03
 1.16874115E+00  7.15439127E-03
 1.16887655E+00  7.12789896E-03
 1.16903180E+00  7.05929192E-03
 1.16919830E+00  6.95185303E-03
 1.16936418E+00  6.81085188E-03
 1.16951828E+00  6.63990956E-03
 1.16964993E+00  6.44220637E-03
 1.16974822E+00  6.22198092E-03
 1.16980424E+00  5.98420043E-03
 1.16981150E+00  5.73707907E-03
 1.16976745E+00  5.49121289E-03
 1.16967734E+00  5.25475612E-03
 1.16955644E+00  5.03326391E-03
 1.16943252E+00  4.82932278E-03
 1.16934297E+00  4.64177205E-03
 1.16932391E+00  4.47007538E-03
 1.16940411E+00  4.31461235E-03
 1.16959672E+00  4.17470826E-03
 1.16989457E+00  4.05012781E-03
 1.17027817E+00  3.93937035E-03
 1.17070816E+00  3.83974460E-03
 1.17111165E+00  3.75096025E-03
 1.17139504E+00  3.67388782E-03
 1.17146320E+00  3.60873543E-03
 1.17123562E+00  3.55520784E-03
 1.17068154E+00  3.50991874E-03
 1.16982578E+00  3.46699510E-03
 1.16871929E+00  3.42281610E-03
 1.16745950E+00  3.37587626E-03
 1.16621683E+00  3.32659147E-03
 1.16520345E+00  3.27818799E-03
 1.16464195E+00  3.23280566E-03
 1.16472461E+00  3.19132207E-03
 1.16552350E+00  3.15578020E-03
 1.16698151E+00  3.12777867E-03
 1.16897851E+00  3.10900101E-03
 1.17128273E+00  3.10120166E-03
 1.17349717E+00  3.10293074E-03
 1.17513692E+00  3.11053307E-03
 1.17571059E+00  3.12080759E-03
 1.17482800E+00  3.13093380E-03
 1.17242293E+00  3.14032416E-03
 1.16878312E+00  3.15068736E-03
 1.16439912E+00  3.16196658E-03
 1.16009239E+00  3.17276892E-03
 1.15715858E+00  3.18168546E-03
 1.15698247E+00  3.18620823E-03
 1.16042118E+00  3.18500527E-03
 1.16723353E+00  3.17795260E-03
 1.17512642E+00  3.16329884E-03
 1.18040237E+00  3.13904357E-03
 1.18048537E+00  3.10428645E-03
 1.17474342E+00  3.05901289E-03
 1.16558112E+00  3.00615853E-03
 1.15807336E+00  2.95126907E-03
 1.15544481E+00  2.89932802E-03
 1.15828264E+00  2.85483462E-03
 1.16470982E+00  2.82164313E-03
 1.16999620E+00  2.80209356E-03
 1.17154381E+00  2.79922869E-03
 1.16966419E+00  2.81632168E-03
 1.16559808E+00  2.85460628E-03
 1.16250990E+00  2.91428325E-03
 1.16195269E+00  2.99472392E-03
 1.16293016E+00  3.09447699E-03
 1.16471897E+00  3.21359794E-03
 1.16588835E+00  3.35300545E-03
 1.16569404E+00  3.51170388E-03
 1.16509770E+00  3.68718335E-03
 1.16448634E+00  3.87527095E-03
 1.16418452E+00  4.06968494E-03
 1.16449589E+00  4.26460496E-03
 1.16489126E+00  4.45462345E-03
 1.16517502E+00  4.63320652E-03
 1.16541613E+00  4.79399551E-03
 1.16551068E+00  4.93105458E-03
 1.16562469E+00  5.03915041E-03
 1.16584747E+00  5.11606098E-03
 1.16608800E+00  5.16204132E-03
 1.16636724E+00  5.17753773E-03
 1.16666572E+00  5.16322952E-03
 1.16694617E+00  5.11910139E-03
 1.16724023E+00  5.04421898E-03
 1.16754584E+00  4.93968686E-03
 1.16785074E+00  4.80829560E-03
 1.16815920E+00  4.65300943E-03
 1.16845864E+00  4.47789635E-03
 1.16873889E+00  4.28700979E-03
 1.16899675E+00  4.08433090E-03
 1.16922462E+00  3.87605348E-03
 1.16941745E+00  3.66941663E-03
 1.16957095E+00  3.47059098E-03
 1.16967904E+00  3.28461932E-03
 1.16973709E+00  3.11388493E-03
 1.16974100E+00  2.95810064E-03
 1.16968761E+00  2.81745830E-03
 1.16957519E+00  2.69262228E-03
 1.16940174E+00  2.58432770E-03
 1.16916574E+00  2.49418639E-03
 1.16886765E+00  2.42248573E-03
 1.16850986E+00  2.36839825E-03
 1.16809765E+00  2.33228965E-03
 1.16763913E+00  2.31468242E-03
 1.16714285E+00  2.31591487E-03
 1.16661763E+00  2.33620844E-03
 1.16607271E+00  2.37341657E-03
 1.16551674E+00  2.42372592E-03
 1.16495867E+00  2.48458853E-03
 1.16440711E+00  2.55454726E-03
 1.16386808E+00  2.63367466E-03
 1.16334579E+00  2.72396694E-03
 1.16284388E+00  2.82637674E-03
 1.16236570E+00  2.94075848E-03
 1.16191619E+00  3.06718169E-03
 1.16150164E+00  3.20482162E-03
 1.16112611E+00  3.35280446E-03
 1.16079192E+00  3.51009831E-03
 1.16050034E+00  3.67315959E-03
 1.16025075E+00  3.83679578E-03
 1.16004282E+00  3.99580484E-03
 1.15987633E+00  4.14502481E-03
 1.15974853E+00  4.28103460E-03
 1.15965572E+00  4.40215146E-03
 1.15959489E+00  4.50557531E-03
 1.15956382E+00  4.58788031E-03
 1.15956348E+00  4.64592105E-03
 1.15959753E+00  4.67610971E-03
 1.15966839E+00  4.67615217E-03
 1.15977703E+00  4.64501009E-03
 1.15992263E+00  4.58079216E-03
 1.16010153E+00  4.48187689E-03
 1.16031041E+00  4.34814308E-03
 1.16054559E+00  4.18087295E-03
 1.16080005E+00  3.98430062E-03
 1.16106506E+00  3.76533865E-03
 1.16133076E+00  3.53089931E-03
 1.16158668E+00  3.28784393E-03
 1.16182561E+00  3.04285960E-03
 1.16204289E+00  2.80155381E-03
 1.16223231E+00  2.56998596E-03
 1.16238703E+00  2.35404846E-03
 1.16249985E+00  2.15723422E-03
 1.16256243E+00  1.98152560E-03
 1.16256907E+00  1.82813824E-03
 1.16251635E+00  1.69767566E-03
 1.16240024E+00  1.59231146E-03
 1.16221803E+00  1.51528067E-03
 1.16196966E+00  1.46769365E-03
 1.16165773E+00  1.44895554E-03
 1.16129062E+00  1.45710497E-03
 1.16088164E+00  1.48813535E-03
 1.16044463E+00  1.53842662E-03
 1.15999368E+00  1.60463961E-03
 1.15954219E+00  1.68158266E-03
 1.15910133E+00  1.76368910E-03
 1.15868308E+00  1.84607457E-03
 1.15829878E+00  1.92478513E-03
 1.15795516E+00  1.99921373E-03
 1.15765603E+00  2.07160613E-03
 1.15740343E+00  2.14379345E-03
 1.15719814E+00  2.21712956E-03
 1.15704409E+00  2.29184656E-03
 1.15694723E+00  2.36641923E-03
 1.15690936E+00  2.44076639E-03
 1.15692895E+00  2.51574985E-03
 1.15700172E+00  2.59079948E-03
 1.15711929E+00  2.66521365E-03
 1.15727406E+00  2.73779311E-03
 1.15745881E+00  2.80697404E-03
 1.15766245E+00  2.87396232E-03
 1.15787290E+00  2.94166638E-03
 1.15807941E+00  3.01142013E-03
 1.15827306E+00  3.08332065E-03
 1.15845155E+00  3.15535187E-03
 1.15861821E+00  3.22300877E-03
 1.15877528E+00  3.28296262E-03
 1.15892365E+00  3.33292384E-03
 1.15906177E+00  3.37001480E-03
 1.15918416E+00  3.39215908E-03
 1.15928781E+00  3.39713662E-03
 1.15937109E+00  3.38272103E-03
 1.15942873E+00  3.34950805E-03
 1.15945468E+00  3.29995928E-03
 1.15944187E+00  3.23645929E-03
 1.15938283E+00  3.16141836E-03
 1.15927631E+00  3.07556109E-03
 1.15912548E+00  2.97790174E-03
 1.15893098E+00  2.86893859E-03
 1.15869199E+00  2.75016360E-03
 1.15840521E+00  2.62299387E-03
 1.15806394E+00  2.48972302E-03
 1.15766549E+00  2.35195587E-03
 1.15721085E+00  2.21076191E-03
 1.15670073E+00  2.06913883E-03
 1.15613883E+00  1.93099625E-03
 1.15553127E+00  1.79981200E-03
 1.15488692E+00  1.67896083E-03
 1.15422331E+00  1.57039558E-03
 1.15356434E+00  1.47464680E-03
 1.15293420E+00  1.39305900E-03
 1.15235672E+00  1.32742986E-03
 1.15185161E+00  1.27936588E-03
 1.15143289E+00  1.25094069E-03
 1.15111538E+00  1.24361128E-03
 1.15091225E+00  1.25823426E-03
 1.15082986E+00  1.29648665E-03
 1.15087064E+00  1.36011655E-03
 1.15103279E+00  1.45007619E-03
 1.15131155E+00  1.56645670E-03
 1.15170733E+00  1.70725178E-03
 1.15222357E+00  1.86819133E-03
 1.15285837E+00  2.04398131E-03
 1.15360637E+00  2.22771603E-03
 1.15445859E+00  2.41017927E-03
 1.15539979E+00  2.58086517E-03
 1.15641357E+00  2.72873061E-03
 1.15747968E+00  2.84332688E-03
 1.15856515E+00  2.91736123E-03
 1.15962712E+00  2.94715247E-03
 1.16061657E+00  2.93138416E-03
 1.16147641E+00  2.87275104E-03
 1.16214491E+00  2.77968342E-03
 1.16256047E+00  2.66442469E-03
 1.16266479E+00  2.54044321E-03
 1.16241242E+00  2.41959479E-03
 1.16178487E+00  2.30634673E-03
 1.16079544E+00  2.19702683E-03
 1.15948887E+00  2.08457619E-03
 1.15795275E+00  1.95523904E-03
 1.15632889E+00  1.78439940E-03
 1.15479784E+00  1.54186276E-03
 1.15354723E+00  1.19736527E-03
 1.15274520E+00  7.27630707E-04
 1.15249542E+00  1.31573085E-04
 1.15282275E+00 -5.68107661E-04
 1.15370616E+00 -1.33614774E-03
 1.15504558E+00 -2.11650802E-03
 1.15661391E+00 -2.82329287E-03
 1.15810242E+00 -3.35361199E-03
 1.15918098E+00 -3.60084676E-03
 1.15955836E+00 -3.47258156E-03
 1.15911513E+00 -2.92798014E-03
 1.15792143E+00 -1.98263302E-03
 1.15612921E+00 -6.83238437E-04
 1.15404931E+00  8.71008376E-04
 1.15224724E+00  2.50470610E-03
 1.15140608E+00  3.99624447E-03
 1.15216441E+00  5.11011756E-03
 1.15493124E+00  5.63929375E-03
 1.15950969E+00  5.49455275E-03
 1.16512001E+00  4.71427599E-03
 1.17083387E+00  3.39848193E-03
 1.17548364E+00  1.75830070E-03
 1.17757536E+00  1.71852307E-04
 1.17576910E+00 -8.97748785E-04
 1.16929015E+00 -9.94356846E-04
 1.15861207E+00  2.16280815E-04
 1.14672965E+00  2.71262410E-03
 1.13831720E+00  6.08313685E-03
 1.13694148E+00  9.68676258E-03
 1.14411390E+00  1.25175854E-02
 1.15775929E+00  1.30503465E-02
 1.17225002E+00  9.76707631E-03
 1.18279382E+00  2.05447731E-03
 1.18554730E+00 -9.00918843E-03
 1.17654563E+00 -1.94011986E-02
 1.15483406E+00 -2.32921710E-02
 1.12357353E+00 -1.70428099E-02
 1.09337667E+00 -7.88710603E-04
 1.09010216E+00  1.94882622E-02
 1.13220549E+00  3.31183436E-02
 1.17973382E+00  3.31719745E-02
 1.17575545E+00  1.85766134E-02
 1.15254936E+00 -4.80010867E-03
 1.17081204E+00 -2.42230256E-02
 1.19237794E+00 -3.16226302E-02
 1.16095285E+00 -2.57270428E-02
 1.11186476E+00 -9.85545778E-03
 1.09392928E+00  6.28005587E-03
 1.10177668E+00  1.68926018E-02
 1.12619758E+00  2.17878237E-02
 1.16396425E+00  2.00794634E-02
 1.19184342E+00  1.37698810E-02
 1.19310731E+00  4.32298871E-03
 1.17227831E+00 -7.87423128E-03
 1.15056062E+00 -1.46032940E-02
 1.15447867E+00 -8.32105394E-03
 1.16671833E+00  1.32744204E-03
 1.14973910E+00  7.46982820E-04
 1.12706977E+00 -1.23647505E-03
 1.13804008E+00  9.53303332E-03
 1.16069270E+00  2.04960521E-02
 1.16458724E+00  1.44009442E-02
 1.16419566E+00  6.28472453E-04
 1.17494186E+00 -5.93788924E-03
 1.18351586E+00 -6.86657054E-03
 1.17902395E+00 -5.19605531E-03
 1.16847459E+00  9.48217848E-05
 1.15880250E+00  4.89986643E-03
 1.15060851E+00  5.82281577E-03
 1.14578465E+00  3.89487518E-03
 1.14489239E+00  3.12566921E-04
 1.14450619E+00 -2.68131961E-03
 1.14393247E+00 -3.84347483E-03
 1.14496390E+00 -4.07752047E-03
 1.14846622E+00 -3.28732908E-03
 1.15594693E+00 -1.44606423E-03
 1.16710160E+00  1.10983480E-03
 1.17860189E+00  4.38926992E-03
 1.18673818E+00  6.40109170E-03
 1.18741626E+00  4.10944616E-03
 1.17803581E+00 -3.54192389E-03
 1.15994193E+00 -1.51385797E-02
 1.13911726E+00 -2.47679064E-02
 1.12479106E+00 -2.37583728E-02
 1.12364747E+00 -8.68988698E-03
 1.13715439E+00  1.57572210E-02
 1.15937835E+00  3.35948752E-02
 1.17794329E+00  2.62329545E-02
 1.18478396E+00  1.77858182E-03
 1.17822860E+00 -1.55956468E-02
 1.16236436E+00 -2.18217964E-02
 1.14810874E+00 -2.02966819E-02
 1.14158180E+00 -1.02784942E-02
 1.14245946E+00 -2.56136737E-05
 1.14931192E+00  5.06236251E-03
 1.15666733E+00  7.36531911E-03
 1.16174096E+00  5.99876955E-03
 1.16595234E+00  1.89156963E-03
 1.16705490E+00 -9.28442215E-04
 1.16292260E+00 -1.19116263E-03
 1.15384210E+00 -1.12381901E-03
 1.14238569E+00 -3.58165664E-03
 1.14133765E+00 -4.78086107E-03
 1.16138242E+00  7.65721450E-04
 1.18005378E+00  6.92348179E-03
 1.16686739E+00  4.92931640E-03
 1.14389098E+00 -4.94747588E-04
 1.14979961E+00 -1.19355419E-03
 1.16691691E+00  5.14879055E-04
 1.16446073E+00  7.15401174E-04
 1.15615681E+00  9.43173918E-04
 1.15865737E+00  1.52995596E-03
 1.16234137E+00  1.25485828E-03
 1.16123807E+00  7.40678007E-04
 1.16062659E+00  4.84393360E-04
 1.16163971E+00  3.28544114E-04
 1.16222764E+00  3.54012608E-04
 1.16249279E+00  4.06206584E-04
 1.16295828E+00  3.81508898E-04
 1.16348749E+00  3.82618465E-04
 1.16399191E+00  3.86761565E-04
 1.16449849E+00  4.09848595E-04
 1.16501124E+00  4.93783179E-04
 1.16552487E+00  6.03506848E-04
 1.16603447E+00  7.37252875E-04
 1.16653612E+00  9.02877387E-04
 1.16702354E+00  1.08584671E-03
 1.16748723E+00  1.28636234E-03
 1.16792103E+00  1.50277811E-03
 1.16832035E+00  1.72615270E-03
 1.16867603E+00  1.95071326E-03
 1.16897776E+00  2.16840142E-03
 1.16921691E+00  2.37092409E-03
 1.16938608E+00  2.55328667E-03
 1.16948325E+00  2.71440335E-03
 1.16951148E+00  2.85704381E-03
 1.16947281E+00  2.98368338E-03
 1.16936913E+00  3.09592268E-03
 1.16920316E+00  3.19446757E-03
 1.16897689E+00  3.27812360E-03
 1.16869539E+00  3.34768680E-03
 1.16836661E+00  3.40543221E-03
 1.16799739E+00  3.45159370E-03
 1.16759509E+00  3.48609027E-03
 1.16716797E+00  3.50857446E-03
 1.16672450E+00  3.51844494E-03
 1.16627617E+00  3.51878262E-03
 1.16583647E+00  3.51511068E-03
 1.16541698E+00  3.51088301E-03
 1.16502740E+00  3.50792301E-03
 1.16467472E+00  3.50557932E-03
 1.16436250E+00  3.50008430E-03
 1.16409435E+00  3.48915211E-03
 1.16387393E+00  3.47183154E-03
 1.16370342E+00  3.44621444E-03
 1.16358439E+00  3.41118858E-03
 1.16351583E+00  3.36536780E-03
 1.16349388E+00  3.30716241E-03
 1.16351424E+00  3.23831428E-03
 1.16357139E+00  3.16272739E-03
 1.16365847E+00  3.08394870E-03
 1.16376788E+00  3.00533274E-03
 1.16388988E+00  2.92800373E-03
 1.16401357E+00  2.85079721E-03
 1.16412972E+00  2.77423176E-03
 1.16423137E+00  2.69995264E-03
 1.16431522E+00  2.62941524E-03
 1.16438175E+00  2.56500254E-03
 1.16443161E+00  2.50794823E-03
 1.16446505E+00  2.45840255E-03
 1.16448190E+00  2.41830996E-03
 1.16448078E+00  2.39011417E-03
 1.16446269E+00  2.37528105E-03
 1.16443065E+00  2.37460995E-03
 1.16438688E+00  2.38644105E-03
 1.16433418E+00  2.40684128E-03
 1.16427538E+00  2.43254213E-03
 1.16421330E+00  2.46072650E-03
 1.16415430E+00  2.48877084E-03
 1.16410659E+00  2.51511777E-03
 1.16407599E+00  2.53757787E-03
 1.16406571E+00  2.55364446E-03
 1.16407459E+00  2.56255202E-03
 1.16409684E+00  2.56440475E-03
 1.16412760E+00  2.55964184E-03
 1.16416313E+00  2.54908955E-03
 1.16419958E+00  2.53215806E-03
 1.16423473E+00  2.50720181E-03
 1.16426500E+00  2.47382975E-03
 1.16428588E+00  2.43251662E-03
 1.16429638E+00  2.38443738E-03
 1.16429721E+00  2.33197850E-03
 1.16428918E+00  2.27700817E-03
 1.16427312E+00  2.22100428E-03
 1.16424603E+00  2.16656879E-03
 1.16420192E+00  2.11651073E-03
 1.16413760E+00  2.07335751E-03
 1.16405220E+00  2.03935863E-03
 1.16394691E+00  2.01502111E-03
 1.16382622E+00  1.99940127E-03
 1.16369328E+00  1.99190973E-03
 1.16355010E+00  1.99221317E-03
 1.16340111E+00  2.00050211E-03
 1.16325111E+00  2.01786623E-03
 1.16310511E+00  2.04466703E-03
 1.16296857E+00  2.08077914E-03
 1.16284359E+00  2.12682057E-03
 1.16272984E+00  2.18346998E-03
 1.16262806E+00  2.25156735E-03
 1.16253960E+00  2.33206537E-03
 1.16246747E+00  2.42449972E-03
 1.16241678E+00  2.52742845E-03
 1.16239066E+00  2.63994863E-03
 1.16239061E+00  2.76144968E-03
 1.16241827E+00  2.89190537E-03
 1.16247411E+00  3.03207225E-03
 1.16255871E+00  3.18188239E-03
 1.16267281E+00  3.34052316E-03
 1.16281435E+00  3.50726362E-03
 1.16297940E+00  3.68079468E-03
 1.16316369E+00  3.85945236E-03
 1.16336207E+00  4.04117312E-03
 1.16356969E+00  4.22226957E-03
 1.16378223E+00  4.39788293E-03
 1.16399384E+00  4.56313082E-03
 1.16419772E+00  4.71317198E-03
 1.16438724E+00  4.84398181E-03
 1.16455547E+00  4.95258526E-03
 1.16469636E+00  5.03574808E-03
 1.16480518E+00  5.09040260E-03
 1.16487786E+00  5.11453618E-03
 1.16491134E+00  5.10675366E-03
 1.16490366E+00  5.06670261E-03
 1.16485354E+00  4.99501249E-03
 1.16476060E+00  4.89201755E-03
 1.16462554E+00  4.75832746E-03
 1.16445064E+00  4.59619718E-03
 1.16423992E+00  4.40942241E-03
 1.16399906E+00  4.20379113E-03
 1.16373528E+00  3.98709104E-03
 1.16345669E+00  3.76726638E-03
 1.16317195E+00  3.55226167E-03
 1.16289047E+00  3.35037712E-03
 1.16262161E+00  3.16934480E-03
 1.16237399E+00  3.01654238E-03
 1.16215473E+00  2.89842451E-03
 1.16196798E+00  2.81863910E-03
 1.16181521E+00  2.77851162E-03
 1.16169716E+00  2.77841064E-03
 1.16161424E+00  2.81786015E-03
 1.16156754E+00  2.89680747E-03
 1.16155883E+00  3.01542292E-03
 1.16158758E+00  3.17115411E-03
 1.16165125E+00  3.35897240E-03
 1.16174685E+00  3.57222734E-03
 1.16186997E+00  3.80201407E-03
 1.16201611E+00  4.03915951E-03
 1.16218058E+00  4.27443536E-03
 1.16235593E+00  4.49674923E-03
 1.16253337E+00  4.69468242E-03
 1.16270558E+00  4.85805154E-03
 1.16286694E+00  4.97848743E-03
 1.16301557E+00  5.05195998E-03
 1.16315327E+00  5.07843036E-03
 1.16328109E+00  5.05834822E-03
 1.16339925E+00  4.99246778E-03
 1.16350743E+00  4.88113164E-03
 1.16360361E+00  4.72380252E-03
 1.16368722E+00  4.52311152E-03
 1.16375866E+00  4.28447245E-03
 1.16381593E+00  4.01355781E-03
 1.16385621E+00  3.71762127E-03
 1.16387655E+00  3.40420983E-03
 1.16387400E+00  3.08098158E-03
 1.16384925E+00  2.75900640E-03
 1.16380559E+00  2.45095216E-03
 1.16374442E+00  2.16736860E-03
 1.16366570E+00  1.91636023E-03
 1.16356761E+00  1.70122345E-03
 1.16344589E+00  1.52037790E-03
 1.16329814E+00  1.37263312E-03
 1.16312383E+00  1.25735786E-03
 1.16292173E+00  1.17388525E-03
 1.16269180E+00  1.12282749E-03
 1.16243481E+00  1.10220617E-03
 1.16215241E+00  1.10784085E-03
 1.16185072E+00  1.13734055E-03
 1.16153910E+00  1.18835620E-03
 1.16122698E+00  1.25820129E-03
 1.16092375E+00  1.34399783E-03
 1.16063681E+00  1.43871913E-03
 1.16037105E+00  1.53263708E-03
 1.16013290E+00  1.61867118E-03
 1.15992944E+00  1.69228883E-03
 1.15976616E+00  1.75264124E-03
 1.15964830E+00  1.80325061E-03
 1.15957939E+00  1.84643404E-03
 1.15956142E+00  1.88321194E-03
 1.15959843E+00  1.91553571E-03
 1.15969507E+00  1.94437460E-03
 1.15985341E+00  1.97186317E-03
 1.16007340E+00  2.00112338E-03
 1.16035138E+00  2.03187165E-03
 1.16067997E+00  2.06198880E-03
 1.16105207E+00  2.08982657E-03
 1.16146079E+00  2.11403761E-03
 1.16189807E+00  2.13671019E-03
 1.16235643E+00  2.16284243E-03
 1.16282801E+00  2.19489664E-03
 1.16330516E+00  2.23321956E-03
 1.16378396E+00  2.27667092E-03
 1.16426297E+00  2.32143970E-03
 1.16474067E+00  2.36505328E-03
 1.16521526E+00  2.40640855E-03
 1.16568231E+00  2.44254800E-03
 1.16613476E+00  2.47050711E-03
 1.16656747E+00  2.48757738E-03
 1.16697649E+00  2.49115707E-03
 1.16735727E+00  2.48208866E-03
 1.16770624E+00  2.46383634E-03
 1.16801878E+00  2.43914694E-03
 1.16828974E+00  2.41028089E-03
 1.16851739E+00  2.37783306E-03
 1.16870183E+00  2.34029659E-03
 1.16884210E+00  2.29786223E-03
 1.16893662E+00  2.25200590E-03
 1.16898122E+00  2.20360062E-03
 1.16896930E+00  2.15414952E-03
 1.16889648E+00  2.10441234E-03
 1.16876049E+00  2.05436954E-03
 1.16856022E+00  2.00612138E-03
 1.16829733E+00  1.96278822E-03
 1.16797443E+00  1.92659181E-03
 1.16759561E+00  1.89924924E-03
 1.16717000E+00  1.88061172E-03
 1.16671021E+00  1.86860746E-03
 1.16622990E+00  1.86204011E-03
 1.16574339E+00  1.86032869E-03
 1.16526232E+00  1.86276907E-03
 1.16479546E+00  1.86940233E-03
 1.16435299E+00  1.87970884E-03
 1.16394504E+00  1.89270463E-03
 1.16357979E+00  1.90881744E-03
 1.16326468E+00  1.92912500E-03
 1.16300437E+00  1.95460003E-03
 1.16280119E+00  1.98623006E-03
 1.16265928E+00  2.02363477E-03
 1.16258260E+00  2.06519902E-03
 1.16257121E+00  2.10992073E-03
 1.16262150E+00  2.15704105E-03
 1.16272441E+00  2.20570380E-03
 1.16286538E+00  2.25546726E-03
 1.16302987E+00  2.30521742E-03
 1.16320342E+00  2.35333828E-03
 1.16337041E+00  2.39908705E-03
 1.16351665E+00  2.44202328E-03
 1.16362833E+00  2.48149709E-03
 1.16369351E+00  2.51688094E-03
 1.16370728E+00  2.54681000E-03
 1.16367022E+00  2.56927100E-03
 1.16358421E+00  2.58277588E-03
 1.16345208E+00  2.58617070E-03
 1.16327376E+00  2.57839953E-03
 1.16304659E+00  2.55890091E-03
 1.16277303E+00  2.52713560E-03
 1.16245969E+00  2.48268439E-03
 1.16211451E+00  2.42602846E-03
 1.16174889E+00  2.35822628E-03
 1.16137347E+00  2.28048839E-03
 1.16099828E+00  2.19419852E-03
 1.16063871E+00  2.10037119E-03
 1.16031202E+00  1.99960727E-03
 1.16003241E+00  1.89279545E-03
 1.15981051E+00  1.78086255E-03
 1.15964845E+00  1.66441478E-03
 1.15954022E+00  1.54401085E-03
 1.15948059E+00  1.41998807E-03
 1.15946514E+00  1.29259288E-03
 1.15949002E+00  1.16271325E-03
 1.15955411E+00  1.03165172E-03
 1.15965202E+00  9.00475019E-04
 1.15977505E+00  7.70163931E-04
 1.15991778E+00  6.41508120E-04
 1.16007494E+00  5.14982043E-04
 1.16024107E+00  3.91372326E-04
 1.16041057E+00  2.71646195E-04
 1.16057073E+00  1.56417193E-04
 1.16070408E+00  4.62728383E-05
 1.16079710E+00 -5.80535303E-05
 1.16083973E+00 -1.55680608E-04
 1.16082697E+00 -2.45067923E-04
 1.16076056E+00 -3.24191544E-04
 1.16064086E+00 -3.91353308E-04
 1.16046754E+00 -4.45231068E-04
 1.16024452E+00 -4.85047021E-04
 1.15997730E+00 -5.10840372E-04
 1.15967553E+00 -5.22951943E-04
 1.15935372E+00 -5.22264746E-04
 1.15902554E+00 -5.10897609E-04
 1.15870454E+00 -4.91677375E-04
 1.15840503E+00 -4.67457167E-04
 1.15813926E+00 -4.40667005E-04
 1.15791756E+00 -4.12072483E-04
 1.15774628E+00 -3.80572937E-04
 1.15762231E+00 -3.44240231E-04
 1.15753056E+00 -2.99608481E-04
 1.15744065E+00 -2.40784685E-04
 1.15731024E+00 -1.60623717E-04
 1.15709858E+00 -5.20085110E-05
 1.15677385E+00  9.06266596E-05
 1.15632257E+00  2.68077238E-04
 1.15575529E+00  4.75860696E-04
 1.15509644E+00  7.06368197E-04
 1.15439301E+00  9.46944389E-04
 1.15373125E+00  1.17768094E-03
 1.15322145E+00  1.37435852E-03
 1.15297600E+00  1.51206426E-03
 1.15309079E+00  1.56934734E-03
 1.15360373E+00  1.53663619E-03
 1.15448845E+00  1.41759566E-03
 1.15568955E+00  1.22316465E-03
 1.15709916E+00  9.76576530E-04
 1.15852693E+00  7.19350850E-04
 1.15973561E+00  5.04194681E-04
 1.16047479E+00  3.87135123E-04
 1.16052694E+00  4.17711867E-04
 1.15981064E+00  6.17996572E-04
 1.15838973E+00  9.80340609E-04
 1.15639784E+00  1.48332143E-03
 1.15409344E+00  2.08022707E-03
 1.15191881E+00  2.68591391E-03
 1.15041191E+00  3.19306638E-03
 1.15011401E+00  3.48713985E-03
 1.15144611E+00  3.46847876E-03
 1.15445520E+00  3.10101791E-03
 1.15877918E+00  2.41578539E-03
 1.16381647E+00  1.47450816E-03
 1.16857923E+00  3.94904203E-04
 1.17152944E+00 -6.22604193E-04
 1.17103716E+00 -1.33779221E-03
 1.16612646E+00 -1.51553094E-03
 1.15715693E+00 -9.86224570E-04
 1.14695077E+00  2.31632767E-04
 1.14000297E+00  1.91319266E-03
 1.13942736E+00  3.70615086E-03
 1.14593594E+00  5.05880042E-03
 1.15649019E+00  5.13994430E-03
 1.16477824E+00  3.13255263E-03
 1.16675839E+00 -1.25376650E-03
 1.16166231E+00 -7.34067591E-03
 1.15186890E+00 -1.27885545E-02
 1.14338980E+00 -1.42620485E-02
 1.13973245E+00 -9.73290493E-03
 1.14099959E+00  5.77864169E-04
 1.14635618E+00  1.29751228E-02
 1.15254744E+00  2.10284157E-02
 1.15772497E+00  2.05821573E-02
 1.16218250E+00  1.10848216E-02
 1.16429996E+00 -3.62310620E-03
 1.16245401E+00 -1.54876206E-02
 1.15564492E+00 -1.94337213E-02
 1.14330698E+00 -1.47903626E-02
 1.12945585E+00 -4.24959382E-03
 1.12112069E+00  5.29132901E-03
 1.12279162E+00  9.88475914E-03
 1.13577556E+00  9.86126029E-03
 1.15551720E+00  6.43578859E-03
 1.17207764E+00  3.33741368E-03
 1.17914283E+00  2.29733588E-03
 1.17519723E+00  1.77702876E-03
 1.16315999E+00  1.50453720E-03
 1.15144818E+00  9.07595651E-04
 1.14486265E+00 -6.80258188E-05
 1.14337458E+00  2.70844920E-04
 1.14615416E+00  1.80841869E-03
 1.14932635E+00  3.36153528E-03
 1.15136356E+00  4.38222426E-03
 1.15427815E+00  4.01245608E-03
 1.15765839E+00  2.44877634E-03
 1.16085838E+00  1.09016679E-03
 1.16298786E+00  4.33878893E-04
 1.16165993E+00  4.71954829E-04
 1.15761485E+00  1.05537346E-03
 1.15377865E+00  1.37590831E-03
 1.15166672E+00  1.15630638E-03
 1.15236825E+00  7.46691722E-04
 1.15524427E+00  2.55171741E-04
 1.15749146E+00 -6.87412787E-05
 1.15798435E+00 -8.87425183E-05
 1.15701291E+00 -5.89612154E-05
 1.15500446E+00 -4.30230889E-05
 1.15349360E+00 -3.28497268E-05
 1.15308620E+00 -8.16593933E-05
 1.15304293E+00 -9.88973379E-05
 1.15312022E+00 -5.00301176E-05
 1.15289682E+00  2.06268592E-05
 1.15211776E+00  1.23672563E-04
 1.15130373E+00  2.43550142E-04
 1.15061181E+00  3.57898573E-04
 1.15002122E+00  4.77012694E-04
 1.14964466E+00  5.94745240E-04
 1.14931775E+00  7.03228548E-04
 1.14897457E+00  8.06897300E-04
 1.14870901E+00  9.05659441E-04
 1.14850222E+00  1.00030268E-03
 1.14837894E+00  1.09406888E-03
 1.14837796E+00  1.18700939E-03
 1.14847077E+00  1.27832453E-03
 1.14865782E+00  1.36907535E-03
 1.14894198E+00  1.46028114E-03
 1.14929878E+00  1.55079539E-03
 1.14971010E+00  1.63857538E-03
 1.15015524E+00  1.72121233E-03
 1.15060742E+00  1.79629236E-03
 1.15104523E+00  1.86458892E-03
 1.15144950E+00  1.92919461E-03
 1.15179908E+00  1.99124028E-03
 1.15207595E+00  2.05032954E-03
 1.15227132E+00  2.10442277E-03
 1.15238289E+00  2.14907331E-03
 1.15241139E+00  2.18127166E-03
 1.15235953E+00  2.19934803E-03
 1.15222498E+00  2.20046072E-03
 1.15200174E+00  2.18227194E-03
 1.15169175E+00  2.14278702E-03
 1.15130333E+00  2.08035650E-03
 1.15084874E+00  1.99676986E-03
 1.15034695E+00  1.89636334E-03
 1.14981568E+00  1.78314250E-03
 1.14927162E+00  1.66090292E-03
 1.14873861E+00  1.53183505E-03
 1.14824229E+00  1.39613273E-03
 1.14780486E+00  1.25542994E-03
 1.14744424E+00  1.11222426E-03
 1.14716569E+00  9.68082603E-04
 1.14696310E+00  8.24799056E-04
 1.14683120E+00  6.83232564E-04
 1.14676564E+00  5.43407321E-04
 1.14676421E+00  4.07391576E-04
 1.14682933E+00  2.78223492E-04
 1.14695678E+00  1.57716762E-04
 1.14713714E+00  4.68685540E-05
 1.14736471E+00 -5.52628687E-05
 1.14763294E+00 -1.51701503E-04
 1.14793567E+00 -2.44660708E-04
 1.14826711E+00 -3.35783607E-04
 1.14861140E+00 -4.27175444E-04
 1.14894658E+00 -5.20307448E-04
 1.14925653E+00 -6.16824576E-04
 1.14953039E+00 -7.18331813E-04
 1.14976631E+00 -8.24209440E-04
 1.14997276E+00 -9.32366241E-04
 1.15015499E+00 -1.04069333E-03
 1.15031531E+00 -1.14699749E-03
 1.15045801E+00 -1.25033951E-03
 1.15058485E+00 -1.35105667E-03
 1.15070045E+00 -1.44832032E-03
 1.15081186E+00 -1.54056634E-03
 1.15091820E+00 -1.62639607E-03
 1.15101448E+00 -1.70383720E-03
 1.15109675E+00 -1.77148137E-03
 1.15116167E+00 -1.82837005E-03
 1.15121375E+00 -1.87207226E-03
 1.15126422E+00 -1.89955125E-03
 1.15131874E+00 -1.90849141E-03
 1.15137851E+00 -1.89714454E-03
 1.15144183E+00 -1.86541714E-03
 1.15150129E+00 -1.81487157E-03
 1.15155264E+00 -1.74663282E-03
 1.15159474E+00 -1.66156313E-03
 1.15162212E+00 -1.56074201E-03
 1.15162911E+00 -1.44483842E-03
 1.15161069E+00 -1.31520876E-03
 1.15156204E+00 -1.17378455E-03
 1.15148580E+00 -1.02159173E-03
 1.15139032E+00 -8.59345115E-04
 1.15128220E+00 -6.87947779E-04
 1.15116691E+00 -5.08379048E-04
 1.15104656E+00 -3.22808781E-04
 1.15091878E+00 -1.34364615E-04
 1.15078475E+00  5.44950061E-05
 1.15064830E+00  2.41811383E-04
 1.15051165E+00  4.26059224E-04
 1.15037806E+00  6.06511689E-04
 1.15024920E+00  7.82035433E-04
 1.15012496E+00  9.51145706E-04
 1.15000954E+00  1.11296920E-03
 1.14990917E+00  1.26674248E-03
 1.14982791E+00  1.41184443E-03
 1.14976848E+00  1.54790039E-03
 1.14972951E+00  1.67387070E-03
 1.14970542E+00  1.78828078E-03
 1.14969229E+00  1.89004224E-03
 1.14968734E+00  1.97832365E-03
 1.14968738E+00  2.05281801E-03
 1.14969063E+00  2.11382940E-03
 1.14969411E+00  2.16133347E-03
 1.14969388E+00  2.19502824E-03
 1.14968905E+00  2.21470805E-03
 1.14968021E+00  2.22001782E-03
 1.14966771E+00  2.21092974E-03
 1.14965192E+00  2.18784454E-03
 1.14963030E+00  2.15107186E-03
 1.14959771E+00  2.10109767E-03
 1.14955046E+00  2.03876966E-03
 1.14948561E+00  1.96526555E-03
 1.14940016E+00  1.88254301E-03
 1.14929221E+00  1.79322338E-03
 1.14915873E+00  1.69997462E-03
 1.14899597E+00  1.60545998E-03
 1.14880254E+00  1.51211463E-03
 1.14857825E+00  1.42200798E-03
 1.14832293E+00  1.33743048E-03
 1.14803697E+00  1.26075147E-03
 1.14771974E+00  1.19398141E-03
 1.14736988E+00  1.13894938E-03
 1.14698808E+00  1.09708550E-03
 1.14657678E+00  1.06939426E-03
 1.14613978E+00  1.05698518E-03
 1.14568323E+00  1.06079120E-03
 1.14521467E+00  1.08096369E-03
 1.14474339E+00  1.11687046E-03
 1.14428242E+00  1.16681322E-03
 1.14384744E+00  1.22805191E-03
 1.14345503E+00  1.29768823E-03
 1.14312215E+00  1.37277313E-03
 1.14286409E+00  1.45026220E-03
 1.14269387E+00  1.52741113E-03
 1.14262423E+00  1.60149704E-03
 1.14266629E+00  1.67010507E-03
 1.14282746E+00  1.73202458E-03
 1.14311225E+00  1.78695337E-03
 1.14352190E+00  1.83493873E-03
 1.14405476E+00  1.87626138E-03
 1.14470912E+00  1.91063813E-03
 1.14548189E+00  1.93736284E-03
 1.14636454E+00  1.95677402E-03
 1.14734332E+00  1.97008773E-03
 1.14839873E+00  1.97905022E-03
 1.14950517E+00  1.98627164E-03
 1.15063527E+00  1.99421708E-03
 1.15176017E+00  2.00520392E-03
 1.15284772E+00  2.02242707E-03
 1.15386695E+00  2.04923000E-03
 1.15479271E+00  2.08835886E-03
 1.15561006E+00  2.14178688E-03
 1.15632308E+00  2.20956162E-03
 1.15694561E+00  2.28999039E-03
 1.15747328E+00  2.38137062E-03
 1.15787022E+00  2.48205572E-03
 1.15804997E+00  2.59069808E-03
 1.15790410E+00  2.70659175E-03
 1.15740526E+00  2.82800923E-03
 1.15665250E+00  2.95244001E-03
 1.15592150E+00  3.07788196E-03
 1.15558903E+00  3.20215656E-03
 1.15582628E+00  3.32305978E-03
 1.15646705E+00  3.43830476E-03
 1.15687559E+00  3.54386913E-03
 1.15611954E+00  3.63458429E-03
 1.15377097E+00  3.70596631E-03
 1.15022408E+00  3.75408496E-03
 1.14697898E+00  3.77606845E-03
 1.14625726E+00  3.77059715E-03
 1.14906660E+00  3.73644203E-03
 1.15445972E+00  3.67295783E-03
 1.15894498E+00  3.58152585E-03
 1.15759115E+00  3.46525060E-03
 1.14902326E+00  3.32956410E-03
 1.13752901E+00  3.18279255E-03
 1.13485920E+00  3.03548238E-03
 1.15083720E+00  2.89973688E-03
 1.16694914E+00  2.78760685E-03
 1.15602283E+00  2.70916489E-03
 1.13645647E+00  2.67040795E-03
 1.14139421E+00  2.67187860E-03
 1.15551574E+00  2.70886293E-03
 1.15290424E+00  2.76906653E-03
 1.14545442E+00  2.82928809E-03
 1.14716545E+00  2.85881558E-03
 1.14986369E+00  2.82664343E-03
 1.14840755E+00  2.70673171E-03
 1.14722542E+00  2.48752168E-03
 1.14736845E+00  2.17466603E-03
 1.14710869E+00  1.78275137E-03
 1.14654599E+00  1.34182256E-03
 1.14619319E+00  9.07152032E-04
 1.14597531E+00  5.49078355E-04
 1.14586394E+00  3.40670910E-04
 1.14593560E+00  3.44662357E-04
 1.14621358E+00  5.84559009E-04
 1.14668851E+00  1.04124058E-03
 1.14733232E+00  1.67602284E-03
 1.14808059E+00  2.41482828E-03
 1.14881872E+00  3.12948079E-03
 1.14939730E+00  3.66134133E-03
 1.14966706E+00  3.84342868E-03
 1.14950325E+00  3.53202337E-03
 1.14884743E+00  2.67597215E-03
 1.14772108E+00  1.32287801E-03
 1.14618862E+00 -4.30916729E-04
 1.14438726E+00 -2.40325173E-03
 1.14257344E+00 -4.28661872E-03
 1.14107579E+00 -5.70892428E-03
 1.14023611E+00 -6.29933519E-03
 1.14034913E+00 -5.77419932E-03
 1.14152926E+00 -4.11118446E-03
 1.14369416E+00 -1.57551012E-03
 1.14667212E+00  1.39469812E-03
 1.15012850E+00  4.08585220E-03
 1.15347769E+00  5.39296926E-03
 1.15600181E+00  4.18008100E-03
 1.15697220E+00 -1.10639082E-04
 1.15580932E+00 -6.92017575E-03
 1.15242249E+00 -1.37042244E-02
 1.14725195E+00 -1.66611483E-02
 1.14103407E+00 -1.33665849E-02
 1.13499287E+00 -3.76641160E-03
 1.13105156E+00  8.52459993E-03
 1.13125822E+00  1.69162347E-02
 1.13687801E+00  1.72363257E-02
 1.14754411E+00  9.02470992E-03
 1.15983423E+00 -3.92592461E-03
 1.16823775E+00 -1.36418224E-02
 1.16891117E+00 -1.53277499E-02
 1.16090204E+00 -8.84263894E-03
 1.14778202E+00  2.62007299E-03
 1.13709968E+00  1.17305141E-02
 1.13365053E+00  1.43303879E-02
 1.13830642E+00  1.10567227E-02
 1.14826925E+00  4.13722044E-03
 1.15649269E+00 -1.24525635E-03
 1.15910740E+00 -2.28668189E-03
 1.15657660E+00 -2.67025403E-04
 1.15074776E+00  3.44682424E-03
 1.14633441E+00  6.08267011E-03
 1.14565189E+00  6.12538888E-03
 1.14722192E+00  4.91906415E-03
 1.14997670E+00  3.23741916E-03
 1.15179726E+00  2.10902467E-03
 1.15158488E+00  2.22285955E-03
 1.15077743E+00  2.66544875E-03
 1.14995182E+00  3.04404452E-03
 1.14958653E+00  3.20687741E-03
 1.15013018E+00  2.89605609E-03
 1.15079312E+00  2.53554026E-03
 1.15128370E+00  2.31201760E-03
 1.15170644E+00  2.13445211E-03
 1.15190469E+00  2.07944909E-03
 1.15211961E+00  2.02677551E-03
 1.15247853E+00  1.89830365E-03
 1.15283868E+00  1.77289796E-03
 1.15322448E+00  1.64017570E-03
 1.15360156E+00  1.51237013E-03
 1.15390582E+00  1.41740621E-03
 1.15417488E+00  1.32547456E-03
 1.15439957E+00  1.23331538E-03
 1.15455917E+00  1.14899485E-03
 1.15466471E+00  1.06784209E-03
 1.15470904E+00  9.99826959E-04
 1.15468894E+00  9.51498472E-04
 1.15461154E+00  9.21963227E-04
 1.15447723E+00  9.15670182E-04
 1.15428854E+00  9.35142810E-04
 1.15405314E+00  9.81157839E-04
 1.15377927E+00  1.05500506E-03
 1.15347576E+00  1.15260616E-03
 1.15315263E+00  1.26605702E-03
 1.15282055E+00  1.38795051E-03
 1.15249107E+00  1.51096325E-03
 1.15217882E+00  1.63023477E-03
 1.15190006E+00  1.74394342E-03
 1.15166838E+00  1.84840297E-03
 1.15149414E+00  1.93902770E-03
 1.15138296E+00  2.01280502E-03
 1.15133526E+00  2.06672301E-03
 1.15135099E+00  2.09962880E-03
 1.15142996E+00  2.11203920E-03
 1.15157091E+00  2.10197871E-03
 1.15177255E+00  2.06668422E-03
 1.15203003E+00  2.00593804E-03
 1.15233505E+00  1.92159009E-03
 1.15267947E+00  1.81935078E-03
 1.15305398E+00  1.70885830E-03
 1.15344811E+00  1.59895648E-03
 1.15385074E+00  1.49782383E-03
 1.15424679E+00  1.41419947E-03
 1.15461905E+00  1.35547316E-03
 1.15495332E+00  1.32899877E-03
 1.15523904E+00  1.34135870E-03
 1.15547135E+00  1.39441878E-03
 1.15565140E+00  1.48662403E-03
 1.15577974E+00  1.61555033E-03
 1.15585568E+00  1.77796757E-03
 1.15587802E+00  1.97254885E-03
 1.15584496E+00  2.19966336E-03
 1.15576229E+00  2.45625353E-03
 1.15564541E+00  2.73655576E-03
 1.15551759E+00  3.03368451E-03
 1.15540447E+00  3.33831614E-03
 1.15531319E+00  3.64168819E-03
 1.15522033E+00  3.93559706E-03
 1.15506164E+00  4.20875462E-03
 1.15475665E+00  4.44902659E-03
 1.15428943E+00  4.64611058E-03
 1.15375125E+00  4.79181591E-03
 1.15338897E+00  4.88336089E-03
 1.15353169E+00  4.92308916E-03
 1.15431718E+00  4.91334499E-03
 1.15556969E+00  4.85657583E-03
 1.15666853E+00  4.75532583E-03
 1.15671577E+00  4.61116719E-03
 1.15528446E+00  4.42914214E-03
 1.15271630E+00  4.21734696E-03
 1.15039829E+00  3.98328986E-03
 1.15040164E+00  3.73553784E-03
 1.15366560E+00  3.48312407E-03
 1.15930661E+00  3.23515684E-03
 1.16406350E+00  3.00449581E-03
 1.16332566E+00  2.80597239E-03
 1.15580513E+00  2.65170108E-03
 1.14549716E+00  2.55085569E-03
 1.14334921E+00  2.50766556E-03
 1.15851898E+00  2.52095049E-03
 1.17376490E+00  2.58956913E-03
 1.16377878E+00  2.71247643E-03
 1.14571821E+00  2.88735252E-03
 1.15048524E+00  3.11201722E-03
 1.16383097E+00  3.38087096E-03
 1.16163292E+00  3.68501041E-03
 1.15498190E+00  4.01628057E-03
 1.15691745E+00  4.36576239E-03
 1.15982679E+00  4.72340157E-03
 1.15892210E+00  5.07859027E-03
 1.15832516E+00  5.41697567E-03
 1.15900907E+00  5.72202837E-03
 1.15934535E+00  5.98022165E-03
 1.15939345E+00  6.18147056E-03
 1.15959063E+00  6.32076681E-03
 1.15981969E+00  6.39876945E-03
 1.16000836E+00  6.41622146E-03
 1.16019225E+00  6.37362726E-03
 1.16037072E+00  6.27264800E-03
 1.16053376E+00  6.11464724E-03
 1.16067853E+00  5.90441518E-03
 1.16080205E+00  5.65000934E-03
 1.16090462E+00  5.35843488E-03
 1.16098977E+00  5.03731223E-03
 1.16106001E+00  4.69540232E-03
 1.16111714E+00  4.34218530E-03
 1.16116183E+00  3.99158748E-03
 1.16119280E+00  3.66030193E-03
 1.16121047E+00  3.36192493E-03
 1.16121667E+00  3.10660014E-03
 1.16121208E+00  2.89939831E-03
 1.16119766E+00  2.73952263E-03
 1.16117402E+00  2.62636876E-03
 1.16114130E+00  2.55965832E-03
 1.16110216E+00  2.53733889E-03
 1.16106091E+00  2.55722365E-03
 1.16102103E+00  2.61338337E-03
 1.16098569E+00  2.69609472E-03
 1.16095692E+00  2.79641199E-03
 1.16093521E+00  2.90488411E-03
 1.16092216E+00  3.01149660E-03
 1.16092014E+00  3.10692330E-03
 1.16093086E+00  3.17992360E-03
 1.16095629E+00  3.21947760E-03
 1.16099788E+00  3.22048787E-03
 1.16105644E+00  3.18509943E-03
 1.16113377E+00  3.12546943E-03
 1.16123203E+00  3.06264109E-03
 1.16135267E+00  3.01664410E-03
 1.16149655E+00  3.00329713E-03
 1.16166322E+00  3.03125172E-03
 1.16185068E+00  3.09838643E-03
 1.16205668E+00  3.19858306E-03
 1.16227835E+00  3.31780592E-03
 1.16251155E+00  3.42384041E-03
 1.16275143E+00  3.47392416E-03
 1.16299232E+00  3.42484003E-03
 1.16322793E+00  3.24053771E-03
 1.16345265E+00  2.91232454E-03
 1.16366149E+00  2.46058644E-03
 1.16384940E+00  1.91563916E-03
 1.16401187E+00  1.32764123E-03
 1.16414515E+00  7.78693914E-04
 1.16424610E+00  3.67051296E-04
 1.16431257E+00  1.96720549E-04
 1.16434318E+00  3.57961233E-04
 1.16433626E+00  8.81700100E-04
 1.16429042E+00  1.73690460E-03
 1.16420570E+00  2.86099266E-03
 1.16408352E+00  4.13643241E-03
 1.16392696E+00  5.36876312E-03
 1.16374084E+00  6.32258778E-03
 1.16353034E+00  6.75863750E-03
 1.16330090E+00  6.48594169E-03
 1.16305893E+00  5.46675845E-03
 1.16281089E+00  3.83146654E-03
 1.16256311E+00  1.81042816E-03
 1.16232128E+00 -2.04511516E-04
 1.16208885E+00 -1.59152117E-03
 1.16186749E+00 -1.68299586E-03
 1.16165897E+00 -6.54914104E-05
 1.16146532E+00  3.14569127E-03
 1.16128991E+00  6.85025580E-03
 1.16113756E+00  9.27314399E-03
 1.16101197E+00  9.18001798E-03
 1.16091620E+00  6.27323120E-03
 1.16085397E+00  1.71487575E-03
 1.16082875E+00 -2.04892017E-03
 1.16084433E+00 -3.46097452E-03
 1.16090451E+00 -2.23237015E-03
 1.16101041E+00  7.41658116E-04
 1.16116144E+00  3.19438187E-03
 1.16135755E+00  3.88299809E-03
 1.16159894E+00  2.96226313E-03
 1.16188690E+00  1.03202850E-03
 1.16222383E+00 -3.85025790E-04
 1.16261007E+00 -5.42165334E-04
 1.16304388E+00  8.04111818E-05
 1.16352242E+00  1.13212182E-03
 1.16404051E+00  1.92088440E-03
 1.16459132E+00  2.08279169E-03
 1.16516603E+00  2.07232398E-03
 1.16575119E+00  2.06685402E-03
 1.16632998E+00  2.21267320E-03
 1.16688468E+00  2.64486460E-03
 1.16739725E+00  3.09717045E-03
 1.16785179E+00  3.46248420E-03
 1.16823516E+00  3.76051573E-03
 1.16853379E+00  3.92968944E-03
 1.16873517E+00  4.04096574E-03
 1.16883018E+00  4.13237061E-03
 1.16881209E+00  4.15927811E-03
 1.16867756E+00  4.13223381E-03
 1.16842637E+00  4.04323020E-03
 1.16805781E+00  3.87651822E-03
 1.16757239E+00  3.64997125E-03
 1.16697631E+00  3.36900086E-03
 1.16628124E+00  3.03774364E-03
 1.16550553E+00  2.66973499E-03
 1.16467430E+00  2.27274301E-03
 1.16381367E+00  1.85678559E-03
 1.16295018E+00  1.43586019E-03
 1.16211204E+00  1.02489499E-03
 1.16132603E+00  6.41183651E-04
 1.16061786E+00  3.00021866E-04
 1.16001014E+00  1.25603130E-05
 1.15951619E+00 -2.15475938E-04
 1.15914165E+00 -3.84140884E-04
 1.15888961E+00 -4.93786689E-04
 1.15876116E+00 -5.44388375E-04
 1.15875976E+00 -5.36195571E-04
 1.15889071E+00 -4.68443497E-04
 1.15915111E+00 -3.43953793E-04
 1.15953081E+00 -1.68744336E-04
 1.16001585E+00  5.24851907E-05
 1.16058592E+00  3.14377394E-04
 1.16122034E+00  6.10837900E-04
 1.16189835E+00  9.35239743E-04
 1.16259200E+00  1.27576985E-03
 1.16327106E+00  1.61740512E-03
 1.16390924E+00  1.94830202E-03
 1.16448547E+00  2.25995520E-03
 1.16499157E+00  2.54910199E-03
 1.16543130E+00  2.81835809E-03
 1.16580802E+00  3.06899325E-03
 1.16612422E+00  3.30066490E-03
 1.16638032E+00  3.51358499E-03
 1.16657225E+00  3.70624847E-03
 1.16670321E+00  3.87906072E-03
 1.16678228E+00  4.03396118E-03
 1.16681523E+00  4.16871257E-03
 1.16680918E+00  4.27916046E-03
 1.16677101E+00  4.36161334E-03
 1.16670735E+00  4.41279532E-03
 1.16663561E+00  4.43467072E-03
 1.16657942E+00  4.43339758E-03
 1.16655578E+00  4.41190537E-03
 1.16657522E+00  4.37048535E-03
 1.16663722E+00  4.30706963E-03
 1.16672909E+00  4.21585864E-03
 1.16684120E+00  4.09356603E-03
 1.16696717E+00  3.93950171E-03
 1.16709909E+00  3.75143865E-03
 1.16723250E+00  3.52837348E-03
 1.16735928E+00  3.27031856E-03
 1.16746846E+00  2.97834083E-03
 1.16755807E+00  2.65973815E-03
 1.16763065E+00  2.32646169E-03
 1.16768803E+00  1.99012009E-03
 1.16773171E+00  1.66194468E-03
 1.16775357E+00  1.35008181E-03
 1.16773778E+00  1.05888783E-03
 1.16767546E+00  7.94983021E-04
 1.16756347E+00  5.66097059E-04
 1.16740337E+00  3.77838629E-04
 1.16720451E+00  2.35623478E-04
 1.16697280E+00  1.42331114E-04
 1.16671085E+00  9.84233061E-05
 1.16642673E+00  1.07078914E-04
 1.16612899E+00  1.72006527E-04
 1.16582625E+00  2.93217201E-04
 1.16552772E+00  4.67539342E-04
 1.16523402E+00  6.86272497E-04
 1.16493942E+00  9.35180870E-04
 1.16464064E+00  1.20062350E-03
 1.16433607E+00  1.46955531E-03
 1.16402880E+00  1.72827544E-03
 1.16372772E+00  1.96490207E-03
 1.16343732E+00  2.16746959E-03
 1.16315864E+00  2.32505419E-03
 1.16289405E+00  2.43302767E-03
 1.16264398E+00  2.49132612E-03
 1.16241067E+00  2.50129110E-03
 1.16219834E+00  2.46550559E-03
 1.16200572E+00  2.38392054E-03
 1.16182880E+00  2.25434476E-03
 1.16166528E+00  2.07959684E-03
 1.16151344E+00  1.86659268E-03
 1.16137576E+00  1.62445930E-03
 1.16125896E+00  1.36625710E-03
 1.16116715E+00  1.10442472E-03
 1.16110254E+00  8.50739432E-04
 1.16106707E+00  6.21216511E-04
 1.16106045E+00  4.32856822E-04
 1.16108374E+00  3.00218100E-04
 1.16113924E+00  2.34830141E-04
 1.16122624E+00  2.40177244E-04
 1.16134274E+00  3.12334749E-04
 1.16148643E+00  4.47375218E-04
 1.16165415E+00  6.41400210E-04
 1.16184492E+00  8.91174636E-04
 1.16205939E+00  1.19555270E-03
 1.16229622E+00  1.54848426E-03
 1.16255266E+00  1.93979053E-03
 1.16282471E+00  2.36047614E-03
 1.16310633E+00  2.80013663E-03
 1.16339230E+00  3.24813059E-03
 1.16367822E+00  3.69389329E-03
 1.16395854E+00  4.12087672E-03
 1.16422781E+00  4.50930732E-03
 1.16448061E+00  4.84333241E-03
 1.16471147E+00  5.11113482E-03
 1.16491698E+00  5.30796515E-03
 1.16509534E+00  5.43678012E-03
 1.16524482E+00  5.49969579E-03
 1.16536412E+00  5.49797022E-03
 1.16545177E+00  5.43431896E-03
 1.16550612E+00  5.31046749E-03
 1.16552738E+00  5.13205747E-03
 1.16551757E+00  4.90834387E-03
 1.16547974E+00  4.64575778E-03
 1.16541850E+00  4.35036812E-03
 1.16533885E+00  4.02949140E-03
 1.16524586E+00  3.69112051E-03
 1.16514569E+00  3.34902142E-03
 1.16504474E+00  3.02095407E-03
 1.16494910E+00  2.72060389E-03
 1.16486427E+00  2.45757228E-03
 1.16479375E+00  2.23627747E-03
 1.16473933E+00  2.05468100E-03
 1.16470268E+00  1.91185457E-03
 1.16468556E+00  1.80821306E-03
 1.16469036E+00  1.74212558E-03
 1.16472033E+00  1.71243732E-03
 1.16477714E+00  1.71545842E-03
 1.16486115E+00  1.74499547E-03
 1.16497247E+00  1.79830962E-03
 1.16511021E+00  1.87410567E-03
 1.16527351E+00  1.96975511E-03
 1.16546148E+00  2.08179220E-03
 1.16567141E+00  2.20192102E-03
 1.16589965E+00  2.31807162E-03
 1.16614334E+00  2.42188933E-03
 1.16640043E+00  2.50867056E-03
 1.16667109E+00  2.57732932E-03
 1.16695750E+00  2.63177312E-03
 1.16726099E+00  2.67466402E-03
 1.16758189E+00  2.70707576E-03
 1.16791950E+00  2.73200840E-03
 1.16827132E+00  2.75202117E-03
 1.16863508E+00  2.77076530E-03
 1.16900832E+00  2.79299022E-03
 1.16938615E+00  2.81939634E-03
 1.16976241E+00  2.84822943E-03
 1.17013027E+00  2.87864914E-03
 1.17048258E+00  2.91044322E-03
 1.17081455E+00  2.94712811E-03
 1.17112328E+00  2.99553138E-03
 1.17140468E+00  3.05927435E-03
 1.17165417E+00  3.13906898E-03
 1.17186686E+00  3.23375837E-03
 1.17203705E+00  3.33884317E-03
 1.17216079E+00  3.45101054E-03
 1.17223578E+00  3.56831583E-03
 1.17225908E+00  3.68640868E-03
 1.17222861E+00  3.80062949E-03
 1.17214403E+00  3.90631211E-03
 1.17200676E+00  3.99859844E-03
 1.17182219E+00  4.07633631E-03
 1.17159912E+00  4.14116075E-03
 1.17134663E+00  4.19371272E-03
 1.17107398E+00  4.23394156E-03
 1.17078996E+00  4.25971512E-03
 1.17050191E+00  4.26648080E-03
 1.17021786E+00  4.25192361E-03
 1.16994561E+00  4.21566264E-03
 1.16969002E+00  4.15733713E-03
 1.16945421E+00  4.07803323E-03
 1.16924028E+00  3.97829486E-03
 1.16904959E+00  3.85804308E-03
 1.16888582E+00  3.71987269E-03
 1.16875420E+00  3.56776576E-03
 1.16865741E+00  3.40545072E-03
 1.16859617E+00  3.23684458E-03
 1.16856957E+00  3.06416717E-03
 1.16857417E+00  2.88800995E-03
 1.16860719E+00  2.71026837E-03
 1.16866620E+00  2.53373609E-03
 1.16874624E+00  2.36159612E-03
 1.16884166E+00  2.19806715E-03
 1.16894764E+00  2.04637442E-03
 1.16906033E+00  1.90865132E-03
 1.16917998E+00  1.78753055E-03
 1.16931025E+00  1.68530981E-03
 1.16945389E+00  1.60398863E-03
 1.16961263E+00  1.54549844E-03
 1.16978653E+00  1.51026903E-03
 1.16997298E+00  1.49748457E-03
 1.17017057E+00  1.50610963E-03
 1.17037845E+00  1.53454241E-03
 1.17059304E+00  1.58089517E-03
 1.17080982E+00  1.64323465E-03
 1.17102341E+00  1.71871402E-03
 1.17122792E+00  1.80382806E-03
 1.17142109E+00  1.89510278E-03
 1.17160327E+00  1.98897407E-03
 1.17177301E+00  2.08224818E-03
 1.17192784E+00  2.17251216E-03
 1.17206380E+00  2.25799633E-03
 1.17217479E+00  2.33765198E-03
 1.17225697E+00  2.41090229E-03
 1.17230845E+00  2.47731644E-03
 1.17232656E+00  2.53639140E-03
 1.17230989E+00  2.58762289E-03
 1.17225833E+00  2.63123432E-03
 1.17217320E+00  2.66812454E-03
 1.17206068E+00  2.69952581E-03
 1.17193075E+00  2.72719482E-03
 1.17179347E+00  2.75297623E-03
 1.17165894E+00  2.77882429E-03
 1.17153564E+00  2.80752482E-03
 1.17142957E+00  2.84215005E-03
 1.17134781E+00  2.88512455E-03
 1.17129745E+00  2.93799176E-03
 1.17128262E+00  3.00061504E-03
 1.17130600E+00  3.07126620E-03
 1.17136842E+00  3.14825595E-03
 1.17146924E+00  3.23007928E-03
 1.17161019E+00  3.31547614E-03
 1.17179408E+00  3.40381987E-03
 1.17202051E+00  3.49374140E-03
 1.17228643E+00  3.58335850E-03
 1.17258564E+00  3.67160019E-03
 1.17290811E+00  3.75757780E-03
 1.17324445E+00  3.84050400E-03
 1.17358571E+00  3.91963156E-03
 1.17392094E+00  3.99270984E-03
 1.17423948E+00  4.05651031E-03
 1.17453138E+00  4.10877608E-03
 1.17478810E+00  4.14810954E-03
 1.17500656E+00  4.17431902E-03
 1.17518816E+00  4.18870213E-03
 1.17533449E+00  4.19207071E-03
 1.17544730E+00  4.18480489E-03
 1.17552659E+00  4.16786075E-03
 1.17557023E+00  4.14201917E-03
 1.17557938E+00  4.10836318E-03
 1.17555776E+00  4.06824441E-03
 1.17550865E+00  4.02172102E-03
 1.17543676E+00  3.96806358E-03
 1.17534632E+00  3.90684318E-03
 1.17524120E+00  3.83783927E-03
 1.17512951E+00  3.76191902E-03
 1.17502141E+00  3.68101630E-03
 1.17492482E+00  3.59631806E-03
 1.17484543E+00  3.50844782E-03
 1.17478416E+00  3.41796444E-03
 1.17473696E+00  3.32486825E-03
 1.17470095E+00  3.22961055E-03
 1.17467423E+00  3.13307863E-03
 1.17465468E+00  3.03536185E-03
 1.17464166E+00  2.93630471E-03
 1.17463258E+00  2.83595842E-03
 1.17462329E+00  2.73443778E-03
 1.17461261E+00  2.63277636E-03
 1.17460047E+00  2.53280014E-03
 1.17458659E+00  2.43595768E-03
 1.17457070E+00  2.34343803E-03
 1.17454870E+00  2.25616985E-03
 1.17451370E+00  2.17455147E-03
 1.17446156E+00  2.09932727E-03
 1.17439049E+00  2.03151393E-03
 1.17430129E+00  1.97169751E-03
 1.17419835E+00  1.92036443E-03
 1.17408492E+00  1.87780182E-03
 1.17396320E+00  1.84401169E-03
 1.17383727E+00  1.81938207E-03
 1.17371126E+00  1.80447290E-03
 1.17359003E+00  1.79938689E-03
 1.17347927E+00  1.80386960E-03
 1.17338181E+00  1.81711423E-03
 1.17329858E+00  1.83770084E-03
 1.17323138E+00  1.86430320E-03
 1.17318249E+00  1.89568919E-03
 1.17315626E+00  1.93049965E-03
 1.17315909E+00  1.96751203E-03
 1.17319517E+00  2.00541447E-03
 1.17326665E+00  2.04286498E-03
 1.17337472E+00  2.07903131E-03
 1.17351842E+00  2.11342794E-03
 1.17369705E+00  2.14565586E-03
 1.17391015E+00  2.17543717E-03
 1.17415500E+00  2.20226768E-03
 1.17442768E+00  2.22548367E-03
 1.17472357E+00  2.24490960E-03
 1.17503703E+00  2.26080317E-03
 1.17536335E+00  2.27375321E-03
 1.17569855E+00  2.28480657E-03
 1.17603734E+00  2.29498420E-03
 1.17637365E+00  2.30523939E-03
 1.17670046E+00  2.31679857E-03
 1.17700976E+00  2.33087128E-03
 1.17729483E+00  2.34849660E-03
 1.17755048E+00  2.37045649E-03
 1.17777253E+00  2.39676365E-03
 1.17795837E+00  2.42677071E-03
 1.17810588E+00  2.45976338E-03
 1.17821316E+00  2.49499435E-03
 1.17827950E+00  2.53191308E-03
 1.17830511E+00  2.57022752E-03
 1.17829149E+00  2.60914023E-03
 1.17824163E+00  2.64743989E-03
 1.17815901E+00  2.68391136E-03
 1.17804780E+00  2.71710681E-03
 1.17791311E+00  2.74566276E-03
 1.17776071E+00  2.76832655E-03
 1.17759746E+00  2.78335405E-03
 1.17743078E+00  2.78885425E-03
 1.17726713E+00  2.78340033E-03
 1.17711147E+00  2.76608274E-03
 1.17696657E+00  2.73696975E-03
 1.17683292E+00  2.69711682E-03
 1.17671069E+00  2.64766928E-03
 1.17660007E+00  2.58986573E-03
 1.17650138E+00  2.52514366E-03
 1.17641540E+00  2.45492822E-03
 1.17634128E+00  2.38131746E-03
 1.17627680E+00  2.30702975E-03
 1.17621989E+00  2.23474252E-03
 1.17616793E+00  2.16733521E-03
 1.17611812E+00  2.10781386E-03
 1.17606759E+00  2.05918664E-03
 1.17601137E+00  2.02499894E-03
 1.17594346E+00  2.00900051E-03
 1.17585939E+00  2.01429187E-03
 1.17575648E+00  2.04320476E-03
 1.17563505E+00  2.09690343E-03
 1.17549856E+00  2.17527177E-03
 1.17535017E+00  2.27783471E-03
 1.17519255E+00  2.40375935E-03
 1.17502846E+00  2.55163309E-03
 1.17485980E+00  2.71963408E-03
 1.17468975E+00  2.90473904E-03
 1.17452254E+00  3.10269314E-03
 1.17436070E+00  3.30867088E-03
 1.17420617E+00  3.51708687E-03
 1.17406097E+00  3.72189451E-03
 1.17392710E+00  3.91686076E-03
 1.17380916E+00  4.09517114E-03
 1.17371348E+00  4.24994543E-03
 1.17364446E+00  4.37510557E-03
 1.17360473E+00  4.46575179E-03
 1.17359473E+00  4.51899357E-03
 1.17361215E+00  4.53395665E-03
 1.17365528E+00  4.51052343E-03
 1.17372293E+00  4.44920725E-03
 1.17381261E+00  4.35093895E-03
 1.17392173E+00  4.21701005E-03
 1.17404686E+00  4.05083203E-03
 1.17418372E+00  3.85790054E-03
 1.17432986E+00  3.64490062E-03
 1.17448384E+00  3.42009456E-03
 1.17464351E+00  3.19231446E-03
 1.17480622E+00  2.97064568E-03
 1.17496752E+00  2.76546367E-03
 1.17512125E+00  2.58736518E-03
 1.17526276E+00  2.44573799E-03
 1.17538878E+00  2.34816363E-03
 1.17549682E+00  2.29866701E-03
 1.17558598E+00  2.29787073E-03
 1.17565505E+00  2.34560576E-03
 1.17570243E+00  2.44114501E-03
 1.17572800E+00  2.58371941E-03
 1.17573229E+00  2.77279352E-03
 1.17571633E+00  3.00482330E-03
 1.17568193E+00  3.27348955E-03
 1.17563003E+00  3.57161230E-03
 1.17556105E+00  3.89019525E-03
 1.17547632E+00  4.21971670E-03
 1.17537779E+00  4.55039350E-03
 1.17526837E+00  4.86971470E-03
 1.17515196E+00  5.16409002E-03
 1.17503160E+00  5.42181490E-03
 1.17490932E+00  5.63361300E-03
 1.17478663E+00  5.79498525E-03
 1.17466401E+00  5.90615763E-03
 1.17454209E+00  5.96753816E-03
 1.17442193E+00  5.97947575E-03
 1.17430414E+00  5.94231333E-03
 1.17418940E+00  5.85545881E-03
 1.17407814E+00  5.72145846E-03
 1.17397052E+00  5.54562789E-03
 1.17386741E+00  5.33262763E-03
 1.17377014E+00  5.08804596E-03
 1.17367980E+00  4.81796077E-03
 1.17359721E+00  4.52874611E-03
 1.17352227E+00  4.23082980E-03
 1.17345404E+00  3.93695436E-03
 1.17339231E+00  3.65734318E-03
 1.17333762E+00  3.39950733E-03
 1.17329111E+00  3.16634802E-03
 1.17325482E+00  2.95577317E-03
 1.17323027E+00  2.76652120E-03
 1.17321836E+00  2.59834995E-03
 1.17321998E+00  2.45062207E-03
 1.17323550E+00  2.32400567E-03
 1.17326494E+00  2.21710330E-03
 1.17330787E+00  2.12677740E-03
 1.17336222E+00  2.05267379E-03
 1.17342468E+00  1.99539813E-03
 1.17349179E+00  1.95516228E-03
 1.17356008E+00  1.93192085E-03
 1.17362702E+00  1.92141275E-03
 1.17369111E+00  1.91629409E-03
 1.17375024E+00  1.91204820E-03
 1.17380199E+00  1.90670706E-03
 1.17384441E+00  1.90122520E-03
