# x =
 3.64469937E+01
# y =
 3.25097170E+00
 VARIABLES = u,v
 1.19484183E+00 -1.20964073E-02
 1.19208566E+00 -1.09516898E-02
 1.17184733E+00 -1.42861253E-02
 1.14011316E+00 -1.92241697E-02
 1.11081259E+00 -1.91062548E-02
 1.09371315E+00 -1.10408687E-02
 1.09480030E+00  2.61736261E-03
 1.11240968E+00  1.79705443E-02
 1.13577919E+00  2.83106640E-02
 1.15871249E+00  2.94524890E-02
 1.17878643E+00  2.21739885E-02
 1.19143663E+00  9.27319132E-03
 1.19499617E+00 -3.61318538E-03
 1.18647254E+00 -1.21280455E-02
 1.16265888E+00 -1.52185201E-02
 1.13194159E+00 -1.27382014E-02
 1.10904369E+00 -6.61138726E-03
 1.10433594E+00  1.56707316E-03
 1.12285832E+00  1.09716388E-02
 1.15563657E+00  1.76220615E-02
 1.18151659E+00  1.68592996E-02
 1.18823590E+00  6.57673394E-03
 1.17384881E+00 -1.12483516E-02
 1.14598236E+00 -2.46075366E-02
 1.12425217E+00 -1.97975113E-02
 1.11899044E+00 -4.98281676E-03
 1.12836695E+00  2.56587101E-03
 1.14733503E+00  1.00649467E-02
 1.16312595E+00  2.90340111E-02
 1.16914040E+00  4.23030248E-02
 1.16910170E+00  3.11431005E-02
 1.16568899E+00  8.32816866E-03
 1.16436575E+00 -5.43481863E-03
 1.16794102E+00 -9.28287918E-03
 1.17236459E+00 -6.84269314E-03
 1.17558615E+00  1.86371674E-03
 1.17571612E+00  9.58977339E-03
 1.17133819E+00  1.09858661E-02
 1.16480819E+00  7.88276753E-03
 1.15769521E+00  2.52905460E-03
 1.15103180E+00 -9.22678957E-04
 1.14637224E+00 -4.31093341E-04
 1.14384332E+00  1.77240956E-03
 1.14352161E+00  4.57691554E-03
 1.14565666E+00  6.55607951E-03
 1.14999681E+00  6.74403016E-03
 1.15632980E+00  6.55874525E-03
 1.16387821E+00  6.41866145E-03
 1.17125687E+00  6.19510549E-03
 1.17703226E+00  6.08160558E-03
 1.17981426E+00  5.35193201E-03
 1.17900563E+00  3.61095808E-03
 1.17489527E+00  1.07932819E-03
 1.16790521E+00 -1.97624573E-03
 1.15891434E+00 -4.53368311E-03
 1.14951358E+00 -4.73070804E-03
 1.14155940E+00 -6.66522243E-04
 1.13715985E+00  8.36837876E-03
 1.13813282E+00  2.08955944E-02
 1.14469893E+00  3.20341229E-02
 1.15554980E+00  3.48307558E-02
 1.16867664E+00  2.51552145E-02
 1.18080793E+00  3.68572855E-03
 1.18705317E+00 -2.18909818E-02
 1.18243216E+00 -3.85250564E-02
 1.16392414E+00 -3.84370084E-02
 1.13282179E+00 -2.22777421E-02
 1.09870815E+00 -1.04816241E-03
 1.07671648E+00  9.99601471E-03
 1.07754952E+00  1.84389234E-02
 1.10418010E+00  4.12355549E-02
 1.14719436E+00  6.22075591E-02
 1.18604037E+00  5.70620083E-02
 1.20664325E+00  3.56025844E-02
 1.20403275E+00  1.50758673E-02
 1.18114228E+00 -6.99687894E-03
 1.15169519E+00 -3.05735312E-02
 1.12375255E+00 -4.16740024E-02
 1.09872572E+00 -3.13111126E-02
 1.08206304E+00 -6.80260291E-03
 1.07687715E+00  1.85658444E-02
 1.08759079E+00  3.77763523E-02
 1.11984408E+00  4.66288917E-02
 1.16511094E+00  4.38017529E-02
 1.20605098E+00  3.44851651E-02
 1.22923315E+00  2.02314607E-02
 1.22467785E+00 -3.81668627E-04
 1.19462884E+00 -2.27384615E-02
 1.15409977E+00 -4.07674810E-02
 1.11226427E+00 -4.80191662E-02
 1.07446043E+00 -3.74977764E-02
 1.04818781E+00 -1.08836165E-02
 1.03651363E+00  2.27972452E-02
 1.04523550E+00  5.53613649E-02
 1.08054357E+00  7.67962084E-02
 1.13285048E+00  7.50081167E-02
 1.18348210E+00  4.71572301E-02
 1.21680934E+00  1.27517497E-02
 1.22033506E+00 -3.10279089E-03
 1.19530824E+00 -1.11706357E-02
 1.15687765E+00 -3.51710228E-02
 1.11407614E+00 -5.44552542E-02
 1.07274226E+00 -4.02924953E-02
 1.04243155E+00 -1.24184159E-02
 1.02874531E+00  4.30676626E-03
 1.03974353E+00  3.03398203E-02
 1.08252227E+00  8.28011863E-02
 1.14428431E+00  1.13908567E-01
 1.20029634E+00  7.06609033E-02
 1.23099875E+00 -9.12959871E-03
 1.22280693E+00 -5.67433706E-02
 1.18004820E+00 -7.47169346E-02
 1.12538821E+00 -8.41380623E-02
 1.07335088E+00 -7.44242482E-02
 1.03295638E+00 -4.70425422E-02
 1.01690162E+00 -5.45623028E-03
 1.03021429E+00  5.57132573E-02
 1.07642478E+00  1.01721784E-01
 1.15138932E+00  8.76043427E-02
 1.21574260E+00  3.56879156E-02
 1.22572544E+00 -4.37623962E-03
 1.20093539E+00 -2.84428954E-02
 1.18500207E+00 -4.35621931E-02
 1.15529584E+00 -4.24420981E-02
 1.08134856E+00 -3.23434903E-02
 1.01839248E+00 -1.83746855E-02
 1.02911931E+00  6.13901488E-03
 1.08250139E+00  3.55985963E-02
 1.12177552E+00  5.91677000E-02
 1.14969698E+00  6.79030536E-02
 1.17785275E+00  5.23069460E-02
 1.19437198E+00  1.88256417E-02
 1.20170073E+00 -1.32904907E-02
 1.20192042E+00 -3.26938852E-02
 1.18464353E+00 -3.38420491E-02
 1.15539745E+00 -1.92469803E-02
 1.12875026E+00 -2.87725479E-03
 1.11500268E+00  9.10482516E-03
 1.12356176E+00  1.79366925E-02
 1.14808885E+00  2.20101803E-02
 1.16817667E+00  2.32171669E-02
 1.17360375E+00  2.07067746E-02
 1.16247205E+00  9.59018218E-03
 1.13998090E+00 -5.92549024E-03
 1.12268088E+00 -1.72984394E-02
 1.11826508E+00 -1.92095933E-02
 1.12413035E+00 -8.10019385E-03
 1.13842439E+00  1.02622249E-02
 1.15404607E+00  2.19969552E-02
 1.16649947E+00  1.98624045E-02
 1.17682508E+00  3.48320010E-03
 1.17951984E+00 -2.06061786E-02
 1.16790113E+00 -3.74699008E-02
 1.13988850E+00 -3.87800737E-02
 1.09775162E+00 -2.51812400E-02
 1.05858440E+00 -1.56957524E-03
 1.04851644E+00  2.02024977E-02
 1.08006682E+00  3.26366793E-02
 1.14594112E+00  3.56050259E-02
 1.20814983E+00  2.93724656E-02
 1.21835370E+00  1.79205311E-02
 1.19237086E+00  3.91324595E-03
 1.17794468E+00 -1.30223877E-02
 1.15514053E+00 -2.78312631E-02
 1.09509376E+00 -3.36931045E-02
 1.04787134E+00 -2.60325994E-02
 1.06558736E+00 -2.78824908E-03
 1.11783565E+00  2.72764731E-02
 1.15368348E+00  4.74048621E-02
 1.17414629E+00  4.67828109E-02
 1.18872786E+00  2.22488608E-02
 1.18527180E+00 -1.73770764E-02
 1.16403464E+00 -5.13222714E-02
 1.12920263E+00 -6.62811524E-02
 1.07857389E+00 -5.85134780E-02
 1.02954643E+00 -3.03973496E-02
 1.01017978E+00  5.08254661E-03
 1.03618327E+00  3.84149688E-02
 1.10745161E+00  6.39830478E-02
 1.18750641E+00  6.72075149E-02
 1.22269698E+00  4.00687612E-02
 1.21725212E+00  1.68844417E-04
 1.20577029E+00 -2.63636548E-02
 1.17448453E+00 -3.55603555E-02
 1.11111779E+00 -3.46914598E-02
 1.06202916E+00 -2.11806879E-02
 1.06941926E+00  2.53438934E-03
 1.10842486E+00  2.50634168E-02
 1.13380521E+00  3.84099940E-02
 1.14645951E+00  3.67214432E-02
 1.15934645E+00  1.86702935E-02
 1.16398666E+00 -3.91614905E-03
 1.16077405E+00 -1.52126673E-02
 1.15173690E+00 -1.78119260E-02
 1.12895472E+00 -2.23860483E-02
 1.09989242E+00 -2.00555116E-02
 1.08172900E+00 -8.89634438E-04
 1.08486136E+00  1.91561532E-02
 1.11532940E+00  2.15893044E-02
 1.16225696E+00  1.36923985E-02
 1.19918664E+00  8.81946243E-03
 1.21055322E+00  9.83864210E-04
 1.19216697E+00 -1.69961326E-02
 1.15062697E+00 -3.58397334E-02
 1.10754725E+00 -4.47928847E-02
 1.07591659E+00 -3.92802436E-02
 1.05811376E+00 -1.62460940E-02
 1.05778440E+00  1.76461862E-02
 1.07199146E+00  4.62628042E-02
 1.09992683E+00  5.91983791E-02
 1.14370785E+00  5.26883040E-02
 1.19013522E+00  3.00804752E-02
 1.21887122E+00  4.03180585E-03
 1.21542439E+00 -1.75095132E-02
 1.17248788E+00 -3.20269075E-02
 1.10582364E+00 -3.53811076E-02
 1.05020036E+00 -2.72809061E-02
 1.02828640E+00 -7.64285105E-03
 1.04828243E+00  2.23720645E-02
 1.10081897E+00  4.73574770E-02
 1.15536491E+00  4.97352363E-02
 1.19348280E+00  3.52333657E-02
 1.21068913E+00  1.89061832E-02
 1.20186532E+00 -3.87186928E-03
 1.17273752E+00 -3.77525156E-02
 1.12735246E+00 -5.92764492E-02
 1.06909975E+00 -4.52188499E-02
 1.02867444E+00 -1.00945240E-02
 1.03866594E+00  1.79696255E-02
 1.08584489E+00  3.44613929E-02
 1.13552918E+00  4.13965102E-02
 1.17755807E+00  3.49592374E-02
 1.20671977E+00  2.05310739E-02
 1.20890091E+00  2.27110389E-03
 1.18294472E+00 -2.10684993E-02
 1.13379943E+00 -4.11868076E-02
 1.07155709E+00 -4.66894806E-02
 1.03242650E+00 -3.13332093E-02
 1.05148742E+00  4.63517818E-03
 1.10577181E+00  4.03290543E-02
 1.14397718E+00  4.72428638E-02
 1.15944481E+00  3.14664507E-02
 1.16414679E+00  1.77050033E-02
 1.15681787E+00  7.15305041E-03
 1.15034839E+00 -3.33259749E-03
 1.15364767E+00 -7.60868211E-03
 1.15811789E+00 -7.29771567E-03
 1.16201336E+00 -1.40513352E-03
 1.16471653E+00  1.41068999E-02
 1.16544118E+00  2.49620767E-02
 1.16889972E+00  1.41564924E-02
 1.17016597E+00 -6.95666811E-03
 1.15837437E+00 -1.68095179E-02
 1.12965613E+00 -1.62079331E-02
 1.08529153E+00 -1.24895654E-02
 1.03883114E+00 -3.33577516E-03
 1.01448390E+00  8.99569412E-03
 1.02608104E+00  2.01261862E-02
 1.07351498E+00  3.05534386E-02
 1.13989263E+00  3.75228994E-02
 1.19238477E+00  3.63662027E-02
 1.21103711E+00  2.47065318E-02
 1.19597060E+00  2.06767317E-03
 1.16665510E+00 -2.47767243E-02
 1.15298559E+00 -4.34775191E-02
 1.14023277E+00 -4.57465078E-02
 1.09400788E+00 -2.87695579E-02
 1.04721733E+00  1.46848089E-03
 1.05007075E+00  3.02331562E-02
 1.08701416E+00  4.75705649E-02
 1.12756783E+00  4.97809893E-02
 1.17288984E+00  3.73941786E-02
 1.21491804E+00  1.81325568E-02
 1.22319311E+00 -3.50670157E-03
 1.18124422E+00 -2.64398739E-02
 1.10946797E+00 -4.39371807E-02
 1.04547405E+00 -4.90235313E-02
 1.00964942E+00 -3.59604423E-02
 1.00980656E+00 -1.36320053E-03
 1.04272209E+00  4.37058966E-02
 1.08597096E+00  7.83313930E-02
 1.12795640E+00  8.80963451E-02
 1.16925629E+00  6.67290581E-02
 1.20162006E+00  2.29011625E-02
 1.21945129E+00 -1.98768882E-02
 1.21520046E+00 -4.70948661E-02
 1.17820994E+00 -5.46935865E-02
 1.11995547E+00 -4.42112705E-02
 1.06595272E+00 -2.79385513E-02
 1.03458240E+00 -1.12962150E-02
 1.03878872E+00  8.40278093E-03
 1.07369020E+00  2.70828577E-02
 1.11558058E+00  4.10198513E-02
 1.15139252E+00  4.53268347E-02
 1.17656371E+00  3.23477546E-02
 1.18622700E+00  6.93319578E-03
 1.18423005E+00 -1.77245470E-02
 1.16888785E+00 -3.29329267E-02
 1.13424917E+00 -3.25069978E-02
 1.09184727E+00 -1.84514066E-02
 1.06073624E+00 -2.21809478E-03
 1.05514592E+00  1.07977450E-02
 1.08446582E+00  1.99062886E-02
 1.13610931E+00  2.32960375E-02
 1.17932311E+00  2.29061952E-02
 1.19594719E+00  1.79940179E-02
 1.18084151E+00  5.11525717E-03
 1.14276174E+00 -1.12493621E-02
 1.10834656E+00 -2.31776799E-02
 1.09153567E+00 -2.52560887E-02
 1.09114030E+00 -1.39555572E-02
 1.10472801E+00  5.17690448E-03
 1.12042872E+00  1.91059059E-02
 1.13260177E+00  2.09749260E-02
 1.14553907E+00  1.05518478E-02
 1.15431065E+00 -5.20507755E-03
 1.15334212E+00 -1.16407682E-02
 1.14183967E+00 -2.48808881E-03
 1.12256726E+00  1.69321972E-02
 1.11905944E+00  3.27754753E-02
 1.15473427E+00  2.34003597E-02
 1.19701465E+00 -2.02712940E-02
 1.19199447E+00 -8.66523442E-02
 1.14845978E+00 -1.43666667E-01
 1.10074504E+00 -1.51072969E-01
 1.04826239E+00 -1.11784926E-01
 9.93876849E-01 -5.61427987E-02
 9.54708998E-01  2.31528793E-02
 9.38705950E-01  1.32540121E-01
 9.66692622E-01  2.24538699E-01
 1.04961205E+00  2.47230090E-01
 1.11653033E+00  1.94024498E-01
 1.07863425E+00  8.66727337E-02
 9.76704575E-01 -2.80162071E-02
 9.09385958E-01 -8.69770682E-02
 8.79313423E-01 -8.56314014E-02
 8.70141584E-01 -6.52458895E-02
 9.18422844E-01 -2.96271803E-02
 1.02510241E+00  1.60818219E-02
 1.12642780E+00  2.55660888E-02
 1.15950627E+00 -2.42906645E-02
 1.12392177E+00 -8.54326191E-02
 1.06085550E+00 -9.37029399E-02
 1.00561864E+00 -6.65104825E-02
 9.90348415E-01 -5.66858884E-02
 9.94591313E-01 -5.36681068E-02
 9.58659940E-01 -3.40634056E-02
 9.11633829E-01  3.93188961E-03
 9.22935194E-01  7.04496240E-02
 9.88217324E-01  1.38447090E-01
 1.08457395E+00  1.54719351E-01
 1.19105660E+00  1.29392837E-01
 1.25677324E+00  9.46351878E-02
 1.25764680E+00  2.04083785E-02
 1.19624672E+00 -1.18529180E-01
 1.04348396E+00 -2.59078226E-01
 8.04507768E-01 -3.22637684E-01
 6.22085254E-01 -3.12337562E-01
 6.47369012E-01 -2.63132911E-01
 7.83784878E-01 -1.81597250E-01
 8.35892502E-01 -8.65450366E-02
 8.49636887E-01 -7.21495649E-03
 9.40522474E-01  4.79348764E-02
 1.04934236E+00  7.11166992E-02
 1.11991380E+00  5.97360962E-02
 1.17819531E+00  3.59604139E-02
 1.21758568E+00  2.44326918E-02
 1.21971790E+00  2.05493380E-02
 1.19591281E+00  8.34008989E-03
 1.16519744E+00  9.84386007E-04
 1.14495035E+00  1.20612297E-02
 1.13375362E+00  9.11216242E-03
 1.11562867E+00 -3.84823932E-02
 1.08998099E+00 -8.82919245E-02
 1.06294588E+00 -8.07794343E-02
 1.03890427E+00 -4.02773555E-02
 1.02903225E+00 -2.07246830E-02
 1.03496672E+00 -2.01160864E-02
 1.04709773E+00 -2.64110144E-02
 1.06022884E+00 -3.57324469E-02
 1.06916699E+00 -2.62035820E-02
 1.07129506E+00 -1.97115952E-03
 1.07506783E+00  1.16315685E-02
 1.09789140E+00  2.80667021E-02
 1.14592046E+00  6.55078733E-02
 1.16941122E+00  9.35908776E-02
 1.10804613E+00  8.00909207E-02
 1.01315881E+00  4.87953608E-02
 9.79376267E-01  3.74589967E-02
 9.86930400E-01  3.82399069E-02
 9.82960290E-01  3.60929834E-02
 9.92346955E-01  5.21914279E-02
 1.03480214E+00  9.99084337E-02
 1.08401533E+00  1.45892009E-01
 1.12619247E+00  1.51144614E-01
 1.16666288E+00  1.22271886E-01
 1.20527372E+00  8.42561724E-02
 1.23203797E+00  4.14197374E-02
 1.23746126E+00 -3.03592590E-04
 1.22267671E+00 -2.98913896E-02
 1.19350751E+00 -4.85367081E-02
 1.15602380E+00 -5.39453228E-02
 1.11946978E+00 -4.28654434E-02
 1.08995527E+00 -3.02485798E-02
 1.06921367E+00 -3.17548976E-02
 1.06203933E+00 -3.64420968E-02
 1.07176112E+00 -2.70950972E-02
 1.09363477E+00 -1.89119511E-02
 1.11923229E+00 -3.24199291E-02
 1.13980800E+00 -4.63483741E-02
 1.14784534E+00 -3.28007948E-02
 1.14485171E+00 -7.83284923E-03
 1.13973269E+00  2.40391012E-03
 1.13668462E+00  3.00983671E-03
 1.13672952E+00  3.72832065E-03
 1.14004641E+00  1.67547398E-03
 1.14284290E+00 -4.88812125E-05
 1.14531541E+00  3.22200559E-03
 1.15095912E+00  8.70465461E-03
 1.15739040E+00  1.36569996E-02
 1.16048849E+00  1.56839757E-02
 1.15735951E+00  1.31760653E-02
 1.14522148E+00  8.09764244E-03
 1.12785650E+00  3.98391715E-03
 1.11434963E+00  5.31711743E-03
 1.10999819E+00  1.48638541E-02
 1.11710820E+00  3.13902926E-02
 1.13486484E+00  4.97229600E-02
 1.15718585E+00  6.14516015E-02
 1.17937360E+00  6.02709648E-02
 1.19760568E+00  4.39129237E-02
 1.20371230E+00  1.40595740E-02
 1.18979832E+00 -2.22648589E-02
 1.15168372E+00 -5.70141527E-02
 1.09163117E+00 -8.05623950E-02
 1.02792186E+00 -7.69516860E-02
 9.89280622E-01 -3.57943133E-02
 9.95128070E-01  2.73031187E-02
 1.04997612E+00  8.05657533E-02
 1.13383282E+00  1.02275017E-01
 1.20523531E+00  8.32719295E-02
 1.23689115E+00  3.88558603E-02
 1.22189818E+00  5.02270955E-03
 1.17369584E+00 -9.99576437E-03
 1.12923795E+00 -1.72793672E-02
 1.10948463E+00 -1.26887150E-02
 1.11403106E+00  1.81095151E-03
 1.13688650E+00  1.61718774E-02
 1.15746957E+00  2.78504462E-02
 1.16637127E+00  3.18537905E-02
 1.17070367E+00  2.24643045E-02
 1.16890315E+00  8.31938543E-04
 1.16082068E+00 -2.58820415E-02
 1.14565168E+00 -3.96192376E-02
 1.11697986E+00 -2.28121916E-02
 1.08453256E+00  1.08316082E-02
 1.06775561E+00  3.13307730E-02
 1.07735800E+00  3.58495224E-02
 1.11708886E+00  3.32080533E-02
 1.17273717E+00  2.20705081E-02
 1.21349998E+00  8.22861956E-03
 1.22121001E+00 -1.83744910E-03
 1.19299701E+00 -1.04704400E-02
 1.14131503E+00 -1.68978181E-02
 1.09674898E+00 -1.92273675E-02
 1.07758117E+00 -1.62400163E-02
 1.08479490E+00 -5.22712982E-03
 1.11168518E+00  1.02041339E-02
 1.13801867E+00  2.19679958E-02
 1.15284995E+00  2.50070045E-02
 1.15944555E+00  1.68345993E-02
 1.15865943E+00  1.63514254E-03
 1.15594569E+00 -9.95632565E-03
 1.15298520E+00 -1.19806899E-02
 1.14351741E+00 -3.79004942E-03
 1.13052073E+00  1.07680444E-02
 1.12098135E+00  2.19148446E-02
 1.11951699E+00  2.44803253E-02
 1.13148792E+00  1.94809311E-02
 1.15255966E+00  9.61305005E-03
 1.17005804E+00  1.45571636E-03
 1.17714527E+00 -1.43880589E-03
 1.17151475E+00 -7.15307422E-04
 1.15646068E+00  2.27579821E-03
 1.14293965E+00  4.60587901E-03
 1.13636579E+00  4.64613618E-03
 1.13592222E+00  4.11351710E-03
 1.14002277E+00  3.62704866E-03
 1.14309889E+00  3.73855856E-03
 1.14294301E+00  4.78622369E-03
 1.14269932E+00  5.40536174E-03
 1.14389014E+00  5.14617512E-03
 1.14856934E+00  4.23343575E-03
 1.15729299E+00  2.62825080E-03
 1.16652900E+00  9.73861156E-04
 1.17299035E+00 -2.44124375E-04
 1.17347524E+00 -9.35141036E-04
 1.16572160E+00 -6.97479936E-04
 1.15115858E+00  7.03816198E-04
 1.13455294E+00  3.12924952E-03
 1.12282476E+00  6.27988673E-03
 1.12109382E+00  9.56070819E-03
 1.13027539E+00  1.20323186E-02
 1.14563297E+00  1.24735884E-02
 1.15770043E+00  9.71066669E-03
 1.16039047E+00  3.31956268E-03
 1.15280001E+00 -5.66970972E-03
 1.13885338E+00 -1.37702592E-02
 1.12789443E+00 -1.60507833E-02
 1.12534898E+00 -9.51591326E-03
 1.13120683E+00  5.45392401E-03
 1.14377513E+00  2.31931727E-02
 1.15742305E+00  3.39211197E-02
 1.16844778E+00  3.13321882E-02
 1.17620926E+00  1.46236651E-02
 1.17688062E+00 -1.02153942E-02
 1.16682281E+00 -3.06754495E-02
 1.14442748E+00 -3.86641554E-02
 1.11054759E+00 -3.26259020E-02
 1.07589078E+00 -1.59563838E-02
 1.05745427E+00  1.48260918E-03
 1.06613343E+00  1.37692180E-02
 1.10395446E+00  2.05588861E-02
 1.15764952E+00  2.14122533E-02
 1.20067474E+00  1.88721817E-02
 1.21564558E+00  1.36310736E-02
 1.19836347E+00  3.51894131E-03
 1.15868232E+00 -8.44111540E-03
 1.12207768E+00 -1.71499201E-02
 1.10370034E+00 -1.88015945E-02
 1.10458685E+00 -1.03065071E-02
 1.12037265E+00  4.41066980E-03
 1.13589419E+00  1.58383494E-02
 1.14389409E+00  1.84575491E-02
 1.14848569E+00  1.07342142E-02
 1.14925501E+00 -3.56587842E-03
 1.14790375E+00 -1.45797844E-02
 1.14433618E+00 -1.71034407E-02
 1.13336387E+00 -1.15546958E-02
 1.11976645E+00 -6.01906964E-04
 1.11371952E+00  8.68944274E-03
 1.12076464E+00  1.24688112E-02
 1.14365128E+00  1.18423672E-02
 1.17425810E+00  7.47097549E-03
 1.19473496E+00  1.85169171E-03
 1.19494915E+00 -3.49713091E-03
 1.17337426E+00 -9.62144113E-03
 1.13759252E+00 -1.49565653E-02
 1.10608653E+00 -1.70655656E-02
 1.09033424E+00 -1.44124384E-02
 1.09218332E+00 -5.67267267E-03
 1.10946988E+00  6.45923274E-03
 1.13193276E+00  1.61140540E-02
 1.15317284E+00  1.94199937E-02
 1.17258427E+00  1.45668153E-02
 1.18456644E+00  3.22503078E-03
 1.18418455E+00 -8.97224027E-03
 1.16764292E+00 -1.83776314E-02
 1.13243404E+00 -2.34422406E-02
 1.09041015E+00 -2.27720024E-02
 1.06258129E+00 -1.71028353E-02
 1.06281064E+00 -6.67670477E-03
 1.09580379E+00  8.32700029E-03
 1.14810326E+00  2.28846926E-02
 1.18982180E+00  2.98648872E-02
 1.20246230E+00  2.43786519E-02
 1.18205366E+00  4.94046677E-03
 1.13786886E+00 -2.12449357E-02
 1.09594346E+00 -4.02249682E-02
 1.07153010E+00 -4.30526074E-02
 1.06566520E+00 -2.75420406E-02
 1.07801467E+00 -2.82417166E-04
 1.09917070E+00  2.30817761E-02
 1.12466640E+00  3.31083856E-02
 1.15758049E+00  2.86230945E-02
 1.18907125E+00  1.31281520E-02
 1.20667785E+00 -2.46536399E-03
 1.20116587E+00 -1.22304849E-02
 1.16563233E+00 -1.72940987E-02
 1.11260027E+00 -1.74698918E-02
 1.06938323E+00 -1.51813754E-02
 1.05343223E+00 -1.10392069E-02
 1.07155743E+00 -2.05559628E-03
 1.11403009E+00  8.96680521E-03
 1.15311886E+00  1.66013015E-02
 1.17324456E+00  1.72283915E-02
 1.17304906E+00  7.89136012E-03
 1.15698547E+00 -7.56907346E-03
 1.14166739E+00 -1.95792656E-02
 1.13450634E+00 -2.27206668E-02
 1.13036176E+00 -1.56182895E-02
 1.12856335E+00 -1.77214052E-03
 1.12589744E+00  9.41274456E-03
 1.12223651E+00  1.29573073E-02
 1.12487838E+00  9.34066082E-03
 1.13343382E+00  1.02848685E-03
 1.14350274E+00 -5.46760325E-03
 1.15275331E+00 -6.80593078E-03
 1.15692934E+00 -4.61610112E-03
 1.15612013E+00 -3.82475789E-04
 1.15513588E+00  2.67432007E-03
 1.15509849E+00  2.87074892E-03
 1.15546605E+00  2.00594417E-03
 1.15547997E+00  9.95032789E-04
 1.15216570E+00  9.20987709E-04
 1.14516302E+00  2.49775232E-03
 1.13719761E+00  4.47181506E-03
 1.13083836E+00  6.13781849E-03
 1.12949536E+00  7.08272735E-03
 1.13525474E+00  6.73340318E-03
 1.14685959E+00  5.37107343E-03
 1.16058845E+00  3.22783348E-03
 1.17071151E+00  4.28356433E-04
 1.17293104E+00 -2.55561743E-03
 1.16645331E+00 -5.24462570E-03
 1.15475747E+00 -6.81572659E-03
 1.14502010E+00 -6.22764351E-03
 1.14178033E+00 -2.94989875E-03
 1.14547582E+00  2.75503036E-03
 1.15300214E+00  9.17868999E-03
 1.15729658E+00  1.35509121E-02
 1.15465556E+00  1.39398145E-02
 1.14610550E+00  9.85837813E-03
 1.13453147E+00  3.05291001E-03
 1.12595773E+00 -2.73228914E-03
 1.12393504E+00 -5.02892153E-03
 1.12785146E+00 -3.21230484E-03
 1.13674055E+00  1.62126584E-03
 1.14770743E+00  6.26770725E-03
 1.15842974E+00  8.82123616E-03
 1.16842013E+00  9.05724736E-03
 1.17516918E+00  6.75474266E-03
 1.17585226E+00  2.77139624E-03
 1.16887699E+00 -2.43711422E-03
 1.15399032E+00 -8.95442285E-03
 1.13634144E+00 -1.46567470E-02
 1.12473799E+00 -1.65885205E-02
 1.12474557E+00 -1.29967045E-02
 1.13725485E+00 -3.68795867E-03
 1.15514815E+00  7.25887640E-03
 1.16461424E+00  1.30934733E-02
 1.15793653E+00  1.13183337E-02
 1.13608186E+00  5.51196017E-03
 1.10954465E+00  7.85415585E-03
 1.09773953E+00  3.07565355E-02
 1.11107474E+00  5.99191596E-02
 1.14645228E+00  6.62516091E-02
 1.18889666E+00  4.37465857E-02
 1.21172802E+00  6.54557260E-04
 1.19919108E+00 -4.84235645E-02
 1.15337105E+00 -7.64416863E-02
 1.09123561E+00 -7.37192542E-02
 1.04516465E+00 -5.07755332E-02
 1.03594631E+00 -1.56086504E-02
 1.06480233E+00  1.75852235E-02
 1.11911401E+00  3.44174899E-02
 1.16948700E+00  3.29170829E-02
 1.19679487E+00  1.71492816E-02
 1.19863881E+00 -3.21150280E-03
 1.17683585E+00 -2.07991858E-02
 1.14440189E+00 -3.33293300E-02
 1.10935144E+00 -3.51452341E-02
 1.07169558E+00 -2.26631131E-02
 1.04393082E+00  3.32109674E-03
 1.04050173E+00  3.77443972E-02
 1.06937287E+00  6.14603100E-02
 1.13006533E+00  5.42012794E-02
 1.18997367E+00  2.67557160E-02
 1.20599672E+00  5.30519939E-03
 1.18871250E+00 -8.75042884E-03
 1.17231173E+00 -2.22247476E-02
 1.14136451E+00 -2.96045827E-02
 1.07842710E+00 -3.02915722E-02
 1.02845536E+00 -2.51077611E-02
 1.03757198E+00 -9.54235844E-03
 1.08201180E+00  1.22652895E-02
 1.11742498E+00  3.04482841E-02
 1.14479735E+00  3.82118402E-02
 1.17327012E+00  3.05459606E-02
 1.19064967E+00  1.13424361E-02
 1.19396836E+00 -7.06410544E-03
 1.18235515E+00 -1.76630497E-02
 1.14790490E+00 -1.82690348E-02
 1.10089660E+00 -1.03641960E-02
 1.06339865E+00 -1.82623706E-03
 1.05054708E+00  3.93050722E-03
 1.07158174E+00  8.36636665E-03
 1.11664940E+00  1.04690904E-02
 1.15796033E+00  1.06027750E-02
 1.17961046E+00  8.04051591E-03
 1.17775755E+00 -1.39444620E-04
 1.15758230E+00 -1.11472908E-02
 1.13857827E+00 -1.90520871E-02
 1.12961912E+00 -2.01869307E-02
 1.12680240E+00 -1.22282218E-02
 1.12860640E+00  1.79685334E-03
 1.12858001E+00  1.37677514E-02
 1.12516225E+00  1.91487142E-02
 1.12575336E+00  1.69698602E-02
 1.13081380E+00  9.02772016E-03
 1.13838015E+00  1.36268252E-03
 1.14723201E+00 -3.00498609E-03
 1.15242690E+00 -4.88585424E-03
 1.15325876E+00 -5.01174901E-03
 1.15294134E+00 -5.93069936E-03
 1.15166151E+00 -8.43610714E-03
 1.14937493E+00 -1.02738673E-02
 1.14590285E+00 -1.04254844E-02
 1.13933444E+00 -7.95094650E-03
 1.13029131E+00 -2.47309409E-03
 1.12185823E+00  4.27966871E-03
 1.11730133E+00  1.07925012E-02
 1.12051936E+00  1.56352248E-02
 1.13325933E+00  1.71247092E-02
 1.15283816E+00  1.45668747E-02
 1.17159913E+00  8.02115849E-03
 1.17843051E+00 -1.74048295E-03
 1.16560703E+00 -1.31843929E-02
 1.13218297E+00 -2.40407014E-02
 1.08699554E+00 -3.07735166E-02
 1.04748601E+00 -2.95013699E-02
 1.02688075E+00 -1.78348812E-02
 1.03166567E+00  3.61171823E-03
 1.06183186E+00  2.85242377E-02
 1.10754023E+00  4.65690333E-02
 1.15909564E+00  5.02694345E-02
 1.20531442E+00  3.71485378E-02
 1.22251423E+00  1.26550421E-02
 1.19570061E+00 -1.04929199E-02
 1.15346177E+00 -2.39005170E-02
 1.13632263E+00 -2.50907977E-02
 1.12452409E+00 -1.62979049E-02
 1.08119604E+00 -6.25183852E-03
 1.04462735E+00  6.99194696E-04
 1.06589234E+00  5.59990067E-03
 1.11661401E+00  8.16550157E-03
 1.15021096E+00  1.01443766E-02
 1.16697057E+00  1.10976438E-02
 1.17397033E+00  7.11479749E-03
 1.17549716E+00 -1.02251451E-03
 1.18633820E+00 -9.95035877E-03
 1.18223545E+00 -1.60245557E-02
 1.12384079E+00 -1.30140454E-02
 1.05194117E+00  4.43129650E-03
 1.03504260E+00  3.81708751E-02
 1.06400409E+00  8.52890409E-02
 1.10128462E+00  1.32579239E-01
 1.13191794E+00  1.50105873E-01
 1.13243901E+00  1.12699947E-01
 1.10320446E+00  4.88011755E-02
 1.07740568E+00  1.22092198E-02
 1.05466227E+00  2.01750906E-03
 1.02720316E+00 -6.02454190E-03
 1.03555832E+00 -5.61032706E-03
 1.10985651E+00  2.29263682E-03
 1.19728470E+00  3.98415468E-04
 1.22558417E+00 -1.41762826E-02
 1.21336689E+00 -2.95396950E-02
 1.20991813E+00 -3.18161117E-02
 1.19044167E+00 -2.26804721E-02
 1.12874529E+00 -1.29353830E-02
 1.06855676E+00 -8.74779010E-04
 1.05154499E+00  1.77547336E-02
 1.06194724E+00  4.35025452E-02
 1.07468620E+00  7.77793921E-02
 1.10092298E+00  1.07467999E-01
 1.15183142E+00  1.11332850E-01
 1.20689483E+00  8.84523186E-02
 1.24233521E+00  4.73190981E-02
 1.24377773E+00 -1.51762683E-02
 1.19969130E+00 -9.37372234E-02
 1.12213196E+00 -1.54371331E-01
 1.04484186E+00 -1.62428864E-01
 9.90802151E-01 -1.25565898E-01
 9.72066613E-01 -7.50373132E-02
 9.88508498E-01 -2.55282671E-02
 1.02191203E+00  1.20892863E-02
 1.06418873E+00  3.24879026E-02
 1.11608282E+00  4.69814506E-02
 1.16785697E+00  5.13851370E-02
 1.21057513E+00  3.37136265E-02
 1.23205853E+00  7.87638322E-03
 1.21678787E+00 -8.13646756E-03
 1.17055809E+00 -1.49774952E-02
 1.11377370E+00 -1.66691238E-02
 1.06187506E+00 -1.34484618E-02
 1.02932117E+00 -8.50858021E-03
 1.02197103E+00 -1.05307685E-03
 1.03296477E+00  1.34052241E-02
 1.06205031E+00  2.68724128E-02
 1.10970791E+00  2.73169890E-02
 1.16188136E+00  1.82427535E-02
 1.20116942E+00  8.67473525E-03
 1.21312658E+00  4.62353169E-04
 1.19065698E+00 -4.63980525E-03
 1.15585531E+00 -5.48667649E-03
 1.14175735E+00 -5.48068996E-03
 1.13629166E+00 -4.48728692E-03
 1.11094147E+00  1.97435217E-04
 1.08939537E+00  6.97961292E-03
 1.10309312E+00  1.33947145E-02
 1.12788349E+00  1.73251322E-02
 1.13294871E+00  1.60108590E-02
 1.13299031E+00  1.07665008E-02
 1.14762951E+00  6.03656792E-03
 1.16313853E+00  3.81981599E-03
 1.16439127E+00  4.53849111E-03
 1.15801879E+00  6.92090303E-03
 1.15098372E+00  7.16527193E-03
 1.14365011E+00  3.94387096E-03
 1.13960415E+00 -1.21121189E-03
 1.13931176E+00 -6.06537190E-03
 1.13785421E+00 -6.85475267E-03
 1.13484177E+00 -1.72554958E-03
 1.13277747E+00  7.71628804E-03
 1.13324402E+00  1.79234314E-02
 1.13915156E+00  2.34064089E-02
 1.15047695E+00  2.04990303E-02
 1.16263118E+00  9.38755876E-03
 1.16960491E+00 -6.11543040E-03
 1.16427192E+00 -1.87755814E-02
 1.14264874E+00 -2.33602300E-02
 1.10794941E+00 -1.82730595E-02
 1.07254530E+00 -4.76585227E-03
 1.05502128E+00  1.18633565E-02
 1.06755497E+00  2.67706150E-02
 1.11057975E+00  3.55778469E-02
 1.16815194E+00  3.00890214E-02
 1.21055726E+00  7.56480636E-03
 1.21835703E+00 -1.44976505E-02
 1.18810948E+00 -1.48245473E-02
 1.13307122E+00 -5.38527602E-03
 1.08426503E+00 -9.92141312E-03
 1.06102274E+00 -1.43679791E-02
 1.06587257E+00  3.35193772E-03
 1.09344264E+00  2.84754761E-02
 1.12454159E+00  4.00438139E-02
 1.14849380E+00  3.80937530E-02
 1.16689961E+00  2.44208774E-02
 1.17535441E+00  1.45400748E-03
 1.17222255E+00 -1.81116935E-02
 1.15518878E+00 -2.47115876E-02
 1.11933226E+00 -1.68791988E-02
 1.07771331E+00  8.50328871E-04
 1.05369909E+00  1.70269603E-02
 1.06174524E+00  2.52118518E-02
 1.10666831E+00  2.56512487E-02
 1.16988033E+00  1.95315856E-02
 1.21317904E+00  1.21451739E-02
 1.21588072E+00  6.00918601E-03
 1.17980441E+00 -8.52117078E-04
 1.13184343E+00 -6.83624758E-03
 1.11342147E+00 -9.87505805E-03
 1.11119366E+00 -8.21054138E-03
 1.08438053E+00  8.98620841E-04
 1.06116889E+00  1.45643578E-02
 1.08331635E+00  2.58658443E-02
 1.12342279E+00  3.04698039E-02
 1.14588738E+00  2.60124414E-02
 1.16184929E+00  1.45501769E-02
 1.18227809E+00  3.06106898E-03
 1.18640337E+00 -4.54229977E-03
 1.15890349E+00 -7.38980819E-03
 1.11630416E+00 -5.45952414E-03
 1.08300415E+00 -1.63425501E-03
 1.07038393E+00  3.01909706E-03
 1.08413451E+00  9.55617014E-03
 1.11722681E+00  1.62160383E-02
 1.14669753E+00  2.07018588E-02
 1.16016191E+00  2.10264211E-02
 1.15730453E+00  1.51262120E-02
 1.14182186E+00  5.30971369E-03
 1.12713123E+00 -2.93846008E-03
 1.11944904E+00 -6.26651475E-03
 1.11487574E+00 -3.25849442E-03
 1.11366635E+00  4.15323077E-03
 1.11430856E+00  1.03407513E-02
 1.11689791E+00  1.24076841E-02
 1.12648702E+00  1.04892916E-02
 1.14067494E+00  5.91518782E-03
 1.15280661E+00  2.51198508E-03
 1.15881463E+00  2.06642374E-03
 1.15475389E+00  3.43606799E-03
 1.14239751E+00  5.81598707E-03
 1.12949420E+00  7.47433666E-03
 1.12019391E+00  7.52881436E-03
 1.11618762E+00  7.10675493E-03
 1.11820065E+00  6.64097372E-03
 1.12341423E+00  6.51557222E-03
 1.13096961E+00  7.08316844E-03
 1.14166883E+00  7.70925286E-03
 1.15236401E+00  8.15647783E-03
 1.15893019E+00  8.49279372E-03
 1.15806949E+00  8.58345067E-03
 1.14739626E+00  8.61374509E-03
 1.13084883E+00  8.67621721E-03
 1.11708945E+00  8.65245131E-03
 1.11163361E+00  8.55838569E-03
 1.11661972E+00  8.36574348E-03
 1.12917962E+00  8.03346385E-03
 1.14088830E+00  7.61029739E-03
 1.14718445E+00  7.11205159E-03
 1.14797639E+00  6.55192233E-03
 1.14464067E+00  5.97435257E-03
 1.14202744E+00  5.41187547E-03
 1.14200561E+00  4.90226561E-03
 1.14224045E+00  4.48825208E-03
 1.14143748E+00  4.19383031E-03
 1.13755583E+00  4.02931861E-03
 1.13013705E+00  3.99494062E-03
 1.12225296E+00  4.07004008E-03
 1.11673007E+00  4.20679154E-03
 1.11642612E+00  4.33850466E-03
 1.12319944E+00  4.39368528E-03
 1.13550064E+00  4.30971160E-03
 1.14878406E+00  4.05848907E-03
 1.15656230E+00  3.65049461E-03
 1.15414731E+00  3.11123217E-03
 1.14096488E+00  2.49626880E-03
 1.12198772E+00  1.91209565E-03
 1.10681221E+00  1.49364625E-03
 1.10190019E+00  1.38416971E-03
 1.10877842E+00  1.70696962E-03
 1.12415981E+00  2.49920311E-03
 1.13935992E+00  3.70875710E-03
 1.14930269E+00  5.24672890E-03
 1.15383510E+00  6.95504494E-03
 1.15403992E+00  8.57312935E-03
 1.15418360E+00  9.79033099E-03
 1.15558985E+00  1.02907014E-02
 1.15524075E+00  9.82505558E-03
 1.15145874E+00  8.36366980E-03
 1.14223130E+00  6.11252919E-03
 1.12731401E+00  3.41495111E-03
 1.11041725E+00  8.36156115E-04
 1.09548629E+00 -7.49459578E-04
 1.08683379E+00 -4.33282634E-04
 1.08806228E+00  2.27924543E-03
 1.09944554E+00  7.05570188E-03
 1.11796561E+00  1.20632636E-02
 1.13798829E+00  1.44816838E-02
 1.15452355E+00  1.24133854E-02
 1.16474274E+00  5.56167543E-03
 1.16837728E+00 -3.87281113E-03
 1.16792120E+00 -1.15353027E-02
 1.16410477E+00 -1.44909186E-02
 1.15581356E+00 -1.19146988E-02
 1.14276725E+00 -5.12566907E-03
 1.12447332E+00  2.09338664E-03
 1.10293999E+00  7.49585256E-03
 1.08344041E+00  1.08838770E-02
 1.07119906E+00  1.24675658E-02
 1.07133718E+00  1.37806776E-02
 1.08689184E+00  1.50800438E-02
 1.11582112E+00  1.48151587E-02
 1.15004366E+00  1.22367630E-02
 1.17717605E+00  6.68751520E-03
 1.18712256E+00 -1.59789342E-03
 1.17552570E+00 -1.04640193E-02
 1.14719782E+00 -1.73450513E-02
 1.11538531E+00 -1.94890587E-02
 1.08972499E+00 -1.48761398E-02
 1.07500959E+00 -3.76575257E-03
 1.07318440E+00  1.06294984E-02
 1.08036261E+00  2.29243020E-02
 1.09583295E+00  2.88412123E-02
 1.12125377E+00  2.65007555E-02
 1.15041398E+00  1.74379918E-02
 1.17432485E+00  6.57088007E-03
 1.18450281E+00 -2.80397484E-03
 1.17339190E+00 -9.38804197E-03
 1.14501947E+00 -1.22944391E-02
 1.11275328E+00 -1.24651579E-02
 1.08578884E+00 -9.66784898E-03
 1.07048964E+00 -2.67462352E-03
 1.06960814E+00  6.42680520E-03
 1.07896555E+00  1.41421179E-02
 1.09799866E+00  1.74958274E-02
 1.12758745E+00  1.39900629E-02
 1.15976303E+00  5.31158576E-03
 1.18379277E+00 -3.36017568E-03
 1.19018258E+00 -8.81867286E-03
 1.17198313E+00 -9.44244070E-03
 1.13653075E+00 -5.18271187E-03
 1.10220608E+00  1.22886031E-03
 1.08125804E+00  8.61526569E-03
 1.07989216E+00  1.69756586E-02
 1.09623713E+00  2.39183130E-02
 1.11770548E+00  2.68098704E-02
 1.13823055E+00  2.33681488E-02
 1.15773274E+00  1.19163146E-02
 1.17208951E+00 -4.36387250E-03
 1.17941975E+00 -1.87953875E-02
 1.17570834E+00 -2.66168891E-02
 1.15452916E+00 -2.50905905E-02
 1.12096485E+00 -1.51015249E-02
 1.08714685E+00 -1.28432151E-03
 1.06254480E+00  1.52288334E-02
 1.05567619E+00  3.73035501E-02
 1.06774076E+00  6.99960103E-02
 1.09107437E+00  1.11845537E-01
 1.12076841E+00  1.28669045E-01
 1.15138452E+00  8.03945126E-02
 1.17016326E+00 -6.56550204E-03
 1.16473350E+00 -7.14122260E-02
 1.12762586E+00 -9.56013261E-02
 1.06194086E+00 -7.78572528E-02
 9.97764620E-01 -2.44070186E-02
 9.80004681E-01  3.06554884E-02
 1.03017960E+00  7.37399364E-02
 1.13380839E+00  1.07927816E-01
 1.22030873E+00  1.01993027E-01
 1.20314652E+00  3.35713849E-02
 1.11957677E+00 -5.41983754E-02
 1.07340885E+00 -1.01435664E-01
 1.05419411E+00 -1.05100906E-01
 1.01921174E+00 -8.65767668E-02
 9.97339657E-01 -4.27509829E-02
 1.00510344E+00  1.73441328E-02
 1.03997697E+00  6.10989066E-02
 1.11138258E+00  6.85975846E-02
 1.18372855E+00  4.63888033E-02
 1.20191173E+00  1.55134722E-02
 1.18280905E+00 -9.45691312E-03
 1.17099748E+00 -2.04622010E-02
 1.15314662E+00 -1.99749640E-02
 1.10828176E+00 -2.25896882E-02
 1.05865610E+00 -2.23407389E-02
 1.02653288E+00 -3.28576449E-03
 1.02171074E+00  2.23807464E-02
 1.05613449E+00  3.64891990E-02
 1.11879889E+00  3.94711181E-02
 1.17703830E+00  3.38215615E-02
 1.20994160E+00  2.03914435E-02
 1.20769931E+00  5.51540391E-03
 1.17470716E+00 -1.00271540E-02
 1.13463254E+00 -2.93941717E-02
 1.09994496E+00 -4.32152745E-02
 1.07239566E+00 -3.99408316E-02
 1.05947762E+00 -2.46011839E-02
 1.06258875E+00 -8.23939925E-03
 1.08380116E+00  5.50539000E-03
 1.12463930E+00  1.40219946E-02
 1.15992444E+00  1.60902676E-02
 1.16186540E+00  1.59450793E-02
 1.15211716E+00  1.42931166E-02
 1.16540797E+00  8.89779874E-03
 1.17389758E+00  1.74852921E-03
 1.13719033E+00 -4.58803939E-03
 1.08918711E+00 -7.36307787E-03
 1.07838875E+00 -2.98002721E-03
 1.08850928E+00  6.69825760E-03
 1.09271273E+00  1.58658970E-02
 1.10500090E+00  2.11608639E-02
 1.13586967E+00  2.06224586E-02
 1.16864822E+00  1.47707061E-02
 1.18825732E+00  7.69884667E-03
 1.18747372E+00  1.06913800E-03
 1.16053932E+00 -5.42569079E-03
 1.11786085E+00 -1.06287987E-02
 1.08391261E+00 -1.40906616E-02
 1.07366626E+00 -1.47288309E-02
 1.09097710E+00 -1.05649215E-02
 1.12623981E+00 -2.94828315E-03
 1.15485344E+00  4.83335521E-03
 1.16362675E+00  1.05980492E-02
 1.15378750E+00  1.27524927E-02
 1.13277307E+00  1.21707904E-02
 1.11899714E+00  1.21999752E-02
 1.12171387E+00  1.41515671E-02
 1.13616504E+00  1.74315998E-02
 1.15667934E+00  2.04506853E-02
 1.17184626E+00  1.99330881E-02
 1.17498097E+00  1.46130459E-02
 1.16966063E+00  6.02913093E-03
 1.15821793E+00 -3.20833390E-03
 1.14500070E+00 -8.98744133E-03
 1.13362467E+00 -8.65265966E-03
 1.12291606E+00 -2.54695906E-03
 1.11488078E+00  6.83208704E-03
 1.11270358E+00  1.48163911E-02
 1.11809990E+00  1.80861178E-02
 1.13274593E+00  1.61050112E-02
 1.15267689E+00  1.05490178E-02
 1.16943788E+00  5.52576888E-03
 1.17716808E+00  3.46037520E-03
 1.17280240E+00  4.19251724E-03
 1.15891178E+00  6.72846123E-03
 1.14399822E+00  8.44873836E-03
 1.13328108E+00  8.22196415E-03
 1.12840101E+00  7.16550691E-03
 1.12936028E+00  5.94703240E-03
 1.13237747E+00  5.69268056E-03
 1.13630181E+00  6.91531578E-03
 1.14281080E+00  8.58987065E-03
 1.15040474E+00  1.02692905E-02
 1.15717132E+00  1.16535489E-02
 1.16092338E+00  1.23280161E-02
 1.15855176E+00  1.25657860E-02
 1.15162902E+00  1.24840192E-02
 1.14501348E+00  1.20227528E-02
 1.14146906E+00  1.13478269E-02
 1.14250835E+00  1.04980446E-02
 1.14696204E+00  9.55904661E-03
 1.15037805E+00  8.76008144E-03
 1.15094087E+00  8.28768134E-03
 1.14932294E+00  8.31335739E-03
 1.14638456E+00  8.86710014E-03
 1.14464660E+00  9.77850738E-03
 1.14510968E+00  1.07763676E-02
 1.14645593E+00  1.14235232E-02
 1.14807171E+00  1.10940905E-02
 1.14902177E+00  9.18946873E-03
 1.14862629E+00  5.45674867E-03
 1.14753710E+00  3.26192794E-04
 1.14595948E+00 -4.57787381E-03
 1.14395183E+00 -6.88612615E-03
 1.14184348E+00 -5.02785366E-03
 1.13960164E+00  1.16060062E-03
 1.13751973E+00  9.62432727E-03
 1.13622770E+00  1.64369340E-02
 1.13617021E+00  1.88661829E-02
 1.13774585E+00  1.60147438E-02
 1.14098300E+00  8.99356857E-03
 1.14538029E+00  1.20845499E-03
 1.15023593E+00 -5.11566441E-03
 1.15445593E+00 -9.28470243E-03
 1.15636567E+00 -1.06600411E-02
 1.15429776E+00 -9.71644737E-03
 1.14746530E+00 -6.32099599E-03
 1.13676261E+00  2.94769204E-04
 1.12606307E+00  8.65462192E-03
 1.12114621E+00  1.62032268E-02
 1.12583496E+00  2.06824053E-02
 1.14054305E+00  2.00354508E-02
 1.16036648E+00  1.46933555E-02
 1.17589292E+00  7.35951601E-03
 1.18069159E+00 -1.37190821E-04
 1.17287944E+00 -6.33513477E-03
 1.15547015E+00 -9.71707197E-03
 1.13707537E+00 -9.81603173E-03
 1.12345734E+00 -5.73364756E-03
 1.11662836E+00  3.12386369E-03
 1.11841694E+00  1.41412884E-02
 1.12760946E+00  2.29916003E-02
 1.14355271E+00  2.62120408E-02
 1.16578194E+00  2.16678928E-02
 1.18644546E+00  1.10877638E-02
 1.19436861E+00 -2.94929150E-04
 1.18184143E+00 -8.96343749E-03
 1.14635187E+00 -1.30291152E-02
 1.09869465E+00 -1.14860423E-02
 1.06029786E+00 -5.71149993E-03
 1.04574108E+00  3.78967164E-03
 1.06046316E+00  1.67945756E-02
 1.09815778E+00  2.91004828E-02
 1.13925636E+00  3.50510712E-02
 1.17124149E+00  3.04641900E-02
 1.19006684E+00  1.35663597E-02
 1.19244333E+00 -1.00472598E-02
 1.18202638E+00 -2.91021335E-02
 1.15933334E+00 -3.60031955E-02
 1.12187519E+00 -2.78593248E-02
 1.08039659E+00 -8.15497663E-03
 1.05134380E+00  1.25327518E-02
 1.04752516E+00  2.77086590E-02
 1.07723830E+00  3.56988010E-02
 1.12947490E+00  3.56424215E-02
 1.17745002E+00  3.06076197E-02
 1.20386173E+00  2.14295249E-02
 1.20153733E+00  6.38047773E-03
 1.17552326E+00 -1.06366179E-02
 1.14653436E+00 -2.37021361E-02
 1.12530108E+00 -2.78651898E-02
 1.11189170E+00 -1.88829319E-02
 1.10865972E+00 -4.02333474E-04
 1.11206554E+00  1.75963621E-02
 1.12265647E+00  2.87059468E-02
 1.14640300E+00  2.96437636E-02
 1.17570747E+00  2.13310897E-02
 1.19672176E+00  1.05424498E-02
 1.19973945E+00  4.89022782E-04
 1.17775665E+00 -8.81471767E-03
 1.13920410E+00 -1.50178291E-02
 1.10585158E+00 -1.70234190E-02
 1.09049723E+00 -1.30263387E-02
 1.09725450E+00 -5.34574587E-04
 1.12145852E+00  1.59154509E-02
 1.14604415E+00  2.77563104E-02
 1.16169189E+00  2.94235747E-02
 1.16784761E+00  1.84200408E-02
 1.16195255E+00 -1.06866999E-04
 1.14689139E+00 -1.40812272E-02
 1.12563742E+00 -1.66731486E-02
 1.10129611E+00 -7.14185351E-03
 1.09355338E+00  9.96567138E-03
 1.11961313E+00  2.32973727E-02
 1.15521184E+00  2.64634411E-02
 1.16409691E+00  1.98197141E-02
 1.16236193E+00  5.46243648E-03
 1.17928100E+00 -9.86330947E-03
 1.18354239E+00 -2.16153775E-02
 1.13786758E+00 -2.91117499E-02
 1.07456050E+00 -2.83068058E-02
 1.04312936E+00 -1.59985736E-02
 1.05009117E+00  7.54907379E-03
 1.08982708E+00  3.76474884E-02
 1.15241077E+00  5.59252055E-02
 1.20452286E+00  4.32320040E-02
 1.22197991E+00  1.28002738E-02
 1.20247845E+00 -6.98777319E-03
 1.15689763E+00 -1.70340535E-02
 1.11258056E+00 -2.77916979E-02
 1.08584788E+00 -3.14165498E-02
 1.07650076E+00 -2.30915174E-02
 1.08348121E+00 -5.37104271E-03
 1.09707039E+00  2.03936827E-02
 1.11319607E+00  3.94698558E-02
 1.13738149E+00  3.32565811E-02
 1.16392773E+00  1.15644474E-02
 1.18361493E+00 -2.68577820E-03
 1.18910574E+00 -8.33875047E-03
 1.17236365E+00 -1.10963703E-02
 1.14107701E+00 -8.69727817E-03
 1.11501641E+00 -4.72484101E-03
 1.10575928E+00 -2.26444558E-03
 1.11778309E+00  2.11498889E-03
 1.14398949E+00  7.99819015E-03
 1.16407427E+00  1.32907599E-02
 1.16782570E+00  1.63720410E-02
 1.15637328E+00  1.41261024E-02
 1.13531750E+00  7.87865119E-03
 1.11939575E+00  2.47347257E-03
 1.11609864E+00  2.80596076E-04
 1.12212620E+00  2.37458205E-03
 1.13475318E+00  7.34841720E-03
 1.14724563E+00  1.05215821E-02
 1.15548369E+00  9.83024616E-03
 1.16191639E+00  5.88643223E-03
 1.16559391E+00 -8.19222958E-06
 1.16518514E+00 -4.53986745E-03
 1.16015377E+00 -5.92345225E-03
 1.14841011E+00 -4.81823045E-03
 1.13311343E+00 -1.69616185E-03
 1.12125121E+00  2.10224819E-03
 1.11736396E+00  5.56642270E-03
 1.12411248E+00  8.89410991E-03
 1.13901142E+00  1.13345412E-02
 1.15422129E+00  1.19070896E-02
 1.16485052E+00  1.00317571E-02
 1.16902451E+00  5.25038713E-03
 1.16669912E+00 -1.06810300E-03
 1.16154113E+00 -6.15862418E-03
 1.15496548E+00 -8.03805141E-03
 1.14607328E+00 -5.61892080E-03
 1.13670316E+00  3.94425425E-04
 1.12892554E+00  7.36463591E-03
 1.12525420E+00  1.34955275E-02
 1.12902603E+00  1.78157770E-02
 1.13918926E+00  1.93867523E-02
 1.15147234E+00  1.82208434E-02
 1.16273168E+00  1.39778375E-02
 1.16989688E+00  6.26952389E-03
 1.17107104E+00 -2.93612723E-03
 1.16677400E+00 -1.04594123E-02
 1.15666349E+00 -1.36452716E-02
 1.14099848E+00 -1.06079952E-02
 1.12436596E+00 -2.35911090E-03
 1.11315714E+00  7.46276152E-03
 1.11266007E+00  1.63096853E-02
 1.12587147E+00  2.25055091E-02
 1.14884367E+00  2.47870198E-02
 1.17184506E+00  2.34302679E-02
 1.18770832E+00  1.80281036E-02
 1.19201776E+00  8.08312248E-03
 1.18319617E+00 -3.79077897E-03
 1.16462286E+00 -1.35370774E-02
 1.13818644E+00 -1.77115697E-02
 1.10549561E+00 -1.38832033E-02
 1.07466444E+00 -3.76082601E-03
 1.05588415E+00  7.40710867E-03
 1.05761111E+00  1.61220309E-02
 1.08462374E+00  2.04722720E-02
 1.12867902E+00  1.99039173E-02
 1.17146459E+00  1.64457770E-02
 1.19968962E+00  1.05972404E-02
 1.20613256E+00  1.75026856E-03
 1.19251283E+00 -7.99148376E-03
 1.17137562E+00 -1.58374571E-02
 1.14932249E+00 -1.89898650E-02
 1.12741364E+00 -1.46887970E-02
 1.10983830E+00 -4.24791357E-03
 1.09803148E+00  7.83593893E-03
 1.09617356E+00  1.83872934E-02
 1.11094257E+00  2.49326858E-02
 1.13733254E+00  2.61535470E-02
 1.16364839E+00  2.30733777E-02
 1.18105382E+00  1.56491436E-02
 1.18227805E+00  3.73608878E-03
 1.16923177E+00 -9.29404503E-03
 1.15311875E+00 -1.87913023E-02
 1.13941117E+00 -2.08412990E-02
 1.12966117E+00 -1.29930630E-02
 1.12591676E+00  1.48592374E-03
 1.12602853E+00  1.48236493E-02
 1.13057053E+00  2.17950675E-02
 1.14208238E+00  1.99389845E-02
 1.15415221E+00  1.02238463E-02
 1.15738738E+00 -1.60613776E-03
 1.14807303E+00 -1.15461220E-02
 1.12957942E+00 -1.68054012E-02
 1.12240239E+00 -1.11192086E-02
 1.14800189E+00  6.47883035E-03
 1.18052664E+00  1.98849301E-02
 1.17706174E+00  1.15471375E-02
 1.15716135E+00 -4.32190043E-03
 1.15788220E+00 -1.70578202E-03
 1.15254539E+00  9.51437924E-03
 1.11194058E+00  8.77405296E-03
 1.07972595E+00  3.99440449E-03
 1.10424147E+00  5.01626177E-03
 1.15410131E+00  5.71687808E-03
 1.17682102E+00  3.55478621E-03
 1.17734469E+00  2.05487902E-03
 1.17252011E+00  1.63882704E-03
 1.15620596E+00  1.36156757E-03
 1.13643974E+00  1.41757575E-03
 1.13052216E+00  2.55454051E-03
 1.14153751E+00  5.18478599E-03
 1.16007180E+00  8.02747926E-03
 1.17176749E+00  7.58984379E-03
 1.17713915E+00 -2.72879857E-03
 1.18101050E+00 -2.56090251E-02
 1.15981221E+00 -4.30139749E-02
 1.09643190E+00 -3.09784668E-02
 1.04150716E+00  1.27651942E-03
 1.05883326E+00  2.69211410E-02
 1.11833078E+00  3.67430413E-02
 1.15273748E+00  2.75538558E-02
 1.16544680E+00  5.13288463E-03
 1.17513420E+00 -1.04071069E-02
 1.16949629E+00 -1.98587384E-02
 1.15123993E+00 -3.50087765E-02
 1.12295314E+00 -4.04129756E-02
 1.07771728E+00 -2.07536456E-02
 1.04698834E+00  4.44592070E-03
 1.07037871E+00  1.20890733E-02
 1.12427076E+00  1.50337075E-02
 1.16079887E+00  3.27414819E-02
 1.17764534E+00  4.73033747E-02
 1.18534643E+00  3.54370655E-02
 1.17972714E+00  1.04233145E-02
 1.16979022E+00 -6.98094166E-03
 1.16376076E+00 -1.64550295E-02
 1.15637371E+00 -1.89513691E-02
 1.14765440E+00 -1.26729188E-02
 1.13914674E+00 -4.30691218E-03
 1.13298475E+00  1.32489069E-03
 1.13538598E+00  4.89750338E-03
 1.14407346E+00  6.39156203E-03
 1.15097133E+00  7.40758601E-03
 1.15196113E+00  7.76155985E-03
 1.14447816E+00  4.78804083E-03
 1.13205359E+00  1.87133306E-04
 1.12486529E+00 -2.49187744E-03
 1.12758534E+00 -1.09653867E-03
 1.13955932E+00  6.05372217E-03
 1.15707742E+00  1.59370624E-02
 1.17113498E+00  2.16225875E-02
 1.17647820E+00  1.95446311E-02
 1.17331013E+00  9.48757437E-03
 1.16250586E+00 -5.01116698E-03
 1.14812533E+00 -1.60253549E-02
 1.13325410E+00 -1.89388252E-02
 1.11849706E+00 -1.36224002E-02
 1.10740517E+00 -2.40144665E-03
 1.10398118E+00  8.59442152E-03
 1.11099272E+00  1.54523520E-02
 1.12985848E+00  1.78914081E-02
 1.15485928E+00  1.57277917E-02
 1.17516677E+00  1.06859298E-02
 1.18318378E+00  3.73688228E-03
 1.17561881E+00 -5.60584858E-03
 1.15710914E+00 -1.46109410E-02
 1.13997737E+00 -1.93175591E-02
 1.13166936E+00 -1.69007891E-02
 1.13374470E+00 -5.78358222E-03
 1.14384175E+00  1.00085635E-02
 1.15347077E+00  2.21376801E-02
 1.15865601E+00  2.52461954E-02
 1.16105105E+00  1.75535154E-02
 1.16088334E+00  2.49683633E-03
 1.16025548E+00 -1.09538351E-02
 1.15938030E+00 -1.75076625E-02
 1.15492383E+00 -1.63971345E-02
 1.14747502E+00 -8.98941024E-03
 1.13947583E+00 -7.03278174E-04
 1.13278321E+00  5.72245290E-03
 1.13056402E+00  1.11770662E-02
 1.13376894E+00  1.48251155E-02
 1.14083745E+00  1.65554712E-02
 1.15122000E+00  1.56366479E-02
 1.16373721E+00  9.81161340E-03
 1.17536061E+00  7.37706051E-04
 1.18301541E+00 -7.57689416E-03
 1.18383013E+00 -1.23668383E-02
 1.17630016E+00 -1.13535882E-02
 1.16360892E+00 -5.38390392E-03
 1.15213878E+00  1.45621039E-03
 1.14632482E+00  7.00843334E-03
 1.14801647E+00  1.05401706E-02
 1.15491614E+00  1.15971884E-02
 1.16053558E+00  1.14205185E-02
 1.16147882E+00  1.00477039E-02
 1.15795179E+00  6.41838082E-03
 1.15174693E+00  1.68319055E-03
 1.14763152E+00 -2.30245636E-03
 1.14781178E+00 -3.95849912E-03
 1.15094349E+00 -1.71029672E-03
 1.15613844E+00  3.40161651E-03
 1.16134649E+00  8.23108435E-03
 1.16536298E+00  1.09186897E-02
 1.16914434E+00  1.05440375E-02
 1.17234685E+00  7.27369342E-03
 1.17424075E+00  3.06922145E-03
 1.17427497E+00 -1.08938968E-03
 1.17107739E+00 -4.99558266E-03
 1.16431686E+00 -7.20180148E-03
 1.15482372E+00 -6.35878635E-03
 1.14367882E+00 -1.41997337E-03
 1.13310214E+00  8.12946876E-03
 1.12654220E+00  1.96049261E-02
 1.12747599E+00  2.81665418E-02
 1.13786024E+00  3.03721382E-02
 1.15649399E+00  2.45377752E-02
 1.17666345E+00  1.22408497E-02
 1.18809678E+00 -1.48026624E-03
 1.18406171E+00 -1.28500780E-02
 1.16395772E+00 -1.93375105E-02
 1.13655761E+00 -1.81830564E-02
 1.11836073E+00 -8.76809063E-03
 1.11957777E+00  7.93801518E-03
 1.14091923E+00  2.76532209E-02
 1.17268799E+00  3.69733598E-02
 1.19483719E+00  2.39054314E-02
 1.19562133E+00  1.18096048E-03
 1.17544260E+00 -7.78536668E-03
 1.14320978E+00 -4.95414256E-03
 1.11833227E+00 -2.85185323E-03
 1.11228683E+00 -1.28756145E-04
 1.12420652E+00  3.77960474E-03
 1.14870657E+00  9.30641781E-03
 1.17226119E+00  2.16344677E-02
 1.18643319E+00  2.94865264E-02
 1.19180489E+00  1.59510153E-02
 1.18745149E+00 -8.28146284E-03
 1.17552075E+00 -2.21264769E-02
 1.15742423E+00 -2.41856165E-02
 1.13184606E+00 -1.82719133E-02
 1.10632275E+00 -4.11478700E-03
 1.09278423E+00  1.12624263E-02
 1.09926268E+00  2.15416096E-02
 1.12953790E+00  2.63799588E-02
 1.17365155E+00  2.48331708E-02
 1.21013556E+00  1.74759341E-02
 1.22450591E+00  4.74870198E-03
 1.21072460E+00 -1.35647017E-02
 1.17339031E+00 -3.13372243E-02
 1.13023836E+00 -3.92367948E-02
 1.09303863E+00 -3.10695321E-02
 1.06718308E+00 -4.73966160E-03
 1.06098117E+00  3.13491509E-02
 1.07725567E+00  6.01304208E-02
 1.11653202E+00  7.01578048E-02
 1.17379829E+00  5.73571354E-02
 1.21847176E+00  2.67691188E-02
 1.21766695E+00 -6.10790629E-03
 1.18819622E+00 -3.14432593E-02
 1.16605773E+00 -4.63154349E-02
 1.13556363E+00 -4.85025418E-02
 1.07450437E+00 -4.12759130E-02
 1.02793377E+00 -2.52027924E-02
 1.04591436E+00  2.00989140E-03
 1.10200693E+00  3.29466610E-02
 1.14746431E+00  5.61343391E-02
 1.18035218E+00  6.23807592E-02
 1.20617444E+00  4.50216430E-02
 1.21418875E+00  1.10899387E-02
 1.20748817E+00 -2.11429046E-02
 1.18859241E+00 -3.98702378E-02
 1.15119671E+00 -3.96555420E-02
 1.10509505E+00 -2.27562073E-02
 1.06854490E+00 -1.96423158E-03
 1.05581487E+00  1.63622204E-02
 1.07815766E+00  3.21235058E-02
 1.12706407E+00  4.16425624E-02
 1.17682342E+00  4.38847931E-02
 1.21112991E+00  3.61816388E-02
 1.22155841E+00  1.39880894E-02
 1.20708121E+00 -1.53607468E-02
 1.18021488E+00 -3.78091513E-02
 1.14674225E+00 -4.36656547E-02
 1.10760361E+00 -2.72277001E-02
 1.07634893E+00  5.07888151E-03
 1.06754245E+00  3.53135549E-02
 1.09064291E+00  5.24962223E-02
 1.14655851E+00  5.25701751E-02
 1.20424753E+00  3.58689595E-02
 1.22158076E+00  1.17379080E-02
 1.20603569E+00 -1.39421167E-02
 1.18773846E+00 -3.82379767E-02
 1.15368793E+00 -4.89269430E-02
 1.09100945E+00 -3.70494153E-02
 1.04175215E+00 -1.21541958E-02
 1.04766039E+00  1.12545626E-02
 1.08812823E+00  3.61378598E-02
 1.12336834E+00  6.74917459E-02
 1.15446536E+00  8.32946726E-02
 1.18987076E+00  6.01517882E-02
 1.21599126E+00  1.40563939E-02
 1.22598812E+00 -2.41937626E-02
 1.21629216E+00 -4.66332420E-02
 1.17872130E+00 -5.21349511E-02
 1.12536440E+00 -3.96458542E-02
 1.08224459E+00 -2.10978155E-02
 1.06670254E+00 -3.81850721E-03
 1.08756664E+00  1.32702655E-02
 1.13293660E+00  2.60947706E-02
 1.17116806E+00  3.20497348E-02
 1.18504841E+00  2.89786324E-02
 1.17343114E+00  1.51885575E-02
 1.14712880E+00  5.19925127E-03
 1.13348922E+00  1.66297267E-02
 1.14482934E+00  3.85786343E-02
 1.17316740E+00  4.68692856E-02
 1.20461686E+00  3.59223975E-02
 1.21414468E+00  6.67523226E-03
 1.18851630E+00 -4.04363947E-02
 1.13568559E+00 -8.93287153E-02
 1.07184412E+00 -1.11311922E-01
 1.02405795E+00 -8.61606306E-02
 1.01120905E+00 -3.34590274E-02
 1.03366083E+00  5.79482479E-03
 1.08102908E+00  3.05034369E-02
 1.13043920E+00  5.52524981E-02
 1.16588996E+00  6.26601319E-02
 1.18522995E+00  4.18891194E-02
 1.19082232E+00  1.66497484E-02
 1.19348943E+00  9.64039929E-03
 1.19774971E+00  1.22944365E-02
 1.19839661E+00  6.73586935E-03
 1.19551796E+00 -2.36657768E-03
 1.18819348E+00 -6.61539524E-03
 1.17520762E+00 -1.20674550E-02
 1.15673512E+00 -2.12249116E-02
 1.11873656E+00 -2.94570379E-02
 1.05571030E+00 -3.29520698E-02
 1.02241461E+00 -2.42001386E-02
 1.08011341E+00  2.32003082E-03
 1.17488182E+00  3.17308318E-02
 1.20938078E+00  3.95287847E-02
 1.20162048E+00  2.11613317E-02
 1.20413121E+00 -1.30354123E-02
 1.19150794E+00 -4.56023054E-02
 1.14458503E+00 -5.30476223E-02
 1.09194135E+00 -3.97372441E-02
 1.05155773E+00 -2.82477833E-02
 1.02719653E+00 -8.19941926E-03
 1.02910870E+00  3.55751660E-02
 1.06867242E+00  7.69929573E-02
 1.14232801E+00  8.54378684E-02
 1.21197521E+00  6.45481134E-02
 1.23319957E+00  2.99975854E-02
 1.22160351E+00 -5.50386323E-03
 1.21742240E+00 -2.37378255E-02
 1.19854252E+00 -2.12165544E-02
 1.13608643E+00 -1.33196762E-02
 1.07916582E+00 -7.79138156E-03
 1.08243301E+00 -6.73856730E-03
 1.11774548E+00 -3.69168528E-03
 1.13570931E+00  1.56289902E-02
 1.14176606E+00  3.65371527E-02
 1.15108006E+00  3.21004075E-02
 1.15787961E+00  1.33268005E-02
 1.16841592E+00  3.11049821E-03
 1.18699725E+00 -3.77033685E-04
 1.20207792E+00 -1.33652635E-03
 1.20815244E+00  1.85675385E-03
 1.20288847E+00  2.62506391E-03
 1.18461043E+00 -3.21467931E-03
 1.15928004E+00 -1.21974607E-02
 1.13300221E+00 -2.01478318E-02
 1.11127208E+00 -2.09057111E-02
 1.10111649E+00 -1.14515164E-02
 1.10589585E+00  5.19951316E-03
 1.12359767E+00  2.40516146E-02
 1.14857521E+00  3.75614626E-02
 1.17494857E+00  4.00617955E-02
 1.19728257E+00  3.11425174E-02
 1.21048690E+00  1.44436002E-02
 1.21145047E+00 -2.39675022E-03
 1.19691041E+00 -1.36363782E-02
 1.16602035E+00 -1.74333612E-02
 1.12766805E+00 -1.40867692E-02
 1.09646132E+00 -7.21921591E-03
 1.08410679E+00  1.27438045E-03
 1.09697748E+00  1.16471731E-02
 1.12838896E+00  2.13252833E-02
 1.16022357E+00  2.73894267E-02
 1.18105185E+00  2.70062252E-02
 1.18693595E+00  1.75601628E-02
 1.17990787E+00  2.67590772E-03
 1.17120667E+00 -9.74035062E-03
 1.16531931E+00 -1.45562997E-02
 1.15938847E+00 -9.50522635E-03
 1.15434654E+00  2.10611310E-03
 1.14942281E+00  1.13486483E-02
 1.14623150E+00  1.35752505E-02
 1.15067379E+00  8.95087943E-03
 1.16107023E+00  3.16116172E-04
 1.17152060E+00 -5.14736774E-03
 1.17858905E+00 -3.97419791E-03
 1.17883725E+00  2.06486356E-03
 1.17359409E+00  1.05965151E-02
 1.16930243E+00  1.67793871E-02
 1.16837176E+00  1.77122372E-02
 1.17032861E+00  1.45103112E-02
 1.17406962E+00  8.07664191E-03
 1.17567021E+00  4.36762045E-04
 1.17373806E+00 -6.64589527E-03
 1.17015611E+00 -1.31516532E-02
 1.16583675E+00 -1.76190514E-02
