# x =
 6.52209361E+01
# y =
 3.25097170E+00
 VARIABLES = u,v
 1.18427628E+00 -2.65840904E-02
 1.17662852E+00  1.66981375E-02
 1.13473029E+00 -1.08299414E-02
 1.05828590E+00 -6.80271859E-02
 9.80304739E-01 -7.08368272E-02
 9.36468040E-01 -2.63984368E-02
 9.43541736E-01  3.84186225E-02
 1.00181937E+00  1.22543962E-01
 1.08993178E+00  1.97331470E-01
 1.18546075E+00  2.31870318E-01
 1.25535321E+00  2.19435557E-01
 1.22428784E+00  1.57486938E-01
 1.04844812E+00  5.60627527E-02
 8.51097305E-01 -6.21399466E-02
 8.06278444E-01 -1.57221937E-01
 8.58565727E-01 -1.42229970E-01
 8.44604116E-01  3.36163529E-02
 7.52552133E-01  2.06691404E-01
 6.16157785E-01  1.49192805E-01
 4.90240858E-01 -5.45747156E-02
 5.00243904E-01 -1.70670565E-01
 6.30454907E-01 -1.64437636E-01
 7.59470164E-01 -6.25038466E-02
 8.89506655E-01  7.51075636E-02
 1.03599046E+00  8.60001352E-02
 1.12275463E+00 -1.27878292E-02
 1.10858007E+00 -7.17895423E-02
 1.03682844E+00 -1.09919252E-01
 9.68568123E-01 -1.67536246E-01
 9.31437727E-01 -1.72090950E-01
 9.34208182E-01 -9.28403705E-02
 9.69378508E-01  1.74591017E-02
 9.99914879E-01  1.01477888E-01
 1.01053844E+00  1.37840761E-01
 1.01343985E+00  1.25569754E-01
 1.01413594E+00  7.86899297E-02
 1.02595685E+00  3.76624217E-02
 1.05180960E+00  2.60087408E-02
 1.07566790E+00  3.86839045E-02
 1.09731532E+00  6.50554689E-02
 1.12236354E+00  8.07069874E-02
 1.15095178E+00  7.40578602E-02
 1.18699718E+00  5.61019493E-02
 1.22204842E+00  3.48595774E-02
 1.23679413E+00  2.27648198E-02
 1.22273296E+00  2.67435667E-02
 1.17963917E+00  3.85951448E-02
 1.11716387E+00  5.35950983E-02
 1.05764466E+00  6.70436387E-02
 1.01651977E+00  7.39797659E-02
 9.99349299E-01  7.66153202E-02
 1.00574583E+00  7.59695918E-02
 1.02535511E+00  7.21453510E-02
 1.05220914E+00  6.63984031E-02
 1.08678028E+00  5.78048750E-02
 1.12609693E+00  4.65635652E-02
 1.16835619E+00  3.43386308E-02
 1.20761949E+00  2.27327433E-02
 1.23256266E+00  1.40985887E-02
 1.23895596E+00  9.38701061E-03
 1.22700997E+00  8.04699237E-03
 1.19753931E+00  1.00222067E-02
 1.15601684E+00  1.51358980E-02
 1.10871759E+00  2.34840683E-02
 1.06137921E+00  3.58066515E-02
 1.02276047E+00  5.17022444E-02
 1.00052779E+00  6.99888467E-02
 9.95878628E-01  8.98527557E-02
 1.00587846E+00  1.10016462E-01
 1.02732740E+00  1.28565974E-01
 1.05626242E+00  1.42929358E-01
 1.08975762E+00  1.48657516E-01
 1.12581944E+00  1.40197998E-01
 1.15644956E+00  1.13261875E-01
 1.16869780E+00  6.54017837E-02
 1.14905444E+00 -2.88832206E-03
 1.08500943E+00 -8.70191712E-02
 9.74536540E-01 -1.79298266E-01
 8.33306107E-01 -2.67542839E-01
 6.98918039E-01 -3.32430113E-01
 6.20663892E-01 -3.52717216E-01
 6.25534301E-01 -3.15452108E-01
 6.98936546E-01 -2.23272853E-01
 7.62395708E-01 -1.06150810E-01
 7.28585112E-01 -1.35087571E-02
 6.67930425E-01  1.97905687E-02
 7.22404571E-01 -1.54574759E-02
 8.51426501E-01 -8.93588917E-02
 9.43787149E-01 -1.37528984E-01
 9.93577529E-01 -1.20722768E-01
 1.00204597E+00 -3.56239445E-02
 9.88209195E-01  8.77265086E-02
 1.02293547E+00  1.81338157E-01
 1.07755865E+00  2.06087392E-01
 1.06629471E+00  1.62919855E-01
 1.01047754E+00  6.76929134E-02
 9.53246307E-01 -3.47849074E-02
 8.65273789E-01 -1.17241285E-01
 7.32751842E-01 -1.80989933E-01
 6.02703921E-01 -2.16676925E-01
 5.26264681E-01 -2.21801892E-01
 5.25896070E-01 -1.92300931E-01
 6.07088227E-01 -1.16136856E-01
 7.45426025E-01 -1.39792961E-02
 8.83808225E-01  7.38835149E-02
 9.82060990E-01  1.18169229E-01
 1.02783372E+00  9.90029714E-02
 1.03454351E+00  3.17543707E-02
 1.04562239E+00 -3.50971229E-02
 1.08251080E+00 -7.22743324E-02
 1.13705292E+00 -6.91828652E-02
 1.19302594E+00 -2.96954248E-02
 1.21624065E+00  1.74830555E-02
 1.19281616E+00  6.10801308E-02
 1.13902977E+00  1.07951792E-01
 1.07051449E+00  1.52612797E-01
 1.01202096E+00  1.92694376E-01
 9.81330533E-01  2.20893335E-01
 9.75820950E-01  2.20788979E-01
 9.93264117E-01  1.98937469E-01
 1.02655236E+00  1.75319073E-01
 1.06672253E+00  1.60351937E-01
 1.11111785E+00  1.59911721E-01
 1.15103006E+00  1.62403597E-01
 1.17533378E+00  1.41350093E-01
 1.17568081E+00  9.37152347E-02
 1.14688619E+00  4.38871649E-02
 1.10068900E+00  4.37219054E-02
 1.06126682E+00  1.37113375E-01
 1.04545771E+00  2.40923034E-01
 1.05972852E+00  2.27719157E-01
 1.09017070E+00  1.66225898E-01
 1.10430109E+00  1.88520808E-01
 1.08419621E+00  2.20215448E-01
 1.02965743E+00  1.50107380E-01
 9.54924883E-01  4.27852999E-02
 8.92829095E-01 -1.89973697E-02
 8.62649222E-01 -5.21491078E-02
 8.65128496E-01 -7.02478641E-02
 8.97373239E-01 -6.20331543E-02
 9.44408559E-01 -4.56352293E-02
 9.96421242E-01 -4.16244887E-02
 1.05331429E+00 -5.10199217E-02
 1.10435649E+00 -6.60513268E-02
 1.13690523E+00 -7.04124417E-02
 1.13988583E+00 -5.79758855E-02
 1.10236411E+00 -3.50113290E-02
 1.03306856E+00 -6.08855784E-03
 9.56178261E-01  2.00002600E-02
 8.91204006E-01  3.88146358E-02
 8.54657014E-01  5.51942934E-02
 8.53584159E-01  7.01913401E-02
 8.81121872E-01  8.43327101E-02
 9.35282078E-01  9.85898199E-02
 1.01376084E+00  1.09562228E-01
 1.09881304E+00  1.15132257E-01
 1.16812162E+00  1.14619621E-01
 1.20026862E+00  1.06847470E-01
 1.17969916E+00  9.27701799E-02
 1.12003831E+00  7.46429970E-02
 1.05668345E+00  5.51690621E-02
 1.01339758E+00  3.74091398E-02
 1.00162509E+00  2.39774705E-02
 1.01460749E+00  1.71187690E-02
 1.02416423E+00  1.86233942E-02
 1.01962718E+00  3.02859068E-02
 1.00821379E+00  5.36395405E-02
 9.97220377E-01  8.86186364E-02
 1.00320416E+00  1.32865962E-01
 1.02981283E+00  1.80105639E-01
 1.06123197E+00  2.18501516E-01
 1.08374953E+00  2.29662551E-01
 1.08018525E+00  1.93215399E-01
 1.03693644E+00  9.83641606E-02
 9.54788140E-01 -4.82687206E-02
 8.40427889E-01 -2.12611393E-01
 7.08339727E-01 -3.40574848E-01
 5.77650593E-01 -3.92129205E-01
 4.67868378E-01 -3.53088697E-01
 4.04428784E-01 -2.47802924E-01
 4.10134982E-01 -1.36275724E-01
 4.92297945E-01 -5.81734093E-02
 6.30903139E-01 -2.42514495E-02
 7.54019078E-01 -2.24676412E-02
 7.87614668E-01 -1.05350556E-02
 7.82994828E-01  2.87658420E-02
 8.50744080E-01  8.11364052E-02
 9.76357440E-01  1.32046080E-01
 1.09008250E+00  1.53586797E-01
 1.16732153E+00  1.35176979E-01
 1.17828245E+00  9.52471958E-02
 1.15652657E+00  4.77691734E-02
 1.18787057E+00  1.08262996E-02
 1.22200574E+00 -1.19392434E-03
 1.15816259E+00  7.39853123E-03
 1.04710226E+00  2.91180244E-02
 9.72428724E-01  5.24873948E-02
 9.13142493E-01  6.66775814E-02
 8.43201595E-01  7.11086788E-02
 7.78658377E-01  7.11411222E-02
 7.17330172E-01  7.67645390E-02
 6.53715623E-01  9.20434164E-02
 6.10913663E-01  1.11170348E-01
 6.33072199E-01  1.24213120E-01
 7.31311990E-01  1.16865696E-01
 7.66816854E-01  8.26313551E-02
 5.80637372E-01  2.78667779E-02
 3.30674326E-01 -3.35121229E-02
 2.97496226E-01 -8.00046515E-02
 4.31922255E-01 -9.60488954E-02
 5.60412684E-01 -7.93534005E-02
 6.64688145E-01 -3.98474522E-02
 7.21203412E-01  6.32717554E-04
 7.64645390E-01  2.67978654E-02
 9.23179692E-01  3.53065406E-02
 1.10237215E+00  3.12210128E-02
 1.11202009E+00  3.06420269E-02
 1.03799018E+00  4.25981084E-02
 1.03503513E+00  6.67235237E-02
 1.05712555E+00  1.05530860E-01
 1.05104500E+00  1.55201157E-01
 1.08028173E+00  2.05330426E-01
 1.16202109E+00  2.35680037E-01
 1.18387493E+00  1.94016557E-01
 1.05574208E+00  5.55264561E-02
 9.08125881E-01 -4.62256839E-02
 9.19610373E-01  3.89294232E-02
 9.57654079E-01  1.36556225E-01
 8.03728283E-01 -1.79968945E-02
 5.73378685E-01 -2.51751468E-01
 4.59295363E-01 -2.69807416E-01
 4.07805157E-01 -1.98858697E-01
 3.54411890E-01 -2.34624036E-01
 3.79379498E-01 -2.46857570E-01
 5.23322604E-01 -1.15025206E-01
 7.18104684E-01  1.95221166E-02
 8.87705130E-01  2.69602565E-02
 9.94045109E-01  7.46506955E-03
 1.01465599E+00  8.13749303E-02
 9.65767287E-01  1.51350089E-01
 9.10534699E-01  9.09603144E-02
 8.86751839E-01 -1.79919136E-02
 9.00683975E-01 -5.94315136E-02
 9.47079430E-01 -6.42476933E-02
 9.92975573E-01 -7.20437516E-02
 1.02415490E+00 -4.30400910E-02
 1.04818970E+00  2.74734182E-02
 1.04693418E+00  5.31081720E-02
 1.00295128E+00 -3.78534160E-02
 9.14469609E-01 -1.73076927E-01
 7.98790956E-01 -2.23827378E-01
 7.46900695E-01 -1.85594701E-01
 8.48766822E-01 -1.12219779E-01
 9.99286645E-01 -3.81074258E-02
 1.01411505E+00 -1.81546732E-02
 9.19402649E-01 -2.28071241E-02
 8.31670795E-01  3.37963100E-02
 7.68599012E-01  7.15800716E-02
 7.49817230E-01 -3.04694126E-02
 7.56681697E-01 -1.77217235E-01
 7.05194915E-01 -2.16821587E-01
 6.52901402E-01 -1.51720450E-01
 6.96957843E-01 -3.55857558E-02
 6.93071817E-01  6.12895008E-02
 4.92484503E-01  2.96772752E-02
 3.45545040E-01 -8.67758071E-02
 5.62225926E-01 -1.33171636E-01
 9.05978188E-01 -9.92653577E-02
 9.85198542E-01 -3.92086385E-02
 9.31212310E-01  1.80247989E-02
 9.94406903E-01  1.15470627E-02
 1.06118624E+00 -1.01926395E-02
 1.02593119E+00  7.12764386E-02
 9.91873569E-01  1.77711948E-01
 1.00966709E+00  1.70097158E-01
 1.02990435E+00  1.08664251E-01
 1.02467390E+00  9.09808506E-02
 1.00820605E+00  8.19718224E-02
 9.95287821E-01  4.63382978E-02
 9.86858256E-01  1.39968032E-02
 9.89404252E-01 -3.40269066E-03
 1.00523814E+00 -1.20528395E-02
 1.02302071E+00 -3.83209712E-03
 1.03779254E+00  2.02029815E-02
 1.04873234E+00  4.66744452E-02
 1.05228530E+00  6.61262048E-02
 1.05096970E+00  7.16421550E-02
 1.05237512E+00  6.47692201E-02
 1.06493468E+00  5.69672762E-02
 1.09570461E+00  5.46636873E-02
 1.14550358E+00  6.13981842E-02
 1.20315745E+00  8.35207776E-02
 1.24900526E+00  1.21855103E-01
 1.26935259E+00  1.70585538E-01
 1.25882419E+00  2.11333212E-01
 1.22137169E+00  1.94982026E-01
 1.17140869E+00  9.00755297E-02
 1.11668438E+00 -8.44503886E-03
 1.05648086E+00  2.36531450E-02
 9.88677509E-01  9.74344547E-02
 9.06680907E-01  5.12592666E-02
 8.12129085E-01 -4.63932859E-02
 7.18617021E-01 -6.93520904E-02
 6.42648752E-01 -6.91194870E-02
 6.04310730E-01 -1.05871424E-01
 6.16309318E-01 -1.37323316E-01
 6.76019384E-01 -1.39840596E-01
 7.67146532E-01 -1.32771867E-01
 8.61372856E-01 -1.19379691E-01
 9.35468082E-01 -9.13094646E-02
 9.79329971E-01 -4.84736081E-02
 9.97924559E-01  3.87148546E-03
 1.01146477E+00  6.00919835E-02
 1.03133201E+00  1.14606791E-01
 1.05672570E+00  1.61057970E-01
 1.08277646E+00  1.94399645E-01
 1.09512358E+00  2.11619370E-01
 1.08751050E+00  2.08831033E-01
 1.06313087E+00  1.82236128E-01
 1.01573594E+00  1.30092753E-01
 9.39617089E-01  5.27435956E-02
 8.35610145E-01 -4.46284901E-02
 7.11628775E-01 -1.50485057E-01
 6.02907095E-01 -2.47302096E-01
 5.58925421E-01 -3.14275468E-01
 6.01051412E-01 -3.35653219E-01
 7.10308479E-01 -3.06942674E-01
 8.04835444E-01 -2.41875384E-01
 7.92821227E-01 -1.68942807E-01
 7.43165193E-01 -1.10629176E-01
 8.00450241E-01 -7.77755862E-02
 9.32241255E-01 -6.45486251E-02
 1.03460734E+00 -4.77869356E-02
 1.09061191E+00 -1.56526291E-02
 1.08443476E+00  3.07241568E-02
 1.04541152E+00  8.76222892E-02
 1.06297511E+00  1.41056092E-01
 1.09701283E+00  1.83801648E-01
 1.04649673E+00  2.16066373E-01
 9.48737899E-01  2.23192254E-01
 8.68340670E-01  1.89253426E-01
 7.76524235E-01  1.12954040E-01
 6.53325067E-01  1.20373242E-02
 5.35236126E-01 -5.07468539E-02
 4.51471394E-01 -1.65847285E-02
 4.08575839E-01  3.86984124E-02
 4.10345435E-01 -4.37859013E-03
 4.45537719E-01 -7.43418557E-02
 4.83824435E-01 -4.58727504E-02
 5.02047298E-01 -4.09764222E-03
 4.89375311E-01 -6.94750124E-02
 4.47695858E-01 -1.72194973E-01
 3.94933670E-01 -2.15129779E-01
 3.41156082E-01 -2.16495430E-01
 2.87588434E-01 -2.00740887E-01
 2.39780056E-01 -1.65556488E-01
 1.99727780E-01 -1.42190138E-01
 1.75478465E-01 -1.55953438E-01
 1.81158017E-01 -1.96092989E-01
 2.15343502E-01 -2.31453229E-01
 2.67509645E-01 -2.14701210E-01
 3.28541248E-01 -1.21989199E-01
 3.86400803E-01  3.11389200E-02
 4.35611677E-01  1.95139444E-01
 4.78211958E-01  2.92641043E-01
 5.08400348E-01  2.83592304E-01
 5.17364886E-01  1.92304632E-01
 5.01236308E-01  1.12070199E-01
 4.56895816E-01  1.39878867E-01
 3.87836985E-01  1.55398692E-01
 3.06509259E-01 -3.65512370E-02
 2.27293609E-01 -2.81919493E-01
 1.66158215E-01 -3.18362521E-01
 1.37022884E-01 -2.44808138E-01
 1.43702140E-01 -2.39716740E-01
 1.73932884E-01 -2.27196619E-01
 2.04093547E-01 -1.34872099E-01
 2.16799447E-01 -4.97134856E-02
 2.07231673E-01 -2.91338498E-02
 1.90499001E-01 -3.52856745E-02
 1.98905967E-01 -3.19386697E-02
 2.49005617E-01 -2.03199338E-02
 3.36962265E-01 -2.06086733E-03
 4.42708770E-01  2.18810663E-02
 5.27134246E-01  3.57545310E-02
 5.66969852E-01  4.27704845E-02
 5.62210995E-01  7.01749719E-02
 5.23006371E-01  1.46189913E-01
 4.75832139E-01  2.64102081E-01
 4.37173070E-01  2.82393396E-01
 4.05046455E-01  4.60661025E-02
 3.75528252E-01 -2.81118420E-01
 3.37301859E-01 -4.03386057E-01
 2.88464814E-01 -3.49954160E-01
 2.44061737E-01 -2.81822795E-01
 2.20004011E-01 -2.25664345E-01
 2.35402119E-01 -2.28197728E-01
 3.01179164E-01 -2.66417691E-01
 4.10649561E-01 -1.95794763E-01
 5.47470247E-01 -3.26661772E-02
 6.85439853E-01  1.13041269E-01
 8.00424019E-01  2.33472170E-01
 8.78737787E-01  3.10700438E-01
 9.15182402E-01  3.07150068E-01
 9.14953983E-01  2.52443603E-01
 8.80903976E-01  2.08148526E-01
 8.12515515E-01  2.19770634E-01
 7.16452548E-01  2.42209600E-01
 6.01568053E-01  1.86359995E-01
 4.82407484E-01  9.64995782E-02
 3.78279271E-01  6.58819698E-02
 2.96552268E-01  6.26785795E-02
 2.36033886E-01  3.60779841E-02
 1.96956435E-01  1.13524128E-02
 1.76073757E-01  4.02426614E-03
 1.69493009E-01 -2.12577597E-03
 1.75420295E-01 -9.09712281E-03
 1.85633558E-01 -1.20607580E-02
 1.90457213E-01 -1.47758980E-02
 1.90046483E-01 -2.42196630E-02
 1.89831591E-01 -4.65748487E-02
 1.95294113E-01 -8.15065570E-02
 2.14055453E-01 -1.20622397E-01
 2.51392857E-01 -1.48063598E-01
 3.08468340E-01 -1.42816092E-01
 3.88411407E-01 -9.20643750E-02
 4.90738704E-01  4.79276005E-04
 6.01233907E-01  1.07408621E-01
 6.98744985E-01  1.83811958E-01
 7.66683374E-01  2.00217837E-01
 7.96782330E-01  1.53675951E-01
 8.00555336E-01  7.66211532E-02
 8.05988468E-01  3.06497090E-02
 8.30168752E-01  4.67245368E-02
 8.77205912E-01  1.09955941E-01
 9.39094652E-01  1.58045608E-01
 9.92272174E-01  1.19114034E-01
 1.02519847E+00  6.72261504E-02
 1.04127224E+00  1.30946592E-01
 1.04540615E+00  2.10983482E-01
 1.05051943E+00  1.42567339E-01
 1.06160246E+00  3.53836817E-04
 1.07062784E+00 -7.88898526E-02
 1.07254704E+00 -9.34771860E-02
 1.06099565E+00 -5.59939574E-02
 1.03330377E+00  3.29737059E-03
 9.97296715E-01 -7.68993103E-03
 9.62579676E-01 -8.62468037E-02
 9.40093493E-01 -1.42917436E-01
 9.37392466E-01 -1.18889776E-01
 9.51495114E-01  2.09204364E-02
 9.68525622E-01  1.89459561E-01
 9.67548647E-01  2.18822141E-01
 9.36116983E-01  1.39541915E-01
 8.77639851E-01  8.91616587E-02
 8.15679011E-01  8.49615123E-02
 7.86426700E-01  1.22676563E-01
 8.00400387E-01  1.70753622E-01
 8.28118906E-01  1.36395356E-01
 7.91039404E-01  7.49388584E-02
 6.25683577E-01  1.13292345E-01
 4.68358885E-01  1.80380652E-01
 5.26936012E-01  1.59977543E-01
 7.16776172E-01  1.11032577E-01
 8.30271199E-01  1.13161783E-01
 8.75546079E-01  1.35477725E-01
 8.99513772E-01  1.48130011E-01
 8.71283446E-01  1.67041113E-01
 8.11486788E-01  1.87650762E-01
 7.06631970E-01  1.88895892E-01
 5.00596863E-01  1.57006895E-01
 2.71852344E-01  6.59050968E-02
 1.56352412E-01 -8.83454890E-02
 1.86649740E-01 -2.01828877E-01
 3.36939188E-01 -1.55220416E-01
 5.15026900E-01 -3.62565485E-02
 5.86748584E-01 -1.31470156E-02
 6.12489357E-01 -3.98098841E-02
 7.44093144E-01 -7.55870015E-03
 8.73833072E-01  3.85234390E-02
 8.38034774E-01  5.51506259E-02
 7.55981202E-01  8.05055641E-02
 7.84267179E-01  1.23667892E-01
 8.43913213E-01  1.58461121E-01
 8.29637150E-01  1.71040338E-01
 7.96348251E-01  1.63586813E-01
 8.04692146E-01  1.42449875E-01
 8.29316567E-01  1.09403307E-01
 8.56670447E-01  6.87370736E-02
 8.94048035E-01  2.78909815E-02
 9.25783012E-01 -8.53526675E-03
 9.44160707E-01 -3.32589064E-02
 9.56954205E-01 -3.73105948E-02
 9.62335278E-01 -1.60647142E-02
 9.59193414E-01  3.02712793E-02
 9.55776115E-01  9.22981381E-02
 9.60158709E-01  1.53225842E-01
 9.80136554E-01  2.00410872E-01
 1.02001650E+00  2.29302942E-01
 1.06710268E+00  2.49394997E-01
 1.09759037E+00  2.78561180E-01
 1.09673572E+00  3.14037009E-01
 1.05978671E+00  3.23120673E-01
 9.95494372E-01  2.35525162E-01
 9.27428815E-01  2.30925725E-03
 8.69561565E-01 -2.42938088E-01
 8.24054754E-01 -3.01045012E-01
 7.89096603E-01 -2.34086647E-01
 7.54126478E-01 -2.16418919E-01
 7.17525355E-01 -2.29585048E-01
 6.90556663E-01 -2.18770306E-01
 6.84514539E-01 -1.93380277E-01
 7.13224797E-01 -1.19773093E-01
 7.80941463E-01 -2.18015075E-02
 8.74190236E-01  1.26689093E-02
 9.68051841E-01  7.16268161E-04
 1.02881940E+00  1.80302593E-04
 1.03261005E+00 -2.96176558E-03
 9.77785714E-01 -2.02943151E-02
 8.89927569E-01 -3.20219279E-02
 8.17264377E-01 -3.49346963E-02
 7.93945571E-01 -3.07493386E-02
 8.28836004E-01 -1.53373647E-02
 9.02777457E-01  1.16884076E-03
 9.67923926E-01  1.92654625E-03
 9.96714735E-01 -1.88123638E-02
 9.89446959E-01 -4.96884727E-02
 9.59115118E-01 -4.34762522E-02
 9.39405211E-01  4.08022815E-02
 9.43671387E-01  1.22431206E-01
 9.56062625E-01  8.57333834E-02
 9.59030541E-01  5.11567328E-03
 9.26031798E-01  1.56899630E-02
 8.47676342E-01  5.39552704E-02
 7.47504185E-01  1.58435660E-02
 6.64038191E-01 -4.18524927E-02
 6.44968186E-01 -5.13522044E-02
 7.08206377E-01 -4.10762809E-02
 8.13765513E-01 -3.47735698E-02
 8.53686409E-01 -2.89107336E-02
 7.26903777E-01 -4.04274010E-02
 5.49327731E-01 -8.18490262E-02
 5.22873649E-01 -1.32369033E-01
 5.48797967E-01 -1.32711169E-01
 4.45038749E-01 -3.23227053E-02
 3.63456826E-01  9.14656062E-02
 5.00634354E-01  1.15105670E-01
 7.38506351E-01  9.60561970E-02
 9.05171541E-01  1.45654380E-01
 1.01315967E+00  1.80977752E-01
 1.08570995E+00  9.54284259E-02
 1.09478215E+00 -2.60896815E-02
 1.06776243E+00 -6.81704257E-02
 1.03462434E+00 -3.73934887E-02
 9.88795606E-01  2.86575891E-02
 9.36804392E-01  7.75064414E-02
 8.87259746E-01  3.24551813E-02
 8.55222345E-01 -4.24959847E-02
 8.66167012E-01 -1.12529990E-02
 9.13209629E-01  6.03696797E-02
 9.68943471E-01  4.88387160E-02
 1.01628167E+00  3.75230154E-02
 1.04159609E+00  1.20239414E-01
 1.05260356E+00  1.73953063E-01
 1.07827993E+00  7.44586912E-02
 1.12333517E+00 -4.54259449E-02
 1.16952656E+00 -1.37306541E-02
 1.18502128E+00  5.77599936E-02
 1.12327892E+00 -2.96497072E-03
 9.71521697E-01 -1.02331040E-01
 7.69010666E-01 -1.04366871E-01
 6.04142991E-01 -7.20752813E-02
 5.64807365E-01 -7.74149125E-02
 5.77943971E-01 -7.93823049E-02
 5.07392315E-01 -5.34419782E-02
 4.56282124E-01 -2.54006935E-02
 5.91412940E-01 -4.46031390E-03
 8.01822960E-01  1.35385558E-02
 9.08162099E-01  2.33909057E-02
 9.18916907E-01  2.13726600E-02
 8.83129690E-01  1.00578356E-02
 8.49775768E-01 -7.04262637E-03
 9.12802876E-01 -2.45981029E-02
 1.01372890E+00 -3.48414638E-02
 1.00475335E+00 -3.00063423E-02
 9.60449746E-01 -4.05742372E-03
 1.02167202E+00  4.33612194E-02
 1.12096628E+00  1.00100803E-01
 1.15923395E+00  1.45484641E-01
 1.15713966E+00  1.63785875E-01
 1.12957780E+00  1.47967734E-01
 1.06394219E+00  1.05976534E-01
 9.86062324E-01  6.00172271E-02
 9.21883184E-01  2.44720260E-02
 8.77218447E-01  4.36849312E-03
 8.58763336E-01 -1.10782826E-05
 8.65878692E-01  1.92502727E-03
 8.98068742E-01  7.51968353E-03
 9.52669099E-01  2.13762597E-02
 9.98058548E-01  3.99075148E-02
 9.91793104E-01  5.83355807E-02
 9.16489088E-01  7.07376918E-02
 7.91789925E-01  6.83307499E-02
 7.08197912E-01  5.40904294E-02
 7.65464229E-01  3.92198739E-02
 8.86878620E-01  2.97021366E-02
 9.15870280E-01  2.88004738E-02
 8.88245013E-01  3.35311146E-02
 9.05928482E-01  3.31094003E-02
 9.41164088E-01  2.35968191E-02
 9.62595802E-01  7.37983752E-03
 9.70775354E-01 -1.27367280E-02
 9.36679674E-01 -2.95236195E-02
 8.94715202E-01 -3.82184474E-02
 9.18878669E-01 -3.81890373E-02
 9.77001040E-01 -2.51527525E-02
 9.98799901E-01  4.50206925E-03
 9.98149094E-01  5.01556490E-02
 1.00230371E+00  1.06607779E-01
 9.99381517E-01  1.56148340E-01
 9.91426697E-01  1.73189224E-01
 9.88195043E-01  1.40906136E-01
 9.82283786E-01  5.63247906E-02
 9.67977401E-01 -6.05642063E-02
 9.42426799E-01 -1.69941104E-01
 9.01722792E-01 -2.43290757E-01
 8.45269208E-01 -2.69684247E-01
 7.69313119E-01 -2.58313620E-01
 6.70023405E-01 -2.40685341E-01
 5.53134019E-01 -2.33619069E-01
 4.36004431E-01 -2.35098741E-01
 3.55380735E-01 -2.37889501E-01
 3.57281959E-01 -2.21832087E-01
 4.62222693E-01 -1.80117921E-01
 6.48748228E-01 -1.24351481E-01
 8.31888914E-01 -6.13797839E-02
 9.13681788E-01 -1.42958246E-03
 9.39558494E-01  4.89568248E-02
 1.01784303E+00  9.45907476E-02
 1.08290700E+00  1.34772777E-01
 1.03526142E+00  1.66736139E-01
 9.77932815E-01  1.89774106E-01
 1.03536285E+00  1.99038959E-01
 1.13892333E+00  1.91339329E-01
 1.18287896E+00  1.66714081E-01
 1.18634726E+00  1.26129317E-01
 1.18286870E+00  7.50577895E-02
 1.15838070E+00  2.44863537E-02
 1.12576643E+00 -1.22708739E-02
 1.10227469E+00 -2.49435330E-02
 1.08011482E+00 -9.83783444E-03
 1.06757200E+00  2.60224672E-02
 1.08045664E+00  6.63743713E-02
 1.12365978E+00  9.78726129E-02
 1.19494949E+00  1.12345141E-01
 1.26159927E+00  1.07306570E-01
 1.26963884E+00  8.84425230E-02
 1.19007448E+00  5.82232176E-02
 1.02731140E+00  1.71155559E-02
 8.36100215E-01 -2.64566088E-02
 7.12131493E-01 -6.18660934E-02
 7.08893473E-01 -7.74543319E-02
 8.14993615E-01 -6.21039949E-02
 9.41706334E-01 -1.91771010E-02
 9.67127897E-01  3.68686716E-02
 9.38168525E-01  9.53334277E-02
 9.94299200E-01  1.47343755E-01
 1.09880184E+00  1.88152906E-01
 1.15643592E+00  2.20178186E-01
 1.16005585E+00  2.39193278E-01
 1.09236484E+00  2.37075433E-01
 9.71930017E-01  2.13403347E-01
 8.75072106E-01  1.70358823E-01
 7.80973940E-01  1.13937518E-01
 6.28249940E-01  5.61014715E-02
 4.67661969E-01  5.60832824E-03
 3.69835032E-01 -3.17075811E-02
 3.24664366E-01 -4.91108865E-02
 3.13984947E-01 -4.51932776E-02
 3.43806255E-01 -2.83157231E-02
 3.99363625E-01 -1.24209156E-02
 4.52708515E-01 -1.06492612E-02
 4.89860493E-01 -3.14248071E-02
 5.15635317E-01 -7.04439999E-02
 5.46386360E-01 -1.11772299E-01
 5.88498858E-01 -1.43236357E-01
 6.39832202E-01 -1.54857230E-01
 6.96884789E-01 -1.34007957E-01
 7.48495556E-01 -7.50434460E-02
 7.91146277E-01  1.90598852E-02
 8.28490447E-01  1.27395244E-01
 8.51139992E-01  1.86596424E-01
 8.46608807E-01  1.42619217E-01
 8.09958055E-01  6.96731675E-02
 7.43277505E-01  8.21365008E-02
 6.71915834E-01  1.10999947E-01
 6.37723739E-01  3.56686965E-02
 6.65322894E-01 -5.44072095E-02
 7.56516710E-01 -3.06728101E-02
 8.81272698E-01  4.65941278E-02
 9.80208030E-01  8.79041137E-02
 1.01521828E+00  1.14617182E-01
 9.80677048E-01  1.45168713E-01
 9.03356483E-01  1.56523265E-01
 8.42481466E-01  1.50897248E-01
 8.24906301E-01  1.35519865E-01
 8.29652395E-01  1.01936312E-01
 7.99446797E-01  5.43999702E-02
 6.78041646E-01  5.09636431E-03
 5.65672149E-01 -3.52806218E-02
 6.18161513E-01 -5.56622326E-02
 7.30932836E-01 -6.08649780E-02
 7.12291788E-01 -6.82122951E-02
 6.30095955E-01 -8.50167019E-02
 6.10239925E-01 -1.10636853E-01
 6.04465602E-01 -1.35232032E-01
 5.73198683E-01 -1.37423633E-01
 5.76083485E-01 -1.07579685E-01
 6.40332921E-01 -5.02615572E-02
 7.25136764E-01  2.37752443E-02
 7.86356703E-01  9.31835598E-02
 8.12372912E-01  1.42076906E-01
 8.05897355E-01  1.65394606E-01
 7.80360218E-01  1.59844340E-01
 7.70732092E-01  1.29211932E-01
 7.97711080E-01  7.81740708E-02
 8.57478518E-01  1.08879461E-02
 9.36755828E-01 -5.61599896E-02
 1.00677748E+00 -1.01401069E-01
 1.04735407E+00 -1.09108841E-01
 1.05508624E+00 -7.38142438E-02
 1.02616994E+00 -1.78547299E-02
 9.67109685E-01  1.77225132E-02
 8.91236655E-01  1.26765404E-02
 8.20111308E-01 -2.29087588E-02
 8.11163357E-01 -3.42074777E-02
 9.07643539E-01  3.94030359E-02
 1.03083067E+00  1.27769514E-01
 1.06317081E+00  1.10846310E-01
 1.04935844E+00  5.13067282E-02
 1.08212028E+00  6.31399689E-02
 1.07332558E+00  7.25858516E-02
 9.24514095E-01 -1.76822637E-02
 7.62554772E-01 -1.36949520E-01
 7.36007908E-01 -1.93445399E-01
 7.43673873E-01 -1.97814329E-01
 6.41450060E-01 -1.69840157E-01
 5.42932321E-01 -1.08097881E-01
 6.01463794E-01 -4.33400739E-02
 7.22141180E-01 -6.43352267E-03
 7.74112168E-01  6.17769548E-04
 8.14137916E-01 -5.87563568E-03
 9.10531186E-01  4.61135462E-03
 1.01005960E+00  4.15445447E-02
 1.06661694E+00  8.34949245E-02
 1.10095697E+00  8.81908347E-02
 1.12648816E+00  2.25531869E-02
 1.13824260E+00 -3.08930503E-02
 1.14245767E+00  4.79903367E-02
 1.13950599E+00  1.79683660E-01
 1.11761107E+00  2.13549973E-01
 1.07536517E+00  1.99279990E-01
 1.01791511E+00  2.31185667E-01
 9.47818116E-01  2.58097056E-01
 8.70945194E-01  2.30441113E-01
 7.89737691E-01  1.81826476E-01
 7.01231302E-01  1.31026292E-01
 6.06420180E-01  6.70950846E-02
 5.08289358E-01 -5.54157668E-03
 4.11409850E-01 -6.94459846E-02
 3.27106889E-01 -1.13002439E-01
 2.73493928E-01 -1.37926395E-01
 2.70641292E-01 -1.52155748E-01
 3.30444917E-01 -1.59672782E-01
 4.48959466E-01 -1.63559929E-01
 5.97352417E-01 -1.64367489E-01
 7.28287327E-01 -1.57038572E-01
 8.06506113E-01 -1.40857388E-01
 8.18093206E-01 -1.16902803E-01
 7.78948247E-01 -7.80240251E-02
 7.34033992E-01 -1.61068768E-02
 7.12128080E-01  7.03160260E-02
 7.19562205E-01  1.73064142E-01
 7.48829543E-01  2.61462640E-01
 7.70184669E-01  2.93638324E-01
 7.69888831E-01  2.55030196E-01
 7.53431671E-01  1.71973328E-01
 7.16011424E-01  1.30230229E-01
 6.58619198E-01  1.98768199E-01
 5.84397379E-01  2.17152869E-01
 4.97813348E-01 -2.67458141E-02
 4.41051573E-01 -3.25874191E-01
 4.72163703E-01 -3.31142921E-01
 6.10224331E-01 -1.40016931E-01
 8.20763081E-01  4.43017233E-03
 9.76746335E-01  1.03554155E-01
 9.44118908E-01  1.55375295E-01
 8.41367481E-01  1.37021015E-01
 8.81012110E-01  1.45533224E-01
 9.32313283E-01  2.09244837E-01
 7.76702342E-01  2.70094170E-01
 5.76366760E-01  2.90799464E-01
 5.52233600E-01  2.24873825E-01
 5.88327103E-01  1.09501622E-01
 5.22698667E-01  4.12658555E-02
 4.06934017E-01 -3.49262543E-02
 3.07530033E-01 -2.05733223E-01
 2.28064736E-01 -3.47775720E-01
 2.19883696E-01 -3.14731030E-01
 3.19663715E-01 -2.09166380E-01
 4.86101064E-01 -1.83506973E-01
 6.25374946E-01 -1.55889435E-01
 6.42270664E-01 -1.23722814E-02
 5.90674132E-01  1.39907105E-01
 6.13607489E-01  1.74825974E-01
 7.08755890E-01  1.52138957E-01
 8.11392033E-01  1.57252421E-01
 9.10005224E-01  1.70963917E-01
 9.71989634E-01  1.74892642E-01
 1.01837838E+00  1.88474698E-01
 1.11988980E+00  2.05944494E-01
 1.20533534E+00  2.19662635E-01
 1.16056177E+00  2.38918945E-01
 1.04869040E+00  2.56153865E-01
 9.81577985E-01  2.54979410E-01
 9.51139388E-01  2.23926247E-01
 9.33784735E-01  1.55276686E-01
 9.48349476E-01  6.71804764E-02
 9.82850429E-01 -2.42669045E-03
 1.01802790E+00 -3.20437698E-02
 1.05737033E+00 -1.70088306E-02
 1.09521396E+00  2.61269776E-02
 1.12190134E+00  5.73296303E-02
 1.12798527E+00  5.49451043E-02
 1.10252017E+00  2.14854453E-02
 1.05803382E+00 -2.64594112E-02
 1.02296868E+00 -5.22460779E-02
 1.01524626E+00 -3.51528387E-02
 1.04263128E+00  2.03796367E-02
 1.08990782E+00  1.01535463E-01
 1.11857875E+00  1.79969144E-01
 1.10447794E+00  2.36560508E-01
 1.03830419E+00  2.69886979E-01
 9.17637049E-01  2.76426003E-01
 7.60278573E-01  2.59166382E-01
 5.88091582E-01  2.20359742E-01
 4.32532928E-01  1.57767259E-01
 3.66818450E-01  8.67139728E-02
 4.48073785E-01  3.14593279E-02
 6.05893478E-01  9.41442842E-03
 7.20960148E-01  2.99408057E-02
 8.14637949E-01  7.52185362E-02
 9.41135092E-01  1.04871791E-01
 9.81345622E-01  9.24929094E-02
 8.21433379E-01  2.85124580E-02
 6.02244758E-01 -7.51209253E-02
 5.09905797E-01 -1.81007255E-01
 4.56522725E-01 -2.66386958E-01
 2.92801472E-01 -3.25101698E-01
 1.36215385E-01 -3.50674352E-01
 1.37264810E-01 -3.48560080E-01
 2.05181834E-01 -3.17530712E-01
 2.41508707E-01 -2.48826692E-01
 3.63864284E-01 -1.56748805E-01
 6.70522670E-01 -6.63237297E-02
 9.64834075E-01  1.15955553E-03
 1.01283659E+00  2.64889195E-02
 9.49748980E-01  1.55646629E-02
 1.01549534E+00 -3.56782369E-03
 1.12204253E+00 -1.45451914E-02
 1.11824680E+00 -9.20201160E-03
 1.08115166E+00  1.45035670E-02
 1.08086582E+00  4.44753824E-02
 1.07331266E+00  7.91562690E-02
 1.04834665E+00  1.25152826E-01
 1.02999702E+00  1.74605851E-01
 1.01547813E+00  2.16695976E-01
 9.88589463E-01  2.40934724E-01
 9.41412915E-01  2.35905944E-01
 8.90826775E-01  2.10388013E-01
 8.67092429E-01  1.87571175E-01
 8.83144245E-01  1.79563784E-01
 9.39002596E-01  1.89267306E-01
 1.02134754E+00  2.05963058E-01
 1.09824732E+00  2.03585927E-01
 1.14887836E+00  1.70389650E-01
 1.16719889E+00  1.11551322E-01
 1.15025389E+00  4.08933520E-02
 1.10699512E+00 -1.46185218E-02
 1.04494193E+00 -3.86472675E-02
 9.67853112E-01 -3.26428155E-02
 8.93954087E-01 -5.27606209E-03
 8.46614847E-01  2.38010356E-02
 8.45746732E-01  4.22630572E-02
 9.04912063E-01  5.24810867E-02
 1.00941088E+00  6.13691662E-02
 1.12156920E+00  8.12018399E-02
 1.21122471E+00  1.10773547E-01
 1.25621194E+00  1.26372090E-01
 1.24847815E+00  8.81250029E-02
 1.20224470E+00 -2.40935695E-02
 1.12883034E+00 -1.14556446E-01
 1.04528536E+00 -5.86775971E-02
 1.00204086E+00  5.36114610E-02
 1.03105902E+00  5.23377229E-02
 1.05948317E+00 -1.01008585E-02
 9.92359516E-01 -2.03518551E-02
 9.01297669E-01 -1.71197784E-02
 9.10955633E-01 -3.37084948E-02
 9.53399266E-01 -2.19538052E-02
 9.18639842E-01  3.29838428E-02
 8.74454884E-01  9.55996459E-02
 9.12104120E-01  1.32275289E-01
 1.00532623E+00  1.32783145E-01
 1.10910082E+00  9.98121367E-02
 1.17725317E+00  4.49330766E-02
 1.14829194E+00 -4.22308299E-03
 1.08168725E+00 -2.81303720E-02
 1.09344764E+00 -2.43489194E-02
 1.10959518E+00  2.67792982E-03
 1.00237758E+00  3.76441095E-02
 8.60338454E-01  7.15904123E-02
 8.22157062E-01  1.06603133E-01
 8.73520523E-01  1.41266321E-01
 9.61892488E-01  1.76054601E-01
 1.02642970E+00  2.06852616E-01
 9.77199447E-01  2.21748910E-01
 8.82646215E-01  2.16678211E-01
 9.02100527E-01  1.92494822E-01
 9.87759747E-01  1.51318060E-01
 1.01783810E+00  1.02109517E-01
 1.02822606E+00  5.56131556E-02
 1.06012499E+00  2.16827776E-02
 1.07039210E+00  9.91702555E-03
 1.04842096E+00  2.29179827E-02
 1.03052563E+00  4.89676101E-02
 1.04325994E+00  6.72874539E-02
 1.08677377E+00  6.25847495E-02
 1.13834148E+00  2.95129478E-02
 1.14354763E+00 -2.03397950E-02
 1.05658414E+00 -6.01733429E-02
 9.61928521E-01 -7.43568649E-02
 9.86657440E-01 -6.10714431E-02
 1.04970054E+00 -2.78582412E-02
 1.00275626E+00  4.34839854E-03
 9.21307242E-01  2.49692264E-02
 9.28803739E-01  3.72908004E-02
 9.72357585E-01  4.44253696E-02
 9.87273203E-01  5.54543536E-02
 1.01052182E+00  7.37350798E-02
 1.06343029E+00  9.19015415E-02
 1.11904374E+00  1.06245877E-01
 1.16350991E+00  1.12805197E-01
 1.19564790E+00  1.08757663E-01
 1.20697272E+00  9.74696500E-02
 1.19215743E+00  8.03122027E-02
 1.15415456E+00  5.79814867E-02
 1.09741050E+00  3.36975242E-02
 1.02967713E+00  1.05802300E-02
 9.65466895E-01 -5.14476632E-03
 9.21774948E-01 -5.22312646E-03
 9.13669034E-01  1.43484443E-02
 9.49099027E-01  5.17946319E-02
 1.01798116E+00  9.58704607E-02
 1.09598664E+00  1.27708947E-01
 1.16299160E+00  1.33348738E-01
 1.20527694E+00  1.07573650E-01
 1.21970882E+00  5.79879019E-02
 1.21624983E+00  4.90375735E-03
 1.19666794E+00 -3.68005004E-02
 1.15659305E+00 -5.97077342E-02
 1.09922685E+00 -6.03274339E-02
 1.02826577E+00 -4.37483375E-02
 9.54619948E-01 -1.08791881E-02
 8.97684032E-01  4.06144542E-02
 8.68115287E-01  1.01449883E-01
 8.70480337E-01  1.57923414E-01
 9.08522387E-01  1.96544108E-01
 9.76842735E-01  2.04573792E-01
 1.06043160E+00  1.85374121E-01
 1.13941505E+00  1.55160060E-01
 1.19270584E+00  1.23628607E-01
 1.20552677E+00  9.59297548E-02
 1.18156647E+00  7.15177308E-02
 1.13925148E+00  4.09596091E-02
 1.09190764E+00  4.26801532E-03
 1.04806642E+00 -2.98241512E-02
 1.01241070E+00 -5.54361571E-02
 9.81354215E-01 -6.44582033E-02
 9.60301274E-01 -5.34364030E-02
 9.60859968E-01 -2.75835129E-02
 9.82627552E-01  8.61478501E-03
 1.02048154E+00  4.92760625E-02
 1.06620853E+00  8.71581943E-02
 1.10527864E+00  1.18527546E-01
 1.12990799E+00  1.41489569E-01
 1.13866871E+00  1.55767258E-01
 1.12719038E+00  1.61623540E-01
 1.09583758E+00  1.58897545E-01
 1.05589665E+00  1.48581370E-01
 1.02299245E+00  1.32250742E-01
 1.01154030E+00  1.12840539E-01
 1.02967241E+00  9.37529242E-02
 1.06641101E+00  7.44316389E-02
 1.09653240E+00  5.23941771E-02
 1.10496994E+00  2.83557358E-02
 1.08840578E+00  6.80609489E-03
 1.05671306E+00 -7.93274223E-04
 1.03450108E+00  2.05791217E-02
 1.03213506E+00  7.45471137E-02
 1.04230193E+00  1.48363338E-01
 1.05042964E+00  2.08164967E-01
 1.03071147E+00  2.06152210E-01
 9.69891787E-01  1.15759141E-01
 8.75801858E-01 -5.35143168E-02
 7.66868188E-01 -2.42975518E-01
 6.74574185E-01 -3.58374763E-01
 6.22427141E-01 -3.48377084E-01
 6.16100857E-01 -2.32112831E-01
 6.50509941E-01 -1.18973401E-01
 7.06509868E-01 -1.43476706E-01
 7.69722762E-01 -2.21615103E-01
 8.35202828E-01 -1.57264606E-01
 8.94459542E-01  1.03879459E-02
 9.42283405E-01  1.51732568E-01
 9.70087344E-01  2.46804561E-01
 9.65958330E-01  2.67287960E-01
 9.35412290E-01  2.47898779E-01
 8.94678549E-01  3.05166203E-01
 8.57363064E-01  3.92637543E-01
 8.35883069E-01  3.94070007E-01
 8.28682961E-01  3.72690662E-01
 8.20260279E-01  4.21068176E-01
 8.03665836E-01  4.94226245E-01
 7.76720875E-01  5.23223401E-01
 7.34956998E-01  4.56023222E-01
 6.79240061E-01  2.43186265E-01
 6.06727999E-01 -1.85258924E-02
 5.13101323E-01 -1.60688313E-01
 4.10619884E-01 -2.39672423E-01
 3.19907150E-01 -3.86037535E-01
 2.55720740E-01 -4.80136445E-01
 2.26716588E-01 -3.83875169E-01
 2.23496425E-01 -2.49178937E-01
 2.20782139E-01 -2.51535172E-01
 2.05098395E-01 -2.58092722E-01
 1.75915572E-01 -1.04349894E-01
 1.43832560E-01  1.29364767E-02
 1.33304114E-01 -1.37659004E-01
 1.54431019E-01 -3.34242124E-01
 1.97847968E-01 -2.61989097E-01
 2.44614834E-01 -4.15171982E-02
 2.65936624E-01  9.04497838E-02
 2.53878350E-01  1.44032402E-01
 2.35214926E-01  1.44322191E-01
 2.68452321E-01  9.97462391E-02
 4.05935707E-01  1.12710769E-01
 5.77960753E-01  1.56838029E-01
 6.64545711E-01  1.14324740E-01
 7.17058413E-01  4.01150258E-02
 8.36375368E-01  3.38256812E-02
 9.34248527E-01  8.04328501E-02
 8.97494797E-01  1.60337057E-01
 7.91136591E-01  2.68587805E-01
 7.11002728E-01  3.56645708E-01
 6.52586608E-01  3.81539741E-01
 6.08197096E-01  3.33489060E-01
 5.98292475E-01  2.32710732E-01
 6.11409254E-01  1.28890280E-01
 6.32450203E-01  5.15767905E-02
 6.60687670E-01  4.11990161E-03
 6.78493061E-01 -1.96382864E-02
 6.64823184E-01 -4.61091925E-02
 6.10908954E-01 -8.41810787E-02
 5.28856454E-01 -1.18101145E-01
 4.90414173E-01 -1.38324474E-01
 5.71570300E-01 -1.30884183E-01
 7.05515838E-01 -9.11075527E-02
 7.71701076E-01 -3.42728867E-02
 8.21845870E-01  2.83875428E-02
 9.45061838E-01  8.50606297E-02
 1.03307187E+00  1.22361212E-01
 9.59281397E-01  1.35918513E-01
 8.03137003E-01  1.22657233E-01
 6.91601868E-01  8.44378421E-02
 6.28863281E-01  3.72208077E-02
 6.02757894E-01  1.31539668E-02
 6.32669197E-01  7.10218093E-02
 6.96052743E-01  2.38185196E-01
 7.70343571E-01  3.78598274E-01
 8.58002072E-01  3.12640900E-01
 9.40055286E-01  1.26662409E-01
 9.92145763E-01  2.94776676E-02
 9.95279886E-01  2.93265429E-02
 9.37897059E-01  7.26320693E-02
 8.61663454E-01  1.41767994E-01
 8.40536689E-01  1.54279093E-01
 9.09039006E-01  1.03053697E-01
 1.05006596E+00  7.12915682E-02
 1.16103110E+00  5.71249180E-02
 1.11277729E+00  4.20381430E-02
 9.74698338E-01  6.27108828E-02
 9.19914223E-01  1.24140130E-01
 9.31992968E-01  1.81903535E-01
 9.31881060E-01  1.90124702E-01
 9.36179708E-01  1.39251577E-01
 9.42209069E-01  6.02310477E-02
 9.63768226E-01  2.94910524E-02
 1.05717794E+00  1.12401062E-01
 1.16255022E+00  1.87589379E-01
 1.17356277E+00  7.40923250E-02
 1.12836844E+00 -1.00444866E-01
 1.10583678E+00 -1.05887162E-01
 1.08043292E+00 -3.62317149E-02
 1.02084769E+00 -5.68530245E-02
 9.58545161E-01 -8.59561493E-02
 9.16780044E-01 -3.38464955E-02
 9.02671750E-01  4.02907258E-02
 9.33167463E-01  9.40561030E-02
 1.00555066E+00  1.42282500E-01
 1.09480515E+00  1.75659558E-01
 1.18016322E+00  1.69660896E-01
 1.24029896E+00  1.20780090E-01
 1.25406993E+00  4.85908872E-02
 1.21228043E+00 -1.65245527E-02
 1.11200752E+00 -5.22338852E-02
 9.70199997E-01 -4.90087554E-02
 8.53419023E-01 -1.91737932E-02
 8.24263311E-01  4.40595400E-03
 8.25038961E-01  4.63642029E-03
 7.60851034E-01 -1.60010877E-02
 7.06775254E-01 -4.24698376E-02
 7.81290091E-01 -4.28313859E-02
 9.02387662E-01 -2.78383942E-03
 9.46952090E-01  6.71936817E-02
 9.63201445E-01  1.48247319E-01
 1.02145522E+00  2.07332593E-01
 1.08116274E+00  2.22146585E-01
 1.10250457E+00  1.91946186E-01
 1.09377738E+00  1.23188590E-01
 1.04775364E+00  3.61656182E-02
 9.54013822E-01 -4.83273492E-02
 8.25805680E-01 -1.14188992E-01
 6.80527534E-01 -1.32771439E-01
 5.37391867E-01 -7.95977633E-02
 4.18638170E-01  4.38489409E-02
 3.40227821E-01  1.94764052E-01
 3.09367031E-01  2.48544833E-01
 3.24730848E-01  9.41279277E-02
 3.81798527E-01 -1.27808475E-01
 4.72221027E-01 -1.77091932E-01
 5.79215095E-01 -1.21981237E-01
 6.82429768E-01 -1.47159112E-01
 7.60516514E-01 -2.01271151E-01
 7.98145568E-01 -2.02029019E-01
 8.04257800E-01 -1.58763156E-01
 8.05567934E-01 -4.49900137E-02
 8.21522493E-01  9.79583148E-02
 8.62296806E-01  1.60581454E-01
 9.20647615E-01  1.72849365E-01
 9.69802273E-01  2.22793202E-01
 9.95995685E-01  2.81747801E-01
 9.96103213E-01  3.03515654E-01
 9.60829589E-01  2.97579132E-01
 8.88166543E-01  2.56776256E-01
 7.77345801E-01  1.70220611E-01
 6.32093878E-01  5.84016902E-02
 4.91181057E-01 -5.14205209E-02
 4.12467253E-01 -1.30560918E-01
 4.34331036E-01 -1.55926620E-01
 5.68149941E-01 -1.25154428E-01
 7.72122764E-01 -6.02197647E-02
 9.58414081E-01 -1.43350613E-03
 1.06747609E+00  2.15617796E-02
 1.07873104E+00  1.65438251E-03
 1.01343217E+00 -3.95586773E-02
 9.42574961E-01 -5.45310171E-02
 9.06851730E-01 -1.82715383E-02
 9.08552026E-01  6.34812077E-02
 9.45586242E-01  1.63844570E-01
 9.89929689E-01  2.30104360E-01
 1.03199577E+00  2.33168686E-01
 1.08647934E+00  1.79071758E-01
 1.13427130E+00  8.77395993E-02
 1.14674762E+00  1.38328815E-03
 1.10295626E+00 -5.27130000E-02
 9.84726354E-01 -7.61441995E-02
 8.24872174E-01 -7.67304380E-02
 6.94796209E-01 -7.62021041E-02
 6.38620562E-01 -8.59511052E-02
 6.73783866E-01 -9.62237328E-02
 7.77348776E-01 -9.87156141E-02
 8.80837059E-01 -8.12116168E-02
 9.46436280E-01 -4.08526594E-02
 9.72174367E-01  6.48565592E-03
 9.69493985E-01  4.38169654E-02
 9.79183630E-01  5.37589331E-02
 1.01818346E+00  3.13155416E-02
 1.06983427E+00 -1.51665833E-03
 1.12488131E+00  3.91824280E-03
 1.16352170E+00  8.36744429E-02
 1.16908981E+00  1.62852060E-01
 1.13749523E+00  1.31591991E-01
 1.03817238E+00  6.18930215E-02
 8.63696547E-01  8.56170603E-02
 7.28560407E-01  1.36226484E-01
 7.54558422E-01  1.02568675E-01
 8.25966906E-01  2.94438352E-02
 7.40189650E-01 -2.72555226E-02
 5.49613339E-01 -9.94637088E-02
 4.02493603E-01 -2.00984186E-01
 3.10530557E-01 -2.97453563E-01
 2.82157142E-01 -3.62706820E-01
 3.07650022E-01 -3.85205238E-01
 3.06749148E-01 -3.54091943E-01
 3.21240576E-01 -2.72718084E-01
 4.50986846E-01 -1.62044366E-01
 6.25156280E-01 -4.14232313E-02
 7.35220139E-01  7.15314953E-02
 8.14900566E-01  1.57049314E-01
 9.12820212E-01  2.01011948E-01
 9.87587712E-01  1.89903604E-01
 1.00463988E+00  1.18007475E-01
 9.84546090E-01  9.93687165E-03
 9.46261588E-01 -9.07118156E-02
 8.98003344E-01 -1.47782374E-01
 8.58321543E-01 -1.39066155E-01
 8.38192647E-01 -7.75804828E-02
 8.35538151E-01 -8.51053836E-03
 8.54118269E-01  4.13544386E-02
 8.97006942E-01  6.40747264E-02
 9.56502846E-01  6.22343860E-02
 1.02159421E+00  5.97336194E-02
 1.07737714E+00  6.26078699E-02
 1.10807858E+00  5.86083347E-02
 1.11324960E+00  5.16729806E-02
 1.10378860E+00  4.62505848E-02
 1.08560496E+00  4.92244377E-02
 1.06368874E+00  7.53768270E-02
 1.04298303E+00  1.16935445E-01
 1.02371841E+00  1.51161035E-01
 1.01251299E+00  1.66290902E-01
 1.01862491E+00  1.55699844E-01
 1.03854963E+00  1.25596043E-01
 1.06270540E+00  9.79655180E-02
 1.08320971E+00  8.25670641E-02
 1.09226717E+00  7.75796441E-02
 1.09116214E+00  7.90149148E-02
 1.08957382E+00  7.41328556E-02
 1.08977330E+00  5.75480426E-02
 1.08923855E+00  3.51508104E-02
 1.08564033E+00  1.12208345E-02
 1.07293437E+00 -7.09884956E-03
 1.05029138E+00 -1.53528840E-02
 1.02346670E+00 -1.67951499E-02
 9.96448211E-01 -1.37568303E-02
 9.74303450E-01 -9.31673239E-03
 9.62091284E-01 -6.39694175E-03
 9.61298030E-01 -4.17142583E-03
 9.73105290E-01 -2.19525943E-03
 9.97627071E-01 -4.52131168E-05
 1.03286888E+00  2.79636246E-03
 1.07572039E+00  5.39254965E-03
 1.12020364E+00  7.71366731E-03
 1.15810566E+00  1.04316551E-02
 1.18128606E+00  1.41808643E-02
 1.18297501E+00  2.00558250E-02
 1.16119638E+00  2.79061639E-02
 1.11942660E+00  3.64028673E-02
 1.06368403E+00  4.45343861E-02
 1.00436282E+00  5.11055350E-02
 9.58319604E-01  5.49450653E-02
 9.44048015E-01  5.53969801E-02
 9.75169363E-01  5.14556802E-02
 1.05349220E+00  4.22979544E-02
 1.15657908E+00  2.85489952E-02
 1.24425977E+00  1.19898818E-02
 1.28583754E+00 -4.63155898E-03
 1.26704414E+00 -1.71440495E-02
 1.20003295E+00 -2.01664447E-02
 1.12341084E+00 -8.58985959E-03
 1.06208947E+00  1.98914522E-02
 1.02505890E+00  6.20973911E-02
 1.01666861E+00  1.05590899E-01
 1.02518881E+00  1.31936034E-01
 1.04656393E+00  1.28175203E-01
 1.08268733E+00  9.13741378E-02
 1.10837665E+00  3.46287854E-02
 1.09105294E+00 -1.52911922E-02
 1.01494359E+00 -4.03379819E-02
 8.88562673E-01 -3.55498239E-02
 7.83678048E-01 -9.72710075E-03
 7.86553609E-01  1.29939319E-02
 8.50950763E-01  1.93891979E-02
 8.76216398E-01  1.06630680E-02
 9.12035332E-01 -7.36834007E-03
 1.03400868E+00 -1.89735041E-02
 1.14446119E+00 -1.73131682E-02
 1.13109168E+00 -8.70013998E-03
 1.05430777E+00  2.95222384E-03
 1.01203745E+00  1.07328722E-02
 9.92959749E-01  1.13349760E-02
 9.71412886E-01  1.05510018E-02
 9.61582980E-01  1.13329392E-02
 9.52274028E-01  1.60425540E-02
 9.33450615E-01  2.68295705E-02
 9.23250772E-01  4.06718165E-02
 9.30469689E-01  5.39051736E-02
 9.58977186E-01  6.28125781E-02
 1.00934763E+00  6.38249311E-02
 1.06834856E+00  5.65253137E-02
 1.12523782E+00  4.33996903E-02
 1.17148582E+00  2.90784559E-02
 1.19596681E+00  1.74738408E-02
 1.19441610E+00  1.07436798E-02
 1.17021414E+00  1.01059740E-02
 1.13127899E+00  1.53723159E-02
 1.08666862E+00  2.79051015E-02
 1.04391394E+00  5.08139575E-02
 1.00704861E+00  8.61056148E-02
 9.74426797E-01  1.31852182E-01
 9.41742974E-01  1.73683066E-01
 8.96825880E-01  1.78191432E-01
 8.07957028E-01  8.75693643E-02
 6.68730352E-01 -1.13258513E-01
 5.90821839E-01 -2.46238042E-01
 7.01677170E-01 -1.01118568E-01
 8.94482818E-01  1.53319191E-01
 9.71581992E-01  2.01239642E-01
 9.76982165E-01  1.20126394E-01
 1.02761991E+00  1.05846292E-01
 1.07460157E+00  8.90978935E-02
 1.07702908E+00  1.51287903E-02
 1.08666295E+00 -2.59947997E-02
 1.12157403E+00 -3.01100356E-03
 1.15356615E+00  3.76917914E-02
 1.16228775E+00  5.80909705E-02
 1.15037084E+00  5.62412033E-02
 1.12765297E+00  4.41234788E-02
 1.09586251E+00  2.54786194E-02
 1.06015658E+00  1.32739997E-02
 1.02559045E+00  1.58071518E-02
 9.90323472E-01  2.49365233E-02
 9.60511272E-01  4.08855463E-02
 9.46835853E-01  6.67536245E-02
 9.53694632E-01  1.01947484E-01
 9.81802453E-01  1.48688043E-01
 1.02224511E+00  1.99265601E-01
 1.05642396E+00  2.38003631E-01
 1.07006018E+00  2.55978218E-01
 1.05450958E+00  2.50412280E-01
 1.00792289E+00  2.30545430E-01
 9.38184642E-01  2.15375026E-01
 8.51296170E-01  2.09585891E-01
 7.51983073E-01  1.97697903E-01
 6.51328088E-01  1.39745918E-01
 5.62184824E-01  6.56536573E-03
 5.01741527E-01 -1.15959582E-01
 4.90463778E-01 -1.02823606E-01
 5.39817902E-01 -2.59010304E-03
 6.49044798E-01  7.25604055E-02
 8.00981467E-01  1.71881116E-01
 9.49688504E-01  3.41181780E-01
 1.01052173E+00  4.12040453E-01
 9.23015287E-01  2.34960057E-01
 7.88326320E-01  2.09788261E-03
 7.72256389E-01 -2.20644850E-02
 8.36144618E-01  1.21161295E-02
 8.48981157E-01 -1.47062566E-01
 8.15100070E-01 -3.14132359E-01
 7.63844953E-01 -2.34577670E-01
 7.22938153E-01 -4.59071285E-02
 7.69734385E-01  5.58347769E-02
 8.66862508E-01  9.92668426E-02
 9.02905535E-01  1.14492076E-01
 9.03330030E-01  7.40122719E-02
 9.29534412E-01  1.90431413E-02
 9.43113705E-01 -1.14380970E-02
 9.14144843E-01 -2.58066877E-02
 8.77726148E-01 -3.01064449E-02
 8.64326468E-01 -3.82833726E-02
 8.82499449E-01 -5.02758329E-02
 9.37024404E-01 -4.44472237E-02
 1.00687051E+00 -2.11691265E-02
 1.04626086E+00  1.04097086E-02
 1.02988165E+00  4.35669823E-02
 9.58945063E-01  6.23221011E-02
 8.62541656E-01  6.37067640E-02
 7.98251370E-01  5.92008519E-02
 7.98985969E-01  5.61955074E-02
 8.61532064E-01  6.92558743E-02
 9.56070943E-01  1.27487135E-01
 1.02214774E+00  2.26225984E-01
 1.02422978E+00  2.45043169E-01
 9.67376715E-01  6.05435831E-02
 8.80546644E-01 -1.82323994E-01
 8.22024920E-01 -2.31229192E-01
 8.25272576E-01 -1.19699288E-01
 8.81783483E-01 -2.51943531E-03
 9.62964799E-01  8.54051421E-02
 1.01319592E+00  1.03493210E-01
 9.97788260E-01  9.21701801E-02
 9.19724555E-01  1.86284439E-01
 7.94267742E-01  2.87494373E-01
 6.59039523E-01  2.05461993E-01
 5.41397148E-01  3.54778960E-02
 4.46828332E-01 -5.99297005E-02
 3.89643936E-01 -1.29303001E-01
 3.78999099E-01 -2.27998882E-01
 4.22275841E-01 -2.75959971E-01
 5.27292004E-01 -2.19707463E-01
 6.65708366E-01 -1.12775502E-01
 7.86461576E-01 -2.27711855E-02
 8.51672411E-01  2.16514232E-02
 8.40033208E-01  3.27421972E-03
 7.74295859E-01 -6.34332974E-02
 7.17103969E-01 -1.21216924E-01
 7.06046841E-01 -1.40826281E-01
 7.50363535E-01 -1.23928866E-01
 8.34331877E-01 -7.70923427E-02
 9.08073233E-01 -2.86270497E-02
 9.49522304E-01  1.02014361E-02
 9.70014494E-01  5.18695806E-02
 9.81486654E-01  9.14216965E-02
 1.01155356E+00  1.22390865E-01
 1.07030689E+00  1.37692247E-01
 1.13796538E+00  1.20781196E-01
 1.19995141E+00  7.60575565E-02
 1.23765211E+00  2.36426514E-02
 1.23735267E+00 -2.35130533E-02
 1.20561931E+00 -5.20248669E-02
 1.15216895E+00 -5.44814825E-02
 1.09144382E+00 -3.53302786E-02
 1.03867945E+00  6.28571694E-03
 1.00040765E+00  7.07921409E-02
 9.80491810E-01  1.44130448E-01
 9.79013496E-01  2.07320576E-01
 9.96309090E-01  2.42197037E-01
 1.03385186E+00  2.34202459E-01
 1.08403906E+00  1.89334005E-01
 1.13415452E+00  1.30304321E-01
 1.17162574E+00  7.29005537E-02
 1.18547115E+00  2.77068924E-02
 1.17848265E+00  2.65150080E-04
 1.16473393E+00 -1.47953178E-02
 1.15253462E+00 -1.55422297E-02
 1.14554184E+00  3.74529383E-03
 1.14183965E+00  3.33484062E-02
 1.13130290E+00  5.82624096E-02
 1.11233144E+00  6.49683698E-02
 1.09131013E+00  4.22964116E-02
 1.07211311E+00  6.83969632E-04
 1.06097583E+00 -3.29288786E-02
 1.06055678E+00 -4.31569620E-02
 1.06666354E+00 -2.52681722E-02
 1.07745282E+00  1.25741538E-02
 1.09116548E+00  4.58674571E-02
 1.10485968E+00  6.27682531E-02
 1.11840730E+00  6.55155627E-02
 1.13224871E+00  5.72774950E-02
 1.14671539E+00  4.95621693E-02
 1.16213181E+00  4.70675687E-02
 1.17720060E+00  4.32561291E-02
 1.18887923E+00  3.66284808E-02
 1.19307589E+00  2.54177103E-02
 1.18695844E+00  9.22147244E-03
 1.16937267E+00 -5.93627804E-03
 1.13996653E+00 -1.78649706E-02
 1.10032704E+00 -2.68665737E-02
 1.05357302E+00 -3.18310513E-02
 1.00492642E+00 -3.39667672E-02
 9.64593313E-01 -3.41355751E-02
 9.45019499E-01 -3.18770572E-02
 9.54750443E-01 -2.82143743E-02
 9.95417532E-01 -2.40667053E-02
 1.05600504E+00 -1.91567400E-02
 1.11508431E+00 -1.31875910E-02
 1.15553169E+00 -6.09600632E-03
 1.16767887E+00  1.89580441E-03
 1.15232203E+00  9.54925684E-03
 1.12259335E+00  1.49509699E-02
 1.08718184E+00  1.71510283E-02
 1.05081009E+00  1.61568913E-02
 1.02337575E+00  1.25783681E-02
 1.01220052E+00  7.70718900E-03
 1.02415984E+00  1.84388300E-03
 1.06198113E+00 -6.36880008E-03
 1.10437109E+00 -1.97726443E-02
 1.11604886E+00 -4.19283864E-02
 1.07428690E+00 -7.35204087E-02
 9.74292978E-01 -1.10436042E-01
 8.46019607E-01 -1.42323813E-01
 7.47152068E-01 -1.55264378E-01
 7.07549543E-01 -1.42469366E-01
 7.18933607E-01 -1.09096744E-01
 7.30442016E-01 -7.68788308E-02
 6.85467913E-01 -7.70174054E-02
 6.69719567E-01 -1.19938247E-01
 8.13837273E-01 -1.82583759E-01
 1.00796766E+00 -1.96494710E-01
 1.06406627E+00 -9.89044932E-02
 1.03283197E+00  1.86305304E-02
 1.02467886E+00  1.11113996E-02
 1.00351579E+00 -3.64867269E-02
 9.50318529E-01  3.17707672E-02
 9.35282135E-01  1.29943638E-01
 9.92862094E-01  1.36551483E-01
 1.08126274E+00  1.53293845E-01
 1.14275418E+00  2.74327160E-01
 1.15741576E+00  3.43691516E-01
 1.12557107E+00  1.99219507E-01
 1.05750370E+00 -1.11447540E-03
 9.89844858E-01 -1.77135008E-02
 9.42017566E-01  9.13482369E-02
 9.08174289E-01  1.72387913E-01
 8.89039175E-01  2.05002972E-01
 8.77824947E-01  1.68705698E-01
 8.70104021E-01  1.13943084E-01
 8.70727897E-01  1.73722596E-01
 8.63590185E-01  2.49377128E-01
 8.24727691E-01  1.47371196E-01
 7.47397571E-01 -3.33757047E-02
 6.44578005E-01 -1.07595747E-01
 5.75190379E-01 -8.14424386E-02
 6.00490766E-01 -2.00127122E-03
 6.54061691E-01  6.01263513E-02
 6.25819216E-01 -1.95894004E-02
 5.81540922E-01 -1.57926251E-01
 6.33637393E-01 -1.60878307E-01
 7.01978848E-01 -1.11421261E-01
 6.75873310E-01 -1.73983736E-01
 6.16667159E-01 -2.71226347E-01
 6.09349217E-01 -2.99129561E-01
 6.31322209E-01 -2.94222487E-01
 6.52365256E-01 -2.77400899E-01
 6.69655618E-01 -2.20894109E-01
 6.53398108E-01 -1.31643326E-01
 5.83363785E-01 -3.55546666E-02
 4.81550689E-01  4.44800062E-02
 4.02502530E-01  6.87719075E-02
 4.18484902E-01  1.89010217E-02
 5.58271044E-01 -1.79002458E-02
 7.76786948E-01  6.44643019E-02
 9.37818978E-01  1.77119777E-01
 9.01186832E-01  1.60053185E-01
 7.91056856E-01  6.82837553E-02
 8.32896614E-01  2.05938462E-02
 8.72852070E-01 -1.87802744E-02
 6.58145241E-01 -8.66828209E-02
 3.66667470E-01 -1.32255132E-01
 2.70513307E-01 -1.32114498E-01
 3.28908443E-01 -1.09576267E-01
 4.46144983E-01 -8.21858109E-02
 5.99677088E-01 -5.31734378E-02
 7.00273613E-01 -2.52511089E-02
 7.28203071E-01 -2.02454704E-03
 7.67194095E-01  1.89391698E-02
 8.12184835E-01  3.58301947E-02
 8.19978593E-01  4.08767134E-02
 7.78199539E-01  3.27007102E-02
 6.60544573E-01  1.27570998E-02
 5.17509918E-01 -1.61670513E-02
 4.47997780E-01 -4.76327678E-02
 4.22261085E-01 -8.00624869E-02
 3.59552946E-01 -1.15328813E-01
 2.78185992E-01 -1.50513995E-01
 2.11902346E-01 -1.80554364E-01
 1.55172245E-01 -1.98323546E-01
 1.25771201E-01 -1.94437988E-01
 1.45392620E-01 -1.66363229E-01
 2.18746285E-01 -1.20685859E-01
 3.70456717E-01 -7.26202243E-02
 6.03871685E-01 -4.26443837E-02
 8.15948274E-01 -3.92982860E-02
 8.89091890E-01 -4.94121466E-02
 8.90677071E-01 -2.95129268E-02
 9.57217928E-01  5.68718681E-02
 1.03308226E+00  1.36907549E-01
 1.01443929E+00  1.08703958E-01
 9.57150341E-01  5.79105607E-02
 9.29025736E-01  1.28559210E-01
 9.11745015E-01  2.54797826E-01
 8.97915183E-01  3.00519259E-01
 8.92658738E-01  2.38457600E-01
 8.71044311E-01  7.49698036E-02
 8.10560823E-01 -8.25963047E-02
 7.10796743E-01 -6.25753494E-02
 6.00206783E-01  3.42771808E-02
 5.29837409E-01 -1.15257702E-02
 5.27545957E-01 -9.65020725E-02
 5.92824627E-01 -3.62781798E-02
 7.01563909E-01  8.02968193E-02
 7.99415303E-01  1.37593520E-01
 8.46030518E-01  1.72848141E-01
 8.23130366E-01  2.02338807E-01
 7.14956539E-01  1.85597681E-01
 5.49831282E-01  1.18839075E-01
 4.36821199E-01  2.24927923E-02
 4.67570653E-01 -8.08357835E-02
 5.20930873E-01 -1.42117313E-01
 4.14006280E-01 -1.25047242E-01
 2.93003505E-01 -1.00329262E-01
 4.00267273E-01 -1.64548530E-01
 6.01814218E-01 -2.34986015E-01
 6.78862502E-01 -1.71360455E-01
 7.17773027E-01 -4.04511594E-02
 8.33966296E-01  3.37302035E-02
 9.53974649E-01  8.10546196E-02
 1.02355662E+00  1.39217411E-01
 1.08475339E+00  1.55513932E-01
 1.15078743E+00  1.02942700E-01
 1.18321025E+00  1.64020136E-02
 1.15105533E+00 -6.71084791E-02
 1.05436992E+00 -1.27493204E-01
 9.08056418E-01 -1.48711871E-01
 7.40964391E-01 -1.31957602E-01
 6.01976838E-01 -1.00514933E-01
 5.29980944E-01 -6.54726746E-02
 5.40384163E-01 -2.59671892E-02
 6.25762840E-01  1.56627608E-02
 7.51383727E-01  6.31815010E-02
 8.81736446E-01  1.10680963E-01
 9.83060767E-01  1.41520217E-01
 1.00821030E+00  1.53585385E-01
 9.49219569E-01  1.50878946E-01
 9.14178719E-01  1.34806105E-01
 1.01231933E+00  1.09909888E-01
 1.09402895E+00  7.15259564E-02
 9.38873076E-01  8.46891137E-03
 7.10818244E-01 -7.56726419E-02
 6.89269915E-01 -1.63369578E-01
 7.66662045E-01 -2.22757934E-01
