# x =
 1.15095769E+01
# y =
 3.25097170E+00
 VARIABLES = u,v
 1.17225747E+00  7.21994107E-03
 1.17220348E+00  7.18909418E-03
 1.17212186E+00  7.13698826E-03
 1.17201771E+00  7.06544108E-03
 1.17189442E+00  6.97577924E-03
 1.17175866E+00  6.87068303E-03
 1.17161994E+00  6.75404453E-03
 1.17148350E+00  6.62842849E-03
 1.17135304E+00  6.49603405E-03
 1.17123291E+00  6.35942874E-03
 1.17112769E+00  6.22133014E-03
 1.17104787E+00  6.08655398E-03
 1.17100822E+00  5.96140600E-03
 1.17101882E+00  5.85059081E-03
 1.17108544E+00  5.75728121E-03
 1.17120904E+00  5.68286503E-03
 1.17138409E+00  5.62638114E-03
 1.17160623E+00  5.58720011E-03
 1.17187229E+00  5.56504431E-03
 1.17217575E+00  5.55851441E-03
 1.17250962E+00  5.56603049E-03
 1.17286463E+00  5.58500248E-03
 1.17322908E+00  5.61176178E-03
 1.17359489E+00  5.64365295E-03
 1.17395592E+00  5.67842410E-03
 1.17430423E+00  5.71314541E-03
 1.17463095E+00  5.74451086E-03
 1.17492337E+00  5.76775605E-03
 1.17516556E+00  5.77698450E-03
 1.17534553E+00  5.76767670E-03
 1.17545528E+00  5.73679239E-03
 1.17549011E+00  5.68276235E-03
 1.17545028E+00  5.60598938E-03
 1.17533621E+00  5.50689136E-03
 1.17514822E+00  5.38575380E-03
 1.17489016E+00  5.24380451E-03
 1.17456763E+00  5.08256918E-03
 1.17418898E+00  4.90463418E-03
 1.17376574E+00  4.71371505E-03
 1.17330863E+00  4.51306585E-03
 1.17282850E+00  4.30594240E-03
 1.17233840E+00  4.09623733E-03
 1.17185275E+00  3.88823980E-03
 1.17138871E+00  3.68756707E-03
 1.17096532E+00  3.50073592E-03
 1.17059862E+00  3.33306492E-03
 1.17030080E+00  3.18846037E-03
 1.17007965E+00  3.06910080E-03
 1.16993772E+00  2.97512666E-03
 1.16987654E+00  2.90661866E-03
 1.16989717E+00  2.86378745E-03
 1.16999894E+00  2.84631794E-03
 1.17018034E+00  2.85392893E-03
 1.17043589E+00  2.88519410E-03
 1.17075605E+00  2.93758339E-03
 1.17113067E+00  3.00907434E-03
 1.17154777E+00  3.09755654E-03
 1.17199372E+00  3.20044772E-03
 1.17245380E+00  3.31481501E-03
 1.17290933E+00  3.43602857E-03
 1.17333956E+00  3.55832007E-03
 1.17372686E+00  3.67704546E-03
 1.17405766E+00  3.78879896E-03
 1.17432494E+00  3.89186825E-03
 1.17452853E+00  3.98651348E-03
 1.17466853E+00  4.07262319E-03
 1.17474470E+00  4.14956715E-03
 1.17475699E+00  4.21698133E-03
 1.17470407E+00  4.27402485E-03
 1.17458883E+00  4.32053649E-03
 1.17441790E+00  4.35693170E-03
 1.17419647E+00  4.38230367E-03
 1.17393060E+00  4.39516697E-03
 1.17362710E+00  4.39428444E-03
 1.17329332E+00  4.37866198E-03
 1.17294273E+00  4.34916039E-03
 1.17259245E+00  4.30813247E-03
 1.17225567E+00  4.25688018E-03
 1.17194143E+00  4.19582201E-03
 1.17165211E+00  4.12456205E-03
 1.17138277E+00  4.04144878E-03
 1.17112998E+00  3.94578649E-03
 1.17089217E+00  3.83790544E-03
 1.17066721E+00  3.71781004E-03
 1.17045517E+00  3.58614185E-03
 1.17025366E+00  3.44401649E-03
 1.17005845E+00  3.29307672E-03
 1.16987041E+00  3.13734732E-03
 1.16969277E+00  2.98261291E-03
 1.16952841E+00  2.83463476E-03
 1.16937991E+00  2.69905121E-03
 1.16924355E+00  2.58022744E-03
 1.16911075E+00  2.48099926E-03
 1.16897725E+00  2.40491473E-03
 1.16884244E+00  2.35572897E-03
 1.16870920E+00  2.33618887E-03
 1.16858566E+00  2.34871567E-03
 1.16847741E+00  2.39444579E-03
 1.16838754E+00  2.47327839E-03
 1.16832174E+00  2.58582826E-03
 1.16828497E+00  2.73251290E-03
 1.16828199E+00  2.91182441E-03
 1.16831731E+00  3.12046486E-03
 1.16838892E+00  3.35237702E-03
 1.16849002E+00  3.59881372E-03
 1.16861468E+00  3.85098075E-03
 1.16875747E+00  4.10017534E-03
 1.16891643E+00  4.33746382E-03
 1.16909355E+00  4.55481582E-03
 1.16928740E+00  4.74430683E-03
 1.16949407E+00  4.89879795E-03
 1.16971024E+00  5.01439533E-03
 1.16993090E+00  5.08968198E-03
 1.17015254E+00  5.12426542E-03
 1.17037299E+00  5.11863060E-03
 1.17058589E+00  5.07222615E-03
 1.17078292E+00  4.98380559E-03
 1.17095713E+00  4.85509190E-03
 1.17110230E+00  4.69039136E-03
 1.17121574E+00  4.49573413E-03
 1.17129844E+00  4.27967509E-03
 1.17134965E+00  4.05075128E-03
 1.17136760E+00  3.81736906E-03
 1.17135082E+00  3.59016223E-03
 1.17129657E+00  3.38017969E-03
 1.17120355E+00  3.19717537E-03
 1.17107179E+00  3.04908536E-03
 1.17089919E+00  2.93908739E-03
 1.17068305E+00  2.86604727E-03
 1.17042151E+00  2.82860299E-03
 1.17011332E+00  2.82530310E-03
 1.16976061E+00  2.85534200E-03
 1.16936868E+00  2.91920776E-03
 1.16894279E+00  3.01429003E-03
 1.16848903E+00  3.13536497E-03
 1.16801497E+00  3.27753862E-03
 1.16752859E+00  3.43471414E-03
 1.16703970E+00  3.60070555E-03
 1.16655928E+00  3.76936852E-03
 1.16609650E+00  3.93085300E-03
 1.16565943E+00  4.07343339E-03
 1.16525609E+00  4.18770120E-03
 1.16489347E+00  4.26671667E-03
 1.16457805E+00  4.30819727E-03
 1.16431576E+00  4.31474057E-03
 1.16411024E+00  4.28832834E-03
 1.16396334E+00  4.23025412E-03
 1.16387644E+00  4.14221941E-03
 1.16384934E+00  4.02481208E-03
 1.16387912E+00  3.88095412E-03
 1.16395997E+00  3.71557919E-03
 1.16408194E+00  3.53146768E-03
 1.16423134E+00  3.33095599E-03
 1.16439363E+00  3.11685024E-03
 1.16455382E+00  2.89221957E-03
 1.16469677E+00  2.66408600E-03
 1.16480869E+00  2.44223059E-03
 1.16487653E+00  2.23383623E-03
 1.16488939E+00  2.04365683E-03
 1.16484192E+00  1.87335161E-03
 1.16473331E+00  1.72064602E-03
 1.16456484E+00  1.58440950E-03
 1.16433939E+00  1.46472149E-03
 1.16405845E+00  1.36039856E-03
 1.16372270E+00  1.27082772E-03
 1.16333795E+00  1.19441085E-03
 1.16291450E+00  1.12861505E-03
 1.16246549E+00  1.07399058E-03
 1.16200821E+00  1.03282806E-03
 1.16155994E+00  1.00672275E-03
 1.16113781E+00  9.96795350E-04
 1.16076280E+00  1.00114592E-03
 1.16045650E+00  1.01517477E-03
 1.16023756E+00  1.03646721E-03
 1.16012058E+00  1.06445097E-03
 1.16011095E+00  1.09960228E-03
 1.16020547E+00  1.14455209E-03
 1.16039995E+00  1.20069080E-03
 1.16068941E+00  1.26807001E-03
 1.16106918E+00  1.34828633E-03
 1.16153606E+00  1.44287590E-03
 1.16208039E+00  1.55294881E-03
 1.16268683E+00  1.67933989E-03
 1.16333988E+00  1.81973225E-03
 1.16402120E+00  1.96936112E-03
 1.16471176E+00  2.12403415E-03
 1.16539232E+00  2.27998113E-03
 1.16603692E+00  2.43488512E-03
 1.16661643E+00  2.58831703E-03
 1.16710650E+00  2.73840137E-03
 1.16748825E+00  2.88221347E-03
 1.16775280E+00  3.01753291E-03
 1.16790167E+00  3.14177716E-03
 1.16793645E+00  3.25322356E-03
 1.16785857E+00  3.35107418E-03
 1.16767102E+00  3.43288512E-03
 1.16737580E+00  3.49560361E-03
 1.16698153E+00  3.53741756E-03
 1.16650297E+00  3.55746185E-03
 1.16595324E+00  3.55707866E-03
 1.16534697E+00  3.53982704E-03
 1.16470057E+00  3.50873664E-03
 1.16403140E+00  3.46641997E-03
 1.16336472E+00  3.41561287E-03
 1.16273045E+00  3.35825360E-03
 1.16215293E+00  3.29672950E-03
 1.16165032E+00  3.23359830E-03
 1.16123127E+00  3.16954660E-03
 1.16089383E+00  3.10417358E-03
 1.16063673E+00  3.03686994E-03
 1.16045982E+00  2.96679745E-03
 1.16036103E+00  2.89451520E-03
 1.16033946E+00  2.82173986E-03
 1.16038855E+00  2.74892853E-03
 1.16049645E+00  2.67565679E-03
 1.16065472E+00  2.60104104E-03
 1.16085502E+00  2.52315299E-03
 1.16108724E+00  2.44063560E-03
 1.16134021E+00  2.35260315E-03
 1.16159445E+00  2.25696649E-03
 1.16182496E+00  2.15139657E-03
 1.16201281E+00  2.03412492E-03
 1.16214536E+00  1.90394230E-03
 1.16221847E+00  1.76166991E-03
 1.16223801E+00  1.60992297E-03
 1.16220826E+00  1.45104133E-03
 1.16213134E+00  1.28717186E-03
 1.16201149E+00  1.12013917E-03
 1.16185135E+00  9.50970367E-04
 1.16165724E+00  7.81594545E-04
 1.16143885E+00  6.14596116E-04
 1.16119997E+00  4.51762052E-04
 1.16094180E+00  2.94795894E-04
 1.16066692E+00  1.45277402E-04
 1.16037883E+00  4.64167206E-06
 1.16008911E+00 -1.24228425E-04
 1.15981549E+00 -2.37523267E-04
 1.15956984E+00 -3.32306129E-04
 1.15935850E+00 -4.06338717E-04
 1.15918229E+00 -4.58453002E-04
 1.15903427E+00 -4.88842063E-04
 1.15891005E+00 -4.97294811E-04
 1.15880802E+00 -4.83314132E-04
 1.15872327E+00 -4.47081418E-04
 1.15865165E+00 -3.88814871E-04
 1.15858798E+00 -3.09216277E-04
 1.15852602E+00 -2.09511824E-04
 1.15846694E+00 -9.01467031E-05
 1.15841675E+00  4.88321964E-05
 1.15837997E+00  2.06980972E-04
 1.15836007E+00  3.83658602E-04
 1.15835479E+00  5.77456076E-04
 1.15835629E+00  7.86264998E-04
 1.15836140E+00  1.00866019E-03
 1.15837088E+00  1.24387071E-03
 1.15838659E+00  1.49155507E-03
 1.15841409E+00  1.75192130E-03
 1.15845629E+00  2.02441643E-03
 1.15851311E+00  2.30732504E-03
 1.15858801E+00  2.59803406E-03
 1.15868447E+00  2.89235372E-03
 1.15880384E+00  3.18463702E-03
 1.15894557E+00  3.46737529E-03
 1.15910148E+00  3.72979668E-03
 1.15925749E+00  3.95901233E-03
 1.15940195E+00  4.14260894E-03
 1.15952629E+00  4.27004200E-03
 1.15962755E+00  4.33539671E-03
 1.15971065E+00  4.33840677E-03
 1.15978155E+00  4.28201193E-03
 1.15984938E+00  4.17435823E-03
 1.15993294E+00  4.03191267E-03
 1.16005545E+00  3.87641445E-03
 1.16024016E+00  3.73102726E-03
 1.16050623E+00  3.61652226E-03
 1.16085601E+00  3.54274862E-03
 1.16127406E+00  3.50746550E-03
 1.16173660E+00  3.50309266E-03
 1.16220504E+00  3.51184324E-03
 1.16261946E+00  3.49982244E-03
 1.16290880E+00  3.42392998E-03
 1.16300080E+00  3.23846003E-03
 1.16283592E+00  2.90422360E-03
 1.16239585E+00  2.40887659E-03
 1.16170781E+00  1.76843863E-03
 1.16082666E+00  1.01175605E-03
 1.15985189E+00  1.91070077E-04
 1.15894651E+00 -6.06605766E-04
 1.15831166E+00 -1.27482531E-03
 1.15815486E+00 -1.70087481E-03
 1.15865341E+00 -1.78677566E-03
 1.15988092E+00 -1.49511663E-03
 1.16179550E+00 -8.52487708E-04
 1.16429227E+00  8.31911459E-05
 1.16715956E+00  1.19864285E-03
 1.17002631E+00  2.30047081E-03
 1.17242600E+00  3.15512201E-03
 1.17386873E+00  3.53196101E-03
 1.17392969E+00  3.26034481E-03
 1.17243654E+00  2.34425194E-03
 1.16949134E+00  9.80060555E-04
 1.16533022E+00 -5.17329569E-04
 1.16042761E+00 -1.64647336E-03
 1.15561606E+00 -1.64271848E-03
 1.15191953E+00  2.51497994E-04
 1.15037296E+00  4.31591363E-03
 1.15179109E+00  9.94603690E-03
 1.15628882E+00  1.50136024E-02
 1.16321645E+00  1.64638378E-02
 1.17149169E+00  1.24042837E-02
 1.17932484E+00  2.94553559E-03
 1.18390869E+00 -8.70590390E-03
 1.18227841E+00 -1.68553716E-02
 1.17269597E+00 -1.77315447E-02
 1.15592286E+00 -1.05975932E-02
 1.13733583E+00  1.66955978E-03
 1.12542297E+00  1.25689726E-02
 1.12602738E+00  1.79236173E-02
 1.14040519E+00  1.69100475E-02
 1.16265039E+00  1.07888701E-02
 1.18061444E+00  3.92940390E-03
 1.18640466E+00 -1.27041953E-03
 1.17830213E+00 -5.13156595E-03
 1.16058123E+00 -7.23693426E-03
 1.14443512E+00 -8.10750297E-03
 1.13633688E+00 -7.49959988E-03
 1.13637420E+00 -3.82733787E-03
 1.14295418E+00  1.71509042E-03
 1.15013456E+00  6.50030421E-03
 1.15516856E+00  8.67685401E-03
 1.16010932E+00  6.65602297E-03
 1.16437377E+00  1.57036193E-03
 1.16763304E+00 -2.97672534E-03
 1.16906407E+00 -5.09460824E-03
 1.16580062E+00 -4.35081442E-03
 1.15925151E+00 -1.52828029E-03
 1.15356798E+00  6.48065682E-04
 1.15114890E+00  1.02087516E-03
 1.15375060E+00  2.57841957E-04
 1.15997746E+00 -1.09205249E-03
 1.16506479E+00 -1.66587777E-03
 1.16673816E+00 -8.77944861E-04
 1.16495637E+00  3.97610568E-04
 1.16078788E+00  1.72751423E-03
 1.15760886E+00  2.59089217E-03
 1.15697190E+00  2.55531626E-03
 1.15802876E+00  1.97953012E-03
 1.16019933E+00  1.02659611E-03
 1.16200836E+00 -2.04654741E-04
 1.16269416E+00 -1.39120307E-03
 1.16312593E+00 -2.33294558E-03
 1.16349360E+00 -2.56112897E-03
 1.16391263E+00 -1.45640010E-03
 1.16446573E+00  1.15707400E-03
 1.16444278E+00  4.86474325E-03
 1.16358564E+00  8.17649276E-03
 1.16201807E+00  8.89081890E-03
 1.15975119E+00  5.70762367E-03
 1.15716815E+00 -1.17429819E-03
 1.15474302E+00 -9.27232750E-03
 1.15286294E+00 -1.43032038E-02
 1.15203124E+00 -1.35587365E-02
 1.15261479E+00 -6.82769123E-03
 1.15464491E+00  3.03888953E-03
 1.15787453E+00  1.03367577E-02
 1.16183537E+00  1.15416966E-02
 1.16573684E+00  6.40520008E-03
 1.16835351E+00 -2.53683041E-03
 1.16836407E+00 -9.58698678E-03
 1.16495169E+00 -1.14221096E-02
 1.15835527E+00 -8.26563000E-03
 1.15077973E+00 -1.94338247E-03
 1.14577736E+00  3.20441117E-03
 1.14582380E+00  4.81425470E-03
 1.15152691E+00  3.71719391E-03
 1.16057422E+00  1.04304058E-03
 1.16808536E+00 -7.33166423E-04
 1.17095447E+00 -3.13028849E-04
 1.16860531E+00  1.22581527E-03
 1.16282675E+00  3.21475886E-03
 1.15814772E+00  4.64458086E-03
 1.15704989E+00  4.89297037E-03
 1.15922415E+00  4.74621417E-03
 1.16347552E+00  4.53385639E-03
 1.16676648E+00  4.43127888E-03
 1.16760659E+00  4.67241611E-03
 1.16695144E+00  4.86536597E-03
 1.16548904E+00  4.84835048E-03
 1.16458221E+00  4.69485013E-03
 1.16494026E+00  4.33781408E-03
 1.16564054E+00  3.90390656E-03
 1.16631599E+00  3.47650679E-03
 1.16666541E+00  3.00124749E-03
 1.16640543E+00  2.50765524E-03
 1.16604957E+00  2.00148013E-03
 1.16579465E+00  1.47829617E-03
 1.16558328E+00  9.87685237E-04
 1.16552324E+00  5.52158831E-04
 1.16546248E+00  1.81581827E-04
 1.16531472E+00 -1.09316003E-04
 1.16516065E+00 -3.25907362E-04
 1.16497417E+00 -4.71568109E-04
 1.16476838E+00 -5.43838534E-04
 1.16457670E+00 -5.44590325E-04
 1.16437070E+00 -4.72911169E-04
 1.16415054E+00 -3.32274517E-04
 1.16392383E+00 -1.32143139E-04
 1.16368427E+00  1.20828777E-04
 1.16344099E+00  4.19435631E-04
 1.16320230E+00  7.55222991E-04
 1.16297099E+00  1.11933748E-03
 1.16274850E+00  1.49535239E-03
 1.16253087E+00  1.86207902E-03
 1.16231642E+00  2.20322283E-03
 1.16210753E+00  2.50747429E-03
 1.16191034E+00  2.77122282E-03
 1.16173600E+00  2.99960011E-03
 1.16159288E+00  3.19588750E-03
 1.16148650E+00  3.36118646E-03
 1.16142397E+00  3.49777774E-03
 1.16141063E+00  3.60578006E-03
 1.16145151E+00  3.68833683E-03
 1.16155107E+00  3.75115101E-03
 1.16170672E+00  3.79419216E-03
 1.16191091E+00  3.81487690E-03
 1.16215630E+00  3.81143880E-03
 1.16243541E+00  3.78268543E-03
 1.16274410E+00  3.73470792E-03
 1.16308208E+00  3.67930794E-03
 1.16344596E+00  3.62336547E-03
 1.16383058E+00  3.56950785E-03
 1.16423226E+00  3.51630906E-03
 1.16464643E+00  3.45630924E-03
 1.16507016E+00  3.38493798E-03
 1.16550171E+00  3.30064842E-03
 1.16593464E+00  3.19918941E-03
 1.16635996E+00  3.07737360E-03
 1.16677040E+00  2.93224430E-03
 1.16715947E+00  2.76106011E-03
 1.16752365E+00  2.56862339E-03
 1.16786283E+00  2.36509550E-03
 1.16817490E+00  2.15966322E-03
 1.16845659E+00  1.96075910E-03
 1.16870601E+00  1.77228202E-03
 1.16892066E+00  1.59310655E-03
 1.16909866E+00  1.42574036E-03
 1.16923865E+00  1.27518796E-03
 1.16933603E+00  1.14544389E-03
 1.16938436E+00  1.04202543E-03
 1.16937844E+00  9.67854583E-04
 1.16931413E+00  9.23287493E-04
 1.16919037E+00  9.12605143E-04
 1.16900964E+00  9.41145951E-04
 1.16877440E+00  1.01138003E-03
 1.16848799E+00  1.12356437E-03
 1.16815679E+00  1.27192914E-03
 1.16778866E+00  1.44499801E-03
 1.16739338E+00  1.63260994E-03
 1.16698212E+00  1.82562260E-03
 1.16656353E+00  2.01517671E-03
 1.16614453E+00  2.19493222E-03
 1.16573310E+00  2.35734282E-03
 1.16533710E+00  2.49454238E-03
 1.16496428E+00  2.60353676E-03
 1.16462282E+00  2.68412459E-03
 1.16431880E+00  2.73718207E-03
 1.16405683E+00  2.76469054E-03
 1.16384279E+00  2.76526251E-03
 1.16368223E+00  2.73501096E-03
 1.16357861E+00  2.67378693E-03
 1.16353339E+00  2.58422934E-03
 1.16354413E+00  2.47107210E-03
 1.16360476E+00  2.34250787E-03
 1.16370910E+00  2.20556611E-03
 1.16385076E+00  2.06631713E-03
 1.16402261E+00  1.93393692E-03
 1.16421831E+00  1.81806843E-03
 1.16443126E+00  1.72712867E-03
 1.16465546E+00  1.66808972E-03
 1.16488892E+00  1.64223902E-03
 1.16513233E+00  1.64595260E-03
 1.16538643E+00  1.67604838E-03
 1.16565157E+00  1.72961891E-03
 1.16592491E+00  1.80487712E-03
 1.16620045E+00  1.90216638E-03
 1.16647393E+00  2.01879310E-03
 1.16674190E+00  2.14969914E-03
 1.16699976E+00  2.29115834E-03
 1.16724342E+00  2.43884149E-03
 1.16746735E+00  2.58870969E-03
 1.16766525E+00  2.73712288E-03
 1.16783479E+00  2.87637947E-03
 1.16797582E+00  2.99651771E-03
 1.16808670E+00  3.09007543E-03
 1.16816488E+00  3.15187307E-03
 1.16820491E+00  3.18085329E-03
 1.16819844E+00  3.18056760E-03
 1.16813969E+00  3.15362727E-03
 1.16802526E+00  3.10185179E-03
 1.16785242E+00  3.02815671E-03
 1.16762128E+00  2.93480784E-03
 1.16733318E+00  2.82599916E-03
 1.16699122E+00  2.70771087E-03
 1.16660461E+00  2.58358437E-03
 1.16618685E+00  2.45640213E-03
 1.16575245E+00  2.32964476E-03
 1.16531648E+00  2.20708881E-03
 1.16489119E+00  2.09565170E-03
 1.16448551E+00  2.00462481E-03
 1.16411001E+00  1.94082064E-03
 1.16377524E+00  1.90871709E-03
 1.16348904E+00  1.91038654E-03
 1.16325818E+00  1.94452726E-03
 1.16308660E+00  2.01036143E-03
 1.16297603E+00  2.10769063E-03
 1.16293101E+00  2.23447725E-03
 1.16295682E+00  2.38827734E-03
 1.16305464E+00  2.56529655E-03
 1.16322210E+00  2.76022890E-03
 1.16345163E+00  2.96932577E-03
 1.16373016E+00  3.18954795E-03
 1.16404506E+00  3.41674219E-03
 1.16438407E+00  3.64608489E-03
 1.16473283E+00  3.87063693E-03
 1.16507780E+00  4.08170559E-03
 1.16540594E+00  4.27250219E-03
 1.16570578E+00  4.43827650E-03
 1.16597306E+00  4.57611245E-03
 1.16620907E+00  4.68568706E-03
 1.16641550E+00  4.76654912E-03
 1.16659414E+00  4.81786866E-03
 1.16674356E+00  4.84005066E-03
 1.16685882E+00  4.83378886E-03
 1.16693923E+00  4.80096600E-03
 1.16698714E+00  4.74475226E-03
 1.16700438E+00  4.66734695E-03
 1.16699472E+00  4.57064789E-03
 1.16696087E+00  4.45738670E-03
 1.16690481E+00  4.33087512E-03
 1.16683445E+00  4.19635782E-03
 1.16676060E+00  4.06053885E-03
 1.16669121E+00  3.92857718E-03
 1.16663161E+00  3.80390882E-03
 1.16658077E+00  3.68808487E-03
 1.16653127E+00  3.58029003E-03
 1.16647789E+00  3.48002776E-03
 1.16641737E+00  3.38738259E-03
 1.16634678E+00  3.30188606E-03
 1.16626608E+00  3.22341464E-03
 1.16617362E+00  3.15103838E-03
 1.16606678E+00  3.08309197E-03
 1.16594846E+00  3.01942463E-03
 1.16582435E+00  2.96060412E-03
 1.16570041E+00  2.90685933E-03
 1.16558279E+00  2.85814354E-03
 1.16547225E+00  2.81238814E-03
 1.16536506E+00  2.76595573E-03
 1.16526088E+00  2.71672381E-03
 1.16516168E+00  2.66401045E-03
 1.16507091E+00  2.60855081E-03
 1.16499522E+00  2.55304174E-03
 1.16493856E+00  2.49948612E-03
 1.16490247E+00  2.44908123E-03
 1.16489129E+00  2.40376851E-03
 1.16490923E+00  2.36515301E-03
 1.16495915E+00  2.33494586E-03
 1.16504284E+00  2.31492245E-03
 1.16515626E+00  2.30469034E-03
 1.16529057E+00  2.30237893E-03
 1.16543788E+00  2.30636898E-03
 1.16559083E+00  2.31523994E-03
 1.16574370E+00  2.32907127E-03
 1.16589368E+00  2.34944230E-03
 1.16603610E+00  2.37665045E-03
 1.16616532E+00  2.40999439E-03
 1.16627865E+00  2.44861058E-03
 1.16637431E+00  2.49072310E-03
 1.16645176E+00  2.53520622E-03
 1.16651160E+00  2.58156945E-03
 1.16655096E+00  2.62800195E-03
 1.16656485E+00  2.67229018E-03
 1.16655079E+00  2.71267794E-03
 1.16650795E+00  2.74768971E-03
 1.16643784E+00  2.77751950E-03
 1.16634509E+00  2.80383963E-03
 1.16623301E+00  2.82778498E-03
 1.16610400E+00  2.85010358E-03
 1.16596245E+00  2.87116713E-03
 1.16581268E+00  2.89046938E-03
 1.16565877E+00  2.90808049E-03
 1.16550446E+00  2.92446421E-03
 1.16534960E+00  2.93915885E-03
 1.16519108E+00  2.95142282E-03
 1.16502645E+00  2.96031396E-03
 1.16485370E+00  2.96466294E-03
 1.16467257E+00  2.96443312E-03
 1.16448508E+00  2.96040328E-03
 1.16429173E+00  2.95276790E-03
 1.16409208E+00  2.94141955E-03
 1.16388725E+00  2.92584631E-03
 1.16367839E+00  2.90486331E-03
 1.16346749E+00  2.87783768E-03
 1.16325720E+00  2.84455895E-03
 1.16304730E+00  2.80434729E-03
 1.16283592E+00  2.75660102E-03
 1.16262266E+00  2.70085672E-03
 1.16240805E+00  2.63674349E-03
 1.16219461E+00  2.56488478E-03
 1.16198714E+00  2.48669318E-03
 1.16178921E+00  2.40348639E-03
 1.16160335E+00  2.31661713E-03
 1.16143283E+00  2.22728849E-03
 1.16128024E+00  2.13638376E-03
 1.16114826E+00  2.04529598E-03
 1.16103961E+00  1.95580585E-03
 1.16095436E+00  1.86952668E-03
 1.16089081E+00  1.78819036E-03
 1.16084737E+00  1.71346072E-03
 1.16082242E+00  1.64687116E-03
 1.16081563E+00  1.59042351E-03
 1.16082812E+00  1.54633108E-03
 1.16085968E+00  1.51642669E-03
 1.16090926E+00  1.50219829E-03
 1.16097603E+00  1.50451548E-03
 1.16105856E+00  1.52352964E-03
 1.16115580E+00  1.55928295E-03
 1.16126700E+00  1.61162548E-03
 1.16138943E+00  1.67993807E-03
 1.16151925E+00  1.76327911E-03
 1.16165278E+00  1.86002868E-03
 1.16178622E+00  1.96782828E-03
 1.16191646E+00  2.08396526E-03
 1.16204129E+00  2.20528807E-03
 1.16215759E+00  2.32827934E-03
 1.16226175E+00  2.44926177E-03
 1.16235060E+00  2.56431947E-03
 1.16242087E+00  2.66951022E-03
 1.16246971E+00  2.76123045E-03
 1.16249488E+00  2.83642513E-03
 1.16249368E+00  2.89296490E-03
 1.16246340E+00  2.92965262E-03
 1.16240220E+00  2.94572078E-03
 1.16230891E+00  2.94074524E-03
 1.16218360E+00  2.91445980E-03
 1.16202776E+00  2.86680079E-03
 1.16184374E+00  2.79882549E-03
 1.16163504E+00  2.71271406E-03
 1.16140693E+00  2.61143676E-03
 1.16116591E+00  2.49892431E-03
 1.16091938E+00  2.37941952E-03
 1.16067523E+00  2.25732359E-03
 1.16044079E+00  2.13769562E-03
 1.16022261E+00  2.02567757E-03
 1.16002713E+00  1.92589276E-03
 1.15985989E+00  1.84211113E-03
 1.15972477E+00  1.77624685E-03
 1.15962424E+00  1.72851695E-03
 1.15955945E+00  1.69882507E-03
 1.15953054E+00  1.68692230E-03
 1.15953797E+00  1.69284683E-03
 1.15958202E+00  1.71705614E-03
 1.15966059E+00  1.75860779E-03
 1.15976939E+00  1.81534213E-03
 1.15990191E+00  1.88490900E-03
 1.16004921E+00  1.96419163E-03
 1.16020210E+00  2.04998579E-03
 1.16035133E+00  2.13903341E-03
 1.16048656E+00  2.22649753E-03
 1.16059778E+00  2.30681542E-03
 1.16067599E+00  2.37534557E-03
 1.16071404E+00  2.42852253E-03
 1.16070923E+00  2.46499244E-03
 1.16066266E+00  2.48564213E-03
 1.16057625E+00  2.49121393E-03
 1.16045229E+00  2.48228215E-03
 1.16029204E+00  2.45956100E-03
 1.16009544E+00  2.42333644E-03
 1.15986541E+00  2.37526027E-03
 1.15960723E+00  2.31822097E-03
 1.15932623E+00  2.25458167E-03
 1.15902937E+00  2.18679812E-03
 1.15872391E+00  2.11718751E-03
 1.15841778E+00  2.04756310E-03
 1.15812366E+00  1.98060833E-03
 1.15785726E+00  1.91897214E-03
 1.15763347E+00  1.86301783E-03
 1.15746652E+00  1.81046597E-03
 1.15736811E+00  1.75528130E-03
 1.15734616E+00  1.68828543E-03
 1.15740788E+00  1.60146743E-03
 1.15755806E+00  1.48939164E-03
 1.15779538E+00  1.35051121E-03
 1.15811253E+00  1.18896666E-03
 1.15849394E+00  1.01221406E-03
 1.15891374E+00  8.32950738E-04
 1.15933640E+00  6.73729454E-04
 1.15971902E+00  5.63038242E-04
 1.16001766E+00  5.28964393E-04
 1.16019344E+00  5.94735790E-04
 1.16021957E+00  7.68657438E-04
 1.16008574E+00  1.04206910E-03
 1.15979530E+00  1.39799795E-03
 1.15937270E+00  1.80510778E-03
 1.15887469E+00  2.20952848E-03
 1.15838054E+00  2.54431188E-03
 1.15797346E+00  2.73947767E-03
 1.15772639E+00  2.73415745E-03
 1.15767375E+00  2.50336267E-03
 1.15780600E+00  2.06116896E-03
 1.15809658E+00  1.44122473E-03
 1.15848489E+00  7.11722653E-04
 1.15885175E+00 -7.73224785E-06
 1.15904550E+00 -5.67794618E-04
 1.15890632E+00 -8.11479580E-04
 1.15829858E+00 -6.04025743E-04
 1.15718649E+00  1.03365234E-04
 1.15563856E+00  1.26688566E-03
 1.15376792E+00  2.79650301E-03
 1.15177004E+00  4.52100430E-03
 1.14996242E+00  6.14931770E-03
 1.14872002E+00  7.32648647E-03
 1.14841382E+00  7.69455921E-03
 1.14932158E+00  6.97116254E-03
 1.15144373E+00  5.11074127E-03
 1.15447818E+00  2.32722930E-03
 1.15793586E+00 -1.01579006E-03
 1.16103410E+00 -4.31176425E-03
 1.16258187E+00 -6.60561980E-03
 1.16137031E+00 -6.87568342E-03
 1.15684061E+00 -4.48656220E-03
 1.14967224E+00  3.93405141E-04
 1.14271818E+00  6.09466043E-03
 1.14018350E+00  9.91927321E-03
 1.14469890E+00  9.98883646E-03
 1.15618409E+00  5.84567194E-03
 1.17036468E+00 -7.49345533E-04
 1.17961644E+00 -6.08445647E-03
 1.17912016E+00 -7.80296044E-03
 1.16840884E+00 -5.47911767E-03
 1.15213630E+00 -4.90452941E-04
 1.13988652E+00  3.69781911E-03
 1.13748868E+00  5.17812998E-03
 1.14522254E+00  4.16973153E-03
 1.15911405E+00  1.57121077E-03
 1.17009652E+00 -3.12538347E-04
 1.17297272E+00 -3.55941944E-04
 1.16836919E+00  7.01122387E-04
 1.15911126E+00  2.31643025E-03
 1.15181939E+00  3.42945772E-03
 1.15008277E+00  3.48407850E-03
 1.15241539E+00  3.17491241E-03
 1.15707571E+00  2.78052548E-03
 1.16041888E+00  2.53823456E-03
 1.16047872E+00  2.67085428E-03
 1.15892310E+00  2.79240256E-03
 1.15672866E+00  2.76199116E-03
 1.15527400E+00  2.63242533E-03
 1.15544413E+00  2.33314752E-03
 1.15604421E+00  1.99389719E-03
 1.15656941E+00  1.68810774E-03
 1.15680413E+00  1.35829751E-03
 1.15641528E+00  1.03003438E-03
 1.15597101E+00  7.00175660E-04
 1.15571203E+00  3.56303145E-04
 1.15551658E+00  3.87145625E-05
 1.15548550E+00 -2.39099443E-04
 1.15545869E+00 -4.73618049E-04
 1.15533480E+00 -6.53182812E-04
 1.15522124E+00 -7.83033732E-04
 1.15510413E+00 -8.66365862E-04
 1.15499906E+00 -9.00925935E-04
 1.15494952E+00 -8.88869805E-04
 1.15492579E+00 -8.30384046E-04
 1.15492958E+00 -7.27979513E-04
 1.15497372E+00 -5.88350998E-04
 1.15504483E+00 -4.16344051E-04
 1.15514002E+00 -2.17078695E-04
 1.15525519E+00  3.39024124E-06
 1.15537960E+00  2.38780508E-04
 1.15551075E+00  4.78241029E-04
 1.15564859E+00  7.08030569E-04
 1.15578898E+00  9.17450635E-04
 1.15592781E+00  1.09893088E-03
 1.15606233E+00  1.24968217E-03
 1.15618932E+00  1.37235881E-03
 1.15630747E+00  1.46863546E-03
 1.15641672E+00  1.53901379E-03
 1.15651308E+00  1.58487878E-03
 1.15659061E+00  1.60650023E-03
 1.15664565E+00  1.60624531E-03
 1.15667602E+00  1.58832470E-03
 1.15668293E+00  1.55377260E-03
 1.15667132E+00  1.50235007E-03
 1.15664464E+00  1.43446073E-03
 1.15660533E+00  1.35093180E-03
 1.15655697E+00  1.25701697E-03
 1.15650228E+00  1.16134888E-03
 1.15644448E+00  1.06949477E-03
 1.15638705E+00  9.84239209E-04
 1.15632981E+00  9.05489234E-04
 1.15627027E+00  8.29119315E-04
 1.15620641E+00  7.52524709E-04
 1.15613649E+00  6.74748944E-04
 1.15606133E+00  5.93210979E-04
 1.15598449E+00  5.05922685E-04
 1.15590804E+00  4.10519948E-04
 1.15583342E+00  3.04271468E-04
 1.15576309E+00  1.88609430E-04
 1.15569911E+00  6.77412361E-05
 1.15564476E+00 -5.47824301E-05
 1.15560411E+00 -1.75866644E-04
 1.15557844E+00 -2.95391548E-04
 1.15556745E+00 -4.16207852E-04
 1.15557173E+00 -5.38665713E-04
 1.15559207E+00 -6.61129470E-04
 1.15563081E+00 -7.81563060E-04
 1.15569191E+00 -8.96089044E-04
 1.15577752E+00 -1.00212778E-03
 1.15588840E+00 -1.09844156E-03
 1.15602517E+00 -1.18145407E-03
 1.15618705E+00 -1.24702509E-03
 1.15637249E+00 -1.29190302E-03
 1.15657902E+00 -1.31341280E-03
 1.15680077E+00 -1.31223159E-03
 1.15702935E+00 -1.29196021E-03
 1.15725602E+00 -1.25535041E-03
 1.15747178E+00 -1.20457553E-03
 1.15766889E+00 -1.14103339E-03
 1.15784140E+00 -1.06449227E-03
 1.15798262E+00 -9.76096677E-04
 1.15808606E+00 -8.78020663E-04
 1.15814720E+00 -7.71069997E-04
 1.15816254E+00 -6.55920946E-04
 1.15813006E+00 -5.32951359E-04
 1.15804891E+00 -4.02190664E-04
 1.15791676E+00 -2.65993083E-04
 1.15773073E+00 -1.28322888E-04
 1.15749034E+00  7.77165139E-06
 1.15719711E+00  1.39652964E-04
 1.15685503E+00  2.65550160E-04
 1.15647100E+00  3.85025766E-04
 1.15605172E+00  4.96622009E-04
 1.15560394E+00  5.98189865E-04
 1.15513610E+00  6.88491797E-04
 1.15465677E+00  7.66271996E-04
 1.15417430E+00  8.30464757E-04
 1.15369636E+00  8.80360246E-04
 1.15322707E+00  9.14001648E-04
 1.15276774E+00  9.28689300E-04
 1.15232001E+00  9.22494073E-04
 1.15188601E+00  8.94075661E-04
 1.15146965E+00  8.43207655E-04
 1.15107706E+00  7.71131678E-04
 1.15071268E+00  6.79234192E-04
 1.15037986E+00  5.69390202E-04
 1.15008315E+00  4.44946441E-04
 1.14982673E+00  3.10077186E-04
 1.14961532E+00  1.69696207E-04
 1.14945380E+00  2.92389383E-05
 1.14934342E+00 -1.06774138E-04
 1.14928305E+00 -2.34613950E-04
 1.14927258E+00 -3.50260788E-04
 1.14931239E+00 -4.49973796E-04
 1.14940452E+00 -5.30594660E-04
 1.14955286E+00 -5.89249373E-04
 1.14975871E+00 -6.24057781E-04
 1.15002083E+00 -6.33851300E-04
 1.15033703E+00 -6.16952378E-04
 1.15070234E+00 -5.71791601E-04
 1.15111011E+00 -4.98044257E-04
 1.15155156E+00 -3.96537746E-04
 1.15201236E+00 -2.69772933E-04
 1.15247410E+00 -1.21945014E-04
 1.15291744E+00  4.26696708E-05
 1.15332273E+00  2.19683896E-04
 1.15367301E+00  4.04077193E-04
 1.15395467E+00  5.91026504E-04
 1.15415337E+00  7.75863461E-04
 1.15425570E+00  9.54514362E-04
 1.15425196E+00  1.12514184E-03
 1.15413486E+00  1.28763927E-03
 1.15390100E+00  1.44203132E-03
 1.15355053E+00  1.58828663E-03
 1.15308274E+00  1.72524539E-03
 1.15249819E+00  1.85053163E-03
 1.15180371E+00  1.96302774E-03
 1.15101220E+00  2.06247788E-03
 1.15014419E+00  2.14830097E-03
 1.14922792E+00  2.22043015E-03
 1.14829252E+00  2.27840371E-03
 1.14736743E+00  2.32155035E-03
 1.14648376E+00  2.35125711E-03
 1.14567080E+00  2.36999085E-03
 1.14495659E+00  2.37929785E-03
 1.14436574E+00  2.37992120E-03
 1.14391224E+00  2.37066272E-03
 1.14360141E+00  2.34836109E-03
 1.14343551E+00  2.31081541E-03
 1.14341442E+00  2.25674886E-03
 1.14354056E+00  2.18513300E-03
 1.14381838E+00  2.09616584E-03
 1.14424288E+00  1.98993592E-03
 1.14480075E+00  1.86669166E-03
 1.14547411E+00  1.72910110E-03
 1.14623768E+00  1.58129991E-03
 1.14706579E+00  1.42769945E-03
 1.14793273E+00  1.27287678E-03
 1.14880479E+00  1.11960172E-03
 1.14964597E+00  9.68986402E-04
 1.15042472E+00  8.23242933E-04
 1.15111554E+00  6.85123326E-04
 1.15170779E+00  5.57237261E-04
 1.15220455E+00  4.42751529E-04
 1.15260887E+00  3.43622083E-04
 1.15292318E+00  2.60768266E-04
 1.15314783E+00  1.96220625E-04
 1.15327850E+00  1.52018841E-04
 1.15331971E+00  1.29027585E-04
 1.15328330E+00  1.27084262E-04
 1.15317824E+00  1.43519689E-04
 1.15301575E+00  1.73386625E-04
 1.15280713E+00  2.12006717E-04
 1.15256354E+00  2.54907255E-04
 1.15230840E+00  2.97732305E-04
 1.15207199E+00  3.37129325E-04
 1.15187705E+00  3.69462309E-04
 1.15173879E+00  3.91326563E-04
 1.15165911E+00  4.01626817E-04
 1.15162546E+00  4.00796191E-04
 1.15162845E+00  3.89991378E-04
 1.15166205E+00  3.71041447E-04
 1.15171883E+00  3.44663390E-04
 1.15179536E+00  3.10851806E-04
 1.15188321E+00  2.71677542E-04
 1.15196984E+00  2.30946125E-04
 1.15205227E+00  1.93816818E-04
 1.15213164E+00  1.67216053E-04
 1.15220817E+00  1.57386435E-04
 1.15228147E+00  1.69617763E-04
 1.15233937E+00  2.09648358E-04
 1.15236046E+00  2.82109814E-04
 1.15233132E+00  3.89653065E-04
 1.15224513E+00  5.32288861E-04
 1.15210139E+00  7.04695572E-04
 1.15190969E+00  8.97375330E-04
 1.15167651E+00  1.10099792E-03
 1.15140595E+00  1.30759912E-03
 1.15111031E+00  1.51312339E-03
 1.15080474E+00  1.71868065E-03
 1.15050805E+00  1.92634557E-03
 1.15024400E+00  2.14110319E-03
 1.15003122E+00  2.37511443E-03
 1.14988450E+00  2.64394295E-03
 1.14982040E+00  2.96281673E-03
 1.14985358E+00  3.34287580E-03
 1.14999664E+00  3.78128511E-03
 1.15025885E+00  4.26054709E-03
 1.15063618E+00  4.75663445E-03
 1.15110857E+00  5.23410823E-03
 1.15163899E+00  5.64087785E-03
 1.15217553E+00  5.91628369E-03
 1.15266681E+00  5.99815070E-03
 1.15307028E+00  5.83358657E-03
 1.15335973E+00  5.40193344E-03
 1.15353234E+00  4.71763862E-03
 1.15359958E+00  3.81600035E-03
 1.15359635E+00  2.76633017E-03
 1.15360005E+00  1.68577284E-03
 1.15371475E+00  7.20669471E-04
 1.15404553E+00  2.49364108E-05
 1.15467909E+00 -2.66962357E-04
 1.15564011E+00 -9.50417326E-05
 1.15688446E+00  5.18608000E-04
 1.15833911E+00  1.50926037E-03
 1.15987770E+00  2.73762381E-03
 1.16128785E+00  3.95260758E-03
 1.16231027E+00  4.84136758E-03
 1.16267470E+00  5.08711720E-03
 1.16214943E+00  4.43919199E-03
 1.16065328E+00  2.85729374E-03
 1.15826568E+00  5.31881554E-04
 1.15514632E+00 -2.21845666E-03
 1.15159485E+00 -4.86379279E-03
 1.14811397E+00 -6.56649051E-03
 1.14531264E+00 -6.43301950E-03
 1.14380218E+00 -3.91389539E-03
 1.14405970E+00  8.25946100E-04
 1.14615104E+00  6.28399189E-03
 1.14968906E+00  1.00428321E-02
 1.15401535E+00  1.04158607E-02
 1.15803667E+00  6.98236732E-03
 1.16004023E+00  1.30027526E-03
 1.15824829E+00 -3.33193476E-03
 1.15174967E+00 -4.81906676E-03
 1.14132783E+00 -2.78128686E-03
 1.13080417E+00  1.55880839E-03
 1.12594575E+00  5.12230755E-03
 1.13047011E+00  6.21937109E-03
 1.14456965E+00  5.05425463E-03
 1.16297954E+00  2.43427496E-03
 1.17596289E+00  4.18107125E-04
 1.17734306E+00  1.72466009E-05
 1.16636676E+00  5.86128379E-04
 1.14837150E+00  1.66101682E-03
 1.13477854E+00  2.32090327E-03
 1.13239559E+00  2.08872261E-03
 1.14132054E+00  1.59394737E-03
 1.15709903E+00  1.08814765E-03
 1.16946096E+00  7.77568479E-04
 1.17263547E+00  8.56397018E-04
 1.16767654E+00  9.79088398E-04
 1.15766178E+00  1.01721658E-03
 1.14968736E+00  1.01639771E-03
 1.14759728E+00  9.08421797E-04
 1.14953177E+00  7.99403156E-04
 1.15364129E+00  7.49125793E-04
 1.15625438E+00  7.01744688E-04
 1.15535073E+00  6.74454897E-04
 1.15283191E+00  6.58522251E-04
 1.14979060E+00  6.29869299E-04
 1.14760045E+00  6.06432352E-04
 1.14722057E+00  5.87188438E-04
 1.14744607E+00  5.66905441E-04
 1.14775486E+00  5.53667094E-04
 1.14796329E+00  5.48085960E-04
 1.14772436E+00  5.50740155E-04
 1.14759245E+00  5.65072112E-04
 1.14781350E+00  5.92994692E-04
 1.14825698E+00  6.37231533E-04
 1.14900897E+00  7.00640337E-04
 1.14989086E+00  7.84422954E-04
 1.15077784E+00  8.86044398E-04
 1.15175170E+00  9.99839965E-04
 1.15277455E+00  1.12063992E-03
 1.15383547E+00  1.24393351E-03
 1.15493281E+00  1.36679569E-03
 1.15598175E+00  1.48858944E-03
 1.15694037E+00  1.60711504E-03
 1.15779106E+00  1.71918819E-03
 1.15851371E+00  1.82322878E-03
 1.15912333E+00  1.91782548E-03
 1.15962909E+00  2.00256404E-03
 1.16002836E+00  2.07801560E-03
 1.16032859E+00  2.14235106E-03
 1.16053279E+00  2.19247041E-03
 1.16064985E+00  2.22695621E-03
 1.16069690E+00  2.24554460E-03
 1.16067819E+00  2.25011814E-03
 1.16059216E+00  2.24503017E-03
 1.16044072E+00  2.23371738E-03
 1.16022755E+00  2.21894482E-03
 1.15997228E+00  2.20429530E-03
 1.15970726E+00  2.19281265E-03
 1.15945362E+00  2.18766325E-03
 1.15922241E+00  2.19194128E-03
 1.15901531E+00  2.20607551E-03
 1.15881997E+00  2.22863700E-03
 1.15862955E+00  2.25824472E-03
 1.15844315E+00  2.29343812E-03
 1.15825335E+00  2.33405358E-03
 1.15805420E+00  2.38131847E-03
 1.15783868E+00  2.43496721E-03
 1.15759852E+00  2.49369415E-03
 1.15734014E+00  2.55632054E-03
 1.15707993E+00  2.62091061E-03
 1.15683144E+00  2.68603094E-03
 1.15660609E+00  2.75068148E-03
 1.15640494E+00  2.81208219E-03
 1.15621831E+00  2.86668496E-03
 1.15604503E+00  2.91177728E-03
 1.15589063E+00  2.94534037E-03
 1.15576136E+00  2.96734044E-03
 1.15566916E+00  2.97972153E-03
 1.15562105E+00  2.98388809E-03
 1.15561869E+00  2.98085273E-03
 1.15567126E+00  2.97171489E-03
 1.15578926E+00  2.95693649E-03
 1.15597905E+00  2.93778813E-03
 1.15624388E+00  2.91619770E-03
 1.15657424E+00  2.89296200E-03
 1.15694946E+00  2.86848422E-03
 1.15735149E+00  2.84325121E-03
 1.15776436E+00  2.81771737E-03
 1.15817526E+00  2.79376738E-03
 1.15857786E+00  2.77435010E-03
 1.15896166E+00  2.76143522E-03
 1.15931368E+00  2.75619737E-03
 1.15962766E+00  2.75896103E-03
 1.15989969E+00  2.76879366E-03
 1.16012868E+00  2.78518417E-03
 1.16031654E+00  2.80799159E-03
 1.16045811E+00  2.83631682E-03
 1.16054417E+00  2.86917027E-03
 1.16057202E+00  2.90525817E-03
 1.16054389E+00  2.94290703E-03
 1.16046863E+00  2.98135032E-03
 1.16036329E+00  3.02039292E-03
 1.16024243E+00  3.05945059E-03
 1.16011858E+00  3.09773255E-03
 1.16000773E+00  3.13375957E-03
 1.15992463E+00  3.16536140E-03
 1.15988341E+00  3.19107607E-03
 1.15989679E+00  3.21011510E-03
 1.15996727E+00  3.22200714E-03
 1.16008956E+00  3.22697463E-03
 1.16025823E+00  3.22517515E-03
 1.16046745E+00  3.21664254E-03
 1.16071524E+00  3.20208628E-03
 1.16100406E+00  3.18254754E-03
 1.16133025E+00  3.15931307E-03
 1.16168551E+00  3.13402389E-03
 1.16206178E+00  3.10802888E-03
 1.16244799E+00  3.08247706E-03
 1.16283427E+00  3.05887018E-03
 1.16321198E+00  3.03890965E-03
 1.16356538E+00  3.02458120E-03
 1.16387560E+00  3.01812456E-03
 1.16412747E+00  3.02125761E-03
 1.16430930E+00  3.03505671E-03
 1.16441792E+00  3.06004475E-03
 1.16445877E+00  3.09601186E-03
 1.16443561E+00  3.14251249E-03
 1.16435086E+00  3.19896469E-03
 1.16420741E+00  3.26437202E-03
 1.16400577E+00  3.33745601E-03
 1.16375043E+00  3.41635748E-03
 1.16344928E+00  3.49860112E-03
 1.16310611E+00  3.58153049E-03
 1.16272385E+00  3.66221172E-03
 1.16230614E+00  3.73744048E-03
 1.16185700E+00  3.80387369E-03
 1.16138730E+00  3.85779043E-03
 1.16091294E+00  3.89536483E-03
 1.16044590E+00  3.91333133E-03
 1.15999489E+00  3.90920322E-03
 1.15956461E+00  3.88166190E-03
 1.15915417E+00  3.83060304E-03
 1.15876518E+00  3.75632062E-03
 1.15840169E+00  3.65941833E-03
 1.15806564E+00  3.54081213E-03
 1.15775996E+00  3.40162486E-03
 1.15748680E+00  3.24410530E-03
 1.15724743E+00  3.07159975E-03
 1.15704854E+00  2.88792294E-03
 1.15690013E+00  2.69760673E-03
 1.15681095E+00  2.50552680E-03
 1.15678882E+00  2.31674303E-03
 1.15683698E+00  2.13713543E-03
 1.15695407E+00  1.97285002E-03
 1.15714132E+00  1.82932073E-03
 1.15740172E+00  1.71097863E-03
 1.15773788E+00  1.62041934E-03
 1.15815380E+00  1.55841205E-03
 1.15865041E+00  1.52537115E-03
 1.15922536E+00  1.52146635E-03
 1.15987769E+00  1.54670622E-03
 1.16060526E+00  1.60115218E-03
 1.16140278E+00  1.68332032E-03
 1.16226205E+00  1.79027601E-03
 1.16316803E+00  1.91873057E-03
 1.16409972E+00  2.06453244E-03
 1.16503609E+00  2.22315917E-03
 1.16595632E+00  2.38987044E-03
 1.16684106E+00  2.55845111E-03
 1.16767418E+00  2.72201498E-03
 1.16843826E+00  2.87464106E-03
 1.16911612E+00  3.01164425E-03
 1.16969533E+00  3.13068112E-03
 1.17016641E+00  3.23176130E-03
 1.17052292E+00  3.31489523E-03
 1.17076131E+00  3.37994586E-03
 1.17087601E+00  3.42672861E-03
 1.17086126E+00  3.45450316E-03
 1.17071762E+00  3.46399038E-03
 1.17045148E+00  3.45718758E-03
 1.17007583E+00  3.43557476E-03
 1.16961102E+00  3.40093969E-03
 1.16907784E+00  3.35527608E-03
 1.16849718E+00  3.30071631E-03
 1.16789282E+00  3.24148859E-03
 1.16728780E+00  3.18307687E-03
 1.16670429E+00  3.12968244E-03
 1.16616198E+00  3.08417451E-03
 1.16567107E+00  3.04723910E-03
 1.16523419E+00  3.01716039E-03
 1.16485281E+00  2.99280352E-03
 1.16452779E+00  2.97371940E-03
 1.16426359E+00  2.95932248E-03
 1.16406841E+00  2.94982630E-03
 1.16394361E+00  2.94471909E-03
 1.16388507E+00  2.94294506E-03
 1.16388748E+00  2.94525482E-03
 1.16394131E+00  2.95325567E-03
 1.16403772E+00  2.96843424E-03
 1.16416845E+00  2.99214512E-03
 1.16431746E+00  3.02356771E-03
 1.16446543E+00  3.06012084E-03
 1.16459700E+00  3.10051390E-03
 1.16470119E+00  3.14445182E-03
 1.16477766E+00  3.19246811E-03
 1.16483620E+00  3.24650716E-03
 1.16488448E+00  3.30740160E-03
 1.16492772E+00  3.37487347E-03
 1.16496939E+00  3.44931929E-03
 1.16500796E+00  3.53065259E-03
 1.16504573E+00  3.61822666E-03
 1.16508753E+00  3.71083448E-03
 1.16513136E+00  3.80461909E-03
 1.16517278E+00  3.89370828E-03
 1.16520654E+00  3.97243298E-03
 1.16522685E+00  4.03537201E-03
 1.16523726E+00  4.07838307E-03
 1.16524805E+00  4.09902229E-03
 1.16526395E+00  4.09416350E-03
 1.16528547E+00  4.06055314E-03
 1.16530801E+00  3.99635983E-03
 1.16531985E+00  3.90036033E-03
 1.16531360E+00  3.77265779E-03
 1.16528578E+00  3.61462473E-03
 1.16522985E+00  3.42671859E-03
 1.16514106E+00  3.20937709E-03
 1.16501557E+00  2.96512860E-03
 1.16485055E+00  2.69836447E-03
 1.16465328E+00  2.41613185E-03
 1.16443839E+00  2.12818275E-03
 1.16421958E+00  1.84416457E-03
 1.16400987E+00  1.57350314E-03
 1.16381721E+00  1.32605569E-03
 1.16364332E+00  1.11082388E-03
 1.16349372E+00  9.36468001E-04
 1.16337590E+00  8.10649953E-04
 1.16329402E+00  7.37408628E-04
 1.16325227E+00  7.17885675E-04
 1.16325142E+00  7.52107547E-04
 1.16328917E+00  8.39065718E-04
 1.16336873E+00  9.78457786E-04
 1.16349554E+00  1.17044295E-03
 1.16367057E+00  1.41183687E-03
 1.16389142E+00  1.69647386E-03
 1.16414911E+00  2.01628693E-03
 1.16442764E+00  2.36046664E-03
 1.16471299E+00  2.71798115E-03
 1.16499261E+00  3.07780334E-03
 1.16525238E+00  3.42654576E-03
 1.16548023E+00  3.75035616E-03
 1.16566391E+00  4.03682433E-03
 1.16579195E+00  4.27560645E-03
 1.16586082E+00  4.46150168E-03
 1.16587262E+00  4.59404627E-03
 1.16583029E+00  4.67326239E-03
 1.16573775E+00  4.69950169E-03
 1.16559550E+00  4.67267857E-03
 1.16540082E+00  4.59167502E-03
 1.16515621E+00  4.45912468E-03
 1.16486822E+00  4.28097418E-03
 1.16454445E+00  4.06345423E-03
 1.16419593E+00  3.81465082E-03
 1.16383270E+00  3.54303549E-03
 1.16346396E+00  3.25721706E-03
 1.16310428E+00  2.96979764E-03
 1.16277029E+00  2.69526260E-03
 1.16247608E+00  2.44562174E-03
 1.16223314E+00  2.23002970E-03
 1.16204564E+00  2.05203795E-03
 1.16191074E+00  1.90950511E-03
 1.16182660E+00  1.80073732E-03
 1.16179220E+00  1.72469402E-03
 1.16180667E+00  1.68030254E-03
 1.16187132E+00  1.66797915E-03
 1.16198357E+00  1.68508676E-03
 1.16213760E+00  1.72637835E-03
 1.16233007E+00  1.78863855E-03
 1.16255752E+00  1.86865741E-03
 1.16281604E+00  1.96285488E-03
 1.16310162E+00  2.06747249E-03
 1.16340454E+00  2.17397341E-03
 1.16371135E+00  2.27076703E-03
 1.16401192E+00  2.34943130E-03
 1.16429914E+00  2.40463519E-03
 1.16457048E+00  2.43554870E-03
 1.16482892E+00  2.44661933E-03
 1.16507567E+00  2.44101413E-03
 1.16531014E+00  2.42049610E-03
 1.16553295E+00  2.38794055E-03
 1.16574343E+00  2.34512085E-03
 1.16594242E+00  2.29537005E-03
 1.16613207E+00  2.24335646E-03
 1.16631033E+00  2.18992149E-03
 1.16647287E+00  2.13393613E-03
 1.16661610E+00  2.07486195E-03
 1.16673692E+00  2.01253697E-03
 1.16683657E+00  1.95092318E-03
 1.16692014E+00  1.89739461E-03
 1.16698972E+00  1.85629581E-03
 1.16704506E+00  1.82938530E-03
 1.16708436E+00  1.81640550E-03
 1.16710284E+00  1.81371334E-03
 1.16709784E+00  1.81914350E-03
 1.16706887E+00  1.83204036E-03
 1.16701378E+00  1.84952977E-03
 1.16693111E+00  1.86868153E-03
 1.16682040E+00  1.88655788E-03
 1.16668213E+00  1.90004318E-03
 1.16652190E+00  1.90986021E-03
 1.16634931E+00  1.91953752E-03
 1.16617348E+00  1.93162581E-03
 1.16600313E+00  1.94799319E-03
 1.16584466E+00  1.96828331E-03
 1.16570145E+00  1.98952588E-03
 1.16557871E+00  2.01074757E-03
 1.16548266E+00  2.03253734E-03
 1.16541760E+00  2.05503587E-03
 1.16538759E+00  2.07934570E-03
 1.16539475E+00  2.10558634E-03
 1.16543932E+00  2.13281278E-03
 1.16552384E+00  2.16233812E-03
 1.16565143E+00  2.19638958E-03
 1.16582223E+00  2.23622421E-03
 1.16603381E+00  2.28254323E-03
 1.16627944E+00  2.33364594E-03
 1.16654800E+00  2.38553185E-03
 1.16682889E+00  2.43516720E-03
 1.16711206E+00  2.48024257E-03
 1.16738681E+00  2.51872933E-03
 1.16764381E+00  2.54979848E-03
 1.16787370E+00  2.57190538E-03
 1.16806789E+00  2.58298566E-03
 1.16822280E+00  2.58259853E-03
 1.16833848E+00  2.57102694E-03
 1.16841598E+00  2.54890236E-03
 1.16845726E+00  2.51737283E-03
 1.16846213E+00  2.47630504E-03
 1.16842861E+00  2.42468814E-03
 1.16835859E+00  2.36278694E-03
 1.16825710E+00  2.29179557E-03
 1.16813073E+00  2.21387744E-03
 1.16798903E+00  2.13255960E-03
 1.16784099E+00  2.05090473E-03
 1.16769508E+00  1.97155359E-03
 1.16756316E+00  1.89789577E-03
 1.16745793E+00  1.83321811E-03
 1.16739019E+00  1.78064355E-03
 1.16736843E+00  1.74307109E-03
 1.16739496E+00  1.72168904E-03
 1.16746638E+00  1.71630790E-03
 1.16757943E+00  1.72669970E-03
 1.16773096E+00  1.75247657E-03
 1.16791831E+00  1.79361214E-03
 1.16814049E+00  1.85056567E-03
 1.16839284E+00  1.92257741E-03
 1.16866770E+00  2.00784137E-03
 1.16895851E+00  2.10430696E-03
 1.16925786E+00  2.20918188E-03
 1.16955824E+00  2.31965804E-03
 1.16985228E+00  2.43301121E-03
 1.17012812E+00  2.54544262E-03
 1.17037149E+00  2.65273041E-03
 1.17057128E+00  2.75121646E-03
 1.17071955E+00  2.83787538E-03
 1.17081381E+00  2.91124444E-03
 1.17085754E+00  2.97138657E-03
 1.17085372E+00  3.01827500E-03
 1.17080485E+00  3.05178643E-03
 1.17071486E+00  3.07173971E-03
 1.17058725E+00  3.07755796E-03
 1.17042868E+00  3.06964997E-03
 1.17024876E+00  3.04930133E-03
 1.17005524E+00  3.01753475E-03
 1.16985572E+00  2.97564548E-03
 1.16965884E+00  2.92505752E-03
 1.16947362E+00  2.86724172E-03
 1.16931315E+00  2.80493101E-03
 1.16919304E+00  2.74159117E-03
 1.16912549E+00  2.67993817E-03
 1.16911901E+00  2.62191565E-03
 1.16917744E+00  2.56811994E-03
 1.16929891E+00  2.51768502E-03
 1.16948154E+00  2.47006941E-03
 1.16972357E+00  2.42511352E-03
 1.17002100E+00  2.38260917E-03
 1.17036931E+00  2.34283039E-03
 1.17076063E+00  2.30552936E-03
 1.17118368E+00  2.27003975E-03
 1.17162813E+00  2.23665243E-03
 1.17208324E+00  2.20605926E-03
 1.17253673E+00  2.17891600E-03
 1.17297551E+00  2.15587048E-03
 1.17338294E+00  2.13635180E-03
 1.17374021E+00  2.11888690E-03
 1.17403197E+00  2.10287675E-03
 1.17424690E+00  2.08847735E-03
 1.17437905E+00  2.07665610E-03
 1.17442865E+00  2.06950220E-03
 1.17439659E+00  2.06865507E-03
 1.17428405E+00  2.07529827E-03
 1.17409407E+00  2.09109944E-03
 1.17383018E+00  2.11756471E-03
 1.17350017E+00  2.15625142E-03
 1.17311604E+00  2.20875927E-03
 1.17268967E+00  2.27545701E-03
 1.17223440E+00  2.35584136E-03
 1.17176512E+00  2.44951503E-03
 1.17129766E+00  2.55609487E-03
 1.17085210E+00  2.67582912E-03
 1.17045084E+00  2.80961123E-03
 1.17011259E+00  2.95749169E-03
 1.16985153E+00  3.11880291E-03
 1.16967490E+00  3.29262541E-03
 1.16958251E+00  3.47734463E-03
 1.16957357E+00  3.67137005E-03
 1.16964723E+00  3.87310361E-03
 1.16980137E+00  4.07987988E-03
 1.17003423E+00  4.28837989E-03
 1.17033907E+00  4.49506415E-03
 1.17070447E+00  4.69601650E-03
 1.17111969E+00  4.88756416E-03
 1.17157250E+00  5.06629708E-03
 1.17204932E+00  5.22830260E-03
 1.17253573E+00  5.36941789E-03
 1.17301152E+00  5.48551763E-03
 1.17345326E+00  5.57241536E-03
 1.17384186E+00  5.62646385E-03
 1.17416324E+00  5.64473528E-03
 1.17441125E+00  5.62476055E-03
 1.17458829E+00  5.56478775E-03
 1.17469652E+00  5.46377029E-03
 1.17473740E+00  5.32130529E-03
 1.17471354E+00  5.13790532E-03
 1.17462640E+00  4.91508352E-03
 1.17448214E+00  4.65553202E-03
 1.17429119E+00  4.36329445E-03
 1.17406134E+00  4.04375272E-03
 1.17380052E+00  3.70350391E-03
 1.17351786E+00  3.34991849E-03
 1.17322321E+00  2.99083299E-03
 1.17293336E+00  2.63426765E-03
 1.17266952E+00  2.28802381E-03
 1.17244795E+00  1.95956904E-03
 1.17227979E+00  1.65547738E-03
 1.17216896E+00  1.38051159E-03
 1.17211102E+00  1.13781592E-03
 1.17210279E+00  9.29672593E-04
 1.17214275E+00  7.57744822E-04
 1.17222749E+00  6.23921346E-04
 1.17235484E+00  5.30083863E-04
 1.17251936E+00  4.76049613E-04
 1.17271264E+00  4.59684188E-04
 1.17293102E+00  4.77424815E-04
 1.17317277E+00  5.23866471E-04
 1.17343487E+00  5.93264351E-04
 1.17371352E+00  6.79668328E-04
 1.17399822E+00  7.75615052E-04
 1.17427340E+00  8.73324098E-04
 1.17452827E+00  9.65905313E-04
 1.17475660E+00  1.04788653E-03
 1.17495676E+00  1.11722932E-03
 1.17513355E+00  1.17497197E-03
 1.17528979E+00  1.22230719E-03
 1.17542612E+00  1.26031612E-03
 1.17554593E+00  1.28923228E-03
 1.17565212E+00  1.30800994E-03
 1.17574869E+00  1.31767558E-03
 1.17584083E+00  1.32090039E-03
 1.17592800E+00  1.31980046E-03
 1.17600607E+00  1.31713721E-03
 1.17607224E+00  1.31546343E-03
 1.17612469E+00  1.31716197E-03
 1.17616636E+00  1.32752816E-03
 1.17620476E+00  1.35335214E-03
 1.17624358E+00  1.39955826E-03
 1.17628321E+00  1.46917417E-03
 1.17632277E+00  1.56171296E-03
 1.17635801E+00  1.67300044E-03
 1.17638655E+00  1.79959109E-03
 1.17640803E+00  1.93880959E-03
 1.17641893E+00  2.08772192E-03
 1.17641521E+00  2.24448683E-03
 1.17639360E+00  2.40597245E-03
 1.17635128E+00  2.56806803E-03
 1.17629038E+00  2.72910177E-03
 1.17621711E+00  2.88847726E-03
 1.17613637E+00  3.04546864E-03
 1.17605219E+00  3.19929793E-03
 1.17596656E+00  3.34623779E-03
 1.17587856E+00  3.48030627E-03
 1.17578965E+00  3.59760457E-03
 1.17570309E+00  3.69597088E-03
 1.17562090E+00  3.77492649E-03
 1.17554567E+00  3.83655371E-03
 1.17547899E+00  3.88198338E-03
 1.17542134E+00  3.91149097E-03
 1.17537613E+00  3.92702721E-03
 1.17534826E+00  3.93072755E-03
 1.17534108E+00  3.92508701E-03
 1.17535691E+00  3.91308733E-03
 1.17539537E+00  3.89539193E-03
 1.17545318E+00  3.87106734E-03
 1.17552815E+00  3.84000567E-03
 1.17561892E+00  3.80261373E-03
 1.17572369E+00  3.76082076E-03
 1.17584154E+00  3.71825370E-03
 1.17597074E+00  3.67713194E-03
 1.17610886E+00  3.63846676E-03
 1.17625551E+00  3.60322031E-03
 1.17641131E+00  3.57137109E-03
 1.17657659E+00  3.54328805E-03
 1.17675157E+00  3.51979874E-03
 1.17693438E+00  3.50011404E-03
 1.17712124E+00  3.48262808E-03
 1.17730926E+00  3.46576447E-03
 1.17749589E+00  3.44766671E-03
 1.17767836E+00  3.42742738E-03
 1.17785448E+00  3.40502049E-03
 1.17802110E+00  3.37961818E-03
 1.17817441E+00  3.34988989E-03
 1.17831211E+00  3.31424886E-03
 1.17843256E+00  3.27055729E-03
 1.17853392E+00  3.21745438E-03
 1.17861456E+00  3.15449333E-03
 1.17867197E+00  3.08137222E-03
 1.17870289E+00  2.99837881E-03
 1.17870530E+00  2.90606592E-03
 1.17867812E+00  2.80503053E-03
 1.17862090E+00  2.69661254E-03
 1.17853448E+00  2.58270052E-03
 1.17842040E+00  2.46551644E-03
 1.17828112E+00  2.34774413E-03
 1.17812135E+00  2.23210943E-03
 1.17794744E+00  2.12136403E-03
 1.17776633E+00  2.01864924E-03
 1.17758534E+00  1.92735788E-03
 1.17741103E+00  1.85111826E-03
 1.17724893E+00  1.79365834E-03
 1.17710483E+00  1.75808625E-03
 1.17698408E+00  1.74662797E-03
 1.17689047E+00  1.76047425E-03
 1.17682679E+00  1.79968265E-03
 1.17679465E+00  1.86385779E-03
 1.17679474E+00  1.95229904E-03
 1.17682860E+00  2.06393200E-03
 1.17689793E+00  2.19741438E-03
 1.17700244E+00  2.35040646E-03
 1.17714006E+00  2.51959836E-03
 1.17730676E+00  2.70130732E-03
 1.17749626E+00  2.89126169E-03
 1.17770224E+00  3.08483653E-03
 1.17791831E+00  3.27717446E-03
 1.17813679E+00  3.46259700E-03
 1.17835000E+00  3.63509853E-03
 1.17855072E+00  3.78935662E-03
 1.17873274E+00  3.92100064E-03
 1.17889315E+00  4.02731135E-03
 1.17903179E+00  4.10725400E-03
 1.17914859E+00  4.16009248E-03
 1.17924335E+00  4.18529610E-03
 1.17931469E+00  4.18257767E-03
 1.17935968E+00  4.15166060E-03
 1.17937731E+00  4.09366461E-03
 1.17936801E+00  4.01103525E-03
 1.17933166E+00  3.90649093E-03
 1.17926886E+00  3.78348891E-03
 1.17917990E+00  3.64589485E-03
 1.17906491E+00  3.49783364E-03
 1.17892705E+00  3.34480472E-03
 1.17877111E+00  3.19298540E-03
 1.17860058E+00  3.04768428E-03
 1.17841773E+00  2.91309636E-03
 1.17822218E+00  2.79137052E-03
 1.17801075E+00  2.68257479E-03
 1.17778161E+00  2.58682681E-03
 1.17753426E+00  2.50444563E-03
 1.17726850E+00  2.43581956E-03
 1.17698583E+00  2.38188019E-03
 1.17668751E+00  2.34232230E-03
 1.17637493E+00  2.31576654E-03
 1.17605279E+00  2.30139760E-03
 1.17572775E+00  2.29821753E-03
 1.17540676E+00  2.30508112E-03
 1.17509687E+00  2.32074586E-03
 1.17480248E+00  2.34209720E-03
 1.17452554E+00  2.36488832E-03
 1.17426947E+00  2.38606721E-03
 1.17403841E+00  2.40380747E-03
 1.17383630E+00  2.41823033E-03
 1.17366786E+00  2.43160968E-03
 1.17353585E+00  2.44566482E-03
 1.17344131E+00  2.46145570E-03
 1.17338643E+00  2.48015942E-03
 1.17337297E+00  2.50219495E-03
 1.17340076E+00  2.52853094E-03
 1.17346776E+00  2.56051000E-03
 1.17356789E+00  2.59769613E-03
 1.17369141E+00  2.63871985E-03
 1.17382871E+00  2.68222529E-03
 1.17397029E+00  2.72687727E-03
 1.17410707E+00  2.77318307E-03
 1.17423163E+00  2.82313763E-03
 1.17433611E+00  2.87742997E-03
 1.17441309E+00  2.93571591E-03
 1.17445873E+00  2.99682985E-03
 1.17447157E+00  3.05820950E-03
 1.17445146E+00  3.11809261E-03
 1.17439940E+00  3.17547790E-03
 1.17431451E+00  3.22841312E-03
 1.17419477E+00  3.27502164E-03
 1.17404145E+00  3.31367843E-03
 1.17385859E+00  3.34296062E-03
 1.17365252E+00  3.36346283E-03
 1.17343268E+00  3.37733949E-03
 1.17320814E+00  3.38641892E-03
 1.17298752E+00  3.39230752E-03
 1.17278187E+00  3.39575944E-03
 1.17260239E+00  3.39636765E-03
 1.17245902E+00  3.39457095E-03
 1.17235982E+00  3.39135467E-03
 1.17230733E+00  3.38707476E-03
 1.17229925E+00  3.38217802E-03
 1.17233304E+00  3.37667721E-03
 1.17240602E+00  3.37019385E-03
 1.17251644E+00  3.36366666E-03
 1.17266423E+00  3.35877902E-03
 1.17284580E+00  3.35660218E-03
 1.17305473E+00  3.35787262E-03
 1.17328498E+00  3.36244320E-03
 1.17352918E+00  3.36913032E-03
 1.17378003E+00  3.37731503E-03
 1.17403042E+00  3.38675599E-03
 1.17426913E+00  3.39683617E-03
 1.17448292E+00  3.40716639E-03
 1.17466117E+00  3.41722442E-03
 1.17479596E+00  3.42637548E-03
 1.17488459E+00  3.43501194E-03
