# x =
 4.22017821E+01
# y =
 3.25097170E+00
 VARIABLES = u,v
 1.06068215E+00  5.48322846E-02
 1.06012297E+00  5.13267873E-02
 1.09271375E+00  4.76393985E-02
 1.14707325E+00  4.18859037E-02
 1.19632149E+00  2.86275245E-02
 1.22231816E+00  7.10704367E-03
 1.21587329E+00 -1.82578173E-02
 1.18147363E+00 -4.17588128E-02
 1.14028760E+00 -5.51223591E-02
 1.10381020E+00 -5.31178034E-02
 1.07425246E+00 -3.65441569E-02
 1.05700837E+00 -1.02985583E-02
 1.05177651E+00  1.63527373E-02
 1.06210100E+00  3.55505224E-02
 1.09537099E+00  4.36588720E-02
 1.14209549E+00  4.05441265E-02
 1.18394116E+00  3.05291365E-02
 1.20715785E+00  1.65491951E-02
 1.20155818E+00 -1.21170247E-04
 1.17385038E+00 -1.51973112E-02
 1.14618483E+00 -2.43537030E-02
 1.13073370E+00 -2.32627423E-02
 1.13071325E+00 -8.81171762E-03
 1.14328022E+00  1.27695946E-02
 1.15437587E+00  2.91252550E-02
 1.15843666E+00  3.19076650E-02
 1.15918811E+00  1.77505790E-02
 1.15535152E+00 -6.88549868E-03
 1.14784028E+00 -2.62734778E-02
 1.13620219E+00 -3.16193695E-02
 1.11629218E+00 -2.22123880E-02
 1.09456161E+00 -2.83633878E-03
 1.08331169E+00  1.36998612E-02
 1.08963920E+00  2.07002444E-02
 1.11669918E+00  1.98233138E-02
 1.15635329E+00  1.33012763E-02
 1.18999935E+00  7.49234734E-03
 1.20652139E+00  5.51111570E-03
 1.20342049E+00  4.35336558E-03
 1.18638173E+00  3.22806443E-03
 1.17130348E+00  1.04013376E-03
 1.16646495E+00 -2.49530473E-03
 1.16978059E+00 -4.24723435E-03
 1.17525667E+00 -3.25327390E-03
 1.17015947E+00  5.33248250E-05
 1.14912864E+00  5.70302651E-03
 1.11846363E+00  1.22184480E-02
 1.08802284E+00  1.83849384E-02
 1.07293343E+00  2.37087186E-02
 1.08227826E+00  2.68806938E-02
 1.11300756E+00  2.68266716E-02
 1.15480680E+00  2.33177656E-02
 1.18980668E+00  1.64652514E-02
 1.20506031E+00  6.87482266E-03
 1.19850358E+00 -4.21334101E-03
 1.17630714E+00 -1.51100421E-02
 1.15353020E+00 -2.38007889E-02
 1.13941497E+00 -2.80573055E-02
 1.13351834E+00 -2.60516140E-02
 1.13158678E+00 -1.73812947E-02
 1.12352072E+00 -3.03841361E-03
 1.10655578E+00  1.53137550E-02
 1.08888441E+00  3.49291861E-02
 1.08096533E+00  5.17083298E-02
 1.09593427E+00  6.11504924E-02
 1.13690785E+00  5.92950370E-02
 1.18900119E+00  4.42350561E-02
 1.22167721E+00  1.89113295E-02
 1.20529761E+00 -9.73826751E-03
 1.16060838E+00 -3.50112288E-02
 1.13311018E+00 -5.08441041E-02
 1.10686482E+00 -5.28001340E-02
 1.05197573E+00 -3.98977971E-02
 1.01196805E+00 -1.21552615E-02
 1.03587775E+00  2.67970514E-02
 1.09552249E+00  6.36019778E-02
 1.14398494E+00  8.07787906E-02
 1.17877911E+00  6.75678676E-02
 1.20299847E+00  2.56656730E-02
 1.20716645E+00 -1.89852095E-02
 1.19662294E+00 -3.39437903E-02
 1.17569030E+00 -3.58867403E-02
 1.13987702E+00 -6.00933656E-02
 1.09680499E+00 -7.69180896E-02
 1.05969087E+00 -4.30705493E-02
 1.04079221E+00  1.20954632E-02
 1.05209895E+00  4.51477910E-02
 1.08887560E+00  6.57656767E-02
 1.13253712E+00  8.69291218E-02
 1.17062708E+00  8.67978702E-02
 1.19397259E+00  5.10014259E-02
 1.19739054E+00 -1.40185561E-03
 1.18503960E+00 -4.46577408E-02
 1.15622208E+00 -6.55966086E-02
 1.10896798E+00 -5.81021965E-02
 1.05540834E+00 -3.37625909E-02
 1.01307764E+00 -1.64253434E-02
 9.97604384E-01  2.66526116E-03
 1.02099448E+00  4.49890337E-02
 1.07560428E+00  8.57788486E-02
 1.13752699E+00  9.00154329E-02
 1.19038514E+00  6.54708077E-02
 1.22394188E+00  3.01485267E-02
 1.23390675E+00 -1.41133995E-02
 1.22748047E+00 -5.70989423E-02
 1.20460857E+00 -7.67127736E-02
 1.16046947E+00 -6.41518012E-02
 1.10297064E+00 -4.27031690E-02
 1.04472712E+00 -3.83147641E-02
 1.00223862E+00 -1.47374196E-02
 9.97621924E-01  7.51096671E-02
 1.04300136E+00  1.68615797E-01
 1.12701626E+00  1.69760692E-01
 1.19557176E+00  9.42890023E-02
 1.18846153E+00  1.82657047E-03
 1.14237467E+00 -8.13469643E-02
 1.13744656E+00 -1.18330967E-01
 1.14848586E+00 -1.02335467E-01
 1.11648039E+00 -7.57481982E-02
 1.05822807E+00 -4.49689732E-02
 1.00241883E+00 -9.26977884E-04
 9.79662494E-01  3.50102465E-02
 1.03637274E+00  4.99868957E-02
 1.13576539E+00  4.22764693E-02
 1.19027006E+00  9.91775606E-03
 1.19885288E+00 -2.59752104E-02
 1.19366393E+00 -3.73492971E-02
 1.16272864E+00 -3.38522101E-02
 1.11104479E+00 -3.93736934E-02
 1.06769524E+00 -3.92681982E-02
 1.04482725E+00 -8.70030587E-03
 1.04375251E+00  4.85190802E-02
 1.06314116E+00  1.16583255E-01
 1.10642917E+00  1.58179164E-01
 1.17235910E+00  1.28836135E-01
 1.22768008E+00  5.87538338E-02
 1.23560736E+00  1.69271346E-02
 1.21176037E+00 -4.19474081E-04
 1.19334323E+00 -2.19962367E-02
 1.17628761E+00 -3.33453493E-02
 1.14584618E+00 -2.90721701E-02
 1.11112866E+00 -2.29743349E-02
 1.07935319E+00 -1.51550074E-02
 1.06295996E+00 -2.44802871E-03
 1.08206578E+00  1.34564426E-02
 1.12194004E+00  2.59368791E-02
 1.14996844E+00  2.59874689E-02
 1.16622645E+00  1.60931005E-02
 1.17862091E+00  5.54802344E-03
 1.16997532E+00 -1.05030793E-03
 1.13412631E+00 -2.84920015E-04
 1.10956028E+00  6.19102572E-03
 1.13387425E+00  9.86283840E-03
 1.17157305E+00  7.75364609E-03
 1.16568963E+00  1.16046173E-03
 1.14650606E+00 -9.92713393E-03
 1.16364378E+00 -2.26627904E-02
 1.17193690E+00 -3.50379249E-02
 1.11694312E+00 -4.64198607E-02
 1.04038137E+00 -5.00512399E-02
 1.00304064E+00 -3.75526638E-02
 1.00513254E+00 -6.88652839E-03
 1.03562817E+00  3.57828808E-02
 1.09220982E+00  6.84272912E-02
 1.14957369E+00  6.63180599E-02
 1.18518296E+00  4.18780970E-02
 1.19582637E+00  2.46115062E-02
 1.18432974E+00  4.54699388E-03
 1.16320905E+00 -3.45069910E-02
 1.14012386E+00 -6.11181237E-02
 1.11506679E+00 -4.27544028E-02
 1.09751256E+00 -1.99042895E-03
 1.09709734E+00  2.31825325E-02
 1.11860005E+00  2.87264601E-02
 1.16002275E+00  1.94244071E-02
 1.19048197E+00 -4.64628705E-03
 1.17286265E+00 -2.92616683E-02
 1.12527999E+00 -4.38070051E-02
 1.08903050E+00 -4.93535061E-02
 1.05144990E+00 -4.40358733E-02
 9.94074997E-01 -2.87709901E-02
 9.64304249E-01 -5.38292914E-03
 1.00903759E+00  2.42769875E-02
 1.09340156E+00  4.27449653E-02
 1.15709206E+00  3.27079427E-02
 1.19072692E+00  1.20330733E-02
 1.19945372E+00  8.65582563E-03
 1.18045524E+00  6.85429381E-03
 1.15228493E+00 -1.87461544E-02
 1.12880678E+00 -4.18378124E-02
 1.10710807E+00 -2.86749443E-02
 1.09156644E+00  1.75498345E-03
 1.08555488E+00  1.88027752E-02
 1.09356603E+00  2.39880276E-02
 1.12361992E+00  2.23980482E-02
 1.16433221E+00  1.12074340E-02
 1.19245968E+00 -1.86608274E-03
 1.19323553E+00 -1.01541366E-02
 1.15964885E+00 -1.49107869E-02
 1.10551623E+00 -1.50864500E-02
 1.06398233E+00 -1.03545832E-02
 1.05402942E+00 -2.11240030E-04
 1.07874428E+00  1.70422108E-02
 1.12778720E+00  3.53677791E-02
 1.17242836E+00  4.43885606E-02
 1.19599815E+00  3.77943176E-02
 1.19769763E+00  1.36457445E-02
 1.17763341E+00 -1.95381961E-02
 1.14568663E+00 -4.43642123E-02
 1.10744626E+00 -5.06195170E-02
 1.06113955E+00 -3.74097835E-02
 1.01865039E+00 -1.43553279E-02
 9.96372303E-01  3.79723162E-03
 1.00624131E+00  2.89142633E-02
 1.05594401E+00  7.82953184E-02
 1.12991000E+00  1.12888226E-01
 1.19439267E+00  8.37015540E-02
 1.22637328E+00  2.29741194E-02
 1.21497759E+00 -1.07029754E-02
 1.16799955E+00 -2.36309222E-02
 1.11480552E+00 -3.71838299E-02
 1.07328552E+00 -4.06431191E-02
 1.04930576E+00 -3.13076624E-02
 1.04966573E+00 -1.06215443E-02
 1.07045870E+00  2.78215957E-02
 1.10952592E+00  5.96182128E-02
 1.16405547E+00  5.00923113E-02
 1.20202877E+00  1.49054243E-02
 1.19144756E+00 -1.02897580E-02
 1.15658357E+00 -2.50176714E-02
 1.13902790E+00 -3.57687010E-02
 1.11723198E+00 -3.42940324E-02
 1.05908743E+00 -2.15978754E-02
 1.01301779E+00 -1.45478267E-03
 1.03652807E+00  2.59073513E-02
 1.09736436E+00  4.48064289E-02
 1.13890778E+00  3.79875541E-02
 1.16007573E+00  1.78178235E-02
 1.16860358E+00  5.77669950E-03
 1.15731618E+00 -7.98806051E-03
 1.13744426E+00 -3.78718071E-02
 1.11801345E+00 -5.85621580E-02
 1.09472846E+00 -4.14848977E-02
 1.07380026E+00 -4.95164700E-03
 1.06424762E+00  1.91830187E-02
 1.07279824E+00  2.86537492E-02
 1.10544445E+00  2.82580018E-02
 1.14857941E+00  1.86061518E-02
 1.17591608E+00  1.20433041E-02
 1.17506008E+00  1.65083219E-02
 1.14987731E+00  2.79109803E-02
 1.13109873E+00  4.09430766E-02
 1.15893263E+00  4.64699589E-02
 1.21015224E+00  3.94887437E-02
 1.22707483E+00  2.32130523E-02
 1.20917909E+00  7.06141668E-04
 1.17695209E+00 -2.26123703E-02
 1.13278317E+00 -4.16762416E-02
 1.09137133E+00 -5.49888478E-02
 1.05145159E+00 -5.87352824E-02
 9.96135196E-01 -4.90392105E-02
 9.57682567E-01 -2.46279138E-02
 9.80257370E-01  1.31926930E-02
 1.04099722E+00  5.45898986E-02
 1.09518459E+00  8.37869460E-02
 1.14021571E+00  8.93575544E-02
 1.17897593E+00  6.68153087E-02
 1.19766596E+00  2.44565234E-02
 1.19439120E+00 -1.77010244E-02
 1.17090632E+00 -4.55340252E-02
 1.12482921E+00 -5.28989459E-02
 1.06890545E+00 -4.09281850E-02
 1.02511011E+00 -2.12443719E-02
 1.01140808E+00 -3.83262223E-05
 1.03921710E+00  2.19731112E-02
 1.09685297E+00  3.80317946E-02
 1.15309814E+00  4.27448544E-02
 1.18724457E+00  3.17248589E-02
 1.18943718E+00  3.10949037E-03
 1.16115332E+00 -2.53864524E-02
 1.12109507E+00 -3.09250167E-02
 1.07880228E+00 -2.19938235E-02
 1.03609979E+00 -1.79482835E-02
 1.00687765E+00 -4.59297621E-03
 1.00377411E+00  3.53705094E-02
 1.03552974E+00  7.67369387E-02
 1.10370697E+00  8.66001552E-02
 1.17439890E+00  6.67647159E-02
 1.20315624E+00  3.24692494E-02
 1.20165868E+00 -1.23229800E-03
 1.20352914E+00 -1.44176733E-02
 1.18600667E+00 -1.57716920E-02
 1.12230344E+00 -3.19968822E-02
 1.05593768E+00 -4.56440273E-02
 1.03741045E+00 -2.60358117E-02
 1.04935165E+00  9.86522810E-03
 1.05834377E+00  3.46278494E-02
 1.07609735E+00  4.63663159E-02
 1.11610978E+00  4.37515506E-02
 1.16003665E+00  2.52737680E-02
 1.19054549E+00  2.56233297E-03
 1.19735532E+00 -1.57387022E-02
 1.16903593E+00 -2.74935364E-02
 1.11618764E+00 -3.05262766E-02
 1.06793104E+00 -2.65666275E-02
 1.04238731E+00 -1.48355851E-02
 1.04739944E+00  7.32629740E-03
 1.07668308E+00  3.29744493E-02
 1.10634288E+00  5.08866999E-02
 1.12496854E+00  5.28610729E-02
 1.13426076E+00  3.39964890E-02
 1.13570519E+00  1.97717581E-03
 1.13863698E+00 -2.51333673E-02
 1.14499636E+00 -3.65956033E-02
 1.14594127E+00 -2.97295391E-02
 1.14028166E+00 -1.07309662E-02
 1.12853002E+00  3.73249351E-03
 1.11211032E+00  5.76811334E-03
 1.09867867E+00 -1.38773121E-03
 1.09166304E+00 -1.00987490E-02
 1.09078563E+00 -5.84184103E-03
 1.09768880E+00  1.65277463E-02
 1.11111880E+00  4.71886809E-02
 1.12645842E+00  6.83842010E-02
 1.13831381E+00  5.54323107E-02
 1.14031315E+00 -3.36388097E-03
 1.12717402E+00 -9.58593080E-02
 1.09858823E+00 -1.85304994E-01
 1.05845755E+00 -2.24152872E-01
 1.01075095E+00 -2.08801201E-01
 9.60987853E-01 -1.67667532E-01
 9.18206862E-01 -1.02220540E-01
 8.91621222E-01 -1.20476439E-02
 8.88607351E-01  8.77971627E-02
 9.10877804E-01  1.85212606E-01
 9.45512044E-01  2.42778603E-01
 9.69924762E-01  2.22653753E-01
 9.68770258E-01  1.71538849E-01
 9.38156752E-01  1.63422516E-01
 8.93333343E-01  1.67834288E-01
 8.66405692E-01  1.25691104E-01
 8.76291943E-01  8.62759856E-02
 9.24193968E-01  1.05949822E-01
 9.95438107E-01  1.20128356E-01
 1.05642084E+00  5.72090285E-02
 1.08607365E+00 -2.31710636E-02
 1.08097160E+00 -4.04858694E-02
 1.04239399E+00 -4.59542082E-02
 9.84937835E-01 -1.10321773E-01
 9.19226724E-01 -1.75703195E-01
 8.49312281E-01 -1.67637787E-01
 7.94984642E-01 -1.17328178E-01
 7.79730718E-01 -6.96741456E-02
 8.19691493E-01 -8.80924641E-03
 9.20480157E-01  7.13234494E-02
 1.05076033E+00  1.31684355E-01
 1.15190667E+00  1.35890009E-01
 1.18205290E+00  6.97943808E-02
 1.12233911E+00 -6.35538656E-02
 9.91734643E-01 -2.17213193E-01
 8.48421580E-01 -3.17234796E-01
 7.30251414E-01 -3.40740831E-01
 6.51495060E-01 -3.08379784E-01
 6.18721718E-01 -2.45756078E-01
 6.15713001E-01 -1.90689226E-01
 6.42077035E-01 -1.37213808E-01
 7.13839046E-01 -4.78193098E-02
 8.20338553E-01  3.53758221E-02
 9.41976640E-01  5.08243513E-02
 1.05591940E+00  3.35193756E-02
 1.13083097E+00  3.96992280E-02
 1.16252978E+00  6.18954852E-02
 1.16880401E+00  8.33206046E-02
 1.15628511E+00  1.06014137E-01
 1.13105953E+00  1.15116968E-01
 1.09962397E+00  9.33746524E-02
 1.06008532E+00  4.60985995E-02
 1.02376975E+00  2.26515375E-03
 1.01013895E+00 -3.67870886E-03
 1.02343094E+00  1.50782636E-02
 1.06011987E+00  1.50708452E-02
 1.11016483E+00 -1.38602363E-02
 1.14826764E+00 -6.11045523E-02
 1.14053665E+00 -8.95402376E-02
 1.07587169E+00 -5.08591953E-02
 1.02470680E+00 -4.73740604E-04
 1.06725674E+00 -2.53690567E-02
 1.10444146E+00 -3.58021184E-02
 9.82164557E-01  8.68711980E-02
 7.88153591E-01  2.04626237E-01
 6.91186200E-01  1.34892458E-01
 6.67719909E-01  1.74123794E-03
 6.63147403E-01  3.07874013E-03
 7.19882096E-01  7.11247631E-02
 8.34944125E-01  8.54709821E-02
 9.29433877E-01  8.07081643E-02
 9.51140493E-01  8.17515773E-02
 9.40538029E-01  6.85890891E-02
 9.71333725E-01  6.88514912E-02
 1.03094699E+00  1.02281342E-01
 1.07649773E+00  1.49070392E-01
 1.12856508E+00  1.70868537E-01
 1.18813153E+00  1.24892713E-01
 1.17318665E+00  3.51510064E-02
 1.01693686E+00 -2.99772215E-02
 7.87631808E-01 -5.84394462E-02
 6.23576181E-01 -6.09527349E-02
 6.02146535E-01 -3.57114328E-02
 7.46812339E-01 -2.53905505E-03
 9.72073972E-01  3.14216859E-02
 1.10467531E+00  7.40270927E-02
 1.13243712E+00  9.04399863E-02
 1.14905488E+00  4.79558144E-02
 1.14966321E+00 -3.14548501E-03
 1.13665214E+00  5.31193212E-03
 1.14562524E+00  4.44752287E-02
 1.15788406E+00  5.16207859E-02
 1.15837215E+00  3.67082950E-02
 1.15102408E+00  2.43817777E-02
 1.13891828E+00  1.38769427E-02
 1.13907949E+00  1.78116487E-02
 1.15511346E+00  2.95035963E-02
 1.17416117E+00  1.94553928E-02
 1.18269146E+00 -2.08093980E-03
 1.16627118E+00 -8.86675123E-03
 1.13969435E+00 -6.34693354E-03
 1.13383473E+00 -3.20369787E-03
 1.13557312E+00  4.11049495E-03
 1.11753279E+00  1.28058733E-02
 1.09604093E+00  2.07556037E-02
 1.09459608E+00  3.60063582E-02
 1.10762909E+00  7.33375825E-02
 1.12888438E+00  1.37600456E-01
 1.16137798E+00  1.85058834E-01
 1.19861267E+00  1.57748370E-01
 1.22417986E+00  7.85692904E-02
 1.22148637E+00  1.04100410E-02
 1.17916159E+00 -3.63876309E-02
 1.09724342E+00 -6.42036524E-02
 9.99008082E-01 -6.75782757E-02
 9.24361850E-01 -6.22646751E-02
 9.01354997E-01 -4.08549640E-02
 9.39381901E-01  2.00483730E-02
 1.02161565E+00  9.29894516E-02
 1.10538496E+00  1.32699440E-01
 1.16323655E+00  1.27784243E-01
 1.18815158E+00  8.31671006E-02
 1.18492599E+00  2.92041487E-02
 1.17791747E+00  1.34301717E-02
 1.17744470E+00  1.98869071E-02
 1.17614700E+00  1.33602741E-03
 1.17447278E+00 -1.39489005E-02
 1.16919639E+00  1.47547588E-02
 1.16226876E+00  4.51709158E-02
 1.16555586E+00  2.89034928E-02
 1.17433123E+00 -5.94473613E-03
 1.17511245E+00 -1.79652148E-02
 1.16116084E+00 -1.77547024E-02
 1.12779830E+00 -2.19910825E-02
 1.08474786E+00 -2.16365499E-02
 1.05535969E+00 -1.45497410E-02
 1.05170100E+00 -4.68467902E-03
 1.07515308E+00  1.17395770E-02
 1.11827809E+00  3.05482048E-02
 1.16064058E+00  4.06375169E-02
 1.18934162E+00  3.61741875E-02
 1.20183208E+00  1.49824139E-02
 1.19647580E+00 -1.64376003E-02
 1.17868842E+00 -4.28157759E-02
 1.15175619E+00 -5.47140738E-02
 1.11517124E+00 -4.96690435E-02
 1.07859343E+00 -3.17361282E-02
 1.05535607E+00 -1.34607909E-02
 1.05562823E+00 -2.10622847E-03
 1.08543631E+00  2.15441792E-03
 1.13246291E+00  5.02126834E-04
 1.17048320E+00 -1.19550665E-03
 1.18268735E+00 -7.25106709E-04
 1.16375442E+00 -1.21204905E-03
 1.12557301E+00 -2.27765854E-03
 1.09761584E+00 -3.38107051E-03
 1.09579241E+00 -3.57295384E-03
 1.11921566E+00  2.98461640E-04
 1.15723003E+00  6.48652813E-03
 1.18460795E+00  1.00592465E-02
 1.18810643E+00  8.72692048E-03
 1.17198862E+00  1.64897837E-03
 1.14350971E+00 -8.09918578E-03
 1.11883083E+00 -1.34107016E-02
 1.10734346E+00 -1.07655801E-02
 1.10502629E+00 -6.34515505E-04
 1.10884573E+00  1.34187883E-02
 1.11248201E+00  2.38555277E-02
 1.11249404E+00  2.61964403E-02
 1.11383123E+00  2.07099085E-02
 1.11914175E+00  1.03216555E-02
 1.13057778E+00  1.52532216E-03
 1.14867583E+00 -1.81112151E-03
 1.16812061E+00 -3.59114660E-04
 1.18330318E+00  3.40035950E-03
 1.18874530E+00  4.33724700E-03
 1.18022820E+00 -1.69650835E-05
 1.15864441E+00 -7.57775551E-03
 1.12978094E+00 -1.47366599E-02
 1.10301580E+00 -1.58809464E-02
 1.08638866E+00 -8.19722140E-03
 1.08395340E+00  5.90503528E-03
 1.09472416E+00  2.07636761E-02
 1.11229756E+00  2.77745190E-02
 1.13167228E+00  2.16065540E-02
 1.14923352E+00  3.34913690E-03
 1.15875995E+00 -1.97474797E-02
 1.15538426E+00 -3.50539672E-02
 1.13619379E+00 -3.43953525E-02
 1.10307954E+00 -1.74505416E-02
 1.07322258E+00  8.48284941E-03
 1.07139806E+00  2.84908840E-02
 1.10898801E+00  3.30058355E-02
 1.17657345E+00  2.08762698E-02
 1.22992504E+00 -3.65113639E-03
 1.21457136E+00 -2.89073733E-02
 1.14892180E+00 -4.73990459E-02
 1.09284783E+00 -5.79312112E-02
 1.04797396E+00 -5.82306915E-02
 1.00314401E+00 -4.91004653E-02
 9.85268719E-01 -3.07987478E-02
 1.00767144E+00 -2.56517041E-03
 1.06015688E+00  2.67844233E-02
 1.12920271E+00  4.39657379E-02
 1.18465714E+00  4.11108471E-02
 1.19460463E+00  1.76361863E-02
 1.17291155E+00 -9.58200506E-03
 1.15794278E+00 -1.73630914E-02
 1.14979324E+00 -1.56510020E-02
 1.13482575E+00 -2.78205850E-02
 1.12141049E+00 -3.78665081E-02
 1.11267000E+00 -2.29302732E-02
 1.10928267E+00 -3.12886242E-03
 1.12029917E+00 -3.36755388E-03
 1.13936762E+00 -1.12333321E-02
 1.14952781E+00 -8.94100998E-03
 1.14146323E+00 -3.95450863E-03
 1.11130955E+00 -5.09255100E-03
 1.07105805E+00 -7.23113812E-03
 1.04747831E+00 -7.35607398E-03
 1.05469258E+00 -6.05719264E-03
 1.09260373E+00 -1.10320535E-03
 1.14827129E+00  5.79893822E-03
 1.19294221E+00  8.93917216E-03
 1.20905902E+00  5.66993696E-03
 1.19531539E+00 -4.30710504E-03
 1.15791997E+00 -1.82521802E-02
 1.11598396E+00 -2.96227446E-02
 1.08199251E+00 -3.44417376E-02
 1.05722221E+00 -3.18974356E-02
 1.04602616E+00 -2.26045693E-02
 1.04870231E+00 -1.01872075E-02
 1.06667459E+00  2.57814304E-03
 1.10394761E+00  1.42842486E-02
 1.14910634E+00  2.13547363E-02
 1.18220498E+00  2.03383903E-02
 1.18890635E+00  9.05078336E-03
 1.16118513E+00 -1.26028652E-02
 1.11112154E+00 -3.74005199E-02
 1.06827413E+00 -5.33355072E-02
 1.05100626E+00 -5.22880242E-02
 1.06517644E+00 -3.19961508E-02
 1.10385872E+00 -5.39114575E-04
 1.14317911E+00  2.48655209E-02
 1.16997681E+00  3.32970595E-02
 1.18345059E+00  2.24274112E-02
 1.18074432E+00 -1.81516390E-03
 1.16594717E+00 -2.37256601E-02
 1.13973046E+00 -3.43644952E-02
 1.09788482E+00 -3.38624353E-02
 1.05225177E+00 -2.46351631E-02
 1.02202854E+00 -1.51694604E-02
 1.02050873E+00 -9.42357915E-03
 1.05518655E+00 -4.41680789E-03
 1.11174794E+00 -5.16143886E-04
 1.15781506E+00  2.47656028E-03
 1.17357254E+00  3.90046004E-03
 1.15356980E+00 -1.14868552E-04
 1.10939744E+00 -8.07188978E-03
 1.07242844E+00 -1.51437053E-02
 1.06000434E+00 -1.86207663E-02
 1.07186887E+00 -1.62184385E-02
 1.10180684E+00 -9.56979732E-03
 1.13030818E+00 -4.45312591E-03
 1.14735375E+00 -3.54102924E-03
 1.15709759E+00 -6.86942619E-03
 1.15858888E+00 -1.30103285E-02
 1.15388096E+00 -1.76142484E-02
 1.14342997E+00 -1.85902704E-02
 1.12194516E+00 -1.67787561E-02
 1.09624176E+00 -1.28161999E-02
 1.07978605E+00 -8.59077303E-03
 1.08091002E+00 -5.15923665E-03
 1.10468862E+00 -1.69057603E-03
 1.14268516E+00  1.66138375E-03
 1.17416301E+00  4.58459014E-03
 1.18662215E+00  6.71270508E-03
 1.17631511E+00  6.79855031E-03
 1.14850753E+00  4.45062439E-03
 1.12028174E+00  6.83677244E-05
 1.10086988E+00 -5.89557720E-03
 1.08984053E+00 -1.22224264E-02
 1.08571320E+00 -1.71449615E-02
 1.08117396E+00 -1.89073662E-02
 1.07441778E+00 -1.60641978E-02
 1.07195368E+00 -8.30208756E-03
 1.07682826E+00  2.45993404E-03
 1.09202261E+00  1.26831487E-02
 1.11780032E+00  1.94625786E-02
 1.14736920E+00  2.10773446E-02
 1.17375075E+00  1.77502316E-02
 1.18986484E+00  1.18439655E-02
 1.18972290E+00  4.90027424E-03
 1.17342541E+00 -2.21681702E-03
 1.14792581E+00 -7.82992769E-03
 1.12496002E+00 -1.06954873E-02
 1.11391147E+00 -9.34389380E-03
 1.11841292E+00 -2.59275606E-03
 1.13409761E+00  7.20468629E-03
 1.14911046E+00  1.55272469E-02
 1.15630260E+00  1.90995834E-02
 1.15449546E+00  1.62082165E-02
 1.14500985E+00  8.86056561E-03
 1.13439514E+00  2.51018286E-03
 1.12548315E+00  1.71009114E-04
 1.11672038E+00  2.19693987E-03
 1.11107291E+00  7.17653528E-03
 1.11178115E+00  1.09106280E-02
 1.12128886E+00  1.13530813E-02
 1.14185761E+00  9.18739723E-03
 1.16682285E+00  4.72312352E-03
 1.18351763E+00 -5.58818101E-04
 1.18410977E+00 -5.74124450E-03
 1.16599548E+00 -1.12092668E-02
 1.13600885E+00 -1.53010464E-02
 1.11031399E+00 -1.56548375E-02
 1.09905318E+00 -1.10517514E-02
 1.10488101E+00 -1.28080157E-03
 1.12502453E+00  1.02471650E-02
 1.14796115E+00  1.77249673E-02
 1.16507673E+00  1.86616276E-02
 1.17116380E+00  1.51684322E-02
 1.15511146E+00  1.61025211E-02
 1.11800298E+00  3.41807318E-02
 1.09915536E+00  7.20668062E-02
 1.13838887E+00  1.16963512E-01
 1.19505389E+00  1.35762922E-01
 1.19658641E+00  9.22463040E-02
 1.15732312E+00  1.97395561E-03
 1.12230013E+00 -8.36676052E-02
 1.08008935E+00 -1.38307418E-01
 1.02466332E+00 -1.47183588E-01
 9.85194166E-01 -1.09941626E-01
 9.80668300E-01 -5.88690494E-02
 1.01791461E+00 -1.67672155E-02
 1.09376263E+00  8.17574283E-03
 1.16542587E+00  1.06006147E-02
 1.18100753E+00  2.38832508E-03
 1.16458761E+00 -6.80863585E-03
 1.17114516E+00 -1.57686169E-02
 1.17103086E+00 -2.11600231E-02
 1.11642214E+00 -2.34032794E-02
 1.04483453E+00 -1.43165923E-02
 1.00852356E+00  1.60790976E-02
 1.01342170E+00  4.80040268E-02
 1.05990609E+00  5.38045525E-02
 1.13749328E+00  4.19055833E-02
 1.20613299E+00  3.20816699E-02
 1.23596095E+00  1.48212495E-02
 1.21837464E+00 -1.91939557E-02
 1.16388063E+00 -4.67188776E-02
 1.10567847E+00 -4.55991759E-02
 1.06233985E+00 -3.10776796E-02
 1.03531020E+00 -2.57953666E-02
 1.02845806E+00 -1.64617482E-02
 1.03597316E+00  1.42466724E-02
 1.05791331E+00  4.12328884E-02
 1.10247069E+00  3.49751513E-02
 1.15683493E+00  1.04693850E-02
 1.19853853E+00 -6.12197231E-03
 1.21097755E+00 -1.64701065E-02
 1.18167930E+00 -2.56136231E-02
 1.12319556E+00 -2.85173133E-02
 1.06956010E+00 -2.73438306E-02
 1.04132578E+00 -2.41437095E-02
 1.04625981E+00 -1.50867665E-02
 1.07868622E+00 -1.91623748E-03
 1.11378190E+00  1.06858909E-02
 1.13949654E+00  1.88542685E-02
 1.15752614E+00  1.80860883E-02
 1.16560772E+00  9.80717313E-03
 1.16777941E+00  5.32187749E-04
 1.16313384E+00 -6.37410486E-03
 1.14316223E+00 -9.31855103E-03
 1.11430174E+00 -8.39229048E-03
 1.09005611E+00 -7.17254553E-03
 1.07963766E+00 -6.51806429E-03
 1.09091580E+00 -4.92812995E-03
 1.11712851E+00 -3.10500600E-03
 1.13852302E+00 -1.56518243E-03
 1.14484513E+00 -1.22548928E-03
 1.13428655E+00 -4.06505788E-03
 1.11284167E+00 -8.92945109E-03
 1.09764082E+00 -1.26647933E-02
 1.09668833E+00 -1.35392449E-02
 1.10677866E+00 -1.04903064E-02
 1.12269031E+00 -4.30964238E-03
 1.13283227E+00  1.98526482E-03
 1.13152367E+00  6.96770385E-03
 1.12350038E+00  1.06395832E-02
 1.11438254E+00  1.31258112E-02
 1.11309515E+00  1.55819722E-02
 1.12494710E+00  1.80155300E-02
 1.14643291E+00  1.87961395E-02
 1.17077533E+00  1.65024496E-02
 1.18732525E+00  9.63465059E-03
 1.18776013E+00 -2.05672074E-03
 1.17018701E+00 -1.63180176E-02
 1.13612814E+00 -2.88088314E-02
 1.09214641E+00 -3.38515779E-02
 1.04543496E+00 -2.75487022E-02
 1.00318944E+00 -9.77703426E-03
 9.78817007E-01  1.43558728E-02
 9.86154670E-01  3.54492963E-02
 1.03158924E+00  4.65363493E-02
 1.10860815E+00  4.49286459E-02
 1.18365812E+00  3.29765784E-02
 1.21612893E+00  1.84654389E-02
 1.21492642E+00  6.16770630E-03
 1.21216903E+00 -3.01062263E-03
 1.19070036E+00 -8.78912726E-03
 1.12962492E+00 -1.36521458E-02
 1.07239484E+00 -1.75783732E-02
 1.06664591E+00 -1.75306865E-02
 1.09264049E+00 -1.38106003E-02
 1.11239644E+00 -7.76614456E-03
 1.13141295E+00 -1.13625059E-03
 1.16019671E+00  2.68956420E-03
 1.18510433E+00  3.17525960E-03
 1.19827323E+00  2.17743714E-03
 1.19441740E+00  3.53909399E-04
 1.16282424E+00 -1.12879772E-03
 1.11157070E+00 -2.33314069E-04
 1.06230040E+00  4.53706049E-03
 1.02887221E+00  1.52445683E-02
 1.01916715E+00  3.34557185E-02
 1.02650326E+00  5.72334611E-02
 1.02918247E+00  8.23501774E-02
 1.01854687E+00  1.05098767E-01
 9.99465116E-01  1.22135282E-01
 9.83877047E-01  1.31553138E-01
 9.94665184E-01  1.33296526E-01
 1.04181815E+00  1.25783871E-01
 1.11625788E+00  1.06568620E-01
 1.19981023E+00  7.46927343E-02
 1.26261726E+00  3.03281212E-02
 1.28343206E+00 -2.28067530E-02
 1.25918279E+00 -7.58932223E-02
 1.19902371E+00 -1.15823211E-01
 1.12679398E+00 -1.28238751E-01
 1.06153422E+00 -1.06126663E-01
 1.01172363E+00 -5.64486173E-02
 9.84924944E-01 -7.43007771E-03
 9.81694054E-01  1.31431354E-02
 1.00600148E+00  3.65581078E-02
 1.06498314E+00  1.09039525E-01
 1.14901431E+00  1.73658037E-01
 1.22766286E+00  1.43724912E-01
 1.23543973E+00  5.15236706E-02
 1.12013900E+00 -2.56740769E-02
 9.72519330E-01 -5.97464059E-02
 9.38852448E-01 -3.25735524E-02
 9.84290385E-01  1.95331823E-02
 9.96385230E-01  1.20197947E-02
 9.84242500E-01 -3.07882524E-02
 9.73923722E-01 -2.82580251E-02
 9.67490246E-01  4.44275701E-03
 1.00825183E+00  3.15841951E-02
 1.08941145E+00  5.07943513E-02
 1.15226082E+00  4.21894093E-02
 1.18550865E+00  1.42628278E-02
 1.19312849E+00  7.38452412E-03
 1.17749750E+00  1.21056863E-02
 1.16297409E+00  1.22918225E-03
 1.14378727E+00 -8.76173708E-03
 1.09513644E+00  7.82571293E-05
 1.04073671E+00  1.70813602E-02
 1.01734600E+00  3.25023950E-02
 1.02624703E+00  4.56346378E-02
 1.06132243E+00  5.24776331E-02
 1.11785268E+00  5.13463107E-02
 1.17512495E+00  4.64526576E-02
 1.21087338E+00  3.86825739E-02
 1.21441939E+00  2.70173249E-02
 1.19112383E+00  1.36658369E-02
 1.16025200E+00  8.60862077E-04
 1.13199989E+00 -8.43989267E-03
 1.10811216E+00 -1.04980002E-02
 1.09131766E+00 -6.47811348E-03
 1.07825852E+00 -8.39762670E-04
 1.07185033E+00  3.80743070E-03
 1.08150619E+00  5.74187860E-03
 1.10404106E+00  5.33113044E-03
 1.13062797E+00  5.75111196E-03
 1.15403706E+00  7.57477944E-03
 1.16552068E+00  9.17092536E-03
 1.16606997E+00  9.49683093E-03
 1.16537670E+00  6.74977434E-03
 1.16595601E+00  9.06849730E-04
 1.16597940E+00 -5.17807628E-03
 1.16170133E+00 -8.27127868E-03
 1.14466526E+00 -4.69559208E-03
 1.11387555E+00  7.79327711E-03
 1.07758081E+00  2.76944352E-02
 1.04697240E+00  4.92031001E-02
 1.03704897E+00  6.34522990E-02
 1.05664095E+00  6.39271474E-02
 1.10169221E+00  4.89315785E-02
 1.15516068E+00  2.34659419E-02
 1.18981059E+00 -1.37522961E-03
 1.18694726E+00 -1.77847506E-02
 1.14472913E+00 -2.28063894E-02
 1.08237048E+00 -1.71553319E-02
 1.03754005E+00 -7.00368484E-03
 1.03408523E+00  4.20973303E-03
 1.07446926E+00  1.60917050E-02
 1.14160905E+00  2.48186189E-02
 1.19664442E+00  2.69599521E-02
 1.21592077E+00  1.94367006E-02
 1.19774840E+00  6.78587271E-05
 1.14866648E+00 -2.35110499E-02
 1.09236307E+00 -3.74645262E-02
 1.04578501E+00 -3.28381083E-02
 1.01519511E+00 -6.74858249E-03
 1.02135069E+00  3.19079299E-02
 1.07241836E+00  6.34324684E-02
 1.12937858E+00  7.57186761E-02
 1.14751739E+00  6.61917230E-02
 1.15071864E+00  4.03858296E-02
 1.18416918E+00  1.44687715E-02
 1.20877071E+00 -2.26275537E-03
 1.16849342E+00 -9.69971054E-03
 1.09888008E+00 -8.31476262E-03
 1.05701740E+00 -3.95144467E-03
 1.04771704E+00  1.11272226E-03
 1.06910095E+00  1.02376465E-02
 1.11854372E+00  2.03913889E-02
 1.16657202E+00  2.67755370E-02
 1.19194703E+00  2.56420151E-02
 1.19209416E+00  1.27946929E-02
 1.16975045E+00 -6.84500945E-03
 1.13961302E+00 -2.14826725E-02
 1.10873510E+00 -2.41365071E-02
 1.07430935E+00 -1.20831975E-02
 1.04493405E+00  1.03127999E-02
 1.03062857E+00  3.06248538E-02
 1.03970804E+00  4.18127911E-02
 1.08022453E+00  4.27988347E-02
 1.13936935E+00  3.44309516E-02
 1.18939410E+00  2.27716115E-02
 1.21178552E+00  1.08452920E-02
 1.19705694E+00 -2.42352967E-03
 1.15300272E+00 -1.42730413E-02
 1.10628986E+00 -2.17736499E-02
 1.07230457E+00 -2.21901598E-02
 1.05472901E+00 -1.22134077E-02
 1.05452225E+00  4.42280357E-03
 1.06202723E+00  1.91108384E-02
 1.07473229E+00  2.62146469E-02
 1.09824649E+00  2.27298194E-02
 1.12628855E+00  1.15322309E-02
 1.14951182E+00  1.64372686E-03
 1.15974175E+00 -2.24961015E-03
 1.14819863E+00 -1.19082422E-06
 1.12256886E+00  6.46042214E-03
 1.10275142E+00  1.10387489E-02
 1.09983872E+00  1.11621000E-02
 1.11732530E+00  8.91698115E-03
 1.14693643E+00  5.56004783E-03
 1.16700698E+00  3.73152511E-03
 1.16670699E+00  4.66108011E-03
 1.14761687E+00  6.31437329E-03
 1.11650043E+00  7.94301315E-03
 1.09002890E+00  9.01124021E-03
 1.07758163E+00  8.85984173E-03
 1.07713772E+00  8.34959746E-03
 1.08653882E+00  7.83155600E-03
 1.09883828E+00  7.18451530E-03
 1.10997834E+00  6.69356289E-03
 1.12280330E+00  6.23272149E-03
 1.13653421E+00  5.71687626E-03
 1.14977361E+00  5.34009851E-03
 1.16041145E+00  5.16219967E-03
 1.16284893E+00  5.30165639E-03
 1.15533026E+00  5.85149312E-03
 1.13940135E+00  6.75360212E-03
 1.11672768E+00  7.92866008E-03
 1.09190574E+00  9.23063779E-03
 1.07123609E+00  1.04665316E-02
 1.06070704E+00  1.14482545E-02
 1.06582414E+00  1.19549822E-02
 1.08842267E+00  1.17949457E-02
 1.12224336E+00  1.08909883E-02
 1.15532715E+00  9.27330775E-03
 1.17768718E+00  7.06264047E-03
 1.18299387E+00  4.51098469E-03
 1.17148110E+00  2.02508243E-03
 1.15068026E+00  1.06076570E-04
 1.12523785E+00 -7.39565448E-04
 1.09783472E+00 -1.18579483E-04
 1.07482759E+00  2.04067505E-03
 1.06172562E+00  5.45251009E-03
 1.06467680E+00  9.61617350E-03
 1.08861090E+00  1.36913525E-02
 1.12585499E+00  1.63503287E-02
 1.16048328E+00  1.61724130E-02
 1.18051398E+00  1.22891032E-02
 1.17846176E+00  4.97355471E-03
 1.15753909E+00 -3.37865354E-03
 1.13207225E+00 -8.92377580E-03
 1.10996544E+00 -8.99656441E-03
 1.09345975E+00 -2.97415131E-03
 1.08503139E+00  6.58070454E-03
 1.08221116E+00  1.43100614E-02
 1.08649382E+00  1.67825029E-02
 1.10309145E+00  1.33269742E-02
 1.12783067E+00  5.87706961E-03
 1.15234892E+00 -6.17806659E-04
 1.16939799E+00 -3.40197980E-03
 1.17139106E+00 -2.70612489E-03
 1.15915613E+00  3.37781837E-04
 1.14119818E+00  2.63466007E-03
 1.12177519E+00  2.77276061E-03
 1.10318619E+00  1.96471854E-03
 1.08784818E+00  1.03441900E-03
 1.07495977E+00  1.42613414E-03
 1.06730215E+00  3.80950112E-03
 1.07037234E+00  6.97448305E-03
 1.08421053E+00  1.01525559E-02
 1.10635024E+00  1.25481456E-02
 1.13344279E+00  1.33647346E-02
 1.15925961E+00  1.27379784E-02
 1.17869548E+00  1.07094825E-02
 1.18838118E+00  7.31950613E-03
 1.18397543E+00  2.92272258E-03
 1.16346542E+00 -2.16899256E-03
 1.13084851E+00 -7.20861250E-03
 1.09390341E+00 -1.10694331E-02
 1.06087126E+00 -1.27232753E-02
 1.03945290E+00 -1.13088479E-02
 1.03328570E+00 -6.62762667E-03
 1.04143743E+00  7.04266820E-04
 1.06395226E+00  9.68974835E-03
 1.09943033E+00  1.86570856E-02
 1.14015010E+00  2.49301117E-02
 1.17572656E+00  2.56485281E-02
 1.19552037E+00  1.89839166E-02
 1.19104560E+00  5.29445798E-03
 1.16470777E+00 -1.09058260E-02
 1.12788008E+00 -2.22007471E-02
 1.08946447E+00 -2.32517009E-02
 1.05701898E+00 -1.23379914E-02
 1.03687410E+00  6.57604322E-03
 1.03055445E+00  2.42497654E-02
 1.04237832E+00  3.44135721E-02
 1.07618836E+00  3.48382272E-02
 1.12357601E+00  2.63007659E-02
 1.16965576E+00  1.41551153E-02
 1.20079433E+00  1.27717892E-03
 1.20567047E+00 -1.22509484E-02
 1.18558780E+00 -2.37370486E-02
 1.15357863E+00 -3.08151474E-02
 1.11758089E+00 -3.06731500E-02
 1.08294569E+00 -1.99784784E-02
 1.05688297E+00 -1.65609692E-03
 1.04253513E+00  1.71348790E-02
 1.04621598E+00  3.10031454E-02
 1.07446175E+00  3.57656749E-02
 1.11834392E+00  3.13190998E-02
 1.16017660E+00  2.23874043E-02
 1.18560735E+00  1.13169915E-02
 1.18378240E+00 -8.17103151E-04
 1.15756929E+00 -1.06656174E-02
 1.12350023E+00 -1.56431451E-02
 1.09143381E+00 -1.27768204E-02
 1.06702982E+00  2.96624236E-04
 1.05839682E+00  1.85681328E-02
 1.06774414E+00  3.24615631E-02
 1.09687334E+00  3.52908410E-02
 1.14289984E+00  2.37760639E-02
 1.17815086E+00  1.96800744E-03
 1.17512899E+00 -1.89555518E-02
 1.15994229E+00 -3.23258724E-02
 1.17310840E+00 -3.63288086E-02
 1.18001634E+00 -3.16042026E-02
 1.12821627E+00 -2.29407478E-02
 1.05495381E+00 -9.10337770E-03
 1.02028210E+00  1.90991992E-02
 1.01782259E+00  7.34521807E-02
 1.03320806E+00  1.55789839E-01
 1.08497756E+00  2.21766430E-01
 1.16664047E+00  2.08049794E-01
 1.21383467E+00  1.15460665E-01
 1.16882846E+00 -6.70443495E-03
 1.07733250E+00 -9.82707476E-02
 1.02795074E+00 -9.61768383E-02
 1.01229572E+00 -2.90979586E-02
 9.93695437E-01  1.06937446E-02
 1.01066234E+00  3.13915372E-02
 1.08320797E+00  7.34350366E-02
 1.13892311E+00  8.71532971E-02
 1.10849075E+00  3.61880507E-02
 1.03550885E+00 -2.37101094E-02
 1.00190817E+00 -3.52397448E-02
 9.96335283E-01 -2.62171131E-02
 9.80243109E-01 -4.49586572E-02
 9.62542230E-01 -6.64867968E-02
 9.46751786E-01 -5.28677842E-02
 9.51071642E-01 -1.83520045E-02
 1.01543410E+00  1.83123695E-02
 1.10942133E+00  4.48120247E-02
 1.16674591E+00  3.93650807E-02
 1.18558856E+00  1.27204281E-02
 1.18714019E+00 -5.82930311E-05
 1.17684076E+00  2.97661536E-03
 1.17105937E+00  6.30206268E-03
 1.15746423E+00 -2.45814342E-03
 1.10196393E+00 -3.78870250E-02
 1.03462435E+00 -7.22020733E-02
 1.00826729E+00 -5.66761985E-02
 1.01079765E+00 -1.62193672E-02
 1.01542338E+00 -2.05815116E-03
 1.03373894E+00  6.24231630E-03
 1.07232929E+00  3.98084733E-02
 1.11496785E+00  7.12804958E-02
 1.14941250E+00  7.13548038E-02
 1.16696354E+00  4.72108810E-02
 1.15877751E+00  1.13485821E-02
 1.13231166E+00 -2.05929499E-02
 1.10760799E+00 -2.68141228E-02
 1.09764578E+00 -2.06777922E-02
 1.10780757E+00 -3.32568790E-02
 1.13144036E+00 -4.47554902E-02
 1.14863621E+00 -2.27192956E-02
 1.14989341E+00  5.48457083E-03
 1.13657810E+00  3.44761428E-03
 1.11174520E+00 -1.07105107E-02
 1.08630284E+00 -9.87140103E-03
 1.06602074E+00 -1.85164105E-03
 1.04918972E+00  3.61810194E-03
 1.04117351E+00  1.13977549E-02
 1.04790579E+00  1.99594938E-02
 1.07279419E+00  2.56699679E-02
 1.11829486E+00  3.08057105E-02
 1.17362567E+00  3.39956375E-02
 1.21845400E+00  3.13855618E-02
 1.23876073E+00  2.13234582E-02
 1.22767222E+00  3.07855095E-03
 1.19154062E+00 -1.93144572E-02
 1.15038533E+00 -3.76204166E-02
 1.11672537E+00 -4.65584745E-02
 1.09429880E+00 -4.40500988E-02
 1.08217653E+00 -3.20620287E-02
 1.07051405E+00 -1.73768931E-02
 1.05694941E+00 -4.15553233E-03
 1.04796017E+00  6.85445615E-03
 1.04615028E+00  1.61205434E-02
 1.05533941E+00  2.67678410E-02
 1.07562732E+00  3.90082374E-02
 1.09995537E+00  4.91740678E-02
 1.12515947E+00  5.39198522E-02
 1.14945044E+00  4.92113614E-02
 1.16893705E+00  3.35981968E-02
 1.18163953E+00  1.04896955E-02
 1.18441366E+00 -1.42303761E-02
 1.17317639E+00 -3.25267524E-02
 1.14803498E+00 -3.81006745E-02
 1.11305926E+00 -2.95862782E-02
 1.07703593E+00 -1.14371573E-02
 1.05270505E+00  6.86688904E-03
 1.04960735E+00  1.82854692E-02
 1.07059129E+00  2.03202457E-02
 1.10812389E+00  1.49047979E-02
 1.14560285E+00  9.08788831E-03
 1.17065021E+00  6.29335088E-03
 1.17799083E+00  5.55694821E-03
 1.17056329E+00  6.20192963E-03
 1.16074437E+00  5.49176039E-03
 1.15471494E+00  3.20980403E-03
 1.15163011E+00  2.73369292E-03
 1.15124793E+00  4.60764623E-03
 1.14952717E+00  8.46466420E-03
 1.14654690E+00  1.38676269E-02
 1.14771414E+00  1.83935319E-02
 1.15198893E+00  2.08821080E-02
 1.15594733E+00  2.14553243E-02
 1.15713711E+00  1.94086163E-02
 1.15164667E+00  1.48853078E-02
 1.14096280E+00  9.55102988E-03
 1.13126592E+00  5.44289942E-03
 1.12521792E+00  4.45745754E-03
 1.12372248E+00  7.62344834E-03
 1.12640649E+00  1.34862653E-02
 1.12974193E+00  1.87684515E-02
 1.13258958E+00  2.14343120E-02
 1.13617600E+00  2.08585680E-02
 1.14025784E+00  1.78585898E-02
 1.14500054E+00  1.50441005E-02
 1.14990782E+00  1.35502902E-02
 1.15283832E+00  1.27661298E-02
 1.15300970E+00  1.19445472E-02
 1.15045264E+00  9.46462651E-03
 1.14501183E+00  4.74405099E-03
 1.13747137E+00 -1.07523037E-03
 1.12895239E+00 -6.88336560E-03
 1.12054452E+00 -1.11260231E-02
 1.11381470E+00 -1.25350790E-02
 1.11016441E+00 -1.09581092E-02
 1.11009757E+00 -6.42286115E-03
 1.11346164E+00  5.47207590E-04
 1.11990133E+00  8.98433947E-03
 1.12860313E+00  1.77033712E-02
 1.13813311E+00  2.44444886E-02
 1.14675283E+00  2.65108782E-02
 1.15239948E+00  2.21405202E-02
 1.15320309E+00  1.12337274E-02
 1.14873461E+00 -2.92153879E-03
 1.13990045E+00 -1.44683192E-02
 1.12810973E+00 -1.90476725E-02
 1.11577119E+00 -1.48208702E-02
 1.10654221E+00 -3.86002427E-03
 1.10430154E+00  7.87061965E-03
 1.11216292E+00  1.64461880E-02
 1.13088733E+00  2.04725857E-02
 1.15598692E+00  1.96801409E-02
 1.17904695E+00  1.63617389E-02
 1.19303764E+00  1.12273164E-02
 1.19341475E+00  3.38012988E-03
 1.18001878E+00 -5.27299500E-03
 1.15787276E+00 -1.20783359E-02
 1.13090861E+00 -1.44370369E-02
 1.10289555E+00 -9.61338594E-03
 1.08155480E+00  1.00054571E-03
 1.07457989E+00  1.27643406E-02
 1.08790102E+00  2.24198889E-02
 1.12282864E+00  2.73984893E-02
 1.16645125E+00  2.63791546E-02
 1.19637430E+00  2.06017929E-02
 1.19690656E+00  1.05696724E-02
 1.16246363E+00 -2.80370183E-03
 1.10490033E+00 -1.44030518E-02
 1.05247993E+00 -1.77165485E-02
 1.02368576E+00 -8.22261879E-03
 1.02463360E+00  1.49990718E-02
 1.05283753E+00  4.38534791E-02
 1.09188177E+00  6.35970629E-02
 1.13251065E+00  6.44671808E-02
 1.17359473E+00  4.37332120E-02
 1.20534834E+00  8.44083546E-03
 1.21885559E+00 -2.44811896E-02
 1.20566125E+00 -4.40841334E-02
 1.15831737E+00 -4.73244464E-02
 1.09177603E+00 -3.55209049E-02
 1.03590848E+00 -1.77228110E-02
 1.01186251E+00  1.25255378E-03
 1.03118902E+00  2.19100101E-02
 1.08442333E+00  3.99681165E-02
 1.14072193E+00  5.14479326E-02
 1.18172223E+00  5.19251882E-02
 1.20184396E+00  3.60459060E-02
 1.20007556E+00  9.09363961E-03
 1.18848076E+00 -1.64690445E-02
 1.17050391E+00 -3.18203906E-02
 1.14050483E+00 -3.10675664E-02
 1.10655709E+00 -1.63774807E-02
 1.07991397E+00  1.24625875E-03
 1.07094088E+00  1.60076921E-02
 1.09077362E+00  2.64011696E-02
 1.13069276E+00  3.03311257E-02
 1.16718681E+00  2.94836258E-02
 1.18605614E+00  2.29642620E-02
 1.18047984E+00  7.63162378E-03
 1.15574857E+00 -1.15653872E-02
 1.13218432E+00 -2.60844231E-02
 1.11943375E+00 -2.96624860E-02
 1.11655075E+00 -1.80066576E-02
 1.12292561E+00  3.67190693E-03
 1.13096779E+00  2.21718606E-02
 1.13811842E+00  2.99868634E-02
 1.14897187E+00  2.53640156E-02
 1.15921035E+00  1.23786602E-02
 1.16217030E+00  2.64332042E-03
 1.15403323E+00  1.78351770E-03
 1.13188987E+00  8.04196329E-03
 1.10548971E+00  1.80542459E-02
 1.09370175E+00  2.38942621E-02
 1.10644076E+00  2.14860273E-02
 1.14347458E+00  1.32188257E-02
 1.18946541E+00  9.68146804E-04
 1.21500595E+00 -1.13840813E-02
 1.20288990E+00 -2.07087403E-02
 1.15325432E+00 -2.70046610E-02
 1.08301149E+00 -2.78796065E-02
 1.02704351E+00 -2.05774744E-02
 1.00773584E+00 -4.32491050E-03
 1.02803086E+00  2.00344856E-02
 1.07826569E+00  4.52959539E-02
 1.13150627E+00  5.98817128E-02
 1.17053899E+00  5.62309476E-02
 1.19322871E+00  3.26740942E-02
 1.19673188E+00 -2.34573690E-03
 1.18593518E+00 -3.14585690E-02
 1.16188895E+00 -4.30203841E-02
 1.11953166E+00 -3.36909768E-02
 1.07018043E+00 -8.95777274E-03
 1.03276141E+00  1.55821177E-02
 1.02206151E+00  3.06744384E-02
 1.04933280E+00  3.54026735E-02
 1.10422675E+00  3.07939750E-02
 1.15818950E+00  2.38373278E-02
 1.19333614E+00  1.72076208E-02
 1.20193347E+00  7.65276626E-03
 1.18796364E+00 -2.78786213E-03
 1.17153851E+00 -1.13022214E-02
 1.16125014E+00 -1.50267237E-02
 1.15371657E+00 -9.32750229E-03
 1.14853262E+00  2.74848684E-03
 1.13999234E+00  1.27349945E-02
 1.12819082E+00  1.59141147E-02
 1.12208759E+00  1.00667843E-02
 1.12124160E+00 -1.62492089E-03
 1.12164873E+00 -9.91100492E-03
 1.12149021E+00 -1.03563629E-02
 1.11686960E+00 -3.56552694E-03
 1.11109721E+00  7.69259677E-03
 1.11358518E+00  1.63231106E-02
 1.12731280E+00  1.85480467E-02
 1.15042685E+00  1.55202919E-02
 1.17594464E+00  8.40698468E-03
 1.19057370E+00  5.17727950E-04
 1.18692453E+00 -5.90414463E-03
 1.16595539E+00 -1.13746662E-02
 1.13496501E+00 -1.46002793E-02
 1.10862917E+00 -1.40969989E-02
 1.09703638E+00 -8.97829770E-03
 1.10186246E+00  1.73363804E-03
 1.11881979E+00  1.53716899E-02
 1.13629808E+00  2.66258780E-02
 1.14726086E+00  3.17411146E-02
 1.15189560E+00  2.86264009E-02
 1.15189781E+00  1.89059727E-02
 1.15305778E+00  8.02033588E-03
 1.15714818E+00 -5.63443713E-04
 1.15990037E+00 -5.44321480E-03
 1.15926923E+00 -6.13466830E-03
 1.15305939E+00 -4.53169182E-03
 1.14123653E+00 -1.07701243E-03
 1.12891905E+00  5.12911682E-03
 1.12099604E+00  1.22831183E-02
 1.12203315E+00  1.78162382E-02
 1.13505349E+00  1.92749674E-02
 1.15751513E+00  1.41979448E-02
 1.18060955E+00  3.98377159E-03
 1.19172138E+00 -6.90866973E-03
 1.18201670E+00 -1.53846658E-02
 1.15057279E+00 -1.91208037E-02
 1.10809825E+00 -1.69771496E-02
 1.07491683E+00 -1.01908281E-02
 1.06480628E+00  8.60188007E-04
 1.08148824E+00  1.57258775E-02
 1.11834890E+00  3.03965554E-02
 1.15693018E+00  3.95875113E-02
 1.18514443E+00  3.89880816E-02
 1.19939020E+00  2.61966740E-02
 1.19656150E+00  5.11418269E-03
 1.17968782E+00 -1.53347120E-02
 1.14921902E+00 -2.87187385E-02
 1.10277984E+00 -3.14983086E-02
 1.05029635E+00 -2.38700083E-02
 1.00752171E+00 -1.10263190E-02
 9.87795945E-01  4.27159503E-03
 1.00178784E+00  2.12999313E-02
 1.04450345E+00  3.65620100E-02
 1.09710707E+00  4.68967479E-02
 1.14649686E+00  4.84883169E-02
 1.18377306E+00  3.73162623E-02
 1.20340336E+00  1.63031838E-02
 1.20842590E+00 -6.85783616E-03
 1.19679594E+00 -2.60786503E-02
 1.16412643E+00 -3.62493475E-02
 1.11896075E+00 -3.60114001E-02
 1.07508777E+00 -2.88324100E-02
 1.04597314E+00 -1.59044030E-02
 1.04431371E+00  2.23093664E-03
 1.06752200E+00  2.09892148E-02
 1.10013605E+00  3.52269298E-02
 1.13268684E+00  3.96535527E-02
 1.15875959E+00  3.00439248E-02
 1.17334100E+00  1.06731700E-02
 1.17831285E+00 -8.19389021E-03
 1.17073499E+00 -1.95573968E-02
 1.14595772E+00 -1.97096158E-02
 1.11319432E+00 -1.06926041E-02
 1.08756212E+00 -1.13188902E-03
 1.08096852E+00  4.95783641E-03
 1.10129047E+00  7.98790085E-03
 1.13895537E+00  7.95460606E-03
 1.17022318E+00  7.68247021E-03
 1.18173648E+00  7.57747637E-03
 1.17080025E+00  4.90947972E-03
 1.14548246E+00  1.38075837E-03
 1.12739994E+00  1.25175480E-04
 1.12664021E+00  2.85249575E-03
 1.13893899E+00  1.08481266E-02
 1.15605442E+00  1.99021921E-02
 1.16116813E+00  2.20690810E-02
 1.14640877E+00  1.47557122E-02
 1.11904787E+00  1.69013200E-03
 1.09047324E+00 -4.73506188E-03
 1.07841636E+00  8.40111553E-03
 1.09357725E+00  2.58223724E-02
 1.13152016E+00  2.16277563E-02
 1.17840631E+00  9.90657374E-03
 1.21136009E+00  1.62255234E-02
 1.21503987E+00  2.42133417E-02
 1.18954275E+00  1.18950666E-02
 1.14784545E+00 -4.51148346E-03
 1.11537367E+00 -4.56199277E-03
 1.10751605E+00  6.09383487E-03
 1.12277535E+00  1.49991084E-02
 1.14775386E+00  6.93372908E-03
 1.15602709E+00 -3.32800823E-02
 1.13369138E+00 -7.88742338E-02
 1.08663298E+00 -8.21822115E-02
 1.03181316E+00 -5.05336917E-02
 9.99345102E-01 -1.84992427E-02
 1.00700393E+00  5.55571180E-03
 1.05110339E+00  1.42851093E-02
 1.11575879E+00  1.01840722E-02
 1.17043590E+00  1.40272772E-02
 1.19453769E+00  1.06661830E-02
 1.18649467E+00 -2.64081671E-02
 1.15390919E+00 -6.39312265E-02
 1.11762506E+00 -5.73626971E-02
 1.09119754E+00 -2.65030526E-02
 1.07506368E+00 -7.92798309E-03
 1.07131967E+00  4.92249602E-03
 1.07710133E+00  2.30112434E-02
 1.09270158E+00  3.69212872E-02
 1.12398755E+00  4.38855355E-02
 1.16343189E+00  4.10832029E-02
 1.19666956E+00  2.03331577E-02
 1.21252630E+00 -5.88364228E-03
 1.20165018E+00 -1.71007978E-02
 1.17009851E+00 -1.92715299E-02
 1.13744733E+00 -2.65681909E-02
 1.11506626E+00 -3.16231655E-02
 1.10737670E+00 -2.49528616E-02
 1.11222289E+00 -1.28634337E-02
 1.11693994E+00 -2.15501790E-03
 1.11698711E+00  4.79711832E-03
 1.11620773E+00  4.20610715E-03
 1.11522030E+00 -1.92949258E-03
 1.11738270E+00 -5.53620156E-03
 1.12298973E+00 -2.95012038E-03
 1.12677346E+00  5.66487464E-03
 1.12997113E+00  1.69722638E-02
 1.13648576E+00  2.30198677E-02
 1.14724457E+00  2.00733867E-02
 1.16265020E+00  9.72409331E-03
 1.17677583E+00 -4.94391013E-03
 1.17851913E+00 -1.75202432E-02
 1.16274078E+00 -2.37726971E-02
 1.13088304E+00 -2.37800884E-02
 1.09238547E+00 -1.81601063E-02
 1.06464398E+00 -9.58747126E-03
 1.05907942E+00 -2.79916509E-04
 1.07771589E+00  9.31666129E-03
 1.11344209E+00  1.68156314E-02
 1.14905003E+00  1.95028420E-02
 1.17282539E+00  1.54861220E-02
 1.18172612E+00  3.87307471E-03
 1.17697953E+00 -1.09575070E-02
 1.16732931E+00 -2.09976704E-02
 1.15708966E+00 -2.09265132E-02
 1.14473088E+00 -9.10556735E-03
 1.13346863E+00  9.38953064E-03
 1.12620368E+00  2.33765128E-02
 1.12635754E+00  2.60797550E-02
 1.13851032E+00  1.64392475E-02
 1.15642118E+00 -1.55730188E-03
 1.16699505E+00 -1.76576242E-02
 1.16218174E+00 -2.59532724E-02
 1.13872885E+00 -2.64403277E-02
 1.10422542E+00 -2.03546839E-02
 1.07673206E+00 -1.27175455E-02
 1.06676074E+00 -5.94880429E-03
 1.07630052E+00  1.72113943E-03
 1.10129404E+00  9.62675745E-03
 1.12847814E+00  1.70949040E-02
 1.15029814E+00  2.28456075E-02
 1.16681791E+00  2.35145483E-02
 1.17692989E+00  1.90283566E-02
 1.18290253E+00  1.16661734E-02
 1.18446336E+00  2.97978778E-03
 1.17693582E+00 -4.70421618E-03
 1.16180689E+00 -9.73852933E-03
 1.14350709E+00 -1.20058569E-02
 1.12623494E+00 -1.05196881E-02
 1.11601708E+00 -4.71485965E-03
 1.11441284E+00  3.34894565E-03
 1.11858060E+00  1.05380317E-02
 1.12767614E+00  1.41214606E-02
 1.14040485E+00  1.23452493E-02
 1.15355406E+00  6.92779632E-03
 1.16451234E+00  2.34413558E-03
 1.16952950E+00  1.13461258E-03
 1.16525469E+00  3.82609710E-03
 1.15421032E+00  9.05843573E-03
 1.14260965E+00  1.29456623E-02
 1.13509021E+00  1.36842901E-02
 1.13492031E+00  1.19142724E-02
 1.14185059E+00  8.27852693E-03
 1.15144345E+00  4.65829697E-03
 1.16155390E+00  1.98921213E-03
 1.17128897E+00 -5.34235161E-04
 1.17706250E+00 -2.75248886E-03
 1.17576995E+00 -4.39947838E-03
 1.16497238E+00 -5.17222191E-03
 1.14403538E+00 -3.95746571E-03
 1.12091867E+00 -4.86574285E-04
 1.10876547E+00  4.72167829E-03
 1.11557667E+00  1.10548529E-02
 1.14228359E+00  1.70960825E-02
 1.17764535E+00  2.07557186E-02
 1.20010375E+00  2.00103437E-02
 1.19685839E+00  1.36542108E-02
 1.16744718E+00  2.36130611E-03
 1.12445548E+00 -9.87255848E-03
 1.09382875E+00 -1.69497754E-02
 1.09092811E+00 -1.48597969E-02
 1.11538935E+00 -3.22013780E-03
 1.15577631E+00  1.27516931E-02
 1.18710829E+00  2.32417497E-02
 1.19463441E+00  2.22210559E-02
 1.17969928E+00  9.34645837E-03
 1.15009853E+00 -9.50233294E-03
 1.12433751E+00 -2.22515579E-02
 1.11346156E+00 -2.17660700E-02
 1.11563029E+00 -8.14918721E-03
 1.12911876E+00  1.34293637E-02
 1.14698961E+00  3.14122210E-02
 1.16482148E+00  3.85854788E-02
 1.18431757E+00  3.45122553E-02
 1.19933813E+00  2.06029115E-02
 1.20120965E+00  2.89291154E-03
 1.18451813E+00 -1.41601977E-02
 1.14633962E+00 -2.90459722E-02
 1.09818850E+00 -3.56604590E-02
 1.06252687E+00 -2.79026930E-02
 1.05418865E+00 -3.88464056E-03
 1.07879342E+00  3.22662614E-02
 1.12715679E+00  6.00393469E-02
 1.17456703E+00  5.55530581E-02
 1.20477762E+00  2.74836675E-02
 1.21178837E+00  2.04911745E-03
 1.19427861E+00 -1.75597561E-02
 1.16200559E+00 -3.42574901E-02
 1.12076206E+00 -4.09169873E-02
 1.07273527E+00 -3.70286042E-02
 1.03397554E+00 -2.08021684E-02
 1.02342349E+00  1.14821646E-02
 1.05236887E+00  4.23125034E-02
 1.11999861E+00  4.88995865E-02
 1.19030809E+00  3.85735889E-02
 1.21604238E+00  2.99521352E-02
 1.21077600E+00  1.87834571E-02
 1.21317814E+00 -2.31938113E-03
 1.19603577E+00 -2.39934542E-02
 1.12499681E+00 -3.73647358E-02
 1.04584823E+00 -3.77363906E-02
 1.01524319E+00 -1.95655734E-02
 1.02139805E+00  1.13569639E-02
 1.03872523E+00  3.95237003E-02
 1.08238675E+00  5.47409870E-02
 1.15699736E+00  5.17750299E-02
 1.21641705E+00  3.28516275E-02
 1.21997908E+00  9.72501665E-03
 1.19752537E+00 -1.11608964E-02
 1.19646556E+00 -2.82373955E-02
 1.18584223E+00 -3.74099739E-02
 1.12165824E+00 -3.75578111E-02
 1.05729251E+00 -2.64375610E-02
 1.06046490E+00 -1.23687121E-03
 1.10159969E+00  2.90271654E-02
 1.12872322E+00  4.92331084E-02
 1.15024884E+00  5.00934458E-02
 1.17763446E+00  2.95929623E-02
 1.19465935E+00  2.67893788E-03
 1.19688605E+00 -8.15167971E-03
 1.18338842E+00 -1.12874242E-02
 1.14635875E+00 -2.76284012E-02
 1.09715519E+00 -4.03512441E-02
 1.05988052E+00 -2.61301074E-02
 1.05096317E+00 -1.53775096E-03
 1.07960909E+00  1.05657102E-02
 1.13497745E+00  1.52175175E-02
 1.18696220E+00  1.90239044E-02
 1.21709020E+00  1.11967107E-02
 1.21854695E+00 -1.24995379E-02
 1.19149041E+00 -3.21606161E-02
 1.15064235E+00 -2.79948827E-02
 1.10428432E+00 -1.42581783E-02
 1.05464523E+00 -1.37651364E-02
 1.01797664E+00 -7.98565496E-03
 1.01170114E+00  2.89648331E-02
 1.04598276E+00  7.39526255E-02
 1.11974270E+00  9.10457511E-02
 1.19418472E+00  7.55985961E-02
 1.21868170E+00  3.50621943E-02
 1.20554484E+00 -7.51226122E-03
 1.19805686E+00 -1.73597223E-02
 1.18955597E+00 -1.24803573E-02
 1.16355311E+00 -3.61101181E-02
 1.13447605E+00 -6.26737141E-02
 1.11091514E+00 -4.90330323E-02
 1.09872555E+00 -1.80439345E-02
 1.11019408E+00 -2.87664654E-03
 1.13220701E+00  1.91926109E-03
 1.14018305E+00  3.92527803E-03
 1.14100723E+00  8.88697596E-03
 1.15103229E+00  3.58740783E-02
 1.15888553E+00  9.02518465E-02
 1.15391575E+00  1.49877988E-01
 1.15707948E+00  1.62376194E-01
 1.18191655E+00  7.60619911E-02
 1.18251979E+00 -6.59661726E-02
 1.10817589E+00 -1.65749812E-01
 1.00834853E+00 -2.04024499E-01
 9.66500717E-01 -1.96836925E-01
 9.66250083E-01 -1.42212207E-01
 9.61942264E-01 -7.19342546E-02
 9.73036812E-01 -2.17262911E-02
 1.01320437E+00  3.55275913E-03
 1.05602142E+00  1.62324649E-02
 1.08757183E+00  4.33840053E-02
 1.11588960E+00  8.83293374E-02
 1.14772718E+00  1.29510463E-01
 1.17749923E+00  1.54582572E-01
 1.19592837E+00  1.48471728E-01
 1.19868728E+00  1.06402776E-01
 1.18109556E+00  4.44122712E-02
 1.14329960E+00 -2.97963314E-02
 1.09493551E+00 -1.04853527E-01
 1.04816966E+00 -1.44472017E-01
 1.01698287E+00 -1.21311689E-01
 1.01363474E+00 -6.22206111E-02
 1.04150156E+00 -1.81439216E-02
 1.09121134E+00  2.64458817E-03
 1.14334748E+00  1.16162729E-02
 1.18135031E+00  5.14770699E-03
 1.19524490E+00 -8.84058166E-03
 1.18400927E+00 -2.20247107E-02
 1.15742269E+00 -3.97442817E-02
 1.12074767E+00 -5.71180279E-02
 1.07631634E+00 -6.44068189E-02
 1.03498481E+00 -5.53574993E-02
 1.00847009E+00 -2.56525631E-02
 1.00876754E+00  7.97508894E-03
 1.04538168E+00  2.01738697E-02
 1.10657984E+00  1.86502027E-02
 1.16583547E+00  2.42043611E-02
 1.20430526E+00  2.77869733E-02
 1.21125369E+00  1.62301351E-02
 1.19181823E+00  1.06236514E-03
 1.16853050E+00 -4.75643827E-03
 1.15231940E+00  1.86257370E-03
 1.14308085E+00  2.17946594E-02
 1.14076267E+00  4.13357015E-02
 1.13756772E+00  4.04866503E-02
 1.13352404E+00  3.14929100E-02
 1.13835971E+00  3.86018671E-02
 1.15244444E+00  4.57384948E-02
 1.17325405E+00  2.84200141E-02
 1.19746406E+00  4.53039725E-03
 1.21591939E+00 -2.19264624E-03
 1.22432681E+00 -2.86975087E-03
 1.22289006E+00 -1.22733392E-02
 1.20889928E+00 -2.21928126E-02
 1.18185305E+00 -2.41175264E-02
 1.14553034E+00 -2.11751566E-02
 1.10504993E+00 -1.43663523E-02
 1.06789892E+00 -2.28633697E-03
 1.04264014E+00  1.25455313E-02
 1.03429862E+00  2.72698688E-02
 1.04458864E+00  3.99063473E-02
 1.07437807E+00  4.76026537E-02
 1.12035115E+00  4.80789295E-02
 1.17126575E+00  4.06366900E-02
 1.21174042E+00  2.58435860E-02
 1.22824419E+00  5.48304729E-03
 1.21342149E+00 -1.70111388E-02
 1.17513045E+00 -3.62197390E-02
 1.13361399E+00 -4.59792266E-02
 1.10339234E+00 -4.15921809E-02
 1.09181317E+00 -2.21465228E-02
 1.09808826E+00  5.66328415E-03
 1.11043567E+00  2.95794063E-02
 1.12441883E+00  4.04913254E-02
 1.14235553E+00  3.47124827E-02
 1.16091634E+00  1.71319221E-02
 1.17795124E+00  8.53736001E-04
 1.18858795E+00 -6.42074443E-03
 1.18445166E+00 -3.68907131E-03
 1.16905618E+00  6.24575949E-03
 1.15317088E+00  1.43351975E-02
 1.14341414E+00  1.66183604E-02
 1.14469699E+00  1.56366755E-02
 1.15453580E+00  1.23462735E-02
 1.16228023E+00  9.64455395E-03
 1.16393570E+00  8.61886872E-03
 1.16099417E+00  6.40082670E-03
 1.15550169E+00  3.93249141E-03
 1.15370898E+00  3.67731785E-03
 1.15781505E+00  6.68028977E-03
 1.16435033E+00  1.43014464E-02
 1.17164379E+00  2.41834244E-02
