# x =
 5.94661476E+01
# y =
 3.25097170E+00
 VARIABLES = u,v
 9.89053533E-01 -8.99610878E-03
 1.00757393E+00 -7.52024834E-03
 1.04682952E+00  4.98992190E-02
 1.11017606E+00  1.35128065E-01
 1.18621418E+00  1.94461248E-01
 1.24867947E+00  1.93960459E-01
 1.27301145E+00  1.34566498E-01
 1.24679100E+00  4.15815230E-02
 1.16843218E+00 -3.23116886E-02
 1.04334116E+00 -5.69147742E-02
 8.97188093E-01 -3.83186913E-02
 7.90787220E-01  1.68570271E-04
 7.72001797E-01  1.23063207E-02
 7.78265392E-01 -2.50363072E-02
 7.08474684E-01 -9.63814103E-02
 6.11310475E-01 -1.70444018E-01
 6.00444728E-01 -1.97331901E-01
 6.84154020E-01 -1.53778762E-01
 8.37319453E-01 -6.49826149E-02
 1.01554068E+00  8.85202373E-03
 1.12256987E+00  3.27072392E-03
 1.14703499E+00 -3.29712523E-02
 1.14722295E+00  2.78916666E-03
 1.11965372E+00  5.51406050E-02
 1.06523390E+00  2.56334579E-02
 1.03796586E+00 -1.49181182E-02
 1.06734571E+00  2.48157284E-02
 1.12772182E+00  8.95404627E-02
 1.17632611E+00  1.06464782E-01
 1.20022300E+00  9.37559457E-02
 1.20365848E+00  7.54421116E-02
 1.18942242E+00  4.57690428E-02
 1.17500071E+00  1.95122358E-02
 1.16622326E+00  1.41487967E-02
 1.15181988E+00  2.55883745E-02
 1.13677264E+00  4.36809306E-02
 1.13015848E+00  5.37192725E-02
 1.13717359E+00  4.65363633E-02
 1.16550095E+00  2.50674955E-02
 1.20384571E+00 -2.81541251E-03
 1.22626835E+00 -2.30641866E-02
 1.21851676E+00 -2.68658374E-02
 1.17609039E+00 -1.60538844E-02
 1.10955360E+00  3.47267960E-03
 1.04714552E+00  2.02422175E-02
 1.00662288E+00  2.71259970E-02
 9.93179751E-01  2.55152458E-02
 1.00669603E+00  1.85904885E-02
 1.03500790E+00  1.32411070E-02
 1.07205365E+00  1.32059662E-02
 1.11969183E+00  1.58006781E-02
 1.17104774E+00  1.84736604E-02
 1.21820631E+00  1.72101367E-02
 1.25163543E+00  1.00389593E-02
 1.25883235E+00 -1.81830275E-04
 1.24148634E+00 -1.06863303E-02
 1.21153458E+00 -1.79200828E-02
 1.17683868E+00 -1.87704071E-02
 1.14418586E+00 -1.27783067E-02
 1.11456917E+00  5.05225763E-04
 1.08146035E+00  2.08400275E-02
 1.04698238E+00  4.69870912E-02
 1.02016778E+00  7.73208682E-02
 1.00916062E+00  1.07588682E-01
 1.02417854E+00  1.31667313E-01
 1.06761285E+00  1.43860071E-01
 1.12938187E+00  1.39457775E-01
 1.19213098E+00  1.17227386E-01
 1.23209865E+00  7.96197510E-02
 1.23044412E+00  2.93446632E-02
 1.18209629E+00 -2.98654681E-02
 1.10000042E+00 -9.22027326E-02
 1.01288841E+00 -1.50940311E-01
 9.43372752E-01 -1.96670122E-01
 9.02668038E-01 -2.18198813E-01
 8.90627985E-01 -2.06464166E-01
 8.92593715E-01 -1.56203044E-01
 9.02762014E-01 -6.95736175E-02
 9.24249011E-01  3.85685245E-02
 9.52827967E-01  1.35999980E-01
 9.85582415E-01  1.82665246E-01
 1.01519157E+00  1.56133188E-01
 1.02927727E+00  6.72800647E-02
 1.03197751E+00 -1.85609805E-02
 1.03732512E+00 -2.38774565E-02
 1.05337195E+00  1.23090378E-02
 1.08544497E+00  5.21398328E-04
 1.12767099E+00 -7.91497326E-03
 1.16220540E+00  6.52587192E-02
 1.18084872E+00  1.36418104E-01
 1.18344617E+00  1.05106490E-01
 1.17112336E+00  2.35538751E-02
 1.15194820E+00 -2.68162790E-02
 1.12938078E+00 -6.16921417E-02
 1.10058888E+00 -1.03641109E-01
 1.06806839E+00 -1.28385434E-01
 1.03513279E+00 -1.27375956E-01
 1.00593123E+00 -1.01740412E-01
 9.88342056E-01 -4.16724759E-02
 9.86287210E-01  3.75825418E-02
 1.00011099E+00  1.01944521E-01
 1.03006271E+00  1.28450003E-01
 1.07288153E+00  1.04197979E-01
 1.12171979E+00  4.18929700E-02
 1.16814527E+00 -2.01365624E-02
 1.20250484E+00 -5.84503973E-02
 1.21639022E+00 -6.48934348E-02
 1.20679761E+00 -4.01037035E-02
 1.17592912E+00 -2.70557294E-03
 1.12766064E+00  3.96969493E-02
 1.06950017E+00  9.12489304E-02
 1.01492964E+00  1.42994021E-01
 9.79483947E-01  1.85150199E-01
 9.76933519E-01  2.06349354E-01
 1.01396573E+00  1.91723782E-01
 1.07909430E+00  1.48442540E-01
 1.14691193E+00  9.90396310E-02
 1.19691235E+00  5.79764209E-02
 1.21614240E+00  3.50832723E-02
 1.20437730E+00  2.78138161E-02
 1.17643538E+00  1.98312131E-02
 1.13962243E+00  1.02556067E-02
 1.09572097E+00  1.37090431E-02
 1.05438080E+00  5.14080246E-02
 1.02361251E+00  1.33789729E-01
 1.01341157E+00  1.93080361E-01
 1.03329861E+00  1.41404817E-01
 1.06938486E+00  3.96391363E-02
 1.09334622E+00  6.32123663E-03
 1.08669572E+00  1.38426548E-02
 1.04160945E+00 -4.36757744E-03
 9.73381724E-01 -1.77453974E-02
 9.19459705E-01 -3.52610552E-03
 9.01306186E-01  8.79611598E-03
 9.22652216E-01  8.40884930E-03
 9.76237971E-01  6.13560026E-03
 1.03624355E+00  6.19820766E-03
 1.08764568E+00  1.67487873E-03
 1.12943527E+00 -1.49249041E-02
 1.15384894E+00 -3.84761522E-02
 1.15755684E+00 -5.89584585E-02
 1.13612983E+00 -6.91962650E-02
 1.08209915E+00 -6.10793246E-02
 1.00951118E+00 -3.27373021E-02
 9.45609845E-01  9.71266632E-03
 9.11265093E-01  6.26031936E-02
 9.21644629E-01  1.20949625E-01
 9.71324582E-01  1.72318602E-01
 1.03429391E+00  2.03082247E-01
 1.09441691E+00  2.01630643E-01
 1.14344885E+00  1.62174578E-01
 1.17461097E+00  9.70131179E-02
 1.19133480E+00  3.18015147E-02
 1.18978442E+00 -1.41904844E-02
 1.16115627E+00 -3.03084270E-02
 1.11483323E+00 -1.96862735E-02
 1.06801827E+00 -1.05406852E-03
 1.03595731E+00  1.54583365E-02
 1.03276769E+00  2.80323134E-02
 1.05304462E+00  3.22444181E-02
 1.07490389E+00  3.04719935E-02
 1.08691718E+00  2.49875940E-02
 1.08516692E+00  2.06772162E-02
 1.07119306E+00  4.82109355E-02
 1.05870208E+00  1.28063486E-01
 1.05485725E+00  1.95400234E-01
 1.06224022E+00  1.66519830E-01
 1.09710080E+00  9.24668453E-02
 1.15441710E+00  6.87786792E-02
 1.15104457E+00  4.71352373E-02
 1.00249805E+00 -4.91398126E-02
 7.91792856E-01 -1.65504128E-01
 6.70631558E-01 -2.30288872E-01
 6.22007192E-01 -2.48736622E-01
 5.73486813E-01 -2.29132829E-01
 5.65645567E-01 -1.70802095E-01
 6.27918324E-01 -1.02877314E-01
 7.21288445E-01 -5.29478206E-02
 8.23359314E-01 -2.83179925E-02
 9.26312266E-01 -2.12686465E-02
 1.00937308E+00 -8.73473111E-03
 1.05045612E+00  1.87988016E-02
 1.04867796E+00  5.43981367E-02
 1.05741030E+00  8.94733897E-02
 1.13393990E+00  1.06918694E-01
 1.21724068E+00  1.00041363E-01
 1.20883891E+00  7.83147616E-02
 1.16925934E+00  4.87999015E-02
 1.19824556E+00  2.15833110E-02
 1.22134394E+00  4.71176791E-03
 1.13811235E+00 -3.65459802E-03
 1.00824662E+00 -5.25901796E-03
 9.17210730E-01 -3.20691514E-03
 8.52007515E-01 -1.27115907E-03
 7.97036647E-01  8.23886470E-04
 7.76344858E-01  3.44621173E-03
 7.92450241E-01  7.04326564E-03
 8.36362112E-01  1.08375775E-02
 9.08023211E-01  1.16166854E-02
 9.90323944E-01  7.69546145E-03
 1.05443455E+00 -1.20049428E-03
 1.07897527E+00 -1.33031113E-02
 1.05328207E+00 -2.29759275E-02
 9.96446272E-01 -2.23979272E-02
 9.52005973E-01 -3.46354782E-03
 9.48260930E-01  3.81728431E-02
 9.93862165E-01  9.84428643E-02
 1.07203893E+00  1.60172469E-01
 1.13814551E+00  1.97678818E-01
 1.16781808E+00  1.93650981E-01
 1.16130430E+00  1.45835934E-01
 1.12739334E+00  7.47086476E-02
 1.09387749E+00  1.99551493E-02
 1.07465107E+00  7.78076716E-03
 1.06366383E+00  4.39734617E-02
 1.06338340E+00  1.13018852E-01
 1.07239616E+00  1.75872445E-01
 1.09005081E+00  2.08286486E-01
 1.12203019E+00  2.06438375E-01
 1.15423751E+00  1.73263180E-01
 1.16143411E+00  1.27470951E-01
 1.12851437E+00  7.81763375E-02
 1.04953878E+00  2.11446155E-02
 9.43730882E-01 -3.52126275E-02
 8.52933161E-01 -8.10642156E-02
 8.04458489E-01 -1.06096625E-01
 8.08007836E-01 -9.66594739E-02
 8.54279856E-01 -6.05289432E-02
 9.10402765E-01 -2.06606016E-02
 9.57574031E-01  8.44674552E-03
 9.94531492E-01  1.79863405E-02
 1.02155121E+00  1.33683567E-02
 1.05013354E+00  1.57997678E-02
 1.08162555E+00  3.29779169E-02
 1.10348925E+00  5.93403194E-02
 1.11459063E+00  8.48402953E-02
 1.11633849E+00  8.94776724E-02
 1.11127412E+00  6.42275450E-02
 1.10873265E+00  1.62075477E-02
 1.10730727E+00 -4.40378089E-02
 1.09788383E+00 -9.81588652E-02
 1.07825814E+00 -1.31662025E-01
 1.04841164E+00 -1.41194605E-01
 1.01298936E+00 -1.26347172E-01
 9.83807204E-01 -9.28772037E-02
 9.67231243E-01 -4.66881954E-02
 9.64732023E-01  8.92230280E-03
 9.78282512E-01  6.39632396E-02
 1.00522508E+00  1.06187716E-01
 1.04007875E+00  1.24589549E-01
 1.07402900E+00  1.11279332E-01
 1.08641530E+00  7.46637772E-02
 1.05357022E+00  3.52525178E-02
 9.68017686E-01  7.55353074E-03
 8.48012811E-01 -1.41142982E-03
 7.55194646E-01  1.29726752E-03
 7.54729155E-01 -5.33746669E-03
 8.02317057E-01 -2.98937762E-02
 8.09181652E-01 -6.71234692E-02
 8.24028116E-01 -1.04476004E-01
 9.25868934E-01 -1.18546640E-01
 1.03302849E+00 -9.81937387E-02
 1.04375601E+00 -5.02560924E-02
 1.01024630E+00  1.12904991E-02
 1.01424742E+00  6.21417840E-02
 1.04112437E+00  8.55570586E-02
 1.06651205E+00  8.11899504E-02
 1.09757510E+00  5.80479671E-02
 1.11758828E+00  3.60834638E-02
 1.11171355E+00  2.84759400E-02
 1.08999031E+00  3.47757284E-02
 1.05880490E+00  4.80763796E-02
 1.02528008E+00  5.28779082E-02
 9.95569622E-01  4.21190422E-02
 9.67478155E-01  2.19493940E-02
 9.45554715E-01  8.71019865E-04
 9.37552828E-01 -7.22553951E-03
 9.47174291E-01  5.03185983E-03
 9.77727263E-01  3.27370255E-02
 1.02460658E+00  6.82747576E-02
 1.07551339E+00  9.91863776E-02
 1.12122026E+00  1.15610015E-01
 1.15533699E+00  1.16046705E-01
 1.17643528E+00  1.01936225E-01
 1.18982731E+00  7.92003920E-02
 1.19747035E+00  5.28755023E-02
 1.19840094E+00  2.46756578E-02
 1.19339246E+00 -9.02938844E-04
 1.18184942E+00 -1.93482382E-02
 1.16621190E+00 -2.61880421E-02
 1.15194120E+00 -1.75383054E-02
 1.13956396E+00  9.76444444E-04
 1.12712085E+00  1.73696336E-02
 1.11332426E+00  2.31443968E-02
 1.09561598E+00  1.40535463E-02
 1.07334246E+00 -4.17279758E-03
 1.04847009E+00 -1.66469252E-02
 1.02174067E+00 -1.60021624E-02
 9.95111355E-01 -3.34209477E-03
 9.75276923E-01  1.38772718E-02
 9.70299953E-01  2.01603732E-02
 9.85432555E-01  8.56828831E-03
 1.02087248E+00 -1.58316769E-02
 1.06600881E+00 -4.20953043E-02
 1.10227546E+00 -5.16211414E-02
 1.11715929E+00 -3.27717000E-02
 1.10699560E+00  1.30993249E-02
 1.07995185E+00  7.63545784E-02
 1.05628784E+00  1.37771227E-01
 1.04963470E+00  1.83042538E-01
 1.06455550E+00  2.08022476E-01
 1.10084882E+00  2.13504771E-01
 1.14611584E+00  2.06207866E-01
 1.18287559E+00  1.83251889E-01
 1.18441081E+00  1.27211469E-01
 1.09537633E+00  1.28791624E-02
 8.87892957E-01 -1.64863477E-01
 6.75082643E-01 -3.16142189E-01
 6.18084355E-01 -3.21415563E-01
 6.92054087E-01 -2.17469116E-01
 7.77031932E-01 -1.23056549E-01
 8.51838491E-01 -6.70678418E-02
 9.02220448E-01 -5.19307997E-02
 9.05604511E-01 -5.96471586E-02
 9.08393435E-01 -1.79048113E-02
 9.45413615E-01  5.68159693E-02
 1.01170382E+00  8.75167247E-02
 1.06939448E+00  8.85450729E-02
 1.05916290E+00  9.08556803E-02
 1.02058274E+00  7.62462543E-02
 1.04129637E+00  4.66793512E-02
 1.08665550E+00  2.78904071E-02
 1.08691001E+00  3.44696996E-02
 1.05948816E+00  6.79648196E-02
 1.02542468E+00  1.16143494E-01
 9.70593234E-01  1.46046676E-01
 8.99870827E-01  1.15073267E-01
 8.25015690E-01  7.49448692E-03
 7.45746085E-01 -1.43120877E-01
 6.68351694E-01 -2.28699129E-01
 6.03170529E-01 -1.43909433E-01
 5.57776514E-01 -2.09739890E-03
 5.37786826E-01 -8.63030309E-03
 5.36639224E-01 -9.83831853E-02
 5.38269078E-01 -1.11570183E-01
 5.32264268E-01 -1.06781314E-01
 5.14349913E-01 -1.54163263E-01
 4.90070418E-01 -1.76200957E-01
 4.75441026E-01 -1.27524844E-01
 4.77878537E-01 -7.24655061E-02
 4.94468248E-01 -6.50602767E-02
 5.16411970E-01 -4.94556145E-02
 5.27763461E-01  4.58745330E-02
 5.24958573E-01  1.60094061E-01
 5.22746970E-01  1.99126228E-01
 5.48758743E-01  1.85367267E-01
 6.20130770E-01  1.63040506E-01
 6.73198577E-01  1.07633438E-01
 6.23995999E-01  1.73285744E-02
 5.40833101E-01 -3.24595810E-02
 5.47662533E-01  1.89890081E-02
 6.10270754E-01  1.13577363E-01
 6.47162522E-01  1.59576870E-01
 6.73039174E-01  1.98099394E-01
 6.92567773E-01  2.98324621E-01
 6.60140041E-01  3.74966476E-01
 5.65029014E-01  3.31928030E-01
 4.51114879E-01  2.50467530E-01
 3.76500227E-01  2.34567528E-01
 3.70483645E-01  2.09713846E-01
 4.34647069E-01  9.03776426E-02
 5.42463625E-01  1.47675104E-02
 6.34070165E-01  1.28690095E-01
 6.70255705E-01  2.58007850E-01
 6.45250356E-01  1.69599301E-01
 5.71560942E-01  3.40732607E-03
 4.91712983E-01 -8.10250450E-03
 4.40093136E-01  3.20429598E-02
 4.38597365E-01 -1.82208464E-02
 5.32835648E-01 -1.61915265E-02
 7.14892500E-01  1.51942175E-01
 8.00539697E-01  2.75482526E-01
 6.02099939E-01  1.21988785E-01
 3.08418488E-01 -1.73495365E-01
 2.58039227E-01 -3.56252329E-01
 3.86284847E-01 -4.21247109E-01
 4.80572038E-01 -4.15148907E-01
 5.70658673E-01 -3.05411243E-01
 6.61041374E-01 -1.52013587E-01
 6.41727339E-01 -5.67546952E-02
 5.17959044E-01 -5.13699718E-02
 4.46327110E-01 -7.40292848E-02
 5.69790368E-01 -1.85903833E-02
 7.65300407E-01  8.76628299E-02
 8.08607221E-01  1.45300133E-01
 8.07682940E-01  1.70083074E-01
 9.52054027E-01  1.92247818E-01
 1.07981970E+00  1.81476529E-01
 9.91654109E-01  1.39094259E-01
 8.00202891E-01  9.93097558E-02
 6.62383146E-01  8.67308122E-02
 5.49893332E-01  1.11950385E-01
 4.29017969E-01  1.70871572E-01
 3.40057078E-01  2.42091982E-01
 2.84620836E-01  2.89104992E-01
 2.49905414E-01  2.83421251E-01
 2.50043972E-01  2.16912941E-01
 2.76862183E-01  1.06708476E-01
 3.05791264E-01 -6.80425504E-03
 3.16872096E-01 -9.68666740E-02
 2.92998877E-01 -1.55532820E-01
 2.50146906E-01 -1.83826753E-01
 2.30638351E-01 -1.98474868E-01
 2.56560723E-01 -2.00951491E-01
 3.30660378E-01 -1.73396815E-01
 4.30729327E-01 -1.03255597E-01
 5.08508629E-01  3.88055631E-03
 5.47598878E-01  6.86395836E-02
 5.72473650E-01  5.69553059E-03
 6.37300145E-01 -7.53823455E-02
 7.82745707E-01 -7.89867586E-03
 8.80294190E-01  1.01988803E-01
 7.65029510E-01  7.24275242E-02
 6.14376902E-01  3.27372866E-03
 7.04643853E-01  4.21329765E-02
 8.80934858E-01  9.65694689E-02
 8.78216280E-01  6.07548298E-02
 8.32275174E-01  1.00753482E-02
 9.30764935E-01  2.65308462E-02
 1.04232386E+00  8.06410697E-02
 1.02966803E+00  1.31837400E-01
 9.80357518E-01  1.57353662E-01
 9.86957271E-01  1.24891179E-01
 1.02166232E+00  7.94358549E-02
 1.06018445E+00  1.06397945E-01
 1.11223580E+00  1.53212742E-01
 1.15740931E+00  1.20686459E-01
 1.17448001E+00  6.02368745E-02
 1.16714853E+00  5.33189969E-02
 1.14060346E+00  6.07690711E-02
 1.10454965E+00  3.51585184E-02
 1.06708024E+00  2.49343184E-03
 1.02963163E+00 -1.42897279E-02
 1.00244778E+00 -1.68468250E-02
 9.97795351E-01  6.27389188E-03
 1.02196449E+00  6.48513178E-02
 1.07464569E+00  1.46079820E-01
 1.13277780E+00  2.15276360E-01
 1.15866697E+00  2.28424267E-01
 1.13217919E+00  1.67416598E-01
 1.05890457E+00  5.81083469E-02
 9.85640756E-01 -1.16235539E-02
 9.64994384E-01  5.10290574E-02
 9.35741111E-01  1.71478952E-01
 8.03726292E-01  1.92922572E-01
 6.62838746E-01  1.36685097E-01
 6.63492209E-01  9.93166763E-02
 7.59511805E-01  9.73990824E-02
 8.48923302E-01  1.48954189E-01
 9.41625944E-01  2.07792048E-01
 1.03415305E+00  1.63010444E-01
 1.06117374E+00  6.74381416E-02
 1.00993921E+00  5.41890632E-02
 9.72711842E-01  1.11765601E-01
 1.03638696E+00  1.81894359E-01
 1.09070004E+00  2.22075830E-01
 9.73016391E-01  1.64546996E-01
 8.10696668E-01  5.94878233E-02
 8.14287250E-01  3.45971931E-02
 8.97013121E-01  5.21194764E-02
 9.07719162E-01  1.74235744E-02
 9.06673339E-01 -2.38304677E-02
 9.54506145E-01 -1.57809429E-02
 9.82220702E-01  1.49747658E-02
 9.50495331E-01  5.33143188E-02
 9.10074875E-01  1.08736208E-01
 9.12806418E-01  1.69986852E-01
 9.62474607E-01  2.15612847E-01
 1.03569763E+00  2.29386341E-01
 1.06786372E+00  2.00406004E-01
 9.85593863E-01  1.25742793E-01
 8.58334422E-01  1.30524240E-02
 8.26376323E-01 -1.08551525E-01
 8.67646013E-01 -1.73009262E-01
 8.94486373E-01 -1.25244535E-01
 9.08405986E-01 -2.66511834E-02
 9.10448260E-01  1.06269344E-02
 9.12951325E-01  3.56685742E-03
 9.70164969E-01  2.41579719E-02
 1.04461410E+00  6.51334014E-02
 1.05428530E+00  1.13426108E-01
 1.03282031E+00  1.55068002E-01
 1.04481035E+00  1.47297654E-01
 1.07409734E+00  1.26589909E-01
 1.09897053E+00  1.66859119E-01
 1.12781963E+00  2.26585107E-01
 1.15035649E+00  2.27289086E-01
 1.14993352E+00  1.77617347E-01
 1.12294445E+00  1.02454481E-01
 1.06349147E+00  1.15376470E-03
 9.67015482E-01 -1.02125580E-01
 8.36247310E-01 -1.79703257E-01
 6.84246863E-01 -2.24329580E-01
 5.50569280E-01 -2.30347343E-01
 4.87956303E-01 -1.98873891E-01
 5.24168219E-01 -1.36205717E-01
 6.47092143E-01 -5.41279348E-02
 7.78696519E-01  9.58149062E-03
 8.24126544E-01  2.44188673E-02
 8.31572951E-01  3.73486860E-02
 9.20546422E-01  1.11633851E-01
 1.06598832E+00  1.84754687E-01
 1.18980183E+00  1.56419972E-01
 1.28103660E+00  7.21372556E-02
 1.30909262E+00  1.85193362E-02
 1.24438593E+00 -2.46521973E-02
 1.12213395E+00 -8.22523592E-02
 1.01472032E+00 -1.13301797E-01
 9.86954586E-01 -9.37150271E-02
 9.95302786E-01 -4.46906506E-02
 9.43573857E-01  9.83531238E-03
 8.86046279E-01  5.75491147E-02
 9.23812208E-01  8.67132083E-02
 1.00474196E+00  9.38730885E-02
 1.04874926E+00  8.89316781E-02
 1.06683149E+00  7.36554334E-02
 1.06802165E+00  4.39359721E-02
 1.03872048E+00  4.61867485E-03
 9.94985608E-01 -3.84075852E-02
 9.57431731E-01 -7.55915728E-02
 9.31328204E-01 -9.35055456E-02
 9.15247045E-01 -9.27253421E-02
 8.99830084E-01 -8.33336839E-02
 8.83881936E-01 -7.05513007E-02
 8.71495188E-01 -5.89959695E-02
 8.51954473E-01 -4.98686259E-02
 8.11604869E-01 -3.80238158E-02
 7.44128457E-01 -2.49287392E-02
 6.52489422E-01 -1.59849854E-02
 5.70610263E-01 -1.06140549E-02
 5.52454260E-01 -7.86150815E-03
 6.27182397E-01 -7.16449998E-03
 7.90122270E-01 -7.41797792E-03
 9.87642921E-01 -1.56395350E-02
 1.12620665E+00 -4.13369461E-02
 1.15335640E+00 -7.97883772E-02
 1.07967889E+00 -1.08244651E-01
 9.88421793E-01 -7.82044550E-02
 9.94049652E-01  4.32295290E-02
 1.04972465E+00  1.65009597E-01
 1.01888396E+00  1.53045713E-01
 9.32051192E-01  5.11587394E-02
 8.76442545E-01 -1.39323633E-02
 8.59740901E-01 -2.92384751E-02
 9.00171237E-01 -8.52623035E-03
 9.72400355E-01  3.16863294E-02
 9.93725391E-01  2.44168921E-02
 9.87835761E-01 -1.37026820E-02
 1.02634273E+00 -6.31805678E-03
 1.07703782E+00  2.38249416E-02
 1.09429313E+00  3.11086437E-02
 1.10434422E+00  3.41378709E-02
 1.12421136E+00  4.21338008E-02
 1.12159909E+00  3.69124244E-02
 1.06561536E+00  1.36901964E-02
 9.53437635E-01 -2.23646522E-02
 7.93761321E-01 -6.63977288E-02
 6.09844786E-01 -1.08741732E-01
 4.47454071E-01 -1.35449713E-01
 3.49472362E-01 -1.35336425E-01
 3.49145870E-01 -1.05505077E-01
 4.75581251E-01 -5.84467612E-02
 7.08552656E-01 -1.79732549E-02
 9.13645728E-01 -8.91546325E-05
 9.46914666E-01 -8.98317952E-03
 8.97527917E-01 -3.34408321E-02
 9.53835744E-01 -4.70437592E-02
 1.05499477E+00 -3.53317631E-02
 1.06512244E+00  4.02455751E-04
 1.04275692E+00  4.95487579E-02
 1.05412962E+00  8.82403068E-02
 1.06919885E+00  1.03374624E-01
 1.08600269E+00  9.78088407E-02
 1.11689151E+00  7.72229546E-02
 1.13987613E+00  5.55312346E-02
 1.13219761E+00  4.06545706E-02
 1.08356080E+00  2.87004797E-02
 1.00562796E+00  1.75701974E-02
 9.30312263E-01  3.11690958E-03
 8.75268386E-01 -1.53677334E-02
 8.48825774E-01 -2.98984134E-02
 8.62702129E-01 -3.34716515E-02
 9.16361233E-01 -1.95508985E-02
 1.00374877E+00  1.48390397E-02
 1.10775841E+00  6.33845776E-02
 1.16916272E+00  1.12875084E-01
 1.13227211E+00  1.45639322E-01
 1.04386310E+00  1.48486941E-01
 9.96448808E-01  1.19170698E-01
 9.88239974E-01  6.99844789E-02
 9.78263790E-01  2.51913287E-02
 9.67445824E-01  1.68552273E-03
 9.51273002E-01  3.88019242E-03
 9.51074194E-01  2.28798081E-02
 1.01422979E+00  3.57534834E-02
 1.09316229E+00  3.02286476E-02
 1.10357526E+00  8.29984134E-03
 1.07446016E+00 -2.24354343E-02
 1.06660884E+00 -4.39946518E-02
 1.05953524E+00 -4.65442085E-02
 1.02944473E+00 -3.23918185E-02
 1.00008842E+00 -1.25789682E-03
 9.87262687E-01  4.26006725E-02
 9.94052458E-01  9.34793999E-02
 1.02817970E+00  1.46484082E-01
 1.07568668E+00  1.81826538E-01
 1.10358636E+00  1.73309391E-01
 1.09054760E+00  1.07326884E-01
 1.02721609E+00 -1.22371985E-02
 9.22739180E-01 -1.46844022E-01
 8.07891297E-01 -2.34213113E-01
 7.03113083E-01 -2.40913816E-01
 6.18300814E-01 -1.78194721E-01
 5.65177572E-01 -1.20648641E-01
 5.46547398E-01 -1.60604068E-01
 5.69265902E-01 -2.39733420E-01
 6.42819983E-01 -2.24153990E-01
 7.53376875E-01 -1.41169468E-01
 8.74121966E-01 -7.64200178E-02
 9.81042755E-01 -3.08315821E-02
 1.05262578E+00 -1.06553701E-02
 1.08874574E+00 -2.55063632E-03
 1.10948161E+00  5.14371562E-02
 1.12431829E+00  1.17697152E-01
 1.13637969E+00  1.19888998E-01
 1.14923126E+00  8.91184447E-02
 1.15788610E+00  8.11037952E-02
 1.16598558E+00  7.55563762E-02
 1.18293230E+00  5.11592768E-02
 1.19973792E+00  2.54040793E-02
 1.20027157E+00  6.11747121E-03
 1.17442502E+00 -1.12584853E-02
 1.11737266E+00 -2.31311989E-02
 1.04727712E+00 -2.64074693E-02
 1.00054965E+00 -2.28975944E-02
 9.97624102E-01 -1.44428379E-02
 1.04166097E+00 -3.26247529E-03
 1.11719725E+00  9.37512576E-03
 1.18675489E+00  2.32690468E-02
 1.22669266E+00  3.58542578E-02
 1.23232317E+00  4.27223198E-02
 1.20638472E+00  3.82684922E-02
 1.16710550E+00  1.63835255E-02
 1.12428345E+00 -2.42433084E-02
 1.07485661E+00 -7.77058990E-02
 1.02370021E+00 -1.29638471E-01
 9.75030713E-01 -1.59405501E-01
 9.37413016E-01 -1.51396956E-01
 9.27270462E-01 -1.00486495E-01
 9.47984423E-01 -1.70999219E-02
 9.93212829E-01  7.39322288E-02
 1.05543149E+00  1.52682298E-01
 1.11870229E+00  2.07227161E-01
 1.16303850E+00  2.32295229E-01
 1.16983263E+00  2.33370814E-01
 1.12098926E+00  2.09923973E-01
 1.00880661E+00  1.56588574E-01
 8.50526132E-01  7.88035831E-02
 6.81018531E-01 -1.42290307E-02
 5.30838396E-01 -1.08937053E-01
 4.21942652E-01 -1.86445670E-01
 3.58334290E-01 -2.38990590E-01
 3.24543310E-01 -2.67845124E-01
 3.16681056E-01 -2.72171182E-01
 3.39662546E-01 -2.55691538E-01
 3.91039653E-01 -2.28495528E-01
 4.70517576E-01 -2.01190856E-01
 5.66600991E-01 -1.85897049E-01
 6.55660407E-01 -1.89651577E-01
 7.26972751E-01 -1.99252017E-01
 7.77152921E-01 -1.88830935E-01
 8.03517481E-01 -1.42542129E-01
 8.14201064E-01 -5.76769961E-02
 8.24113574E-01  4.70049079E-02
 8.48480927E-01  1.32294020E-01
 8.99369620E-01  1.73987910E-01
 9.73011459E-01  1.66037749E-01
 1.03210782E+00  1.13061819E-01
 1.02230602E+00  3.83673143E-02
 9.20665814E-01 -4.12294003E-02
 7.53175212E-01 -1.17659357E-01
 6.19012188E-01 -1.69989388E-01
 6.38364118E-01 -1.79760841E-01
 7.72023397E-01 -1.39039360E-01
 8.79914454E-01 -5.64939832E-02
 9.25367542E-01  8.82903233E-03
 9.13454493E-01 -3.47506493E-03
 8.64076326E-01 -3.11479532E-02
 8.61756126E-01  2.54562637E-02
 9.14923560E-01  9.28233696E-02
 9.60028173E-01  5.22515496E-02
 9.85222466E-01 -2.06367495E-02
 9.71844120E-01 -1.36291686E-02
 8.79428992E-01  1.79350020E-02
 7.30497215E-01 -2.33042123E-03
 6.49600652E-01 -4.42496120E-02
 7.44277156E-01 -7.71036598E-02
 8.44617424E-01 -1.12058166E-01
 6.94031923E-01 -1.40770490E-01
 4.47784226E-01 -1.48305412E-01
 4.07679702E-01 -1.38491787E-01
 5.08076076E-01 -1.16099180E-01
 5.93057747E-01 -8.54622511E-02
 6.73221613E-01 -5.07832478E-02
 7.24062255E-01 -1.05623824E-02
 7.52988140E-01  3.87632766E-02
 8.54015073E-01  9.94849360E-02
 9.60127565E-01  1.63025417E-01
 9.36366733E-01  2.02564211E-01
 8.45888290E-01  1.69365833E-01
 8.02592852E-01  2.99567694E-02
 7.94299980E-01 -1.43044500E-01
 8.01955288E-01 -2.25658071E-01
 8.45961813E-01 -2.04773120E-01
 9.08945254E-01 -1.33467007E-01
 9.62671905E-01 -5.10708666E-02
 9.92442383E-01 -1.87506129E-02
 9.64690632E-01 -3.88896017E-02
 8.69428733E-01 -3.84491089E-02
 7.99176258E-01  1.29079084E-02
 8.63027719E-01  1.12007924E-01
 9.95162441E-01  2.09270933E-01
 1.06356569E+00  2.13296907E-01
 1.12164434E+00  1.53874629E-01
 1.25344598E+00  1.25233811E-01
 1.34153108E+00  9.79260197E-02
 1.26132165E+00  2.01287659E-02
 1.10034023E+00 -6.73751280E-02
 9.83375641E-01 -1.28042834E-01
 8.67156906E-01 -1.70350937E-01
 6.98056156E-01 -1.93062055E-01
 5.90663789E-01 -1.83563219E-01
 6.50156053E-01 -1.42396774E-01
 7.69481913E-01 -8.21788294E-02
 8.03730377E-01 -1.92387274E-02
 8.16522828E-01  3.04199674E-02
 9.16148302E-01  5.57797608E-02
 1.02268608E+00  6.22204882E-02
 1.04115849E+00  6.81719801E-02
 1.04039436E+00  8.38279414E-02
 1.09523016E+00  1.10328951E-01
 1.15573774E+00  1.39944948E-01
 1.16372700E+00  1.53826061E-01
 1.14771885E+00  1.45037914E-01
 1.14024446E+00  1.20193539E-01
 1.12050093E+00  8.76007051E-02
 1.07153888E+00  6.19064618E-02
 1.00137771E+00  5.00450086E-02
 9.20357625E-01  4.47289670E-02
 8.60879292E-01  3.42949401E-02
 8.51984053E-01  1.68618672E-03
 8.24764387E-01 -6.38450792E-02
 6.87173838E-01 -1.57844868E-01
 5.14887058E-01 -2.62381904E-01
 4.41611096E-01 -3.47787714E-01
 4.31306733E-01 -3.91861263E-01
 4.06184764E-01 -3.87184061E-01
 4.12653034E-01 -3.40189150E-01
 4.93780390E-01 -2.72612074E-01
 6.10857539E-01 -1.98680345E-01
 7.24376857E-01 -1.21632691E-01
 8.00494176E-01 -4.41630992E-02
 8.13237526E-01  3.71934388E-02
 8.42273197E-01  1.17652831E-01
 9.91863120E-01  1.81833793E-01
 1.14994230E+00  2.21276911E-01
 1.12742405E+00  2.29994143E-01
 9.80402612E-01  2.06560659E-01
 8.53178658E-01  1.60467118E-01
 7.55206817E-01  1.03103893E-01
 6.94338630E-01  4.70680219E-02
 6.87008084E-01  5.67626542E-03
 6.85570451E-01 -1.49951717E-02
 7.00995325E-01 -2.03718649E-02
 7.75987250E-01 -2.36669401E-02
 8.40515815E-01 -3.40450454E-02
 8.12632762E-01 -5.27533537E-02
 7.45695137E-01 -6.94225875E-02
 7.30083646E-01 -6.37615344E-02
 7.64969976E-01 -2.74899980E-02
 8.22955705E-01  3.28360601E-02
 8.89844634E-01  1.00515590E-01
 9.21346262E-01  1.47417838E-01
 8.95459559E-01  1.57268597E-01
 8.44188608E-01  1.32951961E-01
 8.29477592E-01  9.04002708E-02
 8.97505685E-01  5.88009380E-02
 9.36150938E-01  5.39789911E-02
 7.82190347E-01  6.72455286E-02
 5.52161449E-01  6.79952503E-02
 4.62665380E-01  1.09164028E-02
 4.46174527E-01 -1.15097200E-01
 3.71309485E-01 -2.66034596E-01
 3.16324747E-01 -3.35087343E-01
 3.58280702E-01 -2.16071330E-01
 4.49074468E-01 -1.11592083E-04
 5.55060396E-01  1.17911382E-01
 6.79704758E-01  1.43149066E-01
 8.01542195E-01  1.63294444E-01
 8.90167931E-01  1.67631477E-01
 9.40933165E-01  1.70788937E-01
 9.92167805E-01  1.94410766E-01
 1.08425271E+00  2.00723878E-01
 1.16334594E+00  1.90556932E-01
 1.14757940E+00  1.86589986E-01
 1.09342636E+00  1.69183903E-01
 1.09617911E+00  1.28254652E-01
 1.10836739E+00  9.60987175E-02
 1.05784913E+00  1.00546541E-01
 9.91389750E-01  1.10533436E-01
 9.66188051E-01  8.06906275E-02
 9.64560695E-01  3.97208343E-02
 9.70125673E-01  3.59975066E-02
 9.97295284E-01  4.53750047E-02
 1.04650191E+00  3.12365058E-02
 1.10456539E+00  9.95295754E-03
 1.16239329E+00 -1.68355130E-04
 1.20664270E+00 -8.33689617E-03
 1.21991121E+00 -1.78840174E-02
 1.19162220E+00 -2.15647661E-02
 1.12323161E+00 -1.77945664E-02
 1.03752959E+00 -7.57474779E-03
 9.72911286E-01  1.00427435E-02
 9.57131685E-01  3.57851441E-02
 9.98449727E-01  7.00441178E-02
 1.07367568E+00  1.13544287E-01
 1.13061849E+00  1.63744330E-01
 1.13263697E+00  2.07305693E-01
 1.06412360E+00  2.15317054E-01
 9.25358180E-01  1.37641400E-01
 7.46509648E-01 -5.29526934E-02
 5.60541884E-01 -2.58845702E-01
 4.10523999E-01 -3.28669459E-01
 3.90679229E-01 -2.56234542E-01
 5.63986806E-01 -1.29368402E-01
 8.11365790E-01 -2.66709084E-02
 9.48100168E-01 -3.28859172E-02
 1.00265189E+00 -8.70501935E-02
 1.08256725E+00 -3.58103537E-02
 1.10550796E+00  3.14415211E-02
 9.75564379E-01 -5.59818247E-02
 7.55537604E-01 -2.08242836E-01
 5.33673813E-01 -2.80931561E-01
 3.88160723E-01 -2.87022689E-01
 4.08610902E-01 -2.44923502E-01
 5.59145580E-01 -1.46980705E-01
 7.08238400E-01 -4.41110718E-02
 8.24102543E-01  1.87597506E-02
 9.22808738E-01  3.65337692E-02
 9.90707160E-01  2.09613456E-02
 1.05197244E+00  6.50723625E-03
 1.11283620E+00  7.52571006E-03
 1.13857664E+00  1.31888151E-02
 1.13382508E+00  2.22513657E-02
 1.11841749E+00  2.77608253E-02
 1.10906281E+00  2.98009030E-02
 1.13369453E+00  4.42885320E-02
 1.18203397E+00  7.03622461E-02
 1.21291717E+00  9.85224121E-02
 1.20901618E+00  1.23927237E-01
 1.16537524E+00  1.37787703E-01
 1.09138761E+00  1.40629145E-01
 1.02153671E+00  1.43109201E-01
 9.72122520E-01  1.47690827E-01
 9.41886472E-01  1.52873257E-01
 9.36620174E-01  1.56508084E-01
 9.54030732E-01  1.51318698E-01
 9.93717368E-01  1.35106700E-01
 1.06118602E+00  1.11736635E-01
 1.14146897E+00  8.39022210E-02
 1.20860665E+00  5.61873173E-02
 1.24328256E+00  3.25587068E-02
 1.23120235E+00  1.34488187E-02
 1.17927526E+00 -3.80183325E-04
 1.11484347E+00 -8.76569854E-03
 1.05625225E+00 -1.21130898E-02
 1.01408942E+00 -1.00026160E-02
 9.93941862E-01 -3.23079956E-03
 9.89075798E-01  6.45288435E-03
 1.00105166E+00  1.69246523E-02
 1.03751744E+00  2.55317710E-02
 1.09145575E+00  3.10164050E-02
 1.15087157E+00  3.34223827E-02
 1.20199396E+00  3.25786060E-02
 1.22807461E+00  2.87149947E-02
 1.22835928E+00  2.23638798E-02
 1.21472373E+00  1.39425263E-02
 1.19193633E+00  4.86851169E-03
 1.16262415E+00 -2.99614798E-03
 1.12809861E+00 -8.88076802E-03
 1.08392988E+00 -1.24204492E-02
 1.03478768E+00 -1.27563786E-02
 9.92828730E-01 -8.73682000E-03
 9.64804743E-01  1.78580500E-03
 9.56755661E-01  2.11943976E-02
 9.72087667E-01  4.89959921E-02
 1.00656579E+00  8.09560057E-02
 1.05374675E+00  1.08349221E-01
 1.10513130E+00  1.19492634E-01
 1.15024817E+00  1.06897813E-01
 1.18183519E+00  7.06913359E-02
 1.19932558E+00  2.18705059E-02
 1.20699997E+00 -1.94632501E-02
 1.20699411E+00 -3.82210246E-02
 1.19881730E+00 -2.82061380E-02
 1.17973458E+00  5.85282787E-03
 1.14454294E+00  4.75307785E-02
 1.09495502E+00  8.66108119E-02
 1.04026063E+00  1.20813424E-01
 9.92139318E-01  1.49322964E-01
 9.65251325E-01  1.76932798E-01
 9.69231559E-01  2.01886250E-01
 1.00338823E+00  2.14474317E-01
 1.05715973E+00  2.09907273E-01
 1.11113259E+00  1.84743784E-01
 1.14903876E+00  1.39554949E-01
 1.16328714E+00  8.37556347E-02
 1.15699070E+00  2.86886396E-02
 1.14432722E+00 -1.32601299E-02
 1.13378084E+00 -3.10362978E-02
 1.12679862E+00 -2.18716201E-02
 1.12459906E+00  4.82329878E-03
 1.12336234E+00  3.08054470E-02
 1.12381357E+00  4.17861818E-02
 1.13095912E+00  3.17310512E-02
 1.13896462E+00  6.61496608E-03
 1.13762606E+00 -1.57973771E-02
 1.11999463E+00 -2.58267716E-02
 1.08176116E+00 -2.30880938E-02
 1.03293913E+00 -9.53237196E-03
 9.95199612E-01  5.77990922E-03
 9.81880085E-01  1.96844717E-02
 9.97937649E-01  3.63366072E-02
 1.03896701E+00  5.31283652E-02
 1.08808336E+00  6.64028896E-02
 1.13466500E+00  7.27332692E-02
 1.17517590E+00  6.63996419E-02
 1.20370488E+00  5.02241042E-02
 1.21833868E+00  3.33324604E-02
 1.21464690E+00  2.07924972E-02
 1.18535121E+00  1.55436729E-02
 1.13505894E+00  1.59809923E-02
 1.07564156E+00  1.46287421E-02
 1.01894702E+00  8.73963890E-03
 9.78749012E-01  1.90480723E-04
 9.62503441E-01 -8.35060592E-03
 9.69888555E-01 -1.11196741E-02
 1.00255883E+00 -5.71978239E-03
 1.05893413E+00  5.08626588E-03
 1.12691480E+00  1.81191877E-02
 1.18997681E+00  2.82864543E-02
 1.23095966E+00  3.15710539E-02
 1.23604910E+00  2.74402477E-02
 1.20795517E+00  1.61101900E-02
 1.16268772E+00 -3.12276672E-04
 1.11108717E+00 -1.85647369E-02
 1.06019920E+00 -3.48141967E-02
 1.01369774E+00 -4.16446321E-02
 9.68132884E-01 -3.05405354E-02
 9.29197731E-01  3.35536233E-03
 9.09926054E-01  5.85425027E-02
 9.16144512E-01  1.20805607E-01
 9.51328362E-01  1.66677652E-01
 1.01309692E+00  1.79006221E-01
 1.08806777E+00  1.51305391E-01
 1.15993432E+00  9.37435784E-02
 1.21068430E+00  3.23874812E-02
 1.22336410E+00 -1.51040788E-02
 1.19139227E+00 -4.23249052E-02
 1.12577568E+00 -5.03740956E-02
 1.05098553E+00 -5.22815554E-02
 9.88424443E-01 -5.20930818E-02
 9.52319362E-01 -4.33812715E-02
 9.45388605E-01 -2.46982330E-02
 9.56877965E-01  6.78602157E-03
 9.83657148E-01  4.81198582E-02
 1.02783317E+00  8.66573189E-02
 1.08214656E+00  1.14851302E-01
 1.13842897E+00  1.27773816E-01
 1.18396548E+00  1.20859928E-01
 1.20229365E+00  9.67854688E-02
 1.19401162E+00  6.31935486E-02
 1.17138481E+00  3.02383924E-02
 1.14202523E+00  8.34184420E-03
 1.11344676E+00  3.04904098E-03
 1.08890713E+00  9.87740763E-03
 1.06405662E+00  1.69228874E-02
 1.04239094E+00  1.70707421E-02
 1.03124493E+00  9.33007941E-03
 1.02916099E+00 -1.39509639E-03
 1.03259235E+00 -3.12913736E-03
 1.03712134E+00  9.26143758E-03
 1.03623488E+00  3.30253214E-02
 1.03196295E+00  6.50815735E-02
 1.03279340E+00  9.78247863E-02
 1.04239745E+00  1.24791968E-01
 1.06283032E+00  1.42481225E-01
 1.09599767E+00  1.41105245E-01
 1.13729947E+00  1.09819572E-01
 1.17548173E+00  4.39159495E-02
 1.18679799E+00 -5.35483344E-02
 1.12116173E+00 -1.61565168E-01
 9.51231969E-01 -2.45673950E-01
 7.79745584E-01 -2.79761290E-01
 7.52843869E-01 -2.51255678E-01
 8.35347684E-01 -1.69383099E-01
 9.02632626E-01 -6.54593813E-02
 9.36139584E-01  3.78127746E-02
 9.40056760E-01  1.28630255E-01
 9.30578806E-01  1.99374832E-01
 9.76291965E-01  2.54558408E-01
 1.03998608E+00  2.89910209E-01
 1.02227214E+00  2.93844752E-01
 9.57635032E-01  2.72372293E-01
 9.17066913E-01  2.39653473E-01
 8.85845800E-01  2.14636420E-01
 8.50877993E-01  2.24467253E-01
 8.24229678E-01  2.85194310E-01
 7.93333244E-01  3.72108742E-01
 7.47070772E-01  3.72036484E-01
 6.93386002E-01  1.72211172E-01
 6.46878238E-01 -1.09127618E-01
 6.28235690E-01 -2.49424505E-01
 6.45431951E-01 -2.62252644E-01
 6.87574171E-01 -2.54470309E-01
 7.32554686E-01 -2.09586282E-01
 7.47201787E-01 -1.42765783E-01
 7.10198160E-01 -1.22951624E-01
 6.24805953E-01 -1.46147866E-01
 5.20013410E-01 -1.34134334E-01
 4.45181779E-01 -1.97377785E-02
 4.28251395E-01  9.99617870E-02
 4.60087864E-01  6.33675872E-02
 4.89648524E-01 -6.88147730E-02
 4.53127197E-01 -1.42200183E-01
 3.91180433E-01 -1.35633956E-01
 3.92524453E-01 -5.15465742E-02
 4.09934224E-01  8.51740141E-02
 3.64377755E-01  1.72149231E-01
 3.19908504E-01  1.94031189E-01
 3.57390779E-01  1.93501818E-01
 4.40389476E-01  1.08735872E-01
 5.19228525E-01 -9.34989612E-02
 6.14368710E-01 -2.47125200E-01
 7.39513412E-01 -1.72045451E-01
 8.58731604E-01  3.48678319E-02
 9.38430804E-01  1.62662508E-01
 9.67598823E-01  2.00675851E-01
 9.47639156E-01  2.10114252E-01
 9.18882724E-01  2.31174891E-01
 9.25401463E-01  3.41102632E-01
 8.98197895E-01  4.23048889E-01
 7.41447896E-01  2.51263077E-01
 5.53881593E-01 -7.63292223E-02
 4.96557316E-01 -3.16209821E-01
 5.30337224E-01 -4.17368126E-01
 5.60352680E-01 -3.70941826E-01
 6.17435383E-01 -2.14713837E-01
 7.19940622E-01 -1.07638817E-01
 8.04288072E-01 -7.49005465E-02
 8.33177227E-01 -3.28276093E-02
 8.30795451E-01  6.63339220E-03
 8.32004140E-01  4.22654025E-02
 8.45526832E-01  1.13542303E-01
 8.73242890E-01  2.00626480E-01
 9.22302936E-01  2.39588351E-01
 9.85766274E-01  1.84474690E-01
 1.05653373E+00  1.08799505E-01
 1.12302155E+00  1.33166419E-01
 1.13013116E+00  2.01364070E-01
 1.03289422E+00  1.97041732E-01
 9.08742739E-01  1.75451564E-01
 8.83226559E-01  2.14032429E-01
 9.56033214E-01  2.49193948E-01
 1.05470077E+00  2.12251541E-01
 1.11803640E+00  1.21783988E-01
 1.07353960E+00  1.38639106E-02
 9.57311988E-01 -5.71254980E-02
 9.01730496E-01 -2.11033412E-02
 9.28669825E-01  8.37281008E-02
 9.98131389E-01  1.44709694E-01
 1.08391861E+00  1.30821644E-01
 1.12083701E+00  5.96051049E-02
 1.10673976E+00 -2.23434099E-02
 1.10519671E+00 -2.44573939E-02
 1.10431270E+00  3.81438146E-02
 1.07597227E+00  7.14794575E-02
 1.04885279E+00  7.08728217E-02
 1.03765968E+00  5.72719616E-02
 1.02205405E+00  3.45096112E-02
 9.87440719E-01  3.49309946E-02
 9.43991899E-01  3.48669266E-02
 9.19717818E-01 -1.53997644E-02
 9.59666888E-01 -3.64779799E-02
 1.08503871E+00  6.31182977E-02
 1.17841244E+00  1.59608868E-01
 1.08971725E+00  9.03043633E-02
 9.27531667E-01 -3.04230858E-02
 8.98366437E-01 -1.60457433E-02
 9.41503216E-01  5.44761723E-02
 9.25041945E-01  4.84023552E-02
 9.09258995E-01  2.48733506E-02
 9.51706784E-01  4.55735837E-02
 1.00298236E+00  6.28200088E-02
 1.04150708E+00  5.11115622E-02
 1.08657334E+00  3.47842307E-02
 1.13918445E+00  2.41142217E-02
 1.18261988E+00  1.27122112E-02
 1.20254577E+00 -8.66900739E-04
 1.19811170E+00 -1.43106840E-02
 1.17371408E+00 -2.84932311E-02
 1.13211494E+00 -4.28450937E-02
 1.08093374E+00 -5.30568808E-02
 1.02900574E+00 -5.60943595E-02
 9.82928047E-01 -4.96472970E-02
 9.52887156E-01 -3.15399319E-02
 9.47733415E-01 -1.76259598E-03
 9.65766739E-01  3.84119565E-02
 9.98813359E-01  8.61518322E-02
 1.03893585E+00  1.35917077E-01
 1.07796320E+00  1.79473866E-01
 1.11165160E+00  2.05010614E-01
 1.14050049E+00  1.99580858E-01
 1.15996655E+00  1.55302733E-01
 1.16345389E+00  7.36909509E-02
 1.15008253E+00 -2.80240223E-02
 1.12067130E+00 -1.19251214E-01
 1.07804559E+00 -1.71167556E-01
 1.02743234E+00 -1.60245396E-01
 9.68501053E-01 -7.21076727E-02
 8.98024731E-01  6.62329489E-02
 8.19262436E-01  1.42116918E-01
 7.40638974E-01  4.44261231E-02
 6.76514544E-01 -1.30712134E-01
 6.46245807E-01 -1.93553264E-01
 6.60662110E-01 -1.67190466E-01
 7.17962586E-01 -1.51915114E-01
 8.02694980E-01 -1.13096847E-01
 8.86815472E-01 -3.26358743E-02
 9.48625579E-01  3.95565430E-02
 9.79689467E-01  9.22757860E-02
 9.87231270E-01  1.38653795E-01
 9.94252445E-01  1.82472960E-01
 1.01371625E+00  2.15459329E-01
 1.04435791E+00  2.27426630E-01
 1.07716090E+00  2.36852836E-01
 1.09046834E+00  2.55920671E-01
 1.07130830E+00  2.22549742E-01
 1.01759478E+00  7.23553543E-02
 9.20436831E-01 -1.16707566E-01
 7.78952773E-01 -2.16089231E-01
 6.10730108E-01 -2.40163704E-01
 4.59509640E-01 -2.51605483E-01
 4.26861736E-01 -2.28035682E-01
 5.96793864E-01 -1.61085990E-01
 8.55704959E-01 -9.74999759E-02
 1.00071397E+00 -6.17184714E-02
 1.03162821E+00 -4.18507616E-02
 1.04005513E+00 -2.11086095E-02
 1.01988512E+00 -1.51290845E-03
 9.87903068E-01  9.46794117E-03
 9.79544007E-01  1.87909726E-02
 9.69677659E-01  3.34144922E-02
 9.53986321E-01  6.10132423E-02
 9.54350976E-01  1.11023707E-01
 9.93816484E-01  1.68344337E-01
 1.09509758E+00  2.01533622E-01
 1.19776640E+00  1.92169767E-01
 1.20780294E+00  1.33569257E-01
 1.15921025E+00  3.99430776E-02
 1.13511270E+00 -5.19558383E-02
 1.11502612E+00 -1.19500997E-01
 1.06275139E+00 -1.55673708E-01
 1.00501931E+00 -1.59195192E-01
 9.59875094E-01 -1.43764457E-01
 9.31771179E-01 -1.15640986E-01
 9.39419901E-01 -7.15804518E-02
 9.78944221E-01 -2.10378805E-02
 1.02515972E+00  2.42282314E-02
 1.06421244E+00  5.21676435E-02
 1.08799264E+00  4.91639679E-02
 1.09922312E+00  2.22111914E-02
 1.11594561E+00 -6.55373554E-03
 1.14258842E+00 -2.25368029E-02
 1.17098129E+00 -1.64780119E-02
 1.19322424E+00  8.78623381E-03
 1.19488038E+00  3.54278280E-02
 1.17035072E+00  5.57818548E-02
 1.12837937E+00  7.02248840E-02
 1.07918397E+00  7.48855753E-02
 1.03727774E+00  7.00951224E-02
 1.01373647E+00  5.21064402E-02
 1.00792295E+00  1.25486692E-02
 1.01110108E+00 -4.34390159E-02
 1.00748533E+00 -1.02965166E-01
 9.86090868E-01 -1.55058458E-01
 9.46866475E-01 -1.87163387E-01
 9.00055041E-01 -1.92652207E-01
 8.65641178E-01 -1.72992533E-01
 8.55575320E-01 -1.27098352E-01
 8.69791868E-01 -5.64178917E-02
 9.01461148E-01  2.67305253E-02
 9.35193925E-01  1.05813219E-01
 9.64650628E-01  1.64748942E-01
 9.97496013E-01  1.91421840E-01
 1.04717835E+00  1.90626425E-01
 1.12891081E+00  1.79247638E-01
 1.23206147E+00  1.63713784E-01
 1.30400835E+00  1.38271653E-01
 1.24418998E+00  8.16323290E-02
 9.87720477E-01 -2.01023664E-02
 7.14724357E-01 -9.59415895E-02
 6.95367258E-01 -5.47661296E-02
 8.54341606E-01  3.95455127E-02
 9.56258534E-01  6.52051144E-02
 9.93173384E-01  5.01710100E-02
 1.00234883E+00  6.11580486E-02
 9.98489503E-01  6.52095480E-02
 1.07890846E+00  3.77838258E-02
 1.19440837E+00  1.01950735E-02
 1.19165672E+00 -3.71939939E-03
 1.11794405E+00 -1.36291214E-02
 1.08046603E+00 -2.27548275E-02
 1.05438636E+00 -2.17644572E-02
 1.02032389E+00 -2.08210671E-03
 1.00909277E+00  2.84388839E-02
 1.01885779E+00  5.54220904E-02
 1.03940406E+00  6.94031714E-02
 1.07562031E+00  6.30741048E-02
 1.12238565E+00  4.11190080E-02
 1.16863470E+00  2.00910959E-02
 1.20108425E+00  7.87194842E-03
 1.20546770E+00  4.90626721E-03
 1.18557773E+00  8.64415704E-03
 1.15810959E+00  9.03301076E-03
 1.13212906E+00  2.30321812E-03
 1.11283154E+00 -7.35325560E-03
 1.09987690E+00 -1.81438883E-02
 1.08350476E+00 -2.63716786E-02
 1.06299939E+00 -3.02208348E-02
 1.04505088E+00 -3.29486493E-02
 1.03082379E+00 -3.47986392E-02
 1.02259772E+00 -3.48880100E-02
 1.02092060E+00 -3.32798546E-02
 1.02204232E+00 -2.84187096E-02
 1.02922994E+00 -2.04544074E-02
 1.04915788E+00 -1.13777879E-02
 1.08298272E+00 -2.12485560E-03
 1.12823747E+00  6.28250930E-03
 1.17487070E+00  1.29025464E-02
 1.20588603E+00  1.77289887E-02
 1.21057286E+00  2.03379819E-02
 1.18669366E+00  2.02255305E-02
 1.14142611E+00  1.78685326E-02
 1.09240425E+00  1.41027493E-02
 1.05338091E+00  9.88102090E-03
 1.03146560E+00  6.28231759E-03
 1.03004411E+00  3.64115875E-03
 1.04491556E+00  1.65987009E-03
 1.07389696E+00  3.92329954E-04
 1.11606908E+00 -2.63703825E-05
 1.16000316E+00  3.85936297E-04
 1.19052784E+00  1.74740845E-03
 1.19480028E+00  3.77230895E-03
 1.16510115E+00  5.90358027E-03
 1.11439575E+00  8.15609774E-03
 1.07126023E+00  1.07610452E-02
 1.05494008E+00  1.36599310E-02
 1.07353563E+00  1.66218632E-02
 1.11866236E+00  1.88413402E-02
 1.16334655E+00  1.90085821E-02
 1.19191043E+00  1.62749662E-02
 1.20072486E+00  1.02524026E-02
 1.18620698E+00  8.76396293E-04
 1.15415979E+00 -1.11718564E-02
 1.10624625E+00 -2.46963411E-02
 1.03987236E+00 -3.77589133E-02
 9.71129886E-01 -4.68383880E-02
 9.24140778E-01 -4.79294792E-02
 9.16657712E-01 -3.88169133E-02
 9.58970257E-01 -2.04120206E-02
 1.03401089E+00  9.38643666E-04
 1.10217818E+00  1.50443899E-02
 1.13755780E+00  1.49574773E-02
 1.12975692E+00 -7.04738630E-04
 1.08720322E+00 -2.50537873E-02
 1.04151064E+00 -4.38908770E-02
 1.00938327E+00 -4.80309074E-02
 9.90654931E-01 -3.56749093E-02
 9.85447725E-01 -1.20764617E-02
 9.83672570E-01  9.44887834E-03
 9.84374036E-01  2.13153750E-02
 9.99099621E-01  2.37969875E-02
 1.02600410E+00  1.96411953E-02
 1.05876450E+00  1.68775511E-02
 1.09124285E+00  1.90573888E-02
 1.11192726E+00  2.28698225E-02
 1.12018706E+00  2.62654167E-02
 1.12447089E+00  2.57946161E-02
 1.12668841E+00  2.03956857E-02
 1.12713687E+00  1.44177542E-02
 1.12475885E+00  1.14801519E-02
 1.11394088E+00  1.50665009E-02
 1.09590626E+00  2.70541983E-02
 1.07859807E+00  4.41356346E-02
 1.06995249E+00  5.90734109E-02
 1.07831454E+00  6.25124165E-02
 1.10317864E+00  4.87076839E-02
 1.12782152E+00  1.96543220E-02
 1.11722385E+00 -1.21673353E-02
 1.04897840E+00 -2.67356386E-02
 9.89131507E-01 -1.16604724E-02
 1.02752109E+00  3.27091754E-02
 1.10236198E+00  9.00700594E-02
 1.09917822E+00  1.30067690E-01
 1.06607357E+00  1.33455404E-01
 1.08988805E+00  9.82137673E-02
 1.13021900E+00  3.86909475E-02
 1.13966341E+00 -1.31959296E-02
 1.14315479E+00 -3.78015579E-02
 1.15321821E+00 -3.39630288E-02
 1.15305854E+00 -1.02572457E-02
 1.13891121E+00  1.02652984E-02
 1.11659865E+00  1.54978970E-02
 1.08842865E+00  1.00754731E-02
 1.05754047E+00 -5.87775528E-04
 1.03000558E+00 -3.75254762E-03
 1.01193121E+00  7.56943274E-03
 1.00738177E+00  2.92197405E-02
 1.01635149E+00  6.30928094E-02
 1.03522450E+00  1.09807994E-01
 1.06044104E+00  1.64102977E-01
 1.08825869E+00  2.16183295E-01
 1.11420444E+00  2.35854044E-01
 1.13378114E+00  2.04050906E-01
 1.13894400E+00  1.88552265E-01
 1.11855114E+00  2.60757572E-01
 1.06209720E+00  2.99659394E-01
 9.62520488E-01  1.45268542E-01
 8.24534765E-01 -6.02862094E-02
 6.72143086E-01 -9.28149367E-02
 5.55151259E-01 -6.01429051E-02
 5.17212395E-01 -1.41408284E-01
 5.17638574E-01 -2.24866226E-01
 4.87779143E-01 -1.73285141E-01
 4.86341909E-01 -7.25558747E-02
 6.05144270E-01 -2.13746317E-02
 7.77482953E-01 -2.58837890E-03
 8.88530311E-01 -6.27605198E-03
 9.21827618E-01 -4.70033922E-02
 8.92890058E-01 -1.01562363E-01
 8.59685723E-01 -1.44927069E-01
 9.17464635E-01 -1.71778836E-01
 1.00266197E+00 -1.77796205E-01
 9.76141794E-01 -1.65094535E-01
 9.06355772E-01 -1.30034742E-01
 9.21823844E-01 -6.49789918E-02
 9.75416336E-01  1.51768085E-02
 1.00034502E+00  8.45536452E-02
 1.02669763E+00  1.22808270E-01
 1.06565225E+00  1.15122967E-01
 1.08579373E+00  7.30532949E-02
 1.07516678E+00  3.08681364E-02
 1.03717768E+00  8.04583738E-03
 9.81940610E-01  1.01107560E-02
 9.49845653E-01  3.03315846E-02
 9.79270581E-01  4.35531246E-02
 1.02129992E+00  3.96169741E-02
 9.99135443E-01  2.53985436E-02
 9.61504301E-01  5.56119042E-03
 9.92788804E-01 -7.99705207E-03
 1.03767619E+00 -1.01101642E-02
 1.01686415E+00 -8.05391554E-03
 9.78180602E-01 -1.58365242E-03
 9.87370710E-01  1.02436928E-02
 1.03016087E+00  2.46455984E-02
 1.08521034E+00  3.96696904E-02
 1.14731492E+00  4.20375107E-02
 1.18689711E+00  1.34417756E-02
 1.17810455E+00 -4.74991337E-02
 1.12112299E+00 -1.19830714E-01
 1.03354630E+00 -1.47527787E-01
 9.49337384E-01 -8.03038646E-02
 8.92845199E-01  1.12167637E-02
 8.71337192E-01  1.48140839E-02
 8.83411395E-01 -6.67075390E-03
 9.11226273E-01  6.02058869E-02
 9.37844329E-01  1.34285014E-01
 9.47231866E-01  9.96739202E-02
 9.00671489E-01  1.10583418E-02
 7.76665224E-01 -5.28574698E-02
 6.39065585E-01 -1.10525244E-01
 5.73654189E-01 -1.73872975E-01
 5.46805960E-01 -2.14171547E-01
 4.88738226E-01 -2.23074632E-01
 4.72060246E-01 -2.01512475E-01
 5.89986818E-01 -1.43797505E-01
 7.76549124E-01 -6.41806412E-02
 9.25924342E-01  8.50801572E-03
 1.01971219E+00  5.08514472E-02
 1.05157269E+00  4.75351718E-02
 1.01342713E+00  8.14123409E-03
 9.44491173E-01 -3.51983074E-02
 8.78938259E-01 -6.28162298E-02
 8.33432756E-01 -6.68513075E-02
 8.41752194E-01 -4.68493278E-02
 9.12212593E-01 -1.78098156E-02
 9.83462961E-01  1.59286173E-02
 9.90342020E-01  5.96714872E-02
 9.87682250E-01  1.04183556E-01
 1.07098498E+00  1.37692931E-01
 1.18235811E+00  1.48409260E-01
 1.21817578E+00  1.23039969E-01
 1.21083534E+00  7.01971472E-02
 1.21400901E+00  1.47322755E-02
 1.20428953E+00 -2.71983857E-02
 1.17037242E+00 -4.49373623E-02
 1.13233067E+00 -3.79984317E-02
 1.09477510E+00 -2.04379160E-02
 1.06173198E+00  2.91208801E-03
 1.04633420E+00  3.40886829E-02
 1.05205333E+00  6.76281999E-02
 1.07530207E+00  9.93399289E-02
 1.11179692E+00  1.21443498E-01
 1.15262416E+00  1.21818433E-01
 1.18771794E+00  1.01768803E-01
 1.20860880E+00  7.13525181E-02
 1.20581976E+00  3.77585691E-02
 1.17562145E+00  9.35154589E-03
 1.13095732E+00 -8.99229395E-03
 1.09485523E+00 -1.87270227E-02
 1.08429817E+00 -1.71413310E-02
 1.10621836E+00 -1.68801164E-03
 1.14793879E+00  2.03025641E-02
 1.17939468E+00  3.79682919E-02
 1.18359229E+00  4.20133091E-02
 1.15906691E+00  2.65069978E-02
 1.11556650E+00 -1.90168160E-04
 1.07853366E+00 -1.88951335E-02
 1.06128221E+00 -1.87828530E-02
 1.06090740E+00  2.00172426E-03
 1.07355957E+00  3.51852598E-02
 1.08731915E+00  6.07034109E-02
 1.09642059E+00  6.80339904E-02
 1.10669640E+00  5.85569189E-02
 1.11891482E+00  3.77420546E-02
 1.13383694E+00  1.94251793E-02
 1.15076326E+00  1.11503911E-02
 1.16250088E+00  1.00188396E-02
 1.16634001E+00  1.31954168E-02
 1.16276601E+00  1.41247098E-02
 1.15131301E+00  9.31017835E-03
 1.13458609E+00  2.38904811E-03
 1.11545479E+00 -4.83058088E-03
 1.09583602E+00 -1.01458644E-02
 1.07943514E+00 -1.21385434E-02
 1.06958306E+00 -1.32153865E-02
 1.06727528E+00 -1.38731223E-02
 1.07225514E+00 -1.35442002E-02
 1.08363166E+00 -1.23403574E-02
 1.09938186E+00 -9.17096149E-03
 1.11652467E+00 -4.14368468E-03
 1.13158912E+00  1.26373868E-03
 1.14019255E+00  6.33957226E-03
 1.13834300E+00  1.02926744E-02
 1.12522740E+00  1.24248284E-02
 1.10285313E+00  1.27671383E-02
 1.07439698E+00  1.10681310E-02
 1.04523349E+00  7.08389198E-03
 1.02317015E+00  1.37093636E-03
 1.01614150E+00 -5.20687824E-03
 1.02988894E+00 -1.17191097E-02
 1.06415931E+00 -1.71999574E-02
 1.10611489E+00 -2.13314895E-02
 1.13440143E+00 -2.44369381E-02
 1.13346479E+00 -2.68084619E-02
 1.09780639E+00 -2.90223561E-02
 1.03860613E+00 -3.22967637E-02
 9.82477689E-01 -3.79839829E-02
 9.47204274E-01 -4.72413201E-02
 9.39092446E-01 -6.04989434E-02
 9.56368095E-01 -7.61930448E-02
 9.84311030E-01 -9.10428503E-02
 1.01524742E+00 -1.01653306E-01
 1.04931287E+00 -1.04433918E-01
 1.07836331E+00 -9.57223983E-02
 1.09494698E+00 -7.28701979E-02
 1.09187400E+00 -3.42372855E-02
 1.06254744E+00  1.92956843E-02
 1.02109111E+00  8.12424431E-02
 9.94899634E-01  1.40784416E-01
 1.00154802E+00  1.86653608E-01
 1.04747678E+00  2.07968113E-01
 1.11663030E+00  1.96652879E-01
 1.17154213E+00  1.51319397E-01
 1.18930124E+00  7.88329614E-02
 1.16429056E+00  8.25539415E-04
 1.10362431E+00 -3.58563012E-02
 1.03398033E+00  5.47236511E-03
 9.72255781E-01  7.29211693E-02
 9.23116090E-01  8.31234130E-02
 8.98956268E-01  7.30210668E-02
 9.03384543E-01  1.13298268E-01
 9.26411699E-01  1.33330109E-01
 9.37222046E-01  4.48085092E-02
 8.47558336E-01 -9.03860959E-02
 6.07402077E-01 -1.76756732E-01
 4.21801862E-01 -2.07403492E-01
 5.49543781E-01 -1.91675317E-01
 8.05547428E-01 -1.36360406E-01
 8.46886447E-01 -8.74442012E-02
 7.97930303E-01 -7.08964957E-02
 8.97721755E-01 -6.77918707E-02
 1.01539676E+00 -3.31069994E-02
 1.00249506E+00  7.09810632E-02
 9.26779329E-01  1.48218893E-01
 8.33697267E-01  5.99505132E-02
 7.15509774E-01 -9.23767527E-02
 6.20383127E-01 -1.21451973E-01
 6.03094121E-01 -7.58385055E-02
 6.71829807E-01 -6.33656026E-02
 7.73495119E-01 -4.29006180E-02
 8.17202457E-01  1.11519402E-02
 7.63942532E-01  4.10839564E-02
 6.47141287E-01  2.47256698E-02
 5.88567954E-01 -8.68553870E-05
 7.32024730E-01  8.90011993E-03
 9.79889224E-01  5.69176557E-02
 1.10553428E+00  1.24159679E-01
 1.12924249E+00  1.75006404E-01
 1.14257000E+00  1.53418361E-01
 1.05098450E+00  3.46891527E-02
 8.01376002E-01 -1.50875534E-01
 5.32830515E-01 -3.21020336E-01
 3.83403441E-01 -3.84624462E-01
 3.16446116E-01 -3.92314269E-01
 2.52623023E-01 -4.56087999E-01
 2.67610649E-01 -4.87071771E-01
 4.40740760E-01 -3.47611369E-01
 6.56712284E-01 -1.29815102E-01
 7.76052175E-01  2.40500003E-02
 8.33689484E-01  1.28201194E-01
 8.99724691E-01  2.04084046E-01
 9.18627935E-01  1.86019646E-01
 8.35149426E-01  5.77413720E-02
 7.02601917E-01 -6.66210135E-02
 5.87060249E-01 -7.28933990E-02
 5.21256475E-01 -3.26532535E-02
 5.29112170E-01 -7.85152456E-02
 5.66754924E-01 -1.41946360E-01
 5.34706725E-01 -1.17724768E-01
 3.99708891E-01 -1.20262886E-01
 2.08756524E-01 -2.61991971E-01
 1.01973226E-01 -3.83850222E-01
 2.44368364E-01 -2.92215778E-01
 5.32716097E-01 -8.88810999E-02
 7.15649354E-01  3.12085640E-02
 8.03107178E-01  6.29870594E-02
 8.92688061E-01  4.16329917E-02
 9.31661207E-01 -1.73866640E-02
 9.00206137E-01 -2.95863772E-02
 8.19085864E-01  1.02445440E-02
 6.79220379E-01  2.61561506E-02
 5.80558009E-01  3.04167108E-02
 6.54729885E-01  5.63080370E-02
 8.22597734E-01  9.77690085E-02
 9.16692659E-01  1.58889278E-01
 9.25203041E-01  1.95966278E-01
 8.87965458E-01  1.39341379E-01
 8.09773308E-01  3.06871163E-02
 7.48906182E-01 -3.80337306E-02
 7.47732618E-01 -6.18478630E-02
 7.85448396E-01 -6.05826673E-02
 8.37693878E-01 -2.61857529E-02
 8.66572286E-01  2.30028421E-02
 8.53152240E-01  6.60652355E-02
 8.20244289E-01  1.04154154E-01
 7.92987072E-01  1.29447346E-01
 8.02696429E-01  1.32675430E-01
 8.61991801E-01  1.06514929E-01
 9.38342194E-01  4.37155427E-02
 9.66579476E-01 -3.60062646E-02
 8.94338518E-01 -9.68044353E-02
 8.06495778E-01 -1.20199325E-01
 8.37508227E-01 -1.09420080E-01
 8.98578173E-01 -1.09769063E-01
 8.28737798E-01 -1.71173302E-01
 7.10364909E-01 -2.21216619E-01
 6.81619437E-01 -1.47114328E-01
 7.02548450E-01 -1.67181088E-02
 7.26198979E-01  4.57648265E-02
 8.03377073E-01  9.06440724E-02
 9.50949423E-01  1.84758948E-01
 1.10684615E+00  2.21677245E-01
 1.20487489E+00  1.03285376E-01
 1.21791741E+00 -5.90624906E-02
 1.15261338E+00 -1.10482303E-01
 1.07690859E+00 -7.81490281E-02
 1.08438295E+00 -4.61041766E-02
 1.13956667E+00 -1.29895739E-02
 1.13489096E+00  1.42655628E-02
 1.07999479E+00  3.29445383E-02
 1.02159962E+00  7.93351597E-02
 9.55583913E-01  1.03065691E-01
 9.08569918E-01  3.46660308E-02
 9.20743168E-01 -1.41481359E-02
 9.92897992E-01  9.57408782E-02
 1.09257977E+00  2.46164910E-01
 1.15934482E+00  2.46360928E-01
 1.13471116E+00  1.49641496E-01
 1.00709012E+00  7.89243847E-02
 8.84380114E-01  2.33166810E-02
 9.06365009E-01 -2.53015965E-02
 9.74671638E-01 -6.69310204E-02
 9.01366804E-01 -1.49464949E-01
 7.91560388E-01 -2.27860178E-01
 8.26450982E-01 -2.07004946E-01
 9.27517390E-01 -1.24882423E-01
 9.81256600E-01 -6.20945680E-02
 1.02654489E+00 -1.01187419E-02
 1.08591294E+00  4.36697672E-02
 1.11606472E+00  7.24356672E-02
