# x =
 4.50791764E+01
# y =
 3.25097170E+00
 VARIABLES = u,v
 1.02074627E+00 -1.97862620E-02
 1.02571840E+00 -1.90331528E-02
 1.03195086E+00  5.21916729E-03
 1.04349992E+00  4.35264263E-02
 1.06991351E+00  7.48225702E-02
 1.11228031E+00  8.56018822E-02
 1.16054746E+00  7.13920290E-02
 1.20302854E+00  3.77974022E-02
 1.22442982E+00  2.82963354E-03
 1.21500533E+00 -2.31430299E-02
 1.17744390E+00 -3.87324822E-02
 1.12376531E+00 -4.21713399E-02
 1.07458576E+00 -3.73807629E-02
 1.04683820E+00 -2.49369386E-02
 1.04721692E+00 -9.43049309E-04
 1.07152394E+00  2.81721166E-02
 1.10416813E+00  5.15905319E-02
 1.13470047E+00  6.08907580E-02
 1.15980078E+00  4.91458846E-02
 1.17602406E+00  2.21801619E-02
 1.18488576E+00 -3.52768035E-03
 1.18404229E+00 -1.81326008E-02
 1.16788915E+00 -1.78562042E-02
 1.14362102E+00 -5.93549580E-03
 1.12448393E+00  4.82175334E-03
 1.12042614E+00  8.62172956E-03
 1.13822020E+00  7.19588705E-03
 1.16886455E+00  1.39151796E-03
 1.19033485E+00 -4.00480821E-03
 1.19046962E+00 -7.39992566E-03
 1.16707009E+00 -1.22644211E-02
 1.12814875E+00 -1.65314229E-02
 1.09479887E+00 -1.64581104E-02
 1.07852101E+00 -9.96848322E-03
 1.07894618E+00  5.17585545E-03
 1.09354788E+00  2.46074493E-02
 1.11205909E+00  3.87341728E-02
 1.12927333E+00  4.20796957E-02
 1.14849190E+00  3.30265934E-02
 1.16860194E+00  1.55108694E-02
 1.18865901E+00 -2.78325049E-04
 1.20606765E+00 -8.39773024E-03
 1.21328255E+00 -8.27947078E-03
 1.20778713E+00 -2.36482715E-03
 1.19084818E+00  2.13961092E-03
 1.16383631E+00  1.79472485E-03
 1.13195893E+00 -1.35896737E-03
 1.10218101E+00 -4.64679541E-03
 1.08110070E+00 -3.01102637E-03
 1.07540158E+00  5.65743368E-03
 1.08811900E+00  1.81971134E-02
 1.11384647E+00  3.07081163E-02
 1.14151464E+00  3.77136391E-02
 1.16247850E+00  3.55608076E-02
 1.17231754E+00  2.52437978E-02
 1.17403617E+00  1.03278681E-02
 1.17762596E+00 -3.11679481E-03
 1.18672225E+00 -1.05832284E-02
 1.19781442E+00 -1.14699022E-02
 1.20392303E+00 -8.28559051E-03
 1.19318665E+00 -6.49473523E-03
 1.16138830E+00 -8.73202310E-03
 1.11547801E+00 -1.31140512E-02
 1.06837187E+00 -1.48984450E-02
 1.03938529E+00 -6.71195930E-03
 1.04166945E+00  1.39283190E-02
 1.07552516E+00  4.17986948E-02
 1.12938568E+00  6.52164591E-02
 1.18016404E+00  6.79290080E-02
 1.21017349E+00  4.21397938E-02
 1.21256902E+00 -5.20252286E-03
 1.18915663E+00 -4.96140726E-02
 1.15329198E+00 -6.14116873E-02
 1.11376310E+00 -4.90662442E-02
 1.07389239E+00 -4.06895982E-02
 1.04397434E+00 -2.19199993E-02
 1.03337711E+00  2.76565114E-02
 1.05059060E+00  7.69792886E-02
 1.10085174E+00  9.01410338E-02
 1.16612296E+00  7.77567420E-02
 1.21417216E+00  6.04407609E-02
 1.22551134E+00  3.17080882E-02
 1.19774433E+00 -1.12814976E-02
 1.16046853E+00 -4.48731694E-02
 1.15510556E+00 -5.00439786E-02
 1.15293006E+00 -3.94299095E-02
 1.09971169E+00 -3.19385600E-02
 1.04056668E+00 -1.46344095E-02
 1.04549625E+00  2.88497916E-02
 1.08441177E+00  7.07844904E-02
 1.10802155E+00  7.61119085E-02
 1.13420529E+00  5.54390530E-02
 1.17828565E+00  3.22767588E-02
 1.20940092E+00  3.96179588E-03
 1.20404638E+00 -2.96875209E-02
 1.17340005E+00 -4.87735810E-02
 1.13438366E+00 -4.23385626E-02
 1.09196076E+00 -2.72193913E-02
 1.05274331E+00 -2.28184838E-02
 1.02638559E+00 -1.14618806E-02
 1.01660291E+00  3.29036804E-02
 1.03015768E+00  8.55246025E-02
 1.07355439E+00  1.05636593E-01
 1.13598648E+00  9.10034505E-02
 1.19653878E+00  5.31650594E-02
 1.23738321E+00  8.50960116E-03
 1.24401025E+00 -1.37610665E-02
 1.21590087E+00 -1.65746821E-02
 1.16750158E+00 -2.79542833E-02
 1.10832286E+00 -4.62790169E-02
 1.04705219E+00 -5.59132712E-02
 1.00098849E+00 -3.82532274E-02
 9.85044692E-01  2.79960646E-02
 1.01020035E+00  1.06461286E-01
 1.07580039E+00  1.27904359E-01
 1.14387948E+00  8.76040052E-02
 1.16613045E+00  1.90095046E-02
 1.15302281E+00 -4.50438195E-02
 1.14099730E+00 -5.98254283E-02
 1.11174749E+00 -3.68184773E-02
 1.04496292E+00 -3.21033488E-02
 9.91219681E-01 -3.30925504E-02
 1.00314276E+00 -4.45899098E-03
 1.05412713E+00  3.44158087E-02
 1.09427547E+00  6.13336779E-02
 1.12602480E+00  6.42236957E-02
 1.16094266E+00  2.54979059E-02
 1.18442177E+00 -2.87098776E-02
 1.19115537E+00 -4.81072509E-02
 1.17878695E+00 -4.13830795E-02
 1.13718781E+00 -4.15053641E-02
 1.07730568E+00 -3.86051225E-02
 1.02469956E+00 -1.75463637E-02
 9.97476321E-01  2.31277148E-02
 1.00846724E+00  8.85010318E-02
 1.05265330E+00  1.51524237E-01
 1.10611981E+00  1.64714644E-01
 1.15498309E+00  1.27340761E-01
 1.19325964E+00  6.80396041E-02
 1.21498660E+00  1.04390450E-02
 1.22298822E+00 -1.67813163E-02
 1.21442240E+00 -1.64604420E-02
 1.18226947E+00 -2.17287558E-02
 1.13652686E+00 -2.88887075E-02
 1.09478035E+00 -1.99500178E-02
 1.07147191E+00 -3.81761850E-03
 1.07835455E+00  1.25974037E-02
 1.10809812E+00  2.43400611E-02
 1.13721744E+00  1.94708540E-02
 1.15284493E+00  7.16998461E-03
 1.15136951E+00  6.80882354E-03
 1.13737856E+00  1.11552467E-02
 1.12819170E+00  5.95185536E-03
 1.13031562E+00  1.49492734E-03
 1.13838932E+00  9.66589363E-03
 1.14921819E+00  2.05553257E-02
 1.15481815E+00  2.10934405E-02
 1.15120385E+00  8.41855898E-03
 1.14236382E+00 -1.76503242E-02
 1.12626786E+00 -4.95120325E-02
 1.10004363E+00 -7.00168132E-02
 1.06518477E+00 -6.94740694E-02
 1.02524127E+00 -4.76868669E-02
 9.94842426E-01 -1.17286552E-02
 9.94968194E-01  2.20076043E-02
 1.03413682E+00  4.26759303E-02
 1.10341190E+00  4.83997874E-02
 1.16685105E+00  4.10650236E-02
 1.18182639E+00  2.94090194E-02
 1.16756452E+00  1.83034303E-02
 1.17176119E+00  6.52052743E-03
 1.17118588E+00 -4.28145763E-03
 1.13002330E+00 -1.35116179E-02
 1.09479136E+00 -1.92656540E-02
 1.11719096E+00 -1.71475152E-02
 1.16418921E+00 -1.03222835E-02
 1.18350641E+00 -6.34502195E-03
 1.17685511E+00 -9.83075515E-03
 1.15589698E+00 -2.33328758E-02
 1.11710783E+00 -4.18126938E-02
 1.07323912E+00 -5.33023193E-02
 1.03673418E+00 -5.15087771E-02
 1.00687103E+00 -3.60716707E-02
 9.89875289E-01 -1.16912292E-02
 9.93151557E-01  1.01339991E-02
 1.02130486E+00  2.26621301E-02
 1.07749834E+00  2.56494037E-02
 1.14719466E+00  2.04529350E-02
 1.20362043E+00  1.28046466E-02
 1.22836890E+00  6.02446906E-03
 1.21308102E+00 -8.39189782E-04
 1.16929949E+00 -6.43424062E-03
 1.12779283E+00 -9.79435829E-03
 1.10748252E+00 -9.63872342E-03
 1.11288081E+00 -3.33317267E-03
 1.13761529E+00  6.79327305E-03
 1.15926583E+00  1.51798006E-02
 1.16671243E+00  1.79419288E-02
 1.16275198E+00  1.22783798E-02
 1.14731253E+00 -3.25322976E-04
 1.12627399E+00 -1.34517183E-02
 1.10187460E+00 -2.17212121E-02
 1.06985024E+00 -1.95305288E-02
 1.03989935E+00  1.60613796E-03
 1.02780641E+00  4.12415876E-02
 1.04325685E+00  7.19910523E-02
 1.09105111E+00  6.23597923E-02
 1.15686805E+00  3.07109651E-02
 1.21030496E+00  1.53228911E-02
 1.23154227E+00  1.39417048E-03
 1.21283045E+00 -3.78177905E-02
 1.16122146E+00 -7.94693382E-02
 1.10217283E+00 -9.47169711E-02
 1.05268529E+00 -8.28879151E-02
 1.02004452E+00 -4.60693239E-02
 1.01379803E+00  8.36015708E-03
 1.03495263E+00  5.67922932E-02
 1.08295511E+00  8.02321160E-02
 1.15228596E+00  7.20746842E-02
 1.20635139E+00  4.01147661E-02
 1.20678432E+00  6.78863118E-03
 1.17539371E+00 -1.47563441E-02
 1.15591284E+00 -2.25180782E-02
 1.12842906E+00 -1.74301642E-02
 1.06425260E+00 -9.38812195E-03
 1.01727440E+00 -1.68251010E-03
 1.04747660E+00  1.06921285E-02
 1.11845171E+00  2.42840232E-02
 1.16564820E+00  3.41945192E-02
 1.18472165E+00  3.56975039E-02
 1.18406749E+00  2.19518243E-02
 1.15835039E+00 -1.82780226E-03
 1.12421703E+00 -2.17801611E-02
 1.09481150E+00 -3.00174927E-02
 1.06740641E+00 -2.28555802E-02
 1.05160472E+00 -4.72124778E-03
 1.05809139E+00  1.04727229E-02
 1.09057299E+00  1.58299976E-02
 1.14523242E+00  1.17062949E-02
 1.18391456E+00  4.72412768E-04
 1.16419159E+00 -9.61628946E-03
 1.12007904E+00 -1.44719441E-02
 1.11208183E+00 -1.60766251E-02
 1.10784584E+00 -1.38523406E-02
 1.05553993E+00 -8.43998524E-03
 1.00966896E+00 -3.97332334E-04
 1.03701002E+00  1.15308275E-02
 1.09774143E+00  2.27748174E-02
 1.12982221E+00  2.63649542E-02
 1.13808738E+00  2.10221768E-02
 1.13684879E+00  1.23271634E-02
 1.12395177E+00  1.93334206E-02
 1.11763246E+00  5.79573475E-02
 1.13229928E+00  9.44742615E-02
 1.16120491E+00  8.05359141E-02
 1.19426704E+00  4.48802972E-02
 1.21556215E+00  4.10052135E-02
 1.21499770E+00  4.12819480E-02
 1.19496368E+00  2.91629912E-03
 1.15834951E+00 -4.66494411E-02
 1.11255144E+00 -7.23279731E-02
 1.06497569E+00 -7.96870466E-02
 1.01892979E+00 -7.36719169E-02
 9.83941027E-01 -4.98717147E-02
 9.71489097E-01 -1.68325486E-02
 9.89263983E-01  1.43901296E-02
 1.04034894E+00  3.89039734E-02
 1.11205442E+00  5.34678089E-02
 1.17927791E+00  5.77114359E-02
 1.22228106E+00  4.97196881E-02
 1.22903597E+00  2.74733215E-02
 1.20159680E+00 -2.41877744E-03
 1.15794144E+00 -2.90488049E-02
 1.11033877E+00 -4.28984016E-02
 1.06648764E+00 -3.69454167E-02
 1.03896532E+00 -1.54990658E-02
 1.03524701E+00  7.51648812E-03
 1.06106765E+00  2.34271497E-02
 1.11472312E+00  2.82707574E-02
 1.16196247E+00  2.21429299E-02
 1.16360323E+00  1.23548488E-02
 1.13893058E+00  1.32803447E-03
 1.12867598E+00 -1.26702889E-02
 1.10929031E+00 -2.54251941E-02
 1.04832742E+00 -3.22686588E-02
 9.93721470E-01 -2.86993524E-02
 1.00218594E+00 -1.01410370E-02
 1.04789378E+00  1.72357503E-02
 1.08455023E+00  3.98428474E-02
 1.11804824E+00  4.90155055E-02
 1.15844049E+00  4.05748736E-02
 1.18923917E+00  1.85755643E-02
 1.20271761E+00 -3.73217855E-03
 1.19541885E+00 -1.88277192E-02
 1.15875799E+00 -2.51093826E-02
 1.10399244E+00 -2.19987302E-02
 1.05657623E+00 -1.40745174E-02
 1.03432495E+00 -3.04420956E-03
 1.04795314E+00  1.27574640E-02
 1.09006369E+00  2.84261533E-02
 1.13464078E+00  3.71057421E-02
 1.16650713E+00  3.35231351E-02
 1.18070842E+00  1.37771557E-02
 1.17531011E+00 -1.56911171E-02
 1.15926708E+00 -4.04967924E-02
 1.13483564E+00 -5.13029409E-02
 1.09777665E+00 -4.40534348E-02
 1.05749399E+00 -2.25445599E-02
 1.02751906E+00  3.03716378E-04
 1.01933577E+00  1.71400711E-02
 1.04305079E+00  2.66845963E-02
 1.08934760E+00  2.81942803E-02
 1.13387175E+00  2.55690414E-02
 1.16162449E+00  1.96532849E-02
 1.16605483E+00  7.54275311E-03
 1.15249111E+00 -7.30140307E-03
 1.14086323E+00 -1.93929898E-02
 1.13951143E+00 -2.46387828E-02
 1.14422445E+00 -1.96445281E-02
 1.14899792E+00 -1.00104110E-02
 1.14055049E+00 -6.91829973E-03
 1.11499452E+00 -1.25199144E-02
 1.08290968E+00 -1.79348147E-02
 1.05655845E+00  1.50517285E-03
 1.05086141E+00  6.53567552E-02
 1.06980446E+00  1.25181052E-01
 1.09541908E+00  1.02778864E-01
 1.08912161E+00  4.29203161E-04
 1.01921354E+00 -1.28183154E-01
 9.34891315E-01 -2.27331589E-01
 9.20585795E-01 -2.37289858E-01
 9.55332174E-01 -1.95792518E-01
 9.68386276E-01 -2.00493544E-01
 9.46045854E-01 -2.07586730E-01
 8.87708707E-01 -1.25316220E-01
 8.26597605E-01 -1.42320322E-03
 8.36907036E-01  9.34605331E-02
 9.03938409E-01  1.67586597E-01
 9.54534122E-01  2.22847832E-01
 9.71487933E-01  2.43210315E-01
 9.49925208E-01  2.39991589E-01
 8.96503333E-01  2.29134622E-01
 8.61270092E-01  2.17652869E-01
 8.67382637E-01  2.12137218E-01
 9.03769174E-01  2.07658697E-01
 9.49700375E-01  1.80814781E-01
 9.70602777E-01  1.11544958E-01
 9.81516031E-01  2.70926344E-02
 1.02172629E+00 -2.47687454E-02
 1.04003279E+00 -5.34993815E-02
 9.67242326E-01 -8.94243764E-02
 8.48158065E-01 -1.17094038E-01
 7.61036961E-01 -1.18589866E-01
 7.13115125E-01 -1.03763761E-01
 7.01144408E-01 -7.83062954E-02
 7.42471088E-01 -4.22768078E-02
 8.27926577E-01 -4.33611695E-03
 9.37988926E-01  2.40816594E-02
 1.05320233E+00  3.28553760E-02
 1.12116366E+00  1.35186106E-02
 1.09413011E+00 -3.73002597E-02
 1.00528781E+00 -1.14301451E-01
 9.17905506E-01 -1.97440744E-01
 8.10201598E-01 -2.43503258E-01
 6.48062262E-01 -2.17889298E-01
 5.18058716E-01 -1.66778836E-01
 5.19256401E-01 -1.62870041E-01
 6.08702705E-01 -1.60601259E-01
 6.99074863E-01 -8.05168311E-02
 7.85874138E-01  1.74701904E-02
 8.76588991E-01  4.52081728E-02
 9.54713851E-01  3.67107955E-02
 1.03085595E+00  4.49665556E-02
 1.10401149E+00  5.43373528E-02
 1.14746782E+00  5.79401492E-02
 1.15447651E+00  8.52605100E-02
 1.12686235E+00  1.38772273E-01
 1.07219197E+00  1.60685752E-01
 1.01508694E+00  1.00565397E-01
 9.73518329E-01  3.24201723E-02
 9.57863757E-01  6.54380245E-02
 9.80545080E-01  1.36651075E-01
 1.03945043E+00  1.25583567E-01
 1.10729597E+00  6.40621474E-02
 1.14613049E+00  1.56955315E-02
 1.13263846E+00 -3.73893798E-02
 1.07328736E+00 -9.20700137E-02
 1.02907695E+00 -1.06358936E-01
 1.05892557E+00 -6.70139465E-02
 1.05731257E+00  2.90730721E-03
 8.71922663E-01  6.65810621E-02
 6.15981977E-01  9.80386148E-02
 4.91406313E-01  8.50420836E-02
 4.40237128E-01  3.65769693E-02
 3.60863579E-01 -7.95387748E-03
 3.74894667E-01 -5.76573862E-03
 5.78553624E-01  5.85259990E-02
 8.03410505E-01  1.22521310E-01
 8.55789374E-01  9.58865534E-02
 8.18266568E-01  3.01609122E-02
 8.60436933E-01  4.09154416E-02
 9.66543836E-01  1.07241281E-01
 1.07923922E+00  1.60128273E-01
 1.17280297E+00  1.69839032E-01
 1.16604742E+00  9.82572454E-02
 1.05714438E+00 -3.84612802E-03
 9.30729147E-01 -1.95356699E-02
 7.93212798E-01  2.42299686E-02
 6.51774174E-01  3.30394623E-02
 6.12966727E-01  1.12604883E-02
 7.45547586E-01 -1.93980136E-02
 9.32649636E-01 -3.48679943E-02
 1.00952772E+00  1.73302313E-02
 1.02698046E+00  8.22119535E-02
 1.10969087E+00  5.39791229E-02
 1.18352109E+00 -1.12628013E-02
 1.15602796E+00 -6.93142109E-03
 1.11169839E+00  3.04269762E-02
 1.13418847E+00  4.06442413E-02
 1.17239498E+00  4.87916852E-02
 1.16522314E+00  6.88067610E-02
 1.14211431E+00  7.47089559E-02
 1.14084639E+00  5.95174142E-02
 1.14894111E+00  3.68560733E-02
 1.15848700E+00  1.82837463E-02
 1.17245627E+00  6.72150062E-03
 1.17818184E+00  1.08810381E-03
 1.17102977E+00  1.12660614E-05
 1.15793385E+00 -1.59327148E-03
 1.13821774E+00 -5.39130718E-03
 1.11212040E+00 -6.03407417E-03
 1.08601779E+00  3.65220410E-03
 1.06572012E+00  3.20087708E-02
 1.05911541E+00  8.08752028E-02
 1.07441877E+00  1.40220518E-01
 1.11111853E+00  1.88242182E-01
 1.16035953E+00  1.96553601E-01
 1.20812691E+00  1.51032849E-01
 1.22915318E+00  6.30413909E-02
 1.18142863E+00 -2.15842514E-02
 1.04579835E+00 -4.67103209E-02
 9.05130144E-01 -2.64574482E-02
 8.76465456E-01 -1.51101667E-02
 9.32409918E-01 -5.00509641E-03
 9.77363840E-01  2.74731207E-02
 1.01748545E+00  6.65290354E-02
 1.07222664E+00  1.01369711E-01
 1.11230794E+00  1.20728249E-01
 1.13826952E+00  1.02462762E-01
 1.16327465E+00  6.05601164E-02
 1.17996050E+00  3.05257044E-02
 1.17662177E+00  1.95717602E-02
 1.14720109E+00  2.36342105E-02
 1.12347367E+00  4.11209195E-02
 1.14927872E+00  5.71516223E-02
 1.20033842E+00  6.07325532E-02
 1.22302999E+00  5.26987194E-02
 1.21510077E+00  3.38907716E-02
 1.18858964E+00  1.12387124E-02
 1.14229389E+00 -4.98312485E-03
 1.09286054E+00 -1.01653229E-02
 1.05532948E+00 -8.60720955E-03
 1.03042317E+00 -8.56008470E-03
 1.02570856E+00 -2.81780532E-03
 1.04728797E+00  1.90798104E-02
 1.09469279E+00  3.81363704E-02
 1.16043533E+00  2.98303313E-02
 1.20925273E+00  6.12070536E-03
 1.20458570E+00 -9.92798044E-03
 1.17545870E+00 -2.14761863E-02
 1.17315860E+00 -3.54812268E-02
 1.16691828E+00 -4.47135109E-02
 1.10832165E+00 -4.57015048E-02
 1.04671855E+00 -3.87980585E-02
 1.04644559E+00 -2.15723605E-02
 1.07881148E+00  1.45173784E-03
 1.09664964E+00  2.01369731E-02
 1.10954489E+00  2.76493103E-02
 1.12906624E+00  2.07287937E-02
 1.14333464E+00  4.49766801E-03
 1.15234171E+00 -8.15265102E-03
 1.15787261E+00 -9.97560018E-03
 1.15270526E+00 -3.20656165E-04
 1.14076261E+00  1.56908549E-02
 1.13283016E+00  2.56215087E-02
 1.13558070E+00  2.30567893E-02
 1.15313923E+00  9.63228544E-03
 1.17701241E+00 -1.04467031E-02
 1.18797323E+00 -2.77416494E-02
 1.17612906E+00 -3.66787694E-02
 1.14120738E+00 -3.83995296E-02
 1.09262727E+00 -3.40114030E-02
 1.05165872E+00 -2.70922393E-02
 1.03123739E+00 -1.97862658E-02
 1.03286201E+00 -1.04030789E-02
 1.05317318E+00  5.74706874E-04
 1.07977199E+00  1.20860438E-02
 1.10524320E+00  2.26799787E-02
 1.13044418E+00  2.89383553E-02
 1.15399385E+00  2.95783860E-02
 1.17657992E+00  2.52095565E-02
 1.19578396E+00  1.63974846E-02
 1.20356802E+00  5.25391076E-03
 1.19721646E+00 -5.14317258E-03
 1.17729180E+00 -1.18495060E-02
 1.14600913E+00 -1.19456639E-02
 1.11112492E+00 -4.18523181E-03
 1.08188708E+00  8.58095519E-03
 1.06696494E+00  2.06720333E-02
 1.07353126E+00  2.74626449E-02
 1.10166566E+00  2.61161311E-02
 1.13882812E+00  1.70122261E-02
 1.16447434E+00  4.15984379E-03
 1.16396186E+00 -9.85820657E-03
 1.13366452E+00 -2.33449275E-02
 1.08792749E+00 -3.25106807E-02
 1.05635677E+00 -3.40630787E-02
 1.05650839E+00 -2.52887576E-02
 1.08942710E+00 -5.38554917E-03
 1.14096799E+00  1.83212806E-02
 1.17968185E+00  3.33970028E-02
 1.18718932E+00  3.13592355E-02
 1.16353648E+00  9.37157042E-03
 1.11607927E+00 -2.50352544E-02
 1.06579831E+00 -5.48834067E-02
 1.02598177E+00 -6.92763663E-02
 9.97084003E-01 -6.51333932E-02
 9.84149293E-01 -4.58867541E-02
 9.88698086E-01 -2.38896149E-02
 1.01279393E+00 -6.06433278E-03
 1.06136782E+00  7.50837470E-03
 1.12282852E+00  1.52819659E-02
 1.17573352E+00  1.88351987E-02
 1.20425501E+00  1.74105572E-02
 1.19820033E+00  6.75211141E-03
 1.16627168E+00 -9.73754333E-03
 1.13438035E+00 -2.49026430E-02
 1.11765724E+00 -3.34063589E-02
 1.11992750E+00 -3.05084640E-02
 1.13511095E+00 -1.91990828E-02
 1.14296644E+00 -9.28866166E-03
 1.13488024E+00 -5.80903414E-03
 1.11588772E+00 -9.76706134E-03
 1.09061944E+00 -1.86072578E-02
 1.07028478E+00 -2.42859709E-02
 1.06067091E+00 -2.33136483E-02
 1.05781294E+00 -1.74451576E-02
 1.06353544E+00 -8.28506692E-03
 1.07977626E+00 -5.76078008E-05
 1.10587681E+00  4.78355278E-03
 1.14185455E+00  7.29819300E-03
 1.17784946E+00  6.44945403E-03
 1.19728578E+00  1.22035894E-03
 1.18994310E+00 -8.38749814E-03
 1.15278038E+00 -2.23919814E-02
 1.09625712E+00 -3.67436123E-02
 1.04365045E+00 -4.46802569E-02
 1.01145697E+00 -4.19823056E-02
 1.00676716E+00 -2.75545421E-02
 1.02720995E+00 -6.24896945E-03
 1.05779994E+00  1.17342603E-02
 1.08944218E+00  1.95985341E-02
 1.11965357E+00  1.53156620E-02
 1.14166412E+00  2.03811814E-03
 1.15170315E+00 -1.11048046E-02
 1.14464472E+00 -1.87014408E-02
 1.11513182E+00 -2.01939107E-02
 1.07566511E+00 -1.62118902E-02
 1.04899556E+00 -1.09563241E-02
 1.05040446E+00 -6.16041179E-03
 1.08614659E+00 -2.16459029E-04
 1.14063261E+00  5.20605078E-03
 1.17925249E+00  7.93880863E-03
 1.18204513E+00  6.00691508E-03
 1.14661025E+00 -3.18937664E-03
 1.08712866E+00 -1.70758884E-02
 1.03782329E+00 -2.93689977E-02
 1.01809227E+00 -3.61922246E-02
 1.02717884E+00 -3.55434933E-02
 1.05739628E+00 -2.91890077E-02
 1.08685699E+00 -2.31212973E-02
 1.10326930E+00 -2.02540037E-02
 1.11014122E+00 -2.02841261E-02
 1.10772525E+00 -2.17928256E-02
 1.10081874E+00 -2.07237296E-02
 1.09166210E+00 -1.53823136E-02
 1.07531535E+00 -7.39901688E-03
 1.05819901E+00  1.93063784E-03
 1.05208648E+00  1.01925087E-02
 1.06436884E+00  1.56124551E-02
 1.09992085E+00  1.83132272E-02
 1.14852287E+00  1.73523320E-02
 1.18723886E+00  1.18006808E-02
 1.20169995E+00  1.74697052E-03
 1.18664574E+00 -1.21020107E-02
 1.14855082E+00 -2.61544081E-02
 1.10807614E+00 -3.48832610E-02
 1.07775502E+00 -3.46348769E-02
 1.06061608E+00 -2.45054815E-02
 1.05870981E+00 -8.48009138E-03
 1.06674303E+00  5.19279462E-03
 1.08356862E+00  1.08643385E-02
 1.11309159E+00  6.75240571E-03
 1.14851414E+00 -4.50430386E-03
 1.17886937E+00 -1.53690080E-02
 1.19432666E+00 -2.15163941E-02
 1.18516039E+00 -2.27762514E-02
 1.15467827E+00 -2.02643194E-02
 1.11723031E+00 -1.80915668E-02
 1.08216116E+00 -1.76294480E-02
 1.05602820E+00 -1.64460903E-02
 1.04238701E+00 -1.33450495E-02
 1.03784860E+00 -6.69958513E-03
 1.04397704E+00  3.74107399E-03
 1.06517891E+00  1.50687485E-02
 1.09730210E+00  2.47726748E-02
 1.13326762E+00  3.03890325E-02
 1.16516620E+00  2.97686211E-02
 1.18365348E+00  2.31348175E-02
 1.18809860E+00  1.26830564E-02
 1.18494756E+00  2.02487228E-03
 1.17684898E+00 -5.56954157E-03
 1.16554418E+00 -8.38840652E-03
 1.15309744E+00 -6.74998308E-03
 1.13880551E+00 -2.98830364E-03
 1.12571104E+00  1.50220777E-03
 1.11908779E+00  6.32439452E-03
 1.11815819E+00  1.05131063E-02
 1.11960289E+00  1.36060926E-02
 1.12097307E+00  1.45306614E-02
 1.11943184E+00  1.18525583E-02
 1.11627145E+00  6.92838593E-03
 1.11651424E+00  2.69658247E-03
 1.12159925E+00  1.21830374E-03
 1.13071702E+00  3.76352433E-03
 1.14288231E+00  8.90122194E-03
 1.15485127E+00  1.27095491E-02
 1.16464561E+00  1.31559860E-02
 1.17176224E+00  1.00453170E-02
 1.17305466E+00  4.33212794E-03
 1.16513922E+00 -1.03113279E-03
 1.14695420E+00 -4.48812259E-03
 1.12002668E+00 -6.23990247E-03
 1.09227399E+00 -5.98826827E-03
 1.07592490E+00 -4.12539029E-03
 1.07866561E+00 -8.93401573E-04
 1.10119606E+00  4.00784920E-03
 1.13349507E+00  8.97507653E-03
 1.15665730E+00  1.21944568E-02
 1.15935626E+00  1.49790957E-02
 1.14193565E+00  2.29434486E-02
 1.11822467E+00  4.93341224E-02
 1.11303724E+00  1.00417845E-01
 1.13504323E+00  1.40063165E-01
 1.16876083E+00  1.17256167E-01
 1.17375297E+00  3.93729471E-02
 1.10976717E+00 -5.25186600E-02
 1.02339410E+00 -1.35848750E-01
 9.98013902E-01 -1.83265942E-01
 9.98965255E-01 -1.73352052E-01
 9.58480725E-01 -1.18987328E-01
 9.34663911E-01 -5.16993019E-02
 9.98269337E-01 -8.20354131E-03
 1.09799530E+00  1.00822274E-03
 1.16116477E+00 -5.99245105E-03
 1.18618343E+00 -1.89275130E-02
 1.18051906E+00 -2.64956232E-02
 1.14158715E+00 -2.05789947E-02
 1.09480541E+00 -1.01744623E-02
 1.06322173E+00  3.36613690E-03
 1.05044062E+00  2.42562043E-02
 1.05718210E+00  5.29533641E-02
 1.07586109E+00  8.79878647E-02
 1.10457333E+00  1.02081143E-01
 1.14798789E+00  6.43852224E-02
 1.19384450E+00  6.53482049E-03
 1.22326452E+00 -1.85156708E-02
 1.22149985E+00 -2.94072359E-02
 1.17774907E+00 -6.35400245E-02
 1.10621816E+00 -9.11899194E-02
 1.04122718E+00 -7.67070767E-02
 1.00495050E+00 -4.06081510E-02
 1.00754783E+00 -8.70277979E-03
 1.04359429E+00  2.23151675E-02
 1.08740787E+00  5.12637019E-02
 1.12528122E+00  5.88332760E-02
 1.15563601E+00  3.62520564E-02
 1.17257376E+00  6.11929953E-03
 1.17680886E+00 -4.56614832E-03
 1.16471771E+00 -1.03608503E-02
 1.12764146E+00 -3.75490400E-02
 1.07679379E+00 -6.24484807E-02
 1.03380995E+00 -5.22826701E-02
 1.01459371E+00 -2.66790489E-02
 1.03064230E+00 -1.41391987E-02
 1.07312075E+00 -4.45169256E-03
 1.11468413E+00  1.44775868E-02
 1.14000028E+00  2.75943015E-02
 1.14481921E+00  2.25489250E-02
 1.13307206E+00  8.44913610E-03
 1.12264540E+00 -2.78963361E-03
 1.12062296E+00 -7.24775464E-03
 1.12192190E+00 -2.40740867E-03
 1.12565399E+00  8.16617176E-03
 1.12720973E+00  1.28525887E-02
 1.12579670E+00  6.68460654E-03
 1.12828397E+00 -8.16200011E-03
 1.13304007E+00 -2.70200161E-02
 1.13460352E+00 -4.00523226E-02
 1.13029183E+00 -4.19815412E-02
 1.11641456E+00 -3.48500692E-02
 1.09567914E+00 -2.21533275E-02
 1.07708420E+00 -1.08177909E-02
 1.06534553E+00 -5.41111509E-03
 1.06249987E+00 -4.86738147E-03
 1.06869714E+00 -6.75049734E-03
 1.07974968E+00 -6.31848329E-03
 1.09408479E+00 -8.01687768E-04
 1.11285438E+00  8.19960067E-03
 1.13515369E+00  1.80820918E-02
 1.16005618E+00  2.45361507E-02
 1.18438947E+00  2.48073661E-02
 1.20126853E+00  1.94148410E-02
 1.20383079E+00  9.13912838E-03
 1.18591680E+00 -3.95005512E-03
 1.14466897E+00 -1.77075175E-02
 1.08448720E+00 -3.08114379E-02
 1.01918915E+00 -3.98196835E-02
 9.69041561E-01 -4.06298028E-02
 9.50276650E-01 -3.07594526E-02
 9.69962070E-01 -9.94540603E-03
 1.02036368E+00  1.63274593E-02
 1.08015039E+00  3.82153832E-02
 1.13341068E+00  4.84582490E-02
 1.17188702E+00  4.38073168E-02
 1.19267929E+00  2.75513196E-02
 1.20241323E+00  9.46824135E-03
 1.20154494E+00 -4.23786674E-03
 1.18519481E+00 -1.18100779E-02
 1.15832540E+00 -1.39152818E-02
 1.12863719E+00 -1.56090065E-02
 1.10563088E+00 -1.82340276E-02
 1.10130748E+00 -1.87811316E-02
 1.11460942E+00 -1.63251644E-02
 1.13445320E+00 -9.49425882E-03
 1.15415842E+00  1.16420268E-03
 1.16756391E+00  1.14217073E-02
 1.16991175E+00  1.88663870E-02
 1.16196935E+00  2.20337199E-02
 1.14026871E+00  1.93450979E-02
 1.10062998E+00  1.16956825E-02
 1.05008704E+00  1.75646236E-03
 1.00066467E+00 -6.31673067E-03
 9.62673390E-01 -6.32215284E-03
 9.44318553E-01  9.29598238E-03
 9.42030097E-01  4.90933247E-02
 9.42901472E-01  1.12898544E-01
 9.43015877E-01  1.72030265E-01
 9.47452555E-01  1.91497515E-01
 9.69577631E-01  1.86807674E-01
 1.02957808E+00  1.93056495E-01
 1.12895036E+00  1.90523999E-01
 1.24232467E+00  1.46751201E-01
 1.31736499E+00  7.75785740E-02
 1.29971203E+00  5.94436169E-03
 1.21569303E+00 -6.56893283E-02
 1.13951971E+00 -1.26047466E-01
 1.07543115E+00 -1.52709528E-01
 1.00443581E+00 -1.36234560E-01
 9.49268215E-01 -9.61452252E-02
 9.23538128E-01 -5.97848414E-02
 9.37720105E-01 -1.58040311E-02
 1.00895714E+00  5.75742381E-02
 1.09907240E+00  1.27850776E-01
 1.14089550E+00  1.46649129E-01
 1.11776268E+00  1.06635380E-01
 1.04967669E+00  2.66115508E-02
 9.85799678E-01 -3.22105099E-02
 9.92794199E-01  3.03633406E-03
 1.04431066E+00  7.65304444E-02
 1.05374883E+00  7.15183697E-02
 1.02062407E+00  1.64886581E-02
 9.80114087E-01 -7.78601647E-03
 9.47856626E-01 -1.33758595E-02
 9.61887419E-01 -1.26740187E-02
 1.01966898E+00  3.12705970E-03
 1.07303241E+00  1.08299543E-02
 1.11951699E+00  1.09234624E-02
 1.16710944E+00  2.59453721E-02
 1.18656765E+00  3.84756077E-02
 1.16099188E+00  2.57638628E-02
 1.10829419E+00  5.31222982E-03
 1.05369632E+00  7.58118737E-04
 1.01116769E+00  1.10570433E-02
 9.90017451E-01  3.03858305E-02
 9.94756458E-01  5.66649424E-02
 1.01853389E+00  7.92007511E-02
 1.05917190E+00  8.79553555E-02
 1.11767142E+00  8.12245203E-02
 1.18085717E+00  6.16792031E-02
 1.23049806E+00  3.71929374E-02
 1.25012018E+00  1.42220133E-02
 1.22697565E+00 -2.71563101E-03
 1.17168913E+00 -3.75252132E-03
 1.11314679E+00  1.41008868E-02
 1.07064613E+00  2.84702636E-02
 1.05432377E+00  1.42480925E-02
 1.06151770E+00 -8.54484491E-03
 1.07289101E+00 -3.75416000E-03
 1.08139030E+00  1.33095060E-02
 1.09163816E+00  1.24899764E-02
 1.10419217E+00  5.20285116E-03
 1.12415865E+00  6.32151491E-03
 1.14955664E+00  7.32799038E-03
 1.16810092E+00  4.31723003E-03
 1.17624605E+00  1.98401593E-03
 1.17394904E+00  3.03706553E-04
 1.16013904E+00 -1.90287549E-03
 1.13893053E+00 -3.13352704E-03
 1.11270703E+00 -7.17015834E-04
 1.08249466E+00  8.20278979E-03
 1.05641810E+00  2.42894752E-02
 1.04739842E+00  4.49463377E-02
 1.07235390E+00  6.35076302E-02
 1.13678349E+00  7.04552485E-02
 1.19467290E+00  5.97159178E-02
 1.18721446E+00  3.15511195E-02
 1.14555636E+00 -4.77500270E-03
 1.13536149E+00 -3.26405874E-02
 1.12910048E+00 -4.07128828E-02
 1.08091906E+00 -2.63634072E-02
 1.03067416E+00  2.79562122E-03
 1.02676957E+00  2.88094797E-02
 1.06556972E+00  4.03735744E-02
 1.13230530E+00  3.56362818E-02
 1.19422188E+00  1.81022537E-02
 1.20118151E+00 -1.65624393E-04
 1.16538012E+00 -1.23420603E-02
 1.13528315E+00 -1.87209827E-02
 1.09512837E+00 -1.62301902E-02
 1.02251811E+00 -4.01140851E-03
 9.73986479E-01  1.86175226E-02
 1.00518880E+00  5.26944836E-02
 1.08044508E+00  8.65743479E-02
 1.13727304E+00  1.01950287E-01
 1.17120731E+00  8.86827097E-02
 1.19171281E+00  4.71988564E-02
 1.18969961E+00 -5.13021454E-04
 1.17373133E+00 -2.27812154E-02
 1.15147398E+00 -2.56067856E-02
 1.11658428E+00 -3.31587124E-02
 1.07852552E+00 -3.12084804E-02
 1.05386067E+00 -2.15283441E-03
 1.05479348E+00  2.78330951E-02
 1.09097246E+00  3.07292617E-02
 1.14784887E+00  1.96465790E-02
 1.19191162E+00  1.62223212E-02
 1.20258897E+00  1.39156004E-02
 1.17249801E+00  3.02917656E-03
 1.11344800E+00 -8.74432393E-03
 1.05922530E+00 -1.54588580E-02
 1.02926535E+00 -1.50305717E-02
 1.02649747E+00 -2.50508746E-03
 1.04931522E+00  1.77822288E-02
 1.08232391E+00  3.35683860E-02
 1.11784630E+00  3.78397794E-02
 1.15850270E+00  2.78851737E-02
 1.19423144E+00  7.79851936E-03
 1.21300458E+00 -1.02324412E-02
 1.20498485E+00 -1.95965637E-02
 1.16125917E+00 -1.97549313E-02
 1.09589006E+00 -1.17420459E-02
 1.03957973E+00 -1.55631145E-03
 1.01283609E+00  7.87382637E-03
 1.02586979E+00  1.79898336E-02
 1.06975867E+00  2.68038875E-02
 1.11489121E+00  3.23042620E-02
 1.14484185E+00  3.25007070E-02
 1.15727822E+00  2.43273047E-02
 1.15423924E+00  1.06379121E-02
 1.15008871E+00 -1.67337442E-03
 1.14948729E+00 -8.20420999E-03
 1.14498303E+00 -6.46109421E-03
 1.13770601E+00  1.20804854E-03
 1.12880344E+00  7.41004812E-03
 1.12084636E+00  8.45501749E-03
 1.12193483E+00  4.46300865E-03
 1.12875024E+00 -2.48762605E-03
 1.13059719E+00 -6.70289270E-03
 1.12251213E+00 -5.49154976E-03
 1.10193991E+00 -1.96393931E-04
 1.07395701E+00  8.06815466E-03
 1.05239748E+00  1.65141935E-02
 1.04466847E+00  2.32744354E-02
 1.05211578E+00  2.87816274E-02
 1.07380324E+00  3.17934487E-02
 1.10255170E+00  3.08034471E-02
 1.13340369E+00  2.50798834E-02
 1.16446587E+00  1.40312401E-02
 1.18888310E+00  1.45299708E-04
 1.19943527E+00 -1.17421462E-02
 1.19066347E+00 -1.81166507E-02
 1.15951905E+00 -1.69443359E-02
 1.11479657E+00 -9.19934431E-03
 1.07387987E+00  8.94651367E-04
 1.04971994E+00  1.04910908E-02
 1.04944282E+00  1.81326643E-02
 1.06909507E+00  2.25479600E-02
 1.09329706E+00  2.40521231E-02
 1.11332993E+00  2.20450262E-02
 1.12759556E+00  1.53943266E-02
 1.13670930E+00  6.24045436E-03
 1.14751634E+00 -1.77264852E-03
 1.16038779E+00 -5.61534263E-03
 1.16811772E+00 -3.03622495E-03
 1.16760788E+00  4.10682498E-03
 1.15600817E+00  1.05654414E-02
 1.13371181E+00  1.33575933E-02
 1.10842800E+00  1.16627131E-02
 1.08793675E+00  6.79879829E-03
 1.07988519E+00  3.04497537E-03
 1.09051067E+00  2.24340506E-03
 1.11877880E+00  3.48198864E-03
 1.15419854E+00  5.94301770E-03
 1.18004904E+00  7.47710800E-03
 1.18358958E+00  7.16845413E-03
 1.16069574E+00  6.29706164E-03
 1.12030410E+00  5.29135260E-03
 1.08303385E+00  4.63344491E-03
 1.06223389E+00  4.70782182E-03
 1.06152258E+00  4.75478686E-03
 1.07782004E+00  4.52302232E-03
 1.09805321E+00  4.10950435E-03
 1.11588094E+00  3.37976162E-03
 1.13322462E+00  2.60111727E-03
 1.14834281E+00  2.00134775E-03
 1.16143859E+00  1.61078207E-03
 1.16976283E+00  1.59917679E-03
 1.16543420E+00  2.05103321E-03
 1.14843021E+00  2.95271287E-03
 1.12349898E+00  4.29154642E-03
 1.09476937E+00  5.97901333E-03
 1.06932681E+00  7.84816749E-03
 1.05258421E+00  9.62317678E-03
 1.04668638E+00  1.09332819E-02
 1.05546142E+00  1.14037028E-02
 1.08062097E+00  1.07181861E-02
 1.11675258E+00  8.74909170E-03
 1.15464276E+00  5.58737304E-03
 1.18491423E+00  1.42905207E-03
 1.19928607E+00 -3.34408513E-03
 1.19576475E+00 -8.06039517E-03
 1.17851925E+00 -1.18806183E-02
 1.14985665E+00 -1.39240873E-02
 1.11239569E+00 -1.34267647E-02
 1.07321591E+00 -1.00876381E-02
 1.04007783E+00 -4.10669281E-03
 1.02224315E+00  4.07045142E-03
 1.02820354E+00  1.35609594E-02
 1.05590878E+00  2.28292593E-02
 1.09538356E+00  2.99838562E-02
 1.13791917E+00  3.30923717E-02
 1.17460986E+00  3.05925531E-02
 1.19821621E+00  2.21500680E-02
 1.20607567E+00  8.76789636E-03
 1.19311348E+00 -7.81280622E-03
 1.15583268E+00 -2.46258805E-02
 1.10281601E+00 -3.69337259E-02
 1.04929524E+00 -3.95617251E-02
 1.00982331E+00 -2.89473541E-02
 9.96800864E-01 -5.10117513E-03
 1.01070564E+00  2.50278874E-02
 1.04071755E+00  4.94678880E-02
 1.08047495E+00  5.92411177E-02
 1.12516794E+00  5.06152628E-02
 1.16621552E+00  2.81500144E-02
 1.19729276E+00  4.41291698E-03
 1.20889969E+00 -1.24616269E-02
 1.19153808E+00 -1.99349982E-02
 1.15162100E+00 -1.84914460E-02
 1.10561855E+00 -1.42814872E-02
 1.06718701E+00 -9.49355805E-03
 1.04809646E+00 -1.87697475E-03
 1.05061605E+00  6.70758284E-03
 1.06589480E+00  1.42071716E-02
 1.09083468E+00  1.77650992E-02
 1.12415494E+00  1.27022964E-02
 1.15613208E+00  9.32029348E-04
 1.17660700E+00 -1.10624712E-02
 1.17499854E+00 -1.91027567E-02
 1.14317400E+00 -1.97071289E-02
 1.09278650E+00 -1.23257215E-02
 1.04899414E+00 -7.48230392E-04
 1.02916358E+00  1.32879241E-02
 1.04245117E+00  2.85910765E-02
 1.08310394E+00  4.01192372E-02
 1.12874336E+00  4.25348338E-02
 1.16695210E+00  3.17470888E-02
 1.19480359E+00  6.33970630E-03
 1.20815099E+00 -2.55886640E-02
 1.20969271E+00 -4.95392215E-02
 1.19675213E+00 -5.61316624E-02
 1.16075774E+00 -4.29787926E-02
 1.10662807E+00 -1.88068219E-02
 1.04701452E+00  5.49821992E-03
 9.97456108E-01  5.17494580E-02
 9.81150505E-01  1.43999675E-01
 1.01961896E+00  2.29413460E-01
 1.10734795E+00  2.29218037E-01
 1.16977363E+00  1.46172719E-01
 1.12192245E+00  2.90801834E-02
 1.02313262E+00 -6.81562946E-02
 9.94474624E-01 -8.04085221E-02
 1.00673159E+00 -2.42997150E-02
 9.90506173E-01  1.86303364E-02
 9.99114443E-01  4.71951417E-02
 1.07232121E+00  8.39454129E-02
 1.12535898E+00  8.43810376E-02
 1.08010337E+00  2.69104212E-02
 9.99319627E-01 -3.02841000E-02
 9.79364396E-01 -3.06803448E-02
 9.84031911E-01 -1.43450889E-02
 9.46727202E-01 -4.85439490E-02
 9.06825025E-01 -9.23404222E-02
 9.10481709E-01 -7.79709090E-02
 9.43502051E-01 -3.37873501E-02
 9.96669772E-01 -2.96608584E-03
 1.06706566E+00  2.08324482E-02
 1.13014781E+00  3.59723803E-02
 1.16516328E+00  2.77432046E-02
 1.16978417E+00  4.86339262E-03
 1.16532509E+00 -3.48748561E-03
 1.17866241E+00  2.11247201E-02
 1.17858049E+00  3.66278703E-02
 1.11555104E+00 -1.82960621E-02
 1.03220731E+00 -1.10908594E-01
 9.98783975E-01 -1.65146172E-01
 9.96104529E-01 -1.68350291E-01
 9.85849648E-01 -1.26819430E-01
 9.88608270E-01 -5.25357732E-02
 1.02017611E+00  1.00922392E-02
 1.05668702E+00  5.38576683E-02
 1.08062398E+00  1.01726636E-01
 1.09776972E+00  1.33164774E-01
 1.11442366E+00  1.23422878E-01
 1.12573164E+00  8.22653740E-02
 1.12754624E+00  2.46472047E-02
 1.12287478E+00 -2.62547522E-02
 1.11456963E+00 -4.20812490E-02
 1.10690647E+00 -3.73878832E-02
 1.10571368E+00 -4.87213357E-02
 1.10776501E+00 -6.44392305E-02
 1.10392953E+00 -5.66817707E-02
 1.09033320E+00 -3.55688606E-02
 1.06675915E+00 -1.50530219E-02
 1.03819989E+00  2.89986147E-03
 1.01629694E+00  1.06340074E-02
 1.00794706E+00  1.52211674E-02
 1.01513696E+00  3.42777705E-02
 1.04001870E+00  5.67967456E-02
 1.08059169E+00  6.09119285E-02
 1.13349130E+00  5.14739381E-02
 1.19377970E+00  3.95076921E-02
 1.24652043E+00  2.26386196E-02
 1.27216103E+00  1.93738113E-03
 1.25733154E+00 -1.67613082E-02
 1.19864948E+00 -3.22308367E-02
 1.11349902E+00 -4.36504958E-02
 1.03596047E+00 -4.92959678E-02
 9.90456494E-01 -4.86690911E-02
 9.86697500E-01 -4.15984812E-02
 1.01446587E+00 -2.89517931E-02
 1.04285345E+00 -1.27394291E-02
 1.05501300E+00  4.83636987E-03
 1.05182399E+00  2.19998172E-02
 1.04213382E+00  3.93260715E-02
 1.04873241E+00  5.83973599E-02
 1.08002227E+00  7.70641241E-02
 1.12470775E+00  8.80615308E-02
 1.17112339E+00  7.67589102E-02
 1.20069492E+00  3.39840559E-02
 1.20237756E+00 -1.06644441E-02
 1.18156414E+00 -1.64640682E-02
 1.14557318E+00 -5.25036668E-03
 1.10697156E+00 -2.04567554E-02
 1.07721022E+00 -3.93482300E-02
 1.05904167E+00 -2.57635446E-02
 1.05377189E+00  3.77948097E-05
 1.05945386E+00  1.21258599E-02
 1.07451596E+00  1.56705518E-02
 1.09983486E+00  1.39425677E-02
 1.13053874E+00  4.13945643E-03
 1.15877744E+00 -6.16170463E-03
 1.17649857E+00 -9.29680715E-03
 1.17579730E+00 -4.04562925E-03
 1.15806026E+00  6.58134797E-03
 1.13251133E+00  1.53501084E-02
 1.10607416E+00  1.91930287E-02
 1.08505164E+00  1.96403323E-02
 1.07436701E+00  1.77021096E-02
 1.07444027E+00  1.64330668E-02
 1.08800449E+00  1.69480459E-02
 1.11694756E+00  1.68142839E-02
 1.15257970E+00  1.56215378E-02
 1.18117611E+00  1.33943413E-02
 1.19145198E+00  1.00792874E-02
 1.17641382E+00  7.35559189E-03
 1.14313772E+00  5.92754790E-03
 1.11051011E+00  5.58189304E-03
 1.09028083E+00  6.65202041E-03
 1.08685545E+00  8.88747106E-03
 1.09818158E+00  1.16591338E-02
 1.11236572E+00  1.44729740E-02
 1.12444372E+00  1.65330523E-02
 1.13674587E+00  1.71062331E-02
 1.14756560E+00  1.60342258E-02
 1.15703638E+00  1.35081767E-02
 1.16301896E+00  9.68341832E-03
 1.15942271E+00  4.83646433E-03
 1.14872837E+00 -5.01463560E-04
 1.13819392E+00 -5.71679865E-03
 1.13200277E+00 -9.96412148E-03
 1.13333584E+00 -1.23579543E-02
 1.13883200E+00 -1.26274567E-02
 1.13881180E+00 -1.09857929E-02
 1.12943803E+00 -7.70929069E-03
 1.11242912E+00 -3.34357914E-03
 1.09351561E+00  1.32210349E-03
 1.08391830E+00  5.45443604E-03
 1.08939832E+00  7.98740729E-03
 1.10774161E+00  7.95102368E-03
 1.13223486E+00  5.20081609E-03
 1.15047155E+00  3.18062438E-04
 1.15406198E+00 -5.74437027E-03
 1.14239825E+00 -1.13782821E-02
 1.11974848E+00 -1.42604948E-02
 1.09654786E+00 -1.20090872E-02
 1.08042897E+00 -2.99777708E-03
 1.07375979E+00  1.25443878E-02
 1.07848069E+00  3.07169578E-02
 1.09310279E+00  4.50125461E-02
 1.11671182E+00  5.03556720E-02
 1.14896237E+00  4.42682819E-02
 1.18118010E+00  2.85934846E-02
 1.20076805E+00  9.52425593E-03
 1.19840431E+00 -8.42011783E-03
 1.16972911E+00 -2.25945333E-02
 1.12477158E+00 -3.04658001E-02
 1.08526143E+00 -3.16566764E-02
 1.06607416E+00 -2.50280117E-02
 1.07352001E+00 -9.51287961E-03
 1.10306430E+00  1.00787747E-02
 1.13704667E+00  2.59001088E-02
 1.16464865E+00  3.16599664E-02
 1.18241056E+00  2.34558523E-02
 1.18460366E+00  5.18060508E-03
 1.17053473E+00 -1.24490093E-02
 1.13816253E+00 -2.21665116E-02
 1.08512989E+00 -2.01250454E-02
 1.02656572E+00 -5.29088638E-03
 9.86980996E-01  1.77158382E-02
 9.84257384E-01  4.56112509E-02
 1.02761444E+00  7.50449453E-02
 1.10306522E+00  9.42978551E-02
 1.17609542E+00  9.00113971E-02
 1.22359784E+00  5.57271573E-02
 1.23539260E+00 -3.53647743E-03
 1.21319404E+00 -5.75588257E-02
 1.17666094E+00 -6.92236066E-02
 1.13571619E+00 -4.87709233E-02
 1.09051353E+00 -3.17549128E-02
 1.05098102E+00 -1.61786283E-02
 1.02547528E+00  9.22542402E-03
 1.02429475E+00  3.52110747E-02
 1.05956225E+00  5.78591410E-02
 1.11981172E+00  6.94430543E-02
 1.17814829E+00  5.52809247E-02
 1.21541026E+00  2.82789102E-02
 1.21868163E+00  1.27834644E-02
 1.19278749E+00  3.15405001E-03
 1.16167122E+00 -1.33770821E-02
 1.13728500E+00 -2.33240528E-02
 1.12156344E+00 -1.26408776E-02
 1.11704309E+00  9.15485130E-03
 1.11766194E+00  2.82801453E-02
 1.12388250E+00  3.90460051E-02
 1.14271694E+00  3.61798358E-02
 1.16593905E+00  2.10601858E-02
 1.17952880E+00  4.38785881E-03
 1.17386695E+00 -8.93929071E-03
 1.14230683E+00 -1.87941370E-02
 1.09702904E+00 -2.37038795E-02
 1.06526463E+00 -2.53753404E-02
 1.06222685E+00 -2.30044172E-02
 1.09061408E+00 -1.28802133E-02
 1.13834876E+00  2.04606115E-03
 1.17637056E+00  1.58182631E-02
 1.18843461E+00  2.41279548E-02
 1.17500238E+00  2.31239405E-02
 1.14459388E+00  1.50786298E-02
 1.11911272E+00  7.75240832E-03
 1.11099933E+00  5.02140748E-03
 1.11771550E+00  7.57101016E-03
 1.13584784E+00  1.36254141E-02
 1.15494149E+00  1.72224151E-02
 1.16851573E+00  1.57733622E-02
 1.17853934E+00  1.05935525E-02
 1.18004373E+00  2.41699910E-03
 1.16725622E+00 -6.13058117E-03
 1.13751683E+00 -1.28503218E-02
 1.09000011E+00 -1.68876856E-02
 1.03960696E+00 -1.38073302E-02
 1.01184852E+00  1.24833557E-03
 1.02271202E+00  2.80929549E-02
 1.07595896E+00  5.97836741E-02
 1.15375437E+00  7.64926548E-02
 1.21850053E+00  5.82053284E-02
 1.24542959E+00  1.98298341E-02
 1.22737676E+00 -6.22039086E-03
 1.17416559E+00 -1.97722878E-02
 1.11659624E+00 -3.23161585E-02
 1.07333571E+00 -3.70556636E-02
 1.04711828E+00 -3.07608126E-02
 1.03997154E+00 -1.38815687E-02
 1.04385319E+00  1.64100097E-02
 1.05769908E+00  4.33361921E-02
 1.08979158E+00  4.37209620E-02
 1.13302933E+00  2.73886821E-02
 1.17431125E+00  1.75440097E-02
 1.20206139E+00  1.28381770E-02
 1.20340154E+00  6.28362635E-03
 1.18280947E+00  1.57373316E-03
 1.15904784E+00 -2.73071304E-03
 1.14200579E+00 -8.07917739E-03
 1.13578758E+00 -9.59648257E-03
 1.13771014E+00 -6.94407204E-03
 1.13434597E+00 -2.54905742E-03
 1.12208091E+00  2.05014063E-03
 1.10697955E+00  3.89017540E-03
 1.09312110E+00  3.12937745E-03
 1.08830924E+00  2.95326634E-03
 1.09588036E+00  4.02187227E-03
 1.11077578E+00  5.97545974E-03
 1.13009593E+00  8.19266340E-03
 1.15017839E+00  8.45196489E-03
 1.16640164E+00  6.20299408E-03
 1.17737727E+00  2.73494385E-03
 1.18079383E+00 -1.10377958E-03
 1.17414690E+00 -3.92492064E-03
 1.15707168E+00 -4.56700890E-03
 1.13064943E+00 -3.04885467E-03
 1.10015605E+00  5.47444963E-04
 1.07424328E+00  5.76773048E-03
 1.06025631E+00  1.17488040E-02
 1.06276355E+00  1.76010326E-02
 1.08008930E+00  2.17848184E-02
 1.10448128E+00  2.25042464E-02
 1.12979660E+00  1.85535726E-02
 1.15151013E+00  9.82400292E-03
 1.16559143E+00 -1.36807471E-03
 1.17106455E+00 -1.08751531E-02
 1.16561643E+00 -1.54805145E-02
 1.14744049E+00 -1.35668749E-02
 1.12323013E+00 -6.20012908E-03
 1.10403807E+00  2.80242797E-03
 1.09883024E+00  1.08064644E-02
 1.11306573E+00  1.64644064E-02
 1.14089795E+00  1.85058397E-02
 1.16679020E+00  1.70242244E-02
 1.18073027E+00  1.15241762E-02
 1.17830623E+00  1.34046890E-03
 1.15980725E+00 -1.07535902E-02
 1.13362827E+00 -2.01986628E-02
 1.10428445E+00 -2.31093213E-02
 1.07315489E+00 -1.65342589E-02
 1.04902977E+00 -1.54616673E-03
 1.04155032E+00  1.68906390E-02
 1.05829780E+00  3.47063446E-02
 1.10329274E+00  4.79613505E-02
 1.16343100E+00  5.16403181E-02
 1.21334732E+00  4.23018700E-02
 1.23488763E+00  1.79306394E-02
 1.21883502E+00 -1.96130143E-02
 1.17138812E+00 -5.79990987E-02
 1.11538611E+00 -7.92747512E-02
 1.06532397E+00 -7.25438642E-02
 1.02696506E+00 -3.85850700E-02
 1.00567043E+00  1.35909003E-03
 9.98972655E-01  1.91025307E-02
 1.00960188E+00  2.73947350E-02
 1.04487631E+00  5.54714600E-02
 1.09711013E+00  7.91784599E-02
 1.15142617E+00  6.32504152E-02
 1.19372479E+00  3.01127040E-02
 1.20921395E+00  1.16792113E-02
 1.19684728E+00 -3.36888707E-03
 1.16845942E+00 -2.87579937E-02
 1.13059589E+00 -4.80996691E-02
 1.08914117E+00 -4.69548676E-02
 1.05372577E+00 -3.24227858E-02
 1.03078593E+00 -1.37505966E-02
 1.02985389E+00  5.83115153E-03
 1.05935469E+00  2.09719926E-02
 1.10950505E+00  2.86905231E-02
 1.15950288E+00  3.16114550E-02
 1.19292141E+00  2.89018438E-02
 1.19797647E+00  1.85963291E-02
 1.17711507E+00  4.61983582E-03
 1.14767579E+00 -7.49525516E-03
 1.11886172E+00 -1.25566077E-02
 1.09431887E+00 -6.35058699E-03
 1.08156004E+00  6.76138878E-03
 1.08254442E+00  1.61859023E-02
 1.09911413E+00  1.61307000E-02
 1.12932098E+00  5.43696530E-03
 1.14536032E+00 -1.12299221E-02
 1.12154335E+00 -2.24870557E-02
 1.09485484E+00 -2.27474825E-02
 1.11858758E+00 -1.33930715E-02
 1.15638696E+00  1.53481724E-03
 1.14634243E+00  1.30559451E-02
 1.12392627E+00  1.62921846E-02
 1.13992338E+00  1.32117893E-02
 1.15056968E+00  7.21570300E-03
 1.11008389E+00  4.80651923E-03
 1.07329440E+00  9.66377274E-03
 1.10345735E+00  1.95283401E-02
 1.15747942E+00  3.03570357E-02
 1.17041057E+00  3.56929370E-02
 1.16895440E+00  3.17234127E-02
 1.19282833E+00  2.02022466E-02
 1.21170607E+00  5.81780727E-03
 1.19453820E+00 -3.80941747E-03
 1.15530534E+00 -4.05794614E-03
 1.11380593E+00  3.80351042E-03
 1.09407174E+00  1.41397344E-02
 1.12287843E+00  1.66956562E-02
 1.16913637E+00  3.51164087E-03
 1.16952387E+00 -2.88412726E-02
 1.12504346E+00 -8.15785183E-02
 1.06927418E+00 -1.41427105E-01
 1.01361635E+00 -1.63797663E-01
 9.81227276E-01 -1.08283093E-01
 9.91574954E-01 -1.71538451E-02
 1.03389310E+00  2.94114492E-02
 1.09044405E+00  3.32875602E-02
 1.13892130E+00  2.97591028E-02
 1.16435143E+00  1.05211735E-02
 1.16930398E+00 -2.03537737E-02
 1.15909660E+00 -3.66906722E-02
 1.14093231E+00 -3.23914245E-02
 1.10951630E+00 -1.66035691E-02
 1.05627989E+00 -1.47211187E-03
 1.01869009E+00  1.10596817E-02
 1.04362303E+00  2.66713341E-02
 1.10547639E+00  4.22077711E-02
 1.15039376E+00  5.35319978E-02
 1.17449987E+00  5.67321467E-02
 1.18646631E+00  4.44325786E-02
 1.18053373E+00  1.98121156E-02
 1.16739639E+00 -5.89925104E-03
 1.15546005E+00 -2.60565964E-02
 1.13875284E+00 -3.58792081E-02
 1.11928475E+00 -3.56092538E-02
 1.10118829E+00 -3.25898439E-02
 1.08921197E+00 -2.92724768E-02
 1.09195721E+00 -2.43265160E-02
 1.10550326E+00 -1.83707854E-02
 1.11726968E+00 -1.01857636E-02
 1.12070438E+00 -8.88568186E-04
 1.11261897E+00  5.27089079E-03
 1.09833274E+00  8.25063809E-03
 1.09265414E+00  9.85569941E-03
 1.10218135E+00  1.07582513E-02
 1.12506223E+00  1.22159935E-02
 1.15526963E+00  1.29792937E-02
 1.17928288E+00  9.48811518E-03
 1.18890797E+00  1.06400733E-03
 1.18416526E+00 -1.06808772E-02
 1.16608890E+00 -2.24923026E-02
 1.14036975E+00 -2.89038067E-02
 1.11168871E+00 -2.67867518E-02
 1.08148217E+00 -1.66844161E-02
 1.05591157E+00 -2.04822416E-03
 1.04220813E+00  1.05763930E-02
 1.04576788E+00  1.64119415E-02
 1.06976117E+00  1.43095537E-02
 1.10642643E+00  6.37506909E-03
 1.13991517E+00 -1.69056021E-03
 1.15889823E+00 -6.22827998E-03
 1.15799223E+00 -6.66222820E-03
 1.14271353E+00 -3.24223081E-03
 1.12949718E+00  1.52359940E-03
 1.12763592E+00  6.48997111E-03
 1.13825416E+00  1.22134916E-02
 1.15827570E+00  1.64169735E-02
 1.17667160E+00  1.61031203E-02
 1.18803426E+00  9.06730259E-03
 1.19382323E+00 -6.11782088E-03
 1.19132441E+00 -2.56533019E-02
 1.17914465E+00 -4.18140567E-02
 1.15598823E+00 -4.93062266E-02
 1.11941861E+00 -4.54944964E-02
 1.07733430E+00 -3.19860124E-02
 1.04413400E+00 -1.52645022E-02
 1.02989923E+00  6.26822075E-04
 1.04061601E+00  1.41766433E-02
 1.07197238E+00  2.36242877E-02
 1.10918794E+00  2.92578202E-02
 1.14248389E+00  3.00557297E-02
 1.16705131E+00  2.38315995E-02
 1.18016945E+00  1.29833134E-02
 1.18530881E+00  2.16918293E-03
 1.18234226E+00 -4.66711118E-03
 1.16818432E+00 -4.06176551E-03
 1.14780569E+00  2.72927545E-03
 1.12899547E+00  1.02481984E-02
 1.11922418E+00  1.54891415E-02
 1.12572214E+00  1.72034799E-02
 1.14502035E+00  1.51263289E-02
 1.16518048E+00  1.16152019E-02
 1.17897322E+00  7.08307897E-03
 1.18250547E+00  3.56425634E-04
 1.17601871E+00 -6.84387467E-03
 1.16647611E+00 -1.21235927E-02
 1.15608139E+00 -1.33541386E-02
 1.14327088E+00 -8.37455884E-03
 1.13105573E+00  1.07670751E-03
 1.12224908E+00  1.02754225E-02
 1.12009563E+00  1.62899736E-02
 1.12866491E+00  1.75183879E-02
 1.14369147E+00  1.42338949E-02
 1.15544161E+00  9.47141580E-03
 1.15788879E+00  4.73516553E-03
 1.14798688E+00  2.80007215E-04
 1.12892326E+00 -2.20470604E-03
 1.11084907E+00 -1.47118960E-03
 1.09969269E+00  3.57394798E-03
 1.09728190E+00  1.35796636E-02
 1.10499370E+00  2.48694664E-02
 1.12025362E+00  3.11728038E-02
 1.14164038E+00  2.85004815E-02
 1.16865520E+00  1.58156039E-02
 1.19363255E+00 -2.24762647E-03
 1.20616875E+00 -1.60626931E-02
 1.19918629E+00 -1.97010706E-02
 1.17037787E+00 -1.21214059E-02
 1.13072432E+00  2.93843287E-03
 1.10132489E+00  1.61692243E-02
 1.09570570E+00  2.20486087E-02
 1.11712434E+00  2.03041499E-02
 1.15473043E+00  1.25244912E-02
 1.18370118E+00  4.30235783E-03
 1.18963590E+00 -9.43400750E-04
 1.17217180E+00 -3.12794630E-03
 1.14069868E+00  3.77903903E-04
 1.11750006E+00  1.12087631E-02
 1.11484792E+00  2.83626021E-02
 1.13042143E+00  4.74114820E-02
 1.15831536E+00  5.26453076E-02
 1.18383977E+00  2.99034586E-02
 1.19768543E+00 -2.07377938E-03
 1.20044486E+00 -1.35244779E-02
 1.18897031E+00 -1.80012294E-02
 1.16265495E+00 -4.04143696E-02
 1.12321058E+00 -5.61905474E-02
 1.07333962E+00 -3.43851531E-02
 1.03123427E+00  5.33920869E-03
 1.02265205E+00  3.24673540E-02
 1.06005280E+00  4.57553519E-02
 1.13684424E+00  4.70837396E-02
 1.21120463E+00  3.29805400E-02
 1.22891596E+00  1.14307725E-02
 1.20269203E+00 -1.01627163E-02
 1.17885369E+00 -3.05549371E-02
 1.13876693E+00 -4.48974968E-02
 1.05880210E+00 -4.86542530E-02
 9.94874058E-01 -3.73786054E-02
 1.00375152E+00 -7.46251357E-03
 1.05610834E+00  3.22522962E-02
 1.09873981E+00  6.48619172E-02
 1.13323469E+00  7.81621812E-02
 1.17036112E+00  6.54445554E-02
 1.19452373E+00  3.25181343E-02
 1.20081055E+00 -2.42441910E-03
 1.18721939E+00 -2.82469983E-02
 1.14378622E+00 -4.10722350E-02
 1.08317238E+00 -4.01079847E-02
 1.03318883E+00 -3.24390243E-02
 1.01351071E+00 -2.00871894E-02
 1.03692501E+00  7.34682487E-05
 1.09374084E+00  2.31362062E-02
 1.15228728E+00  4.23439294E-02
 1.19388698E+00  5.11262861E-02
 1.21185637E+00  4.22217487E-02
 1.20554632E+00  1.99346419E-02
 1.18875665E+00 -2.76357317E-03
 1.16602258E+00 -1.79213830E-02
 1.13262491E+00 -2.11339150E-02
 1.09672638E+00 -1.40537114E-02
 1.06855312E+00 -6.36345166E-03
 1.05827972E+00 -1.87009611E-03
 1.07757932E+00  9.12703206E-04
 1.11846837E+00  1.75822855E-03
 1.15863957E+00  3.04184819E-03
 1.18399202E+00  4.56594997E-03
 1.18626320E+00  2.40004833E-03
 1.16838015E+00 -2.16118798E-03
 1.14753099E+00 -5.65663033E-03
 1.13142040E+00 -6.17798320E-03
 1.11954073E+00 -1.62055032E-03
 1.11454583E+00  5.74009205E-03
 1.11435347E+00  9.74376370E-03
 1.12022708E+00  7.59128283E-03
 1.13744225E+00 -7.02449208E-04
 1.15843418E+00 -1.24713525E-02
 1.16948415E+00 -2.14376872E-02
 1.16171732E+00 -2.42678143E-02
 1.13011989E+00 -2.15955655E-02
 1.08411644E+00 -1.58727222E-02
 1.04589184E+00 -1.18461820E-02
 1.02899929E+00 -1.03393863E-02
 1.03792050E+00 -5.70047911E-03
 1.06854652E+00  1.29445739E-02
 1.10456373E+00  5.12578623E-02
 1.13633538E+00  8.07712529E-02
 1.16205839E+00  6.40689617E-02
 1.17721596E+00  2.51379121E-02
 1.18128470E+00  1.09193366E-02
 1.17210877E+00  6.15992365E-03
 1.14551752E+00 -1.88067041E-02
 1.11073003E+00 -4.55086863E-02
 1.08395981E+00 -5.43526805E-02
 1.07616458E+00 -5.28937256E-02
 1.09232512E+00 -4.53787798E-02
 1.11978912E+00 -3.04834056E-02
 1.13252479E+00 -1.35267768E-02
 1.12003337E+00  2.40816829E-03
 1.09167853E+00  2.50359896E-02
 1.08075910E+00  7.85180999E-02
 1.12363609E+00  1.71908992E-01
 1.17897468E+00  2.24187897E-01
 1.16567889E+00  1.34497535E-01
 1.08505096E+00 -3.82433596E-02
 9.82566653E-01 -1.58825132E-01
 8.96275755E-01 -2.02658486E-01
 8.79798806E-01 -1.84553035E-01
 9.29745603E-01 -1.19876094E-01
 9.80411419E-01 -7.60404450E-02
 1.00075218E+00 -6.72794714E-02
 9.84076413E-01 -4.98123828E-02
 9.58058344E-01 -2.62618915E-02
 9.86781470E-01 -4.73629808E-05
 1.04968331E+00  4.85314188E-02
 1.08017567E+00  1.12963274E-01
 1.09919645E+00  1.67276502E-01
 1.14147565E+00  1.84914055E-01
 1.17807056E+00  1.56217605E-01
 1.17651663E+00  9.16008741E-02
 1.11067828E+00  8.94140740E-03
 9.68010363E-01 -6.31514177E-02
 8.47439805E-01 -1.01019470E-01
 8.79324085E-01 -9.91365404E-02
 9.89332440E-01 -6.68714089E-02
 1.02428335E+00 -2.81767849E-02
 1.04068884E+00 -6.79502596E-04
 1.13591893E+00  1.01551010E-02
 1.21474943E+00  3.26081773E-03
 1.17932385E+00 -1.25714970E-02
 1.09893795E+00 -3.36608661E-02
 1.06233574E+00 -6.11391686E-02
 1.05991745E+00 -7.98822558E-02
 1.06607541E+00 -7.61421124E-02
 1.07026485E+00 -6.28070139E-02
 1.04143205E+00 -5.72445065E-02
 9.95702012E-01 -4.60175991E-02
 9.93060296E-01 -1.09722333E-02
 1.03687321E+00  2.35770017E-02
 1.10116300E+00  2.54587138E-02
 1.16812834E+00  8.72741271E-03
 1.20343918E+00  4.92123850E-05
 1.20207587E+00 -3.04196338E-03
 1.19164572E+00 -5.22024533E-03
 1.17056285E+00  7.80189277E-04
 1.13437557E+00  1.50080013E-02
 1.10891558E+00  3.59422662E-02
 1.11268821E+00  6.48559239E-02
 1.13421860E+00  9.20650324E-02
 1.15402330E+00  1.02328664E-01
 1.16819959E+00  8.77844418E-02
 1.17869394E+00  5.00970558E-02
 1.18506242E+00  1.10577138E-02
 1.19292235E+00 -1.24196718E-03
 1.20173260E+00 -6.44861733E-04
 1.20229562E+00 -1.83268048E-02
 1.19181565E+00 -3.51253014E-02
 1.16972042E+00 -2.21006778E-02
 1.13642714E+00 -4.98234887E-03
 1.09853633E+00 -1.42090630E-02
 1.06279312E+00 -2.84967776E-02
 1.03539729E+00 -1.80633081E-02
 1.02403343E+00  1.10544979E-02
 1.03337054E+00  4.50995375E-02
 1.06242185E+00  7.75006973E-02
 1.10584763E+00  9.20995733E-02
 1.15658597E+00  7.76111756E-02
 1.20564300E+00  4.10673355E-02
 1.24188996E+00  4.64345194E-03
 1.25487783E+00 -8.01146637E-03
 1.23619352E+00 -1.38655356E-02
 1.18427622E+00 -4.64889062E-02
 1.11409064E+00 -7.84194551E-02
 1.05193014E+00 -6.55736835E-02
 1.01884565E+00 -3.03769019E-02
 1.02611315E+00 -9.08018758E-03
 1.06607494E+00  8.89884524E-03
 1.11301504E+00  3.47205771E-02
 1.15095771E+00  4.93756551E-02
 1.17465376E+00  4.00231190E-02
 1.18334768E+00  1.77441644E-02
 1.18726357E+00 -2.87973794E-03
 1.18764531E+00 -1.54777035E-02
 1.17657285E+00 -1.56943431E-02
 1.15711684E+00 -5.43513993E-03
 1.13474888E+00  4.42006139E-03
 1.11618033E+00  9.21732558E-03
 1.11232217E+00  1.05640217E-02
 1.12153298E+00  9.39220638E-03
 1.13285658E+00  9.97024673E-03
 1.14124974E+00  1.30825795E-02
 1.14340779E+00  1.45001532E-02
 1.13935993E+00  1.41239316E-02
