# x =
 3.74061251E+01
# y =
 3.25097170E+00
 VARIABLES = u,v
 1.19749048E+00 -1.11006486E-02
 1.19238148E+00 -9.62359882E-03
 1.17776647E+00 -1.35729691E-02
 1.15488444E+00 -2.02880169E-02
 1.12865865E+00 -2.27483177E-02
 1.10439092E+00 -1.76618471E-02
 1.08978146E+00 -5.83109011E-03
 1.08826945E+00  9.78703529E-03
 1.09876503E+00  2.26465647E-02
 1.12084123E+00  2.87552313E-02
 1.15118672E+00  2.80645153E-02
 1.18119679E+00  2.11028717E-02
 1.20081866E+00  1.06999382E-02
 1.20139365E+00 -8.54265070E-04
 1.17942372E+00 -1.28427555E-02
 1.14467483E+00 -2.22185453E-02
 1.11638102E+00 -2.55052889E-02
 1.10756768E+00 -2.03793384E-02
 1.12246464E+00 -6.00414959E-03
 1.15261620E+00  1.24989944E-02
 1.17688274E+00  2.58230443E-02
 1.18360988E+00  2.77157887E-02
 1.17287563E+00  1.62460575E-02
 1.15074571E+00 -3.03490829E-03
 1.13317112E+00 -1.77288255E-02
 1.12816035E+00 -2.04139263E-02
 1.13238274E+00 -1.02279349E-02
 1.14291019E+00  7.98694018E-03
 1.15243741E+00  2.24676226E-02
 1.15730122E+00  2.67724621E-02
 1.16165026E+00  2.17976657E-02
 1.16647694E+00  1.07522020E-02
 1.17254460E+00  1.59985266E-03
 1.18013277E+00 -1.47247858E-03
 1.18546691E+00 -5.48038659E-04
 1.18710651E+00  2.64830184E-03
 1.18539787E+00  4.46727993E-03
 1.17998985E+00  3.00831096E-03
 1.17223598E+00  5.92735045E-04
 1.16356579E+00 -1.72768290E-03
 1.15477216E+00 -2.89408639E-03
 1.14753236E+00 -2.10552723E-03
 1.14329729E+00 -7.36454854E-04
 1.14254148E+00  7.89909440E-04
 1.14531247E+00  2.66311446E-03
 1.15133573E+00  4.58789133E-03
 1.15982618E+00  6.87309873E-03
 1.16951776E+00  9.29213777E-03
 1.17881590E+00  1.09478425E-02
 1.18570379E+00  1.14001689E-02
 1.18825989E+00  1.03207584E-02
 1.18579289E+00  7.68091175E-03
 1.17869530E+00  4.08377728E-03
 1.16766822E+00  1.98270539E-04
 1.15412776E+00 -3.07685333E-03
 1.14032201E+00 -4.24457427E-03
 1.12883796E+00 -1.82086718E-03
 1.12268361E+00  4.91952818E-03
 1.12448249E+00  1.53135801E-02
 1.13471258E+00  2.60962452E-02
 1.15182242E+00  3.22212971E-02
 1.17327595E+00  3.00003386E-02
 1.19480651E+00  1.81456263E-02
 1.21000998E+00 -8.04689954E-04
 1.21214388E+00 -2.05257991E-02
 1.19638902E+00 -3.56792131E-02
 1.16269540E+00 -4.22398338E-02
 1.12066323E+00 -3.64741806E-02
 1.08673719E+00 -1.75503347E-02
 1.07337394E+00  1.29608163E-02
 1.08599956E+00  4.86603469E-02
 1.11852545E+00  7.14742900E-02
 1.15367469E+00  6.45672870E-02
 1.17987711E+00  4.09335155E-02
 1.19250963E+00  2.54518965E-02
 1.19007873E+00  8.79336528E-03
 1.17846017E+00 -2.53697345E-02
 1.15929184E+00 -5.08287824E-02
 1.13025092E+00 -3.90863012E-02
 1.09800668E+00 -1.31041224E-02
 1.07209440E+00 -4.84002750E-03
 1.06164013E+00  2.70852513E-03
 1.07556138E+00  3.37642786E-02
 1.10995927E+00  6.44116991E-02
 1.15049612E+00  6.48862739E-02
 1.18685456E+00  4.56007919E-02
 1.21060805E+00  2.32840645E-02
 1.21609662E+00 -5.28904144E-03
 1.20468906E+00 -3.81167388E-02
 1.17506049E+00 -5.80834970E-02
 1.12671558E+00 -5.34389012E-02
 1.07232090E+00 -3.02417117E-02
 1.03035677E+00 -1.83527115E-03
 1.01647400E+00  2.56494707E-02
 1.04081248E+00  4.82463160E-02
 1.09432447E+00  6.11961523E-02
 1.15184279E+00  6.46108172E-02
 1.19588698E+00  5.58741870E-02
 1.21662164E+00  3.11142555E-02
 1.21157235E+00 -2.30135076E-03
 1.19094278E+00 -3.16308870E-02
 1.15815745E+00 -4.74975738E-02
 1.11189341E+00 -4.45683979E-02
 1.06348864E+00 -3.14897414E-02
 1.02713905E+00 -2.21411025E-02
 1.01671361E+00 -2.18053787E-03
 1.04461632E+00  4.80399514E-02
 1.10147040E+00  9.74086919E-02
 1.16136747E+00  1.00049952E-01
 1.20580410E+00  6.09530317E-02
 1.22192980E+00  6.14909567E-03
 1.20673604E+00 -4.92706051E-02
 1.17225453E+00 -8.22982054E-02
 1.12417816E+00 -8.36587504E-02
 1.06604030E+00 -6.75963305E-02
 1.01682344E+00 -3.67477384E-02
 9.97645417E-01  9.73111677E-03
 1.02332776E+00  6.38160033E-02
 1.09624663E+00  1.14954292E-01
 1.17893182E+00  1.26677096E-01
 1.21820499E+00  6.45015699E-02
 1.21777951E+00 -2.27189036E-02
 1.20870946E+00 -5.45844569E-02
 1.17499662E+00 -4.30019038E-02
 1.10330551E+00 -3.61998623E-02
 1.04099294E+00 -2.47052215E-02
 1.03435942E+00  1.19357897E-03
 1.06274844E+00  2.98707612E-02
 1.08528594E+00  6.47982382E-02
 1.10777537E+00  9.28805552E-02
 1.14480658E+00  8.65358151E-02
 1.18222225E+00  5.18355117E-02
 1.20990939E+00  1.15893573E-02
 1.22162003E+00 -2.16639932E-02
 1.20429658E+00 -3.54088936E-02
 1.16500162E+00 -3.11929754E-02
 1.12642862E+00 -2.70001551E-02
 1.10255627E+00 -2.23516649E-02
 1.10188610E+00 -7.88965339E-03
 1.12030706E+00  9.95425938E-03
 1.13844865E+00  2.44100191E-02
 1.14778235E+00  3.12736103E-02
 1.14943378E+00  2.32538060E-02
 1.14408253E+00  4.93526789E-03
 1.13933543E+00 -9.76664874E-03
 1.13728693E+00 -1.33840495E-02
 1.13277975E+00 -3.22796266E-03
 1.12926736E+00  1.52902245E-02
 1.13225793E+00  2.73053479E-02
 1.14447218E+00  2.57420766E-02
 1.16801552E+00  1.20845604E-02
 1.19324900E+00 -8.79380068E-03
 1.20216341E+00 -2.52015755E-02
 1.18547639E+00 -3.05373893E-02
 1.14368624E+00 -2.62191662E-02
 1.09166238E+00 -1.39769944E-02
 1.05767633E+00  8.04866805E-04
 1.05874109E+00  1.41281567E-02
 1.09556360E+00  2.59889098E-02
 1.15271753E+00  3.30050475E-02
 1.19768693E+00  3.13922549E-02
 1.20997664E+00  1.90586099E-02
 1.18771974E+00 -4.76846962E-03
 1.14150748E+00 -3.24894416E-02
 1.09836804E+00 -5.07347750E-02
 1.07479501E+00 -5.06480869E-02
 1.07115077E+00 -2.94639432E-02
 1.08602318E+00  4.42385571E-03
 1.10879604E+00  3.23951985E-02
 1.13370951E+00  4.24900490E-02
 1.16322683E+00  3.15617048E-02
 1.18782615E+00  4.52996217E-03
 1.19468029E+00 -2.32378233E-02
 1.17506773E+00 -4.22826435E-02
 1.12386053E+00 -5.06409988E-02
 1.05825709E+00 -4.52262744E-02
 1.01186775E+00 -2.79374930E-02
 1.00622422E+00 -8.23041537E-04
 1.04844278E+00  3.33925151E-02
 1.12258536E+00  5.64822760E-02
 1.18927248E+00  4.90931056E-02
 1.22407567E+00  2.00002030E-02
 1.22129660E+00 -8.22126066E-03
 1.18667420E+00 -2.87843273E-02
 1.14499554E+00 -3.99977081E-02
 1.11010533E+00 -3.89677488E-02
 1.08175861E+00 -3.07040492E-02
 1.06782350E+00 -1.23460510E-02
 1.07174006E+00  2.12036511E-02
 1.09592854E+00  4.75320876E-02
 1.14204698E+00  4.00794422E-02
 1.18251418E+00  1.27941693E-02
 1.18397041E+00 -5.22530053E-03
 1.16235979E+00 -1.38912659E-02
 1.15062484E+00 -2.00627101E-02
 1.13253070E+00 -1.81469440E-02
 1.08705037E+00 -9.36606887E-03
 1.05477197E+00  3.40850479E-03
 1.07980205E+00  2.24077295E-02
 1.13480957E+00  4.04519088E-02
 1.17160715E+00  4.54240637E-02
 1.18773731E+00  3.11328201E-02
 1.19034285E+00 -1.91443977E-03
 1.17327924E+00 -3.60410600E-02
 1.14522936E+00 -4.62040923E-02
 1.11435637E+00 -3.68749316E-02
 1.07860287E+00 -2.68577024E-02
 1.04721537E+00 -7.90084583E-03
 1.03363112E+00  2.91121310E-02
 1.04737980E+00  6.06650255E-02
 1.09448049E+00  6.30452929E-02
 1.16013118E+00  4.65904135E-02
 1.21372077E+00  3.09748548E-02
 1.23477787E+00  1.38409660E-02
 1.21448169E+00 -9.86802171E-03
 1.16258665E+00 -3.11601740E-02
 1.10912814E+00 -4.31099739E-02
 1.07254123E+00 -4.16534176E-02
 1.05809822E+00 -2.15513944E-02
 1.06751933E+00  1.02903562E-02
 1.09016241E+00  3.76647778E-02
 1.12124748E+00  4.95692374E-02
 1.16204869E+00  4.02043766E-02
 1.19685616E+00  1.39775669E-02
 1.20570890E+00 -1.34443213E-02
 1.17702288E+00 -3.26404259E-02
 1.11072668E+00 -4.01734106E-02
 1.04386169E+00 -3.26503183E-02
 1.02708252E+00 -1.30360646E-02
 1.04997381E+00  1.58107252E-02
 1.07339473E+00  4.92924234E-02
 1.11209373E+00  6.59695438E-02
 1.18183024E+00  4.59105832E-02
 1.23195782E+00  6.60996568E-03
 1.21381222E+00 -1.90022284E-02
 1.15627025E+00 -3.16174660E-02
 1.11217233E+00 -4.36764617E-02
 1.08395819E+00 -4.65619122E-02
 1.06258168E+00 -3.43982689E-02
 1.06043043E+00 -1.02142150E-02
 1.07680430E+00  2.38981320E-02
 1.10640580E+00  4.88284027E-02
 1.14864244E+00  4.08436605E-02
 1.17686017E+00  1.36781020E-02
 1.16321057E+00 -1.50353845E-03
 1.13575741E+00 -2.37895204E-03
 1.14062988E+00  3.13532157E-03
 1.16395476E+00  1.47246043E-02
 1.17157404E+00  2.26730941E-02
 1.17273470E+00  1.99164206E-02
 1.17996084E+00  1.07648056E-02
 1.18611923E+00 -1.47731233E-03
 1.18887614E+00 -1.19464119E-02
 1.17393511E+00 -1.72696863E-02
 1.12071939E+00 -1.93120835E-02
 1.05157880E+00 -1.71821867E-02
 1.01023626E+00 -9.41735478E-03
 1.00680860E+00  3.66838935E-03
 1.03591305E+00  2.18063366E-02
 1.09140500E+00  3.96937854E-02
 1.14902018E+00  4.84277314E-02
 1.18823364E+00  4.25663910E-02
 1.20360679E+00  2.09480208E-02
 1.19473220E+00 -9.70993301E-03
 1.17065056E+00 -3.55085338E-02
 1.13651207E+00 -4.67408387E-02
 1.09232590E+00 -3.97252221E-02
 1.05030062E+00 -1.74219994E-02
 1.02615339E+00  9.05214763E-03
 1.03289216E+00  3.21101460E-02
 1.07925211E+00  4.83502048E-02
 1.14950745E+00  5.27103708E-02
 1.20968018E+00  4.35928110E-02
 1.23643599E+00  2.07072656E-02
 1.21855238E+00 -1.29106390E-02
 1.16469467E+00 -3.81543260E-02
 1.10573605E+00 -3.51878550E-02
 1.05960181E+00 -1.74157651E-02
 1.03081829E+00 -9.33872359E-03
 1.02360691E+00  4.56998133E-03
 1.03144567E+00  4.68283840E-02
 1.05445841E+00  8.86907609E-02
 1.09975790E+00  9.12991914E-02
 1.15538053E+00  6.02784266E-02
 1.20127795E+00  1.62736333E-02
 1.22103327E+00 -2.65688401E-02
 1.20055039E+00 -4.71007225E-02
 1.14822927E+00 -4.30221196E-02
 1.09192186E+00 -3.42458746E-02
 1.04955436E+00 -2.42185432E-02
 1.03171178E+00 -8.85020364E-03
 1.04239217E+00  1.15532395E-02
 1.07107546E+00  4.09449776E-02
 1.11261316E+00  6.46623220E-02
 1.16327525E+00  5.83501605E-02
 1.19902860E+00  3.13828559E-02
 1.19891321E+00  7.66907982E-03
 1.17786991E+00 -9.89351702E-03
 1.16087189E+00 -2.14535421E-02
 1.13518163E+00 -2.25167484E-02
 1.08319437E+00 -1.73795588E-02
 1.04177767E+00 -8.33925025E-03
 1.05419252E+00  6.85814356E-03
 1.09785759E+00  2.35031711E-02
 1.12953782E+00  3.46770937E-02
 1.14678524E+00  3.44816478E-02
 1.15479083E+00  1.81112471E-02
 1.14874095E+00 -7.97309698E-03
 1.13833706E+00 -2.90372318E-02
 1.12961508E+00 -3.62485724E-02
 1.11735213E+00 -2.66468185E-02
 1.10546704E+00 -5.84150359E-03
 1.10004404E+00  1.10603109E-02
 1.10538198E+00  1.63730693E-02
 1.12602441E+00  1.11771751E-02
 1.15140026E+00  2.88921470E-04
 1.16154986E+00 -4.80277196E-03
 1.14890513E+00  1.09657566E-03
 1.12016619E+00  1.36042933E-02
 1.10485886E+00  2.63986745E-02
 1.13768129E+00  2.84944918E-02
 1.19209091E+00  1.19617106E-02
 1.20893276E+00 -2.41516821E-02
 1.18541925E+00 -8.01957762E-02
 1.14211094E+00 -1.44352607E-01
 1.08314203E+00 -1.76681304E-01
 1.02620958E+00 -1.37916662E-01
 9.77133956E-01 -4.89226240E-02
 9.27491724E-01  3.95445174E-02
 9.14076286E-01  1.27461178E-01
 9.75804947E-01  2.18493345E-01
 1.06315123E+00  2.46746304E-01
 1.09364525E+00  1.60028016E-01
 1.04921697E+00  3.02400410E-02
 9.49811713E-01 -3.46387484E-02
 8.44727885E-01 -4.64429528E-02
 8.16957954E-01 -5.90830633E-02
 8.77243190E-01 -4.65293804E-02
 9.69659564E-01  5.71148444E-03
 1.06460226E+00  3.82113462E-02
 1.12780470E+00  6.56490506E-03
 1.13189714E+00 -5.79820027E-02
 1.09679068E+00 -1.00076146E-01
 1.04819913E+00 -1.08371561E-01
 1.00931040E+00 -9.06331233E-02
 9.86413262E-01 -5.84580436E-02
 9.59739392E-01 -4.16171479E-02
 9.29338285E-01 -3.03397413E-02
 9.09804062E-01  1.49443561E-02
 9.20027552E-01  8.51614582E-02
 9.85353175E-01  1.50278536E-01
 1.08575647E+00  1.89551146E-01
 1.17142370E+00  1.72126530E-01
 1.23243460E+00  9.24503922E-02
 1.25653476E+00 -2.24070935E-02
 1.16571021E+00 -1.52041318E-01
 9.15958537E-01 -2.68986608E-01
 6.54973782E-01 -3.29228821E-01
 5.83889671E-01 -3.08562316E-01
 6.57834454E-01 -2.34607321E-01
 7.22014745E-01 -1.58956278E-01
 7.82117167E-01 -8.89766723E-02
 8.65474593E-01 -1.24369665E-02
 9.46541440E-01  4.54949636E-02
 1.04976056E+00  6.41042153E-02
 1.15924687E+00  5.65645635E-02
 1.20862392E+00  3.90000191E-02
 1.20367889E+00  2.33330461E-02
 1.18125708E+00  2.18005103E-02
 1.16199627E+00  2.98417962E-02
 1.17227123E+00  2.87004201E-02
 1.18567499E+00  1.28798729E-02
 1.14354912E+00 -1.37575770E-02
 1.07990259E+00 -4.76860936E-02
 1.06195944E+00 -7.43926551E-02
 1.06272238E+00 -7.39587336E-02
 1.04024770E+00 -4.09395114E-02
 1.02577783E+00 -9.44836216E-03
 1.04732198E+00 -2.32777773E-02
 1.07381395E+00 -5.07684606E-02
 1.07221289E+00 -3.23822999E-02
 1.05063390E+00  1.75752498E-03
 1.03197533E+00  1.56514823E-03
 1.04557289E+00  3.12683670E-03
 1.11415741E+00  4.85597937E-02
 1.17390201E+00  1.04135756E-01
 1.12894540E+00  1.25696775E-01
 1.02677175E+00  1.12064853E-01
 9.75777853E-01  7.18970925E-02
 9.66020593E-01  2.47723971E-02
 9.59732185E-01  1.00493339E-02
 9.69810459E-01  3.39530017E-02
 9.87384665E-01  7.15591512E-02
 1.00772502E+00  1.08091876E-01
 1.05450968E+00  1.27721803E-01
 1.11737470E+00  1.28231771E-01
 1.16884257E+00  1.26958617E-01
 1.20563588E+00  1.13583028E-01
 1.22510569E+00  6.86660300E-02
 1.22045651E+00  8.08395112E-03
 1.19621692E+00 -4.23170276E-02
 1.16014971E+00 -6.55642754E-02
 1.11911352E+00 -5.04843247E-02
 1.08104707E+00 -2.36446600E-02
 1.05280359E+00 -2.94639855E-02
 1.04315417E+00 -4.87813936E-02
 1.05836428E+00 -3.77860661E-02
 1.09117199E+00 -2.12923799E-02
 1.12597402E+00 -3.47360720E-02
 1.15021607E+00 -4.89026304E-02
 1.15570947E+00 -3.18306442E-02
 1.14620984E+00 -5.56208809E-03
 1.13689167E+00  1.98271535E-03
 1.13461074E+00 -1.10436498E-03
 1.13868776E+00 -2.66248396E-03
 1.14679972E+00 -6.02173422E-03
 1.15035578E+00 -9.09475405E-03
 1.14733112E+00 -6.27531446E-03
 1.14359023E+00  4.09253457E-04
 1.14048572E+00  7.59142409E-03
 1.13945348E+00  1.22666884E-02
 1.14098251E+00  1.20810908E-02
 1.14083812E+00  8.00792056E-03
 1.13765188E+00  3.64989481E-03
 1.13221999E+00  4.35169733E-03
 1.12457316E+00  1.32459936E-02
 1.11754256E+00  2.94401152E-02
 1.11658486E+00  4.84962072E-02
 1.12708103E+00  6.25373137E-02
 1.15154062E+00  6.57337715E-02
 1.18632961E+00  5.58855965E-02
 1.21744728E+00  3.30463181E-02
 1.22459455E+00  1.30832265E-03
 1.19551269E+00 -3.42420777E-02
 1.13118421E+00 -6.70657875E-02
 1.05168705E+00 -8.40514602E-02
 9.92993282E-01 -7.12609913E-02
 9.79364254E-01 -2.35524664E-02
 1.01640639E+00  4.92907542E-02
 1.08877068E+00  1.09709936E-01
 1.15924451E+00  1.14312518E-01
 1.20368891E+00  7.62951648E-02
 1.21683975E+00  4.16130547E-02
 1.20289199E+00  1.65006103E-02
 1.18253476E+00 -3.91358925E-03
 1.16586563E+00 -9.01608306E-03
 1.14885224E+00 -3.64199363E-03
 1.13586467E+00  5.26627590E-03
 1.12912545E+00  1.90570926E-02
 1.13277919E+00  2.85886246E-02
 1.15544985E+00  2.41240183E-02
 1.18566488E+00  7.83250880E-03
 1.20023939E+00 -1.27615614E-02
 1.18602215E+00 -2.71275358E-02
 1.13907621E+00 -2.50337788E-02
 1.07841169E+00 -1.24933996E-02
 1.04280768E+00 -5.20523491E-03
 1.05199705E+00 -1.07315840E-03
 1.10206476E+00  8.69647415E-03
 1.16445468E+00  1.84355272E-02
 1.19427455E+00  2.18327812E-02
 1.19595091E+00  1.79762294E-02
 1.20308678E+00  4.56128694E-03
 1.19711901E+00 -1.40476309E-02
 1.15409919E+00 -2.68607762E-02
 1.10531446E+00 -2.76226764E-02
 1.08397451E+00 -1.49773668E-02
 1.08131049E+00  5.62562783E-03
 1.08316812E+00  2.13944470E-02
 1.10163088E+00  2.49138256E-02
 1.14305767E+00  1.59131177E-02
 1.17781146E+00 -7.44240699E-04
 1.17693289E+00 -1.34646498E-02
 1.16002697E+00 -1.58190551E-02
 1.15920642E+00 -9.00980920E-03
 1.15559389E+00  3.24782776E-03
 1.12294147E+00  1.25041586E-02
 1.09575576E+00  1.41664983E-02
 1.11449924E+00  1.02729561E-02
 1.15457039E+00  3.27382013E-03
 1.17534582E+00 -1.93000117E-03
 1.17823042E+00 -2.50920388E-03
 1.17236277E+00 -3.47744753E-04
 1.15634382E+00  3.23058265E-03
 1.14190657E+00  6.16072679E-03
 1.13823719E+00  7.06412712E-03
 1.14129721E+00  7.25984272E-03
 1.14772383E+00  7.27962113E-03
 1.15211219E+00  7.42929750E-03
 1.15163526E+00  7.99664496E-03
 1.15025749E+00  8.01312425E-03
 1.14975305E+00  7.09443485E-03
 1.15156244E+00  5.39295991E-03
 1.15659409E+00  2.92338526E-03
 1.16179971E+00  2.70821718E-04
 1.16473556E+00 -1.97907417E-03
 1.16369071E+00 -3.45363040E-03
 1.15726024E+00 -3.61615154E-03
 1.14684906E+00 -2.14868680E-03
 1.13606270E+00  8.89843391E-04
 1.12957718E+00  5.15202178E-03
 1.13084233E+00  9.93746354E-03
 1.14017786E+00  1.41015349E-02
 1.15363598E+00  1.59428907E-02
 1.16389299E+00  1.36748712E-02
 1.16599599E+00  6.41535240E-03
 1.15880629E+00 -4.99008465E-03
 1.14511067E+00 -1.67138049E-02
 1.13203435E+00 -2.29701075E-02
 1.12421046E+00 -1.98900157E-02
 1.12287554E+00 -6.96518833E-03
 1.12868298E+00  1.11050397E-02
 1.13953054E+00  2.51779874E-02
 1.15380622E+00  2.90639022E-02
 1.17031579E+00  2.10428008E-02
 1.18242528E+00  4.10748735E-03
 1.18152649E+00 -1.33601988E-02
 1.16231219E+00 -2.59219646E-02
 1.12449216E+00 -3.20428367E-02
 1.07992708E+00 -3.06188240E-02
 1.04952548E+00 -2.35083136E-02
 1.04729432E+00 -1.13842922E-02
 1.07718069E+00  6.36255819E-03
 1.12875561E+00  2.47991925E-02
 1.17723543E+00  3.66867544E-02
 1.20572677E+00  3.65756378E-02
 1.20799144E+00  2.13486057E-02
 1.18413596E+00 -3.23771344E-03
 1.14650489E+00 -2.43897739E-02
 1.10490800E+00 -3.39230917E-02
 1.06738929E+00 -2.90591631E-02
 1.05728900E+00 -1.41029533E-02
 1.08989429E+00 -1.27794520E-03
 1.13659363E+00  2.98479233E-03
 1.15499188E+00 -7.38796453E-04
 1.15141807E+00 -9.39911075E-03
 1.15302027E+00 -1.47113796E-02
 1.15271418E+00 -1.28984148E-02
 1.14017729E+00 -6.80240439E-03
 1.11956606E+00  1.54503777E-03
 1.09155317E+00  8.13468823E-03
 1.07688093E+00  1.05727204E-02
 1.10495788E+00  1.06578733E-02
 1.15640212E+00  8.31417532E-03
 1.18874004E+00  3.28873539E-03
 1.19557566E+00 -3.83236741E-03
 1.18319429E+00 -1.32543014E-02
 1.15284067E+00 -2.23724419E-02
 1.12131801E+00 -2.66339144E-02
 1.10161059E+00 -2.34249251E-02
 1.09306044E+00 -1.21252526E-02
 1.09627374E+00  3.67883941E-03
 1.10799927E+00  1.65705626E-02
 1.12666787E+00  2.14899664E-02
 1.15478358E+00  1.66654908E-02
 1.18387875E+00  4.20828157E-03
 1.20033827E+00 -9.27141281E-03
 1.19487407E+00 -1.94695048E-02
 1.16239933E+00 -2.49914367E-02
 1.11400916E+00 -2.47520656E-02
 1.07419396E+00 -2.00672623E-02
 1.05876574E+00 -1.12645107E-02
 1.07346471E+00  2.20463596E-03
 1.11121459E+00  1.61513302E-02
 1.14977129E+00  2.43990894E-02
 1.17571285E+00  2.24131201E-02
 1.18592720E+00  7.87832267E-03
 1.17812879E+00 -1.38597988E-02
 1.15820658E+00 -3.13833108E-02
 1.12889010E+00 -3.73352740E-02
 1.08950498E+00 -2.92255402E-02
 1.05428158E+00 -1.08061963E-02
 1.04249973E+00  7.06607069E-03
 1.06513855E+00  1.80602585E-02
 1.12182632E+00  2.12877341E-02
 1.18143857E+00  1.71006530E-02
 1.20089279E+00  1.00769058E-02
 1.18845205E+00  2.16841201E-03
 1.17678560E+00 -8.18129620E-03
 1.15114178E+00 -1.83100509E-02
 1.09494420E+00 -2.47171307E-02
 1.04910503E+00 -2.44595707E-02
 1.05459651E+00 -1.44815798E-02
 1.09029430E+00  1.45951733E-03
 1.11768089E+00  1.46368195E-02
 1.13899974E+00  1.95929733E-02
 1.16340387E+00  1.38857717E-02
 1.17825487E+00  4.64221140E-04
 1.17806046E+00 -1.17754535E-02
 1.16318454E+00 -1.79997416E-02
 1.13258519E+00 -1.77947911E-02
 1.10808695E+00 -1.22751373E-02
 1.11524968E+00 -6.36803589E-03
 1.13207323E+00 -2.25760626E-03
 1.12293100E+00  1.55458134E-03
 1.11274761E+00  4.53821449E-03
 1.13958393E+00  6.57746888E-03
 1.17246884E+00  7.09814310E-03
 1.16893976E+00  3.92128226E-03
 1.14983171E+00 -1.72468379E-03
 1.14659080E+00 -6.50160144E-03
 1.15006661E+00 -8.40747212E-03
 1.14921754E+00 -5.92539712E-03
 1.14901164E+00 -9.57470727E-05
 1.14663467E+00  5.33046188E-03
 1.13808572E+00  8.48003999E-03
 1.12812020E+00  9.10239725E-03
 1.12116706E+00  7.67945706E-03
 1.12106339E+00  6.41543560E-03
 1.13033990E+00  6.10238963E-03
 1.14670756E+00  5.77088742E-03
 1.16483115E+00  4.93256694E-03
 1.17728173E+00  2.70650771E-03
 1.17841412E+00 -1.05116923E-03
 1.16751723E+00 -4.93198193E-03
 1.14986987E+00 -7.64046952E-03
 1.13566635E+00 -7.84257298E-03
 1.13166445E+00 -4.65034363E-03
 1.13900661E+00  1.31837731E-03
 1.15356468E+00  8.11591164E-03
 1.16542487E+00  1.28984866E-02
 1.16886807E+00  1.35433868E-02
 1.16400903E+00  9.63295763E-03
 1.15278838E+00  3.04194514E-03
 1.14120533E+00 -2.42071582E-03
 1.13263115E+00 -4.27676082E-03
 1.12635585E+00 -2.09557344E-03
 1.12403074E+00  2.66080031E-03
 1.12678667E+00  6.38536562E-03
 1.13535013E+00  7.05961779E-03
 1.15080813E+00  4.83721925E-03
 1.16819503E+00  4.85146494E-04
 1.17880354E+00 -3.77583331E-03
 1.17710399E+00 -6.71394159E-03
 1.16120928E+00 -8.66400751E-03
 1.13708622E+00 -9.17232565E-03
 1.11771892E+00 -8.00176771E-03
 1.11115022E+00 -4.99636035E-03
 1.11905265E+00  2.89531727E-04
 1.13661221E+00  6.37283727E-03
 1.15143118E+00  1.07289105E-02
 1.15642922E+00  1.22267917E-02
 1.15169087E+00  1.13911654E-02
 1.13985203E+00  1.20817835E-02
 1.12930018E+00  1.99736155E-02
 1.12619440E+00  3.57870947E-02
 1.13327050E+00  5.29189275E-02
 1.15835477E+00  5.48047576E-02
 1.19882611E+00  2.53854337E-02
 1.21657894E+00 -1.98479548E-02
 1.17191481E+00 -4.89210386E-02
 1.09696219E+00 -6.00164135E-02
 1.05393024E+00 -6.33337567E-02
 1.03395297E+00 -5.36627066E-02
 1.01046420E+00 -3.10363816E-02
 1.01966273E+00 -1.02016163E-03
 1.08939858E+00  3.29231852E-02
 1.17311572E+00  5.10919584E-02
 1.21291353E+00  3.20229908E-02
 1.20821366E+00 -8.17879276E-03
 1.18096529E+00 -3.57307725E-02
 1.14179108E+00 -4.26706704E-02
 1.10902432E+00 -3.21331377E-02
 1.07919468E+00 -6.45829787E-03
 1.03216160E+00  1.86920644E-02
 1.00917355E+00  3.27097832E-02
 1.06479454E+00  3.71426945E-02
 1.15812461E+00  3.26379832E-02
 1.21467642E+00  2.36962723E-02
 1.22260832E+00  1.20456694E-02
 1.19223389E+00 -5.95037941E-03
 1.14240921E+00 -2.55987150E-02
 1.11739238E+00 -3.86903118E-02
 1.11087593E+00 -3.95304677E-02
 1.08241813E+00 -2.33156222E-02
 1.05895777E+00  4.36943102E-03
 1.08048211E+00  2.91805982E-02
 1.12140907E+00  4.22681198E-02
 1.15002579E+00  3.99003591E-02
 1.17488199E+00  2.49326280E-02
 1.20171629E+00  8.78278932E-03
 1.20726675E+00 -2.61406055E-03
 1.17421970E+00 -9.27177064E-03
 1.12019876E+00 -1.08917100E-02
 1.07465248E+00 -1.08924038E-02
 1.05208133E+00 -9.79776392E-03
 1.05973200E+00 -4.15632264E-03
 1.09212026E+00  4.10297654E-03
 1.12594154E+00  1.11672991E-02
 1.14906958E+00  1.40823747E-02
 1.16154754E+00  9.33037902E-03
 1.16324835E+00 -8.07764970E-04
 1.16177242E+00 -9.33157785E-03
 1.15878026E+00 -1.25861147E-02
 1.14762500E+00 -9.35016947E-03
 1.13152487E+00 -1.43100291E-03
 1.11679760E+00  5.12964908E-03
 1.10866587E+00  7.54846741E-03
 1.11432932E+00  6.57825165E-03
 1.13048660E+00  3.14413589E-03
 1.14538494E+00  2.67511374E-04
 1.15295948E+00 -7.19422789E-04
 1.15060346E+00 -1.33800819E-03
 1.14053969E+00 -2.01406638E-03
 1.13212188E+00 -3.36120612E-03
 1.12906895E+00 -5.64384632E-03
 1.12949230E+00 -7.50084047E-03
 1.13209269E+00 -8.41833917E-03
 1.13273036E+00 -8.37338572E-03
 1.13019377E+00 -7.02998212E-03
 1.12822572E+00 -4.61892685E-03
 1.12892383E+00 -1.15643552E-03
 1.13441487E+00  3.56317448E-03
 1.14582163E+00  8.95014272E-03
 1.16040126E+00  1.37410906E-02
 1.17420900E+00  1.57588907E-02
 1.18235020E+00  1.23456034E-02
 1.18018502E+00  2.40366381E-03
 1.16556365E+00 -1.25871041E-02
 1.13904574E+00 -2.73654122E-02
 1.10433918E+00 -3.40254880E-02
 1.06688888E+00 -2.73594368E-02
 1.03445031E+00 -6.90846397E-03
 1.01961436E+00  2.09397076E-02
 1.03498494E+00  4.38775425E-02
 1.08462628E+00  5.33949581E-02
 1.15746571E+00  4.69499897E-02
 1.21576863E+00  2.82469470E-02
 1.21957001E+00  8.05130921E-03
 1.19235554E+00 -6.94250840E-03
 1.18422693E+00 -1.54929937E-02
 1.16946504E+00 -1.73117539E-02
 1.10754359E+00 -1.59888883E-02
 1.04975787E+00 -1.24260854E-02
 1.05772347E+00 -4.07634829E-03
 1.10177588E+00  6.77988963E-03
 1.13185145E+00  1.63432474E-02
 1.15354616E+00  2.10674127E-02
 1.17678444E+00  1.67327690E-02
 1.18828797E+00  5.23826385E-03
 1.18709855E+00 -6.52636326E-03
 1.17421607E+00 -1.39394388E-02
 1.14229889E+00 -1.32750859E-02
 1.09964977E+00 -2.25958602E-03
 1.06420645E+00  1.76329591E-02
 1.04830759E+00  4.55732740E-02
 1.05955810E+00  7.94508307E-02
 1.08738189E+00  1.09864322E-01
 1.10556836E+00  1.24629024E-01
 1.10058052E+00  1.15358034E-01
 1.07246935E+00  8.03461018E-02
 1.03474799E+00  3.30215761E-02
 1.01686049E+00 -2.49993326E-03
 1.03420875E+00 -1.27449700E-02
 1.08315342E+00  2.79142329E-04
 1.15020012E+00  1.34302102E-02
 1.20732090E+00 -4.95548740E-03
 1.23611889E+00 -3.94657909E-02
 1.23502735E+00 -4.87334268E-02
 1.20697713E+00 -3.69405747E-02
 1.16546971E+00 -2.38074144E-02
 1.12066919E+00 -1.00219606E-02
 1.07516482E+00 -1.42146382E-03
 1.04014485E+00  9.86763160E-03
 1.02756227E+00  4.60405438E-02
 1.04658184E+00  9.27945786E-02
 1.10270683E+00  1.18699527E-01
 1.17828122E+00  1.21806657E-01
 1.23927389E+00  1.04408072E-01
 1.26089264E+00  5.24475831E-02
 1.23027907E+00 -3.38138151E-02
 1.15832855E+00 -1.19307640E-01
 1.08000593E+00 -1.62533935E-01
 1.01751014E+00 -1.60193623E-01
 9.79482313E-01 -1.31597367E-01
 9.69914933E-01 -8.45219495E-02
 9.78561315E-01 -3.19807419E-02
 1.00434659E+00  9.70060702E-03
 1.05491054E+00  3.72663908E-02
 1.11984359E+00  4.57656836E-02
 1.18252050E+00  3.32616190E-02
 1.22630108E+00  1.55591875E-02
 1.23260128E+00  9.06781304E-03
 1.20397954E+00  6.87519754E-03
 1.16046625E+00 -6.06387691E-03
 1.11424116E+00 -2.03060563E-02
 1.07491725E+00 -1.96073145E-02
 1.04978181E+00 -8.82795206E-03
 1.03675925E+00  3.51337631E-03
 1.04109802E+00  1.46623166E-02
 1.07087760E+00  1.84312914E-02
 1.11755326E+00  1.48100657E-02
 1.16544413E+00  1.15918780E-02
 1.20000112E+00  1.04447668E-02
 1.20737361E+00  9.92875382E-03
 1.18981040E+00  9.91908446E-03
 1.16363988E+00  7.66109893E-03
 1.13711327E+00  3.25079849E-03
 1.11412159E+00  2.21800292E-04
 1.09850212E+00 -1.10510901E-03
 1.08763034E+00 -1.23627652E-03
 1.08489105E+00  1.17685226E-05
 1.09775606E+00  1.45848616E-03
 1.12121863E+00  2.98053066E-03
 1.14502950E+00  5.56675311E-03
 1.16100587E+00  8.80270344E-03
 1.16148415E+00  1.18387840E-02
 1.15029468E+00  1.39427724E-02
 1.14108633E+00  1.39206311E-02
 1.13971133E+00  1.13027363E-02
 1.14589353E+00  6.77222094E-03
 1.15512293E+00  1.86281110E-03
 1.15580083E+00 -1.12448008E-03
 1.14405477E+00 -4.59225514E-04
 1.12561420E+00  4.15799988E-03
 1.10823560E+00  1.10165376E-02
 1.10403078E+00  1.66773899E-02
 1.11940111E+00  1.86125566E-02
 1.14950086E+00  1.57615491E-02
 1.18226581E+00  8.52163939E-03
 1.19914108E+00 -6.96411867E-04
 1.18796814E+00 -9.84239841E-03
 1.14991402E+00 -1.70491862E-02
 1.09995730E+00 -1.85455790E-02
 1.06508527E+00 -1.09359720E-02
 1.06288788E+00  6.35992207E-03
 1.09496285E+00  2.91297613E-02
 1.14781400E+00  4.32582848E-02
 1.19210107E+00  3.45981199E-02
 1.20913614E+00  1.44155389E-02
 1.19642607E+00  4.39724490E-03
 1.15950455E+00 -3.61125519E-03
 1.11729027E+00 -2.40966619E-02
 1.08182812E+00 -3.62049698E-02
 1.05487533E+00 -1.68553176E-02
 1.04490872E+00  1.71475584E-02
 1.05728615E+00  3.86708361E-02
 1.09359595E+00  4.47755299E-02
 1.15044441E+00  3.82693898E-02
 1.19630782E+00  1.99521852E-02
 1.19576622E+00  1.37871533E-03
 1.16889733E+00 -8.98479914E-03
 1.15629284E+00 -1.17444016E-02
 1.13861464E+00 -8.06599339E-03
 1.08764237E+00 -2.54264751E-03
 1.04909027E+00  2.86050434E-03
 1.07424758E+00  1.06472223E-02
 1.13194429E+00  1.85038504E-02
 1.16870992E+00  2.27788314E-02
 1.18280375E+00  2.08702288E-02
 1.18246805E+00  9.97184934E-03
 1.16272577E+00 -5.65592996E-03
 1.13598825E+00 -1.64701195E-02
 1.11245548E+00 -1.69182881E-02
 1.08879892E+00 -5.28086719E-03
 1.07022851E+00  1.38331148E-02
 1.06360810E+00  2.91023178E-02
 1.07423067E+00  3.40501274E-02
 1.10771806E+00  2.80765500E-02
 1.15225862E+00  1.41434691E-02
 1.18413846E+00  8.06111049E-04
 1.18855869E+00 -7.07600803E-03
 1.15999747E+00 -9.94493986E-03
 1.11099719E+00 -8.00826546E-03
 1.07172829E+00 -3.96001999E-03
 1.05980078E+00  1.00539163E-03
 1.07757398E+00  8.56252548E-03
 1.11578844E+00  1.67495010E-02
 1.14921819E+00  2.23091553E-02
 1.16410547E+00  2.28447688E-02
 1.16241573E+00  1.60443193E-02
 1.14825984E+00  4.56354922E-03
 1.13460898E+00 -5.01182033E-03
 1.12780821E+00 -8.73493292E-03
 1.12280239E+00 -5.11784038E-03
 1.11989666E+00  3.58981208E-03
 1.11887199E+00  1.08454770E-02
 1.12024933E+00  1.32591786E-02
 1.12937695E+00  1.10526160E-02
 1.14354729E+00  5.77856302E-03
 1.15483017E+00  1.84430413E-03
 1.15858447E+00  1.32926891E-03
 1.15096592E+00  2.89991939E-03
 1.13419370E+00  5.61635191E-03
 1.11716942E+00  7.48702699E-03
 1.10484154E+00  7.49172047E-03
 1.09916158E+00  6.93631553E-03
 1.10118842E+00  6.32810543E-03
 1.10814302E+00  6.11289324E-03
 1.11924109E+00  6.70192401E-03
 1.13545842E+00  7.36612311E-03
 1.15311597E+00  7.83457333E-03
 1.16706549E+00  8.19027827E-03
 1.17280401E+00  8.28120658E-03
 1.16642613E+00  8.32405372E-03
 1.15048396E+00  8.42679089E-03
 1.13273594E+00  8.45176780E-03
 1.11840814E+00  8.41638992E-03
 1.11069872E+00  8.28698496E-03
 1.11008285E+00  8.01544361E-03
 1.11281173E+00  7.65817134E-03
 1.11782565E+00  7.23272583E-03
 1.12610709E+00  6.75317670E-03
 1.13573582E+00  6.27039624E-03
 1.14469937E+00  5.82129789E-03
 1.15023838E+00  5.44829945E-03
 1.14872408E+00  5.19843427E-03
 1.14145023E+00  5.09378571E-03
 1.13303141E+00  5.13757306E-03
 1.12629492E+00  5.32028133E-03
 1.12320562E+00  5.60652033E-03
 1.12334973E+00  5.92743195E-03
 1.12329815E+00  6.19191120E-03
 1.12227868E+00  6.30363055E-03
 1.12169715E+00  6.17905266E-03
 1.12240369E+00  5.78149875E-03
 1.12616160E+00  5.12659977E-03
 1.13300172E+00  4.25369513E-03
 1.14027568E+00  3.24603223E-03
 1.14545918E+00  2.25742037E-03
 1.14579758E+00  1.48228808E-03
 1.13957315E+00  1.12598490E-03
 1.12813017E+00  1.36569092E-03
 1.11589178E+00  2.26243564E-03
 1.10934537E+00  3.75451150E-03
 1.11311348E+00  5.72587230E-03
 1.12778916E+00  7.96078103E-03
 1.14829242E+00  1.00947532E-02
 1.16477439E+00  1.16874155E-02
 1.17058337E+00  1.22913782E-02
 1.16399596E+00  1.15526239E-02
 1.14813119E+00  9.42179801E-03
 1.13162141E+00  6.17886339E-03
 1.11954617E+00  2.29252072E-03
 1.11219474E+00 -1.46137688E-03
 1.10889043E+00 -3.87301412E-03
 1.10594594E+00 -3.67281564E-03
 1.10259983E+00 -1.35478477E-04
 1.10233731E+00  6.36172662E-03
 1.10703462E+00  1.34186790E-02
 1.11857637E+00  1.72875830E-02
 1.13696556E+00  1.54214419E-02
 1.15801330E+00  7.35430804E-03
 1.17683073E+00 -4.13204789E-03
 1.18793252E+00 -1.34383006E-02
 1.18659394E+00 -1.68506995E-02
 1.17173414E+00 -1.34219710E-02
 1.14648971E+00 -4.94777540E-03
 1.11753681E+00  3.61554288E-03
 1.09117844E+00  9.38704897E-03
 1.07203035E+00  1.22740541E-02
 1.06284233E+00  1.28402895E-02
 1.06350573E+00  1.34591089E-02
 1.07478465E+00  1.48195415E-02
 1.09729085E+00  1.51448285E-02
 1.12675274E+00  1.34745195E-02
 1.15629547E+00  8.70455862E-03
 1.17815292E+00  7.51997963E-04
 1.18425934E+00 -8.18132498E-03
 1.17170373E+00 -1.57100357E-02
 1.14334765E+00 -1.92518074E-02
 1.10421723E+00 -1.67285009E-02
 1.06518150E+00 -8.14794648E-03
 1.04689025E+00  4.26261379E-03
 1.06377057E+00  1.65326729E-02
 1.09432214E+00  2.51697969E-02
 1.10530187E+00  2.81336788E-02
 1.11445567E+00  2.52186174E-02
 1.15387372E+00  1.83517696E-02
 1.19220483E+00  8.84443727E-03
 1.18629400E+00 -2.39783859E-03
 1.15456610E+00 -1.28318709E-02
 1.12830936E+00 -1.97426374E-02
 1.10442194E+00 -2.04352593E-02
 1.08092159E+00 -1.29664820E-02
 1.06916316E+00  4.81434123E-05
 1.07132981E+00  1.27634358E-02
 1.08776764E+00  2.07784983E-02
 1.12063393E+00  2.13495588E-02
 1.15860314E+00  1.51238254E-02
 1.18308641E+00  6.58404685E-03
 1.18253723E+00 -1.83002300E-03
 1.15568258E+00 -9.29260523E-03
 1.12447318E+00 -1.38407165E-02
 1.11845573E+00 -1.46014088E-02
 1.11971148E+00 -1.01323335E-02
 1.09304040E+00  1.08180739E-03
 1.06669744E+00  1.53432880E-02
 1.08321842E+00  2.60018859E-02
 1.11842795E+00  2.83707328E-02
 1.13622601E+00  2.00344726E-02
 1.14909430E+00  4.39662773E-03
 1.17108942E+00 -9.82438801E-03
 1.18326530E+00 -1.73870627E-02
 1.17042257E+00 -1.68736105E-02
 1.14155691E+00 -9.76995756E-03
 1.10870557E+00 -1.46766895E-03
 1.07723510E+00  7.35464970E-03
 1.05499211E+00  2.22004296E-02
 1.04947284E+00  5.11437363E-02
 1.06219492E+00  9.74862692E-02
 1.09461557E+00  1.35384979E-01
 1.14386895E+00  1.25306253E-01
 1.19135150E+00  6.43203218E-02
 1.21119161E+00 -2.08974417E-02
 1.18659081E+00 -8.84472140E-02
 1.11636954E+00 -9.11217401E-02
 1.03046921E+00 -4.91071237E-02
 9.81255499E-01 -2.18749007E-02
 9.97747251E-01  1.26033566E-02
 1.07461912E+00  9.01696114E-02
 1.16185254E+00  1.38737549E-01
 1.18434756E+00  8.26982178E-02
 1.14519124E+00 -2.19627778E-02
 1.10084555E+00 -8.29749393E-02
 1.05663976E+00 -1.01952156E-01
 1.01183171E+00 -1.03709647E-01
 9.83981652E-01 -7.54526855E-02
 9.69563191E-01 -2.73546619E-02
 9.81251769E-01  1.52708951E-02
 1.04170967E+00  4.52168120E-02
 1.12467209E+00  5.39220362E-02
 1.18522828E+00  3.75701160E-02
 1.20942729E+00  1.07133221E-02
 1.19825544E+00 -8.15484937E-03
 1.16774073E+00 -1.52376340E-02
 1.14814464E+00 -1.66946501E-02
 1.12494855E+00 -1.47840748E-02
 1.06569600E+00 -1.21794685E-02
 1.01441263E+00 -6.23663208E-03
 1.03174779E+00  1.12448695E-02
 1.08906405E+00  3.04188445E-02
 1.13222079E+00  3.45751971E-02
 1.16032068E+00  2.86189305E-02
 1.17786205E+00  2.28847950E-02
 1.17524301E+00  1.23478556E-02
 1.16131998E+00 -6.94252902E-03
 1.14241154E+00 -2.47709785E-02
 1.11400965E+00 -3.13533932E-02
 1.08481370E+00 -2.94413812E-02
 1.06759201E+00 -2.50222048E-02
 1.07102160E+00 -1.76725351E-02
 1.09938722E+00 -6.97415979E-03
 1.13202478E+00  4.02269210E-03
 1.14023002E+00  1.34342523E-02
 1.13954737E+00  1.84903397E-02
 1.15973857E+00  1.57144266E-02
 1.17544567E+00  7.36298179E-03
 1.15108656E+00 -7.22212671E-04
 1.11120604E+00 -4.77123382E-03
 1.09147453E+00 -2.42614772E-03
 1.08241032E+00  5.15325682E-03
 1.07108960E+00  1.27407275E-02
 1.07477020E+00  1.78861666E-02
 1.10565237E+00  2.04509270E-02
 1.14893516E+00  1.96984700E-02
 1.18508417E+00  1.64984749E-02
 1.20384006E+00  1.07076759E-02
 1.19821066E+00  1.04971094E-03
 1.17218278E+00 -1.00998274E-02
 1.14285112E+00 -1.86732441E-02
 1.11992650E+00 -2.17724770E-02
 1.10570751E+00 -1.73938021E-02
 1.10156399E+00 -7.59229533E-03
 1.10239465E+00  2.02882204E-03
 1.10726795E+00  8.22168280E-03
 1.11963660E+00  1.01047792E-02
 1.13345990E+00  9.07784898E-03
 1.14029110E+00  9.57940670E-03
 1.13636819E+00  1.33582454E-02
 1.12336824E+00  1.88470685E-02
 1.12177633E+00  2.36452399E-02
 1.15241522E+00  2.35581863E-02
 1.18414571E+00  1.67363636E-02
 1.17048902E+00  5.25723519E-03
 1.14053223E+00 -7.22028401E-03
 1.14530649E+00 -1.51528081E-02
 1.15657382E+00 -1.48017747E-02
 1.13227950E+00 -6.45029180E-03
 1.09895542E+00  6.39272247E-03
 1.09063656E+00  1.71645375E-02
 1.09939414E+00  2.12767206E-02
 1.11613657E+00  1.80206842E-02
 1.14236373E+00  9.89697919E-03
 1.16779915E+00  2.89643910E-03
 1.18071801E+00  5.07677074E-04
 1.17885597E+00  2.45756837E-03
 1.16610863E+00  7.17042156E-03
 1.15171941E+00  1.06385767E-02
 1.14121618E+00  1.09967823E-02
 1.13494752E+00  9.66383601E-03
 1.13271167E+00  7.57222196E-03
 1.13118558E+00  6.47101587E-03
 1.12995036E+00  7.21056531E-03
 1.13253619E+00  8.43405180E-03
 1.13865033E+00  9.65473415E-03
 1.14678870E+00  1.05782251E-02
 1.15508389E+00  1.08278817E-02
 1.15957397E+00  1.10464749E-02
 1.15940426E+00  1.14772681E-02
 1.15634381E+00  1.19796243E-02
 1.15074656E+00  1.26749732E-02
 1.14351670E+00  1.33724077E-02
 1.13636792E+00  1.38624438E-02
 1.13037886E+00  1.41092851E-02
 1.12752060E+00  1.39708290E-02
 1.12966615E+00  1.33669038E-02
 1.13565990E+00  1.23065210E-02
 1.14261907E+00  1.08023577E-02
 1.14843087E+00  8.91518354E-03
 1.15157510E+00  6.76456226E-03
 1.15228737E+00  4.57211963E-03
 1.15268279E+00  2.64298104E-03
 1.15318562E+00  1.28686420E-03
 1.15282183E+00  7.74987220E-04
 1.15081913E+00  1.23079031E-03
 1.14579968E+00  2.60564154E-03
 1.13781569E+00  4.78016262E-03
 1.12901108E+00  7.49668542E-03
 1.12186370E+00  1.02705114E-02
 1.11934240E+00  1.24924523E-02
 1.12352812E+00  1.35312064E-02
 1.13408018E+00  1.28588133E-02
 1.14808539E+00  1.03312792E-02
 1.16053549E+00  6.21965786E-03
 1.16727420E+00  1.00392923E-03
 1.16625475E+00 -4.47132826E-03
 1.15812241E+00 -8.82177717E-03
 1.14647369E+00 -1.04937533E-02
 1.13403702E+00 -8.28863389E-03
 1.12265580E+00 -1.89529913E-03
 1.11536121E+00  7.15317892E-03
 1.11454129E+00  1.58895347E-02
 1.12241186E+00  2.18525263E-02
 1.14000417E+00  2.34827887E-02
 1.16223614E+00  2.06900597E-02
 1.18012522E+00  1.51231983E-02
 1.18684269E+00  7.89820347E-03
 1.17869477E+00 -1.69105043E-04
 1.15884092E+00 -7.15933921E-03
 1.13708272E+00 -1.11883038E-02
 1.12000009E+00 -1.03837029E-02
 1.11086625E+00 -3.46355597E-03
 1.11176345E+00  7.42479977E-03
 1.12062169E+00  1.77475369E-02
 1.13685215E+00  2.39743060E-02
 1.16040586E+00  2.37829427E-02
 1.18356734E+00  1.74866855E-02
 1.19551020E+00  8.40716164E-03
 1.18803370E+00 -1.37212903E-03
 1.15707850E+00 -1.05269998E-02
 1.11164180E+00 -1.63265788E-02
 1.07122988E+00 -1.66334265E-02
 1.04945696E+00 -9.55546745E-03
 1.05287268E+00  5.59912106E-03
 1.07907720E+00  2.36113362E-02
 1.11426949E+00  3.56345922E-02
 1.14993707E+00  3.55509347E-02
 1.18265351E+00  2.11194216E-02
 1.20465838E+00 -2.40737511E-03
 1.21075833E+00 -2.29586160E-02
 1.19524149E+00 -3.27358093E-02
 1.15341081E+00 -2.92978278E-02
 1.09787037E+00 -1.45995819E-02
 1.05189083E+00  3.09856998E-03
 1.03272723E+00  1.90650984E-02
 1.05021659E+00  3.27989170E-02
 1.09594269E+00  4.17072125E-02
 1.14401714E+00  4.47478957E-02
 1.17857205E+00  3.99893827E-02
 1.19404870E+00  2.43147617E-02
 1.19027209E+00  1.96550446E-03
 1.17885903E+00 -1.84251797E-02
 1.16368595E+00 -3.03102859E-02
 1.14076332E+00 -2.88353730E-02
 1.11653430E+00 -1.58599680E-02
 1.09893944E+00  5.73563566E-05
 1.09580421E+00  1.38813893E-02
 1.11600610E+00  2.32998926E-02
 1.15151515E+00  2.63494960E-02
 1.18228693E+00  2.44815528E-02
 1.19589893E+00  1.71418212E-02
 1.18606671E+00  2.54283136E-03
 1.15801359E+00 -1.45845855E-02
 1.13040219E+00 -2.67950963E-02
 1.11280245E+00 -2.84336317E-02
 1.10583822E+00 -1.59984402E-02
 1.10956508E+00  5.12585562E-03
 1.11717810E+00  2.24069547E-02
 1.12636182E+00  2.83919547E-02
 1.14063544E+00  2.11561131E-02
 1.15505383E+00  5.08291416E-03
 1.16245816E+00 -7.91896570E-03
 1.15811618E+00 -1.15922463E-02
 1.13857835E+00 -6.63749650E-03
 1.11322484E+00  4.30225237E-03
 1.10067212E+00  1.36792587E-02
 1.11113315E+00  1.74133194E-02
 1.14524578E+00  1.69067904E-02
 1.18928891E+00  1.16893641E-02
 1.21590313E+00  2.68718143E-03
 1.20931001E+00 -8.77721374E-03
 1.16969670E+00 -2.22412532E-02
 1.11151035E+00 -3.10197477E-02
 1.06522523E+00 -2.57971464E-02
 1.04987642E+00 -3.18187097E-03
 1.06685906E+00  3.23703207E-02
 1.10758536E+00  6.13567155E-02
 1.14896634E+00  6.00315225E-02
 1.17639584E+00  3.59176624E-02
 1.18894476E+00  1.40495552E-02
 1.18504366E+00 -4.57433900E-03
 1.16969499E+00 -2.44399954E-02
 1.14497539E+00 -3.56722199E-02
 1.10760520E+00 -3.39763502E-02
 1.06799694E+00 -2.06914389E-02
 1.04265463E+00  2.97041356E-03
 1.04367374E+00  2.39794594E-02
 1.07883959E+00  2.67086266E-02
 1.13566242E+00  1.77663985E-02
 1.18514410E+00  1.36445662E-02
 1.20887257E+00  1.22909049E-02
 1.20006255E+00  6.44030902E-03
 1.16700826E+00 -1.04049011E-04
 1.13572889E+00 -5.27507445E-03
 1.12000683E+00 -8.63787776E-03
 1.11936329E+00 -5.93713912E-03
 1.13033650E+00  1.79094509E-03
 1.13937352E+00  9.18107252E-03
 1.14120636E+00  1.33690045E-02
 1.14244573E+00  1.23607033E-02
 1.14364699E+00  7.28376711E-03
 1.14603118E+00  3.14853181E-03
 1.14940821E+00  1.93369551E-03
 1.14765010E+00  3.05885892E-03
 1.14224599E+00  5.70528537E-03
 1.13929702E+00  7.07925900E-03
 1.14111987E+00  6.11359419E-03
 1.14940302E+00  4.23562380E-03
 1.16042917E+00  2.03810740E-03
 1.16483263E+00  4.83974126E-04
 1.15845690E+00  2.38364873E-04
 1.14230457E+00  5.26727066E-04
 1.12175944E+00  1.15022106E-03
 1.10777747E+00  2.13629429E-03
 1.10684263E+00  3.23103336E-03
 1.11858795E+00  4.61379906E-03
 1.13804706E+00  6.16416347E-03
 1.15461489E+00  7.40692960E-03
 1.16159962E+00  8.05819156E-03
 1.15908578E+00  7.81292108E-03
 1.15076032E+00  6.56592783E-03
 1.14511918E+00  4.57300780E-03
 1.14669487E+00  2.15719063E-03
 1.15353218E+00 -1.55520003E-04
 1.16182886E+00 -1.49343106E-03
 1.16459618E+00 -9.64634367E-04
 1.15858464E+00  1.95748080E-03
 1.14711814E+00  7.04967778E-03
 1.13558069E+00  1.26613417E-02
 1.13198426E+00  1.61611072E-02
 1.14084400E+00  1.56438752E-02
 1.15948486E+00  1.04729954E-02
 1.18017456E+00  2.01524067E-03
 1.19072888E+00 -6.45067444E-03
 1.18315827E+00 -1.24678959E-02
 1.15781039E+00 -1.46886925E-02
 1.12315095E+00 -1.24297934E-02
 1.09525051E+00 -6.47706841E-03
 1.08512280E+00  2.64523540E-03
 1.09514236E+00  1.43501771E-02
 1.12094885E+00  2.55667685E-02
 1.14976299E+00  3.22394215E-02
 1.17297323E+00  3.11772588E-02
 1.18805871E+00  2.08187026E-02
 1.19130697E+00  4.42462402E-03
 1.18238061E+00 -1.09230346E-02
 1.16012557E+00 -2.01280524E-02
 1.12270094E+00 -2.06232521E-02
 1.07968104E+00 -1.33072366E-02
 1.04691468E+00 -3.26236448E-03
 1.03657612E+00  6.64803030E-03
 1.05611675E+00  1.57485597E-02
 1.09829553E+00  2.22853803E-02
 1.14275320E+00  2.56814256E-02
 1.17600549E+00  2.43958745E-02
 1.19171795E+00  1.60667997E-02
 1.18975034E+00  3.03285722E-03
 1.18019240E+00 -9.63909339E-03
 1.16670305E+00 -1.78922283E-02
 1.14689473E+00 -1.82717941E-02
 1.12513807E+00 -1.10642210E-02
 1.10586203E+00 -4.60035655E-04
 1.09527468E+00  1.11738609E-02
 1.10218212E+00  2.23149530E-02
 1.12372149E+00  3.02373127E-02
 1.14902291E+00  3.32681120E-02
 1.17078103E+00  2.92170803E-02
 1.18265936E+00  1.63397931E-02
 1.18313915E+00 -1.40923892E-03
 1.17765392E+00 -1.66857807E-02
 1.16706855E+00 -2.39970537E-02
 1.15013256E+00 -2.01332298E-02
 1.13110542E+00 -7.58958278E-03
 1.11475425E+00  5.63322160E-03
 1.10657602E+00  1.46789366E-02
 1.11236954E+00  1.77660138E-02
 1.12881482E+00  1.42811452E-02
 1.14626271E+00  7.36585609E-03
 1.15876985E+00 -8.87702684E-04
 1.16303205E+00 -8.77376417E-03
 1.16045137E+00 -8.15440276E-03
 1.15834946E+00  5.90150773E-03
 1.15899917E+00  1.84624603E-02
 1.15993049E+00  1.11245468E-02
 1.15913347E+00 -2.55605834E-03
 1.15241250E+00  1.33340347E-03
 1.13913628E+00  1.07340001E-02
 1.12426943E+00  4.96599997E-03
 1.11291611E+00 -5.47589141E-03
 1.11109218E+00 -6.48711527E-03
 1.12252852E+00 -2.66677420E-03
 1.14478608E+00  2.03524031E-03
 1.16988237E+00  8.40341387E-03
 1.18590047E+00  1.21997890E-02
 1.18454594E+00  9.66570288E-03
 1.16532703E+00  2.01636361E-03
 1.13795358E+00 -5.64871943E-03
 1.12029231E+00 -5.94629573E-03
 1.12274266E+00  3.29125068E-03
 1.14403246E+00  1.60045825E-02
 1.17057420E+00  1.66117446E-02
 1.17767321E+00 -8.91356359E-03
 1.15275762E+00 -3.96537759E-02
 1.10160687E+00 -3.95530400E-02
 1.04625773E+00 -1.69136053E-02
 1.02324925E+00  1.17055342E-03
 1.05100663E+00  1.57964661E-02
 1.11849644E+00  2.78770237E-02
 1.18619444E+00  2.55966542E-02
 1.20231068E+00  8.73209947E-03
 1.17780166E+00 -1.23589718E-02
 1.16346260E+00 -2.73517097E-02
 1.15400893E+00 -3.21317516E-02
 1.13002842E+00 -2.85092136E-02
 1.10597388E+00 -1.91391201E-02
 1.08798138E+00 -7.88753100E-03
 1.07980696E+00  7.56183658E-03
 1.09458910E+00  3.16366562E-02
 1.12042474E+00  4.92978143E-02
 1.13445783E+00  4.12680469E-02
 1.14360473E+00  1.77659503E-02
 1.16208273E+00  1.44851059E-04
 1.17707186E+00 -1.01631967E-02
 1.17348187E+00 -1.63057147E-02
 1.15895612E+00 -1.58077860E-02
 1.14473542E+00 -1.28325866E-02
 1.13408749E+00 -1.05047225E-02
 1.13141796E+00 -6.24732197E-03
 1.13717623E+00 -5.13840316E-04
 1.14450386E+00  5.50322972E-03
 1.15111229E+00  1.01335634E-02
 1.15787459E+00  9.89127106E-03
 1.16291462E+00  5.85821482E-03
 1.16567194E+00  2.24670752E-03
 1.16452091E+00  1.19862451E-03
 1.15663426E+00  4.07845566E-03
 1.14553759E+00  9.65353835E-03
 1.13819577E+00  1.35119011E-02
 1.13852399E+00  1.37971964E-02
 1.14774312E+00  1.08905216E-02
 1.16056220E+00  5.45664220E-03
 1.16592219E+00 -3.66899842E-05
 1.15812932E+00 -4.21585337E-03
 1.13801691E+00 -7.34776328E-03
 1.11265997E+00 -8.41997615E-03
 1.09597838E+00 -6.52399368E-03
 1.09630906E+00 -1.33635833E-03
 1.11353283E+00  7.19867084E-03
 1.14166460E+00  1.63527243E-02
 1.16742075E+00  2.15854353E-02
 1.18203380E+00  2.00157923E-02
 1.18432658E+00  1.09329867E-02
 1.17587629E+00 -2.39255716E-03
 1.16361551E+00 -1.31373599E-02
 1.15167050E+00 -1.68347084E-02
 1.13955231E+00 -1.23084436E-02
 1.12999760E+00 -1.82256912E-03
 1.12543594E+00  8.36510765E-03
 1.12840832E+00  1.44779985E-02
 1.14213441E+00  1.60276374E-02
 1.16180193E+00  1.32975800E-02
 1.17734283E+00  8.98193891E-03
 1.18189580E+00  4.27295055E-03
 1.17171101E+00 -1.70008179E-03
 1.15085981E+00 -7.38081321E-03
 1.13116495E+00 -1.07332639E-02
 1.11957717E+00 -1.00514563E-02
 1.11804831E+00 -3.58893853E-03
 1.12587449E+00  6.34510832E-03
 1.13684242E+00  1.44902767E-02
 1.14815511E+00  1.75123718E-02
 1.16086134E+00  1.38723486E-02
 1.17220000E+00  5.27427151E-03
 1.17943753E+00 -2.98748114E-03
 1.17976825E+00 -7.94035137E-03
 1.16972301E+00 -9.09635603E-03
 1.15302592E+00 -6.68793808E-03
 1.13825888E+00 -3.14132172E-03
 1.13099570E+00  5.26057146E-04
 1.13425420E+00  5.07370573E-03
 1.14526199E+00  9.38564128E-03
 1.15515048E+00  1.21202175E-02
 1.15939007E+00  1.20811085E-02
 1.15792846E+00  7.83934649E-03
 1.15259599E+00  1.03699594E-03
 1.14924798E+00 -4.51537591E-03
 1.15031984E+00 -6.45377907E-03
 1.15369090E+00 -3.67635249E-03
 1.15815296E+00  2.45028378E-03
 1.16126730E+00  7.88468903E-03
 1.16199286E+00  1.04259204E-02
 1.16256832E+00  9.85106811E-03
 1.16416189E+00  6.73128995E-03
 1.16762146E+00  3.44054547E-03
 1.17327161E+00  1.11936534E-03
 1.17891232E+00 -7.29854987E-04
 1.18119246E+00 -1.72084698E-03
 1.17649202E+00 -1.69219368E-03
 1.16286541E+00 -2.07426758E-04
 1.14222518E+00  3.94056466E-03
 1.12167478E+00  1.04259417E-02
 1.11167783E+00  1.77664321E-02
 1.11888063E+00  2.43392117E-02
 1.14321747E+00  2.76229543E-02
 1.17539909E+00  2.47097556E-02
 1.19846148E+00  1.37269184E-02
 1.20145451E+00 -4.63849635E-03
 1.18294428E+00 -2.48464395E-02
 1.15176538E+00 -3.33308493E-02
 1.12711269E+00 -1.81628502E-02
 1.12059197E+00  7.77197711E-03
 1.13261049E+00  1.99808478E-02
 1.15634943E+00  1.98138017E-02
 1.17540691E+00  1.96714614E-02
 1.18057763E+00  1.80269313E-02
 1.17346788E+00  1.45089897E-02
 1.15773115E+00  8.74034177E-03
 1.14298332E+00 -4.61440985E-03
 1.13471325E+00 -1.40067243E-02
 1.13091824E+00 -2.33953670E-03
 1.13270968E+00  1.91177880E-02
 1.14018577E+00  2.85325905E-02
 1.15297322E+00  2.44914470E-02
 1.17218567E+00  1.16921924E-02
 1.19092191E+00 -7.83172227E-03
 1.19766043E+00 -2.38517216E-02
 1.18570170E+00 -2.84114048E-02
 1.15376177E+00 -2.19622070E-02
 1.11277416E+00 -7.55548751E-03
 1.08402209E+00  7.71473848E-03
 1.08111917E+00  1.91718883E-02
 1.10725754E+00  2.66872879E-02
 1.15316579E+00  2.86564400E-02
 1.19598322E+00  2.47087076E-02
 1.22054639E+00  1.45298666E-02
 1.22221078E+00 -2.91296700E-03
 1.20080172E+00 -2.25377782E-02
 1.16618456E+00 -3.56449591E-02
 1.12485249E+00 -3.59216947E-02
 1.07949097E+00 -1.98247695E-02
 1.04454496E+00  8.28530493E-03
 1.03651194E+00  3.66538849E-02
 1.06500942E+00  5.67162375E-02
 1.12881897E+00  6.31614288E-02
 1.19481853E+00  5.31386080E-02
 1.21871545E+00  2.97848153E-02
 1.20748709E+00 -3.62008063E-03
 1.19466328E+00 -4.13839041E-02
 1.17550868E+00 -6.57933783E-02
 1.13894306E+00 -6.08147206E-02
 1.09632587E+00 -3.68423859E-02
 1.05578893E+00 -1.44162216E-02
 1.03504461E+00  1.29109374E-02
 1.06022113E+00  5.52411516E-02
 1.12221058E+00  8.47392896E-02
 1.18737582E+00  7.11379312E-02
 1.22945993E+00  3.17050713E-02
 1.22885480E+00 -7.11620127E-04
 1.20001756E+00 -2.14067612E-02
 1.18026168E+00 -3.18517287E-02
 1.15211029E+00 -2.82694957E-02
 1.08359602E+00 -1.85853981E-02
 1.02493493E+00 -7.38511929E-03
 1.03824957E+00  8.93774094E-03
 1.09379447E+00  2.62917668E-02
 1.13656903E+00  3.86807752E-02
 1.16829683E+00  4.04026898E-02
 1.19716863E+00  2.47664624E-02
 1.20955077E+00 -2.63985087E-03
 1.20654711E+00 -2.72563079E-02
 1.19012458E+00 -3.99053361E-02
 1.15328518E+00 -3.53460273E-02
 1.10756820E+00 -1.58439719E-02
 1.07486849E+00  6.75541818E-03
 1.07079981E+00  2.59034517E-02
 1.10508267E+00  3.93998387E-02
 1.16394073E+00  4.21771799E-02
 1.21343223E+00  3.25670796E-02
 1.23296118E+00  9.92108873E-03
 1.21580132E+00 -2.36867639E-02
 1.16940798E+00 -5.00189137E-02
 1.12059914E+00 -4.88203435E-02
 1.08424308E+00 -2.96604538E-02
 1.06158082E+00 -1.31359616E-02
 1.05682055E+00  1.15065129E-02
 1.06678633E+00  5.83398979E-02
 1.09202093E+00  9.94319578E-02
 1.13839954E+00  1.00364166E-01
 1.19353058E+00  6.62187382E-02
 1.23600340E+00  1.89258472E-02
 1.24994223E+00 -2.12163373E-02
 1.22423319E+00 -3.14588589E-02
 1.16934400E+00 -2.27207257E-02
 1.11489354E+00 -2.88451452E-02
 1.07973427E+00 -3.65737300E-02
 1.07247097E+00 -1.65462742E-02
 1.09219153E+00  1.35287248E-02
 1.12182732E+00  2.88512084E-02
 1.15155111E+00  3.02682141E-02
 1.17727724E+00  2.03709210E-02
 1.18150544E+00  9.99699316E-03
 1.15641321E+00  1.93485564E-02
 1.13011980E+00  3.78580562E-02
 1.13839782E+00  3.97180395E-02
 1.17387535E+00  3.51942866E-02
 1.20373127E+00  3.74162621E-02
 1.20872744E+00  9.90171052E-03
 1.17553416E+00 -7.63421303E-02
 1.12136143E+00 -1.56939516E-01
 1.08821957E+00 -1.47546106E-01
 1.06441846E+00 -8.19263551E-02
 1.02135149E+00 -3.67540417E-02
 1.00550393E+00  9.51276561E-04
 1.06606638E+00  5.43157480E-02
 1.14982098E+00  8.63013350E-02
 1.18119023E+00  7.59592185E-02
 1.17869555E+00  4.80703361E-02
 1.18845586E+00  2.75608983E-02
 1.20322182E+00  1.58131550E-02
 1.21423847E+00  8.28860789E-03
 1.21937192E+00  8.08235253E-03
 1.19954664E+00  1.05803452E-02
 1.17149696E+00  1.54881060E-03
 1.16856962E+00 -2.52961727E-02
 1.15835592E+00 -5.49657241E-02
 1.09830292E+00 -6.32999702E-02
 1.03689294E+00 -4.80298701E-02
 1.04337725E+00 -2.07998643E-02
 1.09868934E+00  1.14368771E-02
 1.15360621E+00  3.53427640E-02
 1.19226548E+00  3.85266350E-02
 1.19769744E+00  2.11526379E-02
 1.17812636E+00 -9.12888364E-03
 1.17250335E+00 -3.81412524E-02
 1.16329595E+00 -5.45654384E-02
 1.11072849E+00 -5.43247739E-02
 1.04579346E+00 -3.70032013E-02
 1.01620943E+00 -8.71156851E-03
 1.02614543E+00  2.47892566E-02
 1.07244288E+00  5.74708608E-02
 1.14636976E+00  7.16658041E-02
 1.21456087E+00  5.33387855E-02
 1.24984104E+00  1.86100223E-02
 1.24370094E+00 -3.92650640E-03
 1.20606657E+00 -1.14055189E-02
 1.16637336E+00 -1.36432099E-02
 1.14039978E+00 -1.31466994E-02
 1.12786325E+00 -1.52113213E-02
 1.12734013E+00 -1.21245893E-02
 1.12734038E+00  1.22917828E-02
 1.12530006E+00  3.74214916E-02
 1.13124674E+00  3.13639113E-02
 1.14477636E+00  9.45792819E-03
 1.16296924E+00  1.37167889E-03
 1.18212413E+00  3.24832055E-03
 1.19227813E+00  5.68991805E-03
 1.19230462E+00  1.06107327E-02
 1.18796153E+00  1.16745741E-02
 1.18020387E+00  3.40888441E-03
 1.16999302E+00 -9.62584339E-03
 1.15711235E+00 -2.19462280E-02
 1.13794497E+00 -2.67213043E-02
 1.11461814E+00 -1.96191575E-02
 1.09449645E+00 -2.80560712E-03
 1.08577071E+00  1.84991279E-02
 1.09769716E+00  3.59743056E-02
 1.13277134E+00  4.31472875E-02
 1.18106896E+00  3.87379396E-02
 1.21811807E+00  2.53672622E-02
 1.21903019E+00  9.80701015E-03
 1.19804792E+00 -3.15465093E-03
 1.18744127E+00 -1.22303129E-02
 1.17239281E+00 -1.65154011E-02
 1.12855306E+00 -1.72484174E-02
 1.08941021E+00 -1.42608108E-02
 1.09425993E+00 -5.73504935E-03
 1.12357715E+00  5.89791478E-03
 1.14414227E+00  1.62997299E-02
 1.15832592E+00  2.17753983E-02
 1.17224783E+00  1.90346593E-02
 1.17901409E+00  1.00894840E-02
 1.18079066E+00  1.32733495E-03
 1.17948520E+00 -3.64748278E-03
 1.16989398E+00 -3.55121617E-03
 1.15526399E+00  3.59269240E-04
 1.14336992E+00  3.18687037E-03
 1.13998500E+00  3.11331949E-03
 1.15038195E+00  1.58414773E-03
 1.17022324E+00 -2.84974063E-04
 1.18705147E+00  7.26704428E-05
 1.19423580E+00  3.59468365E-03
 1.19000623E+00  8.35509554E-03
 1.17758228E+00  1.31926784E-02
 1.16732328E+00  1.67144108E-02
 1.16406334E+00  1.76216944E-02
 1.16627691E+00  1.61692830E-02
 1.17216938E+00  1.25378444E-02
 1.17644688E+00  7.06208906E-03
 1.17672178E+00  6.36292646E-04
 1.17569221E+00 -5.86048015E-03
 1.17433634E+00 -1.08169292E-02
