# x =
 1.53461026E+01
# y =
 3.25097170E+00
 VARIABLES = u,v
 1.17048634E+00  2.39840958E-03
 1.17046896E+00  2.41693032E-03
 1.17044599E+00  2.44964231E-03
 1.17041955E+00  2.49603414E-03
 1.17039079E+00  2.55530870E-03
 1.17036169E+00  2.62632089E-03
 1.17033471E+00  2.70749369E-03
 1.17031021E+00  2.79734848E-03
 1.17028747E+00  2.89440869E-03
 1.17026575E+00  2.99684416E-03
 1.17024432E+00  3.10263057E-03
 1.17022469E+00  3.20948559E-03
 1.17021015E+00  3.31490856E-03
 1.17020233E+00  3.41671694E-03
 1.17020153E+00  3.51314399E-03
 1.17020692E+00  3.60282603E-03
 1.17021581E+00  3.68492636E-03
 1.17022631E+00  3.75878979E-03
 1.17023721E+00  3.82387028E-03
 1.17024588E+00  3.87987212E-03
 1.17024944E+00  3.92669812E-03
 1.17024495E+00  3.96477613E-03
 1.17022927E+00  3.99510041E-03
 1.17020123E+00  4.01895987E-03
 1.17016114E+00  4.03801584E-03
 1.17010869E+00  4.05416465E-03
 1.17004325E+00  4.06943486E-03
 1.16996330E+00  4.08619105E-03
 1.16986615E+00  4.10688201E-03
 1.16975030E+00  4.13360761E-03
 1.16961526E+00  4.16792956E-03
 1.16946045E+00  4.21045406E-03
 1.16928599E+00  4.26086939E-03
 1.16909200E+00  4.31867326E-03
 1.16887861E+00  4.38328376E-03
 1.16864762E+00  4.45419559E-03
 1.16840198E+00  4.53106840E-03
 1.16814491E+00  4.61283604E-03
 1.16788023E+00  4.69779146E-03
 1.16761163E+00  4.78415273E-03
 1.16734262E+00  4.86978080E-03
 1.16707761E+00  4.95249320E-03
 1.16682160E+00  5.03010216E-03
 1.16657946E+00  5.09965363E-03
 1.16635620E+00  5.15788346E-03
 1.16615632E+00  5.20213680E-03
 1.16598352E+00  5.23048622E-03
 1.16584108E+00  5.24233579E-03
 1.16573157E+00  5.23843495E-03
 1.16565688E+00  5.21956325E-03
 1.16561841E+00  5.18648127E-03
 1.16561699E+00  5.14006118E-03
 1.16565272E+00  5.08096943E-03
 1.16572466E+00  5.01067676E-03
 1.16583065E+00  4.93135743E-03
 1.16596738E+00  4.84487974E-03
 1.16613043E+00  4.75323257E-03
 1.16631478E+00  4.65855195E-03
 1.16651499E+00  4.56305181E-03
 1.16672511E+00  4.47000132E-03
 1.16693921E+00  4.38330136E-03
 1.16715172E+00  4.30610630E-03
 1.16735794E+00  4.24078518E-03
 1.16755505E+00  4.18852450E-03
 1.16774183E+00  4.14915377E-03
 1.16791748E+00  4.12261130E-03
 1.16808134E+00  4.10896198E-03
 1.16823216E+00  4.10788184E-03
 1.16836810E+00  4.11909715E-03
 1.16848875E+00  4.14162506E-03
 1.16859489E+00  4.17379787E-03
 1.16868751E+00  4.21439280E-03
 1.16876845E+00  4.26222419E-03
 1.16883946E+00  4.31578455E-03
 1.16890228E+00  4.37335929E-03
 1.16896033E+00  4.43220301E-03
 1.16901778E+00  4.48883050E-03
 1.16907773E+00  4.54044584E-03
 1.16914205E+00  4.58497309E-03
 1.16921006E+00  4.62122370E-03
 1.16927861E+00  4.64912095E-03
 1.16934485E+00  4.66837376E-03
 1.16940641E+00  4.67840552E-03
 1.16946117E+00  4.67892205E-03
 1.16950799E+00  4.66947712E-03
 1.16954472E+00  4.65003789E-03
 1.16956846E+00  4.62097164E-03
 1.16957778E+00  4.58198666E-03
 1.16957174E+00  4.53251941E-03
 1.16954958E+00  4.47224408E-03
 1.16951071E+00  4.40103237E-03
 1.16945248E+00  4.31975472E-03
 1.16937092E+00  4.23009993E-03
 1.16926366E+00  4.13319842E-03
 1.16912980E+00  4.02967900E-03
 1.16897026E+00  3.91970953E-03
 1.16878829E+00  3.80276783E-03
 1.16858665E+00  3.67884551E-03
 1.16836770E+00  3.54852745E-03
 1.16813498E+00  3.41232840E-03
 1.16789207E+00  3.27119786E-03
 1.16764329E+00  3.12634536E-03
 1.16739366E+00  2.97928558E-03
 1.16714669E+00  2.83285860E-03
 1.16690503E+00  2.69085781E-03
 1.16667188E+00  2.55710409E-03
 1.16645072E+00  2.43535221E-03
 1.16624636E+00  2.32854356E-03
 1.16606475E+00  2.23870076E-03
 1.16591053E+00  2.16822074E-03
 1.16578703E+00  2.11957506E-03
 1.16569679E+00  2.09468249E-03
 1.16564081E+00  2.09526593E-03
 1.16561999E+00  2.12218235E-03
 1.16563515E+00  2.17544332E-03
 1.16568547E+00  2.25531180E-03
 1.16576912E+00  2.36172948E-03
 1.16588327E+00  2.49337643E-03
 1.16602388E+00  2.64770815E-03
 1.16618683E+00  2.82029608E-03
 1.16636776E+00  3.00493166E-03
 1.16656126E+00  3.19524399E-03
 1.16676129E+00  3.38483333E-03
 1.16696116E+00  3.56723951E-03
 1.16715373E+00  3.73662564E-03
 1.16733264E+00  3.88718251E-03
 1.16749273E+00  4.01361701E-03
 1.16763011E+00  4.11270078E-03
 1.16774240E+00  4.18277213E-03
 1.16782782E+00  4.22292572E-03
 1.16788489E+00  4.23288757E-03
 1.16791257E+00  4.21169536E-03
 1.16791016E+00  4.15799091E-03
 1.16787851E+00  4.07243308E-03
 1.16782008E+00  3.95745957E-03
 1.16773810E+00  3.81682786E-03
 1.16763694E+00  3.65612014E-03
 1.16752148E+00  3.48097728E-03
 1.16739692E+00  3.29704080E-03
 1.16726960E+00  3.11148543E-03
 1.16714617E+00  2.93180466E-03
 1.16703225E+00  2.76477152E-03
 1.16693187E+00  2.61607051E-03
 1.16684620E+00  2.48828259E-03
 1.16677364E+00  2.38123911E-03
 1.16671221E+00  2.29476358E-03
 1.16665989E+00  2.22879581E-03
 1.16661499E+00  2.18400010E-03
 1.16657653E+00  2.16219129E-03
 1.16654161E+00  2.16331793E-03
 1.16650574E+00  2.18582905E-03
 1.16646466E+00  2.22866136E-03
 1.16641347E+00  2.29015682E-03
 1.16634731E+00  2.36879504E-03
 1.16626139E+00  2.46319911E-03
 1.16614865E+00  2.56945562E-03
 1.16600099E+00  2.68232217E-03
 1.16581219E+00  2.79810028E-03
 1.16557817E+00  2.91463391E-03
 1.16529846E+00  3.03268674E-03
 1.16497641E+00  3.15594126E-03
 1.16461535E+00  3.28692905E-03
 1.16421856E+00  3.42675965E-03
 1.16378996E+00  3.57567627E-03
 1.16333317E+00  3.73167893E-03
 1.16285391E+00  3.89258521E-03
 1.16235981E+00  4.05543342E-03
 1.16185750E+00  4.21311322E-03
 1.16135368E+00  4.35623552E-03
 1.16085561E+00  4.47563971E-03
 1.16037077E+00  4.56342167E-03
 1.15990936E+00  4.61719129E-03
 1.15948323E+00  4.64028352E-03
 1.15910208E+00  4.63701943E-03
 1.15877328E+00  4.61451109E-03
 1.15850107E+00  4.58491219E-03
 1.15828591E+00  4.56241262E-03
 1.15812825E+00  4.56250109E-03
 1.15802854E+00  4.59874261E-03
 1.15798565E+00  4.67434014E-03
 1.15799801E+00  4.78206675E-03
 1.15806169E+00  4.90922953E-03
 1.15817041E+00  5.03359482E-03
 1.15831830E+00  5.12039713E-03
 1.15849905E+00  5.12797028E-03
 1.15870513E+00  5.01302496E-03
 1.15892827E+00  4.73917335E-03
 1.15915768E+00  4.29379966E-03
 1.15938095E+00  3.69019868E-03
 1.15958759E+00  2.95682643E-03
 1.15976945E+00  2.14708690E-03
 1.15992151E+00  1.34997846E-03
 1.16004242E+00  6.75774637E-04
 1.16013088E+00  2.39144025E-04
 1.16018543E+00  1.38411934E-04
 1.16020538E+00  4.13343366E-04
 1.16018992E+00  1.03936378E-03
 1.16014057E+00  1.95817731E-03
 1.16006111E+00  3.05349303E-03
 1.15995481E+00  4.12268847E-03
 1.15982552E+00  4.91583046E-03
 1.15967791E+00  5.18076587E-03
 1.15951720E+00  4.71775951E-03
 1.15935157E+00  3.49141228E-03
 1.15919100E+00  1.64736859E-03
 1.15904338E+00 -5.65508642E-04
 1.15891421E+00 -2.72970889E-03
 1.15880533E+00 -4.18333217E-03
 1.15871462E+00 -4.21748152E-03
 1.15864045E+00 -2.39307044E-03
 1.15858208E+00  1.16810189E-03
 1.15853871E+00  5.29533227E-03
 1.15851074E+00  8.09928327E-03
 1.15849701E+00  8.26379652E-03
 1.15849509E+00  5.46518605E-03
 1.15850490E+00  9.28620786E-04
 1.15852717E+00 -2.75789745E-03
 1.15856242E+00 -3.95152716E-03
 1.15861088E+00 -2.35620993E-03
 1.15866903E+00  1.06810114E-03
 1.15873055E+00  3.90619892E-03
 1.15879130E+00  4.83041911E-03
 1.15884905E+00  3.99778746E-03
 1.15890380E+00  2.03865351E-03
 1.15895852E+00  5.64120195E-04
 1.15901443E+00  3.63859028E-04
 1.15907087E+00  9.27158983E-04
 1.15912787E+00  1.88236220E-03
 1.15918420E+00  2.49733727E-03
 1.15923812E+00  2.39071941E-03
 1.15928726E+00  2.05223551E-03
 1.15932466E+00  1.68029052E-03
 1.15934021E+00  1.44286123E-03
 1.15932400E+00  1.49742351E-03
 1.15926662E+00  1.57657429E-03
 1.15916168E+00  1.58272606E-03
 1.15900626E+00  1.55257809E-03
 1.15879617E+00  1.43525674E-03
 1.15852696E+00  1.31788355E-03
 1.15819617E+00  1.24764549E-03
 1.15780202E+00  1.17950175E-03
 1.15734561E+00  1.12534029E-03
 1.15683090E+00  1.07638319E-03
 1.15626063E+00  1.01626563E-03
 1.15563833E+00  9.64895596E-04
 1.15497152E+00  9.24547595E-04
 1.15427145E+00  8.92194919E-04
 1.15355531E+00  8.73109474E-04
 1.15284584E+00  8.63388696E-04
 1.15216564E+00  8.60997080E-04
 1.15153672E+00  8.67729258E-04
 1.15098058E+00  8.82024059E-04
 1.15051581E+00  9.03126717E-04
 1.15015998E+00  9.30648715E-04
 1.14992791E+00  9.63067125E-04
 1.14982629E+00  1.00021889E-03
 1.14985564E+00  1.04267783E-03
 1.15001367E+00  1.09051004E-03
 1.15029615E+00  1.14370281E-03
 1.15070191E+00  1.20145642E-03
 1.15123227E+00  1.26206786E-03
 1.15188279E+00  1.32428228E-03
 1.15264475E+00  1.38706700E-03
 1.15350768E+00  1.44909686E-03
 1.15445638E+00  1.50921384E-03
 1.15547405E+00  1.56597999E-03
 1.15654060E+00  1.61777470E-03
 1.15762405E+00  1.66383798E-03
 1.15868337E+00  1.70396233E-03
 1.15967427E+00  1.73791553E-03
 1.16054787E+00  1.76567301E-03
 1.16125356E+00  1.78709465E-03
 1.16174324E+00  1.80170588E-03
 1.16197099E+00  1.80913546E-03
 1.16190024E+00  1.80868772E-03
 1.16151579E+00  1.79857262E-03
 1.16082657E+00  1.77593350E-03
 1.15986666E+00  1.73674253E-03
 1.15870394E+00  1.67536967E-03
 1.15744674E+00  1.58449642E-03
 1.15623292E+00  1.45614484E-03
 1.15520681E+00  1.28378390E-03
 1.15449910E+00  1.06422672E-03
 1.15419428E+00  8.00301425E-04
 1.15431942E+00  5.02186592E-04
 1.15486665E+00  1.86317604E-04
 1.15576804E+00 -1.22229141E-04
 1.15685940E+00 -3.86354467E-04
 1.15791340E+00 -5.61093555E-04
 1.15868621E+00 -6.01296823E-04
 1.15896218E+00 -4.67777502E-04
 1.15865184E+00 -1.38511327E-04
 1.15780252E+00  3.87929292E-04
 1.15651054E+00  1.10043181E-03
 1.15497387E+00  1.96734911E-03
 1.15355866E+00  2.92528712E-03
 1.15271086E+00  3.88635343E-03
 1.15287460E+00  4.74488186E-03
 1.15437718E+00  5.38632622E-03
 1.15717699E+00  5.71163251E-03
 1.16085438E+00  5.63646265E-03
 1.16482006E+00  5.06734217E-03
 1.16820375E+00  3.91277244E-03
 1.16974312E+00  2.09540552E-03
 1.16817782E+00 -3.67867221E-04
 1.16279867E+00 -3.17353203E-03
 1.15402775E+00 -5.60196241E-03
 1.14440493E+00 -6.36940327E-03
 1.13792980E+00 -4.02462849E-03
 1.13759221E+00  1.94936087E-03
 1.14455894E+00  1.04861213E-02
 1.15703205E+00  1.81136573E-02
 1.17027390E+00  1.98389697E-02
 1.18038326E+00  1.26945719E-02
 1.18450438E+00 -2.81912577E-03
 1.17993921E+00 -2.11483639E-02
 1.16601133E+00 -3.27201234E-02
 1.14330217E+00 -3.13082915E-02
 1.11521522E+00 -1.60850011E-02
 1.09294481E+00  7.28224026E-03
 1.09079512E+00  2.67929749E-02
 1.11554732E+00  3.44739236E-02
 1.16141482E+00  2.83568225E-02
 1.20065410E+00  1.07351156E-02
 1.20078487E+00 -9.79606734E-03
 1.17747974E+00 -2.68931009E-02
 1.16819605E+00 -3.71465182E-02
 1.15628245E+00 -3.33976949E-02
 1.11584060E+00 -1.33730967E-02
 1.08422047E+00  1.09967133E-02
 1.10241412E+00  2.39970154E-02
 1.14517419E+00  2.46201118E-02
 1.17149429E+00  1.99757624E-02
 1.18206697E+00  9.90664694E-03
 1.18506415E+00 -3.68920066E-03
 1.17621283E+00 -1.18605403E-02
 1.16345137E+00 -1.05948795E-02
 1.15394562E+00 -7.45151664E-03
 1.14417007E+00 -1.13190380E-02
 1.13613293E+00 -1.27680830E-02
 1.13331080E+00  2.20582373E-03
 1.13826166E+00  2.00250100E-02
 1.15465028E+00  2.02966710E-02
 1.17558698E+00  1.15244682E-02
 1.18746467E+00  8.96733380E-03
 1.18394542E+00  8.02281262E-03
 1.16649683E+00  3.03738969E-03
 1.15093143E+00 -1.67161840E-03
 1.15708569E+00 -4.58956534E-03
 1.16791309E+00 -6.20638995E-03
 1.15271115E+00 -4.36310601E-03
 1.13184087E+00  2.31209179E-04
 1.13886491E+00  4.32376094E-03
 1.15462445E+00  6.09050513E-03
 1.15166737E+00  4.52176552E-03
 1.14482635E+00  9.15512324E-04
 1.15203956E+00 -1.02590103E-03
 1.16405974E+00  1.88075690E-04
 1.17166410E+00  3.76374758E-03
 1.17695824E+00  7.43277876E-03
 1.17814821E+00  6.99593911E-03
 1.17108119E+00  6.53650342E-04
 1.15697378E+00 -9.76022044E-03
 1.14057557E+00 -1.99012310E-02
 1.12806122E+00 -2.30858527E-02
 1.12437667E+00 -1.55895268E-02
 1.13129824E+00  9.58965120E-04
 1.14599230E+00  1.94848288E-02
 1.16136249E+00  2.86129338E-02
 1.17210101E+00  2.19738605E-02
 1.17540687E+00  1.77765755E-03
 1.16956809E+00 -2.00327919E-02
 1.15642769E+00 -2.69475384E-02
 1.13899204E+00 -2.11701465E-02
 1.12310994E+00 -1.61522196E-02
 1.12456592E+00 -7.70972576E-03
 1.15344296E+00  9.59334633E-03
 1.18223987E+00  2.11988038E-02
 1.17404380E+00  1.43452056E-02
 1.15077095E+00 -1.18945446E-03
 1.15417497E+00 -9.51528398E-03
 1.16262346E+00 -1.00316816E-02
 1.14446515E+00 -7.05894497E-03
 1.13259952E+00 -6.71003334E-04
 1.16014008E+00  4.61084133E-03
 1.18796048E+00  5.22957846E-03
 1.17021666E+00  3.36161744E-03
 1.14046461E+00  5.56928410E-04
 1.14864845E+00 -1.24798113E-03
 1.17011104E+00 -8.70686065E-04
 1.16658481E+00  8.65017811E-05
 1.15600610E+00  9.48429326E-04
 1.15896041E+00  1.36633126E-03
 1.16332363E+00  8.78168369E-04
 1.16166103E+00  2.91007968E-04
 1.16055968E+00 -5.26617617E-05
 1.16148017E+00 -2.89433327E-04
 1.16186872E+00 -2.60119840E-04
 1.16185097E+00 -1.89425524E-04
 1.16209623E+00 -2.20273746E-04
 1.16242745E+00 -2.16347638E-04
 1.16273175E+00 -2.09626341E-04
 1.16304998E+00 -1.82915421E-04
 1.16338570E+00 -8.36950639E-05
 1.16373176E+00  4.00713012E-05
 1.16408268E+00  1.83457067E-04
 1.16443182E+00  3.54982935E-04
 1.16477465E+00  5.36881409E-04
 1.16510592E+00  7.32761706E-04
 1.16542276E+00  9.43663738E-04
 1.16572321E+00  1.16077026E-03
 1.16599609E+00  1.37759286E-03
 1.16622502E+00  1.58268662E-03
 1.16639878E+00  1.76579680E-03
 1.16651033E+00  1.92199458E-03
 1.16656030E+00  2.05096323E-03
 1.16655810E+00  2.15801528E-03
 1.16651005E+00  2.24716973E-03
 1.16641990E+00  2.32048533E-03
 1.16629400E+00  2.38083464E-03
 1.16613701E+00  2.42945942E-03
 1.16595574E+00  2.46923689E-03
 1.16575893E+00  2.50435932E-03
 1.16554821E+00  2.53433502E-03
 1.16532122E+00  2.55624466E-03
 1.16507693E+00  2.56763930E-03
 1.16481497E+00  2.56631616E-03
 1.16454106E+00  2.55477500E-03
 1.16426664E+00  2.53953690E-03
 1.16399879E+00  2.52401839E-03
 1.16374136E+00  2.50931080E-03
 1.16349716E+00  2.49509957E-03
 1.16326534E+00  2.47803430E-03
 1.16304733E+00  2.45678535E-03
 1.16284670E+00  2.43192180E-03
 1.16266256E+00  2.40143050E-03
 1.16249258E+00  2.36313570E-03
 1.16233494E+00  2.31547859E-03
 1.16218753E+00  2.25719949E-03
 1.16205279E+00  2.19144306E-03
 1.16193698E+00  2.12481490E-03
 1.16184407E+00  2.06280747E-03
 1.16177652E+00  2.01014300E-03
 1.16173502E+00  1.96971531E-03
 1.16171726E+00  1.94172486E-03
 1.16172280E+00  1.92803157E-03
 1.16175281E+00  1.93155273E-03
 1.16180656E+00  1.95345939E-03
 1.16188327E+00  1.99471482E-03
 1.16198116E+00  2.05501336E-03
 1.16209698E+00  2.13267133E-03
 1.16222959E+00  2.22814452E-03
 1.16237878E+00  2.34278162E-03
 1.16254249E+00  2.47586493E-03
 1.16271736E+00  2.62511419E-03
 1.16289750E+00  2.78545927E-03
 1.16307433E+00  2.94885144E-03
 1.16324007E+00  3.10798969E-03
 1.16338777E+00  3.25622908E-03
 1.16351050E+00  3.38645257E-03
 1.16360251E+00  3.49252667E-03
 1.16365775E+00  3.56825094E-03
 1.16367017E+00  3.60777158E-03
 1.16363618E+00  3.60851953E-03
 1.16355394E+00  3.57031584E-03
 1.16342269E+00  3.49370238E-03
 1.16324309E+00  3.38006755E-03
 1.16301560E+00  3.22981352E-03
 1.16274097E+00  3.04258912E-03
 1.16242309E+00  2.82086003E-03
 1.16206880E+00  2.56951897E-03
 1.16168800E+00  2.29501188E-03
 1.16129387E+00  2.00612732E-03
 1.16090009E+00  1.71161331E-03
 1.16052029E+00  1.41999254E-03
 1.16016881E+00  1.14167639E-03
 1.15985919E+00  8.87359406E-04
 1.15960427E+00  6.66659272E-04
 1.15941533E+00  4.87706525E-04
 1.15929902E+00  3.54517334E-04
 1.15925812E+00  2.67367128E-04
 1.15929375E+00  2.26157659E-04
 1.15940563E+00  2.30461285E-04
 1.15959410E+00  2.80201205E-04
 1.15985975E+00  3.76092614E-04
 1.16019850E+00  5.15785562E-04
 1.16060186E+00  6.94199296E-04
 1.16105834E+00  9.05833980E-04
 1.16155238E+00  1.14355184E-03
 1.16206788E+00  1.39989235E-03
 1.16258861E+00  1.66731444E-03
 1.16309528E+00  1.93523650E-03
 1.16356818E+00  2.19171784E-03
 1.16398962E+00  2.42669185E-03
 1.16434503E+00  2.63229288E-03
 1.16462736E+00  2.80512638E-03
 1.16483643E+00  2.94628886E-03
 1.16497292E+00  3.05664823E-03
 1.16503795E+00  3.13668613E-03
 1.16503159E+00  3.18686145E-03
 1.16495207E+00  3.20651357E-03
 1.16480301E+00  3.19759466E-03
 1.16459271E+00  3.16432639E-03
 1.16432975E+00  3.10967708E-03
 1.16402543E+00  3.03693611E-03
 1.16369127E+00  2.94972739E-03
 1.16333890E+00  2.85183535E-03
 1.16298595E+00  2.75081758E-03
 1.16265290E+00  2.65654308E-03
 1.16235654E+00  2.57644095E-03
 1.16210951E+00  2.51548520E-03
 1.16191609E+00  2.47482622E-03
 1.16177215E+00  2.45127869E-03
 1.16167442E+00  2.44259550E-03
 1.16162071E+00  2.44759331E-03
 1.16160877E+00  2.46442788E-03
 1.16163865E+00  2.49228125E-03
 1.16170613E+00  2.52886720E-03
 1.16180345E+00  2.57065762E-03
 1.16192629E+00  2.61700399E-03
 1.16207078E+00  2.66857911E-03
 1.16223256E+00  2.72563776E-03
 1.16240706E+00  2.78815909E-03
 1.16258263E+00  2.85260116E-03
 1.16274301E+00  2.91263543E-03
 1.16287656E+00  2.96437316E-03
 1.16297609E+00  3.00602820E-03
 1.16304051E+00  3.03774285E-03
 1.16307613E+00  3.06260344E-03
 1.16308731E+00  3.08237741E-03
 1.16307632E+00  3.09747226E-03
 1.16304751E+00  3.10981163E-03
 1.16300397E+00  3.12102261E-03
 1.16295083E+00  3.13274669E-03
 1.16289503E+00  3.14669661E-03
 1.16283797E+00  3.16116517E-03
 1.16277798E+00  3.17203046E-03
 1.16271447E+00  3.17581930E-03
 1.16264749E+00  3.16954731E-03
 1.16258263E+00  3.15238962E-03
 1.16253026E+00  3.12592865E-03
 1.16249646E+00  3.09007383E-03
 1.16248369E+00  3.04354119E-03
 1.16249186E+00  2.98550278E-03
 1.16251639E+00  2.91439447E-03
 1.16255457E+00  2.82984092E-03
 1.16260565E+00  2.73268354E-03
 1.16266558E+00  2.62200224E-03
 1.16272985E+00  2.49642096E-03
 1.16279395E+00  2.35582156E-03
 1.16285295E+00  2.20103380E-03
 1.16290690E+00  2.03562054E-03
 1.16295956E+00  1.86569956E-03
 1.16301316E+00  1.69675775E-03
 1.16306896E+00  1.53377403E-03
 1.16312542E+00  1.38145817E-03
 1.16317768E+00  1.24327486E-03
 1.16322364E+00  1.12325209E-03
 1.16326359E+00  1.02558724E-03
 1.16329748E+00  9.52343815E-04
 1.16332683E+00  9.04370952E-04
 1.16335218E+00  8.81861530E-04
 1.16337293E+00  8.84292344E-04
 1.16339158E+00  9.12436564E-04
 1.16341206E+00  9.67886740E-04
 1.16343748E+00  1.05033766E-03
 1.16347068E+00  1.15795744E-03
 1.16351180E+00  1.28750093E-03
 1.16355841E+00  1.43379962E-03
 1.16360944E+00  1.59200100E-03
 1.16366478E+00  1.75755486E-03
 1.16372476E+00  1.92465308E-03
 1.16379109E+00  2.08743575E-03
 1.16386418E+00  2.24045330E-03
 1.16394320E+00  2.37889177E-03
 1.16402842E+00  2.50064972E-03
 1.16412005E+00  2.60590099E-03
 1.16421826E+00  2.69483896E-03
 1.16432343E+00  2.76770557E-03
 1.16443402E+00  2.82406593E-03
 1.16454714E+00  2.86253233E-03
 1.16466036E+00  2.88347146E-03
 1.16477138E+00  2.88869274E-03
 1.16487834E+00  2.87994038E-03
 1.16498023E+00  2.85977695E-03
 1.16507511E+00  2.83067255E-03
 1.16516040E+00  2.79494447E-03
 1.16523391E+00  2.75690257E-03
 1.16529332E+00  2.72179483E-03
 1.16533668E+00  2.69373853E-03
 1.16536264E+00  2.67568441E-03
 1.16536956E+00  2.66807601E-03
 1.16535575E+00  2.66881230E-03
 1.16532007E+00  2.67621559E-03
 1.16526163E+00  2.68904622E-03
 1.16518015E+00  2.70605951E-03
 1.16507602E+00  2.72680477E-03
 1.16494987E+00  2.74967110E-03
 1.16480270E+00  2.77209376E-03
 1.16463608E+00  2.79275863E-03
 1.16445193E+00  2.81067216E-03
 1.16425262E+00  2.82478633E-03
 1.16404089E+00  2.83409894E-03
 1.16381960E+00  2.83562385E-03
 1.16359160E+00  2.82505103E-03
 1.16335968E+00  2.79954768E-03
 1.16312629E+00  2.75763553E-03
 1.16289335E+00  2.69958271E-03
 1.16266227E+00  2.62784569E-03
 1.16243433E+00  2.54440054E-03
 1.16221080E+00  2.45074958E-03
 1.16199325E+00  2.34925189E-03
 1.16178356E+00  2.24215537E-03
 1.16158318E+00  2.13238106E-03
 1.16139325E+00  2.02350973E-03
 1.16121494E+00  1.91769218E-03
 1.16104917E+00  1.81629490E-03
 1.16089693E+00  1.72110077E-03
 1.16075914E+00  1.63410387E-03
 1.16063600E+00  1.55868510E-03
 1.16052727E+00  1.49940288E-03
 1.16043302E+00  1.45951273E-03
 1.16035366E+00  1.44104389E-03
 1.16029030E+00  1.44509798E-03
 1.16024482E+00  1.47125180E-03
 1.16021862E+00  1.51920868E-03
 1.16021264E+00  1.58881807E-03
 1.16022747E+00  1.67866302E-03
 1.16026298E+00  1.78674370E-03
 1.16031892E+00  1.91040343E-03
 1.16039476E+00  2.04617010E-03
 1.16048875E+00  2.19110158E-03
 1.16059834E+00  2.34251651E-03
 1.16072064E+00  2.49697477E-03
 1.16085258E+00  2.65056289E-03
 1.16099184E+00  2.79857347E-03
 1.16113675E+00  2.93558622E-03
 1.16128505E+00  3.05702816E-03
 1.16143422E+00  3.15934195E-03
 1.16158169E+00  3.23981602E-03
 1.16172461E+00  3.29694953E-03
 1.16186067E+00  3.32944688E-03
 1.16198800E+00  3.33606016E-03
 1.16210418E+00  3.31620917E-03
 1.16220674E+00  3.26969300E-03
 1.16229382E+00  3.19719905E-03
 1.16236416E+00  3.10039212E-03
 1.16241774E+00  2.98106758E-03
 1.16245580E+00  2.84139913E-03
 1.16247947E+00  2.68414681E-03
 1.16248989E+00  2.51249901E-03
 1.16248824E+00  2.33061392E-03
 1.16247535E+00  2.14326000E-03
 1.16245227E+00  1.95458448E-03
 1.16242007E+00  1.76787154E-03
 1.16237879E+00  1.58510200E-03
 1.16232783E+00  1.40688498E-03
 1.16226661E+00  1.23394198E-03
 1.16219463E+00  1.06732825E-03
 1.16211252E+00  9.08326982E-04
 1.16202190E+00  7.58803989E-04
 1.16192394E+00  6.20000371E-04
 1.16181967E+00  4.92674384E-04
 1.16171031E+00  3.78325087E-04
 1.16159687E+00  2.78612618E-04
 1.16148089E+00  1.95221716E-04
 1.16136425E+00  1.29786786E-04
 1.16124778E+00  8.24439843E-05
 1.16113187E+00  5.23145028E-05
 1.16101723E+00  3.93678077E-05
 1.16090474E+00  4.43372975E-05
 1.16079608E+00  6.90612853E-05
 1.16069370E+00  1.16584535E-04
 1.16059926E+00  1.88908623E-04
 1.16051374E+00  2.86788502E-04
 1.16043773E+00  4.10362778E-04
 1.16037086E+00  5.58213462E-04
 1.16031229E+00  7.27943424E-04
 1.16026046E+00  9.15819041E-04
 1.16021198E+00  1.11478201E-03
 1.16016218E+00  1.31559792E-03
 1.16010624E+00  1.50918833E-03
 1.16003953E+00  1.68752157E-03
 1.15995879E+00  1.84616320E-03
 1.15986249E+00  1.98492548E-03
 1.15974940E+00  2.10507946E-03
 1.15961934E+00  2.21088846E-03
 1.15947437E+00  2.31201481E-03
 1.15931768E+00  2.42093571E-03
 1.15915288E+00  2.55054531E-03
 1.15898296E+00  2.71120185E-03
 1.15880735E+00  2.90371033E-03
 1.15862194E+00  3.11858683E-03
 1.15842135E+00  3.34104072E-03
 1.15819764E+00  3.54712330E-03
 1.15793895E+00  3.69959063E-03
 1.15763201E+00  3.75405657E-03
 1.15726450E+00  3.66587546E-03
 1.15682850E+00  3.39875761E-03
 1.15632736E+00  2.94221021E-03
 1.15577682E+00  2.31427890E-03
 1.15520095E+00  1.54990682E-03
 1.15463625E+00  7.11313827E-04
 1.15413605E+00 -1.00046971E-04
 1.15376327E+00 -7.59153381E-04
 1.15358013E+00 -1.13635510E-03
 1.15363734E+00 -1.11959278E-03
 1.15395394E+00 -6.59756006E-04
 1.15451266E+00  2.22470258E-04
 1.15527297E+00  1.46908681E-03
 1.15615804E+00  2.95812452E-03
 1.15703832E+00  4.47212972E-03
 1.15774967E+00  5.73660482E-03
 1.15811618E+00  6.46216686E-03
 1.15797564E+00  6.39772537E-03
 1.15723306E+00  5.44371985E-03
 1.15588179E+00  3.66460222E-03
 1.15399087E+00  1.20406817E-03
 1.15175732E+00 -1.65251066E-03
 1.14957161E+00 -4.40718127E-03
 1.14792835E+00 -6.45066327E-03
 1.14724339E+00 -7.17216176E-03
 1.14772276E+00 -6.10021414E-03
 1.14914080E+00 -3.19325285E-03
 1.15092922E+00  1.11988087E-03
 1.15269712E+00  6.13844861E-03
 1.15432630E+00  1.07222026E-02
 1.15606456E+00  1.31021378E-02
 1.15841829E+00  1.14445882E-02
 1.16120404E+00  4.78173128E-03
 1.16330028E+00 -6.14976777E-03
 1.16263411E+00 -1.75383350E-02
 1.15674794E+00 -2.35699031E-02
 1.14515868E+00 -2.03941098E-02
 1.13056958E+00 -7.55612745E-03
 1.11990281E+00  1.01185571E-02
 1.12213416E+00  2.33625295E-02
 1.14045740E+00  2.61479139E-02
 1.16844051E+00  1.73180008E-02
 1.18594065E+00  9.39547951E-04
 1.17293718E+00 -1.33453159E-02
 1.14965362E+00 -1.97063208E-02
 1.15168149E+00 -1.76625224E-02
 1.15915397E+00 -9.26615330E-03
 1.13742426E+00 -8.64477604E-04
 1.11357442E+00  4.22942402E-03
 1.12392426E+00  7.14799413E-03
 1.14902911E+00  8.01849146E-03
 1.16093427E+00  8.27559561E-03
 1.16523195E+00  8.18048556E-03
 1.16848282E+00  5.49413036E-03
 1.16560426E+00  1.01449916E-03
 1.15954561E+00 -3.02562942E-03
 1.15459650E+00 -5.15219038E-03
 1.14908418E+00 -3.55384917E-03
 1.14356345E+00  8.49876670E-04
 1.13962178E+00  4.65504682E-03
 1.13882587E+00  6.20221649E-03
 1.14361582E+00  5.03188983E-03
 1.15205899E+00  1.85764565E-03
 1.15917217E+00 -6.73475914E-04
 1.16196829E+00 -1.43401104E-03
 1.15882707E+00 -9.73664937E-04
 1.15147594E+00  2.59785721E-04
 1.14528790E+00  9.90442983E-04
 1.14295675E+00  6.50686229E-04
 1.14446103E+00 -1.27664293E-05
 1.14860423E+00 -7.31112320E-04
 1.15172334E+00 -1.18121680E-03
 1.15214413E+00 -1.11451350E-03
 1.15093390E+00 -9.71376307E-04
 1.14882486E+00 -8.94892765E-04
 1.14746065E+00 -8.40294193E-04
 1.14766231E+00 -8.96697282E-04
 1.14834729E+00 -9.22740578E-04
 1.14910464E+00 -8.51140799E-04
 1.14956436E+00 -7.60081587E-04
 1.14938338E+00 -6.34435338E-04
 1.14915013E+00 -4.95983380E-04
 1.14906874E+00 -3.81526872E-04
 1.14904956E+00 -2.71551687E-04
 1.14919971E+00 -1.73036662E-04
 1.14932858E+00 -9.79234183E-05
 1.14933547E+00 -3.91615464E-05
 1.14932455E+00  1.21151398E-06
 1.14927356E+00  2.31865534E-05
 1.14920288E+00  3.19006166E-05
 1.14915377E+00  2.80344075E-05
 1.14908967E+00  1.23862350E-05
 1.14901187E+00 -1.13300849E-05
 1.14893328E+00 -3.93173496E-05
 1.14884296E+00 -6.91687272E-05
 1.14874518E+00 -9.87782136E-05
 1.14864197E+00 -1.26164479E-04
 1.14852813E+00 -1.49072277E-04
 1.14840799E+00 -1.61915984E-04
 1.14828741E+00 -1.56951577E-04
 1.14816835E+00 -1.28864219E-04
 1.14805260E+00 -7.46973121E-05
 1.14793994E+00  5.52095016E-06
 1.14782739E+00  1.08068000E-04
 1.14771378E+00  2.30010880E-04
 1.14759915E+00  3.69251532E-04
 1.14748170E+00  5.22332712E-04
 1.14735978E+00  6.86068207E-04
 1.14723203E+00  8.56181266E-04
 1.14709736E+00  1.02736674E-03
 1.14695812E+00  1.19688275E-03
 1.14681933E+00  1.36340662E-03
 1.14668529E+00  1.52493235E-03
 1.14655983E+00  1.67904701E-03
 1.14644509E+00  1.82078135E-03
 1.14634111E+00  1.94297323E-03
 1.14624949E+00  2.04065650E-03
 1.14617301E+00  2.11088046E-03
 1.14611361E+00  2.15214389E-03
 1.14607368E+00  2.16543103E-03
 1.14605466E+00  2.15123149E-03
 1.14605706E+00  2.10950253E-03
 1.14608328E+00  2.04221808E-03
 1.14613654E+00  1.95207948E-03
 1.14621879E+00  1.84250384E-03
 1.14633111E+00  1.71786142E-03
 1.14647235E+00  1.58101353E-03
 1.14663908E+00  1.43383919E-03
 1.14682850E+00  1.27933761E-03
 1.14703828E+00  1.12122586E-03
 1.14726581E+00  9.64604621E-04
 1.14750916E+00  8.15978450E-04
 1.14776584E+00  6.80404977E-04
 1.14803291E+00  5.61387757E-04
 1.14830919E+00  4.61569206E-04
 1.14859432E+00  3.81985849E-04
 1.14888793E+00  3.23649494E-04
 1.14918965E+00  2.87768067E-04
 1.14949758E+00  2.74283926E-04
 1.14980840E+00  2.82510867E-04
 1.15011976E+00  3.10991886E-04
 1.15042980E+00  3.57309588E-04
 1.15073676E+00  4.19482652E-04
 1.15103957E+00  4.95673318E-04
 1.15133648E+00  5.83225095E-04
 1.15162529E+00  6.78911182E-04
 1.15190501E+00  7.78426260E-04
 1.15217510E+00  8.76616469E-04
 1.15243470E+00  9.69359541E-04
 1.15268283E+00  1.05382745E-03
 1.15291725E+00  1.12854305E-03
 1.15313467E+00  1.19367603E-03
 1.15333254E+00  1.24940629E-03
 1.15350892E+00  1.29564367E-03
 1.15366236E+00  1.33256705E-03
 1.15379246E+00  1.36014223E-03
 1.15389887E+00  1.37908798E-03
 1.15398151E+00  1.39080874E-03
 1.15404182E+00  1.39597379E-03
 1.15408220E+00  1.39505463E-03
 1.15410545E+00  1.38874524E-03
 1.15411471E+00  1.37794249E-03
 1.15411215E+00  1.36505206E-03
 1.15409909E+00  1.35351091E-03
 1.15407741E+00  1.34565205E-03
 1.15404913E+00  1.34266474E-03
 1.15401599E+00  1.34429148E-03
 1.15397983E+00  1.34855208E-03
 1.15394178E+00  1.35391431E-03
 1.15390240E+00  1.35940965E-03
 1.15386301E+00  1.36375905E-03
 1.15382505E+00  1.36615342E-03
 1.15378914E+00  1.36547570E-03
 1.15375522E+00  1.36041662E-03
 1.15372184E+00  1.35128025E-03
 1.15368623E+00  1.33933491E-03
 1.15364576E+00  1.32575366E-03
 1.15359786E+00  1.31160861E-03
 1.15353972E+00  1.29651109E-03
 1.15346884E+00  1.27879413E-03
 1.15338272E+00  1.25787132E-03
 1.15327909E+00  1.23400530E-03
 1.15315729E+00  1.20791445E-03
 1.15301780E+00  1.18132253E-03
 1.15286113E+00  1.15531967E-03
 1.15268781E+00  1.13039682E-03
 1.15249736E+00  1.10799785E-03
 1.15228830E+00  1.08968603E-03
 1.15205996E+00  1.07674482E-03
 1.15181215E+00  1.07026850E-03
 1.15154443E+00  1.06977236E-03
 1.15125672E+00  1.07348476E-03
 1.15094859E+00  1.08000290E-03
 1.15061945E+00  1.08818171E-03
 1.15027022E+00  1.09742490E-03
 1.14990273E+00  1.10801974E-03
 1.14951836E+00  1.11963633E-03
 1.14911830E+00  1.13153454E-03
 1.14870278E+00  1.14361512E-03
 1.14827109E+00  1.15583846E-03
 1.14782350E+00  1.16845201E-03
 1.14736117E+00  1.18198791E-03
 1.14688564E+00  1.19595458E-03
 1.14639954E+00  1.20922732E-03
 1.14590590E+00  1.22119995E-03
 1.14540841E+00  1.23155173E-03
 1.14491285E+00  1.24055402E-03
 1.14442648E+00  1.24923623E-03
 1.14395689E+00  1.25817236E-03
 1.14351188E+00  1.26761158E-03
 1.14309816E+00  1.27814454E-03
 1.14272121E+00  1.29021857E-03
 1.14238700E+00  1.30430648E-03
 1.14210142E+00  1.32090864E-03
 1.14186934E+00  1.33967851E-03
 1.14169516E+00  1.35968098E-03
 1.14158205E+00  1.38009171E-03
 1.14153215E+00  1.40010674E-03
 1.14154825E+00  1.41929298E-03
 1.14163299E+00  1.43768011E-03
 1.14178723E+00  1.45491890E-03
 1.14201020E+00  1.47042744E-03
 1.14229875E+00  1.48382016E-03
 1.14264734E+00  1.49462966E-03
 1.14305012E+00  1.50258759E-03
 1.14350091E+00  1.50762381E-03
 1.14399249E+00  1.50922307E-03
 1.14451761E+00  1.50668311E-03
 1.14506868E+00  1.49961672E-03
 1.14563819E+00  1.48787732E-03
 1.14622075E+00  1.47184201E-03
 1.14681242E+00  1.45244724E-03
 1.14740892E+00  1.43053147E-03
 1.14800548E+00  1.40688869E-03
 1.14859542E+00  1.38247897E-03
 1.14917009E+00  1.35821037E-03
 1.14972178E+00  1.33520866E-03
 1.15024329E+00  1.31478849E-03
 1.15072660E+00  1.29798016E-03
 1.15116404E+00  1.28572888E-03
 1.15154733E+00  1.27917206E-03
 1.15186804E+00  1.27964354E-03
 1.15212043E+00  1.28903972E-03
 1.15230059E+00  1.30981251E-03
 1.15240427E+00  1.34444077E-03
 1.15242741E+00  1.39554283E-03
 1.15236521E+00  1.46603448E-03
 1.15221233E+00  1.55873767E-03
 1.15196642E+00  1.67617722E-03
 1.15162833E+00  1.82016649E-03
 1.15120149E+00  1.99088682E-03
 1.15069351E+00  2.18670147E-03
 1.15011554E+00  2.40442650E-03
 1.14948303E+00  2.63873244E-03
 1.14881885E+00  2.88160110E-03
 1.14815119E+00  3.12300434E-03
 1.14750911E+00  3.35198144E-03
 1.14692061E+00  3.55773901E-03
 1.14640809E+00  3.73170160E-03
 1.14598658E+00  3.86795512E-03
 1.14566782E+00  3.96172516E-03
 1.14545687E+00  4.01073711E-03
 1.14534665E+00  4.01702590E-03
 1.14532216E+00  3.98569280E-03
 1.14536516E+00  3.92396126E-03
 1.14545887E+00  3.83963744E-03
 1.14560005E+00  3.73687258E-03
 1.14579968E+00  3.61665686E-03
 1.14607223E+00  3.48141141E-03
 1.14644181E+00  3.33353052E-03
 1.14694963E+00  3.17401665E-03
 1.14764193E+00  3.00427686E-03
 1.14855758E+00  2.82416959E-03
 1.14971217E+00  2.63381889E-03
 1.15106553E+00  2.43987136E-03
 1.15253073E+00  2.25359398E-03
 1.15402388E+00  2.08612682E-03
 1.15546686E+00  1.94971587E-03
 1.15679493E+00  1.85635255E-03
 1.15793900E+00  1.81284658E-03
 1.15871846E+00  1.81769819E-03
 1.15880880E+00  1.85323489E-03
 1.15773080E+00  1.87250383E-03
 1.15499100E+00  1.79551591E-03
 1.15050540E+00  1.51097827E-03
 1.14485545E+00  8.66720820E-04
 1.13957025E+00 -3.39563120E-04
 1.13674673E+00 -2.25687663E-03
 1.13762686E+00 -4.77036850E-03
 1.14195222E+00 -7.33971901E-03
 1.14724064E+00 -8.77692542E-03
 1.14947066E+00 -7.59477949E-03
 1.14662395E+00 -3.07185251E-03
 1.13990411E+00  4.20687735E-03
 1.13473921E+00  1.16602928E-02
 1.13910324E+00  1.53093753E-02
 1.15507669E+00  1.26517500E-02
 1.17556390E+00  3.66599460E-03
 1.18181928E+00 -8.23448812E-03
 1.15556292E+00 -1.67169019E-02
 1.11564418E+00 -1.77086884E-02
 1.09985739E+00 -1.06714818E-02
 1.10815883E+00  1.17494801E-03
 1.12362943E+00  1.07663232E-02
 1.14462581E+00  1.38367174E-02
 1.16276398E+00  1.02325791E-02
 1.16943097E+00  2.34841288E-03
 1.16992230E+00 -3.97183229E-03
 1.16840943E+00 -5.53956379E-03
 1.16642126E+00 -3.16383883E-03
 1.15957304E+00  1.61610219E-03
 1.14052861E+00  5.19855207E-03
 1.12441057E+00  5.74494865E-03
 1.13289944E+00  4.59600445E-03
 1.15432987E+00  2.63085599E-03
 1.16522357E+00  1.36833478E-03
 1.16619789E+00  1.66654784E-03
 1.16324706E+00  2.39850406E-03
 1.15515627E+00  3.10324025E-03
 1.14775666E+00  3.47911021E-03
 1.14620725E+00  3.19165712E-03
 1.14828833E+00  2.83069207E-03
 1.15194614E+00  2.63040446E-03
 1.15416351E+00  2.50105307E-03
 1.15339694E+00  2.55791500E-03
 1.15176105E+00  2.62766005E-03
 1.15011523E+00  2.60902153E-03
 1.14917110E+00  2.60330149E-03
 1.14959207E+00  2.58713334E-03
 1.15019942E+00  2.57616889E-03
 1.15055319E+00  2.60968516E-03
 1.15080563E+00  2.65187814E-03
 1.15071857E+00  2.70018615E-03
 1.15064665E+00  2.76163126E-03
 1.15078609E+00  2.82180303E-03
 1.15093791E+00  2.88117148E-03
 1.15115065E+00  2.93816701E-03
 1.15138334E+00  2.98404554E-03
 1.15154195E+00  3.01403191E-03
 1.15167544E+00  3.02159668E-03
 1.15176993E+00  3.00003159E-03
 1.15179990E+00  2.94601971E-03
 1.15178845E+00  2.85962376E-03
 1.15173671E+00  2.74432543E-03
 1.15164723E+00  2.60397530E-03
 1.15153331E+00  2.44216001E-03
 1.15140378E+00  2.26213079E-03
 1.15127091E+00  2.06611586E-03
 1.15115091E+00  1.85853191E-03
 1.15105780E+00  1.64559024E-03
 1.15099471E+00  1.43252900E-03
 1.15095657E+00  1.22489584E-03
 1.15094086E+00  1.02822515E-03
 1.15094770E+00  8.47891603E-04
 1.15098502E+00  6.92115593E-04
 1.15106893E+00  5.70688015E-04
 1.15120766E+00  4.91279847E-04
 1.15140235E+00  4.59463175E-04
 1.15165282E+00  4.77467912E-04
 1.15195284E+00  5.43709695E-04
 1.15229814E+00  6.56790430E-04
 1.15268681E+00  8.15399789E-04
 1.15310848E+00  1.01681375E-03
 1.15354886E+00  1.25809663E-03
 1.15399401E+00  1.53411896E-03
 1.15442901E+00  1.83756815E-03
 1.15484532E+00  2.16193505E-03
 1.15524000E+00  2.50052951E-03
 1.15560624E+00  2.84564962E-03
 1.15593469E+00  3.18908421E-03
 1.15621395E+00  3.52026929E-03
 1.15642894E+00  3.82710601E-03
 1.15656921E+00  4.09952995E-03
 1.15662919E+00  4.32978034E-03
 1.15660352E+00  4.51304659E-03
 1.15648996E+00  4.64806493E-03
 1.15628764E+00  4.73387746E-03
 1.15599636E+00  4.76966061E-03
 1.15562192E+00  4.75594636E-03
 1.15517485E+00  4.69378000E-03
 1.15466773E+00  4.58674085E-03
 1.15411632E+00  4.44102563E-03
 1.15353739E+00  4.26296568E-03
 1.15294817E+00  4.05984647E-03
 1.15236938E+00  3.84010439E-03
 1.15182392E+00  3.61283166E-03
 1.15133511E+00  3.38950836E-03
 1.15092652E+00  3.18289441E-03
 1.15061894E+00  3.00372270E-03
 1.15042861E+00  2.86012301E-03
 1.15036706E+00  2.75625122E-03
 1.15044045E+00  2.69203438E-03
 1.15065160E+00  2.66705680E-03
 1.15100106E+00  2.68096130E-03
 1.15148736E+00  2.73303175E-03
 1.15210679E+00  2.82303500E-03
 1.15284935E+00  2.94793276E-03
 1.15369866E+00  3.10210062E-03
 1.15463381E+00  3.28037536E-03
 1.15562870E+00  3.47675987E-03
 1.15665499E+00  3.68466625E-03
 1.15768295E+00  3.89714487E-03
 1.15867907E+00  4.10373148E-03
 1.15960932E+00  4.29203129E-03
 1.16044323E+00  4.45218139E-03
 1.16115616E+00  4.57720375E-03
 1.16173478E+00  4.66478918E-03
 1.16217643E+00  4.71762437E-03
 1.16248092E+00  4.73797552E-03
 1.16264958E+00  4.72740656E-03
 1.16268306E+00  4.68790574E-03
 1.16258058E+00  4.62036935E-03
 1.16235053E+00  4.52802017E-03
 1.16200949E+00  4.41606012E-03
 1.16157604E+00  4.28740125E-03
 1.16107399E+00  4.14440288E-03
 1.16052828E+00  3.98986807E-03
 1.15996442E+00  3.82690907E-03
 1.15941705E+00  3.66284602E-03
 1.15892460E+00  3.50791852E-03
 1.15851921E+00  3.36951384E-03
 1.15822528E+00  3.25230469E-03
 1.15805206E+00  3.15753436E-03
 1.15799376E+00  3.08212728E-03
 1.15804459E+00  3.02421091E-03
 1.15819950E+00  2.98319617E-03
 1.15845331E+00  2.95708893E-03
 1.15880421E+00  2.94450581E-03
 1.15924127E+00  2.94302158E-03
 1.15974576E+00  2.94925603E-03
 1.16030257E+00  2.96329550E-03
 1.16089516E+00  2.98721765E-03
 1.16150586E+00  3.02234756E-03
 1.16211651E+00  3.06947553E-03
 1.16269648E+00  3.12605337E-03
 1.16320787E+00  3.18652350E-03
 1.16362139E+00  3.24773666E-03
 1.16391672E+00  3.30855173E-03
 1.16408750E+00  3.36888251E-03
 1.16414308E+00  3.43096232E-03
 1.16409067E+00  3.49567728E-03
 1.16393500E+00  3.56249729E-03
 1.16368393E+00  3.63277312E-03
 1.16334296E+00  3.70796786E-03
 1.16292439E+00  3.78910196E-03
 1.16244664E+00  3.87696329E-03
 1.16192037E+00  3.96899942E-03
 1.16135364E+00  4.06004001E-03
 1.16075679E+00  4.14569453E-03
 1.16014145E+00  4.22214967E-03
 1.15953135E+00  4.28712577E-03
 1.15895910E+00  4.34055581E-03
 1.15844852E+00  4.38133127E-03
 1.15801506E+00  4.40792159E-03
 1.15766482E+00  4.42064041E-03
 1.15739146E+00  4.41948696E-03
 1.15719157E+00  4.40281423E-03
 1.15706499E+00  4.36587025E-03
 1.15700634E+00  4.29604490E-03
 1.15701071E+00  4.17894031E-03
 1.15706957E+00  4.01464435E-03
 1.15717073E+00  3.82530612E-03
 1.15731065E+00  3.66621675E-03
 1.15749063E+00  3.60809789E-03
 1.15770899E+00  3.67578531E-03
 1.15796210E+00  3.81958011E-03
 1.15823729E+00  3.88230284E-03
 1.15851388E+00  3.64671854E-03
 1.15877832E+00  3.02426928E-03
 1.15902367E+00  2.13645358E-03
 1.15924742E+00  1.39870423E-03
 1.15945491E+00  1.41073919E-03
 1.15964872E+00  2.45538573E-03
 1.15982818E+00  4.30001587E-03
 1.15999770E+00  6.01732685E-03
 1.16016213E+00  6.22468982E-03
 1.16032691E+00  4.29268217E-03
 1.16049852E+00  8.06891424E-04
 1.16067557E+00 -2.06416352E-03
 1.16085100E+00 -1.25544461E-03
 1.16102022E+00  4.08172847E-03
 1.16118034E+00  1.12703027E-02
 1.16133398E+00  1.29913310E-02
 1.16148963E+00  3.12420324E-03
 1.16165077E+00 -6.82232009E-03
 1.16181643E+00  4.73995081E-05
 1.16198486E+00  1.22746280E-02
 1.16215059E+00  9.22450514E-03
 1.16231030E+00  4.15152007E-04
 1.16246338E+00  1.95899675E-03
 1.16260494E+00  6.44904417E-03
 1.16272920E+00  5.17402061E-03
 1.16283194E+00  3.21744756E-03
 1.16290996E+00  3.77875515E-03
 1.16296657E+00  4.10998363E-03
 1.16301057E+00  3.56941261E-03
 1.16304908E+00  3.25080283E-03
 1.16308785E+00  3.11906144E-03
 1.16313017E+00  2.88881984E-03
 1.16317549E+00  2.64454425E-03
 1.16322590E+00  2.44015375E-03
 1.16328550E+00  2.25682217E-03
 1.16335595E+00  2.09465245E-03
 1.16343882E+00  1.95606648E-03
 1.16353403E+00  1.83949352E-03
 1.16363961E+00  1.74413797E-03
 1.16375706E+00  1.66944460E-03
 1.16388943E+00  1.61569691E-03
 1.16403674E+00  1.58129514E-03
 1.16419664E+00  1.56301950E-03
 1.16436244E+00  1.55890762E-03
 1.16452283E+00  1.56700219E-03
 1.16466780E+00  1.58511108E-03
 1.16478850E+00  1.61094993E-03
 1.16487570E+00  1.63934487E-03
 1.16492194E+00  1.66327015E-03
 1.16491958E+00  1.67762097E-03
 1.16486143E+00  1.67915283E-03
 1.16474537E+00  1.66732011E-03
 1.16457279E+00  1.64476608E-03
 1.16434623E+00  1.61339952E-03
 1.16406944E+00  1.57433765E-03
 1.16374425E+00  1.52945246E-03
 1.16337099E+00  1.48005396E-03
 1.16295408E+00  1.42848073E-03
 1.16250136E+00  1.37799367E-03
 1.16202282E+00  1.32970992E-03
 1.16153187E+00  1.28368745E-03
 1.16104152E+00  1.24040547E-03
 1.16056422E+00  1.20059119E-03
 1.16011533E+00  1.16738369E-03
 1.15971064E+00  1.14588437E-03
 1.15936433E+00  1.13936236E-03
 1.15908843E+00  1.14946094E-03
 1.15888890E+00  1.17645258E-03
 1.15876612E+00  1.21845024E-03
 1.15872003E+00  1.27432208E-03
 1.15875003E+00  1.34373882E-03
 1.15885583E+00  1.42507490E-03
 1.15903816E+00  1.51664764E-03
 1.15929327E+00  1.61654250E-03
 1.15961339E+00  1.72252134E-03
 1.15999022E+00  1.83441756E-03
 1.16041312E+00  1.95348732E-03
 1.16087085E+00  2.08033981E-03
 1.16135197E+00  2.21511365E-03
 1.16184064E+00  2.35643411E-03
 1.16231896E+00  2.50129672E-03
 1.16277164E+00  2.64787963E-03
 1.16318645E+00  2.79533041E-03
 1.16355731E+00  2.94277806E-03
 1.16388442E+00  3.09011738E-03
 1.16416768E+00  3.23657662E-03
 1.16440654E+00  3.38063979E-03
 1.16460062E+00  3.52191998E-03
 1.16474823E+00  3.66031757E-03
 1.16485153E+00  3.79522237E-03
 1.16491615E+00  3.92570480E-03
 1.16494634E+00  4.04920876E-03
 1.16494712E+00  4.16176728E-03
 1.16492416E+00  4.25993887E-03
 1.16488346E+00  4.34073597E-03
 1.16483614E+00  4.40174934E-03
 1.16479638E+00  4.44162098E-03
 1.16477495E+00  4.45857710E-03
 1.16477902E+00  4.45064279E-03
 1.16481005E+00  4.41690174E-03
 1.16486320E+00  4.35694220E-03
 1.16493472E+00  4.27103691E-03
 1.16502225E+00  4.16024462E-03
 1.16512280E+00  4.02513638E-03
 1.16523505E+00  3.86625480E-03
 1.16535522E+00  3.68547404E-03
 1.16547758E+00  3.48585301E-03
 1.16560012E+00  3.27200358E-03
 1.16572239E+00  3.05016571E-03
 1.16584347E+00  2.82657493E-03
 1.16596218E+00  2.60734897E-03
 1.16607214E+00  2.39887553E-03
 1.16616308E+00  2.20695498E-03
 1.16622844E+00  2.03687529E-03
 1.16626497E+00  1.89286330E-03
 1.16627295E+00  1.77632784E-03
 1.16625760E+00  1.68719884E-03
 1.16622234E+00  1.62720014E-03
 1.16616873E+00  1.60133666E-03
 1.16610039E+00  1.62080258E-03
 1.16602030E+00  1.69804278E-03
 1.16593191E+00  1.83112806E-03
 1.16583919E+00  1.99642884E-03
 1.16574111E+00  2.13979271E-03
 1.16563341E+00  2.19292385E-03
 1.16551272E+00  2.13023810E-03
 1.16537633E+00  1.99625217E-03
 1.16522523E+00  1.93615903E-03
 1.16506417E+00  2.15110270E-03
 1.16489514E+00  2.72160815E-03
 1.16471813E+00  3.53072417E-03
 1.16453315E+00  4.18448292E-03
 1.16433845E+00  4.11609437E-03
 1.16413403E+00  3.05876390E-03
 1.16392164E+00  1.23340937E-03
 1.16370025E+00 -4.80898117E-04
 1.16346812E+00 -7.73942885E-04
 1.16322488E+00  9.52497563E-04
 1.16297100E+00  4.14765184E-03
 1.16271098E+00  6.76229042E-03
 1.16245283E+00  5.89868549E-03
 1.16220342E+00  7.57046284E-04
 1.16196872E+00 -6.12549863E-03
 1.16175376E+00 -7.81781221E-03
 1.16156147E+00  1.47778087E-03
 1.16139578E+00  1.08737333E-02
 1.16126119E+00  4.38308800E-03
 1.16115952E+00 -7.14886231E-03
 1.16109135E+00 -4.19471304E-03
 1.16105622E+00  4.23655491E-03
 1.16105243E+00  2.89513805E-03
 1.16108016E+00 -1.21116872E-03
 1.16114056E+00  1.59567318E-04
 1.16123232E+00  2.19291141E-03
 1.16135210E+00  1.85625109E-03
 1.16149430E+00  1.74561291E-03
 1.16165050E+00  2.46341399E-03
 1.16181284E+00  2.96915214E-03
 1.16197398E+00  3.29035480E-03
 1.16212540E+00  3.69005722E-03
 1.16225898E+00  4.08053752E-03
 1.16236703E+00  4.40419134E-03
 1.16244264E+00  4.67371639E-03
 1.16248261E+00  4.88598022E-03
 1.16248678E+00  5.03798456E-03
 1.16245555E+00  5.13076938E-03
 1.16238996E+00  5.16478677E-03
 1.16229043E+00  5.14094693E-03
 1.16215665E+00  5.05954957E-03
 1.16199134E+00  4.92434239E-03
 1.16179992E+00  4.74224317E-03
 1.16158895E+00  4.51900595E-03
 1.16136714E+00  4.26100740E-03
 1.16114339E+00  3.97552670E-03
 1.16092657E+00  3.67037297E-03
 1.16072795E+00  3.35786245E-03
 1.16055956E+00  3.05308987E-03
 1.16043207E+00  2.76813705E-03
 1.16035439E+00  2.51184558E-03
 1.16033118E+00  2.28815416E-03
 1.16036309E+00  2.09544724E-03
 1.16045062E+00  1.93285938E-03
 1.16059430E+00  1.80052724E-03
 1.16079494E+00  1.69768658E-03
 1.16105438E+00  1.62454786E-03
 1.16137151E+00  1.57885350E-03
 1.16174269E+00  1.55610777E-03
 1.16216450E+00  1.55450197E-03
 1.16263233E+00  1.57303288E-03
 1.16314116E+00  1.60995677E-03
 1.16368566E+00  1.66306333E-03
 1.16425685E+00  1.72564198E-03
 1.16484368E+00  1.78774603E-03
 1.16543685E+00  1.84263043E-03
 1.16602899E+00  1.88665030E-03
 1.16661643E+00  1.91981729E-03
 1.16719946E+00  1.94681444E-03
 1.16777717E+00  1.97101342E-03
 1.16834730E+00  1.99425223E-03
 1.16890715E+00  2.01972742E-03
 1.16945212E+00  2.04979763E-03
 1.16997878E+00  2.08777891E-03
 1.17048445E+00  2.13782469E-03
 1.17096334E+00  2.20007336E-03
 1.17140824E+00  2.27225471E-03
 1.17181190E+00  2.35265665E-03
 1.17216719E+00  2.43992626E-03
 1.17247104E+00  2.53624354E-03
 1.17272361E+00  2.64689691E-03
 1.17292316E+00  2.77419904E-03
 1.17306668E+00  2.91791233E-03
 1.17315011E+00  3.07623459E-03
 1.17316742E+00  3.24439168E-03
 1.17311527E+00  3.41882395E-03
 1.17299299E+00  3.59723566E-03
 1.17279958E+00  3.77487692E-03
 1.17253585E+00  3.94655160E-03
 1.17220476E+00  4.10719940E-03
 1.17181150E+00  4.25167321E-03
 1.17136737E+00  4.37829550E-03
 1.17088853E+00  4.48809667E-03
 1.17039162E+00  4.58111631E-03
 1.16989346E+00  4.65675602E-03
 1.16940886E+00  4.71282736E-03
 1.16894965E+00  4.74507083E-03
 1.16852897E+00  4.75120491E-03
 1.16815986E+00  4.73064195E-03
 1.16785178E+00  4.68249103E-03
 1.16761223E+00  4.60692563E-03
 1.16744598E+00  4.50387300E-03
 1.16735538E+00  4.37296631E-03
 1.16734502E+00  4.21656616E-03
 1.16741995E+00  4.03875422E-03
 1.16758024E+00  3.84354528E-03
 1.16782148E+00  3.63539582E-03
 1.16813373E+00  3.41790100E-03
 1.16850097E+00  3.19363520E-03
 1.16890718E+00  2.96658247E-03
 1.16933648E+00  2.74165692E-03
 1.16977070E+00  2.52371883E-03
 1.17019246E+00  2.31816535E-03
 1.17058510E+00  2.12964900E-03
 1.17093401E+00  1.96177701E-03
 1.17123262E+00  1.81832418E-03
 1.17148070E+00  1.70262862E-03
 1.17167891E+00  1.61728979E-03
 1.17182839E+00  1.56445632E-03
 1.17192718E+00  1.54510223E-03
 1.17197005E+00  1.55895632E-03
 1.17195726E+00  1.60488985E-03
 1.17189333E+00  1.68062474E-03
 1.17178336E+00  1.78268816E-03
 1.17163560E+00  1.90665197E-03
 1.17145756E+00  2.04718551E-03
 1.17125619E+00  2.19832094E-03
 1.17104494E+00  2.35393847E-03
 1.17084010E+00  2.50805098E-03
 1.17065465E+00  2.65505252E-03
 1.17049807E+00  2.79033675E-03
 1.17037144E+00  2.91101078E-03
 1.17026768E+00  3.01569741E-03
 1.17018154E+00  3.10366974E-03
 1.17010965E+00  3.17446471E-03
 1.17004961E+00  3.22704179E-03
 1.17000265E+00  3.25990003E-03
 1.16996695E+00  3.27303629E-03
 1.16993857E+00  3.26772441E-03
 1.16991902E+00  3.24576517E-03
 1.16991182E+00  3.21002619E-03
 1.16992080E+00  3.16335445E-03
 1.16995006E+00  3.10864835E-03
 1.16999633E+00  3.05055045E-03
 1.17005092E+00  2.99438342E-03
 1.17010943E+00  2.94448456E-03
 1.17017070E+00  2.90395263E-03
 1.17023720E+00  2.87311940E-03
 1.17031677E+00  2.84971499E-03
 1.17041389E+00  2.83185323E-03
 1.17052988E+00  2.81818383E-03
 1.17066858E+00  2.80789486E-03
 1.17083252E+00  2.80146376E-03
 1.17102348E+00  2.79833235E-03
 1.17124248E+00  2.79729039E-03
 1.17148282E+00  2.79881536E-03
 1.17173217E+00  2.80394366E-03
 1.17197901E+00  2.81393955E-03
 1.17221241E+00  2.83016204E-03
 1.17242531E+00  2.85140280E-03
 1.17261540E+00  2.87463575E-03
 1.17277751E+00  2.89828106E-03
 1.17290501E+00  2.92186423E-03
 1.17299387E+00  2.94633099E-03
 1.17304015E+00  2.97456050E-03
 1.17304263E+00  3.00821623E-03
 1.17300266E+00  3.04784785E-03
 1.17291775E+00  3.09473976E-03
 1.17278399E+00  3.14958082E-03
 1.17260127E+00  3.21277560E-03
 1.17237235E+00  3.28438978E-03
 1.17210551E+00  3.36163432E-03
 1.17181471E+00  3.43966310E-03
 1.17151270E+00  3.51384142E-03
 1.17121127E+00  3.57971493E-03
 1.17092327E+00  3.63432380E-03
 1.17065987E+00  3.67651120E-03
 1.17043244E+00  3.70411042E-03
 1.17025165E+00  3.71450417E-03
 1.17012187E+00  3.70610316E-03
 1.17004293E+00  3.67741920E-03
 1.17001376E+00  3.62808430E-03
 1.17003226E+00  3.55874900E-03
 1.17009901E+00  3.46866672E-03
 1.17021695E+00  3.35665424E-03
 1.17038441E+00  3.22303886E-03
 1.17059606E+00  3.06935582E-03
 1.17084505E+00  2.89932480E-03
 1.17112117E+00  2.71892120E-03
 1.17141489E+00  2.53371213E-03
 1.17171733E+00  2.34895291E-03
 1.17201534E+00  2.17036127E-03
 1.17229451E+00  2.00302968E-03
 1.17254252E+00  1.85210014E-03
 1.17274949E+00  1.72238105E-03
 1.17291232E+00  1.61614152E-03
 1.17303422E+00  1.53381056E-03
 1.17311795E+00  1.47543358E-03
 1.17316587E+00  1.44066974E-03
 1.17317984E+00  1.43021392E-03
 1.17315974E+00  1.44570186E-03
 1.17310932E+00  1.48690107E-03
 1.17303557E+00  1.55208643E-03
 1.17294387E+00  1.63893233E-03
 1.17284029E+00  1.74376163E-03
 1.17273103E+00  1.86310736E-03
 1.17262217E+00  1.99369719E-03
 1.17252479E+00  2.13044072E-03
 1.17245283E+00  2.26760196E-03
 1.17241684E+00  2.40025118E-03
 1.17242401E+00  2.52437061E-03
 1.17247603E+00  2.63857249E-03
 1.17256837E+00  2.74392424E-03
 1.17269740E+00  2.84114219E-03
 1.17286041E+00  2.93060629E-03
 1.17305334E+00  3.01234354E-03
 1.17327292E+00  3.08539496E-03
 1.17351311E+00  3.15012847E-03
 1.17376529E+00  3.20796810E-03
 1.17402362E+00  3.25937175E-03
 1.17428312E+00  3.30480144E-03
 1.17453792E+00  3.34467289E-03
 1.17478175E+00  3.37930399E-03
 1.17500401E+00  3.41110802E-03
 1.17519105E+00  3.44380178E-03
 1.17533273E+00  3.47978399E-03
 1.17542246E+00  3.52026496E-03
 1.17545768E+00  3.56459519E-03
 1.17544109E+00  3.60995272E-03
 1.17537482E+00  3.65418221E-03
 1.17526034E+00  3.69578844E-03
 1.17510149E+00  3.73282352E-03
 1.17490248E+00  3.76386958E-03
 1.17466983E+00  3.78698471E-03
 1.17441245E+00  3.79979838E-03
 1.17413712E+00  3.80170532E-03
 1.17384980E+00  3.79310129E-03
 1.17355789E+00  3.77424110E-03
 1.17326963E+00  3.74535836E-03
 1.17299660E+00  3.70517466E-03
 1.17275296E+00  3.65114068E-03
 1.17254976E+00  3.58206846E-03
 1.17239474E+00  3.49792113E-03
 1.17229224E+00  3.39947477E-03
 1.17224208E+00  3.28893687E-03
 1.17224404E+00  3.16813043E-03
 1.17229822E+00  3.03852438E-03
 1.17240255E+00  2.90285383E-03
 1.17255427E+00  2.76428139E-03
 1.17274821E+00  2.62620758E-03
 1.17297657E+00  2.49240668E-03
 1.17323263E+00  2.36554058E-03
 1.17350962E+00  2.24743089E-03
 1.17379934E+00  2.14046409E-03
 1.17409263E+00  2.04732475E-03
 1.17437733E+00  1.97124552E-03
 1.17463918E+00  1.91612204E-03
 1.17486664E+00  1.88489542E-03
 1.17505136E+00  1.87952353E-03
 1.17518887E+00  1.90158556E-03
 1.17527932E+00  1.95174560E-03
 1.17532299E+00  2.03032035E-03
 1.17531991E+00  2.13732575E-03
 1.17527131E+00  2.27145565E-03
 1.17517843E+00  2.43035422E-03
 1.17504513E+00  2.61085233E-03
 1.17487785E+00  2.80873127E-03
 1.17468198E+00  3.01922738E-03
 1.17446315E+00  3.23710796E-03
 1.17422805E+00  3.45630787E-03
 1.17398401E+00  3.67028901E-03
 1.17374204E+00  3.87238911E-03
 1.17351544E+00  4.05598322E-03
 1.17331474E+00  4.21507050E-03
 1.17314739E+00  4.34473706E-03
 1.17301653E+00  4.44148835E-03
 1.17292040E+00  4.50331977E-03
 1.17285770E+00  4.52915684E-03
 1.17282792E+00  4.51862980E-03
 1.17282970E+00  4.47178217E-03
 1.17286247E+00  4.38921524E-03
 1.17292350E+00  4.27344417E-03
 1.17300813E+00  4.12892110E-03
 1.17311407E+00  3.96160570E-03
 1.17323976E+00  3.77915799E-03
 1.17338300E+00  3.58982148E-03
 1.17354111E+00  3.40215027E-03
 1.17370732E+00  3.22569103E-03
 1.17387195E+00  3.06998811E-03
 1.17402820E+00  2.94361422E-03
 1.17417210E+00  2.85350196E-03
 1.17430299E+00  2.80317325E-03
 1.17442446E+00  2.79302189E-03
 1.17453894E+00  2.82263820E-03
 1.17464754E+00  2.89109960E-03
 1.17475268E+00  2.99781011E-03
 1.17485618E+00  3.14265678E-03
 1.17496072E+00  3.32272867E-03
 1.17506983E+00  3.53261991E-03
 1.17518346E+00  3.76615787E-03
 1.17529939E+00  4.01545464E-03
 1.17541601E+00  4.27235781E-03
 1.17553208E+00  4.52860777E-03
 1.17564954E+00  4.77327651E-03
 1.17577314E+00  4.99442490E-03
 1.17590494E+00  5.18194837E-03
 1.17604463E+00  5.32804427E-03
 1.17619047E+00  5.42956145E-03
 1.17633799E+00  5.48791590E-03
 1.17648372E+00  5.50459131E-03
 1.17662529E+00  5.48095127E-03
 1.17675802E+00  5.41834141E-03
 1.17687677E+00  5.31711413E-03
 1.17697633E+00  5.18048937E-03
 1.17705129E+00  5.01416491E-03
 1.17709914E+00  4.82291765E-03
 1.17711966E+00  4.61214701E-03
 1.17711178E+00  4.38761231E-03
 1.17707389E+00  4.15524899E-03
 1.17700315E+00  3.92478873E-03
 1.17689511E+00  3.70815599E-03
 1.17674739E+00  3.51474836E-03
 1.17655950E+00  3.35131726E-03
 1.17633133E+00  3.22032735E-03
 1.17606431E+00  3.11948566E-03
 1.17576010E+00  3.04715055E-03
 1.17542052E+00  3.00243618E-03
 1.17505006E+00  2.98361918E-03
 1.17465503E+00  2.98975984E-03
 1.17424246E+00  3.01779390E-03
 1.17382052E+00  3.06274922E-03
 1.17339730E+00  3.12192761E-03
 1.17298065E+00  3.19332347E-03
 1.17257982E+00  3.27430165E-03
 1.17220491E+00  3.36187534E-03
 1.17186606E+00  3.44939124E-03
 1.17157361E+00  3.52755987E-03
 1.17133672E+00  3.58979916E-03
 1.17116280E+00  3.63213991E-03
 1.17105785E+00  3.65363687E-03
