# x =
 4.60383078E+01
# y =
 3.25097170E+00
 VARIABLES = u,v
 1.05449405E+00 -4.33005589E-02
 1.06089158E+00 -4.18285516E-02
 1.04519311E+00 -2.28109005E-02
 1.02016769E+00  8.00355494E-03
 1.01522608E+00  3.81384797E-02
 1.04436071E+00  5.79093249E-02
 1.10117722E+00  6.03980629E-02
 1.17000498E+00  4.65014823E-02
 1.22106412E+00  2.56766419E-02
 1.23631314E+00  3.10304198E-03
 1.21785945E+00 -1.89098294E-02
 1.17482072E+00 -3.54744510E-02
 1.12828877E+00 -4.39702386E-02
 1.09353430E+00 -4.02379813E-02
 1.07254386E+00 -1.99776000E-02
 1.06717102E+00  9.71987335E-03
 1.07362979E+00  3.51890279E-02
 1.09017301E+00  4.65769435E-02
 1.11989580E+00  3.82378770E-02
 1.15456538E+00  1.60085367E-02
 1.18080335E+00 -3.64766191E-03
 1.18817598E+00 -1.18018160E-02
 1.16939453E+00 -7.38927150E-03
 1.13520403E+00  5.50299372E-03
 1.11038610E+00  1.45031027E-02
 1.10960510E+00  1.41230331E-02
 1.13626476E+00  7.59946158E-03
 1.17807495E+00 -2.35600392E-03
 1.20605774E+00 -9.49628808E-03
 1.20466972E+00 -1.08034023E-02
 1.17501369E+00 -9.75904780E-03
 1.12716855E+00 -7.62450968E-03
 1.08527862E+00 -5.81299068E-03
 1.06340191E+00 -5.49834860E-03
 1.06007576E+00 -4.54974117E-03
 1.07224487E+00 -2.21284966E-03
 1.08916252E+00  1.28805421E-03
 1.10503637E+00  6.21165960E-03
 1.12418413E+00  1.14916737E-02
 1.14620740E+00  1.61274663E-02
 1.17052724E+00  1.96115955E-02
 1.19470781E+00  2.11084640E-02
 1.21046010E+00  2.01978334E-02
 1.21471990E+00  1.68613244E-02
 1.20820150E+00  1.13044266E-02
 1.19099165E+00  4.23848691E-03
 1.16643818E+00 -3.04621491E-03
 1.13828117E+00 -8.39483245E-03
 1.10940575E+00 -9.28344265E-03
 1.08516728E+00 -4.12960818E-03
 1.07091462E+00  6.82986083E-03
 1.06907007E+00  2.01347443E-02
 1.08024298E+00  2.99607625E-02
 1.10363075E+00  3.21239031E-02
 1.13588149E+00  2.52940269E-02
 1.17113350E+00  1.24306131E-02
 1.20210342E+00  4.20334307E-04
 1.22113054E+00 -6.52032241E-03
 1.22279272E+00 -7.87500601E-03
 1.20849875E+00 -6.14288177E-03
 1.18495754E+00 -7.29630918E-03
 1.15731463E+00 -1.34554267E-02
 1.12877835E+00 -2.14044643E-02
 1.09939596E+00 -2.52157483E-02
 1.06660237E+00 -1.61051483E-02
 1.03621054E+00  9.62768856E-03
 1.02379748E+00  4.71359858E-02
 1.05208335E+00  8.42218807E-02
 1.13148200E+00  1.02624523E-01
 1.20775094E+00  9.03486295E-02
 1.20818202E+00  4.72558851E-02
 1.16992535E+00 -1.32851480E-02
 1.17088482E+00 -6.56279709E-02
 1.17473036E+00 -9.13137511E-02
 1.12227440E+00 -8.42984854E-02
 1.05385387E+00 -4.99749164E-02
 1.01985471E+00 -7.60715600E-03
 1.01703681E+00  3.00690419E-02
 1.04327394E+00  5.89774384E-02
 1.09851903E+00  7.25130679E-02
 1.15866434E+00  6.95359282E-02
 1.20118305E+00  4.86470646E-02
 1.21637967E+00  9.82248783E-03
 1.20536351E+00 -2.46220100E-02
 1.18217151E+00 -2.95382094E-02
 1.15254514E+00 -1.81940257E-02
 1.11548135E+00 -1.83416717E-02
 1.07939180E+00 -2.27109208E-02
 1.05257319E+00 -1.04844245E-02
 1.04503395E+00  2.69596228E-02
 1.06826843E+00  9.00950080E-02
 1.11453616E+00  1.32332459E-01
 1.16281154E+00  9.15884356E-02
 1.19794092E+00  1.02486232E-02
 1.20826719E+00 -2.43003284E-02
 1.19231927E+00 -2.59375515E-02
 1.16202863E+00 -3.77695150E-02
 1.12246557E+00 -4.14796819E-02
 1.07546894E+00 -2.76229165E-02
 1.03225297E+00 -1.40091447E-02
 1.00416631E+00  2.25332201E-03
 1.00314871E+00  4.18419031E-02
 1.03935497E+00  1.11002381E-01
 1.10186568E+00  1.59750308E-01
 1.16512256E+00  1.26140304E-01
 1.21063320E+00  4.97903442E-02
 1.22660890E+00  1.19144064E-02
 1.21500276E+00  2.61168530E-03
 1.19316478E+00 -1.44205226E-02
 1.16651041E+00 -3.08075030E-02
 1.12917662E+00 -4.65413755E-02
 1.07492708E+00 -5.63787638E-02
 1.00327579E+00 -2.91850464E-02
 9.61441755E-01  3.76904155E-02
 1.00706601E+00  1.14680166E-01
 1.09441614E+00  1.48595356E-01
 1.13436407E+00  8.66223208E-02
 1.13147006E+00 -1.88847923E-02
 1.12017437E+00 -6.17545789E-02
 1.08902046E+00 -5.52704952E-02
 1.04404760E+00 -6.04355315E-02
 1.01504037E+00 -6.37269369E-02
 1.01179917E+00 -5.25654745E-02
 1.02673630E+00 -2.86085094E-02
 1.04724253E+00  2.58924920E-02
 1.07302776E+00  7.46278466E-02
 1.11033363E+00  5.59181187E-02
 1.15043719E+00 -1.41579149E-03
 1.18098057E+00 -3.40898004E-02
 1.19162259E+00 -4.36466724E-02
 1.17087172E+00 -4.42174643E-02
 1.12396337E+00 -2.82829031E-02
 1.07056522E+00 -5.99336986E-03
 1.02483461E+00  1.45344242E-02
 9.99178790E-01  4.37942812E-02
 1.00400180E+00  8.85442237E-02
 1.03950989E+00  1.45223747E-01
 1.10328378E+00  1.76338094E-01
 1.18275158E+00  1.35731022E-01
 1.23525766E+00  5.69723090E-02
 1.22293726E+00  9.32756154E-03
 1.18388023E+00 -1.16457039E-02
 1.18131425E+00 -3.25503785E-02
 1.17920973E+00 -3.85279576E-02
 1.11751439E+00 -2.55018163E-02
 1.05653808E+00 -1.04670592E-02
 1.07507683E+00  1.78635848E-03
 1.13202340E+00  1.36288939E-02
 1.16088492E+00  2.52814728E-02
 1.16776178E+00  3.03061820E-02
 1.16469189E+00  2.07847754E-02
 1.14249896E+00  2.72956391E-03
 1.11421097E+00 -1.10981831E-02
 1.09414835E+00 -1.31606319E-02
 1.08473401E+00  7.18771870E-04
 1.10261712E+00  2.27885661E-02
 1.15471839E+00  3.41816075E-02
 1.19680235E+00  2.58010782E-02
 1.17855288E+00 -1.23175806E-03
 1.13330766E+00 -3.79698547E-02
 1.12330478E+00 -6.48946298E-02
 1.11810994E+00 -7.08007988E-02
 1.06612176E+00 -5.65224289E-02
 1.00332464E+00 -2.76239485E-02
 9.78617061E-01  1.92754074E-03
 9.89368388E-01  2.29188255E-02
 1.02959238E+00  3.51196283E-02
 1.09396551E+00  3.83358882E-02
 1.15391115E+00  3.62282024E-02
 1.18582281E+00  3.04051347E-02
 1.18396283E+00  1.81049329E-02
 1.15835302E+00  2.47583447E-03
 1.13531736E+00 -1.10352217E-02
 1.12921087E+00 -1.80114147E-02
 1.13884281E+00 -1.41493302E-02
 1.15839140E+00 -3.76034330E-03
 1.17099078E+00  2.24732062E-03
 1.16864715E+00 -2.18863280E-03
 1.15635868E+00 -1.84738765E-02
 1.13403658E+00 -4.08689591E-02
 1.10403526E+00 -5.59392257E-02
 1.06857560E+00 -5.65775748E-02
 1.02606874E+00 -4.32591812E-02
 9.87274256E-01 -2.06477293E-02
 9.69723892E-01  2.75239970E-05
 9.83763646E-01  1.21022343E-02
 1.03280125E+00  1.60043350E-02
 1.10302849E+00  1.31228214E-02
 1.16542083E+00  8.61045833E-03
 1.20061970E+00  5.44945398E-03
 1.20180212E+00  2.19380206E-03
 1.17667711E+00 -2.33774756E-04
 1.14986042E+00 -1.02428934E-03
 1.13568792E+00  6.54042629E-04
 1.13526681E+00  6.83418539E-03
 1.14608569E+00  1.47115113E-02
 1.15558050E+00  1.84160223E-02
 1.15872727E+00  1.45089488E-02
 1.16050848E+00  1.77942801E-03
 1.15792677E+00 -1.53458099E-02
 1.14778632E+00 -2.72694653E-02
 1.12762869E+00 -2.82376790E-02
 1.09346256E+00 -1.70389860E-02
 1.05606792E+00  3.25062272E-03
 1.03579606E+00  2.39852237E-02
 1.04443625E+00  3.94308042E-02
 1.08531866E+00  4.77146672E-02
 1.14558019E+00  4.68725118E-02
 1.19653731E+00  3.76660365E-02
 1.21971564E+00  2.02011895E-02
 1.20939056E+00 -6.14907081E-03
 1.17009523E+00 -3.58659427E-02
 1.12132034E+00 -6.01937944E-02
 1.07559318E+00 -7.14963837E-02
 1.03648279E+00 -6.35893073E-02
 1.01211935E+00 -3.76329767E-02
 1.00665618E+00 -2.27989062E-03
 1.02529637E+00  3.40107989E-02
 1.07374357E+00  6.09656090E-02
 1.13757640E+00  6.39766601E-02
 1.19047057E+00  3.81088382E-02
 1.21300028E+00  8.06193383E-03
 1.19403347E+00  5.24970367E-03
 1.14548764E+00  1.23283389E-02
 1.10027737E+00 -5.26814977E-03
 1.07807914E+00 -2.40054243E-02
 1.08439243E+00 -7.81564397E-03
 1.11376555E+00  2.27041756E-02
 1.14351080E+00  3.67440059E-02
 1.16262140E+00  3.53083479E-02
 1.17332045E+00  2.10658223E-02
 1.17155260E+00 -4.74220431E-03
 1.15774589E+00 -2.66406057E-02
 1.13079991E+00 -3.35690947E-02
 1.08619797E+00 -2.53352133E-02
 1.03920911E+00 -6.80377174E-03
 1.01548922E+00  9.90830404E-03
 1.02998065E+00  1.83273417E-02
 1.08594277E+00  1.99323863E-02
 1.15895121E+00  1.54277209E-02
 1.20267588E+00  8.77197582E-03
 1.19325383E+00  1.90279852E-03
 1.13708548E+00 -7.76196477E-03
 1.07716652E+00 -1.82725691E-02
 1.07215973E+00 -2.60378122E-02
 1.09514019E+00 -2.83583425E-02
 1.07779538E+00 -2.18201936E-02
 1.05664345E+00 -8.37388133E-03
 1.08987152E+00  5.66245739E-03
 1.12704450E+00  1.67925383E-02
 1.11042256E+00  2.36539823E-02
 1.07857738E+00  2.84154836E-02
 1.08314859E+00  3.72423019E-02
 1.11196751E+00  5.20157353E-02
 1.14409367E+00  6.96087421E-02
 1.18158397E+00  8.38138428E-02
 1.21342681E+00  8.47355872E-02
 1.22469085E+00  6.68830359E-02
 1.21551962E+00  3.19720934E-02
 1.18845604E+00 -1.27245903E-02
 1.14831234E+00 -5.39798863E-02
 1.10091983E+00 -8.13564492E-02
 1.05011842E+00 -9.03693895E-02
 1.00512996E+00 -8.09130569E-02
 9.77392040E-01 -5.90073084E-02
 9.76189289E-01 -2.93150688E-02
 1.00726588E+00  5.42411959E-03
 1.06283481E+00  3.81301439E-02
 1.12404450E+00  6.13311346E-02
 1.17512232E+00  6.76671405E-02
 1.20423049E+00  5.14857156E-02
 1.20759284E+00  1.93560345E-02
 1.19218285E+00 -1.34897099E-02
 1.16115546E+00 -3.55079783E-02
 1.11677540E+00 -3.94649596E-02
 1.07130758E+00 -2.77353842E-02
 1.03900956E+00 -1.30078067E-02
 1.03359221E+00 -1.50205445E-03
 1.06444697E+00  6.22216068E-03
 1.11825636E+00  8.78962299E-03
 1.16548847E+00  9.07400779E-03
 1.18558328E+00  6.24975372E-03
 1.16820307E+00 -4.22085898E-03
 1.12024933E+00 -1.80056734E-02
 1.06819408E+00 -2.70368221E-02
 1.02743325E+00 -2.57137012E-02
 1.00299884E+00 -9.73290657E-03
 1.00316968E+00  1.56224562E-02
 1.02766857E+00  3.68641791E-02
 1.07624399E+00  4.63203035E-02
 1.14583172E+00  4.16174121E-02
 1.20286247E+00  2.53806559E-02
 1.21141601E+00  7.66944730E-03
 1.19202087E+00 -6.08041470E-03
 1.18381631E+00 -1.57448099E-02
 1.16356272E+00 -1.98301526E-02
 1.09889345E+00 -1.94674334E-02
 1.03735332E+00 -1.44142602E-02
 1.03685652E+00 -2.17832167E-03
 1.07267586E+00  1.33101092E-02
 1.09916473E+00  2.49153747E-02
 1.12202973E+00  2.73303541E-02
 1.15064106E+00  1.65508979E-02
 1.17024209E+00 -4.22967882E-03
 1.17605340E+00 -2.52936872E-02
 1.16559576E+00 -4.03719691E-02
 1.12994153E+00 -4.61490743E-02
 1.07829638E+00 -4.17369685E-02
 1.03214694E+00 -3.10810454E-02
 1.00698498E+00 -1.57299676E-02
 1.01360978E+00  4.46651184E-03
 1.04687455E+00  2.46857310E-02
 1.08547942E+00  3.89848911E-02
 1.11782159E+00  4.20783891E-02
 1.14040295E+00  2.99279874E-02
 1.15134356E+00  7.46425972E-03
 1.15730843E+00 -1.38160821E-02
 1.15845698E+00 -2.64416201E-02
 1.14849165E+00 -2.72170329E-02
 1.13178200E+00 -1.97441187E-02
 1.11521760E+00 -1.45542198E-02
 1.10266656E+00 -1.49164408E-02
 1.09583091E+00 -1.53974096E-02
 1.07962629E+00 -5.09228348E-03
 1.04044028E+00  3.02109176E-02
 1.01666518E+00  8.72375351E-02
 1.05439299E+00  1.35702741E-01
 1.10355921E+00  1.15387069E-01
 1.08225143E+00 -1.92772326E-02
 1.00961180E+00 -1.80478385E-01
 9.43294429E-01 -2.27589340E-01
 8.98579821E-01 -2.00098121E-01
 8.91323317E-01 -2.09694655E-01
 9.10609421E-01 -2.23786140E-01
 9.04258531E-01 -1.87725051E-01
 8.67847258E-01 -1.15912604E-01
 8.34300931E-01 -6.73574140E-03
 8.30755676E-01  1.17236392E-01
 8.84805289E-01  1.94040402E-01
 9.55978722E-01  2.24323212E-01
 9.62805932E-01  2.42121189E-01
 9.26874166E-01  2.38096670E-01
 9.12411305E-01  2.11981483E-01
 9.03712923E-01  2.13006278E-01
 8.82222748E-01  2.65367221E-01
 8.82444848E-01  2.80516182E-01
 9.22763046E-01  1.58756931E-01
 9.78494658E-01  2.03847196E-03
 1.01747808E+00 -2.57201633E-02
 1.02212823E+00 -4.27048805E-03
 9.76890285E-01 -7.86981784E-02
 8.64349968E-01 -1.77754979E-01
 7.01524347E-01 -1.95931010E-01
 5.80527250E-01 -1.54271765E-01
 5.97861987E-01 -7.92092213E-02
 6.97028559E-01 -5.77819601E-03
 7.55308045E-01 -5.45386376E-03
 8.09585026E-01 -4.10074240E-02
 9.37684818E-01 -1.58001120E-02
 1.07283086E+00  3.08687548E-02
 1.13402074E+00  1.64479804E-02
 1.11785725E+00 -4.29991810E-02
 1.02288451E+00 -1.17427418E-01
 8.66356850E-01 -1.88651580E-01
 7.13103571E-01 -2.09642105E-01
 6.14541034E-01 -1.74979877E-01
 5.88519108E-01 -1.29674401E-01
 6.07505030E-01 -1.11736094E-01
 6.16596486E-01 -1.41323582E-01
 6.44223731E-01 -1.53854266E-01
 7.53711915E-01 -5.30785626E-02
 8.93111828E-01  7.50370547E-02
 9.82758489E-01  7.78545134E-02
 1.04028447E+00  1.41543924E-02
 1.09481409E+00  8.32638755E-03
 1.12039139E+00  4.94561616E-02
 1.10361168E+00  1.07412187E-01
 1.07432539E+00  1.52519228E-01
 1.05764695E+00  1.17326808E-01
 1.04352860E+00  5.29702233E-02
 1.01545577E+00  7.71366976E-02
 9.84627722E-01  1.44713236E-01
 9.75425838E-01  1.57442444E-01
 1.01729049E+00  1.42273150E-01
 1.12161375E+00  1.27337960E-01
 1.19145587E+00  5.27693168E-02
 1.10905281E+00 -1.00004358E-01
 9.79821254E-01 -2.03760020E-01
 9.82520405E-01 -1.29857385E-01
 1.02535215E+00  5.20543071E-03
 9.37475057E-01  1.07200436E-03
 7.70067955E-01 -8.17967578E-02
 6.13433987E-01 -1.02570624E-01
 4.66483403E-01 -1.05250840E-01
 3.61562656E-01 -1.31745628E-01
 3.26942642E-01 -1.14996049E-01
 3.43119556E-01 -3.06421200E-02
 4.41072334E-01  5.97144906E-02
 6.45624347E-01  9.38492741E-02
 8.36760191E-01  7.77483720E-02
 8.76983853E-01  5.42013649E-02
 8.44992270E-01  5.93759984E-02
 8.97918736E-01  1.22570121E-01
 1.00426996E+00  1.89326182E-01
 1.07645638E+00  1.57862281E-01
 1.12080672E+00  6.49488316E-02
 1.11267610E+00  1.33608216E-02
 9.89660050E-01  5.93175327E-03
 7.69781501E-01  1.97691719E-02
 6.07453473E-01  2.88212402E-02
 6.65591983E-01 -2.19256167E-02
 8.29869769E-01 -8.20042527E-02
 8.72509487E-01 -4.40908623E-02
 8.83555331E-01  5.00650254E-02
 1.03148379E+00  1.01145786E-01
 1.17793795E+00  1.01211505E-01
 1.16673414E+00  5.95877877E-02
 1.10392439E+00  6.34710215E-03
 1.11508860E+00  1.42083924E-02
 1.15165333E+00  6.32595083E-02
 1.15202684E+00  7.41120225E-02
 1.14653559E+00  5.52725210E-02
 1.15109747E+00  3.91660371E-02
 1.14388653E+00  2.42002058E-02
 1.12911489E+00  2.50999971E-02
 1.13056820E+00  3.57167441E-02
 1.15895164E+00  2.18441182E-02
 1.18728816E+00 -5.96274129E-03
 1.17721918E+00 -1.89729551E-02
 1.14679114E+00 -2.34409327E-02
 1.13457753E+00 -2.62847026E-02
 1.12465271E+00 -1.54330374E-02
 1.09310586E+00  1.52934038E-02
 1.06104193E+00  6.34878995E-02
 1.05207449E+00  1.24399757E-01
 1.06653077E+00  1.81784737E-01
 1.10467970E+00  2.11063541E-01
 1.16534072E+00  1.96298648E-01
 1.22476456E+00  1.35867323E-01
 1.22717978E+00  5.12346495E-02
 1.12978953E+00 -1.74967492E-02
 9.96928546E-01 -4.48254335E-02
 9.40156058E-01 -2.78596749E-02
 9.52835049E-01  9.06065085E-03
 9.72232099E-01  2.58609336E-02
 9.91906559E-01  3.53365707E-02
 1.00466508E+00  7.53171816E-02
 1.02568788E+00  1.13209997E-01
 1.10361997E+00  1.02443051E-01
 1.18757456E+00  6.68329277E-02
 1.18697777E+00  4.40906239E-02
 1.14184274E+00  3.79032240E-02
 1.13147150E+00  4.80358852E-02
 1.14571984E+00  6.17847451E-02
 1.16341950E+00  5.15827192E-02
 1.19119922E+00  3.57985292E-02
 1.21102063E+00  5.19922505E-02
 1.20607402E+00  7.07574873E-02
 1.18274027E+00  4.73473945E-02
 1.14765071E+00  6.29277834E-03
 1.11130300E+00 -1.32269878E-02
 1.08083911E+00 -1.63535846E-02
 1.05446555E+00 -1.21191068E-02
 1.03700028E+00  3.38795580E-03
 1.03460945E+00  2.15943444E-02
 1.05030845E+00  3.33935395E-02
 1.08688671E+00  3.91883466E-02
 1.13587668E+00  3.77741542E-02
 1.17987615E+00  2.88663368E-02
 1.20608269E+00  1.23323728E-02
 1.20649834E+00 -1.31399979E-02
 1.18310407E+00 -4.14057236E-02
 1.14927065E+00 -6.19938707E-02
 1.11407119E+00 -6.73630437E-02
 1.08280160E+00 -5.32188683E-02
 1.06214869E+00 -2.50804554E-02
 1.05455162E+00  2.78859774E-03
 1.06436588E+00  2.11707816E-02
 1.09557559E+00  2.65580761E-02
 1.13719815E+00  2.12696408E-02
 1.17037869E+00  1.54240446E-02
 1.18158148E+00  1.35275755E-02
 1.16474088E+00  1.37316960E-02
 1.13382311E+00  1.49008515E-02
 1.11835505E+00  1.28698690E-02
 1.13180772E+00  6.68852699E-03
 1.16752145E+00  3.43503596E-04
 1.19622337E+00 -6.06949640E-03
 1.17979051E+00 -1.34089527E-02
 1.14040286E+00 -2.16700136E-02
 1.12906822E+00 -3.21141076E-02
 1.12117648E+00 -4.21999635E-02
 1.07515222E+00 -4.64730939E-02
 1.02808188E+00 -4.23315438E-02
 1.02456889E+00 -2.92717095E-02
 1.04331601E+00 -9.96865055E-03
 1.05515501E+00  9.11894664E-03
 1.07114141E+00  2.35973674E-02
 1.10217324E+00  3.17264627E-02
 1.13743324E+00  3.32874052E-02
 1.16984054E+00  3.08893021E-02
 1.19663304E+00  2.59154038E-02
 1.20944166E+00  1.81031923E-02
 1.20432848E+00  8.67822170E-03
 1.18347101E+00 -1.13569679E-03
 1.14942465E+00 -9.20447882E-03
 1.10819964E+00 -1.22304275E-02
 1.06993740E+00 -9.47118848E-03
 1.04538525E+00 -2.12004212E-03
 1.04409840E+00  8.35754417E-03
 1.06978545E+00  1.89521898E-02
 1.11198820E+00  2.57337751E-02
 1.15017535E+00  2.51863385E-02
 1.16870348E+00  1.45963931E-02
 1.15978220E+00 -5.62589386E-03
 1.12862774E+00 -2.83099454E-02
 1.09416464E+00 -4.21285763E-02
 1.06831043E+00 -3.92884002E-02
 1.05603895E+00 -1.80749864E-02
 1.06369484E+00  1.29907825E-02
 1.09000303E+00  3.66079976E-02
 1.13069841E+00  4.16233861E-02
 1.17412797E+00  2.54339376E-02
 1.17882823E+00 -6.35248791E-03
 1.10967971E+00 -3.82753891E-02
 1.01571489E+00 -6.07714460E-02
 9.78215903E-01 -7.21404675E-02
 9.83989010E-01 -7.14346454E-02
 9.83031765E-01 -6.29421022E-02
 9.91230881E-01 -4.80919524E-02
 1.02770289E+00 -2.43317359E-02
 1.08350389E+00  3.13827539E-03
 1.15725281E+00  2.61582390E-02
 1.21742674E+00  3.77800190E-02
 1.21575267E+00  3.15795202E-02
 1.17313847E+00  1.15020805E-02
 1.14306185E+00 -1.00675007E-02
 1.12803138E+00 -2.54224065E-02
 1.11716828E+00 -3.06697080E-02
 1.11606244E+00 -2.70875893E-02
 1.11474908E+00 -2.31845078E-02
 1.10594717E+00 -2.20656963E-02
 1.09785373E+00 -2.17254752E-02
 1.09151175E+00 -2.20316751E-02
 1.08623933E+00 -2.07380536E-02
 1.08100350E+00 -1.78993723E-02
 1.07035451E+00 -1.70783065E-02
 1.05942682E+00 -1.69496607E-02
 1.06011745E+00 -1.41972059E-02
 1.07738566E+00 -7.57031115E-03
 1.11144856E+00  3.61259166E-03
 1.15236725E+00  1.51702000E-02
 1.18005198E+00  1.88818412E-02
 1.18254206E+00  1.06766167E-02
 1.15788224E+00 -9.06443710E-03
 1.11307840E+00 -3.48508916E-02
 1.06657006E+00 -5.56808350E-02
 1.03139887E+00 -6.43077818E-02
 1.01227641E+00 -5.91830934E-02
 1.01192085E+00 -4.32375499E-02
 1.02611476E+00 -2.51294125E-02
 1.05264556E+00 -1.05796709E-02
 1.09154638E+00 -7.43070243E-04
 1.13183362E+00  3.79484235E-03
 1.15830648E+00  5.37902142E-03
 1.15910233E+00  4.42082341E-03
 1.12773966E+00 -1.24630286E-03
 1.07809776E+00 -9.57035946E-03
 1.03951333E+00 -1.69655662E-02
 1.03088569E+00 -2.02457677E-02
 1.05824061E+00 -1.60801644E-02
 1.10920448E+00 -6.72076281E-03
 1.15199509E+00  1.21285605E-03
 1.16861845E+00  3.97250035E-03
 1.15788268E+00  5.96785516E-05
 1.12617875E+00 -8.89980992E-03
 1.09422649E+00 -1.71895587E-02
 1.07276648E+00 -2.22952884E-02
 1.05847818E+00 -2.50139375E-02
 1.05268181E+00 -2.61290053E-02
 1.05291789E+00 -2.82842938E-02
 1.05890788E+00 -3.22928569E-02
 1.07639032E+00 -3.60136170E-02
 1.09849594E+00 -3.82739714E-02
 1.11186952E+00 -3.76855190E-02
 1.10858070E+00 -3.32159705E-02
 1.08447776E+00 -2.56509400E-02
 1.05067032E+00 -1.55127803E-02
 1.03125316E+00 -3.46708013E-03
 1.03984540E+00  8.97854009E-03
 1.07801263E+00  2.01266827E-02
 1.13323743E+00  2.71547403E-02
 1.17742480E+00  2.67170559E-02
 1.19364528E+00  1.70596521E-02
 1.18023365E+00 -1.09394657E-03
 1.14423544E+00 -2.27504843E-02
 1.10614652E+00 -3.96574806E-02
 1.07851425E+00 -4.56010563E-02
 1.06171918E+00 -3.80678143E-02
 1.05749458E+00 -2.02450910E-02
 1.06227502E+00 -8.40772409E-04
 1.07571086E+00  1.40292681E-02
 1.10331443E+00  2.17288921E-02
 1.13977703E+00  2.16870823E-02
 1.17445148E+00  1.72387822E-02
 1.19796578E+00  9.38630603E-03
 1.20008560E+00 -3.10516188E-03
 1.18101669E+00 -1.75980811E-02
 1.15075083E+00 -3.05287073E-02
 1.11517213E+00 -3.80467034E-02
 1.07913567E+00 -3.58481109E-02
 1.04822215E+00 -2.55639345E-02
 1.02442003E+00 -1.32216243E-02
 1.01347719E+00 -2.49749585E-03
 1.02259845E+00  4.37552104E-03
 1.04957679E+00  7.85115391E-03
 1.08702656E+00  1.20244045E-02
 1.12731547E+00  1.76707517E-02
 1.16115326E+00  2.26273893E-02
 1.18347204E+00  2.54488176E-02
 1.19427702E+00  2.35976420E-02
 1.19107282E+00  1.66068645E-02
 1.17289059E+00  7.37829613E-03
 1.14661285E+00 -1.30567804E-03
 1.12219916E+00 -6.21284877E-03
 1.10922913E+00 -4.85935185E-03
 1.11441566E+00  2.21284115E-03
 1.13200811E+00  1.17369716E-02
 1.14684352E+00  1.84787397E-02
 1.15011626E+00  1.85298692E-02
 1.13955810E+00  1.11545539E-02
 1.12029675E+00 -2.60723919E-04
 1.10664998E+00 -8.76700273E-03
 1.10522289E+00 -1.01023578E-02
 1.11399143E+00 -3.88652214E-03
 1.13049092E+00  7.21582476E-03
 1.14724744E+00  1.67980255E-02
 1.15996312E+00  2.11464659E-02
 1.16999663E+00  2.03308564E-02
 1.17433632E+00  1.50073476E-02
 1.16971596E+00  8.10456131E-03
 1.15476194E+00  1.32766936E-03
 1.12857686E+00 -5.78007738E-03
 1.09866389E+00 -1.14868380E-02
 1.07833994E+00 -1.36971995E-02
 1.07614166E+00 -1.08770638E-02
 1.09475230E+00 -1.70199240E-03
 1.12606010E+00  1.09540782E-02
 1.15208550E+00  2.15484011E-02
 1.16190873E+00  2.76122647E-02
 1.15416871E+00  3.04966288E-02
 1.13697547E+00  3.80212340E-02
 1.12844893E+00  6.11808489E-02
 1.13634537E+00  9.91804534E-02
 1.15380727E+00  1.33766068E-01
 1.16407866E+00  1.23717994E-01
 1.14123345E+00  3.25263437E-02
 1.07566542E+00 -9.38141264E-02
 9.84097482E-01 -1.68174273E-01
 9.07977241E-01 -1.87555848E-01
 8.95343267E-01 -1.83767015E-01
 9.31652481E-01 -1.41349326E-01
 9.66864052E-01 -6.36972949E-02
 1.01637431E+00 -1.11824904E-03
 1.10473274E+00  1.07429553E-02
 1.17677721E+00 -9.45229049E-03
 1.17632219E+00 -2.03989424E-02
 1.13271359E+00 -1.63240598E-02
 1.09817022E+00 -7.69127360E-03
 1.07344656E+00  2.22846016E-03
 1.05084877E+00  2.00213439E-03
 1.04329053E+00  8.63448938E-03
 1.05057867E+00  5.33663252E-02
 1.07217915E+00  9.96719709E-02
 1.11674375E+00  9.11965586E-02
 1.17310070E+00  5.08189438E-02
 1.21827744E+00  2.31475963E-02
 1.23480554E+00 -5.29846219E-03
 1.20953488E+00 -5.11488758E-02
 1.15148731E+00 -9.16177516E-02
 1.08995821E+00 -1.07107715E-01
 1.04285825E+00 -9.38424066E-02
 1.01871943E+00 -5.12312591E-02
 1.01996437E+00 -2.50276061E-03
 1.03515038E+00  1.86635267E-02
 1.06098521E+00  2.51417716E-02
 1.10085607E+00  4.77505868E-02
 1.14399796E+00  6.20198306E-02
 1.17647624E+00  3.44724094E-02
 1.18545082E+00 -5.95621304E-03
 1.15915498E+00 -2.12752519E-02
 1.10805295E+00 -2.54811892E-02
 1.05920982E+00 -3.95726106E-02
 1.03011696E+00 -4.90925859E-02
 1.02990804E+00 -3.99973625E-02
 1.05431318E+00 -2.19545497E-02
 1.08232995E+00 -4.73239549E-03
 1.10425400E+00  7.83622891E-03
 1.12111748E+00  9.60953239E-03
 1.13139177E+00  2.44826002E-03
 1.13957977E+00 -3.18720808E-03
 1.14475374E+00 -2.98084442E-03
 1.13880969E+00  2.66639074E-03
 1.12565788E+00  1.09558522E-02
 1.11429427E+00  1.39351079E-02
 1.11065808E+00  8.77691767E-03
 1.12062260E+00 -1.15883042E-03
 1.13881047E+00 -1.29440810E-02
 1.15007400E+00 -2.14311082E-02
 1.14692950E+00 -2.34833465E-02
 1.12825382E+00 -2.09341212E-02
 1.09890550E+00 -1.61497949E-02
 1.07253089E+00 -1.27833376E-02
 1.05649132E+00 -1.35494019E-02
 1.05049253E+00 -1.75885208E-02
 1.05363707E+00 -2.20859418E-02
 1.06055860E+00 -2.25440677E-02
 1.06910639E+00 -1.62145303E-02
 1.08283199E+00 -3.83460128E-03
 1.10280298E+00  1.13739292E-02
 1.12972411E+00  2.36384962E-02
 1.16170072E+00  2.89448116E-02
 1.19103514E+00  2.63689391E-02
 1.20884691E+00  1.64370477E-02
 1.20603658E+00  2.16386004E-03
 1.17662874E+00 -1.38943490E-02
 1.12261768E+00 -3.01355991E-02
 1.05597843E+00 -4.26953916E-02
 9.96235561E-01 -4.73846703E-02
 9.59784082E-01 -4.09670581E-02
 9.55477246E-01 -2.19344974E-02
 9.81128869E-01  4.75287784E-03
 1.02313130E+00  2.94040832E-02
 1.07181835E+00  4.46354511E-02
 1.12192071E+00  4.63382834E-02
 1.16650180E+00  3.65310512E-02
 1.20216050E+00  2.35181246E-02
 1.22184601E+00  1.19381596E-02
 1.21661217E+00  2.54095188E-03
 1.19122656E+00 -4.97142187E-03
 1.15845803E+00 -1.41618045E-02
 1.12964412E+00 -2.49070716E-02
 1.11569522E+00 -3.27568243E-02
 1.11738361E+00 -3.54308747E-02
 1.12523101E+00 -3.07581798E-02
 1.13582533E+00 -1.83538655E-02
 1.14824518E+00 -2.02391826E-03
 1.15757938E+00  1.39919742E-02
 1.16086463E+00  2.50698382E-02
 1.15198130E+00  2.69199986E-02
 1.12332068E+00  1.86365521E-02
 1.07947805E+00  3.72720824E-03
 1.03228970E+00 -1.08490372E-02
 9.90213094E-01 -1.86496960E-02
 9.59885489E-01 -1.49962605E-02
 9.40647431E-01  2.46734088E-03
 9.24367177E-01  3.25922774E-02
 9.11001958E-01  7.43136259E-02
 9.07904655E-01  1.25121178E-01
 9.24935175E-01  1.75771244E-01
 9.75550576E-01  2.13633977E-01
 1.06224160E+00  2.27003327E-01
 1.17066512E+00  2.07220005E-01
 1.27216019E+00  1.56267865E-01
 1.32775752E+00  8.59823578E-02
 1.31314559E+00  7.33149987E-03
 1.23240609E+00 -6.81136975E-02
 1.12678713E+00 -1.26430972E-01
 1.05224786E+00 -1.57019432E-01
 9.97022492E-01 -1.50843096E-01
 9.20062537E-01 -1.06500209E-01
 8.72388125E-01 -4.60015579E-02
 9.20531829E-01  4.17002180E-03
 1.02157908E+00  5.67801718E-02
 1.10023234E+00  1.28345562E-01
 1.12889475E+00  1.57259798E-01
 1.08753853E+00  7.97664274E-02
 9.80997997E-01 -1.88718719E-02
 8.72014163E-01 -1.14254348E-02
 8.37957546E-01  6.45396524E-02
 9.17515964E-01  1.08137291E-01
 1.01594912E+00  1.03868037E-01
 9.84783133E-01  4.96801696E-02
 8.95189463E-01 -2.44852668E-02
 9.12307042E-01 -3.45644941E-02
 9.91164520E-01  2.33327674E-03
 1.03752907E+00  9.01067981E-03
 1.07479079E+00  5.69636220E-03
 1.10986799E+00  2.65113133E-02
 1.13375120E+00  4.22531469E-02
 1.17206324E+00  3.70989238E-02
 1.18757888E+00  2.64171623E-02
 1.12007725E+00  1.84312528E-02
 1.02971872E+00  1.25432998E-02
 1.00803828E+00  1.09044179E-02
 1.01615175E+00  1.90028074E-02
 9.88196798E-01  3.96028000E-02
 9.77400913E-01  7.13120029E-02
 1.04551860E+00  1.06397289E-01
 1.14492292E+00  1.20871256E-01
 1.21090166E+00  9.14229814E-02
 1.23763664E+00  3.76737133E-02
 1.22579595E+00  1.22516926E-03
 1.17609008E+00 -1.13592948E-02
 1.11855899E+00 -9.43035235E-03
 1.07710171E+00  5.12591293E-03
 1.05637479E+00  1.80916409E-02
 1.05391878E+00  2.02090674E-02
 1.05503026E+00  1.84991873E-02
 1.05633586E+00  1.89430854E-02
 1.06755181E+00  2.60214887E-02
 1.08852097E+00  2.90313094E-02
 1.11831904E+00  9.95041532E-03
 1.15218575E+00 -1.24212718E-02
 1.17626663E+00 -7.78239009E-03
 1.18628575E+00  8.42281623E-03
 1.18460558E+00  8.02852894E-03
 1.17042874E+00 -2.32808282E-03
 1.14684942E+00 -1.00499294E-02
 1.11903542E+00 -1.57285506E-02
 1.09093978E+00 -1.31689478E-02
 1.07018246E+00  4.29273137E-03
 1.06446636E+00  3.24462047E-02
 1.07458599E+00  6.18750247E-02
 1.09688943E+00  7.99653177E-02
 1.12704821E+00  7.78875454E-02
 1.15785255E+00  5.54113572E-02
 1.17930852E+00  2.10605772E-02
 1.18200285E+00 -8.79745382E-03
 1.15841116E+00 -2.27369690E-02
 1.10842747E+00 -1.81227953E-02
 1.04989806E+00  2.67603101E-04
 1.01200325E+00  1.89707130E-02
 1.01492780E+00  2.98180415E-02
 1.06401218E+00  3.21161348E-02
 1.13926192E+00  2.55753159E-02
 1.19855110E+00  1.44256142E-02
 1.21540850E+00  4.54886687E-04
 1.18455730E+00 -1.79403188E-02
 1.12004448E+00 -3.43119028E-02
 1.05950270E+00 -3.92338643E-02
 1.02508054E+00 -2.63507328E-02
 1.01809345E+00  7.43581748E-03
 1.03671989E+00  5.17367427E-02
 1.06564627E+00  8.57119470E-02
 1.09754612E+00  9.59385036E-02
 1.13737898E+00  7.78867505E-02
 1.17542324E+00  3.94293401E-02
 1.19852110E+00  1.86422474E-03
 1.19633308E+00 -2.18604950E-02
 1.15904428E+00 -2.92161137E-02
 1.10109805E+00 -2.20941215E-02
 1.05480229E+00 -1.15962405E-02
 1.04039974E+00 -2.73759213E-03
 1.06611943E+00  7.49451875E-03
 1.11932286E+00  1.68460885E-02
 1.16499728E+00  2.37508624E-02
 1.18333349E+00  2.55107867E-02
 1.17182455E+00  1.63803104E-02
 1.13579051E+00  6.81924081E-04
 1.09661884E+00 -1.09751941E-02
 1.06564827E+00 -1.22896135E-02
 1.04088254E+00  2.27809800E-04
 1.02850623E+00  2.14625430E-02
 1.03226142E+00  3.76581706E-02
 1.05581359E+00  4.15550983E-02
 1.10499160E+00  3.24668882E-02
 1.16507428E+00  1.37725814E-02
 1.20863132E+00 -4.19818784E-03
 1.21733907E+00 -1.57266675E-02
 1.18221188E+00 -2.12773466E-02
 1.11699075E+00 -2.03866409E-02
 1.05693074E+00 -1.53315776E-02
 1.02390810E+00 -7.12069023E-03
 1.02458191E+00  6.04813732E-03
 1.05353698E+00  2.08270919E-02
 1.08719384E+00  3.16245242E-02
 1.11380502E+00  3.44573937E-02
 1.13578483E+00  2.63608017E-02
 1.15115074E+00  1.12464391E-02
 1.16321811E+00 -1.33519898E-03
 1.17032076E+00 -5.66582409E-03
 1.16270211E+00 -7.30037362E-05
 1.14478241E+00  1.17507461E-02
 1.12791657E+00  2.00286833E-02
 1.11949468E+00  1.97199903E-02
 1.12641401E+00  1.15460759E-02
 1.14272919E+00 -1.29731973E-03
 1.15092514E+00 -1.11096036E-02
 1.14261184E+00 -1.37030359E-02
 1.11712508E+00 -1.02555910E-02
 1.08042031E+00 -1.97362531E-03
 1.04864292E+00  7.66952866E-03
 1.03096869E+00  1.63631970E-02
 1.02804182E+00  2.47560898E-02
 1.04077053E+00  3.13576687E-02
 1.06489038E+00  3.42774243E-02
 1.09728048E+00  3.21610342E-02
 1.13758274E+00  2.33510292E-02
 1.17692666E+00  9.87622172E-03
 1.20292146E+00 -3.38448913E-03
 1.20617474E+00 -1.28297416E-02
 1.18078446E+00 -1.58860597E-02
 1.13456949E+00 -1.26697383E-02
 1.08681733E+00 -6.47614405E-03
 1.05159583E+00  9.40493521E-04
 1.03706718E+00  8.95448803E-03
 1.04309313E+00  1.61842522E-02
 1.05867725E+00  2.20809318E-02
 1.07891389E+00  2.51035575E-02
 1.10426933E+00  2.29952072E-02
 1.13077840E+00  1.66093426E-02
 1.15601269E+00  8.58433156E-03
 1.17407193E+00  1.15535823E-03
 1.17541147E+00 -3.33324612E-03
 1.16096047E+00 -4.31788102E-03
 1.13818722E+00 -3.22689469E-03
 1.11298088E+00 -2.88641076E-04
 1.09274515E+00  4.55182797E-03
 1.08165637E+00  9.93604376E-03
 1.07879478E+00  1.44642446E-02
 1.08647261E+00  1.63922935E-02
 1.10636303E+00  1.40312732E-02
 1.13212133E+00  8.58766534E-03
 1.15432156E+00  3.18819406E-03
 1.16416522E+00 -1.89053405E-04
 1.15498966E+00 -5.17553724E-04
 1.13085065E+00  1.45820516E-03
 1.10452607E+00  2.96150035E-03
 1.08416189E+00  2.90411245E-03
 1.07416269E+00  1.83962073E-03
 1.07613779E+00  4.19732547E-04
 1.08561970E+00  2.97361363E-04
 1.10192133E+00  2.05982147E-03
 1.12693050E+00  4.67115040E-03
 1.15507503E+00  7.45024382E-03
 1.17845202E+00  9.44537799E-03
 1.18954188E+00  9.88758679E-03
 1.18115419E+00  8.98308650E-03
 1.15607700E+00  6.86105505E-03
 1.12519230E+00  3.80230718E-03
 1.09582929E+00  4.26338922E-04
 1.07333179E+00 -2.64743087E-03
 1.06072061E+00 -4.23232861E-03
 1.05585933E+00 -2.92411654E-03
 1.06034986E+00  1.92037896E-03
 1.07789958E+00  9.74134861E-03
 1.10579390E+00  1.77153951E-02
 1.13886857E+00  2.14639385E-02
 1.17056969E+00  1.80945108E-02
 1.19216194E+00  7.22744467E-03
 1.19991191E+00 -7.63050497E-03
 1.19456126E+00 -1.95994300E-02
 1.17538114E+00 -2.39797507E-02
 1.14350456E+00 -1.93502644E-02
 1.10431045E+00 -7.67487289E-03
 1.06467014E+00  5.18415810E-03
 1.03349947E+00  1.56689305E-02
 1.01979587E+00  2.32741392E-02
 1.02610250E+00  2.79653041E-02
 1.04955741E+00  3.16534009E-02
 1.08713002E+00  3.42768836E-02
 1.13309463E+00  3.30743213E-02
 1.17745022E+00  2.67835920E-02
 1.20929850E+00  1.45744952E-02
 1.21734506E+00 -2.86846133E-03
 1.19408330E+00 -2.16607157E-02
 1.14563756E+00 -3.69174780E-02
 1.08842502E+00 -4.33192056E-02
 1.03669339E+00 -3.68069244E-02
 1.00215811E+00 -1.72723208E-02
 9.90733925E-01  9.81587608E-03
 9.99642405E-01  3.47750492E-02
 1.02966617E+00  4.97217932E-02
 1.08126587E+00  5.06367812E-02
 1.14210209E+00  3.90800586E-02
 1.19472396E+00  2.24399317E-02
 1.22229823E+00  5.47045341E-03
 1.21153639E+00 -9.92579264E-03
 1.16898199E+00 -2.11531587E-02
 1.11720233E+00 -2.77124336E-02
 1.07174049E+00 -2.73211925E-02
 1.04255712E+00 -1.64668455E-02
 1.03363904E+00  1.64986222E-03
 1.03760600E+00  2.01421425E-02
 1.05439120E+00  3.31877608E-02
 1.08811688E+00  3.55689656E-02
 1.12901801E+00  2.78410643E-02
 1.16320027E+00  1.62039371E-02
 1.17746014E+00  3.91564255E-03
 1.15992291E+00 -7.23905405E-03
 1.11883093E+00 -1.44219766E-02
 1.07789567E+00 -1.68058052E-02
 1.05193954E+00 -1.23309076E-02
 1.04872222E+00  1.08353668E-03
 1.06682862E+00  1.82009400E-02
 1.09129536E+00  2.99098055E-02
 1.11605725E+00  2.97183639E-02
 1.14261199E+00  1.42946054E-02
 1.16532792E+00 -1.12856617E-02
 1.17994454E+00 -3.43145954E-02
 1.17966994E+00 -4.66462662E-02
 1.15413953E+00 -4.49749314E-02
 1.10667739E+00 -2.94447006E-02
 1.05096325E+00 -5.50209899E-03
 1.00147106E+00  2.70851816E-02
 9.78814971E-01  7.55422795E-02
 1.00713576E+00  1.48044805E-01
 1.08884449E+00  2.36962961E-01
 1.16570283E+00  2.73221107E-01
 1.16139810E+00  1.82762827E-01
 1.09407713E+00  3.56675933E-02
 1.03275393E+00 -3.59863304E-02
 9.85599053E-01 -3.89896748E-02
 9.56209785E-01 -3.05564801E-02
 9.86791162E-01  2.83476728E-03
 1.07775444E+00  5.21191727E-02
 1.14019688E+00  7.16211022E-02
 1.08645658E+00  4.92510615E-02
 9.91915464E-01  5.72398734E-03
 9.91648798E-01 -2.82998914E-02
 1.02675963E+00 -4.40917877E-02
 9.82022268E-01 -5.02862050E-02
 9.14009151E-01 -4.79267295E-02
 9.00313915E-01 -4.39191780E-02
 9.15325050E-01 -4.07164187E-02
 9.41826615E-01 -2.83503349E-02
 9.93922360E-01 -9.13129861E-03
 1.05860145E+00  8.59223952E-03
 1.11482403E+00  2.08200046E-02
 1.15419401E+00  2.21224074E-02
 1.17373775E+00  1.71017712E-02
 1.17577376E+00  1.84283002E-02
 1.15909218E+00  2.69894655E-02
 1.12114754E+00  3.12563046E-02
 1.06966223E+00  3.84036116E-03
 1.01644880E+00 -7.76228038E-02
 9.74006921E-01 -1.62790699E-01
 9.54881204E-01 -1.70810069E-01
 9.58871977E-01 -1.12512593E-01
 9.75303578E-01 -4.38608412E-02
 9.98082775E-01  2.06086000E-02
 1.02302140E+00  6.71811949E-02
 1.04718463E+00  9.80864989E-02
 1.07274991E+00  1.44047521E-01
 1.09617432E+00  1.72088522E-01
 1.11049634E+00  1.25703596E-01
 1.11737341E+00  4.25875606E-02
 1.12145936E+00 -1.05074114E-02
 1.12643002E+00 -2.88566099E-02
 1.13602649E+00 -2.60548595E-02
 1.14516315E+00 -2.63642791E-02
 1.14206458E+00 -6.99465253E-02
 1.12194070E+00 -1.19011107E-01
 1.08599081E+00 -9.64284675E-02
 1.04107297E+00 -3.54039003E-02
 1.00174288E+00 -7.49360765E-03
 9.78010106E-01  1.83764734E-03
 9.73897656E-01  1.82867411E-02
 9.92745417E-01  3.17991497E-02
 1.03275139E+00  4.76679833E-02
 1.09069660E+00  6.96326707E-02
 1.16186470E+00  8.21490256E-02
 1.23078620E+00  8.25655772E-02
 1.27680293E+00  7.42231188E-02
 1.28405576E+00  4.96936906E-02
 1.24527656E+00  7.15160148E-03
 1.17399004E+00 -3.97308561E-02
 1.10076010E+00 -7.31106014E-02
 1.04779569E+00 -8.40540136E-02
 1.02555357E+00 -7.14333967E-02
 1.02869550E+00 -4.23798835E-02
 1.03409844E+00 -1.36028076E-02
 1.03145238E+00  3.86298169E-03
 1.02478018E+00  9.46509864E-03
 1.01989909E+00  1.17910472E-02
 1.03130395E+00  2.77227254E-02
 1.06258831E+00  6.17524901E-02
 1.10225882E+00  1.00056689E-01
 1.14258167E+00  1.13497724E-01
 1.17365824E+00  7.38106324E-02
 1.18784869E+00  1.23602478E-02
 1.18716624E+00 -1.00120134E-02
 1.17284802E+00 -4.43698766E-03
 1.14729771E+00 -1.06424591E-02
 1.11581522E+00 -2.06265109E-02
 1.08222314E+00 -2.42220764E-02
 1.05244565E+00 -2.22116738E-02
 1.03381489E+00 -2.87164014E-03
 1.03207071E+00  2.04584607E-02
 1.05041308E+00  1.84653753E-02
 1.08432080E+00  1.79134184E-03
 1.12275004E+00 -4.71190192E-03
 1.15561035E+00 -4.97312852E-03
 1.17489914E+00 -6.03540237E-03
 1.17823671E+00 -3.13067487E-03
 1.16992550E+00  2.16528025E-03
 1.15170211E+00  6.99401076E-03
 1.12467447E+00  1.38167751E-02
 1.09530454E+00  2.18572054E-02
 1.07094403E+00  2.83771144E-02
 1.05999528E+00  3.11970371E-02
 1.06987706E+00  2.76414035E-02
 1.09609179E+00  1.90976481E-02
 1.12564642E+00  1.02925401E-02
 1.14917111E+00  3.78535630E-03
 1.16021502E+00  8.90746453E-04
 1.15828885E+00  1.41731507E-03
 1.15076119E+00  2.57556673E-03
 1.13978147E+00  3.44447548E-03
 1.12406210E+00  4.84895025E-03
 1.10747525E+00  6.70000658E-03
 1.09373289E+00  9.42854102E-03
 1.08789238E+00  1.26680879E-02
 1.09622825E+00  1.46932860E-02
 1.11522484E+00  1.51148422E-02
 1.13492255E+00  1.42069709E-02
 1.14903836E+00  1.20177953E-02
 1.15357112E+00  9.22224278E-03
 1.15011487E+00  6.27055510E-03
 1.14683379E+00  3.20825800E-03
 1.14644242E+00  6.34993737E-04
 1.14677357E+00 -8.31431554E-04
 1.14566715E+00 -1.12851959E-03
 1.13816400E+00 -3.70459202E-04
 1.12329121E+00  1.19989179E-03
 1.10600528E+00  3.13019862E-03
 1.09130932E+00  5.09908946E-03
 1.08548838E+00  6.89151974E-03
 1.09280890E+00  8.01905150E-03
 1.11180400E+00  7.98340421E-03
 1.13680995E+00  6.68253383E-03
 1.15853579E+00  4.25984017E-03
 1.16923262E+00  1.04621354E-03
 1.16570143E+00 -2.34378944E-03
 1.14969640E+00 -5.20860144E-03
 1.12823533E+00 -6.83056383E-03
 1.10661715E+00 -6.38719875E-03
 1.08788766E+00 -3.26303768E-03
 1.07650586E+00  2.49438833E-03
 1.07534621E+00  1.01882828E-02
 1.08748453E+00  1.86268725E-02
 1.11481970E+00  2.59046065E-02
 1.14947056E+00  2.92918212E-02
 1.17758859E+00  2.60121763E-02
 1.18851301E+00  1.45774271E-02
 1.17611479E+00 -3.91077080E-03
 1.14554275E+00 -2.37685614E-02
 1.11262730E+00 -3.62766003E-02
 1.08794621E+00 -3.53939408E-02
 1.07686860E+00 -1.98370848E-02
 1.08241450E+00  4.17308895E-03
 1.10055621E+00  2.39270938E-02
 1.12966334E+00  3.09463569E-02
 1.16885025E+00  2.29841366E-02
 1.20490843E+00  4.04124061E-03
 1.22001167E+00 -1.44555310E-02
 1.20121826E+00 -2.51771107E-02
 1.14345472E+00 -2.60994258E-02
 1.06466556E+00 -1.50918487E-02
 1.00063166E+00  6.00706572E-03
 9.75680944E-01  3.56531465E-02
 9.99291614E-01  7.21659182E-02
 1.06090578E+00  1.03321842E-01
 1.12761581E+00  1.12600282E-01
 1.17899959E+00  9.07190596E-02
 1.20936617E+00  3.92264297E-02
 1.21505773E+00 -1.71448014E-02
 1.20430628E+00 -4.46446476E-02
 1.17833566E+00 -4.92457116E-02
 1.13055328E+00 -5.55819114E-02
 1.07256393E+00 -4.77854733E-02
 1.02312058E+00 -6.72891067E-03
 9.98640327E-01  3.81389985E-02
 1.01449041E+00  5.39408535E-02
 1.06324059E+00  5.30638270E-02
 1.11845549E+00  5.74466103E-02
 1.16346034E+00  5.78483151E-02
 1.18840977E+00  4.24013214E-02
 1.19113345E+00  1.98428815E-02
 1.18348436E+00 -1.75721730E-03
 1.16827830E+00 -1.78261526E-02
 1.14192041E+00 -1.99277888E-02
 1.11328873E+00 -9.35208325E-03
 1.09294955E+00  3.60779111E-03
 1.09111235E+00  1.36141754E-02
 1.11733087E+00  1.76716862E-02
 1.15970493E+00  1.51365520E-02
 1.19148992E+00  1.08362458E-02
 1.19664286E+00  5.35400970E-03
 1.16942560E+00 -3.73474870E-03
 1.12117037E+00 -1.37196740E-02
 1.08155134E+00 -2.11074747E-02
 1.06645967E+00 -2.25239886E-02
 1.07604131E+00 -1.40763345E-02
 1.10353893E+00  1.36255207E-03
 1.12883071E+00  1.59900788E-02
 1.14143847E+00  2.52866773E-02
 1.14499981E+00  2.70423198E-02
 1.14094148E+00  2.25142634E-02
 1.13556998E+00  1.76458691E-02
 1.13217744E+00  1.50338684E-02
 1.12656613E+00  1.40064597E-02
 1.12276160E+00  1.45203722E-02
 1.12762217E+00  1.46579583E-02
 1.14419473E+00  1.36575666E-02
 1.17356397E+00  1.25375572E-02
 1.20366081E+00  8.91177872E-03
 1.21279986E+00 -3.79006900E-04
 1.18884721E+00 -1.54883453E-02
 1.13150678E+00 -3.31046546E-02
 1.05839344E+00 -4.17045222E-02
 1.00371929E+00 -2.57159390E-02
 9.89537627E-01  1.94575492E-02
 1.02029935E+00  8.19096314E-02
 1.08328419E+00  1.25649660E-01
 1.14598696E+00  1.10769912E-01
 1.18717110E+00  5.67299648E-02
 1.20197400E+00  1.66294730E-02
 1.19083543E+00 -5.60261634E-03
 1.16713738E+00 -2.39415368E-02
 1.13722860E+00 -3.37438183E-02
 1.09799299E+00 -4.03483405E-02
 1.05880458E+00 -3.49478116E-02
 1.03162126E+00  3.55861707E-03
 1.02763136E+00  4.59917958E-02
 1.05822323E+00  4.80858784E-02
 1.11289525E+00  2.80369831E-02
 1.16509770E+00  2.24725189E-02
 1.19729644E+00  2.23763169E-02
 1.19971688E+00  1.29794064E-02
 1.17759970E+00  3.25884431E-03
 1.15355746E+00 -3.75024500E-03
 1.13815244E+00 -9.24519358E-03
 1.13037120E+00 -6.98356392E-03
 1.12887722E+00  1.59667414E-03
 1.12423181E+00  8.49312122E-03
 1.11460989E+00  9.64701900E-03
 1.10820414E+00  2.71373705E-03
 1.10509476E+00 -8.84664263E-03
 1.10397397E+00 -1.52812406E-02
 1.10411513E+00 -1.23555582E-02
 1.10117963E+00 -1.21984735E-03
 1.09878283E+00  1.38791131E-02
 1.10600562E+00  2.36796038E-02
 1.12562777E+00  2.31952700E-02
 1.15596034E+00  1.39014172E-02
 1.18790439E+00 -2.44995156E-04
 1.20483121E+00 -1.12846506E-02
 1.19711397E+00 -1.40948977E-02
 1.16461765E+00 -9.21288661E-03
 1.11640284E+00  6.75983419E-04
 1.07172209E+00  9.65148126E-03
 1.04443227E+00  1.40006083E-02
 1.03920294E+00  1.43496336E-02
 1.05445212E+00  1.19552502E-02
 1.07948812E+00  9.88794835E-03
 1.10771829E+00  9.53531616E-03
 1.13816327E+00  9.10334012E-03
 1.16589163E+00  7.56624069E-03
 1.18714160E+00  3.71056410E-03
 1.19633763E+00 -2.65418885E-03
 1.18605314E+00 -9.17098836E-03
 1.16037583E+00 -1.35207614E-02
 1.13093784E+00 -1.34214704E-02
 1.10707232E+00 -7.36521237E-03
 1.09728998E+00  3.58337626E-03
 1.10307645E+00  1.58791687E-02
 1.11752066E+00  2.43123079E-02
 1.13756090E+00  2.49153454E-02
 1.16084365E+00  1.66232474E-02
 1.17875367E+00  2.34324446E-03
 1.18272372E+00 -1.14276919E-02
 1.16519897E+00 -1.99178493E-02
 1.12274332E+00 -2.09489096E-02
 1.06949583E+00 -1.41400472E-02
 1.03118989E+00 -2.24504309E-03
 1.02520674E+00  1.28334637E-02
 1.05794427E+00  2.97073180E-02
 1.11715936E+00  4.29915700E-02
 1.17229876E+00  4.62323135E-02
 1.20404648E+00  3.46100577E-02
 1.20668007E+00  6.33303775E-03
 1.18206772E+00 -3.08935459E-02
 1.14614315E+00 -6.22837307E-02
 1.10712859E+00 -7.71251952E-02
 1.06403602E+00 -7.02508404E-02
 1.02535825E+00 -4.51709882E-02
 9.99666442E-01 -1.47943596E-02
 9.96302901E-01  1.27520537E-02
 1.02631490E+00  3.45586952E-02
 1.08175571E+00  4.79371172E-02
 1.14120372E+00  5.45391982E-02
 1.18864976E+00  5.27756259E-02
 1.21129363E+00  3.79120627E-02
 1.20699348E+00  1.31532789E-02
 1.18715880E+00 -1.45823392E-02
 1.15599674E+00 -3.84775796E-02
 1.11402216E+00 -5.05645943E-02
 1.06973855E+00 -4.95297067E-02
 1.03125952E+00 -4.03009948E-02
 1.00961373E+00 -2.50061674E-02
 1.01726178E+00 -5.77609818E-03
 1.05002501E+00  1.28661702E-02
 1.09231671E+00  2.75576611E-02
 1.13237836E+00  3.34016605E-02
 1.15947140E+00  2.60755212E-02
 1.16873212E+00  1.02045222E-02
 1.16475003E+00 -4.27111207E-03
 1.14740110E+00 -1.04924655E-02
 1.11667941E+00 -4.95280980E-03
 1.08596577E+00  8.05662038E-03
 1.07192872E+00  1.67866980E-02
 1.08511047E+00  1.55904399E-02
 1.12479233E+00  5.18001722E-03
 1.15956102E+00 -1.05571133E-02
 1.15192478E+00 -2.20737245E-02
 1.12994931E+00 -2.46180724E-02
 1.14554577E+00 -2.01373978E-02
 1.16731653E+00 -1.06291216E-02
 1.14491499E+00 -8.91089417E-04
 1.11759255E+00  6.14416152E-03
 1.13467094E+00  1.20304226E-02
 1.16129951E+00  1.70895952E-02
 1.15044631E+00  2.19781972E-02
 1.11416212E+00  2.69365683E-02
 1.07875772E+00  2.98912843E-02
 1.06604234E+00  3.01573126E-02
 1.10238563E+00  2.79847271E-02
 1.15682772E+00  2.36493966E-02
 1.16750551E+00  1.86918618E-02
 1.16154469E+00  1.43628862E-02
 1.19384031E+00  1.13390204E-02
 1.22188443E+00  1.05412743E-02
 1.19106923E+00  1.21526513E-02
 1.13867261E+00  1.51988042E-02
 1.11554246E+00  1.71389738E-02
 1.11506838E+00  1.24566794E-02
 1.11931810E+00 -8.40160180E-03
 1.11024431E+00 -6.02656246E-02
 1.06031573E+00 -1.42987328E-01
 9.97774311E-01 -1.97904172E-01
 9.81400566E-01 -1.55414981E-01
 9.89117479E-01 -5.59911102E-02
 9.75302095E-01  7.53308504E-03
 9.78633509E-01  2.87273156E-02
 1.04358618E+00  3.03412920E-02
 1.12997222E+00  1.14283629E-02
 1.18233442E+00 -3.14934156E-03
 1.19608131E+00 -3.96373905E-03
 1.17726324E+00 -1.27305705E-02
 1.12990584E+00 -2.32508544E-02
 1.08102661E+00 -2.18919718E-02
 1.05391625E+00 -1.20868138E-02
 1.05343175E+00  7.52164556E-03
 1.07496505E+00  3.53399048E-02
 1.10168252E+00  5.94888979E-02
 1.12517307E+00  6.90285754E-02
 1.14788087E+00  5.68206100E-02
 1.16586211E+00  2.78517600E-02
 1.17702060E+00 -2.14290988E-03
 1.17681231E+00 -2.46944471E-02
 1.15640410E+00 -3.71212783E-02
 1.12283583E+00 -3.95145679E-02
 1.09279111E+00 -3.91246687E-02
 1.07709003E+00 -3.79219331E-02
 1.08281422E+00 -3.22157495E-02
 1.10364644E+00 -2.32645587E-02
 1.12001416E+00 -1.24566494E-02
 1.12239596E+00 -2.16879165E-03
 1.11092300E+00  2.34318328E-03
 1.09125662E+00  1.88433156E-03
 1.07892459E+00  1.29186478E-03
 1.08140555E+00  2.68914217E-03
 1.09551705E+00  7.49384142E-03
 1.11821798E+00  1.42414760E-02
 1.14153439E+00  1.77042457E-02
 1.15991294E+00  1.59391995E-02
 1.17374513E+00  9.73573514E-03
 1.17887134E+00 -1.37426248E-04
 1.17075707E+00 -1.09162351E-02
 1.14752549E+00 -2.08338809E-02
 1.10891580E+00 -2.98165538E-02
 1.06515973E+00 -3.59262098E-02
 1.03388255E+00 -3.70106967E-02
 1.02717107E+00 -3.19113597E-02
 1.04967759E+00 -2.01548311E-02
 1.09237580E+00 -4.77500736E-03
 1.13337819E+00  8.61309560E-03
 1.15825175E+00  1.61641507E-02
 1.16237489E+00  1.63912469E-02
 1.14968741E+00  1.18875670E-02
 1.13577838E+00  9.05745585E-03
 1.12873649E+00  1.14371895E-02
 1.12761865E+00  1.87428384E-02
 1.13355096E+00  2.72796361E-02
 1.14345663E+00  2.94998530E-02
 1.15700875E+00  2.14483265E-02
 1.17790794E+00  4.22284791E-03
 1.19869080E+00 -1.84055873E-02
 1.20666013E+00 -3.88736907E-02
 1.19345287E+00 -5.20196736E-02
 1.15436994E+00 -5.69256392E-02
 1.09891547E+00 -5.36419168E-02
 1.04895140E+00 -4.48211070E-02
 1.01885900E+00 -3.23368938E-02
 1.01513396E+00 -1.62456943E-02
 1.03595657E+00  9.15800792E-04
 1.06769794E+00  1.59200041E-02
 1.10260683E+00  2.55935220E-02
 1.13909607E+00  2.67119425E-02
 1.17122356E+00  2.05439373E-02
 1.19533796E+00  1.18472057E-02
 1.20580535E+00  4.15879404E-03
 1.19512562E+00  2.08860113E-04
 1.16923670E+00  4.87776530E-04
 1.14228960E+00  2.47980823E-03
 1.12485142E+00  5.64474442E-03
 1.12478035E+00  1.05914701E-02
 1.13892319E+00  1.59307128E-02
 1.15315622E+00  2.02868360E-02
 1.16086472E+00  2.16570018E-02
 1.16166526E+00  1.75639076E-02
 1.15665388E+00  9.28433984E-03
 1.15294182E+00  5.96225862E-04
 1.15213992E+00 -6.02306548E-03
 1.14969320E+00 -8.73276613E-03
 1.14622920E+00 -7.36906971E-03
 1.14286389E+00 -4.14339356E-03
 1.14078384E+00  1.24939354E-04
 1.14373059E+00  5.32932275E-03
 1.15008734E+00  9.50509323E-03
 1.15437306E+00  1.06936353E-02
 1.15392263E+00  7.32628244E-03
 1.14694122E+00 -1.32346556E-03
 1.13377864E+00 -1.15394876E-02
 1.11843131E+00 -1.67314280E-02
 1.10341570E+00 -1.27905615E-02
 1.09057115E+00  1.20932027E-03
 1.08423922E+00  2.09111222E-02
 1.08840373E+00  3.70149412E-02
 1.10550113E+00  4.36397840E-02
 1.13519737E+00  3.94440539E-02
 1.16907186E+00  2.68308995E-02
 1.19341675E+00  1.31398187E-02
 1.19879432E+00  2.79373633E-03
 1.18234268E+00 -3.76734714E-03
 1.15230200E+00 -6.03301538E-03
 1.12680797E+00 -5.76189458E-03
 1.11725065E+00 -3.37044272E-03
 1.12568332E+00  2.71791537E-03
 1.14540095E+00  1.01107517E-02
 1.15950472E+00  1.48788013E-02
 1.15912621E+00  1.42875371E-02
 1.14628653E+00  6.57137803E-03
 1.12686839E+00 -4.16882298E-03
 1.11403236E+00 -9.42367359E-03
 1.11482568E+00 -4.60661371E-03
 1.12646567E+00  1.03502454E-02
 1.14608275E+00  2.93071295E-02
 1.16685953E+00  4.00667871E-02
 1.18338463E+00  3.57331983E-02
 1.19487681E+00  1.67037501E-02
 1.19616911E+00 -1.06101440E-02
 1.18161776E+00 -3.28220257E-02
 1.14924707E+00 -4.13812195E-02
 1.10083895E+00 -3.54071614E-02
 1.05083453E+00 -1.80681580E-02
 1.02223760E+00  1.25599649E-03
 1.03016081E+00  1.63040030E-02
 1.07786855E+00  2.59999253E-02
 1.14859078E+00  2.78680312E-02
 1.20776676E+00  2.16154122E-02
 1.23174833E+00  6.84416898E-03
 1.21270260E+00 -1.71819539E-02
 1.15910537E+00 -4.23190729E-02
 1.09927916E+00 -5.56375086E-02
 1.05142861E+00 -4.83426711E-02
 1.02114405E+00 -1.71847364E-02
 1.01612944E+00  2.74202020E-02
 1.03494783E+00  6.35994228E-02
 1.07647847E+00  7.71147326E-02
 1.13788226E+00  6.35266546E-02
 1.18613258E+00  2.96234184E-02
 1.18786468E+00 -4.74792018E-03
 1.17017760E+00 -2.77841050E-02
 1.17675509E+00 -3.77637055E-02
 1.17465348E+00 -3.48333414E-02
 1.11549472E+00 -2.64856146E-02
 1.04604088E+00 -1.53140359E-02
 1.03237242E+00  2.68950428E-03
 1.05572724E+00  2.36895470E-02
 1.08070773E+00  4.18323917E-02
 1.12065491E+00  5.14975325E-02
 1.17859536E+00  4.54577912E-02
 1.21490749E+00  2.68242463E-02
 1.20160086E+00  6.65959597E-03
 1.16733665E+00 -8.41669434E-03
 1.15282311E+00 -1.42895973E-02
 1.13553126E+00 -1.16146472E-02
 1.08077265E+00 -7.87249110E-03
 1.03386579E+00 -5.55532207E-03
 1.05129625E+00 -3.07100609E-03
 1.10377522E+00 -1.19496398E-03
 1.14034277E+00  8.95610666E-04
 1.16179821E+00  2.20936392E-03
 1.17483760E+00 -8.71286230E-04
 1.17175085E+00 -6.79798104E-03
 1.16141287E+00 -1.14112978E-02
 1.15044290E+00 -1.24135090E-02
 1.13355679E+00 -7.95831876E-03
 1.11488766E+00  2.22532178E-06
 1.10149648E+00  5.70690755E-03
 1.09945252E+00  6.30001254E-03
 1.11584293E+00  1.34734691E-03
 1.14313524E+00 -8.38358489E-03
 1.16316445E+00 -1.92924939E-02
 1.16520027E+00 -2.91109364E-02
 1.14468473E+00 -3.71927086E-02
 1.10783576E+00 -4.10795068E-02
 1.07336667E+00 -3.85385235E-02
 1.05200762E+00 -2.80355440E-02
 1.04608596E+00 -8.87478003E-03
 1.05629832E+00  1.47688490E-02
 1.07600632E+00  3.53276893E-02
 1.10201652E+00  4.70376000E-02
 1.13540691E+00  4.65259497E-02
 1.16826783E+00  3.53033561E-02
 1.18999610E+00  1.98246729E-02
 1.19210282E+00  3.98620208E-03
 1.16820646E+00 -1.10396584E-02
 1.12650634E+00 -2.50555533E-02
 1.08660246E+00 -4.03584363E-02
 1.06191327E+00 -5.60185635E-02
 1.05950322E+00 -6.73940141E-02
 1.07661660E+00 -7.08396910E-02
 1.09811363E+00 -6.21960027E-02
 1.11475449E+00 -3.88110131E-02
 1.12235320E+00 -1.46050370E-03
 1.11210008E+00  4.85270586E-02
 1.08945897E+00  1.05948611E-01
 1.09408931E+00  1.56284059E-01
 1.15178953E+00  1.73101849E-01
 1.17629015E+00  1.11938813E-01
 1.06187680E+00 -4.49420108E-02
 9.09831238E-01 -1.88116948E-01
 8.89246337E-01 -1.76649200E-01
 9.37160076E-01 -8.51918229E-02
 9.24631000E-01 -7.58963991E-02
 8.97021401E-01 -1.07474145E-01
 9.13166705E-01 -8.70271311E-02
 9.42726766E-01 -5.17628531E-02
 9.75686054E-01 -2.79061237E-02
 1.00968744E+00  3.36039358E-03
 1.02035734E+00  3.27193935E-02
 1.03717448E+00  7.57214875E-02
 1.10758924E+00  1.59045481E-01
 1.18465996E+00  2.18123808E-01
 1.18772983E+00  1.66289515E-01
 1.11462486E+00  4.46844856E-02
 9.99343543E-01 -5.02925531E-02
 8.87084784E-01 -9.38741922E-02
 8.49377962E-01 -8.28313708E-02
 8.93593692E-01 -3.53933432E-02
 9.65712261E-01 -1.54523179E-02
 1.04561947E+00 -2.18286804E-02
 1.11703757E+00 -7.79590079E-03
 1.15822106E+00  8.55133221E-03
 1.17720029E+00  1.93877854E-03
 1.17102951E+00 -1.33033134E-02
 1.13180684E+00 -3.24583179E-02
 1.08745536E+00 -5.90649518E-02
 1.06649090E+00 -8.43508558E-02
 1.05630710E+00 -9.48425831E-02
 1.03235879E+00 -8.10312686E-02
 1.00230865E+00 -4.95365228E-02
 9.87491642E-01 -1.82553612E-02
 1.00485839E+00  3.16599620E-03
 1.06907959E+00  1.07100775E-02
 1.14869487E+00  5.91352885E-03
 1.18609968E+00  9.78341754E-05
 1.18848630E+00 -2.30005147E-03
 1.19093796E+00 -3.45887734E-03
 1.17959588E+00 -8.22677122E-04
 1.14182653E+00  6.54756038E-03
 1.10451483E+00  2.03592039E-02
 1.08874366E+00  4.43540370E-02
 1.08841822E+00  7.22598028E-02
 1.09420655E+00  9.18434925E-02
 1.11045671E+00  9.52791665E-02
 1.14120327E+00  7.84238742E-02
 1.17911840E+00  4.68031190E-02
 1.21558093E+00  1.54182261E-02
 1.24072274E+00 -6.77675988E-03
 1.24294335E+00 -1.73107800E-02
 1.22331180E+00 -1.81274346E-02
 1.19263268E+00 -1.84035912E-02
 1.15680315E+00 -2.19226652E-02
 1.12016147E+00 -2.57441325E-02
 1.08561813E+00 -2.80582694E-02
 1.05147687E+00 -2.41694686E-02
 1.02294770E+00 -1.08591968E-02
 1.01089154E+00  1.20357645E-02
 1.02221819E+00  5.05756953E-02
 1.06157451E+00  1.03276382E-01
 1.12549117E+00  1.35510194E-01
 1.19593693E+00  1.10234744E-01
 1.24124902E+00  5.49818399E-02
 1.23558706E+00  2.30391896E-02
 1.20528271E+00  3.34721580E-03
 1.19719687E+00 -3.30618449E-02
 1.18472617E+00 -6.54536852E-02
 1.12145085E+00 -7.28734407E-02
 1.05114686E+00 -6.25964298E-02
 1.03436990E+00 -3.83920090E-02
 1.05035501E+00 -2.35018630E-03
 1.06394523E+00  3.26746498E-02
 1.08643012E+00  5.27332181E-02
 1.12547394E+00  5.01220622E-02
 1.16508364E+00  3.06145882E-02
 1.19626723E+00  1.06316046E-02
 1.21269653E+00 -4.68123612E-04
 1.20455081E+00 -3.10815486E-04
 1.17715973E+00  7.87193674E-03
 1.14724410E+00  1.21667021E-02
 1.12650298E+00  8.46098941E-03
 1.12236489E+00  1.37195806E-03
 1.13172131E+00 -6.26902040E-03
 1.13991465E+00 -8.76331832E-03
 1.14113887E+00 -3.98693265E-03
 1.13708804E+00  3.17492259E-03
 1.12861670E+00  1.03270239E-02
