# x =
 9.59131400E-01
# y =
 3.25097170E+00
 VARIABLES = u,v
 1.17404814E+00  2.98086222E-03
 1.17403226E+00  3.01427284E-03
 1.17401146E+00  3.04891023E-03
 1.17398610E+00  3.08279743E-03
 1.17395594E+00  3.11332074E-03
 1.17392154E+00  3.13829037E-03
 1.17388407E+00  3.15567057E-03
 1.17384493E+00  3.16528760E-03
 1.17380615E+00  3.16863192E-03
 1.17376942E+00  3.16644843E-03
 1.17373619E+00  3.15899316E-03
 1.17370882E+00  3.14613632E-03
 1.17368993E+00  3.12680948E-03
 1.17368157E+00  3.10078748E-03
 1.17368521E+00  3.06857727E-03
 1.17370077E+00  3.02996423E-03
 1.17372673E+00  2.98475985E-03
 1.17376165E+00  2.93277708E-03
 1.17380415E+00  2.87373719E-03
 1.17385282E+00  2.80874522E-03
 1.17390661E+00  2.73995298E-03
 1.17396367E+00  2.66923775E-03
 1.17402147E+00  2.59851730E-03
 1.17407799E+00  2.52953444E-03
 1.17413119E+00  2.46356434E-03
 1.17417895E+00  2.40253024E-03
 1.17421918E+00  2.34876616E-03
 1.17424872E+00  2.30410590E-03
 1.17426377E+00  2.27025697E-03
 1.17426131E+00  2.24864439E-03
 1.17423907E+00  2.24016828E-03
 1.17419584E+00  2.24579194E-03
 1.17413171E+00  2.26634026E-03
 1.17404673E+00  2.30195891E-03
 1.17394091E+00  2.35228849E-03
 1.17381493E+00  2.41641968E-03
 1.17366967E+00  2.49267458E-03
 1.17350681E+00  2.57874599E-03
 1.17332888E+00  2.67157326E-03
 1.17313820E+00  2.76702714E-03
 1.17293724E+00  2.86014569E-03
 1.17272897E+00  2.94558880E-03
 1.17251662E+00  3.01781668E-03
 1.17230424E+00  3.07149297E-03
 1.17209644E+00  3.10178104E-03
 1.17189721E+00  3.10419161E-03
 1.17170982E+00  3.07505905E-03
 1.17153659E+00  3.01227774E-03
 1.17137876E+00  2.91510857E-03
 1.17123750E+00  2.78377791E-03
 1.17111405E+00  2.61931209E-03
 1.17100938E+00  2.42279130E-03
 1.17092447E+00  2.19559984E-03
 1.17085956E+00  1.94098164E-03
 1.17081411E+00  1.66394829E-03
 1.17078767E+00  1.37100313E-03
 1.17077954E+00  1.07036064E-03
 1.17078871E+00  7.70579375E-04
 1.17081394E+00  4.80365000E-04
 1.17085304E+00  2.09366930E-04
 1.17090320E+00 -3.28392037E-05
 1.17096221E+00 -2.37532978E-04
 1.17102854E+00 -3.97419545E-04
 1.17110179E+00 -5.08423064E-04
 1.17118274E+00 -5.69403495E-04
 1.17127189E+00 -5.80026938E-04
 1.17136937E+00 -5.40602666E-04
 1.17147506E+00 -4.51328012E-04
 1.17158830E+00 -3.12170823E-04
 1.17170872E+00 -1.25910067E-04
 1.17183618E+00  1.02104985E-04
 1.17196955E+00  3.65470838E-04
 1.17210724E+00  6.55898003E-04
 1.17224755E+00  9.64651826E-04
 1.17238867E+00  1.28278089E-03
 1.17252997E+00  1.59893633E-03
 1.17267160E+00  1.90090653E-03
 1.17281291E+00  2.17802659E-03
 1.17295254E+00  2.42168797E-03
 1.17308835E+00  2.62761536E-03
 1.17321717E+00  2.79573255E-03
 1.17333635E+00  2.92614993E-03
 1.17344378E+00  3.01895899E-03
 1.17353693E+00  3.07407416E-03
 1.17361355E+00  3.09047801E-03
 1.17367157E+00  3.07005641E-03
 1.17370911E+00  3.01724626E-03
 1.17372581E+00  2.93604989E-03
 1.17372244E+00  2.83146125E-03
 1.17369977E+00  2.70883105E-03
 1.17365859E+00  2.57369160E-03
 1.17359911E+00  2.43518037E-03
 1.17352081E+00  2.30439074E-03
 1.17342397E+00  2.19012825E-03
 1.17330941E+00  2.09870491E-03
 1.17317780E+00  2.03204272E-03
 1.17303020E+00  1.98740279E-03
 1.17286754E+00  1.96271872E-03
 1.17269071E+00  1.95677596E-03
 1.17250184E+00  1.96810359E-03
 1.17230392E+00  1.99648418E-03
 1.17209983E+00  2.03967713E-03
 1.17189262E+00  2.09375382E-03
 1.17168500E+00  2.15722100E-03
 1.17147920E+00  2.22932923E-03
 1.17127806E+00  2.30903439E-03
 1.17108473E+00  2.39512240E-03
 1.17090200E+00  2.48248468E-03
 1.17073267E+00  2.56325600E-03
 1.17057923E+00  2.63223824E-03
 1.17044377E+00  2.68667181E-03
 1.17032856E+00  2.72675257E-03
 1.17023578E+00  2.75649869E-03
 1.17016689E+00  2.77867599E-03
 1.17012270E+00  2.79474050E-03
 1.17010311E+00  2.80746814E-03
 1.17010686E+00  2.81902717E-03
 1.17013185E+00  2.83223198E-03
 1.17017490E+00  2.85047326E-03
 1.17023128E+00  2.87364785E-03
 1.17029507E+00  2.89946486E-03
 1.17035965E+00  2.92619079E-03
 1.17041804E+00  2.95244725E-03
 1.17046363E+00  2.97963680E-03
 1.17049050E+00  3.01177874E-03
 1.17049287E+00  3.05060104E-03
 1.17046571E+00  3.09596523E-03
 1.17040557E+00  3.14700126E-03
 1.17031031E+00  3.20085875E-03
 1.17017893E+00  3.25571259E-03
 1.17001132E+00  3.31076524E-03
 1.16980712E+00  3.36304767E-03
 1.16956613E+00  3.40898288E-03
 1.16929028E+00  3.44532182E-03
 1.16898352E+00  3.46885915E-03
 1.16865175E+00  3.47900401E-03
 1.16830311E+00  3.47734354E-03
 1.16794600E+00  3.46455293E-03
 1.16758899E+00  3.44072353E-03
 1.16724176E+00  3.40507091E-03
 1.16691393E+00  3.35536951E-03
 1.16661431E+00  3.29074114E-03
 1.16635031E+00  3.21147517E-03
 1.16612564E+00  3.11726793E-03
 1.16594080E+00  3.00825566E-03
 1.16579571E+00  2.88447257E-03
 1.16568999E+00  2.74575129E-03
 1.16562408E+00  2.59387031E-03
 1.16559943E+00  2.43193382E-03
 1.16561484E+00  2.26281441E-03
 1.16566688E+00  2.08955401E-03
 1.16575175E+00  1.91469570E-03
 1.16586423E+00  1.74003874E-03
 1.16599902E+00  1.56832977E-03
 1.16615084E+00  1.40293189E-03
 1.16631132E+00  1.24687970E-03
 1.16647065E+00  1.10335072E-03
 1.16662068E+00  9.75021265E-04
 1.16675511E+00  8.63800541E-04
 1.16687172E+00  7.71697821E-04
 1.16697230E+00  7.00447777E-04
 1.16705797E+00  6.51077068E-04
 1.16712912E+00  6.24128314E-04
 1.16718587E+00  6.19312633E-04
 1.16722688E+00  6.35365741E-04
 1.16725260E+00  6.70318530E-04
 1.16726489E+00  7.21306859E-04
 1.16726344E+00  7.84385155E-04
 1.16724741E+00  8.54767350E-04
 1.16721599E+00  9.27082241E-04
 1.16716841E+00  9.95590408E-04
 1.16710751E+00  1.05463094E-03
 1.16703864E+00  1.09890482E-03
 1.16696500E+00  1.12351151E-03
 1.16688796E+00  1.12448340E-03
 1.16680647E+00  1.09948724E-03
 1.16671642E+00  1.04765124E-03
 1.16661512E+00  9.69001048E-04
 1.16650132E+00  8.64217671E-04
 1.16637288E+00  7.33895655E-04
 1.16622854E+00  5.78746526E-04
 1.16606689E+00  4.01283874E-04
 1.16588653E+00  2.05700634E-04
 1.16568965E+00 -2.57555116E-06
 1.16548085E+00 -2.16572621E-04
 1.16526451E+00 -4.29070088E-04
 1.16504490E+00 -6.32740060E-04
 1.16482402E+00 -8.19093132E-04
 1.16460158E+00 -9.79541857E-04
 1.16437923E+00 -1.10649243E-03
 1.16416004E+00 -1.19386153E-03
 1.16394711E+00 -1.23884856E-03
 1.16374474E+00 -1.24168820E-03
 1.16355617E+00 -1.20319840E-03
 1.16338358E+00 -1.12460880E-03
 1.16323121E+00 -1.00700124E-03
 1.16310393E+00 -8.51013639E-04
 1.16300568E+00 -6.59805881E-04
 1.16293979E+00 -4.38776655E-04
 1.16290695E+00 -1.93753533E-04
 1.16290538E+00  6.80808758E-05
 1.16293394E+00  3.39239744E-04
 1.16299180E+00  6.12106547E-04
 1.16307817E+00  8.76577598E-04
 1.16319310E+00  1.12148181E-03
 1.16333553E+00  1.33733629E-03
 1.16350348E+00  1.51670085E-03
 1.16369615E+00  1.65608793E-03
 1.16391288E+00  1.75600331E-03
 1.16415263E+00  1.81698239E-03
 1.16441395E+00  1.83946084E-03
 1.16469299E+00  1.82411350E-03
 1.16498381E+00  1.77095572E-03
 1.16528049E+00  1.68254105E-03
 1.16557667E+00  1.56369417E-03
 1.16586531E+00  1.41853076E-03
 1.16613940E+00  1.25175364E-03
 1.16639075E+00  1.06855298E-03
 1.16661052E+00  8.74375638E-04
 1.16679126E+00  6.77889156E-04
 1.16692637E+00  4.89639362E-04
 1.16700951E+00  3.17996055E-04
 1.16703521E+00  1.68988036E-04
 1.16699836E+00  4.49155079E-05
 1.16689436E+00 -5.60535844E-05
 1.16672058E+00 -1.35268817E-04
 1.16647617E+00 -1.93447743E-04
 1.16616138E+00 -2.31945627E-04
 1.16577848E+00 -2.51413228E-04
 1.16533218E+00 -2.54430998E-04
 1.16482995E+00 -2.45318061E-04
 1.16428315E+00 -2.26556132E-04
 1.16370645E+00 -2.00163015E-04
 1.16311578E+00 -1.68672147E-04
 1.16252772E+00 -1.34902475E-04
 1.16195866E+00 -1.04908087E-04
 1.16142371E+00 -8.69901623E-05
 1.16093765E+00 -8.70405612E-05
 1.16051357E+00 -1.08576349E-04
 1.16016025E+00 -1.52202175E-04
 1.15988299E+00 -2.14881104E-04
 1.15968490E+00 -2.94309090E-04
 1.15956745E+00 -3.89050019E-04
 1.15953315E+00 -4.96490716E-04
 1.15958480E+00 -6.14383016E-04
 1.15972041E+00 -7.39344856E-04
 1.15993358E+00 -8.66921277E-04
 1.16021438E+00 -9.95089709E-04
 1.16054837E+00 -1.12310397E-03
 1.16092068E+00 -1.24959212E-03
 1.16131622E+00 -1.37278925E-03
 1.16171663E+00 -1.48826141E-03
 1.16210307E+00 -1.58936462E-03
 1.16245866E+00 -1.67163692E-03
 1.16276956E+00 -1.73263931E-03
 1.16302993E+00 -1.77157790E-03
 1.16324100E+00 -1.79024517E-03
 1.16340455E+00 -1.78975387E-03
 1.16352245E+00 -1.77044721E-03
 1.16359486E+00 -1.73430784E-03
 1.16361932E+00 -1.68358201E-03
 1.16359852E+00 -1.62100914E-03
 1.16353934E+00 -1.54994923E-03
 1.16344810E+00 -1.47166796E-03
 1.16333317E+00 -1.38603519E-03
 1.16320271E+00 -1.29375534E-03
 1.16306468E+00 -1.19609916E-03
 1.16293357E+00 -1.09602541E-03
 1.16282717E+00 -9.98199173E-04
 1.16275925E+00 -9.05741611E-04
 1.16273944E+00 -8.20326770E-04
 1.16276917E+00 -7.43069073E-04
 1.16284149E+00 -6.73662127E-04
 1.16295088E+00 -6.12192663E-04
 1.16309337E+00 -5.59266883E-04
 1.16326470E+00 -5.14048194E-04
 1.16346308E+00 -4.75151879E-04
 1.16368328E+00 -4.41048632E-04
 1.16391734E+00 -4.09855195E-04
 1.16416210E+00 -3.80942876E-04
 1.16441607E+00 -3.54653157E-04
 1.16467741E+00 -3.30583281E-04
 1.16494405E+00 -3.07809323E-04
 1.16520697E+00 -2.84580144E-04
 1.16545209E+00 -2.58163140E-04
 1.16566994E+00 -2.26777373E-04
 1.16585501E+00 -1.89633175E-04
 1.16600635E+00 -1.46204332E-04
 1.16612922E+00 -9.67671520E-05
 1.16622654E+00 -4.14787228E-05
 1.16629896E+00  1.98038973E-05
 1.16635000E+00  8.64249433E-05
 1.16638262E+00  1.57406649E-04
 1.16640067E+00  2.31707521E-04
 1.16640894E+00  3.08108066E-04
 1.16640631E+00  3.86113356E-04
 1.16638785E+00  4.65790778E-04
 1.16635005E+00  5.46790348E-04
 1.16629039E+00  6.28422808E-04
 1.16621086E+00  7.09401412E-04
 1.16611803E+00  7.87791602E-04
 1.16601522E+00  8.62238528E-04
 1.16590320E+00  9.31998546E-04
 1.16578268E+00  9.96556876E-04
 1.16565220E+00  1.05592640E-03
 1.16551240E+00  1.10992288E-03
 1.16536608E+00  1.15803962E-03
 1.16521289E+00  1.20011860E-03
 1.16505184E+00  1.23598730E-03
 1.16488343E+00  1.26535135E-03
 1.16470912E+00  1.28781269E-03
 1.16453514E+00  1.30216115E-03
 1.16437183E+00  1.30657295E-03
 1.16422817E+00  1.29940293E-03
 1.16411201E+00  1.27922639E-03
 1.16402980E+00  1.24522529E-03
 1.16398518E+00  1.19728154E-03
 1.16398305E+00  1.13499937E-03
 1.16402888E+00  1.05783610E-03
 1.16412514E+00  9.65566382E-04
 1.16427285E+00  8.58014164E-04
 1.16447133E+00  7.35550558E-04
 1.16471796E+00  5.99124073E-04
 1.16501176E+00  4.49511013E-04
 1.16535225E+00  2.87698751E-04
 1.16573537E+00  1.15431102E-04
 1.16615405E+00 -6.48185397E-05
 1.16659734E+00 -2.49337356E-04
 1.16705007E+00 -4.33289073E-04
 1.16749736E+00 -6.11809358E-04
 1.16792481E+00 -7.80118716E-04
 1.16831713E+00 -9.33627896E-04
 1.16866018E+00 -1.06835182E-03
 1.16894033E+00 -1.18035012E-03
 1.16914534E+00 -1.26605208E-03
 1.16926839E+00 -1.32324788E-03
 1.16930707E+00 -1.35077249E-03
 1.16926065E+00 -1.34822380E-03
 1.16913000E+00 -1.31592702E-03
 1.16891523E+00 -1.25403845E-03
 1.16861601E+00 -1.16284573E-03
 1.16823730E+00 -1.04428103E-03
 1.16778890E+00 -9.01823735E-04
 1.16728390E+00 -7.40429956E-04
 1.16673987E+00 -5.66711534E-04
 1.16617494E+00 -3.87481612E-04
 1.16560727E+00 -2.09571316E-04
 1.16505833E+00 -4.04735994E-05
 1.16455001E+00  1.12553096E-04
 1.16410207E+00  2.42827773E-04
 1.16373102E+00  3.44723039E-04
 1.16344529E+00  4.15334365E-04
 1.16324599E+00  4.54150103E-04
 1.16313310E+00  4.61400490E-04
 1.16310587E+00  4.37943345E-04
 1.16316440E+00  3.84398904E-04
 1.16331034E+00  3.01156396E-04
 1.16353914E+00  1.91072933E-04
 1.16384075E+00  5.92604659E-05
 1.16420404E+00 -8.80231789E-05
 1.16461440E+00 -2.42722143E-04
 1.16505666E+00 -3.96527085E-04
 1.16551552E+00 -5.41108794E-04
 1.16596951E+00 -6.66348833E-04
 1.16639453E+00 -7.61736572E-04
 1.16677042E+00 -8.18172554E-04
 1.16708178E+00 -8.28484350E-04
 1.16732277E+00 -7.89614784E-04
 1.16749710E+00 -7.02420638E-04
 1.16760812E+00 -5.68306106E-04
 1.16765844E+00 -3.89057241E-04
 1.16765050E+00 -1.66442524E-04
 1.16758430E+00  9.83036932E-05
 1.16746537E+00  4.00864128E-04
 1.16730394E+00  7.34146644E-04
 1.16710751E+00  1.09073610E-03
 1.16688420E+00  1.46172012E-03
 1.16664268E+00  1.83776991E-03
 1.16639186E+00  2.20941991E-03
 1.16614862E+00  2.56417770E-03
 1.16593466E+00  2.88822432E-03
 1.16576636E+00  3.16995875E-03
 1.16565475E+00  3.40042683E-03
 1.16560258E+00  3.57555736E-03
 1.16560319E+00  3.69628290E-03
 1.16565167E+00  3.76368144E-03
 1.16574512E+00  3.77880970E-03
 1.16587876E+00  3.74322614E-03
 1.16604957E+00  3.65788087E-03
 1.16625104E+00  3.52697605E-03
 1.16647358E+00  3.35767702E-03
 1.16671323E+00  3.15645943E-03
 1.16696847E+00  2.93064845E-03
 1.16723659E+00  2.68827033E-03
 1.16751416E+00  2.43769971E-03
 1.16779041E+00  2.19117046E-03
 1.16804887E+00  1.96309114E-03
 1.16827832E+00  1.76508755E-03
 1.16847228E+00  1.60569853E-03
 1.16862885E+00  1.48856582E-03
 1.16875285E+00  1.41194347E-03
 1.16884684E+00  1.37435977E-03
 1.16891101E+00  1.37481748E-03
 1.16894897E+00  1.41135053E-03
 1.16896416E+00  1.48258163E-03
 1.16896106E+00  1.58420616E-03
 1.16894535E+00  1.70920338E-03
 1.16891666E+00  1.85220003E-03
 1.16887065E+00  2.00779986E-03
 1.16880473E+00  2.16976198E-03
 1.16871749E+00  2.33139016E-03
 1.16861230E+00  2.48190435E-03
 1.16849739E+00  2.60790059E-03
 1.16837714E+00  2.69909972E-03
 1.16825274E+00  2.74852760E-03
 1.16812468E+00  2.75368993E-03
 1.16799041E+00  2.71735830E-03
 1.16784934E+00  2.64178754E-03
 1.16770307E+00  2.52847936E-03
 1.16754985E+00  2.38031662E-03
 1.16738725E+00  2.19975460E-03
 1.16721394E+00  1.99162292E-03
 1.16702916E+00  1.76299530E-03
 1.16683713E+00  1.51861916E-03
 1.16664618E+00  1.26252905E-03
 1.16646327E+00  9.99699961E-04
 1.16629426E+00  7.35678013E-04
 1.16614313E+00  4.79953393E-04
 1.16601091E+00  2.44856753E-04
 1.16590065E+00  3.96320018E-05
 1.16581690E+00 -1.29608758E-04
 1.16576238E+00 -2.60332908E-04
 1.16573973E+00 -3.54595439E-04
 1.16575028E+00 -4.13757597E-04
 1.16579379E+00 -4.38271873E-04
 1.16587238E+00 -4.30311553E-04
 1.16598912E+00 -3.91918374E-04
 1.16614466E+00 -3.26806143E-04
 1.16633775E+00 -2.40350645E-04
 1.16656366E+00 -1.35320037E-04
 1.16681402E+00 -1.32498617E-05
 1.16708116E+00  1.23278697E-04
 1.16735805E+00  2.70980187E-04
 1.16763724E+00  4.23164322E-04
 1.16791246E+00  5.70376255E-04
 1.16817695E+00  7.05817590E-04
 1.16842399E+00  8.25292013E-04
 1.16865024E+00  9.26937533E-04
 1.16885457E+00  1.01231538E-03
 1.16903649E+00  1.08217681E-03
 1.16919620E+00  1.13625585E-03
 1.16933215E+00  1.17599294E-03
 1.16944146E+00  1.20287220E-03
 1.16952401E+00  1.21919866E-03
 1.16958196E+00  1.22819094E-03
 1.16961899E+00  1.23046202E-03
 1.16964119E+00  1.22503949E-03
 1.16965418E+00  1.21187822E-03
 1.16966308E+00  1.19159468E-03
 1.16967501E+00  1.16733039E-03
 1.16969736E+00  1.14455280E-03
 1.16973642E+00  1.12665570E-03
 1.16979704E+00  1.11508689E-03
 1.16987975E+00  1.11015111E-03
 1.16998124E+00  1.11000285E-03
 1.17009810E+00  1.11361390E-03
 1.17022691E+00  1.12097613E-03
 1.17036491E+00  1.13064222E-03
 1.17051068E+00  1.14108153E-03
 1.17066008E+00  1.15080566E-03
 1.17080677E+00  1.15824364E-03
 1.17094481E+00  1.16432799E-03
 1.17106731E+00  1.17183840E-03
 1.17116758E+00  1.18290833E-03
 1.17123932E+00  1.19915314E-03
 1.17127337E+00  1.22057895E-03
 1.17125938E+00  1.24538444E-03
 1.17118936E+00  1.27315981E-03
 1.17105785E+00  1.30464440E-03
 1.17086390E+00  1.34047769E-03
 1.17061139E+00  1.38208995E-03
 1.17030430E+00  1.43009559E-03
 1.16994687E+00  1.48417298E-03
 1.16954446E+00  1.54524527E-03
 1.16910242E+00  1.61446333E-03
 1.16862918E+00  1.69211101E-03
 1.16813609E+00  1.77777996E-03
 1.16763401E+00  1.86882821E-03
 1.16713456E+00  1.96061952E-03
 1.16665023E+00  2.04894786E-03
 1.16619378E+00  2.13000546E-03
 1.16578088E+00  2.20052503E-03
 1.16542866E+00  2.25841267E-03
 1.16515147E+00  2.30097694E-03
 1.16496042E+00  2.32525623E-03
 1.16486184E+00  2.32970665E-03
 1.16485670E+00  2.31345145E-03
 1.16494507E+00  2.27628240E-03
 1.16512623E+00  2.21868803E-03
 1.16539742E+00  2.14008700E-03
 1.16575487E+00  2.03937412E-03
 1.16619047E+00  1.91694338E-03
 1.16669169E+00  1.77442631E-03
 1.16724487E+00  1.61496086E-03
 1.16783414E+00  1.44346282E-03
 1.16844184E+00  1.26459359E-03
 1.16904938E+00  1.08276639E-03
 1.16963483E+00  9.03138282E-04
 1.17017484E+00  7.30646557E-04
 1.17064899E+00  5.70067703E-04
 1.17104083E+00  4.25759472E-04
 1.17134052E+00  2.99856344E-04
 1.17154505E+00  1.92744002E-04
 1.17165267E+00  1.04641438E-04
 1.17166240E+00  3.56036653E-05
 1.17157409E+00 -1.35533355E-05
 1.17138757E+00 -4.11811179E-05
 1.17110834E+00 -4.71681252E-05
 1.17074736E+00 -3.26492956E-05
 1.17031681E+00  1.01302157E-06
 1.16983199E+00  5.15237964E-05
 1.16930966E+00  1.16720169E-04
 1.16876738E+00  1.94575900E-04
 1.16822813E+00  2.81394736E-04
 1.16771728E+00  3.72763127E-04
 1.16725635E+00  4.65058598E-04
 1.16686191E+00  5.55497576E-04
 1.16654149E+00  6.43443210E-04
 1.16629349E+00  7.30337035E-04
 1.16611612E+00  8.17199997E-04
 1.16600808E+00  9.04627842E-04
 1.16596821E+00  9.92975768E-04
 1.16599746E+00  1.08172289E-03
 1.16609112E+00  1.17127764E-03
 1.16623960E+00  1.26275801E-03
 1.16643524E+00  1.35615348E-03
 1.16666925E+00  1.45115731E-03
 1.16693216E+00  1.54737696E-03
 1.16721411E+00  1.64429950E-03
 1.16749735E+00  1.74314392E-03
 1.16775956E+00  1.84627791E-03
 1.16798367E+00  1.95486209E-03
 1.16815813E+00  2.06901360E-03
 1.16828033E+00  2.18745132E-03
 1.16835747E+00  2.30714368E-03
 1.16839507E+00  2.42562381E-03
 1.16839659E+00  2.54096251E-03
 1.16836667E+00  2.65061211E-03
 1.16830759E+00  2.75228046E-03
 1.16822530E+00  2.84335147E-03
 1.16812884E+00  2.92092063E-03
 1.16802127E+00  2.98360706E-03
 1.16790320E+00  3.03099998E-03
 1.16777603E+00  3.06250976E-03
 1.16764165E+00  3.07751954E-03
 1.16750994E+00  3.07439409E-03
 1.16739681E+00  3.05057585E-03
 1.16731251E+00  3.00468995E-03
 1.16726226E+00  2.93640163E-03
 1.16724604E+00  2.84597813E-03
 1.16725645E+00  2.73486109E-03
 1.16728869E+00  2.60446060E-03
 1.16734055E+00  2.45619424E-03
 1.16740625E+00  2.29286069E-03
 1.16748042E+00  2.11805658E-03
 1.16755669E+00  1.93587954E-03
 1.16762757E+00  1.75111862E-03
 1.16769254E+00  1.56826340E-03
 1.16775569E+00  1.39157286E-03
 1.16781946E+00  1.22601169E-03
 1.16788519E+00  1.07690499E-03
 1.16794917E+00  9.49779886E-04
 1.16800252E+00  8.50386415E-04
 1.16804073E+00  7.83670862E-04
 1.16806286E+00  7.53525463E-04
 1.16806873E+00  7.62988197E-04
 1.16806151E+00  8.13905358E-04
 1.16804256E+00  9.07295698E-04
 1.16801132E+00  1.04345351E-03
 1.16797155E+00  1.22156454E-03
 1.16792856E+00  1.43968773E-03
 1.16788687E+00  1.69427733E-03
 1.16785092E+00  1.97999173E-03
 1.16782054E+00  2.28997880E-03
 1.16779157E+00  2.61591983E-03
 1.16776180E+00  2.94856910E-03
 1.16773036E+00  3.27815404E-03
 1.16769788E+00  3.59446739E-03
 1.16766767E+00  3.88748090E-03
 1.16764074E+00  4.14785884E-03
 1.16761609E+00  4.36766607E-03
 1.16759404E+00  4.54161553E-03
 1.16757441E+00  4.66687092E-03
 1.16755742E+00  4.74170248E-03
 1.16754397E+00  4.76517318E-03
 1.16753199E+00  4.73621930E-03
 1.16751749E+00  4.65381395E-03
 1.16749743E+00  4.51972894E-03
 1.16746908E+00  4.33837775E-03
 1.16743124E+00  4.11584574E-03
 1.16738458E+00  3.86050654E-03
 1.16732844E+00  3.58123714E-03
 1.16726119E+00  3.28720728E-03
 1.16718162E+00  2.98972054E-03
 1.16708797E+00  2.70062949E-03
 1.16697936E+00  2.43042310E-03
 1.16685598E+00  2.18754357E-03
 1.16671730E+00  1.97581143E-03
 1.16656275E+00  1.79478624E-03
 1.16639237E+00  1.64374441E-03
 1.16620651E+00  1.52200368E-03
 1.16600682E+00  1.42965406E-03
 1.16579629E+00  1.36818625E-03
 1.16557795E+00  1.33613664E-03
 1.16535518E+00  1.32958993E-03
 1.16513184E+00  1.34517275E-03
 1.16491189E+00  1.37849031E-03
 1.16469997E+00  1.42515890E-03
 1.16450124E+00  1.48084114E-03
 1.16432054E+00  1.53729775E-03
 1.16416239E+00  1.58426585E-03
 1.16403097E+00  1.61395724E-03
 1.16392956E+00  1.62119289E-03
 1.16386061E+00  1.60558194E-03
 1.16382571E+00  1.57175884E-03
 1.16382554E+00  1.52351245E-03
 1.16386015E+00  1.46367900E-03
 1.16392919E+00  1.39540691E-03
 1.16403173E+00  1.32043262E-03
 1.16416557E+00  1.24248960E-03
 1.16432719E+00  1.16690868E-03
 1.16451185E+00  1.09608266E-03
 1.16471356E+00  1.03128462E-03
 1.16492586E+00  9.73977842E-04
 1.16514189E+00  9.25658886E-04
 1.16535409E+00  8.91785829E-04
 1.16555483E+00  8.80655578E-04
 1.16573699E+00  8.97558636E-04
 1.16589443E+00  9.45088420E-04
 1.16602322E+00  1.02281837E-03
 1.16612137E+00  1.12623594E-03
 1.16618739E+00  1.25184212E-03
 1.16622003E+00  1.39710246E-03
 1.16621778E+00  1.55736151E-03
 1.16617872E+00  1.72783131E-03
 1.16610273E+00  1.90264492E-03
 1.16599132E+00  2.07477859E-03
 1.16584646E+00  2.24010565E-03
 1.16567124E+00  2.39627358E-03
 1.16546905E+00  2.53991567E-03
 1.16524348E+00  2.66712486E-03
 1.16500016E+00  2.77160914E-03
 1.16474565E+00  2.84487272E-03
 1.16448564E+00  2.88091964E-03
 1.16422463E+00  2.87614476E-03
 1.16396454E+00  2.82840634E-03
 1.16370480E+00  2.73826408E-03
 1.16344536E+00  2.60623392E-03
 1.16318691E+00  2.43270680E-03
 1.16293076E+00  2.22071014E-03
 1.16267960E+00  1.97471424E-03
 1.16243519E+00  1.70048092E-03
 1.16219863E+00  1.40544361E-03
 1.16197280E+00  1.09641984E-03
 1.16176113E+00  7.79941936E-04
 1.16156724E+00  4.64073530E-04
 1.16139479E+00  1.57783955E-04
 1.16124468E+00 -1.28829157E-04
 1.16111584E+00 -3.84711580E-04
 1.16100846E+00 -6.00515809E-04
 1.16092362E+00 -7.69110315E-04
 1.16086357E+00 -8.85435111E-04
 1.16083214E+00 -9.47108513E-04
 1.16083145E+00 -9.52681664E-04
 1.16086193E+00 -9.01277404E-04
 1.16092408E+00 -7.93394935E-04
 1.16101698E+00 -6.30562679E-04
 1.16113862E+00 -4.16755481E-04
 1.16128566E+00 -1.58550671E-04
 1.16145074E+00  1.36339763E-04
 1.16162346E+00  4.58661052E-04
 1.16179313E+00  7.97962122E-04
 1.16194900E+00  1.14304747E-03
 1.16208210E+00  1.48094495E-03
 1.16218574E+00  1.79802505E-03
 1.16225245E+00  2.08232951E-03
 1.16227491E+00  2.32439972E-03
 1.16224817E+00  2.51900013E-03
 1.16216853E+00  2.66508583E-03
 1.16203449E+00  2.76240139E-03
 1.16184649E+00  2.81101488E-03
 1.16160369E+00  2.81094815E-03
 1.16130534E+00  2.76168579E-03
 1.16095425E+00  2.66600423E-03
 1.16055650E+00  2.52965828E-03
 1.16012246E+00  2.35871702E-03
 1.15966692E+00  2.16084413E-03
 1.15920477E+00  1.94419371E-03
 1.15875072E+00  1.71721661E-03
 1.15832061E+00  1.49199742E-03
 1.15792922E+00  1.28231461E-03
 1.15759065E+00  1.09941505E-03
 1.15731717E+00  9.51498771E-04
 1.15711487E+00  8.41202175E-04
 1.15698488E+00  7.65506067E-04
 1.15692684E+00  7.21623354E-04
 1.15693925E+00  7.07294128E-04
 1.15702218E+00  7.20157578E-04
 1.15717718E+00  7.59219235E-04
 1.15740072E+00  8.20454572E-04
 1.15768490E+00  8.97282433E-04
 1.15801983E+00  9.85130537E-04
 1.15839192E+00  1.07947574E-03
 1.15878760E+00  1.17547815E-03
 1.15919350E+00  1.26816271E-03
 1.15959180E+00  1.34789102E-03
 1.15996333E+00  1.40212614E-03
 1.16029159E+00  1.42171501E-03
 1.16056345E+00  1.40088269E-03
 1.16077380E+00  1.33868797E-03
 1.16092513E+00  1.23984267E-03
 1.16101995E+00  1.10815850E-03
 1.16106064E+00  9.46464269E-04
 1.16104904E+00  7.59187979E-04
 1.16098498E+00  5.50186454E-04
 1.16087327E+00  3.25497907E-04
 1.16072295E+00  9.31737990E-05
 1.16054177E+00 -1.41868064E-04
 1.16033885E+00 -3.76077786E-04
 1.16012361E+00 -6.04988068E-04
 1.15990551E+00 -8.23629772E-04
 1.15970021E+00 -1.02302638E-03
 1.15952673E+00 -1.19111524E-03
 1.15939988E+00 -1.31915911E-03
 1.15933007E+00 -1.40161704E-03
 1.15932018E+00 -1.43606078E-03
 1.15936490E+00 -1.42448145E-03
 1.15945983E+00 -1.36823695E-03
 1.15960160E+00 -1.26795620E-03
 1.15978549E+00 -1.12683744E-03
 1.16000804E+00 -9.48724410E-04
 1.16026187E+00 -7.39131294E-04
 1.16053602E+00 -5.05442160E-04
 1.16082291E+00 -2.52835177E-04
 1.16111569E+00  1.46288572E-05
 1.16140650E+00  2.91385924E-04
 1.16168699E+00  5.70938636E-04
 1.16194275E+00  8.44032214E-04
 1.16215529E+00  1.09905813E-03
 1.16231079E+00  1.32696910E-03
 1.16240011E+00  1.52144556E-03
 1.16241994E+00  1.67844605E-03
 1.16237422E+00  1.79729453E-03
 1.16226594E+00  1.87722453E-03
 1.16209704E+00  1.91707877E-03
 1.16187223E+00  1.91762071E-03
 1.16159624E+00  1.88029212E-03
 1.16127683E+00  1.80816226E-03
 1.16092486E+00  1.70612336E-03
 1.16054779E+00  1.57800205E-03
 1.16015176E+00  1.42734004E-03
 1.15974461E+00  1.25895607E-03
 1.15933519E+00  1.07853169E-03
 1.15893726E+00  8.94100911E-04
 1.15856836E+00  7.15471127E-04
 1.15824182E+00  5.50421830E-04
 1.15796662E+00  4.04363989E-04
 1.15774730E+00  2.80120734E-04
 1.15758245E+00  1.77311892E-04
 1.15747113E+00  9.57062319E-05
 1.15741318E+00  3.56149727E-05
 1.15740556E+00 -3.41353095E-06
 1.15744463E+00 -2.15511777E-05
 1.15752407E+00 -2.03935485E-05
 1.15763469E+00 -2.88360848E-06
 1.15776971E+00  2.95012908E-05
 1.15792320E+00  7.57328748E-05
 1.15808745E+00  1.34197418E-04
 1.15825361E+00  2.02811227E-04
 1.15840886E+00  2.76714892E-04
 1.15853734E+00  3.49047236E-04
 1.15862684E+00  4.14922244E-04
 1.15866917E+00  4.71478454E-04
 1.15866038E+00  5.18247027E-04
 1.15860196E+00  5.57730586E-04
 1.15849528E+00  5.91590372E-04
 1.15834117E+00  6.20423853E-04
 1.15814257E+00  6.45447931E-04
 1.15790277E+00  6.67109620E-04
 1.15762771E+00  6.86351491E-04
 1.15732607E+00  7.04457843E-04
 1.15700469E+00  7.19884002E-04
 1.15666999E+00  7.29387354E-04
 1.15632984E+00  7.29993563E-04
 1.15599301E+00  7.19012187E-04
 1.15567223E+00  6.96383206E-04
 1.15538298E+00  6.64408894E-04
 1.15513734E+00  6.23621903E-04
 1.15494363E+00  5.73201598E-04
 1.15480565E+00  5.11735929E-04
 1.15472180E+00  4.36282330E-04
 1.15469071E+00  3.45266434E-04
 1.15471168E+00  2.38482470E-04
 1.15478238E+00  1.14415593E-04
 1.15490067E+00 -2.82530203E-05
 1.15506186E+00 -1.89893481E-04
 1.15525883E+00 -3.70030805E-04
 1.15548670E+00 -5.64846044E-04
 1.15574119E+00 -7.67771301E-04
 1.15601680E+00 -9.72624196E-04
 1.15630718E+00 -1.17357128E-03
 1.15660157E+00 -1.36587383E-03
 1.15688602E+00 -1.54660611E-03
 1.15714968E+00 -1.71188694E-03
 1.15738485E+00 -1.85747005E-03
 1.15758752E+00 -1.98094074E-03
 1.15775837E+00 -2.08062799E-03
 1.15789702E+00 -2.15596182E-03
 1.15800174E+00 -2.20741935E-03
 1.15807218E+00 -2.23384500E-03
 1.15810731E+00 -2.23335090E-03
 1.15810745E+00 -2.20611272E-03
 1.15807414E+00 -2.15398068E-03
 1.15800547E+00 -2.08105840E-03
 1.15789772E+00 -1.99401776E-03
 1.15774812E+00 -1.89906060E-03
 1.15755475E+00 -1.80196472E-03
 1.15731988E+00 -1.70943808E-03
 1.15704948E+00 -1.62769693E-03
 1.15674707E+00 -1.56264174E-03
 1.15641419E+00 -1.51943265E-03
 1.15605113E+00 -1.49980433E-03
 1.15565572E+00 -1.50278601E-03
 1.15522800E+00 -1.52698150E-03
 1.15477044E+00 -1.57057110E-03
 1.15428452E+00 -1.63271990E-03
 1.15377288E+00 -1.71365389E-03
 1.15323956E+00 -1.81113929E-03
 1.15269000E+00 -1.92091647E-03
 1.15213505E+00 -2.03817661E-03
 1.15158974E+00 -2.15658219E-03
 1.15106888E+00 -2.27000136E-03
 1.15058691E+00 -2.37260538E-03
 1.15015566E+00 -2.45632426E-03
 1.14978356E+00 -2.51236567E-03
 1.14948050E+00 -2.53342640E-03
 1.14925673E+00 -2.51391507E-03
 1.14911982E+00 -2.45211708E-03
 1.14907620E+00 -2.35009453E-03
 1.14912934E+00 -2.20997260E-03
 1.14927982E+00 -2.03395124E-03
 1.14952958E+00 -1.82443737E-03
 1.14987999E+00 -1.58324886E-03
 1.15032766E+00 -1.31474448E-03
 1.15086472E+00 -1.02555753E-03
 1.15147689E+00 -7.21922342E-04
 1.15214347E+00 -4.10845573E-04
 1.15284338E+00 -9.97420201E-05
 1.15355552E+00  2.03864802E-04
 1.15425792E+00  4.89708215E-04
 1.15493035E+00  7.46080807E-04
 1.15555275E+00  9.63322938E-04
 1.15610674E+00  1.13403292E-03
 1.15658134E+00  1.25453938E-03
 1.15697121E+00  1.32524076E-03
 1.15727309E+00  1.34655046E-03
 1.15748550E+00  1.31881800E-03
 1.15760430E+00  1.24330742E-03
 1.15762344E+00  1.12115043E-03
 1.15754359E+00  9.56040350E-04
 1.15737118E+00  7.54126458E-04
 1.15711630E+00  5.20970406E-04
 1.15679473E+00  2.62703867E-04
 1.15642217E+00 -1.36838003E-05
 1.15601413E+00 -3.00738074E-04
 1.15559169E+00 -5.88058334E-04
 1.15517732E+00 -8.63479382E-04
 1.15479080E+00 -1.11702305E-03
 1.15444816E+00 -1.34119389E-03
 1.15415507E+00 -1.53218186E-03
 1.15390792E+00 -1.69031756E-03
 1.15370348E+00 -1.81581972E-03
 1.15353934E+00 -1.90856894E-03
 1.15341540E+00 -1.96924185E-03
 1.15333566E+00 -1.99816551E-03
 1.15329846E+00 -1.99802378E-03
 1.15329776E+00 -1.97373530E-03
 1.15333022E+00 -1.92915536E-03
 1.15339144E+00 -1.86833070E-03
 1.15347761E+00 -1.79603298E-03
 1.15358535E+00 -1.71744498E-03
 1.15370264E+00 -1.64093249E-03
 1.15381249E+00 -1.57684927E-03
 1.15390299E+00 -1.53310661E-03
 1.15396700E+00 -1.51494797E-03
 1.15400586E+00 -1.52387550E-03
 1.15403026E+00 -1.55711687E-03
 1.15404804E+00 -1.61228795E-03
 1.15406424E+00 -1.68764733E-03
 1.15408487E+00 -1.78063586E-03
 1.15411292E+00 -1.88928404E-03
 1.15415369E+00 -2.00970959E-03
 1.15421413E+00 -2.13629490E-03
 1.15429344E+00 -2.26539188E-03
 1.15438664E+00 -2.39395543E-03
 1.15448901E+00 -2.51839013E-03
 1.15459587E+00 -2.63478406E-03
 1.15470983E+00 -2.73593442E-03
 1.15483960E+00 -2.81234970E-03
 1.15498847E+00 -2.85717232E-03
 1.15515551E+00 -2.86618351E-03
 1.15533694E+00 -2.83829735E-03
 1.15552350E+00 -2.77636521E-03
 1.15570875E+00 -2.68265144E-03
 1.15588883E+00 -2.55869714E-03
 1.15605508E+00 -2.40753050E-03
 1.15619805E+00 -2.23206774E-03
 1.15630874E+00 -2.03663040E-03
 1.15637811E+00 -1.82691026E-03
 1.15640383E+00 -1.60632174E-03
 1.15638891E+00 -1.37716881E-03
 1.15633451E+00 -1.14261159E-03
 1.15624075E+00 -9.06365953E-04
 1.15610540E+00 -6.74968092E-04
 1.15592266E+00 -4.57258675E-04
 1.15569037E+00 -2.59801554E-04
 1.15540937E+00 -8.69528402E-05
 1.15507945E+00  5.88448685E-05
 1.15470198E+00  1.78039222E-04
 1.15427826E+00  2.70538185E-04
 1.15380950E+00  3.35594186E-04
 1.15330238E+00  3.74212096E-04
 1.15276742E+00  3.87791142E-04
 1.15221527E+00  3.78645031E-04
 1.15165779E+00  3.50154940E-04
 1.15110637E+00  3.03941957E-04
 1.15057117E+00  2.40622795E-04
 1.15006507E+00  1.61851290E-04
 1.14960256E+00  6.99909468E-05
 1.14919694E+00 -3.06177802E-05
 1.14886136E+00 -1.33825766E-04
 1.14860742E+00 -2.35130307E-04
 1.14844417E+00 -3.31707170E-04
 1.14837982E+00 -4.21866225E-04
 1.14842083E+00 -5.05832379E-04
 1.14857077E+00 -5.83406845E-04
 1.14883088E+00 -6.53738194E-04
 1.14919985E+00 -7.17067656E-04
 1.14967295E+00 -7.73772326E-04
 1.15024168E+00 -8.24645025E-04
 1.15089313E+00 -8.71002128E-04
 1.15160935E+00 -9.12663326E-04
 1.15236795E+00 -9.48499317E-04
 1.15314434E+00 -9.77979715E-04
 1.15391262E+00 -1.00102469E-03
 1.15464664E+00 -1.01902927E-03
 1.15532162E+00 -1.03474841E-03
 1.15591418E+00 -1.04966684E-03
 1.15640448E+00 -1.06401640E-03
 1.15677992E+00 -1.07723202E-03
 1.15703423E+00 -1.08739500E-03
 1.15716449E+00 -1.09311072E-03
 1.15717031E+00 -1.09370534E-03
 1.15705039E+00 -1.08786264E-03
 1.15680333E+00 -1.07446651E-03
 1.15643541E+00 -1.05254993E-03
 1.15595999E+00 -1.02129304E-03
 1.15539539E+00 -9.81703737E-04
 1.15476653E+00 -9.36142349E-04
 1.15409929E+00 -8.86790894E-04
 1.15342011E+00 -8.35651622E-04
 1.15276099E+00 -7.83626071E-04
 1.15215500E+00 -7.30437650E-04
 1.15163156E+00 -6.76825463E-04
 1.15121449E+00 -6.24317485E-04
 1.15091466E+00 -5.74430594E-04
 1.15073106E+00 -5.29276571E-04
 1.15066153E+00 -4.90399451E-04
 1.15070346E+00 -4.58765101E-04
 1.15085603E+00 -4.36361758E-04
 1.15112175E+00 -4.25443726E-04
 1.15149435E+00 -4.27661684E-04
 1.15196015E+00 -4.44184547E-04
 1.15250596E+00 -4.74604379E-04
 1.15311494E+00 -5.17056191E-04
 1.15376986E+00 -5.69968145E-04
 1.15445335E+00 -6.31967376E-04
 1.15513741E+00 -7.01806599E-04
 1.15578866E+00 -7.78840614E-04
 1.15638025E+00 -8.61863336E-04
 1.15689248E+00 -9.49294219E-04
 1.15731920E+00 -1.04040161E-03
 1.15766832E+00 -1.13471523E-03
 1.15794581E+00 -1.23175861E-03
 1.15815532E+00 -1.33101251E-03
 1.15830108E+00 -1.43065751E-03
 1.15838345E+00 -1.52780758E-03
 1.15840916E+00 -1.61993437E-03
 1.15839019E+00 -1.70457226E-03
 1.15833154E+00 -1.77924261E-03
 1.15823632E+00 -1.84185024E-03
 1.15810857E+00 -1.88974197E-03
 1.15795285E+00 -1.91996961E-03
 1.15778549E+00 -1.93048302E-03
 1.15763117E+00 -1.91968222E-03
 1.15750683E+00 -1.88607610E-03
 1.15742249E+00 -1.82852507E-03
 1.15737947E+00 -1.74563858E-03
 1.15736790E+00 -1.63593575E-03
 1.15738175E+00 -1.49893118E-03
 1.15741893E+00 -1.33503204E-03
 1.15747355E+00 -1.14539612E-03
 1.15754152E+00 -9.32385759E-04
 1.15761683E+00 -6.99313969E-04
 1.15769160E+00 -4.50648366E-04
 1.15776818E+00 -1.92822452E-04
 1.15785514E+00  6.62195427E-05
 1.15795923E+00  3.17953107E-04
 1.15808587E+00  5.53579519E-04
 1.15823196E+00  7.64930656E-04
 1.15838628E+00  9.44841658E-04
 1.15854386E+00  1.08631097E-03
 1.15870460E+00  1.18322174E-03
 1.15886991E+00  1.23149479E-03
 1.15904620E+00  1.22868286E-03
 1.15923605E+00  1.17387678E-03
 1.15943798E+00  1.06747211E-03
 1.15965584E+00  9.09690591E-04
 1.15989402E+00  7.01190897E-04
 1.16015460E+00  4.45406668E-04
 1.16043802E+00  1.48421103E-04
 1.16073541E+00 -1.80990412E-04
 1.16103016E+00 -5.31142956E-04
 1.16130774E+00 -8.89905461E-04
 1.16155526E+00 -1.24496698E-03
 1.16176309E+00 -1.58282668E-03
 1.16192695E+00 -1.89034227E-03
 1.16203954E+00 -2.15533647E-03
 1.16209180E+00 -2.36749112E-03
 1.16207933E+00 -2.52125289E-03
 1.16199917E+00 -2.61521487E-03
 1.16185122E+00 -2.64912817E-03
 1.16163845E+00 -2.62362719E-03
 1.16135945E+00 -2.53865003E-03
 1.16101101E+00 -2.39339636E-03
 1.16059527E+00 -2.19110396E-03
 1.16011871E+00 -1.93859767E-03
 1.15959421E+00 -1.64419536E-03
 1.15904167E+00 -1.31898771E-03
 1.15847977E+00 -9.74385719E-04
 1.15792599E+00 -6.21889928E-04
 1.15739960E+00 -2.76555448E-04
 1.15691814E+00  4.53642060E-05
 1.15649890E+00  3.29886947E-04
 1.15615787E+00  5.65969840E-04
 1.15590277E+00  7.49008443E-04
 1.15573505E+00  8.80574010E-04
 1.15565472E+00  9.62372011E-04
 1.15566027E+00  9.95997978E-04
 1.15575279E+00  9.82711905E-04
 1.15593571E+00  9.22244346E-04
 1.15620586E+00  8.18396130E-04
 1.15655445E+00  6.78470883E-04
 1.15696993E+00  5.08787322E-04
 1.15743576E+00  3.16805227E-04
 1.15793560E+00  1.10342427E-04
 1.15845360E+00 -1.02667184E-04
 1.15896839E+00 -3.09114377E-04
 1.15945703E+00 -4.93054203E-04
 1.15989942E+00 -6.41984499E-04
 1.16027900E+00 -7.47047658E-04
 1.16058879E+00 -8.05599298E-04
 1.16083069E+00 -8.21718349E-04
 1.16100642E+00 -7.98624186E-04
 1.16111739E+00 -7.38516968E-04
 1.16116397E+00 -6.44481365E-04
 1.16114376E+00 -5.18283412E-04
 1.16106028E+00 -3.64743421E-04
 1.16092212E+00 -1.91355750E-04
 1.16073642E+00 -2.45472241E-06
 1.16051218E+00  1.98505289E-04
 1.16025868E+00  4.07353810E-04
 1.15998523E+00  6.19539469E-04
 1.15970875E+00  8.25253737E-04
 1.15945036E+00  1.01098352E-03
 1.15922668E+00  1.16702573E-03
 1.15904970E+00  1.28731332E-03
 1.15892304E+00  1.37014855E-03
 1.15884135E+00  1.41945190E-03
 1.15880108E+00  1.43788557E-03
 1.15880071E+00  1.42674206E-03
 1.15883810E+00  1.38946702E-03
 1.15891370E+00  1.32916911E-03
 1.15902448E+00  1.25066517E-03
 1.15916454E+00  1.16046847E-03
 1.15933333E+00  1.06131454E-03
 1.15953238E+00  9.53897574E-04
 1.15976256E+00  8.40095415E-04
 1.16002435E+00  7.22529183E-04
 1.16031065E+00  6.07812704E-04
 1.16060864E+00  5.05995618E-04
 1.16091030E+00  4.23880786E-04
 1.16121168E+00  3.65258994E-04
 1.16151321E+00  3.31710797E-04
 1.16182153E+00  3.21111162E-04
 1.16214025E+00  3.32356621E-04
 1.16246986E+00  3.65539620E-04
 1.16281328E+00  4.18257401E-04
 1.16317207E+00  4.87632691E-04
 1.16354770E+00  5.70122736E-04
 1.16394153E+00  6.61274075E-04
 1.16434732E+00  7.59671640E-04
 1.16475357E+00  8.65956394E-04
 1.16514965E+00  9.79479521E-04
 1.16552565E+00  1.09870938E-03
 1.16587646E+00  1.21968510E-03
 1.16620217E+00  1.33595980E-03
 1.16649929E+00  1.44334017E-03
 1.16676197E+00  1.53978210E-03
 1.16698537E+00  1.62407397E-03
 1.16716320E+00  1.69706375E-03
 1.16729206E+00  1.75896828E-03
 1.16737146E+00  1.80911765E-03
 1.16739725E+00  1.84872757E-03
 1.16736459E+00  1.87957693E-03
 1.16727190E+00  1.90348771E-03
 1.16712016E+00  1.92257571E-03
 1.16691697E+00  1.93682724E-03
 1.16667610E+00  1.94458505E-03
 1.16641029E+00  1.94511467E-03
 1.16613145E+00  1.93837617E-03
 1.16585114E+00  1.92570332E-03
 1.16557832E+00  1.91003473E-03
 1.16532320E+00  1.89290290E-03
 1.16509625E+00  1.87448753E-03
 1.16490264E+00  1.85478941E-03
 1.16474453E+00  1.83279579E-03
 1.16462269E+00  1.80795577E-03
 1.16453662E+00  1.78040118E-03
 1.16448934E+00  1.74908386E-03
 1.16448634E+00  1.71262653E-03
 1.16452884E+00  1.67002231E-03
 1.16461471E+00  1.62047752E-03
 1.16473913E+00  1.56486391E-03
 1.16489321E+00  1.50547618E-03
 1.16506907E+00  1.44413905E-03
 1.16525971E+00  1.38228244E-03
 1.16545461E+00  1.32064285E-03
 1.16564268E+00  1.25895516E-03
 1.16581414E+00  1.19780904E-03
 1.16596082E+00  1.13853386E-03
 1.16608110E+00  1.08213603E-03
 1.16617885E+00  1.02990217E-03
 1.16625741E+00  9.82778205E-04
 1.16631959E+00  9.41271755E-04
 1.16636646E+00  9.06846218E-04
 1.16639625E+00  8.81372826E-04
 1.16641049E+00  8.66139603E-04
 1.16641318E+00  8.62001924E-04
 1.16640649E+00  8.68665548E-04
 1.16639308E+00  8.84682741E-04
 1.16637505E+00  9.08931089E-04
 1.16635396E+00  9.40553335E-04
 1.16633636E+00  9.78710525E-04
 1.16633166E+00  1.02301627E-03
 1.16634641E+00  1.07271060E-03
 1.16638470E+00  1.12675666E-03
 1.16644606E+00  1.18486249E-03
 1.16652491E+00  1.24704690E-03
 1.16661735E+00  1.31335632E-03
 1.16672096E+00  1.38389170E-03
 1.16683242E+00  1.45790765E-03
 1.16694983E+00  1.53397803E-03
 1.16706994E+00  1.61112076E-03
 1.16718845E+00  1.68860329E-03
 1.16730514E+00  1.76587378E-03
 1.16742196E+00  1.84282393E-03
 1.16754043E+00  1.91896561E-03
 1.16766189E+00  1.99352587E-03
 1.16778384E+00  2.06622303E-03
 1.16790043E+00  2.13686274E-03
 1.16800850E+00  2.20514773E-03
 1.16810690E+00  2.27074654E-03
 1.16819556E+00  2.33266263E-03
 1.16827697E+00  2.38937611E-03
 1.16835204E+00  2.43964822E-03
 1.16842024E+00  2.48245589E-03
 1.16848341E+00  2.51706921E-03
 1.16854376E+00  2.54326433E-03
 1.16860313E+00  2.56074274E-03
 1.16866323E+00  2.56925556E-03
 1.16872236E+00  2.56915462E-03
 1.16877609E+00  2.56110106E-03
 1.16882101E+00  2.54596051E-03
 1.16885444E+00  2.52475544E-03
 1.16887501E+00  2.49803493E-03
 1.16888341E+00  2.46596302E-03
 1.16887890E+00  2.42894320E-03
 1.16885969E+00  2.38742560E-03
 1.16882519E+00  2.34181843E-03
 1.16877475E+00  2.29264582E-03
 1.16870841E+00  2.24010971E-03
 1.16862701E+00  2.18419077E-03
 1.16852945E+00  2.12519419E-03
 1.16841355E+00  2.06347671E-03
 1.16827829E+00  1.99912839E-03
 1.16812334E+00  1.93202354E-03
 1.16794992E+00  1.86149516E-03
 1.16776112E+00  1.78637727E-03
 1.16755929E+00  1.70563632E-03
 1.16734628E+00  1.61833817E-03
 1.16712457E+00  1.52354742E-03
 1.16689632E+00  1.42058925E-03
 1.16666420E+00  1.30886114E-03
 1.16643132E+00  1.18797202E-03
 1.16619956E+00  1.05829372E-03
 1.16597010E+00  9.20770258E-04
 1.16574448E+00  7.76546121E-04
 1.16552440E+00  6.26935988E-04
 1.16531269E+00  4.73020986E-04
 1.16511332E+00  3.15674355E-04
 1.16492973E+00  1.56311637E-04
 1.16476513E+00 -3.22868198E-06
 1.16462301E+00 -1.60943740E-04
 1.16450661E+00 -3.14472284E-04
 1.16441952E+00 -4.61526551E-04
 1.16436559E+00 -5.99891726E-04
 1.16434751E+00 -7.26871366E-04
 1.16436728E+00 -8.39637124E-04
 1.16442676E+00 -9.35692318E-04
 1.16452739E+00 -1.01292713E-03
 1.16467060E+00 -1.07011620E-03
 1.16485773E+00 -1.10690207E-03
 1.16508896E+00 -1.12300565E-03
 1.16536335E+00 -1.11825811E-03
 1.16567922E+00 -1.09265404E-03
 1.16603363E+00 -1.04619123E-03
 1.16642246E+00 -9.79548247E-04
 1.16684029E+00 -8.94044980E-04
 1.16727953E+00 -7.91084544E-04
 1.16773092E+00 -6.72399587E-04
 1.16818451E+00 -5.39962855E-04
 1.16863002E+00 -3.95902846E-04
 1.16905758E+00 -2.43025783E-04
 1.16945823E+00 -8.45353647E-05
 1.16982309E+00  7.66752850E-05
 1.17014411E+00  2.38093117E-04
 1.17041532E+00  3.97930748E-04
 1.17063247E+00  5.55178315E-04
 1.17079280E+00  7.08735384E-04
 1.17089486E+00  8.57370046E-04
 1.17093713E+00  9.99850812E-04
 1.17091856E+00  1.13474891E-03
 1.17084107E+00  1.26111393E-03
 1.17070945E+00  1.37844194E-03
 1.17053136E+00  1.48602997E-03
 1.17031755E+00  1.58326880E-03
 1.17007944E+00  1.66966627E-03
 1.16982875E+00  1.74481557E-03
 1.16957853E+00  1.80905639E-03
 1.16934163E+00  1.86321098E-03
 1.16913006E+00  1.90770727E-03
 1.16895407E+00  1.94256632E-03
 1.16881917E+00  1.96713893E-03
 1.16872683E+00  1.98005204E-03
 1.16867757E+00  1.98027299E-03
 1.16867136E+00  1.96719317E-03
 1.16870934E+00  1.94039443E-03
 1.16879391E+00  1.89999904E-03
 1.16892369E+00  1.84614025E-03
 1.16909408E+00  1.77906624E-03
 1.16929947E+00  1.70000294E-03
 1.16953181E+00  1.61079059E-03
 1.16978303E+00  1.51347817E-03
 1.17004508E+00  1.41025643E-03
 1.17030609E+00  1.30262256E-03
 1.17055270E+00  1.19149877E-03
 1.17077380E+00  1.07839385E-03
 1.17096101E+00  9.65215514E-04
 1.17111204E+00  8.54096798E-04
 1.17123044E+00  7.47644481E-04
 1.17131925E+00  6.48052777E-04
 1.17138078E+00  5.57147700E-04
 1.17141666E+00  4.77206530E-04
 1.17142633E+00  4.10466091E-04
 1.17141226E+00  3.58797342E-04
 1.17137924E+00  3.23714223E-04
 1.17132958E+00  3.05616807E-04
 1.17126538E+00  3.03931809E-04
 1.17118867E+00  3.18104692E-04
 1.17110140E+00  3.47554669E-04
 1.17101073E+00  3.91785878E-04
 1.17092715E+00  4.50644473E-04
 1.17085793E+00  5.23547778E-04
 1.17080741E+00  6.09661903E-04
 1.17077555E+00  7.08644081E-04
 1.17075712E+00  8.20237006E-04
 1.17074858E+00  9.44091286E-04
 1.17074811E+00  1.07965960E-03
 1.17075252E+00  1.22528123E-03
 1.17075982E+00  1.37833606E-03
 1.17076692E+00  1.53623844E-03
 1.17076987E+00  1.69619857E-03
 1.17076925E+00  1.85512306E-03
 1.17076834E+00  2.00993680E-03
 1.17076979E+00  2.15701125E-03
 1.17077591E+00  2.29243330E-03
 1.17078503E+00  2.41300463E-03
 1.17079189E+00  2.51594618E-03
 1.17079413E+00  2.59850189E-03
 1.17079161E+00  2.65819247E-03
 1.17078515E+00  2.69250317E-03
 1.17077809E+00  2.69896893E-03
 1.17077212E+00  2.67606288E-03
 1.17076736E+00  2.62311676E-03
 1.17076659E+00  2.54003348E-03
 1.17077310E+00  2.42775060E-03
 1.17078952E+00  2.28832796E-03
 1.17081821E+00  2.12512530E-03
 1.17085771E+00  1.94352074E-03
 1.17090346E+00  1.75056295E-03
 1.17095199E+00  1.55388464E-03
 1.17100064E+00  1.36141706E-03
 1.17104801E+00  1.18073787E-03
 1.17109490E+00  1.01860277E-03
 1.17114057E+00  8.81671408E-04
 1.17118313E+00  7.75819001E-04
 1.17122220E+00  7.04838297E-04
 1.17125742E+00  6.70898771E-04
 1.17128919E+00  6.74959281E-04
 1.17131870E+00  7.17033192E-04
 1.17134496E+00  7.97707576E-04
 1.17136574E+00  9.17645265E-04
 1.17138012E+00  1.07507778E-03
 1.17138806E+00  1.26600960E-03
 1.17139120E+00  1.48442828E-03
 1.17139319E+00  1.72191683E-03
 1.17139678E+00  1.96989737E-03
 1.17140400E+00  2.21975968E-03
 1.17141745E+00  2.46143816E-03
 1.17143920E+00  2.68489436E-03
 1.17147150E+00  2.88106552E-03
 1.17151669E+00  3.04251909E-03
 1.17157513E+00  3.16606318E-03
 1.17164583E+00  3.25222626E-03
 1.17172779E+00  3.30210054E-03
 1.17181978E+00  3.31712259E-03
 1.17192149E+00  3.29796337E-03
 1.17203348E+00  3.24420511E-03
 1.17215506E+00  3.15843455E-03
 1.17228458E+00  3.04577338E-03
 1.17242014E+00  2.91159057E-03
 1.17255901E+00  2.76278842E-03
 1.17269874E+00  2.60627115E-03
 1.17283721E+00  2.44884313E-03
 1.17297119E+00  2.30054061E-03
 1.17309705E+00  2.17278303E-03
 1.17321174E+00  2.07484984E-03
 1.17331265E+00  2.01359006E-03
 1.17339884E+00  1.99099286E-03
 1.17347086E+00  2.00414468E-03
 1.17352911E+00  2.05036045E-03
 1.17357398E+00  2.12726320E-03
 1.17360583E+00  2.23217753E-03
 1.17362470E+00  2.36340596E-03
 1.17363162E+00  2.51647332E-03
 1.17362852E+00  2.68448733E-03
 1.17361710E+00  2.86199285E-03
 1.17359935E+00  3.04335509E-03
 1.17357741E+00  3.22253485E-03
 1.17355342E+00  3.39337755E-03
 1.17353062E+00  3.54601027E-03
 1.17351286E+00  3.66832719E-03
 1.17350326E+00  3.75106242E-03
 1.17350424E+00  3.78786586E-03
 1.17351691E+00  3.77662425E-03
 1.17354101E+00  3.72013458E-03
 1.17357639E+00  3.62083207E-03
 1.17362304E+00  3.48072478E-03
 1.17368070E+00  3.30334847E-03
 1.17374928E+00  3.09214588E-03
 1.17382791E+00  2.85304687E-03
 1.17391497E+00  2.59439389E-03
 1.17400922E+00  2.32287791E-03
 1.17410934E+00  2.04491746E-03
 1.17421379E+00  1.76795053E-03
 1.17432088E+00  1.49993287E-03
 1.17442784E+00  1.25210099E-03
 1.17453123E+00  1.03791106E-03
 1.17462832E+00  8.67946227E-04
 1.17471712E+00  7.49706122E-04
 1.17479676E+00  6.86956396E-04
 1.17486759E+00  6.78863558E-04
 1.17492976E+00  7.24564827E-04
 1.17498311E+00  8.23368100E-04
 1.17502769E+00  9.72723285E-04
 1.17506328E+00  1.16962319E-03
 1.17509016E+00  1.40842307E-03
 1.17510902E+00  1.68078061E-03
 1.17511981E+00  1.97925731E-03
 1.17512222E+00  2.29618213E-03
 1.17511606E+00  2.62256445E-03
 1.17510131E+00  2.94864795E-03
 1.17507899E+00  3.26161396E-03
 1.17505097E+00  3.54667644E-03
 1.17501841E+00  3.79174951E-03
 1.17498188E+00  3.98790642E-03
 1.17494129E+00  4.13031349E-03
 1.17489565E+00  4.21890084E-03
 1.17484441E+00  4.25383783E-03
 1.17478751E+00  4.23518071E-03
 1.17472462E+00  4.16430049E-03
 1.17465570E+00  4.04266385E-03
 1.17458075E+00  3.87468455E-03
 1.17449984E+00  3.66766373E-03
 1.17441423E+00  3.42819394E-03
 1.17432601E+00  3.16345490E-03
 1.17423719E+00  2.88175889E-03
 1.17414975E+00  2.59212610E-03
 1.17406492E+00  2.30718041E-03
 1.17398318E+00  2.04172494E-03
 1.17390559E+00  1.80777251E-03
 1.17383362E+00  1.61408718E-03
 1.17376866E+00  1.46475374E-03
 1.17371240E+00  1.35863654E-03
 1.17366610E+00  1.29477579E-03
 1.17363057E+00  1.27276361E-03
 1.17360724E+00  1.29137033E-03
 1.17359763E+00  1.35003647E-03
 1.17360278E+00  1.44547448E-03
 1.17362336E+00  1.57190453E-03
 1.17365895E+00  1.72534671E-03
 1.17370817E+00  1.90194443E-03
 1.17376978E+00  2.09706068E-03
 1.17384265E+00  2.30552863E-03
 1.17392565E+00  2.51787292E-03
 1.17401807E+00  2.72175366E-03
 1.17411890E+00  2.90786569E-03
 1.17422700E+00  3.07004947E-03
 1.17434199E+00  3.20636544E-03
 1.17446381E+00  3.31988049E-03
 1.17459250E+00  3.41268968E-03
 1.17472816E+00  3.48566560E-03
 1.17487016E+00  3.54076509E-03
 1.17501727E+00  3.57903596E-03
 1.17516872E+00  3.60316174E-03
 1.17532400E+00  3.61725825E-03
 1.17548278E+00  3.62206925E-03
 1.17564511E+00  3.61669556E-03
 1.17581071E+00  3.60087287E-03
 1.17597907E+00  3.57478647E-03
 1.17615016E+00  3.54266485E-03
 1.17632407E+00  3.51197633E-03
 1.17650066E+00  3.48722249E-03
 1.17667955E+00  3.47024507E-03
 1.17685956E+00  3.46052641E-03
 1.17703875E+00  3.45396382E-03
 1.17721539E+00  3.44784217E-03
 1.17738789E+00  3.44093654E-03
 1.17755487E+00  3.43013067E-03
 1.17771537E+00  3.41252331E-03
 1.17786818E+00  3.38502640E-03
 1.17801199E+00  3.34429394E-03
 1.17814604E+00  3.29084318E-03
 1.17826980E+00  3.22790256E-03
 1.17838290E+00  3.15791790E-03
 1.17848511E+00  3.08279415E-03
 1.17857564E+00  3.00195455E-03
 1.17865336E+00  2.91216958E-03
 1.17871753E+00  2.81246469E-03
 1.17876775E+00  2.70368919E-03
 1.17880393E+00  2.58679535E-03
 1.17882649E+00  2.46422927E-03
 1.17883574E+00  2.33745501E-03
 1.17883192E+00  2.20689824E-03
 1.17881578E+00  2.07534591E-03
 1.17878831E+00  1.94644768E-03
 1.17875064E+00  1.82315154E-03
 1.17870415E+00  1.70806707E-03
 1.17864994E+00  1.60121698E-03
 1.17858896E+00  1.50029050E-03
 1.17852241E+00  1.40399172E-03
 1.17845169E+00  1.31175730E-03
 1.17837832E+00  1.22362351E-03
 1.17830406E+00  1.14103168E-03
 1.17823047E+00  1.06442072E-03
 1.17815889E+00  9.93429014E-04
 1.17809067E+00  9.28981733E-04
 1.17802698E+00  8.72274458E-04
 1.17796886E+00  8.24771225E-04
 1.17791722E+00  7.88333174E-04
 1.17787259E+00  7.63140590E-04
 1.17783512E+00  7.48209937E-04
 1.17780464E+00  7.43418816E-04
 1.17778058E+00  7.49102218E-04
 1.17776199E+00  7.66356458E-04
 1.17774757E+00  7.97372873E-04
 1.17773575E+00  8.43514165E-04
 1.17772481E+00  9.05460944E-04
 1.17771305E+00  9.84337830E-04
 1.17769891E+00  1.08093571E-03
 1.17768095E+00  1.19592437E-03
 1.17765809E+00  1.32989078E-03
 1.17762979E+00  1.48196969E-03
 1.17759604E+00  1.65019375E-03
 1.17755714E+00  1.83252262E-03
 1.17751359E+00  2.02664172E-03
 1.17746578E+00  2.23042746E-03
 1.17741407E+00  2.44204969E-03
 1.17735943E+00  2.65868828E-03
 1.17730345E+00  2.87668935E-03
 1.17724816E+00  3.09212977E-03
 1.17719613E+00  3.30049069E-03
 1.17714996E+00  3.49729539E-03
 1.17711218E+00  3.67826182E-03
 1.17708572E+00  3.83859322E-03
 1.17707344E+00  3.97346848E-03
 1.17707776E+00  4.07860715E-03
 1.17710044E+00  4.15036388E-03
 1.17714186E+00  4.18646593E-03
 1.17720111E+00  4.18603020E-03
 1.17727703E+00  4.14867765E-03
 1.17736820E+00  4.07462225E-03
 1.17747326E+00  3.96467330E-03
 1.17759098E+00  3.82018148E-03
 1.17771911E+00  3.64412423E-03
 1.17785450E+00  3.44115794E-03
 1.17799381E+00  3.21710895E-03
 1.17813321E+00  2.97914698E-03
 1.17826876E+00  2.73506312E-03
 1.17839653E+00  2.49291561E-03
 1.17851170E+00  2.26137418E-03
 1.17860911E+00  2.04906078E-03
 1.17868440E+00  1.86395385E-03
 1.17873417E+00  1.71289376E-03
 1.17875676E+00  1.60036082E-03
 1.17875234E+00  1.52862175E-03
 1.17872130E+00  1.49909016E-03
 1.17866431E+00  1.51250264E-03
 1.17858249E+00  1.56957614E-03
 1.17847704E+00  1.67093441E-03
 1.17835064E+00  1.81470538E-03
 1.17820732E+00  1.99661918E-03
 1.17805141E+00  2.21091742E-03
 1.17788790E+00  2.44981927E-03
 1.17772223E+00  2.70502590E-03
 1.17755997E+00  2.96797819E-03
 1.17740785E+00  3.22835807E-03
 1.17727301E+00  3.47542927E-03
 1.17716156E+00  3.69962169E-03
 1.17707825E+00  3.89314082E-03
 1.17702555E+00  4.05218220E-03
 1.17700356E+00  4.17662336E-03
 1.17701194E+00  4.26670593E-03
 1.17704997E+00  4.32274398E-03
 1.17711643E+00  4.34441382E-03
 1.17720995E+00  4.33028983E-03
 1.17732715E+00  4.28166930E-03
 1.17746267E+00  4.20216506E-03
 1.17761062E+00  4.09523886E-03
 1.17776398E+00  3.96551986E-03
 1.17791519E+00  3.81772430E-03
 1.17805652E+00  3.65660514E-03
 1.17817866E+00  3.49031781E-03
 1.17827184E+00  3.32873317E-03
 1.17832772E+00  3.17968417E-03
 1.17833996E+00  3.04878119E-03
 1.17830564E+00  2.93734260E-03
 1.17822528E+00  2.84228002E-03
 1.17810007E+00  2.76125520E-03
 1.17793158E+00  2.69281841E-03
 1.17772183E+00  2.63555048E-03
 1.17747273E+00  2.58951162E-03
 1.17718898E+00  2.55297768E-03
 1.17687788E+00  2.52284326E-03
 1.17654723E+00  2.49859833E-03
 1.17620620E+00  2.48063446E-03
 1.17586456E+00  2.46924546E-03
 1.17553231E+00  2.46466276E-03
 1.17522193E+00  2.46330591E-03
 1.17494688E+00  2.45883423E-03
 1.17471856E+00  2.44736862E-03
 1.17454570E+00  2.42712809E-03
 1.17443238E+00  2.39878207E-03
 1.17437797E+00  2.36633249E-03
 1.17438126E+00  2.33234663E-03
 1.17444077E+00  2.29799255E-03
 1.17455441E+00  2.26579866E-03
 1.17472033E+00  2.23773746E-03
 1.17493326E+00  2.21599762E-03
 1.17518468E+00  2.20295992E-03
 1.17546609E+00  2.19738260E-03
 1.17576759E+00  2.19558215E-03
 1.17607851E+00  2.19443196E-03
 1.17638781E+00  2.19118952E-03
 1.17668090E+00  2.18553416E-03
 1.17694148E+00  2.17969531E-03
 1.17715599E+00  2.17402480E-03
 1.17731411E+00  2.16753392E-03
 1.17741102E+00  2.15945188E-03
 1.17744766E+00  2.14796743E-03
 1.17742522E+00  2.13247897E-03
 1.17734489E+00  2.11357123E-03
 1.17720877E+00  2.08982646E-03
 1.17701853E+00  2.05924406E-03
 1.17677961E+00  2.02088344E-03
 1.17650099E+00  1.97452459E-03
 1.17619097E+00  1.92266884E-03
 1.17585882E+00  1.87031249E-03
 1.17551483E+00  1.82164616E-03
 1.17516977E+00  1.78025075E-03
 1.17483878E+00  1.74930878E-03
 1.17453940E+00  1.73064557E-03
 1.17428589E+00  1.72671957E-03
 1.17408866E+00  1.74026169E-03
 1.17395229E+00  1.77197727E-03
 1.17387486E+00  1.82151000E-03
 1.17385457E+00  1.88788969E-03
 1.17389004E+00  1.96944882E-03
 1.17397876E+00  2.06587156E-03
 1.17411881E+00  2.17771261E-03
 1.17430464E+00  2.30381772E-03
 1.17452725E+00  2.44171684E-03
 1.17477936E+00  2.58766218E-03
 1.17505337E+00  2.73616415E-03
 1.17534067E+00  2.88218651E-03
 1.17563206E+00  3.02112465E-03
 1.17591343E+00  3.14735615E-03
 1.17616757E+00  3.25537796E-03
 1.17638106E+00  3.34014117E-03
 1.17654453E+00  3.39724518E-03
 1.17665433E+00  3.42489587E-03
