# x =
 2.78148109E+01
# y =
 3.25097170E+00
 VARIABLES = u,v
 1.16700390E+00  1.09545336E-02
 1.16709435E+00  1.11591994E-02
 1.16706607E+00  1.12900085E-02
 1.16691506E+00  1.05463471E-02
 1.16663726E+00  7.99342076E-03
 1.16623474E+00  3.43589100E-03
 1.16571509E+00 -1.28672782E-03
 1.16509231E+00 -4.41445197E-03
 1.16438772E+00 -4.28236772E-03
 1.16362354E+00  1.81763808E-04
 1.16282321E+00  8.00835862E-03
 1.16201526E+00  1.62258313E-02
 1.16122970E+00  2.06388388E-02
 1.16049676E+00  1.83270029E-02
 1.15984567E+00  9.11308047E-03
 1.15929813E+00 -3.34852079E-03
 1.15886878E+00 -1.23236863E-02
 1.15857015E+00 -1.34680691E-02
 1.15841119E+00 -6.20203431E-03
 1.15839766E+00  6.01755497E-03
 1.15853118E+00  1.56428051E-02
 1.15880017E+00  1.82215005E-02
 1.15917847E+00  1.37666810E-02
 1.15962681E+00  4.95948429E-03
 1.16009408E+00 -1.86915693E-03
 1.16052970E+00 -3.26848186E-03
 1.16089021E+00 -1.84109688E-04
 1.16114299E+00  5.52335422E-03
 1.16127432E+00  9.71177836E-03
 1.16128882E+00  1.01671193E-02
 1.16121845E+00  8.23133311E-03
 1.16114050E+00  5.06689987E-03
 1.16116424E+00  2.76659496E-03
 1.16140011E+00  2.58277893E-03
 1.16194161E+00  3.45631391E-03
 1.16282931E+00  4.82017699E-03
 1.16404141E+00  6.01163285E-03
 1.16553151E+00  6.48893865E-03
 1.16720553E+00  6.86221307E-03
 1.16888457E+00  7.28764848E-03
 1.17034127E+00  7.63832030E-03
 1.17133511E+00  7.91171963E-03
 1.17165528E+00  7.67792114E-03
 1.17122415E+00  6.79944473E-03
 1.17010354E+00  5.51077150E-03
 1.16841091E+00  4.00115277E-03
 1.16637088E+00  2.72175580E-03
 1.16437013E+00  2.29937362E-03
 1.16287569E+00  3.24998575E-03
 1.16236607E+00  5.83679124E-03
 1.16322088E+00  9.71105980E-03
 1.16548318E+00  1.34439686E-02
 1.16883616E+00  1.49659131E-02
 1.17275946E+00  1.29011216E-02
 1.17639925E+00  7.09994013E-03
 1.17843467E+00 -6.51055321E-04
 1.17748783E+00 -6.93585503E-03
 1.17278080E+00 -9.38896128E-03
 1.16474923E+00 -7.25060120E-03
 1.15605222E+00 -1.49841667E-03
 1.15083165E+00  4.90643854E-03
 1.15192389E+00  1.00576981E-02
 1.15989553E+00  1.34265414E-02
 1.17176210E+00  1.45829865E-02
 1.18145611E+00  1.40817896E-02
 1.18497049E+00  1.18758361E-02
 1.18131526E+00  7.23002391E-03
 1.17248331E+00  1.15151208E-03
 1.16389923E+00 -4.55744579E-03
 1.15867942E+00 -8.21317372E-03
 1.15683882E+00 -8.06276488E-03
 1.15760876E+00 -4.16088957E-03
 1.15818891E+00  1.75760949E-03
 1.15761367E+00  8.47556868E-03
 1.15763292E+00  1.47233570E-02
 1.15915906E+00  1.87806437E-02
 1.16333272E+00  1.94457097E-02
 1.17020473E+00  1.54745524E-02
 1.17738239E+00  6.37937088E-03
 1.18238162E+00 -5.17577385E-03
 1.18265278E+00 -1.46019297E-02
 1.17647438E+00 -1.83556216E-02
 1.16476389E+00 -1.45144615E-02
 1.15126826E+00 -4.68089613E-03
 1.14169424E+00  6.19234004E-03
 1.14040687E+00  1.48862910E-02
 1.14876125E+00  1.99961649E-02
 1.16392220E+00  2.08696929E-02
 1.17918263E+00  1.89408770E-02
 1.18969697E+00  1.44107956E-02
 1.19329186E+00  6.44042193E-03
 1.18941264E+00 -2.99588008E-03
 1.18052931E+00 -1.09156928E-02
 1.16787472E+00 -1.45011554E-02
 1.15165437E+00 -1.10194643E-02
 1.13574292E+00 -1.36628527E-03
 1.12511987E+00  1.04929049E-02
 1.12414747E+00  2.17022311E-02
 1.13598920E+00  2.97941321E-02
 1.15700083E+00  3.25928302E-02
 1.17814625E+00  2.96574123E-02
 1.19250916E+00  2.00574627E-02
 1.19514384E+00  3.56101725E-03
 1.18430405E+00 -1.54307718E-02
 1.16348501E+00 -3.00707470E-02
 1.13550469E+00 -3.46068871E-02
 1.10441785E+00 -2.52538778E-02
 1.08201294E+00 -4.06095481E-03
 1.08165297E+00  2.11842442E-02
 1.11032314E+00  4.35304530E-02
 1.16355061E+00  5.59417834E-02
 1.21249415E+00  4.93083424E-02
 1.22189572E+00  2.15618336E-02
 1.20269060E+00 -1.12799266E-02
 1.18745660E+00 -2.71342449E-02
 1.16236189E+00 -2.62460870E-02
 1.10887089E+00 -2.11105586E-02
 1.06579236E+00 -1.06276569E-02
 1.07369893E+00  5.99267915E-03
 1.11032601E+00  2.08563071E-02
 1.13623311E+00  3.03442813E-02
 1.15230636E+00  3.28816733E-02
 1.16719919E+00  2.57908620E-02
 1.17423361E+00  9.24203475E-03
 1.17664367E+00 -1.23581318E-02
 1.17714372E+00 -2.68833624E-02
 1.16873380E+00 -2.20303271E-02
 1.15402985E+00 -4.89110235E-03
 1.14086364E+00  7.18191638E-03
 1.13476043E+00  1.21663866E-02
 1.14170335E+00  1.40518320E-02
 1.15769430E+00  1.14915110E-02
 1.17011513E+00  7.69842446E-03
 1.17269815E+00  5.03172313E-03
 1.16404260E+00  7.51082199E-04
 1.14788303E+00 -4.10917649E-03
 1.13545031E+00 -7.01706294E-03
 1.13218605E+00 -6.34869181E-03
 1.13689815E+00  9.96627756E-05
 1.14789123E+00  9.75730394E-03
 1.15942436E+00  1.63295435E-02
 1.16812457E+00  1.63950034E-02
 1.17497657E+00  8.95032904E-03
 1.17807709E+00 -3.13132484E-03
 1.17562066E+00 -1.26159419E-02
 1.16676072E+00 -1.54195126E-02
 1.15056702E+00 -1.12406838E-02
 1.13211361E+00 -1.87634370E-03
 1.12044477E+00  7.35425710E-03
 1.12130405E+00  1.32859480E-02
 1.13651809E+00  1.59256846E-02
 1.16006893E+00  1.48539966E-02
 1.17881268E+00  1.10909788E-02
 1.18447924E+00  5.15167763E-03
 1.17520491E+00 -3.56293875E-03
 1.15549556E+00 -1.23759553E-02
 1.13749225E+00 -1.71312553E-02
 1.12837579E+00 -1.50320793E-02
 1.12873902E+00 -4.74717663E-03
 1.13766469E+00  9.92595720E-03
 1.14947674E+00  2.10636966E-02
 1.16107268E+00  2.36274592E-02
 1.17310971E+00  1.61110927E-02
 1.18142144E+00  1.64569882E-03
 1.18110289E+00 -1.15323440E-02
 1.16893699E+00 -1.83986904E-02
 1.14332722E+00 -1.79597945E-02
 1.11295369E+00 -1.07447098E-02
 1.09358942E+00 -9.00394499E-04
 1.09519755E+00  9.02675796E-03
 1.12042714E+00  1.85310241E-02
 1.15961495E+00  2.35504052E-02
 1.19146625E+00  1.99459586E-02
 1.20267493E+00  6.25132640E-03
 1.19052100E+00 -1.51691362E-02
 1.16115724E+00 -3.07285796E-02
 1.13232676E+00 -2.47782006E-02
 1.11471921E+00 -4.79942171E-03
 1.10945852E+00  9.68298301E-03
 1.11749001E+00  1.65517714E-02
 1.13349309E+00  1.95236191E-02
 1.15342343E+00  1.68432878E-02
 1.17515829E+00  1.16027014E-02
 1.18331700E+00  2.35056668E-03
 1.16562446E+00 -1.58544199E-02
 1.14280292E+00 -2.96308321E-02
 1.14280263E+00 -2.18876440E-02
 1.14830783E+00 -2.37192629E-03
 1.12993709E+00  9.70388286E-03
 1.11186532E+00  1.43258170E-02
 1.12811275E+00  1.61317215E-02
 1.15927131E+00  1.29299520E-02
 1.17514877E+00  7.59911627E-03
 1.17773923E+00  3.25015780E-03
 1.17173201E+00 -1.94584725E-03
 1.15560250E+00 -7.25745687E-03
 1.13921965E+00 -1.08556631E-02
 1.13077840E+00 -1.12018488E-02
 1.12985452E+00 -5.91687895E-03
 1.13534185E+00  3.41422064E-03
 1.14315023E+00  1.21657513E-02
 1.15124962E+00  1.74164218E-02
 1.16113232E+00  1.72133236E-02
 1.16986784E+00  1.19753207E-02
 1.17331988E+00  5.22446252E-03
 1.16856241E+00 -1.19119707E-03
 1.15314063E+00 -6.64735474E-03
 1.13174495E+00 -9.53377015E-03
 1.11451478E+00 -9.11441938E-03
 1.10808041E+00 -4.45804056E-03
 1.11546753E+00  5.18961853E-03
 1.13372100E+00  1.64694216E-02
 1.15312221E+00  2.37209932E-02
 1.16763947E+00  2.31139139E-02
 1.17520173E+00  1.31621893E-02
 1.17426727E+00 -2.37360615E-03
 1.16698430E+00 -1.51158285E-02
 1.15397887E+00 -1.98306413E-02
 1.13455739E+00 -1.51669809E-02
 1.11458543E+00 -3.43503499E-03
 1.10252872E+00  8.34227522E-03
 1.10462129E+00  1.60102568E-02
 1.12407747E+00  1.90528957E-02
 1.15339283E+00  1.68486729E-02
 1.17665706E+00  1.10867093E-02
 1.18364435E+00  2.62915893E-03
 1.17098567E+00 -8.82605294E-03
 1.14432756E+00 -1.88364680E-02
 1.11947685E+00 -2.12886475E-02
 1.10601400E+00 -1.30647374E-02
 1.10605280E+00  4.98237030E-03
 1.12002549E+00  2.19463110E-02
 1.14153072E+00  2.35949065E-02
 1.16511650E+00  1.44623360E-02
 1.18595602E+00  7.92640072E-03
 1.18693417E+00 -6.27939957E-04
 1.15602130E+00 -1.74068218E-02
 1.11725595E+00 -2.73704910E-02
 1.10660881E+00 -1.61960677E-02
 1.11951279E+00  4.96291357E-03
 1.13234789E+00  1.74835621E-02
 1.14282334E+00  1.94676796E-02
 1.15038614E+00  1.43719719E-02
 1.15742713E+00  3.06605950E-03
 1.17601733E+00 -7.09452132E-03
 1.18889764E+00 -1.07053153E-02
 1.16730344E+00 -9.17039172E-03
 1.12840590E+00 -4.02714269E-03
 1.10565586E+00  1.36242515E-03
 1.10114432E+00  5.08705377E-03
 1.11005490E+00  8.62431861E-03
 1.13244586E+00  1.12623282E-02
 1.15571906E+00  1.18349109E-02
 1.16941052E+00  9.58684927E-03
 1.17313554E+00  3.00953833E-03
 1.16752792E+00 -6.08121572E-03
 1.15717409E+00 -1.33757882E-02
 1.14420325E+00 -1.61195083E-02
 1.12685739E+00 -1.27049252E-02
 1.10997338E+00 -4.27102274E-03
 1.10059662E+00  4.92024223E-03
 1.10398767E+00  1.21949013E-02
 1.12412330E+00  1.63383757E-02
 1.15451748E+00  1.62736423E-02
 1.18047438E+00  1.25801997E-02
 1.19224812E+00  5.33715734E-03
 1.18518009E+00 -5.53679845E-03
 1.16233031E+00 -1.66767641E-02
 1.13615318E+00 -2.32024428E-02
 1.11444561E+00 -2.15106897E-02
 1.10045637E+00 -9.90901105E-03
 1.09919719E+00  7.73301215E-03
 1.11153309E+00  2.29889639E-02
 1.13706516E+00  3.00551582E-02
 1.17204537E+00  2.63185939E-02
 1.19565130E+00  1.30032481E-02
 1.18735200E+00 -3.54832317E-03
 1.16466913E+00 -1.86717422E-02
 1.15783000E+00 -2.90763884E-02
 1.15095714E+00 -2.83568877E-02
 1.11856119E+00 -1.45792323E-02
 1.09110774E+00  9.34056934E-04
 1.10609448E+00  4.90631810E-03
 1.14266875E+00  4.92838275E-03
 1.16622887E+00  1.55668041E-02
 1.17785397E+00  2.55293647E-02
 1.18304667E+00  1.76767255E-02
 1.17748347E+00  1.08608326E-03
 1.16798147E+00 -9.68056171E-03
 1.16016131E+00 -1.46757928E-02
 1.15095041E+00 -1.44230616E-02
 1.14163156E+00 -7.79597893E-03
 1.13437259E+00  6.99806924E-05
 1.13164937E+00  5.42721543E-03
 1.13801423E+00  8.28012946E-03
 1.15055531E+00  8.35670886E-03
 1.16129121E+00  6.85699707E-03
 1.16554908E+00  3.82855929E-03
 1.16059450E+00 -2.08986180E-03
 1.14906475E+00 -8.66043848E-03
 1.13952977E+00 -1.21616654E-02
 1.13614871E+00 -1.02034248E-02
 1.13880327E+00 -1.48826641E-03
 1.14573615E+00  1.05274815E-02
 1.15125080E+00  1.85950433E-02
 1.15247615E+00  1.86216320E-02
 1.15040152E+00  1.01532124E-02
 1.14466320E+00 -2.78724152E-03
 1.13620811E+00 -1.15221186E-02
 1.12649879E+00 -1.13198904E-02
 1.11680397E+00 -2.89530755E-03
 1.11352834E+00  9.11510175E-03
 1.12466190E+00  1.54118848E-02
 1.15157165E+00  1.07401363E-02
 1.18624828E+00 -3.75097997E-03
 1.20430597E+00 -2.32581939E-02
 1.17977626E+00 -3.81468981E-02
 1.12837548E+00 -4.16259868E-02
 1.08656577E+00 -3.20689388E-02
 1.05047177E+00 -9.17586572E-03
 1.01020313E+00  2.72086365E-02
 1.00454427E+00  8.81164519E-02
 1.06697411E+00  1.71687523E-01
 1.15966121E+00  2.02774137E-01
 1.22004814E+00  1.00692386E-01
 1.22871514E+00 -6.19799986E-02
 1.18625100E+00 -1.49406830E-01
 1.10329310E+00 -1.68609423E-01
 1.02100026E+00 -1.73888559E-01
 9.71195787E-01 -1.39096445E-01
 9.65357397E-01 -5.96487829E-02
 1.01479114E+00  1.96658387E-02
 1.10628788E+00  7.15350679E-02
 1.19209455E+00  7.82295667E-02
 1.22338009E+00  3.11965249E-02
 1.19986165E+00 -3.44435204E-02
 1.15681831E+00 -6.58308624E-02
 1.11168601E+00 -6.27811013E-02
 1.07486957E+00 -5.45008815E-02
 1.04263607E+00 -3.68925934E-02
 9.95681176E-01 -4.28954425E-03
 9.74742754E-01  3.32448301E-02
 1.03980800E+00  7.32758864E-02
 1.15241946E+00  9.72569864E-02
 1.23620897E+00  7.66039403E-02
 1.27485575E+00  1.69514643E-02
 1.26660791E+00 -5.47543982E-02
 1.21040879E+00 -1.14008911E-01
 1.13910063E+00 -1.34674841E-01
 1.07629795E+00 -1.14183872E-01
 1.02574296E+00 -7.64154709E-02
 9.97494113E-01 -3.34124981E-02
 9.94152084E-01  8.24084501E-03
 1.02092222E+00  4.06898873E-02
 1.08472837E+00  6.56402485E-02
 1.15796460E+00  7.08977578E-02
 1.20267293E+00  4.11486273E-02
 1.22112860E+00 -1.98500507E-04
 1.22890799E+00 -2.01631206E-02
 1.21110269E+00 -2.85293407E-02
 1.15767724E+00 -4.66091776E-02
 1.10389029E+00 -5.92799248E-02
 1.08712619E+00 -4.80565003E-02
 1.09129939E+00 -2.51951669E-02
 1.08287180E+00 -6.56374747E-03
 1.06875444E+00  2.79999565E-03
 1.06584347E+00 -1.09215474E-03
 1.07206443E+00 -7.82921607E-03
 1.09099890E+00  1.79325497E-03
 1.12368114E+00  1.73949775E-02
 1.15668265E+00  1.59278171E-02
 1.17985961E+00  6.29764789E-03
 1.18575191E+00  3.27187734E-03
 1.16769368E+00 -6.74846660E-03
 1.12884249E+00 -3.39592170E-02
 1.08237349E+00 -5.41257099E-02
 1.04728620E+00 -4.05476795E-02
 1.03955536E+00 -6.67362145E-03
 1.06544699E+00  1.98015365E-02
 1.11503718E+00  3.72323765E-02
 1.16460483E+00  4.77131254E-02
 1.19763188E+00  4.12259643E-02
 1.20708475E+00  1.86386030E-02
 1.19252717E+00 -4.32612671E-03
 1.16536335E+00 -1.37496703E-02
 1.13299631E+00 -1.31746430E-02
 1.10031181E+00 -1.36982527E-02
 1.08740700E+00 -8.56875015E-03
 1.10918435E+00  1.02910323E-02
 1.14630143E+00  2.48292921E-02
 1.16731401E+00  1.57786222E-02
 1.17021587E+00 -4.38105250E-03
 1.16656244E+00 -1.37832459E-02
 1.15568169E+00 -1.37115110E-02
 1.14319461E+00 -1.15006173E-02
 1.14133343E+00 -5.66065619E-03
 1.15054438E+00  1.78459393E-04
 1.15627598E+00  2.06353958E-03
 1.14357847E+00  2.81383964E-03
 1.13001535E+00  3.78197748E-03
 1.14411974E+00  5.63145740E-03
 1.16588924E+00  8.87251679E-03
 1.16159387E+00  1.14809078E-02
 1.14693716E+00  1.26028745E-02
 1.14749959E+00  1.23225229E-02
 1.15398929E+00  1.03008120E-02
 1.15552839E+00  7.24217158E-03
 1.15779669E+00  3.81070042E-03
 1.16146984E+00  2.55965459E-04
 1.16285056E+00 -2.73545229E-03
 1.16327478E+00 -4.65355874E-03
 1.16375724E+00 -5.31745935E-03
 1.16370765E+00 -4.59853551E-03
 1.16300694E+00 -2.52135040E-03
 1.16093455E+00  7.14900161E-04
 1.15693768E+00  4.70753732E-03
 1.15113369E+00  8.86655526E-03
 1.14400745E+00  1.24494349E-02
 1.13718226E+00  1.47251737E-02
 1.13381723E+00  1.53702367E-02
 1.13746237E+00  1.44187828E-02
 1.14972174E+00  1.19156012E-02
 1.16874585E+00  8.04428869E-03
 1.18729741E+00  3.17144068E-03
 1.19457927E+00 -2.20383537E-03
 1.18384374E+00 -7.08484648E-03
 1.15523332E+00 -1.00345107E-02
 1.11875857E+00 -9.52916668E-03
 1.09270931E+00 -4.26355768E-03
 1.08928417E+00  5.98359543E-03
 1.11105265E+00  1.95148614E-02
 1.14997598E+00  3.18926971E-02
 1.18664343E+00  3.70636613E-02
 1.20780340E+00  3.10386504E-02
 1.20898081E+00  1.37667561E-02
 1.18890473E+00 -8.50124418E-03
 1.15523074E+00 -2.45940931E-02
 1.11579396E+00 -2.70581665E-02
 1.07987063E+00 -1.44203836E-02
 1.07387146E+00  7.27291699E-03
 1.11666267E+00  2.47329880E-02
 1.17399005E+00  2.99237077E-02
 1.19343292E+00  2.22701181E-02
 1.18434595E+00  6.50758312E-03
 1.18163640E+00 -5.80422460E-03
 1.17569968E+00 -8.43080916E-03
 1.15597707E+00 -2.84112906E-03
 1.14210075E+00  7.69745090E-03
 1.14453149E+00  1.55707749E-02
 1.15466296E+00  1.67889968E-02
 1.16301622E+00  1.36952198E-02
 1.16578389E+00  8.02086303E-03
 1.16217402E+00  3.14209727E-03
 1.15797690E+00  1.11391685E-03
 1.16235946E+00  1.58922618E-04
 1.16552489E+00  6.93182358E-05
 1.15135525E+00  9.09790659E-04
 1.13509506E+00  2.45091500E-03
 1.13993852E+00  5.76421508E-03
 1.15464762E+00  1.00270571E-02
 1.15973815E+00  1.30014528E-02
 1.16067168E+00  1.34670219E-02
 1.16511654E+00  1.06672004E-02
 1.16766448E+00  5.72218205E-03
 1.16608053E+00  1.66600866E-03
 1.16210876E+00  2.39351425E-04
 1.15466935E+00  1.80294685E-03
 1.14545375E+00  5.37882386E-03
 1.13919381E+00  8.23355186E-03
 1.13880081E+00  8.91377586E-03
 1.14540463E+00  7.62529976E-03
 1.15637925E+00  5.06082440E-03
 1.16548365E+00  3.03493113E-03
 1.16895424E+00  2.45525473E-03
 1.16606654E+00  2.78274017E-03
 1.15895857E+00  3.63465497E-03
 1.15331217E+00  4.21658128E-03
 1.15217882E+00  4.10845742E-03
 1.15510336E+00  3.83734424E-03
 1.16054851E+00  3.58694050E-03
 1.16463942E+00  3.49264349E-03
 1.16542216E+00  3.67603159E-03
 1.16401035E+00  3.79899606E-03
 1.16123210E+00  3.74008417E-03
 1.15881600E+00  3.55728723E-03
 1.15771014E+00  3.22150474E-03
 1.15688033E+00  2.87528029E-03
 1.15604760E+00  2.65132493E-03
 1.15505004E+00  2.59284223E-03
 1.15376293E+00  2.79826871E-03
 1.15302433E+00  3.30705829E-03
 1.15316137E+00  4.05182065E-03
 1.15406012E+00  4.89841847E-03
 1.15574068E+00  5.62388462E-03
 1.15777940E+00  5.89451910E-03
 1.15966543E+00  5.24464873E-03
 1.16100455E+00  3.24320081E-03
 1.16127441E+00 -1.56294385E-04
 1.16012269E+00 -4.33039962E-03
 1.15756989E+00 -7.56907474E-03
 1.15394597E+00 -7.56320748E-03
 1.14985084E+00 -3.01352126E-03
 1.14626487E+00  5.64291541E-03
 1.14468466E+00  1.52981877E-02
 1.14666200E+00  2.08402884E-02
 1.15293360E+00  1.89835719E-02
 1.16267337E+00  9.42494276E-03
 1.17230440E+00 -4.25785419E-03
 1.17651374E+00 -1.49507807E-02
 1.17193672E+00 -1.80530030E-02
 1.15856031E+00 -1.27770303E-02
 1.14155011E+00 -1.75735061E-03
 1.13025415E+00  8.40279702E-03
 1.13060485E+00  1.36978288E-02
 1.14326543E+00  1.38501689E-02
 1.16280517E+00  9.66869754E-03
 1.17783076E+00  4.56497727E-03
 1.18144354E+00  2.48734695E-04
 1.17334075E+00 -4.13057247E-03
 1.15801191E+00 -7.62895565E-03
 1.14585935E+00 -9.33140737E-03
 1.14273888E+00 -8.28175996E-03
 1.14766677E+00 -2.87833777E-03
 1.15736764E+00  5.03519321E-03
 1.16435080E+00  1.13349795E-02
 1.16461701E+00  1.34474733E-02
 1.16011957E+00  1.00684231E-02
 1.15309507E+00  3.03345985E-03
 1.14791936E+00 -2.68300663E-03
 1.14713361E+00 -4.40731960E-03
 1.14908774E+00 -1.96734149E-03
 1.15276825E+00  3.13825505E-03
 1.15657379E+00  6.86133014E-03
 1.15932390E+00  7.18619500E-03
 1.16201217E+00  4.86281595E-03
 1.16462535E+00  9.89892859E-04
 1.16668038E+00 -1.91517400E-03
 1.16783807E+00 -2.48235834E-03
 1.16691705E+00 -1.51155138E-03
 1.16358103E+00  5.05035428E-04
 1.15843936E+00  2.61126387E-03
 1.15217411E+00  4.15445105E-03
 1.14627020E+00  5.66309379E-03
 1.14288112E+00  7.08164619E-03
 1.14402823E+00  8.13616730E-03
 1.15091722E+00  8.61301920E-03
 1.16282987E+00  7.83470060E-03
 1.17558767E+00  5.63950693E-03
 1.18281146E+00  2.41623387E-03
 1.18015061E+00 -1.38328353E-03
 1.16682461E+00 -4.82416532E-03
 1.14765740E+00 -6.56211926E-03
 1.13227369E+00 -5.34366311E-03
 1.12703434E+00 -4.90830702E-04
 1.13348728E+00  7.38920890E-03
 1.14831561E+00  1.54142226E-02
 1.16260911E+00  1.92935580E-02
 1.17086183E+00  1.62087185E-02
 1.17213511E+00  5.91540393E-03
 1.16634877E+00 -7.80640109E-03
 1.15679970E+00 -1.78469257E-02
 1.14526203E+00 -1.95725035E-02
 1.13149054E+00 -1.21081860E-02
 1.12001756E+00  1.27780490E-03
 1.11675902E+00  1.29558656E-02
 1.12560054E+00  1.81809274E-02
 1.14786351E+00  1.62796878E-02
 1.17525733E+00  8.59770985E-03
 1.19259095E+00 -2.83527957E-05
 1.19044022E+00 -6.75894224E-03
 1.16700064E+00 -1.15919878E-02
 1.13195823E+00 -1.28675342E-02
 1.10580304E+00 -9.80275973E-03
 1.10082697E+00 -2.43504648E-03
 1.11805244E+00  8.25240101E-03
 1.14893288E+00  1.45061044E-02
 1.17358041E+00  8.71284749E-03
 1.18063002E+00 -2.57684618E-04
 1.17113569E+00  1.25158747E-03
 1.15124585E+00  4.78388975E-03
 1.13568824E+00 -3.69032693E-03
 1.13242429E+00 -1.30185835E-02
 1.13834994E+00 -7.87056095E-03
 1.14962403E+00  3.34160895E-03
 1.15800525E+00  8.05859335E-03
 1.15909574E+00  8.32376839E-03
 1.15655416E+00  7.10490198E-03
 1.15255579E+00  3.22314767E-03
 1.15027982E+00 -4.41828790E-04
 1.15170912E+00 -1.14717794E-03
 1.15413313E+00  3.02997442E-04
 1.15636800E+00  2.80959933E-03
 1.15781223E+00  4.57140594E-03
 1.15763713E+00  4.64544041E-03
 1.15708252E+00  3.87865299E-03
 1.15667096E+00  2.74508757E-03
 1.15616249E+00  1.92772715E-03
 1.15582996E+00  1.87597519E-03
 1.15537161E+00  1.99499347E-03
 1.15467737E+00  2.04877242E-03
 1.15413640E+00  1.95906233E-03
 1.15386869E+00  1.57751318E-03
 1.15404531E+00  1.19973256E-03
 1.15481152E+00  9.59630375E-04
 1.15605287E+00  8.02436410E-04
 1.15768227E+00  7.79730366E-04
 1.15955696E+00  8.07670879E-04
 1.16136046E+00  8.14374807E-04
 1.16273664E+00  8.20266081E-04
 1.16330927E+00  7.85843056E-04
 1.16274082E+00  6.89891491E-04
 1.16091473E+00  5.39909839E-04
 1.15793811E+00  3.25445727E-04
 1.15402678E+00  5.73625292E-05
 1.14959771E+00 -2.34878700E-04
 1.14536167E+00 -5.09554478E-04
 1.14218907E+00 -7.05507341E-04
 1.14096563E+00 -7.58034725E-04
 1.14240466E+00 -6.13507752E-04
 1.14665947E+00 -2.52378331E-04
 1.15327150E+00  3.06952790E-04
 1.16143916E+00  1.03114463E-03
 1.16979556E+00  1.85974265E-03
 1.17615751E+00  2.69091077E-03
 1.17812967E+00  3.40124762E-03
 1.17403606E+00  3.85835218E-03
 1.16380792E+00  3.94728155E-03
 1.15050810E+00  3.63035376E-03
 1.13944097E+00  2.94980322E-03
 1.13446943E+00  1.98747753E-03
 1.13696038E+00  8.94903817E-04
 1.14436161E+00 -7.89381248E-05
 1.15055765E+00 -6.39790071E-04
 1.15205138E+00 -5.05830478E-04
 1.14884766E+00  5.15738632E-04
 1.14374962E+00  2.38015665E-03
 1.14285619E+00  4.77839731E-03
 1.14889944E+00  7.22693330E-03
 1.15990790E+00  8.97614584E-03
 1.17171781E+00  8.90600954E-03
 1.17724042E+00  5.93083661E-03
 1.17238817E+00 -2.70794652E-04
 1.15836569E+00 -8.64334332E-03
 1.13940851E+00 -1.58116986E-02
 1.12331791E+00 -1.70516779E-02
 1.11579921E+00 -9.59350703E-03
 1.11811804E+00  5.97814680E-03
 1.12901945E+00  2.39161932E-02
 1.14362765E+00  3.45209186E-02
 1.15806414E+00  3.16463543E-02
 1.17031939E+00  1.48391166E-02
 1.17627380E+00 -9.19233355E-03
 1.17244465E+00 -2.71474109E-02
 1.15691117E+00 -3.06420063E-02
 1.13062748E+00 -1.87155980E-02
 1.10454807E+00  3.10461421E-03
 1.09507173E+00  2.18628696E-02
 1.11074505E+00  2.97635143E-02
 1.14804646E+00  2.66166510E-02
 1.18287290E+00  1.51469769E-02
 1.18456416E+00  3.51581805E-03
 1.16518222E+00 -3.87502018E-03
 1.15708838E+00 -8.51475817E-03
 1.14627780E+00 -1.02290633E-02
 1.11176540E+00 -1.02530919E-02
 1.08529648E+00 -8.64250582E-03
 1.10036400E+00 -2.54505103E-03
 1.13586450E+00  6.39588514E-03
 1.15794943E+00  1.41433203E-02
 1.16774394E+00  1.79680386E-02
 1.17297227E+00  1.51980707E-02
 1.16957362E+00  7.27596484E-03
 1.16264205E+00 -4.65872238E-04
 1.15724249E+00 -5.20811509E-03
 1.14953526E+00 -6.02184270E-03
 1.14023461E+00 -3.47443885E-03
 1.13204611E+00 -9.30148753E-04
 1.12746333E+00  3.33840149E-04
 1.13112426E+00  1.24900648E-03
 1.14166947E+00  1.77486946E-03
 1.15303830E+00  2.50637270E-03
 1.16173639E+00  3.34812588E-03
 1.16506159E+00  2.82449587E-03
 1.16296815E+00  1.17989675E-03
 1.15937396E+00 -4.85762331E-04
 1.15549766E+00 -1.59852202E-03
 1.15071553E+00 -1.36327007E-03
 1.14602995E+00 -3.44250803E-05
 1.14173027E+00  1.02649934E-03
 1.13904082E+00  1.31310857E-03
 1.14034955E+00  8.31775051E-04
 1.14484057E+00 -2.53120522E-04
 1.14987391E+00 -1.14353002E-03
 1.15379570E+00 -1.55155612E-03
 1.15513325E+00 -1.79931689E-03
 1.15415702E+00 -1.96357337E-03
 1.15310828E+00 -2.24343965E-03
 1.15257697E+00 -2.71485820E-03
 1.15194633E+00 -3.05682469E-03
 1.15071960E+00 -3.12646108E-03
 1.14765507E+00 -2.84140044E-03
 1.14273857E+00 -2.03972136E-03
 1.13768528E+00 -6.81562932E-04
 1.13427422E+00  1.34949535E-03
 1.13458822E+00  4.16487928E-03
 1.13985720E+00  7.51400256E-03
 1.14917208E+00  1.07008949E-02
 1.15953701E+00  1.23527945E-02
 1.16641521E+00  1.07833760E-02
 1.16640654E+00  5.22548461E-03
 1.15863542E+00 -3.54396826E-03
 1.14562581E+00 -1.24048191E-02
 1.13303093E+00 -1.66018876E-02
 1.12503085E+00 -1.30807275E-02
 1.12357733E+00 -1.69530964E-03
 1.12909281E+00  1.35906311E-02
 1.13930193E+00  2.52757249E-02
 1.15264954E+00  2.83208062E-02
 1.16800311E+00  2.15446295E-02
 1.18075520E+00  7.81395308E-03
 1.18536054E+00 -5.57432414E-03
 1.17771622E+00 -1.40006386E-02
 1.15638964E+00 -1.65955627E-02
 1.12822465E+00 -1.37833346E-02
 1.10606073E+00 -8.95527186E-03
 1.09863328E+00 -3.70092562E-03
 1.10899658E+00  2.81343737E-03
 1.13143794E+00  8.91407806E-03
 1.15161838E+00  1.26586558E-02
 1.16111483E+00  1.22962355E-02
 1.15902056E+00  5.92364825E-03
 1.14914280E+00 -3.59107640E-03
 1.14167243E+00 -1.02147979E-02
 1.13922164E+00 -1.05628008E-02
 1.13378601E+00 -4.02472817E-03
 1.11296479E+00  4.86016276E-03
 1.07147009E+00  1.04374156E-02
 1.04989781E+00  2.24052527E-02
 1.09899668E+00  5.22299946E-02
 1.17597292E+00  7.81064482E-02
 1.20091527E+00  6.74213116E-02
 1.18559094E+00  2.30928704E-02
 1.16930979E+00 -3.30291472E-02
 1.13678841E+00 -7.93389540E-02
 1.08342134E+00 -8.81407172E-02
 1.03919942E+00 -5.73136868E-02
 1.02527086E+00 -1.37668431E-02
 1.05350069E+00  2.40502106E-02
 1.12557531E+00  4.16800479E-02
 1.20277818E+00  3.48423209E-02
 1.23004880E+00  1.98830635E-02
 1.20748367E+00  3.78591979E-03
 1.16782917E+00 -1.25753972E-02
 1.11531554E+00 -1.99071571E-02
 1.05903827E+00 -1.49142089E-02
 1.03179761E+00  1.94295886E-03
 1.04902246E+00  2.84190673E-02
 1.09314283E+00  4.87454217E-02
 1.13569068E+00  4.58854101E-02
 1.17146626E+00  2.73484377E-02
 1.20484465E+00  1.16691092E-02
 1.21816448E+00 -3.38165501E-03
 1.19826489E+00 -2.40948402E-02
 1.16035676E+00 -3.70604625E-02
 1.12366698E+00 -3.15803577E-02
 1.08955318E+00 -1.87185353E-02
 1.05695740E+00 -1.13861334E-02
 1.04158799E+00 -1.52887443E-03
 1.05657698E+00  2.14038652E-02
 1.09036244E+00  4.13397251E-02
 1.12468106E+00  3.81434939E-02
 1.15734312E+00  2.11105619E-02
 1.18731100E+00  7.74085666E-03
 1.19649607E+00 -2.20407323E-03
 1.17300748E+00 -1.06807486E-02
 1.14016936E+00 -1.40289763E-02
 1.12813366E+00 -1.40500343E-02
 1.12311552E+00 -1.18282471E-02
 1.09920771E+00 -4.75744247E-03
 1.07954169E+00  5.41165689E-03
 1.09440092E+00  1.49463782E-02
 1.12262575E+00  2.05264885E-02
 1.13543224E+00  1.84991194E-02
 1.14350670E+00  1.01741673E-02
 1.16058578E+00  9.83145302E-04
 1.17207157E+00 -6.03372322E-03
 1.16474512E+00 -9.15750093E-03
 1.14714553E+00 -7.93461406E-03
 1.13039379E+00 -4.78323745E-03
 1.11854345E+00 -3.66944781E-04
 1.11616386E+00  5.75559581E-03
 1.12302918E+00  1.08999010E-02
 1.13153919E+00  1.20405336E-02
 1.13893461E+00  7.79173923E-03
 1.14611125E+00 -8.70132119E-04
 1.15190952E+00 -5.53109253E-03
 1.15694288E+00  2.29438835E-03
 1.15997843E+00  1.13236077E-02
 1.15743478E+00  4.46348023E-03
 1.15090079E+00 -6.45946689E-03
 1.14454671E+00 -1.40651617E-03
 1.14090322E+00  8.60561257E-03
 1.14211689E+00  6.43886976E-03
 1.14651291E+00  4.06690595E-04
 1.14876754E+00  1.13572832E-03
 1.14680907E+00  3.65478733E-03
 1.14145472E+00  3.94136723E-03
 1.13540603E+00  4.58533255E-03
 1.13416066E+00  5.64498730E-03
 1.14002622E+00  5.53743653E-03
 1.15075876E+00  4.59660749E-03
 1.16164445E+00  3.28419790E-03
 1.16517429E+00  1.73826137E-03
 1.15689027E+00  3.00526095E-04
 1.13809506E+00 -7.09833008E-04
 1.11511503E+00 -6.47091390E-04
 1.09895229E+00  1.23685527E-03
 1.09722310E+00  5.12028379E-03
 1.11123877E+00  1.03680220E-02
 1.13649934E+00  1.48701124E-02
 1.16177837E+00  1.55939542E-02
 1.17779992E+00  1.07766453E-02
 1.17844218E+00  7.71033529E-04
 1.15632421E+00 -1.08384678E-02
 1.11516285E+00 -1.79446577E-02
 1.08538240E+00 -1.66364458E-02
 1.09841593E+00 -6.52035020E-03
 1.13108479E+00  8.41120528E-03
 1.13758337E+00  2.00608705E-02
 1.13157767E+00  2.32759144E-02
 1.14475958E+00  1.73266194E-02
 1.16086741E+00  5.17519764E-03
 1.16104630E+00 -5.81434539E-03
 1.15248934E+00 -1.12533833E-02
 1.13813038E+00 -1.10765490E-02
 1.11855321E+00 -6.39540008E-03
 1.10404167E+00 -1.17980299E-03
 1.10371345E+00  2.54874256E-03
 1.12022234E+00  5.82958712E-03
 1.14660279E+00  7.97718663E-03
 1.16773180E+00  8.51670124E-03
 1.17468045E+00  6.84614676E-03
 1.16585715E+00  1.42536626E-03
 1.14562194E+00 -5.82985348E-03
 1.12650868E+00 -1.08217175E-02
 1.11559791E+00 -1.10532658E-02
 1.11263082E+00 -5.29471087E-03
 1.11689807E+00  4.21731645E-03
 1.12354359E+00  1.19016755E-02
 1.13042511E+00  1.45463250E-02
 1.13993555E+00  1.15540155E-02
 1.14993554E+00  4.42864974E-03
 1.15715287E+00 -2.32251548E-03
 1.15892716E+00 -6.19359199E-03
 1.15189057E+00 -7.30463685E-03
 1.13906692E+00 -5.83936916E-03
 1.12828224E+00 -3.44226495E-03
 1.12415407E+00 -8.29924471E-04
 1.12869744E+00  2.85411748E-03
 1.13916747E+00  6.73324808E-03
 1.14745244E+00  9.44088298E-03
 1.14945323E+00  9.91596447E-03
 1.14544751E+00  6.95975207E-03
 1.13748711E+00  1.78860342E-03
 1.13129476E+00 -2.53338069E-03
 1.12966958E+00 -4.17758587E-03
 1.13118581E+00 -2.38312854E-03
 1.13480056E+00  1.80275583E-03
 1.13800738E+00  5.27883459E-03
 1.13945017E+00  6.45325982E-03
 1.14053153E+00  5.41082758E-03
 1.14146848E+00  2.87693069E-03
 1.14230456E+00  9.47434250E-04
 1.14304134E+00  6.06053110E-04
 1.14238390E+00  1.22962545E-03
 1.13995827E+00  2.38549124E-03
 1.13621407E+00  3.13774055E-03
 1.13151597E+00  3.01302252E-03
 1.12702625E+00  2.63731370E-03
 1.12427750E+00  2.25406337E-03
 1.12458216E+00  2.07660446E-03
 1.12886767E+00  2.30255857E-03
 1.13680852E+00  2.59087206E-03
 1.14583310E+00  2.81854634E-03
 1.15197967E+00  3.03090742E-03
 1.15246163E+00  3.15898036E-03
 1.14660899E+00  3.30479541E-03
 1.13711950E+00  3.51751008E-03
 1.12958937E+00  3.72761709E-03
 1.12760691E+00  3.93845746E-03
 1.13188603E+00  4.12941561E-03
 1.14039402E+00  4.27079165E-03
 1.14793399E+00  4.38143488E-03
 1.15159954E+00  4.46218609E-03
 1.15159243E+00  4.51276920E-03
 1.14904457E+00  4.55350963E-03
 1.14713510E+00  4.60074947E-03
 1.14728200E+00  4.67246716E-03
 1.14817076E+00  4.78751822E-03
 1.14892613E+00  4.95030903E-03
 1.14805759E+00  5.15325437E-03
 1.14490203E+00  5.38404751E-03
 1.14078898E+00  5.61897334E-03
 1.13662357E+00  5.81705611E-03
 1.13335328E+00  5.92761249E-03
 1.13191358E+00  5.89830487E-03
 1.13221805E+00  5.68504184E-03
 1.13416734E+00  5.27358106E-03
 1.13753557E+00  4.68175326E-03
 1.14166953E+00  3.94276394E-03
 1.14581750E+00  3.11685019E-03
 1.14857817E+00  2.30449427E-03
 1.14824584E+00  1.62894217E-03
 1.14386960E+00  1.21967982E-03
 1.13576568E+00  1.18873432E-03
 1.12667420E+00  1.57950681E-03
 1.12106848E+00  2.36162040E-03
 1.12200008E+00  3.46682517E-03
 1.13012027E+00  4.76099305E-03
 1.14238108E+00  6.01404708E-03
 1.15245863E+00  6.94347573E-03
 1.15625862E+00  7.26159406E-03
 1.15290137E+00  6.73719347E-03
 1.14455186E+00  5.32178397E-03
 1.13691365E+00  3.16703162E-03
 1.13318328E+00  5.38326903E-04
 1.13314956E+00 -2.11223659E-03
 1.13563964E+00 -4.06324004E-03
 1.13726261E+00 -4.53373610E-03
 1.13658825E+00 -3.01486416E-03
 1.13520045E+00  4.20330145E-04
 1.13413093E+00  4.59298693E-03
 1.13501678E+00  7.55528095E-03
 1.13855684E+00  7.93197212E-03
 1.14318897E+00  5.33778324E-03
 1.14771926E+00  9.34554014E-04
 1.15085305E+00 -2.73769031E-03
 1.15129632E+00 -4.10261929E-03
 1.14893057E+00 -2.92822548E-03
 1.14383339E+00 -1.71795942E-04
 1.13640702E+00  1.82579082E-03
 1.12759489E+00  1.90673148E-03
 1.11858043E+00  5.40219267E-04
 1.11146072E+00 -1.17262387E-03
 1.10878441E+00 -1.14820353E-03
 1.11235591E+00  1.52941369E-03
 1.12256543E+00  5.86152632E-03
 1.13685287E+00  1.00164966E-02
 1.15030957E+00  1.12261831E-02
 1.15899860E+00  7.89784917E-03
 1.16065940E+00  7.37356851E-04
 1.15571076E+00 -7.67848626E-03
 1.14757282E+00 -1.31057381E-02
 1.13853483E+00 -1.26854993E-02
 1.12989437E+00 -6.20757404E-03
 1.12391324E+00  3.95516949E-03
 1.12210442E+00  1.28911849E-02
 1.12625560E+00  1.73056494E-02
 1.13770544E+00  1.65503399E-02
 1.15287786E+00  1.17234191E-02
 1.16522684E+00  6.29336739E-03
 1.16989619E+00  2.25043038E-03
 1.16424945E+00 -5.33658282E-04
 1.15105112E+00 -1.84475661E-03
 1.13809572E+00 -2.32576333E-03
 1.13007449E+00 -1.91997902E-03
 1.12838670E+00  5.65081050E-04
 1.13242244E+00  4.31292076E-03
 1.13783520E+00  7.55940086E-03
 1.14274582E+00  9.01430507E-03
 1.14799206E+00  7.45434673E-03
 1.15205182E+00  3.74630808E-03
 1.15360578E+00  5.77036271E-04
 1.15114758E+00 -6.36227387E-04
 1.14253140E+00  4.87318756E-04
 1.13028555E+00  3.31270882E-03
 1.12001110E+00  5.67807747E-03
 1.11540787E+00  6.59654473E-03
 1.11867058E+00  6.40397461E-03
 1.12824740E+00  5.35609438E-03
 1.13856277E+00  4.35897735E-03
 1.14649931E+00  3.73833067E-03
 1.15126384E+00  2.78536164E-03
 1.15259130E+00  1.25521049E-03
 1.15240933E+00 -1.01322366E-03
 1.15099019E+00 -3.92469977E-03
 1.14671734E+00 -6.53657670E-03
 1.14014616E+00 -7.75143300E-03
 1.13244409E+00 -6.47125439E-03
 1.12526015E+00 -1.94611641E-03
 1.12156392E+00  5.54105471E-03
 1.12274495E+00  1.43831000E-02
 1.12870702E+00  2.19233748E-02
 1.13941375E+00  2.57094101E-02
 1.15339586E+00  2.39281605E-02
 1.16713862E+00  1.56707775E-02
 1.17585244E+00  1.77410160E-03
 1.17356716E+00 -1.53150460E-02
 1.15378369E+00 -3.03874958E-02
 1.11111186E+00 -3.30650876E-02
 1.05252886E+00 -1.24463070E-02
 1.01926194E+00  3.27023486E-02
 1.05707144E+00  8.74888903E-02
 1.14149593E+00  1.11034041E-01
 1.20711282E+00  6.37015705E-02
 1.22652055E+00 -2.00344677E-02
 1.19202576E+00 -6.75567522E-02
 1.12096761E+00 -7.46975929E-02
 1.06662456E+00 -6.59118443E-02
 1.03698074E+00 -3.66345300E-02
 1.01168569E+00  2.16692738E-03
 1.02084961E+00  3.22603649E-02
 1.08769632E+00  5.29878792E-02
 1.16758901E+00  5.48936937E-02
 1.20661261E+00  2.95441720E-02
 1.20366660E+00 -8.02280107E-03
 1.17876045E+00 -3.63271645E-02
 1.13744118E+00 -4.63625046E-02
 1.09469338E+00 -3.70817475E-02
 1.06619454E+00 -1.41878833E-02
 1.05232590E+00  7.76608809E-03
 1.06322332E+00  2.33419286E-02
 1.10684055E+00  3.54465777E-02
 1.16083616E+00  3.77005719E-02
 1.19590433E+00  2.53722920E-02
 1.20885048E+00  4.93047171E-03
 1.20652325E+00 -1.52516490E-02
 1.18103183E+00 -2.74750710E-02
 1.13234053E+00 -2.54899677E-02
 1.08968959E+00 -1.33398084E-02
 1.08176581E+00 -2.15146969E-03
 1.09756304E+00  5.47076437E-03
 1.11008062E+00  1.18368473E-02
 1.12332123E+00  1.58949837E-02
 1.14638959E+00  1.80256423E-02
 1.15987114E+00  1.49818514E-02
 1.15098432E+00  1.73087464E-03
 1.14338990E+00 -1.12995886E-02
 1.16129122E+00 -9.49731652E-03
 1.18008559E+00 -5.36245566E-05
 1.16308323E+00  2.38192433E-03
 1.13102973E+00  2.16002318E-04
 1.12049520E+00 -4.48525176E-04
 1.12047763E+00 -1.14504028E-03
 1.11416887E+00 -4.94160933E-04
 1.11407502E+00  3.52852105E-03
 1.12772429E+00  8.34579793E-03
 1.14521238E+00  1.18830343E-02
 1.15852387E+00  1.26619303E-02
 1.16423654E+00  9.47038399E-03
 1.15904983E+00  3.33445366E-03
 1.14607957E+00 -3.52729220E-03
 1.13478884E+00 -8.23680030E-03
 1.13056190E+00 -8.47942735E-03
 1.13434515E+00 -3.93524939E-03
 1.14360199E+00  3.28540530E-03
 1.15086114E+00  9.16902217E-03
 1.15272109E+00  1.10600077E-02
 1.15076558E+00  8.51638156E-03
 1.14652936E+00  3.13502734E-03
 1.14383768E+00 -1.26021529E-03
 1.14442883E+00 -2.56030191E-03
 1.14615877E+00 -1.03366117E-03
 1.14819093E+00  2.29091162E-03
 1.14950073E+00  4.84837607E-03
 1.14932827E+00  5.37375055E-03
 1.14898252E+00  4.67534195E-03
 1.14889680E+00  3.34050512E-03
 1.14896752E+00  2.52187838E-03
 1.14946196E+00  2.82316106E-03
 1.14992736E+00  3.46592141E-03
 1.15014403E+00  4.13345616E-03
 1.15032120E+00  4.56180080E-03
 1.15039128E+00  4.50474756E-03
 1.15040919E+00  4.39074341E-03
 1.15045031E+00  4.37744778E-03
 1.15040890E+00  4.40729765E-03
 1.15027403E+00  4.56164684E-03
 1.15006106E+00  4.70274004E-03
 1.14975861E+00  4.75759751E-03
 1.14941346E+00  4.80124671E-03
 1.14905933E+00  4.81675001E-03
 1.14870838E+00  4.82005946E-03
 1.14838435E+00  4.84256222E-03
 1.14809847E+00  4.85926571E-03
 1.14786503E+00  4.87216301E-03
 1.14770697E+00  4.89008317E-03
 1.14763410E+00  4.90363797E-03
 1.14765061E+00  4.91363575E-03
 1.14775768E+00  4.91955223E-03
 1.14795043E+00  4.91596136E-03
 1.14823215E+00  4.90296004E-03
 1.14861022E+00  4.88148377E-03
 1.14907892E+00  4.85079474E-03
 1.14962130E+00  4.81163593E-03
 1.15020672E+00  4.76718323E-03
 1.15079003E+00  4.72175697E-03
 1.15133130E+00  4.68001228E-03
 1.15179857E+00  4.64595594E-03
 1.15216391E+00  4.61973389E-03
 1.15241292E+00  4.59785918E-03
 1.15254168E+00  4.57673075E-03
 1.15256204E+00  4.55143997E-03
 1.15252067E+00  4.51456999E-03
 1.15248831E+00  4.45820343E-03
 1.15253533E+00  4.37386128E-03
 1.15272161E+00  4.25457646E-03
 1.15307092E+00  4.10043143E-03
 1.15356434E+00  3.91849573E-03
 1.15417022E+00  3.72006056E-03
 1.15482844E+00  3.52328398E-03
 1.15542421E+00  3.35478549E-03
 1.15581351E+00  3.24587754E-03
 1.15584410E+00  3.22847903E-03
 1.15538327E+00  3.32912748E-03
 1.15438820E+00  3.55786707E-03
 1.15290906E+00  3.90623122E-03
 1.15103337E+00  4.35377177E-03
 1.14892023E+00  4.86104785E-03
 1.14683473E+00  5.36156817E-03
 1.14509916E+00  5.77197619E-03
 1.14405922E+00  6.00561851E-03
 1.14401854E+00  5.98741785E-03
 1.14509270E+00  5.68365128E-03
 1.14720113E+00  5.10673716E-03
 1.15016702E+00  4.29297826E-03
 1.15364246E+00  3.32023922E-03
 1.15703627E+00  2.32965063E-03
 1.15963108E+00  1.49996279E-03
 1.16070276E+00  1.01985500E-03
 1.15968965E+00  1.05298294E-03
 1.15653485E+00  1.66245548E-03
 1.15173270E+00  2.80317445E-03
 1.14610448E+00  4.37921817E-03
 1.14099642E+00  6.20290754E-03
 1.13849860E+00  7.94870252E-03
 1.14076723E+00  9.21946190E-03
 1.14889231E+00  9.61579266E-03
 1.16188312E+00  8.82784537E-03
 1.17502461E+00  6.82594146E-03
 1.18117950E+00  3.88584789E-03
 1.17559636E+00  4.59205514E-04
 1.15766079E+00 -2.71750778E-03
 1.13319315E+00 -4.50166813E-03
 1.11352345E+00 -3.70333069E-03
 1.10636309E+00  3.27451095E-04
 1.11396839E+00  7.16690593E-03
 1.13289380E+00  1.44422391E-02
 1.15314596E+00  1.84908638E-02
 1.16841433E+00  1.68331871E-02
 1.17726455E+00  9.04336309E-03
 1.17885364E+00 -2.10183513E-03
 1.17579725E+00 -1.10623664E-02
 1.16860015E+00 -1.41471502E-02
 1.15514190E+00 -1.04031717E-02
 1.13853479E+00 -1.64902945E-03
 1.12392866E+00  7.10878818E-03
 1.11587540E+00  1.28239940E-02
 1.11887514E+00  1.50734818E-02
 1.13090339E+00  1.39394219E-02
 1.14455398E+00  1.13417942E-02
 1.15533758E+00  8.00983712E-03
 1.16078262E+00  3.03359348E-03
 1.16086357E+00 -2.46626581E-03
 1.15963398E+00 -6.82160891E-03
 1.15813586E+00 -8.46843133E-03
 1.15491129E+00 -5.52618776E-03
 1.15096689E+00  1.10264507E-03
 1.14706899E+00  8.30988549E-03
 1.14471515E+00  1.39953813E-02
 1.14665013E+00  1.65318971E-02
 1.15164751E+00  1.52726822E-02
 1.15597755E+00  1.13584059E-02
 1.15753557E+00  5.22781990E-03
 1.15490148E+00 -2.72856745E-03
 1.14886055E+00 -9.88079371E-03
 1.14295814E+00 -1.30222533E-02
 1.13900229E+00 -9.75310691E-03
 1.13755749E+00  7.66572073E-04
 1.13997022E+00  1.45927532E-02
 1.14643212E+00  2.43644491E-02
 1.15653718E+00  2.53468572E-02
 1.16872854E+00  1.63533743E-02
 1.17646490E+00  1.36289911E-03
 1.17144046E+00 -1.06121998E-02
 1.15116250E+00 -1.42087874E-02
 1.12196719E+00 -8.89741931E-03
 1.10491928E+00  2.48556251E-03
 1.12113099E+00  1.24820670E-02
 1.14965504E+00  1.68913241E-02
 1.15329708E+00  1.61570859E-02
 1.15031001E+00  1.11792850E-02
 1.17314775E+00  5.38692615E-03
 1.19230166E+00  6.17113880E-04
 1.17093157E+00 -4.14500222E-03
 1.13289774E+00 -7.51702468E-03
 1.11350514E+00 -7.78412761E-03
 1.11133754E+00 -3.85200898E-03
 1.12029805E+00  5.40034664E-03
 1.14142765E+00  1.66496977E-02
 1.16295632E+00  2.35124787E-02
 1.17459571E+00  2.21479496E-02
 1.17643102E+00  1.15321543E-02
 1.16965763E+00 -4.18403531E-03
 1.15898474E+00 -1.59972593E-02
 1.14684655E+00 -1.85608780E-02
 1.13176232E+00 -1.12948084E-02
 1.11800334E+00  2.05327678E-03
 1.11156889E+00  1.26212914E-02
 1.11667691E+00  1.53555749E-02
 1.13626011E+00  1.06396315E-02
 1.16330760E+00  1.21710849E-03
 1.18339395E+00 -6.26146483E-03
 1.18752037E+00 -8.20366062E-03
 1.17287858E+00 -5.93948159E-03
 1.14644348E+00 -1.19092992E-03
 1.12513148E+00  2.28000909E-03
 1.11865209E+00  2.47879781E-03
 1.12764780E+00  1.03615547E-03
 1.14680074E+00 -1.06576908E-03
 1.16226686E+00 -2.35175213E-03
 1.16674571E+00 -1.91170747E-03
 1.16226041E+00 -9.63901609E-04
 1.15224422E+00 -2.47050871E-05
 1.14496764E+00  6.42960155E-04
 1.14461633E+00  6.80888923E-04
 1.14796660E+00  6.72374562E-04
 1.15301714E+00  8.55127723E-04
 1.15637476E+00  1.10700182E-03
 1.15607501E+00  1.52873836E-03
 1.15470625E+00  1.94085512E-03
 1.15332063E+00  2.23115339E-03
 1.15255697E+00  2.50207876E-03
 1.15318060E+00  2.73157592E-03
 1.15388073E+00  2.93310999E-03
 1.15413854E+00  3.14439754E-03
 1.15418794E+00  3.32547219E-03
 1.15379384E+00  3.47276508E-03
 1.15336166E+00  3.59636712E-03
 1.15314395E+00  3.68532960E-03
 1.15293495E+00  3.74600268E-03
 1.15280595E+00  3.78279266E-03
 1.15274131E+00  3.79316185E-03
 1.15266575E+00  3.78432288E-03
 1.15266406E+00  3.76497199E-03
 1.15273499E+00  3.74215213E-03
 1.15283888E+00  3.72488025E-03
 1.15296415E+00  3.72070920E-03
 1.15305075E+00  3.73504420E-03
 1.15304340E+00  3.77383843E-03
 1.15291216E+00  3.84157677E-03
 1.15263920E+00  3.93830723E-03
 1.15223910E+00  4.05983939E-03
 1.15174530E+00  4.19665251E-03
 1.15121396E+00  4.33223931E-03
 1.15074520E+00  4.44323824E-03
 1.15046422E+00  4.50164209E-03
 1.15049741E+00  4.47988656E-03
 1.15094984E+00  4.35582811E-03
 1.15185387E+00  4.11933684E-03
 1.15316182E+00  3.77558639E-03
 1.15478494E+00  3.34219002E-03
 1.15656435E+00  2.85530834E-03
 1.15823656E+00  2.37853796E-03
 1.15947811E+00  1.99354152E-03
 1.15995314E+00  1.78294488E-03
 1.15937436E+00  1.81666149E-03
 1.15763222E+00  2.12574718E-03
 1.15481084E+00  2.69613190E-03
 1.15109636E+00  3.49036555E-03
 1.14684974E+00  4.43068866E-03
 1.14268865E+00  5.37521099E-03
 1.13937476E+00  6.14380188E-03
 1.13768808E+00  6.54815973E-03
 1.13826869E+00  6.42561546E-03
 1.14129045E+00  5.71337604E-03
 1.14641583E+00  4.45701322E-03
 1.15302360E+00  2.75268097E-03
 1.16002046E+00  7.87851980E-04
 1.16562556E+00 -1.11139931E-03
 1.16786269E+00 -2.54562493E-03
 1.16531025E+00 -3.10952883E-03
 1.15782199E+00 -2.48104084E-03
 1.14777842E+00 -6.08676624E-04
 1.13942536E+00  2.26482018E-03
 1.13600725E+00  5.73176541E-03
 1.13901999E+00  9.11355012E-03
 1.14719454E+00  1.13430506E-02
 1.15647425E+00  1.12827921E-02
 1.16418723E+00  8.22876330E-03
 1.16927834E+00  2.38098613E-03
 1.17110483E+00 -4.36765873E-03
 1.17058609E+00 -8.96421678E-03
 1.16765827E+00 -9.27126391E-03
 1.16139026E+00 -4.74048983E-03
 1.15335999E+00  2.68890020E-03
 1.14614254E+00  8.87466309E-03
 1.14200092E+00  1.11531100E-02
 1.14295596E+00  8.95877959E-03
 1.14784034E+00  3.64555175E-03
 1.15290052E+00 -1.12730921E-03
 1.15596318E+00 -3.29963615E-03
 1.15614497E+00 -2.94659299E-03
 1.15400378E+00 -5.19616273E-04
 1.15220210E+00  2.17131818E-03
 1.15161848E+00  4.22479533E-03
 1.15130642E+00  6.15005153E-03
 1.15069086E+00  7.25592714E-03
 1.14857312E+00  6.80387698E-03
 1.14493096E+00  4.51455425E-03
 1.14173598E+00  3.56463012E-04
 1.14094651E+00 -3.03224145E-03
 1.14462893E+00 -1.66730343E-03
 1.15380381E+00  5.54638920E-03
 1.16687365E+00  1.57718166E-02
 1.17954162E+00  1.98394675E-02
 1.18579660E+00  8.63427991E-03
 1.18160557E+00 -7.58127926E-03
 1.16693933E+00 -1.00305767E-02
 1.14743323E+00 -2.56752925E-03
 1.13320923E+00  1.68938938E-03
 1.13076702E+00  2.90801702E-03
 1.14079278E+00  1.90000919E-03
 1.15730420E+00 -6.10040676E-04
 1.16797177E+00  1.65002534E-03
 1.16576076E+00  4.55346111E-03
 1.15141483E+00 -3.20212749E-04
 1.13164094E+00 -2.96585176E-03
 1.11986954E+00  8.57106586E-03
 1.12352361E+00  1.98206270E-02
 1.14076013E+00  1.19485733E-02
 1.16454948E+00 -2.43734791E-03
 1.18132558E+00 -3.29038736E-03
 1.18296847E+00  2.17887706E-04
 1.17078052E+00 -5.94352395E-03
 1.15056465E+00 -1.32814366E-02
 1.13417220E+00 -1.23086221E-02
 1.12899176E+00 -6.84910662E-03
 1.13412350E+00 -8.60518469E-05
 1.14581908E+00  8.10067888E-03
 1.15569700E+00  1.43776374E-02
 1.15890776E+00  1.49924423E-02
 1.15717763E+00  9.29053364E-03
 1.15266147E+00  5.93422762E-05
 1.14985487E+00 -7.43015652E-03
 1.15099968E+00 -9.84400873E-03
 1.15363985E+00 -6.57417201E-03
 1.15640059E+00  3.73319041E-04
 1.15756411E+00  5.98252909E-03
 1.15613549E+00  7.51275107E-03
 1.15392921E+00  5.32596643E-03
 1.15187071E+00  7.95253023E-04
 1.15048614E+00 -2.65120005E-03
 1.15057266E+00 -3.28828092E-03
 1.15173483E+00 -2.10371110E-03
 1.15374143E+00  1.61611392E-04
 1.15663340E+00  1.97078771E-03
 1.16003772E+00  2.49125515E-03
 1.16372893E+00  2.65726982E-03
 1.16727381E+00  2.73245049E-03
 1.16991091E+00  2.88261714E-03
 1.17096729E+00  3.25526861E-03
 1.16986517E+00  3.16143371E-03
 1.16646755E+00  2.39756046E-03
 1.16121253E+00  1.18604898E-03
 1.15482380E+00 -3.46586851E-04
 1.14850766E+00 -1.64976738E-03
 1.14411560E+00 -2.05728986E-03
 1.14358727E+00 -1.09060798E-03
 1.14814167E+00  1.51990607E-03
 1.15745602E+00  5.38479824E-03
 1.16832389E+00  9.01913605E-03
 1.17558083E+00  1.03512203E-02
 1.17561839E+00  8.08206560E-03
 1.16754705E+00  2.29040551E-03
 1.15476055E+00 -4.78204057E-03
 1.14440476E+00 -9.21508032E-03
 1.14101782E+00 -8.53214925E-03
 1.14543001E+00 -2.51102119E-03
 1.15499359E+00  6.35777226E-03
 1.16303736E+00  1.30140141E-02
 1.16588992E+00  1.43613192E-02
 1.16396753E+00  1.02200091E-02
 1.15898595E+00  2.74428343E-03
 1.15536443E+00 -3.17873392E-03
 1.15525318E+00 -4.72771507E-03
 1.15721603E+00 -2.18108100E-03
 1.16020680E+00  2.91960304E-03
 1.16219299E+00  6.94090082E-03
 1.16211875E+00  7.90893706E-03
 1.16134577E+00  6.58772814E-03
 1.16045343E+00  3.92709878E-03
 1.15995240E+00  1.95556495E-03
 1.16032514E+00  1.75491741E-03
 1.16087338E+00  2.41738822E-03
 1.16134226E+00  3.40303124E-03
 1.16181698E+00  3.92882300E-03
 1.16212696E+00  3.50836425E-03
 1.16245607E+00  2.81714028E-03
 1.16283222E+00  2.15697867E-03
 1.16300271E+00  1.68732216E-03
 1.16287014E+00  1.62514319E-03
 1.16230242E+00  1.67626892E-03
 1.16122320E+00  1.72033739E-03
 1.15973904E+00  1.82169034E-03
 1.15794579E+00  1.91557515E-03
 1.15599175E+00  2.07466839E-03
 1.15415006E+00  2.31755502E-03
 1.15272488E+00  2.53480614E-03
 1.15203975E+00  2.68174212E-03
 1.15238259E+00  2.70242680E-03
 1.15385375E+00  2.55526031E-03
 1.15636396E+00  2.27114346E-03
 1.15972433E+00  1.87609184E-03
 1.16356974E+00  1.41500169E-03
 1.16728879E+00  9.85039421E-04
 1.17013611E+00  6.97490806E-04
 1.17135614E+00  6.70107372E-04
 1.17034673E+00  1.00644374E-03
 1.16698591E+00  1.73575708E-03
 1.16168098E+00  2.81241938E-03
 1.15515063E+00  4.15564760E-03
 1.14861801E+00  5.61995648E-03
 1.14403115E+00  6.96656339E-03
 1.14349654E+00  7.90985167E-03
 1.14836459E+00  8.16617437E-03
 1.15838991E+00  7.51945186E-03
 1.17032398E+00  5.95400122E-03
 1.17883738E+00  3.67447922E-03
 1.18018676E+00  1.02003655E-03
 1.17337456E+00 -1.45739319E-03
 1.16168506E+00 -2.90550017E-03
 1.15219312E+00 -2.43967251E-03
 1.14929999E+00  4.04835225E-04
 1.15364496E+00  5.27172465E-03
 1.16245727E+00  1.03354224E-02
 1.16900438E+00  1.28325019E-02
 1.16967902E+00  1.10015226E-02
 1.16516946E+00  4.80370537E-03
 1.15766927E+00 -3.13430919E-03
 1.15222014E+00 -8.04122764E-03
 1.15154545E+00 -6.98984771E-03
 1.15458242E+00  1.33448092E-04
 1.16029096E+00  1.02165785E-02
 1.16621269E+00  1.70537010E-02
 1.17063864E+00  1.69478816E-02
 1.17393365E+00  9.93023697E-03
 1.17510486E+00 -1.03437169E-03
 1.17303182E+00 -9.57645598E-03
 1.16734979E+00 -1.18513226E-02
 1.15802195E+00 -7.92178413E-03
 1.14820965E+00  3.87481282E-04
 1.14322431E+00  8.41908874E-03
 1.14640087E+00  1.32886705E-02
 1.15845364E+00  1.50936055E-02
 1.17529647E+00  1.36277613E-02
 1.18857864E+00  9.89480994E-03
 1.19277566E+00  4.49537931E-03
 1.18632058E+00 -2.99631302E-03
 1.17183860E+00 -1.01498897E-02
 1.15688880E+00 -1.32397283E-02
 1.14632958E+00 -9.76891691E-03
 1.14148784E+00  1.42493185E-03
 1.14332956E+00  1.68603956E-02
 1.15009934E+00  2.92848389E-02
 1.16098916E+00  3.38735014E-02
 1.17618317E+00  2.87680938E-02
 1.19064339E+00  1.60682903E-02
 1.19721482E+00  2.40569249E-03
 1.19081603E+00 -8.09917067E-03
 1.16922454E+00 -1.42811645E-02
 1.13933975E+00 -1.53440735E-02
 1.11524833E+00 -1.28985542E-02
 1.10637953E+00 -7.26870292E-03
 1.11631076E+00  2.62436390E-03
 1.14076893E+00  1.39827363E-02
 1.16664503E+00  2.24701299E-02
 1.18584496E+00  2.45076159E-02
 1.19620297E+00  1.72219206E-02
 1.19646488E+00  3.04900893E-03
 1.19021181E+00 -1.11821888E-02
 1.17837850E+00 -2.09379085E-02
 1.15891829E+00 -2.36734057E-02
 1.13705654E+00 -1.92340143E-02
 1.12073289E+00 -1.12308540E-02
 1.11650673E+00 -1.32287486E-03
 1.12973935E+00  1.02557640E-02
 1.15555612E+00  2.03903605E-02
 1.18079371E+00  2.58673508E-02
 1.19688595E+00  2.38169616E-02
 1.19939346E+00  1.22555719E-02
 1.18925253E+00 -4.12630634E-03
 1.17499769E+00 -1.61646655E-02
 1.16069400E+00 -1.78588083E-02
 1.14647070E+00 -6.96393715E-03
 1.13593304E+00  1.20737421E-02
 1.13138772E+00  2.82146458E-02
 1.13589637E+00  3.49367380E-02
 1.15309566E+00  3.11117783E-02
 1.17692483E+00  1.89186913E-02
 1.19543918E+00  5.92695428E-03
 1.20052957E+00 -3.77989356E-03
 1.18790800E+00 -1.07216608E-02
 1.16271837E+00 -1.39526758E-02
 1.13930788E+00 -1.40943986E-02
 1.12620862E+00 -1.07925465E-02
 1.12588654E+00 -1.71283355E-03
 1.13744857E+00  1.05676003E-02
 1.15324442E+00  2.08368697E-02
 1.16952966E+00  2.53642263E-02
 1.18695583E+00  2.12056970E-02
 1.20141701E+00  1.03496988E-02
 1.20883412E+00 -6.24054038E-04
 1.20540527E+00 -7.91328457E-03
 1.18727638E+00 -1.01104414E-02
 1.16049716E+00 -7.62867474E-03
 1.13779796E+00 -4.23093758E-03
 1.12760136E+00 -1.34218097E-03
 1.13397543E+00  2.00507959E-03
 1.15197280E+00  5.03893125E-03
 1.16758236E+00  7.43781297E-03
 1.17327403E+00  8.54630243E-03
 1.16874714E+00  6.92936850E-03
 1.15787310E+00  4.76312977E-03
 1.15139157E+00  5.98673396E-03
 1.15428544E+00  1.16599208E-02
 1.16377108E+00  1.96580933E-02
 1.17695601E+00  2.17775979E-02
 1.18743133E+00  9.42982237E-03
 1.19098959E+00 -7.81215048E-03
 1.18825975E+00 -1.31283615E-02
 1.17714560E+00 -1.26015653E-02
 1.15662182E+00 -1.82339222E-02
 1.13003536E+00 -1.76087168E-02
 1.10534305E+00  2.94647172E-03
 1.10304783E+00  3.01872143E-02
 1.13985697E+00  4.48790364E-02
 1.18846755E+00  4.41645692E-02
 1.20384031E+00  3.00378986E-02
 1.19140765E+00  6.37881996E-03
 1.17933181E+00 -1.39541782E-02
 1.16814350E+00 -2.15068716E-02
 1.16042427E+00 -1.54840155E-02
 1.16709237E+00 -1.00358395E-03
 1.18089473E+00  1.02378276E-02
 1.18221344E+00  1.19948205E-02
 1.15811775E+00  5.98546977E-03
 1.13101824E+00 -3.56616158E-03
 1.13791054E+00 -7.78472573E-03
 1.16409986E+00 -2.47723620E-03
 1.17461461E+00  8.73326645E-03
 1.17920747E+00  2.09230122E-02
 1.19285139E+00  2.62779401E-02
 1.19987762E+00  2.02996220E-02
 1.18955202E+00  5.66624592E-03
 1.17060579E+00 -1.20086311E-02
 1.15148367E+00 -2.38377183E-02
 1.13457314E+00 -2.36756506E-02
 1.12321620E+00 -1.18349054E-02
 1.12056115E+00  6.84099467E-03
 1.12607368E+00  2.29295484E-02
 1.14009878E+00  2.99866861E-02
 1.16283868E+00  2.72044374E-02
 1.18822455E+00  1.69622499E-02
 1.20723398E+00  5.93999383E-03
 1.21263481E+00 -1.90903442E-03
 1.20030080E+00 -6.87190348E-03
 1.17564969E+00 -8.54147370E-03
 1.15194029E+00 -8.05990971E-03
 1.13784000E+00 -5.40855191E-03
 1.13673694E+00  1.48894674E-03
 1.14612463E+00  1.06730346E-02
 1.15599382E+00  1.82084838E-02
 1.16168261E+00  2.12659697E-02
 1.16445128E+00  1.74676718E-02
 1.16489797E+00  8.91668474E-03
 1.16657483E+00  1.57822613E-03
 1.16999450E+00 -1.34595199E-03
 1.17112395E+00  7.99630439E-04
 1.16995035E+00  5.97406658E-03
 1.16773510E+00  8.63830688E-03
 1.16535496E+00  6.29488488E-03
 1.16548194E+00  1.69804147E-04
 1.16789305E+00 -7.32813790E-03
 1.16986984E+00 -1.14224239E-02
 1.17067888E+00 -9.57754996E-03
 1.17010813E+00 -3.08110754E-03
 1.16843541E+00  5.69413771E-03
 1.16747580E+00  1.25183874E-02
 1.16770893E+00  1.45012431E-02
 1.16838689E+00  1.18459991E-02
 1.16931877E+00  5.94581604E-03
 1.16994526E+00 -1.07515593E-04
 1.16994922E+00 -4.08372279E-03
 1.16982878E+00 -5.74183007E-03
 1.16971889E+00 -4.92601973E-03
 1.16964903E+00 -2.35191544E-03
 1.16978104E+00  1.61398513E-03
 1.16996450E+00  7.29912114E-03
 1.17007787E+00  1.31412546E-02
 1.17009196E+00  1.67407327E-02
 1.16991218E+00  1.63292484E-02
 1.16952870E+00  1.08663684E-02
 1.16895581E+00  2.44777735E-03
 1.16819120E+00 -4.36460372E-03
 1.16726077E+00 -6.70889427E-03
 1.16620682E+00 -3.70707073E-03
 1.16515820E+00  2.80168335E-03
 1.16431592E+00  8.05306592E-03
 1.16386625E+00  9.48005184E-03
 1.16396889E+00  7.24382312E-03
 1.16468842E+00  2.84278865E-03
 1.16597057E+00 -7.02861083E-06
 1.16773062E+00  5.53503147E-04
 1.16980881E+00  3.63243331E-03
 1.17189809E+00  8.08182766E-03
 1.17361447E+00  1.15218983E-02
 1.17455361E+00  1.25033793E-02
 1.17435916E+00  1.15533158E-02
 1.17290017E+00  8.85920900E-03
 1.17028491E+00  5.04354210E-03
 1.16672864E+00  8.01184755E-04
 1.16264749E+00 -3.74835254E-03
 1.15875809E+00 -7.23436546E-03
 1.15593334E+00 -7.73064787E-03
 1.15505851E+00 -4.22880043E-03
 1.15683526E+00  3.21142015E-03
 1.16137146E+00  1.17898277E-02
 1.16812870E+00  1.67493285E-02
 1.17619952E+00  1.53711241E-02
 1.18407306E+00  7.95029016E-03
 1.18937573E+00 -7.66174138E-04
