# x =
 6.04252790E+01
# y =
 3.25097170E+00
 VARIABLES = u,v
 9.92060156E-01 -1.76771029E-02
 9.98905482E-01 -3.41890716E-03
 1.01509193E+00  3.92668314E-02
 1.03877839E+00  1.05958255E-01
 1.07855876E+00  1.94823675E-01
 1.12842913E+00  2.48144623E-01
 1.17076152E+00  1.99097060E-01
 1.19096185E+00  8.90701168E-02
 1.17266461E+00  6.95637558E-03
 1.10673323E+00 -3.74646674E-02
 1.00022734E+00 -6.02044503E-02
 8.73755084E-01 -5.31322281E-02
 7.57372478E-01 -3.53944601E-02
 6.72614363E-01 -2.95209682E-02
 6.19270317E-01 -4.24492194E-02
 5.63790571E-01 -1.06449570E-01
 4.82484280E-01 -2.28390619E-01
 4.80279348E-01 -2.94241649E-01
 6.84708958E-01 -1.82455475E-01
 9.69649922E-01 -6.77736564E-03
 1.11443424E+00  3.07004048E-02
 1.14699375E+00 -2.07570809E-02
 1.17217343E+00 -2.95679774E-02
 1.15223434E+00 -3.49275040E-02
 1.07808561E+00 -6.94028544E-02
 1.02828476E+00 -6.97129879E-02
 1.03934446E+00 -1.39253178E-02
 1.08168750E+00  5.96351245E-02
 1.11271442E+00  1.12869098E-01
 1.12781155E+00  1.34627691E-01
 1.14070858E+00  1.28100969E-01
 1.15085482E+00  1.00863745E-01
 1.16618491E+00  7.53758528E-02
 1.18500019E+00  6.43726220E-02
 1.18731900E+00  6.21854216E-02
 1.17511892E+00  6.42896269E-02
 1.16181270E+00  6.14413905E-02
 1.15331099E+00  4.90262988E-02
 1.15862868E+00  3.40990265E-02
 1.17608619E+00  1.97898783E-02
 1.19102261E+00  8.73880708E-03
 1.19813557E+00  2.96492349E-03
 1.19619507E+00 -1.40290249E-03
 1.18071922E+00 -5.12639066E-03
 1.15217534E+00 -6.74337779E-03
 1.11061520E+00 -6.40414394E-03
 1.05682947E+00 -2.74644539E-03
 1.00562723E+00  4.23008001E-03
 9.78770146E-01  1.23764980E-02
 9.90686272E-01  2.05535829E-02
 1.04605812E+00  2.73677730E-02
 1.12912441E+00  3.07128886E-02
 1.20637481E+00  2.91911964E-02
 1.25452154E+00  2.19649977E-02
 1.26412078E+00  9.52051593E-03
 1.24069191E+00 -4.50758473E-03
 1.20799043E+00 -1.46070481E-02
 1.17850756E+00 -1.67802303E-02
 1.15106193E+00 -9.63504639E-03
 1.12439300E+00  3.68978898E-03
 1.08986722E+00  1.65397525E-02
 1.04863354E+00  2.60585273E-02
 1.01525975E+00  3.48852533E-02
 9.97961875E-01  5.19848288E-02
 1.00379814E+00  8.95748801E-02
 1.03590270E+00  1.47064240E-01
 1.08568808E+00  2.04460091E-01
 1.14214221E+00  2.17973642E-01
 1.19180571E+00  1.49699618E-01
 1.21900370E+00  5.06000527E-02
 1.21280846E+00  4.62308879E-03
 1.16876854E+00 -3.08902134E-02
 1.09069304E+00 -1.34621281E-01
 9.91076241E-01 -2.41339374E-01
 8.95281951E-01 -2.59539019E-01
 8.50017532E-01 -2.21508726E-01
 8.84386498E-01 -1.77823512E-01
 9.27908196E-01 -1.12479369E-01
 8.85017347E-01 -2.13981672E-02
 8.25699795E-01  5.87849144E-02
 8.74915145E-01  1.00440722E-01
 9.68682651E-01  9.31066413E-02
 9.95890398E-01  4.03294652E-02
 9.98368102E-01 -9.62823427E-03
 1.03188762E+00  9.59946825E-04
 1.06440963E+00  3.45174262E-02
 1.07781233E+00  1.85579837E-02
 1.09177195E+00  3.22645600E-03
 1.11109225E+00  6.45856825E-02
 1.13237411E+00  1.37942973E-01
 1.15787671E+00  1.35851914E-01
 1.18189532E+00  9.24386457E-02
 1.19166648E+00  6.03167356E-02
 1.17903456E+00  1.58616548E-02
 1.14166721E+00 -5.93443603E-02
 1.08745697E+00 -1.32369722E-01
 1.03398524E+00 -1.72870872E-01
 9.92949589E-01 -1.66654487E-01
 9.69320536E-01 -1.02906917E-01
 9.64443070E-01 -2.00877245E-03
 9.72376213E-01  8.76694853E-02
 9.90752594E-01  1.34285292E-01
 1.02143319E+00  1.25381147E-01
 1.06078197E+00  7.21451277E-02
 1.10397358E+00  1.42425401E-02
 1.14402535E+00 -2.59975806E-02
 1.17065724E+00 -4.62631996E-02
 1.17990771E+00 -4.48849872E-02
 1.17286722E+00 -3.35840720E-02
 1.15026989E+00 -1.36839106E-02
 1.11600245E+00  2.69683533E-02
 1.07658735E+00  8.18458201E-02
 1.03892410E+00  1.37555656E-01
 1.01250253E+00  1.81342210E-01
 1.00625118E+00  1.95850647E-01
 1.02199458E+00  1.81454588E-01
 1.05589606E+00  1.53758439E-01
 1.10249312E+00  1.20277755E-01
 1.15256625E+00  8.67291137E-02
 1.19286296E+00  5.81666793E-02
 1.21009256E+00  3.28012044E-02
 1.19323607E+00  1.67006078E-02
 1.14011936E+00  2.11316694E-02
 1.06973726E+00  4.75838864E-02
 1.01502895E+00  9.19071728E-02
 9.99281996E-01  1.42412560E-01
 1.02970350E+00  1.73357199E-01
 1.08601152E+00  1.48918018E-01
 1.12363032E+00  5.47679742E-02
 1.11630034E+00 -3.72262322E-02
 1.06172886E+00 -3.28982691E-02
 9.77858883E-01  1.09846969E-02
 9.07668333E-01 -1.76861311E-02
 8.75903925E-01 -6.41516035E-02
 8.82210786E-01 -3.49096524E-02
 9.20544930E-01  2.10311094E-02
 9.68737657E-01  3.98641614E-02
 1.01425569E+00  3.65136109E-02
 1.06103627E+00  1.95329330E-02
 1.10267849E+00 -1.79987305E-02
 1.13293024E+00 -5.67150218E-02
 1.14450881E+00 -7.71722634E-02
 1.12434039E+00 -7.44041581E-02
 1.07720903E+00 -5.05835152E-02
 1.02092676E+00 -1.70785652E-02
 9.69560652E-01  2.12926219E-02
 9.37972480E-01  6.59720626E-02
 9.33596318E-01  1.10429602E-01
 9.52530829E-01  1.47620376E-01
 9.95098988E-01  1.69439478E-01
 1.05982913E+00  1.65649268E-01
 1.13142568E+00  1.39040696E-01
 1.19004043E+00  1.01941772E-01
 1.21690383E+00  6.32542129E-02
 1.19882015E+00  3.12143960E-02
 1.14650567E+00  9.81518843E-03
 1.08909681E+00 -4.00070146E-03
 1.04646791E+00 -8.56160207E-03
 1.02905903E+00 -5.18734998E-04
 1.03520211E+00  1.58496121E-02
 1.04661724E+00  3.44730260E-02
 1.05604822E+00  4.93846293E-02
 1.06572110E+00  5.56935810E-02
 1.06904233E+00  6.05763151E-02
 1.06345829E+00  7.85484990E-02
 1.05016647E+00  1.13934417E-01
 1.03682342E+00  1.59250717E-01
 1.06495668E+00  1.90414840E-01
 1.15816249E+00  1.71359380E-01
 1.20425282E+00  8.74057230E-02
 1.06692187E+00 -4.43984356E-02
 8.52201965E-01 -1.69648248E-01
 7.53782397E-01 -2.22956979E-01
 7.17306780E-01 -2.26175723E-01
 6.24664490E-01 -2.44025132E-01
 5.45836016E-01 -2.38442771E-01
 5.53092737E-01 -1.53424767E-01
 6.07791407E-01 -5.36643969E-02
 6.86638782E-01 -1.68024529E-02
 7.95873236E-01 -1.29754707E-02
 9.14508849E-01  7.64001519E-03
 1.00947583E+00  2.93095151E-02
 1.06219491E+00  3.93236611E-02
 1.08242846E+00  7.30587251E-02
 1.09842231E+00  1.43031963E-01
 1.12541457E+00  1.81282465E-01
 1.16624917E+00  1.18800002E-01
 1.20954107E+00  2.11246817E-02
 1.22551625E+00 -6.61962971E-04
 1.20202792E+00  1.89309426E-02
 1.14614909E+00  2.10269398E-03
 1.06580287E+00 -1.97243107E-02
 9.79629937E-01 -1.21470563E-02
 9.00584921E-01 -5.46633648E-03
 8.30187574E-01 -1.40963476E-02
 7.79235265E-01 -2.08370148E-02
 7.58987830E-01 -1.58131465E-02
 7.75398568E-01 -2.20188648E-03
 8.31731266E-01  1.46817456E-02
 9.12202626E-01  2.78891949E-02
 9.86787746E-01  2.60517032E-02
 1.03333560E+00  4.10816134E-03
 1.03990918E+00 -3.17543184E-02
 1.01479448E+00 -6.66492742E-02
 9.86743063E-01 -7.87291390E-02
 9.73950408E-01 -5.34311598E-02
 9.82387020E-01  8.95855498E-03
 1.01110815E+00  9.03849513E-02
 1.04517217E+00  1.57550473E-01
 1.07858741E+00  1.87413005E-01
 1.11401959E+00  1.74389978E-01
 1.14094629E+00  1.30726178E-01
 1.14763513E+00  8.79225730E-02
 1.12600078E+00  6.57132863E-02
 1.07263157E+00  6.72891227E-02
 1.01352041E+00  9.06551267E-02
 9.92631999E-01  1.21021500E-01
 1.03186697E+00  1.50927216E-01
 1.12454084E+00  1.82708552E-01
 1.21853805E+00  2.06031108E-01
 1.22865112E+00  2.08346812E-01
 1.11892714E+00  1.79559014E-01
 9.26743290E-01  1.11343086E-01
 7.79074355E-01  1.97716961E-02
 8.11349571E-01 -6.14001261E-02
 8.90009837E-01 -1.09322675E-01
 7.80000245E-01 -1.12551561E-01
 6.39632215E-01 -8.02640508E-02
 7.37302522E-01 -4.36702398E-02
 9.19707445E-01 -1.93701694E-02
 9.55000387E-01 -7.89432039E-03
 9.40249912E-01 -3.69445564E-03
 9.96400194E-01  1.20397094E-02
 1.04732720E+00  4.43433427E-02
 1.04503438E+00  7.98530058E-02
 1.06136864E+00  1.06425887E-01
 1.13205518E+00  1.07259216E-01
 1.17152352E+00  7.45518539E-02
 1.09449274E+00  1.92418874E-02
 9.82788983E-01 -4.11257332E-02
 9.66096304E-01 -8.34566529E-02
 1.00104952E+00 -9.42396770E-02
 9.97269691E-01 -8.29463986E-02
 9.87939037E-01 -8.42766584E-02
 1.00638544E+00 -1.29372867E-01
 1.01150823E+00 -1.64420637E-01
 9.83702151E-01 -1.07866173E-01
 9.51785593E-01 -1.59326154E-02
 9.43906717E-01  1.01716541E-02
 9.64829779E-01  1.13706793E-02
 1.00750680E+00  5.62146117E-02
 1.05097689E+00  9.92827923E-02
 1.05764079E+00  8.97471488E-02
 1.00808266E+00  4.90089356E-02
 9.11915344E-01 -2.59414065E-04
 8.03761294E-01 -5.14484452E-02
 7.39823090E-01 -8.13177131E-02
 7.50605175E-01 -7.12210097E-02
 8.22156999E-01 -3.25421778E-02
 8.93636190E-01 -1.59693458E-02
 8.92431559E-01 -6.84394302E-02
 8.69026138E-01 -1.21613674E-01
 9.28621925E-01 -6.92174544E-02
 1.00892797E+00  2.14522342E-02
 1.00500643E+00  2.97076080E-02
 9.87360438E-01  1.49629457E-02
 1.04714416E+00  6.33863228E-02
 1.12531907E+00  9.66130058E-02
 1.14625099E+00  3.89640928E-02
 1.13058931E+00 -1.27341861E-02
 1.10559145E+00  4.78908977E-02
 1.06326650E+00  1.37149155E-01
 1.01496161E+00  1.30267023E-01
 9.80115283E-01  7.29127495E-02
 9.59914644E-01  4.75727060E-02
 9.52368964E-01  2.79918240E-02
 9.54046511E-01 -5.36281613E-03
 9.62554071E-01 -1.30665658E-02
 9.80191473E-01  1.97064911E-02
 1.00637121E+00  6.78385200E-02
 1.03945735E+00  1.04484309E-01
 1.07581918E+00  1.19696946E-01
 1.10841199E+00  1.12314490E-01
 1.13480803E+00  8.77155326E-02
 1.15588685E+00  6.38571801E-02
 1.17149689E+00  5.10681143E-02
 1.18281821E+00  4.70119917E-02
 1.19012076E+00  4.78718167E-02
 1.19188827E+00  4.41546545E-02
 1.18915662E+00  3.19663695E-02
 1.18367840E+00  1.70977154E-02
 1.17461121E+00  2.58286523E-03
 1.16061569E+00 -7.71108037E-03
 1.14088095E+00 -1.16490362E-02
 1.11502479E+00 -1.30618334E-02
 1.08573375E+00 -1.33806123E-02
 1.05800404E+00 -1.29763824E-02
 1.03478866E+00 -1.32995294E-02
 1.01731837E+00 -1.36786254E-02
 1.00555735E+00 -1.40560026E-02
 9.97372432E-01 -1.53385804E-02
 9.91918530E-01 -1.73656256E-02
 9.90069285E-01 -1.99713107E-02
 9.92515576E-01 -2.25457443E-02
 1.00046452E+00 -2.33971680E-02
 1.01367207E+00 -2.04173045E-02
 1.02946045E+00 -1.08984064E-02
 1.04418598E+00  8.44381899E-03
 1.05398500E+00  4.02895908E-02
 1.05825411E+00  8.49985417E-02
 1.06221060E+00  1.38932150E-01
 1.07823182E+00  1.92156996E-01
 1.11896533E+00  2.29692277E-01
 1.17813941E+00  2.37112859E-01
 1.21896445E+00  2.02398417E-01
 1.16058820E+00  1.18357701E-01
 9.49697556E-01 -1.19733341E-02
 7.37431769E-01 -1.72824621E-01
 7.32487903E-01 -3.27566407E-01
 8.10423163E-01 -4.05023792E-01
 7.33968392E-01 -3.44815160E-01
 6.24358434E-01 -1.98257137E-01
 6.80416982E-01 -7.82728835E-02
 8.03418628E-01 -1.23496790E-02
 8.67385905E-01  1.57741390E-02
 9.13134391E-01  1.08420776E-02
 9.63478762E-01  1.56184022E-02
 9.88312330E-01  5.87796506E-02
 9.99092726E-01  1.19124558E-01
 1.01724179E+00  1.56131791E-01
 1.04192623E+00  1.23469066E-01
 1.06637181E+00  4.90813441E-02
 1.07876053E+00  1.42878512E-02
 1.07599824E+00  2.84776153E-02
 1.06328770E+00  7.04863777E-02
 1.03687646E+00  1.39258254E-01
 9.92333796E-01  1.93772625E-01
 9.27175300E-01  1.55811521E-01
 8.38351791E-01 -7.96148704E-03
 7.36770741E-01 -1.78863195E-01
 6.43250840E-01 -1.91238142E-01
 5.70869825E-01 -1.17643373E-01
 5.25757578E-01 -1.31067866E-01
 5.02762054E-01 -1.84975103E-01
 4.84163162E-01 -1.84084482E-01
 4.60109113E-01 -1.66517328E-01
 4.30338758E-01 -1.55216588E-01
 3.99606408E-01 -1.43834733E-01
 3.81386139E-01 -1.59562762E-01
 3.81851240E-01 -1.79944401E-01
 3.97116318E-01 -1.50096368E-01
 4.23351687E-01 -8.79371043E-02
 4.52536530E-01 -3.43293893E-02
 4.79958766E-01  2.58839257E-02
 5.07530019E-01  1.07946043E-01
 5.33568927E-01  1.81538644E-01
 5.56163896E-01  2.14860974E-01
 5.74400569E-01  1.97528020E-01
 5.85837678E-01  1.29489366E-01
 5.93179179E-01  4.08640927E-02
 6.02542425E-01 -1.21148951E-02
 6.16452695E-01  2.62454243E-03
 6.33946915E-01  8.15818741E-02
 6.46930260E-01  1.75390918E-01
 6.41401720E-01  2.12102264E-01
 6.09642862E-01  2.10809978E-01
 5.52881753E-01  2.36943171E-01
 4.83433101E-01  2.51609231E-01
 4.24142536E-01  1.99557283E-01
 3.91101175E-01  1.35757976E-01
 3.89778591E-01  1.21413735E-01
 4.16064391E-01  1.23530993E-01
 4.53518579E-01  9.66646791E-02
 4.89610396E-01  6.12409115E-02
 5.17200796E-01  4.47083125E-02
 5.24934359E-01  3.77396676E-02
 5.08193222E-01  3.55002437E-02
 4.74200493E-01  4.28372765E-02
 4.50258656E-01  5.52571004E-02
 5.09899594E-01  7.63765143E-02
 6.91438925E-01  1.15626218E-01
 8.14014600E-01  1.63961139E-01
 6.54085698E-01  1.91435926E-01
 3.85096112E-01  1.39274452E-01
 3.26110905E-01 -4.19295653E-02
 3.84122011E-01 -2.84075953E-01
 3.60954067E-01 -4.46961251E-01
 3.75879516E-01 -4.65290796E-01
 5.24884462E-01 -3.39371428E-01
 6.23454989E-01 -1.55984414E-01
 5.19354356E-01 -6.93664212E-02
 3.62806977E-01 -6.63137452E-02
 3.70661498E-01 -2.72186399E-02
 4.98625131E-01  2.67285044E-02
 6.23983984E-01  5.55983597E-02
 7.66895933E-01  1.03224047E-01
 9.20558865E-01  1.71888664E-01
 1.00538168E+00  2.10167585E-01
 9.97225757E-01  1.91910224E-01
 9.26583560E-01  1.72781004E-01
 8.34229561E-01  2.28257371E-01
 7.37333549E-01  3.07854806E-01
 6.36335911E-01  3.18924930E-01
 5.42764367E-01  2.99876646E-01
 4.61252935E-01  3.15546828E-01
 4.00617372E-01  3.28069909E-01
 3.78991924E-01  2.90433027E-01
 3.85193120E-01  2.01459210E-01
 3.90174206E-01  6.61868460E-02
 3.73148974E-01 -5.97408209E-02
 3.18664775E-01 -9.66049193E-02
 2.39564150E-01 -9.17418626E-02
 1.76574661E-01 -1.46199486E-01
 1.55888284E-01 -2.19791791E-01
 1.93403173E-01 -2.26608088E-01
 3.03259455E-01 -1.69020011E-01
 4.59762591E-01 -6.67614443E-02
 5.67946621E-01  3.02720343E-02
 5.49053880E-01  3.72680426E-02
 5.21156836E-01 -4.50900810E-03
 6.55368776E-01  1.09109942E-02
 8.03922063E-01  4.54881693E-02
 7.32206101E-01  2.58447872E-02
 5.94667580E-01  2.95532159E-04
 6.37070716E-01  2.27116629E-02
 7.65986763E-01  7.23082326E-02
 8.22588866E-01  1.21004896E-01
 8.16336478E-01  1.30916575E-01
 7.59205008E-01  6.36315016E-02
 7.15234527E-01 -1.25272648E-03
 8.18248910E-01  5.47769599E-02
 9.79451129E-01  1.49908791E-01
 1.00587996E+00  1.36120187E-01
 9.74821066E-01  8.16214049E-02
 1.03492713E+00  1.02607623E-01
 1.11693991E+00  1.40487738E-01
 1.13778422E+00  1.24098376E-01
 1.14523868E+00  8.79581269E-02
 1.16930230E+00  5.90984340E-02
 1.18014357E+00  2.85461835E-02
 1.16614035E+00  7.77635488E-03
 1.13757932E+00  1.15824227E-02
 1.09954427E+00  3.07112749E-02
 1.05924279E+00  3.26545962E-02
 1.03159576E+00 -7.16872787E-03
 1.02673336E+00 -3.28485130E-02
 1.04561703E+00  3.80257999E-02
 1.07966004E+00  1.65927656E-01
 1.11089132E+00  2.50010476E-01
 1.12402509E+00  2.48998271E-01
 1.10982861E+00  1.50493931E-01
 1.06474009E+00  1.85630482E-02
 9.94437850E-01 -1.41108964E-02
 9.04850554E-01  5.93268440E-02
 8.04671355E-01  1.52359394E-01
 7.17764995E-01  2.13202535E-01
 6.73281886E-01  1.89585196E-01
 6.92343853E-01  1.18606465E-01
 7.79922257E-01  1.18485134E-01
 9.02168906E-01  1.61679285E-01
 9.98318380E-01  1.56160747E-01
 1.03201877E+00  1.29583729E-01
 1.00328871E+00  1.20355518E-01
 9.65490788E-01  1.24072826E-01
 9.91180491E-01  1.57197513E-01
 1.02864269E+00  2.04534741E-01
 9.63478053E-01  2.12508719E-01
 8.14512068E-01  1.66739484E-01
 6.68097769E-01  8.47954998E-02
 6.06085360E-01  1.06320407E-02
 7.14708550E-01  2.30714080E-03
 9.04362049E-01  2.53366331E-02
 9.77036637E-01  5.07509344E-04
 9.58245257E-01 -3.03624361E-02
 9.66275701E-01  8.44258982E-03
 9.63228200E-01  8.10205234E-02
 9.20959585E-01  1.34796064E-01
 9.04420803E-01  1.78278471E-01
 9.37327487E-01  2.11756845E-01
 9.79591471E-01  2.13545219E-01
 9.87687450E-01  1.79050017E-01
 9.56576646E-01  1.12733952E-01
 9.03330687E-01  2.17833547E-02
 8.43761930E-01 -6.85061507E-02
 8.07998851E-01 -1.23317732E-01
 8.15244017E-01 -1.20151115E-01
 8.57615864E-01 -6.02592610E-02
 9.20495858E-01  8.77403839E-03
 9.79412430E-01  2.73549087E-02
 1.01530493E+00  3.07804703E-02
 1.02738042E+00  9.11961976E-02
 1.02395364E+00  1.58468290E-01
 1.02352021E+00  1.55736912E-01
 1.03756653E+00  1.38214691E-01
 1.06406814E+00  1.77593941E-01
 1.09858823E+00  2.29124984E-01
 1.12943331E+00  2.32136414E-01
 1.14744228E+00  2.03135492E-01
 1.14806378E+00  1.64062442E-01
 1.11439854E+00  1.03194091E-01
 1.02885721E+00  2.24709722E-02
 8.90617100E-01 -6.39695378E-02
 7.22729368E-01 -1.48195047E-01
 5.97082820E-01 -2.09847886E-01
 5.87718276E-01 -2.21926245E-01
 6.43551874E-01 -1.75721163E-01
 6.56495103E-01 -8.80883562E-02
 6.48918791E-01 -1.90676019E-02
 6.91761583E-01 -2.63417141E-02
 7.77214221E-01 -3.67740496E-02
 8.93829625E-01  6.28217285E-02
 1.02169283E+00  1.83073714E-01
 1.10596310E+00  1.73501762E-01
 1.16275452E+00  1.01292881E-01
 1.23650337E+00  7.72615950E-02
 1.25687450E+00  3.30480287E-02
 1.14852840E+00 -9.35919931E-02
 1.01710106E+00 -1.88540520E-01
 1.00112353E+00 -1.40609746E-01
 1.02547665E+00 -3.47672467E-02
 9.62191074E-01 -1.84584080E-03
 8.84931292E-01 -9.37201065E-03
 9.00677798E-01  1.70407705E-02
 9.58375365E-01  6.57839304E-02
 9.95165096E-01  1.25111429E-01
 1.02894488E+00  1.63388125E-01
 1.06204264E+00  1.12989346E-01
 1.06748032E+00  1.58063238E-02
 1.03921772E+00 -3.01589237E-02
 9.82428628E-01 -4.59199603E-02
 9.04164079E-01 -8.37273570E-02
 8.28635033E-01 -1.12332040E-01
 7.88694595E-01 -1.06107627E-01
 8.03166714E-01 -8.94868496E-02
 8.62428853E-01 -7.65331009E-02
 9.01971688E-01 -5.92114366E-02
 8.45843525E-01 -3.46792293E-02
 7.34810275E-01 -1.30965627E-02
 6.64388153E-01 -3.74459696E-03
 6.09460203E-01 -3.09269266E-03
 5.26443340E-01 -3.70621447E-03
 5.10455309E-01 -1.94177014E-03
 6.51231426E-01  4.38073357E-03
 8.65399819E-01  8.27682489E-03
 1.01888637E+00 -4.30352477E-03
 1.08710491E+00 -3.52193985E-02
 1.08479847E+00 -7.27332395E-02
 1.02741732E+00 -9.19628234E-02
 9.82611982E-01 -6.02686902E-02
 9.90304432E-01  2.87824829E-02
 1.02530420E+00  1.39701467E-01
 1.03001031E+00  1.84383751E-01
 9.43755995E-01  8.31591289E-02
 8.43575260E-01 -6.29703594E-02
 8.69565294E-01 -7.54293962E-02
 9.50515787E-01 -1.49431313E-03
 9.47577713E-01  2.03336696E-02
 9.27511599E-01  7.69250529E-03
 9.85685668E-01 -3.80658343E-03
 1.05865998E+00 -1.43056257E-02
 1.07933668E+00  1.82399384E-02
 1.07656452E+00  6.39783662E-02
 1.08002939E+00  4.47001644E-02
 1.09589964E+00  1.37031555E-02
 1.12739121E+00  5.15297409E-02
 1.10117400E+00  7.82774859E-02
 9.23296799E-01 -4.20874360E-03
 6.80137598E-01 -1.14872816E-01
 5.33119490E-01 -1.36285526E-01
 4.62712786E-01 -1.03396846E-01
 3.97572626E-01 -8.19439466E-02
 3.92816638E-01 -4.96890276E-02
 4.91543366E-01  2.84382907E-03
 6.49510319E-01  3.40828684E-02
 8.20203919E-01  2.47252080E-02
 9.52538299E-01 -4.39224639E-03
 9.94488937E-01 -2.53277130E-02
 9.91494391E-01 -2.96038288E-02
 1.03247188E+00 -1.83271184E-02
 1.07292007E+00  6.46203158E-03
 1.03341313E+00  3.18891959E-02
 1.00287197E+00  5.21318012E-02
 1.08476256E+00  7.22415818E-02
 1.17810603E+00  8.95024811E-02
 1.15202568E+00  1.00285319E-01
 1.08379288E+00  1.00888386E-01
 1.08887953E+00  8.37534669E-02
 1.09466726E+00  5.11998228E-02
 1.01051695E+00  1.33341084E-02
 9.12544744E-01 -2.21228292E-02
 8.89567787E-01 -4.62169407E-02
 9.06655820E-01 -5.13628612E-02
 9.19522331E-01 -3.51737338E-02
 9.57920713E-01  4.67461701E-03
 1.03925768E+00  6.59236334E-02
 1.11721189E+00  1.32677359E-01
 1.14204693E+00  1.82062854E-01
 1.09939322E+00  1.96019082E-01
 1.00291137E+00  1.66107224E-01
 9.25989784E-01  1.05450769E-01
 9.54217195E-01  4.51891043E-02
 1.01693894E+00  6.28552596E-03
 9.84302727E-01 -3.37272254E-03
 9.37522559E-01  1.04756274E-02
 1.01010096E+00  2.47944682E-02
 1.10488445E+00  2.84675445E-02
 1.08899836E+00  2.38182166E-02
 1.02696260E+00  1.07526225E-02
 1.00854113E+00 -3.97918183E-03
 1.00148300E+00 -1.82163252E-02
 9.75767384E-01 -3.64013615E-02
 9.60010976E-01 -4.73350779E-02
 9.65256325E-01 -3.39301199E-02
 9.87453660E-01  1.19797131E-02
 1.03341653E+00  8.95241583E-02
 1.09143318E+00  1.71422758E-01
 1.13268751E+00  2.10559852E-01
 1.13694776E+00  1.78598437E-01
 1.09193678E+00  7.24055118E-02
 1.00255300E+00 -7.70431600E-02
 8.93100396E-01 -2.06333987E-01
 7.79987646E-01 -2.74962574E-01
 6.73268012E-01 -2.76351672E-01
 5.85972475E-01 -2.34169431E-01
 5.24846448E-01 -2.05104378E-01
 5.01670478E-01 -2.15116022E-01
 5.30877345E-01 -2.45100373E-01
 6.06767398E-01 -2.48417004E-01
 7.11450175E-01 -1.70497473E-01
 8.27018344E-01 -6.40350356E-02
 9.33210481E-01 -3.35341217E-02
 1.02037758E+00 -2.90703572E-02
 1.09082352E+00  4.44106594E-02
 1.13989193E+00  1.28543301E-01
 1.16303216E+00  1.44864915E-01
 1.16728977E+00  1.32167397E-01
 1.16248690E+00  1.34448246E-01
 1.16121628E+00  1.28122301E-01
 1.17535583E+00  9.67467434E-02
 1.19686267E+00  5.91775175E-02
 1.20442781E+00  2.77070049E-02
 1.18739245E+00  2.74497507E-03
 1.14462069E+00 -1.14135857E-02
 1.08849289E+00 -1.44608979E-02
 1.04651569E+00 -1.37600294E-02
 1.03247882E+00 -1.42619837E-02
 1.04484773E+00 -1.73675919E-02
 1.07737679E+00 -2.03452630E-02
 1.11256375E+00 -1.59216085E-02
 1.13914414E+00 -2.17938453E-03
 1.15715571E+00  1.64694766E-02
 1.16411644E+00  3.22237671E-02
 1.16087087E+00  3.32146546E-02
 1.14687014E+00  1.34149185E-02
 1.11667626E+00 -2.39037809E-02
 1.07281235E+00 -6.88465067E-02
 1.02286897E+00 -1.04469299E-01
 9.75469240E-01 -1.17224217E-01
 9.42923840E-01 -1.01557996E-01
 9.33895009E-01 -5.88011459E-02
 9.51524960E-01  1.06222122E-03
 9.97209237E-01  6.93835277E-02
 1.06468204E+00  1.39720063E-01
 1.13432391E+00  2.00791330E-01
 1.17893297E+00  2.41250938E-01
 1.17366959E+00  2.48636916E-01
 1.10237868E+00  2.11569992E-01
 9.69571770E-01  1.33486388E-01
 8.00476837E-01  2.93927953E-02
 6.21959974E-01 -8.52658302E-02
 4.66086146E-01 -1.92739131E-01
 3.77874652E-01 -2.77316378E-01
 3.74949996E-01 -3.29795051E-01
 3.87320049E-01 -3.39945322E-01
 3.28777464E-01 -3.04226164E-01
 2.68129913E-01 -2.41416514E-01
 3.28818901E-01 -1.82674143E-01
 4.48594691E-01 -1.53449714E-01
 5.12058313E-01 -1.66747412E-01
 5.53077960E-01 -2.04065040E-01
 6.19864368E-01 -2.21065755E-01
 6.77747889E-01 -1.92118926E-01
 7.11467954E-01 -1.13708595E-01
 7.45041631E-01 -3.67230893E-03
 7.89492896E-01  9.33500647E-02
 8.45835734E-01  1.51581339E-01
 9.12865881E-01  1.68288171E-01
 9.69457115E-01  1.41068349E-01
 9.81076219E-01  8.24500853E-02
 9.30128118E-01  1.76847776E-03
 8.24284172E-01 -9.77688011E-02
 7.07939318E-01 -1.85429266E-01
 6.52542938E-01 -2.21308667E-01
 6.94869844E-01 -1.84151484E-01
 8.19181803E-01 -7.81625057E-02
 9.47466258E-01  3.03114589E-02
 9.74882936E-01  5.38537097E-02
 9.25266302E-01  1.74613562E-02
 8.98137873E-01  4.90259311E-03
 8.73063343E-01  9.16255479E-03
 8.14852527E-01  2.22931233E-03
 8.10611093E-01  5.72729914E-03
 9.08567815E-01  1.81665789E-02
 9.53033728E-01  1.27457830E-02
 7.87645407E-01 -1.68320389E-02
 6.08396287E-01 -4.57740620E-02
 6.96220167E-01 -4.39969177E-02
 8.57119642E-01 -3.45983567E-02
 7.67641249E-01 -5.79269779E-02
 5.72966019E-01 -8.41170550E-02
 5.13155346E-01 -6.80499909E-02
 4.98901485E-01 -3.46729962E-02
 4.41472049E-01 -2.08954682E-02
 4.42290218E-01 -1.36716061E-02
 5.54298991E-01  4.82158396E-03
 7.09984590E-01  3.11998132E-02
 8.42884431E-01  6.85205404E-02
 9.30809910E-01  1.20655690E-01
 9.59734640E-01  1.73145798E-01
 9.32620981E-01  1.92906307E-01
 8.87246555E-01  1.42636841E-01
 8.47421210E-01  1.36734148E-02
 8.18699753E-01 -1.55757100E-01
 8.16462918E-01 -2.60601112E-01
 8.46089283E-01 -1.96841309E-01
 9.06944001E-01 -5.30441317E-02
 9.86589864E-01 -9.75167873E-03
 1.01343642E+00 -3.85570097E-02
 9.22428750E-01 -3.06169469E-02
 8.03712247E-01 -6.95803122E-03
 8.05791185E-01  2.03239908E-02
 9.03377185E-01  8.15173132E-02
 1.00032894E+00  1.52468041E-01
 1.10465449E+00  1.95835814E-01
 1.21334618E+00  1.91602492E-01
 1.26113503E+00  1.37894770E-01
 1.22368625E+00  5.93908023E-02
 1.13787165E+00 -1.88955149E-02
 1.04542787E+00 -7.90536060E-02
 9.25385939E-01 -1.26485474E-01
 7.49640902E-01 -1.80871334E-01
 6.10022270E-01 -2.06636020E-01
 6.16825513E-01 -1.53580880E-01
 7.15081878E-01 -5.87340685E-02
 7.91772358E-01  1.02784520E-02
 8.42978882E-01  4.24491958E-02
 8.88664327E-01  4.22703479E-02
 9.17781172E-01  1.39446814E-02
 9.54220769E-01 -9.28590748E-03
 1.01290152E+00 -1.95404541E-03
 1.07283915E+00  3.67215059E-02
 1.12295842E+00  9.48552645E-02
 1.15221900E+00  1.44418661E-01
 1.15652370E+00  1.72130096E-01
 1.14997666E+00  1.84077067E-01
 1.13487048E+00  1.83542215E-01
 1.10752462E+00  1.80096112E-01
 1.06986346E+00  1.76341413E-01
 1.01827268E+00  1.60490252E-01
 9.51251261E-01  1.27058364E-01
 8.72483391E-01  7.24726271E-02
 7.82536544E-01 -4.98948091E-03
 6.83679740E-01 -9.67931613E-02
 5.84064620E-01 -1.92229921E-01
 4.94138141E-01 -2.79346507E-01
 4.25231273E-01 -3.45190634E-01
 3.89975285E-01 -3.81653717E-01
 4.00611433E-01 -3.86222372E-01
 4.63897677E-01 -3.61277419E-01
 5.74008470E-01 -3.09960356E-01
 7.03598048E-01 -2.35896598E-01
 7.90575863E-01 -1.46057304E-01
 7.90590345E-01 -4.88684970E-02
 7.98943915E-01  4.41943973E-02
 9.43572163E-01  1.20321559E-01
 1.10843230E+00  1.73522338E-01
 1.09540552E+00  2.03038023E-01
 9.74661752E-01  2.08373410E-01
 8.92963543E-01  1.91480437E-01
 8.13036352E-01  1.55290864E-01
 7.00472814E-01  1.03438987E-01
 6.29800429E-01  4.72091095E-02
 6.38646588E-01  4.24475303E-03
 6.88845690E-01 -6.06874461E-03
 7.36645377E-01  1.84339506E-02
 7.65271288E-01  1.80439001E-02
 7.68060776E-01 -6.80919852E-02
 7.50806541E-01 -1.46942546E-01
 7.42019075E-01 -8.33434511E-02
 7.53899018E-01  3.20382654E-02
 7.78587503E-01  4.28374672E-02
 8.12534126E-01  2.59466993E-02
 8.45247309E-01  9.98843227E-02
 8.72421379E-01  1.84120844E-01
 9.00865693E-01  1.84763444E-01
 9.21439156E-01  1.49516353E-01
 9.18147544E-01  1.29261271E-01
 8.81121317E-01  9.94281072E-02
 8.02030415E-01  4.39099122E-02
 6.89126469E-01 -2.25840631E-02
 5.66926014E-01 -9.70815693E-02
 4.54457053E-01 -1.78938116E-01
 3.68250581E-01 -2.53021546E-01
 3.24418592E-01 -3.00324404E-01
 3.28958383E-01 -3.02566206E-01
 3.83273444E-01 -2.49150705E-01
 4.76545973E-01 -1.44706694E-01
 5.64055343E-01 -1.24096565E-02
 6.08109295E-01  1.10227070E-01
 6.64538999E-01  1.92556704E-01
 8.11776390E-01  2.20315853E-01
 9.78115457E-01  2.03321530E-01
 1.04585239E+00  1.74284199E-01
 1.06490156E+00  1.54424581E-01
 1.12479572E+00  1.49465376E-01
 1.17963244E+00  1.56675325E-01
 1.17316251E+00  1.58127188E-01
 1.13573531E+00  1.49444563E-01
 1.09359935E+00  1.41017644E-01
 1.04112597E+00  1.32801753E-01
 9.88705678E-01  1.25082235E-01
 9.54845574E-01  1.14733508E-01
 9.46180308E-01  9.06081897E-02
 9.63614436E-01  5.63453121E-02
 1.00399846E+00  2.48246682E-02
 1.06057161E+00  1.92625849E-03
 1.12341918E+00 -7.90005315E-03
 1.17742536E+00 -7.27921474E-03
 1.20625027E+00 -7.92511092E-03
 1.19681599E+00 -1.34936469E-02
 1.14545408E+00 -2.07385134E-02
 1.07076104E+00 -2.53380676E-02
 1.00701866E+00 -1.80109561E-02
 9.79616882E-01  5.89642025E-03
 9.98547495E-01  4.33051223E-02
 1.04684893E+00  8.95230208E-02
 1.08217154E+00  1.35116967E-01
 1.07746863E+00  1.68794764E-01
 1.02394276E+00  1.79125181E-01
 9.23093570E-01  1.48575725E-01
 7.97432499E-01  6.32322970E-02
 6.63438559E-01 -6.93462616E-02
 5.33124376E-01 -2.08199931E-01
 4.45333827E-01 -2.57419852E-01
 4.43168114E-01 -1.41488799E-01
 5.49076751E-01  9.65918392E-03
 7.52550101E-01 -6.22135920E-03
 9.63259831E-01 -1.05334818E-01
 1.06094934E+00 -9.61991049E-02
 1.04863878E+00 -3.75441849E-02
 9.94530978E-01 -4.13146396E-02
 8.71778086E-01 -9.97217632E-02
 6.63318307E-01 -2.13272158E-01
 4.86712378E-01 -3.12223145E-01
 4.54819297E-01 -2.61886949E-01
 5.22256803E-01 -1.30221606E-01
 5.90173389E-01 -7.96370798E-02
 6.66293098E-01 -7.31379271E-02
 7.80898770E-01 -2.61411930E-02
 9.03555590E-01  1.68136015E-02
 1.01744518E+00  2.45744288E-02
 1.10662177E+00  2.53253596E-02
 1.13370120E+00  2.23203553E-02
 1.11007403E+00  8.41059961E-03
 1.08140438E+00 -6.89761933E-03
 1.07467407E+00 -8.84939298E-03
 1.10833970E+00  1.43865570E-02
 1.16966498E+00  5.66026605E-02
 1.21075107E+00  9.90358750E-02
 1.21214868E+00  1.31879916E-01
 1.17839199E+00  1.50635191E-01
 1.11673281E+00  1.57532982E-01
 1.05382486E+00  1.65558648E-01
 1.00226836E+00  1.78356505E-01
 9.55254064E-01  1.90327149E-01
 9.20902972E-01  1.97738290E-01
 9.07787875E-01  1.93226948E-01
 9.21708247E-01  1.74005752E-01
 9.72507264E-01  1.45657498E-01
 1.04950595E+00  1.11998482E-01
 1.12657952E+00  7.77441373E-02
 1.18514083E+00  4.79694315E-02
 1.21094770E+00  2.38008381E-02
 1.20212135E+00  6.25145445E-03
 1.17298048E+00 -4.10412678E-03
 1.13127788E+00 -7.65188366E-03
 1.08104385E+00 -4.22389918E-03
 1.03331508E+00  5.05938623E-03
 9.97182815E-01  1.78945482E-02
 9.84971411E-01  3.13451051E-02
 1.00959117E+00  4.19522539E-02
 1.06408144E+00  4.81146396E-02
 1.12835172E+00  4.99075804E-02
 1.18601072E+00  4.72019733E-02
 1.22269155E+00  4.03937424E-02
 1.23471308E+00  3.02434918E-02
 1.23120057E+00  1.73697470E-02
 1.21287115E+00  3.74498834E-03
 1.17645399E+00 -8.06093535E-03
 1.12732068E+00 -1.69595009E-02
 1.07140847E+00 -2.24489193E-02
 1.01923015E+00 -2.34655453E-02
 9.85508714E-01 -1.86954533E-02
 9.71962669E-01 -5.65500901E-03
 9.71801964E-01  1.84355566E-02
 9.82558819E-01  5.28541662E-02
 1.00159885E+00  9.24705301E-02
 1.02839253E+00  1.27060108E-01
 1.06685021E+00  1.42915582E-01
 1.11317077E+00  1.30923296E-01
 1.15794121E+00  9.04489945E-02
 1.19487160E+00  3.28711994E-02
 1.21714545E+00 -2.00080420E-02
 1.21997695E+00 -5.10031362E-02
 1.20412874E+00 -5.13852023E-02
 1.17179304E+00 -2.24157165E-02
 1.12743109E+00  2.25249605E-02
 1.07847566E+00  7.41808943E-02
 1.03246123E+00  1.27328805E-01
 9.96105164E-01  1.70913003E-01
 9.75007555E-01  1.96606937E-01
 9.73823999E-01  1.99180602E-01
 9.94235647E-01  1.81236401E-01
 1.03119433E+00  1.74703546E-01
 1.07472848E+00  2.06114066E-01
 1.11432953E+00  2.15696320E-01
 1.14104827E+00  1.26179429E-01
 1.15296457E+00  7.37484745E-03
 1.15491142E+00 -2.27509277E-02
 1.14922749E+00 -2.01047831E-03
 1.13756429E+00 -1.00598311E-02
 1.12458009E+00 -1.58698201E-02
 1.11402636E+00  1.07421047E-02
 1.11125258E+00  3.16495525E-02
 1.12059774E+00  2.49468942E-02
 1.13433413E+00  8.49060323E-03
 1.13772711E+00 -1.61670706E-03
 1.12164655E+00 -5.13025078E-03
 1.08375757E+00 -3.47634024E-03
 1.03542121E+00  2.75619805E-03
 1.00026466E+00  6.71689719E-03
 9.91990565E-01  7.09187799E-03
 1.01235846E+00  1.00987888E-02
 1.05353481E+00  1.78580654E-02
 1.09513086E+00  3.17687375E-02
 1.12499339E+00  5.18958257E-02
 1.14278087E+00  7.27813547E-02
 1.15062986E+00  8.86774157E-02
 1.15767576E+00  9.41347794E-02
 1.16669584E+00  8.43142271E-02
 1.17005896E+00  5.93180099E-02
 1.16151190E+00  2.61458023E-02
 1.13352954E+00 -3.63195398E-03
 1.08450083E+00 -2.09335523E-02
 1.02455670E+00 -2.18337400E-02
 9.68683367E-01 -9.92508818E-03
 9.35881812E-01  4.01364684E-03
 9.40596711E-01  1.35609148E-02
 9.84928302E-01  1.76805142E-02
 1.05719356E+00  1.74203254E-02
 1.13350635E+00  1.82482944E-02
 1.19374186E+00  2.11942318E-02
 1.22641947E+00  2.17549358E-02
 1.22834701E+00  1.75246511E-02
 1.20758540E+00  5.88018388E-03
 1.16756131E+00 -1.27655129E-02
 1.10795775E+00 -3.18944336E-02
 1.03856156E+00 -4.37108430E-02
 9.71818332E-01 -3.97000417E-02
 9.22753928E-01 -1.39779710E-02
 9.07665311E-01  3.17399233E-02
 9.25319158E-01  8.61382511E-02
 9.61378938E-01  1.30859587E-01
 1.00614129E+00  1.51538003E-01
 1.05118739E+00  1.42231263E-01
 1.09266603E+00  1.08825032E-01
 1.13452387E+00  6.86268119E-02
 1.17111708E+00  3.30073667E-02
 1.19030001E+00  5.54514348E-03
 1.18649453E+00 -1.35149408E-02
 1.15562150E+00 -3.08066589E-02
 1.09971885E+00 -4.61833648E-02
 1.03145029E+00 -5.15856938E-02
 9.66042881E-01 -4.32171988E-02
 9.20563878E-01 -1.76369995E-02
 9.11054114E-01  2.40396515E-02
 9.43581907E-01  7.19037428E-02
 1.00764490E+00  1.15560986E-01
 1.08007674E+00  1.44234721E-01
 1.14087802E+00  1.48795272E-01
 1.17732054E+00  1.28571894E-01
 1.18816713E+00  9.36838405E-02
 1.18519050E+00  6.17466663E-02
 1.17220160E+00  4.64719640E-02
 1.14677171E+00  5.25659385E-02
 1.11344683E+00  7.11605158E-02
 1.07606427E+00  8.14445921E-02
 1.04339152E+00  7.20038498E-02
 1.02898878E+00  4.36579252E-02
 1.03196121E+00  5.81969106E-03
 1.04229173E+00 -2.07743357E-02
 1.05366298E+00 -2.46851932E-02
 1.05910752E+00 -7.29943605E-03
 1.05619892E+00  2.81997025E-02
 1.05022549E+00  7.09432504E-02
 1.04250634E+00  1.11934941E-01
 1.03537485E+00  1.47093333E-01
 1.04337801E+00  1.63440098E-01
 1.07994451E+00  1.46229407E-01
 1.13865973E+00  8.64045803E-02
 1.18186035E+00 -1.78149737E-02
 1.11595385E+00 -1.45436686E-01
 8.71393408E-01 -2.58031882E-01
 6.01321408E-01 -3.25629162E-01
 5.45524554E-01 -3.30684409E-01
 6.61706875E-01 -2.77331050E-01
 7.75017889E-01 -1.93181293E-01
 8.67084617E-01 -9.60448768E-02
 9.28444188E-01  6.09424937E-03
 9.39294383E-01  1.03442073E-01
 9.68211390E-01  1.94230687E-01
 1.02156468E+00  2.66908420E-01
 1.04291656E+00  3.01469661E-01
 1.02239146E+00  2.97220210E-01
 9.55239953E-01  2.65133286E-01
 8.74768240E-01  2.22362366E-01
 8.52029984E-01  1.99927634E-01
 8.62509689E-01  2.30542613E-01
 8.34899931E-01  3.19479761E-01
 7.78077201E-01  3.97603466E-01
 7.19005829E-01  3.60718113E-01
 6.57335373E-01  1.91320795E-01
 6.13417112E-01 -4.85162650E-02
 6.03583507E-01 -2.50388999E-01
 6.17086963E-01 -2.89578107E-01
 6.38521710E-01 -2.17022775E-01
 6.46300155E-01 -1.97524154E-01
 6.24790010E-01 -2.19310034E-01
 5.75182617E-01 -2.03962029E-01
 5.07350223E-01 -1.67643259E-01
 4.41062358E-01 -1.07849141E-01
 3.92330188E-01 -3.90706784E-02
 3.66288150E-01 -2.96516519E-02
 3.63428862E-01 -6.57628600E-02
 3.76396380E-01 -8.70050780E-02
 4.00714223E-01 -9.09504973E-02
 4.35611361E-01 -7.56185872E-02
 4.69805685E-01 -1.27667185E-02
 4.89279102E-01  1.02419101E-01
 4.84242163E-01  2.49809797E-01
 4.51981780E-01  3.79809044E-01
 4.15633123E-01  3.74242254E-01
 4.16019289E-01  1.45362364E-01
 4.78346794E-01 -1.36853587E-01
 6.06577138E-01 -2.00668714E-01
 7.71439398E-01 -8.68777594E-02
 9.12624017E-01  2.06701789E-02
 9.90598056E-01  1.22251705E-01
 9.94294975E-01  2.20735066E-01
 9.36483832E-01  2.68923559E-01
 8.61160885E-01  3.08851291E-01
 7.94464049E-01  3.75156852E-01
 7.38313993E-01  4.36102500E-01
 6.96169725E-01  3.89316350E-01
 6.59009405E-01  1.30171009E-01
 6.29151724E-01 -1.91242047E-01
 6.25212194E-01 -3.13645152E-01
 6.45587392E-01 -2.81833088E-01
 6.80335828E-01 -2.58358538E-01
 7.19802047E-01 -2.13207514E-01
 7.47526854E-01 -1.23064446E-01
 7.63532838E-01 -5.47140620E-02
 7.82460629E-01 -9.70786998E-03
 8.10034809E-01  5.86070875E-02
 8.50865174E-01  1.66808696E-01
 9.11146762E-01  2.51906966E-01
 9.88113586E-01  2.30502719E-01
 1.07483113E+00  1.62724962E-01
 1.15181723E+00  1.61708682E-01
 1.16454988E+00  1.94097535E-01
 1.07014317E+00  1.92829871E-01
 9.38369739E-01  1.95423069E-01
 8.86850803E-01  2.33718486E-01
 9.13484170E-01  2.69557264E-01
 9.60034093E-01  2.69112699E-01
 1.02325094E+00  2.22693814E-01
 1.07846930E+00  1.27131908E-01
 1.06582399E+00  1.87910104E-02
 9.76803045E-01 -3.48004435E-02
 8.97293210E-01 -3.41515331E-03
 9.31878944E-01  9.37733047E-02
 1.03674070E+00  1.75803500E-01
 1.09094366E+00  1.40621000E-01
 1.08999409E+00  3.63331561E-02
 1.06751947E+00 -5.33574371E-03
 1.03568674E+00  3.40443162E-03
 1.04072600E+00  5.31357814E-03
 1.06607897E+00  2.40521043E-02
 1.04133887E+00  5.69000896E-02
 9.89112214E-01  6.41189839E-02
 9.62465397E-01  3.83690992E-02
 9.49053057E-01  2.46184720E-03
 9.44502271E-01 -9.13811045E-03
 9.88871160E-01  2.31124055E-02
 1.09086555E+00  8.98005996E-02
 1.15999411E+00  1.33476937E-01
 1.09823536E+00  8.75374522E-02
 9.82429729E-01  1.20796231E-02
 9.55367987E-01  2.09241057E-02
 9.80822675E-01  7.03162486E-02
 9.70155097E-01  6.73943989E-02
 9.59844982E-01  4.95932964E-02
 9.82298179E-01  6.45438461E-02
 1.00292033E+00  7.79882931E-02
 1.01183384E+00  6.78975334E-02
 1.02889226E+00  5.32890525E-02
 1.06443905E+00  4.43580573E-02
 1.11292698E+00  3.62141344E-02
 1.16211053E+00  2.71392811E-02
 1.20105508E+00  1.77743395E-02
 1.21587560E+00  5.01660385E-03
 1.19635796E+00 -1.22007722E-02
 1.14487964E+00 -3.06320677E-02
 1.07474939E+00 -4.68812541E-02
 1.00777861E+00 -5.66069018E-02
 9.62523805E-01 -5.57193571E-02
 9.47812560E-01 -4.22760036E-02
 9.60247867E-01 -1.50636348E-02
 9.84252330E-01  2.53891963E-02
 1.01025437E+00  7.62175909E-02
 1.03619111E+00  1.31716003E-01
 1.06016836E+00  1.80466805E-01
 1.08530579E+00  2.07661158E-01
 1.10847051E+00  2.01240453E-01
 1.11997846E+00  1.54952757E-01
 1.11935348E+00  7.41044650E-02
 1.10927375E+00 -2.32686883E-02
 1.09063541E+00 -1.14262286E-01
 1.06475749E+00 -1.68733804E-01
 1.02243942E+00 -1.44889233E-01
 9.47941337E-01 -2.49109417E-02
 8.37918909E-01  1.21114832E-01
 7.02731767E-01  1.75364202E-01
 5.70538676E-01  8.57653545E-02
 4.84609272E-01 -1.18745867E-01
 4.73374267E-01 -2.92883191E-01
 5.41329445E-01 -2.50238028E-01
 6.64783394E-01 -7.90293899E-02
 7.92717740E-01 -1.64512744E-02
 8.88051567E-01 -3.56815852E-02
 9.37606551E-01 -2.17383686E-02
 9.49179516E-01  1.19934890E-02
 9.56507732E-01  8.50882368E-02
 9.76363312E-01  1.95081151E-01
 1.00346786E+00  2.56355547E-01
 1.03307289E+00  2.66752424E-01
 1.04872206E+00  2.67129303E-01
 1.04368483E+00  2.29271379E-01
 1.02463395E+00  1.35163306E-01
 9.77831129E-01  1.83334323E-02
 8.85331241E-01 -8.86963619E-02
 7.44878763E-01 -1.67392418E-01
 5.71006686E-01 -2.02204205E-01
 4.25678460E-01 -1.94314484E-01
 3.98428342E-01 -1.64206535E-01
 5.29149688E-01 -1.25803688E-01
 7.85566177E-01 -8.58515917E-02
 1.02921347E+00 -5.07747982E-02
 1.08903584E+00 -1.95753330E-02
 1.02270194E+00  2.06201401E-03
 1.01261739E+00  4.75635690E-03
 1.03026587E+00 -1.40162116E-03
 9.89980694E-01  2.60584806E-03
 9.42976737E-01  3.06963971E-02
 9.23205526E-01  9.11268120E-02
 9.38573840E-01  1.67593464E-01
 1.02514595E+00  2.23447348E-01
 1.13240693E+00  2.36722924E-01
 1.16696662E+00  2.00081444E-01
 1.15670381E+00  1.20072688E-01
 1.16867375E+00  2.38872646E-02
 1.16422428E+00 -7.01404144E-02
 1.09489808E+00 -1.52852143E-01
 9.98444817E-01 -2.04530437E-01
 9.21197480E-01 -2.10498423E-01
 8.80139543E-01 -1.64419741E-01
 8.94051343E-01 -7.39903788E-02
 9.52964257E-01  5.65226347E-03
 1.01227418E+00  1.30052014E-02
 1.04946763E+00 -1.77955589E-02
 1.06241600E+00 -1.07831051E-02
 1.05919054E+00  1.81292791E-02
 1.06877503E+00  2.33827716E-02
 1.10171116E+00  1.61489127E-02
 1.14517465E+00  6.47876729E-03
 1.18847425E+00  1.84401579E-03
 1.21269545E+00  2.66938971E-02
 1.20754382E+00  5.67129933E-02
 1.18119499E+00  4.47916671E-02
 1.13963243E+00  1.38998182E-02
 1.09158321E+00  8.72031422E-03
 1.04504591E+00  1.60163567E-02
 9.98317349E-01  1.19970545E-02
 9.49539491E-01 -7.25857317E-04
 8.96475674E-01 -2.74077440E-02
 8.38968170E-01 -7.69347957E-02
 7.84085979E-01 -1.41319603E-01
 7.42310989E-01 -2.03128224E-01
 7.25817981E-01 -2.40657334E-01
 7.41409446E-01 -2.36736678E-01
 7.85866052E-01 -1.86425841E-01
 8.46431120E-01 -1.00686965E-01
 9.03214437E-01 -4.71032099E-03
 9.43643746E-01  8.19543594E-02
 9.69130882E-01  1.49138600E-01
 9.97826849E-01  1.92958614E-01
 1.05767603E+00  2.18735059E-01
 1.15183181E+00  2.21485987E-01
 1.24441465E+00  1.84179444E-01
 1.25078177E+00  9.12836526E-02
 1.09384398E+00 -5.15830519E-02
 8.68294153E-01 -1.57896676E-01
 7.60145115E-01 -1.25700040E-01
 7.93370038E-01 -2.22475043E-02
 8.99633919E-01  1.33866545E-02
 1.01312639E+00  5.95518369E-03
 1.03061403E+00  2.80113791E-02
 9.88281656E-01  4.50795230E-02
 1.03137512E+00  3.40047687E-02
 1.12491131E+00  2.47925997E-02
 1.16603796E+00  2.26941258E-02
 1.16497258E+00  1.56412775E-02
 1.12837625E+00  1.74568217E-03
 1.06488266E+00 -8.64764395E-03
 1.03323354E+00 -2.08798651E-03
 1.03032523E+00  1.79558155E-02
 1.01351323E+00  3.96415297E-02
 1.00418794E+00  5.74450322E-02
 1.03067110E+00  6.53949289E-02
 1.07536886E+00  6.25077446E-02
 1.12119558E+00  5.60598123E-02
 1.16172278E+00  4.69544984E-02
 1.18371179E+00  3.27344642E-02
 1.18429194E+00  1.62308389E-02
 1.17368426E+00 -1.08944745E-04
 1.15519458E+00 -1.29072264E-02
 1.12961600E+00 -1.71246792E-02
 1.10139432E+00 -1.47160765E-02
 1.07238140E+00 -1.21478724E-02
 1.04847085E+00 -1.27278555E-02
 1.03770816E+00 -1.81195827E-02
 1.03617337E+00 -2.65133688E-02
 1.03379676E+00 -3.16787205E-02
 1.02519252E+00 -3.10999910E-02
 1.00856461E+00 -2.57834867E-02
 9.92509330E-01 -1.69048071E-02
 9.94803625E-01 -7.93285161E-03
 1.02320813E+00 -6.19402163E-04
 1.07439851E+00  6.09205300E-03
 1.13606884E+00  1.18894824E-02
 1.18507834E+00  1.66037608E-02
 1.20623723E+00  2.00587037E-02
 1.19704582E+00  2.08903097E-02
 1.16264230E+00  1.92229739E-02
 1.11913059E+00  1.62488491E-02
 1.07870398E+00  1.27389724E-02
 1.04598972E+00  9.74381616E-03
 1.02700970E+00  7.69896341E-03
 1.02374377E+00  6.16087351E-03
 1.03923513E+00  5.24048654E-03
 1.07727982E+00  5.22883745E-03
 1.12721825E+00  6.10466235E-03
 1.17012259E+00  7.99338629E-03
 1.19066139E+00  1.06671413E-02
 1.17839180E+00  1.35905089E-02
 1.14056350E+00  1.67784398E-02
 1.10032387E+00  2.04461527E-02
 1.07246879E+00  2.44514068E-02
 1.06405066E+00  2.84268757E-02
 1.07658621E+00  3.14372991E-02
 1.09995095E+00  3.20387643E-02
 1.12962045E+00  2.92353368E-02
 1.16466393E+00  2.25325545E-02
 1.18980019E+00  1.18458756E-02
 1.18646694E+00 -2.07360590E-03
 1.14173754E+00 -1.78724023E-02
 1.05160549E+00 -3.33425817E-02
 9.42865479E-01 -4.45672018E-02
 8.64287882E-01 -4.71271545E-02
 8.47740224E-01 -3.85792092E-02
 9.02644477E-01 -1.99845927E-02
 1.00464089E+00  1.49611254E-03
 1.09606350E+00  1.44351990E-02
 1.14104248E+00  1.10991103E-02
 1.13237272E+00 -9.89638728E-03
 1.08212725E+00 -4.04459966E-02
 1.03074654E+00 -6.41020734E-02
 9.99290127E-01 -7.01044398E-02
 9.82675303E-01 -5.61077016E-02
 9.78966728E-01 -2.79237766E-02
 9.75728428E-01 -6.99390704E-04
 9.71061810E-01  1.67802398E-02
 9.81139221E-01  2.44169193E-02
 1.00667760E+00  2.45883782E-02
 1.04253750E+00  2.54608481E-02
 1.08378383E+00  3.01349912E-02
 1.11675511E+00  3.41221979E-02
 1.13725450E+00  3.48918987E-02
 1.14982664E+00  2.89338850E-02
 1.15274682E+00  1.57815664E-02
 1.14519667E+00  1.65695413E-03
 1.12872109E+00 -7.18829460E-03
 1.10313563E+00 -4.43812592E-03
 1.07402810E+00  1.35976635E-02
 1.05186781E+00  4.30146542E-02
 1.04542116E+00  7.21584631E-02
 1.06081370E+00  8.46579948E-02
 1.09483714E+00  6.99175284E-02
 1.12636267E+00  2.90020334E-02
 1.10949487E+00 -2.06553601E-02
 1.01648265E+00 -4.89964047E-02
 9.36798966E-01 -3.72891434E-02
 9.89105135E-01  1.50764350E-02
 1.08994505E+00  8.76008347E-02
 1.08536955E+00  1.39979287E-01
 1.03933722E+00  1.47335919E-01
 1.06923028E+00  1.08064509E-01
 1.12182442E+00  3.93955170E-02
 1.13436627E+00 -1.95327316E-02
 1.14115460E+00 -4.51515758E-02
 1.15927330E+00 -3.75827226E-02
 1.16644630E+00 -6.35970246E-03
 1.15768671E+00  2.25340251E-02
 1.14022574E+00  3.49722748E-02
 1.11597799E+00  3.60449854E-02
 1.08684039E+00  2.85546314E-02
 1.05786511E+00  2.17371626E-02
 1.03470502E+00  2.08872493E-02
 1.02146683E+00  2.17561532E-02
 1.01912518E+00  3.24614017E-02
 1.02601760E+00  6.42718793E-02
 1.04035341E+00  1.18174701E-01
 1.05977556E+00  1.84569624E-01
 1.08076391E+00  2.24000265E-01
 1.09932477E+00  2.00960156E-01
 1.10891758E+00  1.76697430E-01
 1.10117391E+00  2.35965515E-01
 1.06931968E+00  3.04473842E-01
 1.00883747E+00  2.57982451E-01
 9.19667949E-01  1.43523991E-01
 8.09814557E-01  5.50245632E-02
 6.97749087E-01 -2.91569105E-02
 6.07086265E-01 -1.27597130E-01
 5.52297460E-01 -1.88374743E-01
 5.29525056E-01 -1.82204106E-01
 5.04352772E-01 -1.31119192E-01
 4.53620583E-01 -6.51566646E-02
 4.75252553E-01 -2.67085161E-03
 6.74561064E-01  3.34574303E-02
 8.78956929E-01  1.11519346E-02
 8.49678683E-01 -7.41685351E-02
 7.50091300E-01 -1.58620304E-01
 8.50723807E-01 -1.66635475E-01
 9.94802481E-01 -1.38649591E-01
 9.46023048E-01 -1.57892548E-01
 8.45989469E-01 -1.70144648E-01
 8.74781370E-01 -9.09462244E-02
 9.44063240E-01  2.61917316E-02
 9.58987779E-01  1.01496410E-01
 9.70623170E-01  1.30753931E-01
 1.00974277E+00  1.14466917E-01
 1.04379731E+00  5.54664087E-02
 1.06241232E+00 -4.61215988E-03
 1.06843721E+00 -3.56862585E-02
 1.05257979E+00 -3.35168779E-02
 1.02065231E+00 -5.56506461E-03
 9.92644043E-01  2.17317089E-02
 9.80319735E-01  3.70415922E-02
 9.88272810E-01  4.78488084E-02
 1.00801112E+00  5.35923552E-02
 1.01764171E+00  5.78353098E-02
 1.00768342E+00  5.96589067E-02
 9.82658348E-01  4.77608292E-02
 9.55647661E-01  2.62139946E-02
 9.51211576E-01  7.15339005E-03
 9.81818028E-01 -3.42697212E-03
 1.04104824E+00 -8.25919235E-04
 1.11124620E+00  6.37958678E-03
 1.16170635E+00 -2.08516204E-03
 1.17157807E+00 -3.36563883E-02
 1.13906039E+00 -8.22545276E-02
 1.07560098E+00 -1.27512930E-01
 1.00812724E+00 -1.36178170E-01
 9.55659605E-01 -9.46855134E-02
 9.22725390E-01 -1.94816344E-02
 9.09509119E-01  4.11356489E-02
 9.05670379E-01  3.94067803E-02
 9.05002042E-01  3.61675988E-02
 9.06996801E-01  1.24091203E-01
 8.97102375E-01  2.06419833E-01
 8.57194110E-01  1.29095392E-01
 7.75490669E-01 -5.11406825E-02
 6.49588280E-01 -2.02419850E-01
 5.10255934E-01 -2.83031806E-01
 4.12224346E-01 -2.60516003E-01
 3.93171383E-01 -1.72809291E-01
 4.67807408E-01 -1.39022142E-01
 6.14584623E-01 -1.38009899E-01
 7.74415307E-01 -7.72211689E-02
 9.05719297E-01  4.68210490E-04
 9.88085182E-01  3.23536466E-02
 1.00829542E+00  2.76402886E-02
 9.78818679E-01 -1.14123100E-02
 9.11053666E-01 -6.14328644E-02
 8.22043047E-01 -6.74606948E-02
 7.83691425E-01 -4.09658959E-02
 8.56350115E-01 -2.78109672E-02
 9.66467274E-01 -1.09415474E-02
 9.96477604E-01  3.65562352E-02
 9.84578403E-01  9.35305080E-02
 1.02796465E+00  1.37399926E-01
 1.10553982E+00  1.58341656E-01
 1.17454857E+00  1.41963816E-01
 1.22345756E+00  9.34473776E-02
 1.21702055E+00  3.84361031E-02
 1.17547515E+00 -7.99183409E-03
 1.16460854E+00 -3.75964170E-02
 1.16478666E+00 -4.59461684E-02
 1.12805099E+00 -4.01488148E-02
 1.08120770E+00 -2.01550784E-02
 1.05820451E+00  1.90534782E-02
 1.05172667E+00  6.84053535E-02
 1.05980108E+00  1.14264038E-01
 1.08960380E+00  1.43485727E-01
 1.13385554E+00  1.42794055E-01
 1.17884640E+00  1.15781770E-01
 1.21147831E+00  7.97782159E-02
 1.21904333E+00  4.53629339E-02
 1.19666603E+00  1.94314303E-02
 1.15717373E+00  5.17379387E-03
 1.12535924E+00 -2.94428237E-03
 1.11785179E+00 -3.99438418E-03
 1.13890139E+00  6.82950285E-03
 1.17509348E+00  2.35148769E-02
 1.19616530E+00  3.70094114E-02
 1.18582315E+00  3.92568259E-02
 1.14541128E+00  2.31161259E-02
 1.08675508E+00 -3.79017578E-03
 1.03692284E+00 -2.29003319E-02
 1.01171965E+00 -2.40904980E-02
 1.01012216E+00 -4.99298360E-03
 1.02923643E+00  2.68591656E-02
 1.05733183E+00  5.21660905E-02
 1.08723785E+00  6.09777746E-02
 1.12147244E+00  5.44126024E-02
 1.15544538E+00  3.71033885E-02
 1.18352308E+00  2.16105592E-02
 1.20028805E+00  1.44889989E-02
 1.19782614E+00  1.24637744E-02
 1.17995954E+00  1.26476180E-02
 1.15902578E+00  8.95257219E-03
 1.14288085E+00 -1.64597810E-03
 1.13636134E+00 -1.50722096E-02
 1.13546398E+00 -2.83839950E-02
 1.12697365E+00 -3.79195213E-02
 1.10592139E+00 -4.08090363E-02
 1.07566492E+00 -3.81531614E-02
 1.04413185E+00 -3.02352484E-02
 1.02640108E+00 -1.74580314E-02
 1.03017955E+00 -1.45509007E-03
 1.05245004E+00  1.62911809E-02
 1.08609227E+00  3.16314412E-02
 1.11737106E+00  3.87870036E-02
 1.13608507E+00  3.42624841E-02
 1.14024135E+00  1.77376387E-02
 1.13082791E+00 -4.84537766E-03
 1.11409601E+00 -2.25388842E-02
 1.09476856E+00 -2.78345851E-02
 1.07388551E+00 -1.87001510E-02
 1.05578852E+00 -9.03070543E-04
 1.04475175E+00  1.24379964E-02
 1.04486729E+00  1.36155429E-02
 1.05953584E+00  2.40939015E-03
 1.08179608E+00 -1.54505747E-02
 1.09772328E+00 -2.72106196E-02
 1.09723663E+00 -2.67043747E-02
 1.07484420E+00 -1.71375531E-02
 1.03555786E+00 -5.92214032E-03
 9.94941267E-01 -6.25840447E-03
 9.62960718E-01 -2.51265389E-02
 9.44174977E-01 -5.88118972E-02
 9.41801442E-01 -9.79273222E-02
 9.52827504E-01 -1.26530025E-01
 9.76647174E-01 -1.33825538E-01
 1.01395991E+00 -1.19408557E-01
 1.05403717E+00 -8.98203773E-02
 1.08153341E+00 -5.91471117E-02
 1.08505280E+00 -3.59384607E-02
 1.05897675E+00 -1.88045950E-02
 1.01645446E+00 -8.36834956E-04
 9.85435405E-01  3.09281661E-02
 9.84080344E-01  8.08293950E-02
 1.01856614E+00  1.39549430E-01
 1.07965941E+00  1.89131933E-01
 1.14018773E+00  2.04322366E-01
 1.18251564E+00  1.72426411E-01
 1.19999459E+00  1.02737850E-01
 1.18559337E+00  2.66075076E-02
 1.14201826E+00 -8.69407088E-03
 1.07231022E+00  2.16062713E-02
 9.82113094E-01  1.02923299E-01
 9.04447755E-01  1.72512586E-01
 8.80362326E-01  1.59586205E-01
 9.21073022E-01  1.21563594E-01
 9.92123023E-01  1.57642482E-01
 9.75291101E-01  1.56707472E-01
 7.62700567E-01 -2.85584776E-02
 5.13450799E-01 -2.45310000E-01
 4.93584890E-01 -2.73376374E-01
 6.37544415E-01 -1.89697959E-01
 7.40278107E-01 -1.48870739E-01
 8.03072362E-01 -1.22484310E-01
 8.48262914E-01 -7.48599153E-02
 8.76358119E-01 -3.04741486E-02
 9.60193317E-01  2.73708588E-02
 1.03281070E+00  6.99667849E-02
 9.48457239E-01  2.66443576E-02
 7.84372758E-01 -6.47854845E-02
 6.92757215E-01 -1.19506635E-01
 6.70245232E-01 -1.24270843E-01
 6.85598590E-01 -8.44688047E-02
 7.32986500E-01 -1.09724057E-02
 7.51452825E-01  4.56056380E-02
 7.00395794E-01  5.40386118E-02
 6.08869776E-01  2.09735865E-02
 5.57472880E-01 -2.69217501E-02
 6.41086244E-01 -3.87767709E-02
 8.17426455E-01  7.99798571E-03
 9.58575796E-01  9.28453490E-02
 1.06307342E+00  1.72969398E-01
 1.14964185E+00  1.82281054E-01
 1.10909919E+00  8.91222810E-02
 8.77993913E-01 -7.62229087E-02
 6.15212179E-01 -2.28621836E-01
 5.13167777E-01 -2.75974224E-01
 4.82053830E-01 -2.90081709E-01
 3.49451071E-01 -4.08250574E-01
 2.49574145E-01 -5.15801574E-01
 3.65152021E-01 -4.27471046E-01
 5.67342785E-01 -2.32187185E-01
 6.83456277E-01 -8.30581289E-02
 7.65107772E-01  4.43299149E-02
 8.74711283E-01  1.70229501E-01
 9.27105981E-01  2.10274800E-01
 8.57527692E-01  1.30240874E-01
 7.23405041E-01  2.30856068E-02
 6.00121615E-01 -1.00203313E-02
 5.22117233E-01 -1.38020425E-02
 5.12942039E-01 -7.77648027E-02
 5.47088722E-01 -1.38600837E-01
 5.45335823E-01 -1.12514244E-01
 4.74687383E-01 -7.98536454E-02
 3.53242876E-01 -1.32690628E-01
 2.30945205E-01 -2.09330668E-01
 1.98966143E-01 -2.21623773E-01
 2.97431756E-01 -1.89707333E-01
 4.90458055E-01 -1.51473602E-01
 6.95555397E-01 -1.01008726E-01
 8.06767173E-01 -5.13311469E-02
 8.45721276E-01 -2.22172584E-02
 9.09894540E-01 -7.37460407E-03
 9.36092633E-01  2.91820045E-04
 8.32653542E-01  7.68725749E-03
 6.95764473E-01  2.35034764E-02
 6.55127910E-01  4.93853614E-02
 7.25227905E-01  8.66242905E-02
 8.73856031E-01  1.33294986E-01
 9.98705291E-01  1.79677076E-01
 9.56038810E-01  2.05758231E-01
 8.13719675E-01  1.68152643E-01
 7.62798652E-01  4.45082738E-02
 7.95111429E-01 -6.61193793E-02
 8.30025546E-01 -3.62656162E-02
 8.64824057E-01  5.66031927E-02
 8.59978901E-01  6.12774797E-02
 8.12583531E-01  4.21539593E-02
 7.92808747E-01  1.06855051E-01
 7.95562634E-01  1.67071218E-01
 7.86278962E-01  1.34753672E-01
 7.89635271E-01  1.06066540E-01
 8.19414016E-01  1.66975698E-01
 8.51956975E-01  1.78860580E-01
 8.67984439E-01 -5.89543893E-03
 8.60854367E-01 -2.02185109E-01
 8.27264970E-01 -1.59346354E-01
 7.71956110E-01 -3.65276710E-02
 7.10927884E-01 -9.73846746E-02
 6.57667506E-01 -2.31926548E-01
 6.21481846E-01 -2.51937489E-01
 6.13791222E-01 -1.90129061E-01
 6.42300014E-01 -8.27600779E-02
 7.12781684E-01  5.70460091E-02
 8.25572979E-01  1.40830554E-01
 9.59318906E-01  1.65340874E-01
 1.07908164E+00  1.91568613E-01
 1.15713434E+00  1.57956167E-01
 1.17804201E+00  7.09116833E-03
 1.15423453E+00 -1.22769884E-01
 1.12272807E+00 -8.16901600E-02
 1.10473029E+00  1.43993892E-02
 1.10248997E+00 -1.68378972E-02
 1.10168683E+00 -7.04362469E-02
 1.06851936E+00  1.36888146E-02
 9.94569640E-01  1.05049651E-01
 9.04433604E-01  5.19160663E-02
 8.39551814E-01 -9.63470554E-03
 8.55473421E-01  8.10753019E-02
 9.66754859E-01  2.16711513E-01
 1.11947720E+00  2.38102069E-01
 1.18894863E+00  1.69695768E-01
 1.06171315E+00  7.73584059E-02
 8.74837105E-01  9.13632422E-03
 8.71936610E-01  4.03478143E-02
 9.64164337E-01  9.41251872E-02
 9.38785792E-01  3.02876501E-03
 8.54555924E-01 -1.70165118E-01
 8.13952849E-01 -2.61572891E-01
 8.06329439E-01 -2.52371824E-01
 8.60650532E-01 -1.56161136E-01
 9.66571939E-01 -2.51137225E-02
 1.03553155E+00  1.58573286E-02
 1.05814841E+00 -2.37556529E-03
